0 0.206493 0.453565 0.135236 0.203636 0.843891
0 0.411161 0.512843 0.177878 0.248827 0.836287
0 0.0934398 0.513472 0.18688 0.353445 0.733174
0 0.556606 0.450186 0.126251 0.175578 0.621506
0 0.307821 0.43672 0.0522495 0.0670639 0.386043
0 0.315547 0.437323 0.0371943 0.0557765 0.382332
0 0.290264 0.434426 0.0283768 0.0449354 0.321648
0 0.344981 0.424132 0.0264366 0.046657 0.311855
0 0.270999 0.433023 0.0289757 0.0534236 0.291906
0 0.280943 0.43835 0.0438763 0.0660882 0.278859
0 0.0519261 0.428172 0.103852 0.165997 0.258347
