0 0.513165 0.618782 0.0809754 0.102107 0.767025
0 0.60645 0.603314 0.0697841 0.104713 0.537293
0 0.335529 0.576218 0.0314575 0.0387634 0.523574
0 0.308087 0.574303 0.0294526 0.0381058 0.45926
0 0.471097 0.593723 0.0341573 0.0706019 0.44655
0 0.298978 0.573689 0.0379561 0.0399729 0.391898
0 0.34461 0.576267 0.0397935 0.0415171 0.385192
0 0.416554 0.571389 0.0287668 0.0365831 0.379808
0 0.156175 0.58906 0.0744465 0.0684241 0.372967
0 0.445632 0.57163 0.0238482 0.0290583 0.371564
0 0.371522 0.569647 0.02659 0.0381397 0.36247
0 0.555833 0.604106 0.0270316 0.0599411 0.34576
0 0.175203 0.588074 0.0474868 0.055119 0.338562
0 0.386875 0.568978 0.0298214 0.0357127 0.32955
0 0.213972 0.576376 0.0332331 0.0411082 0.316626
0 0.225352 0.575821 0.0513481 0.0477358 0.303328
0 0.467438 0.584115 0.0285772 0.0558594 0.298503
0 0.449654 0.565779 0.0268835 0.0325538 0.297432
0 0.399931 0.570466 0.0359688 0.0375058 0.297188
0 0.436673 0.566077 0.03186 0.0372762 0.295193
0 0.267393 0.575853 0.0419475 0.043063 0.287647
0 0.478235 0.595597 0.048632 0.086397 0.274739
0 0.570719 0.601718 0.0260408 0.0565438 0.271853
0 0.608957 0.618175 0.0569952 0.0740897 0.254623
