0 0.393144 0.294162 0.250071 0.383691 0.845737
0 0.271853 0.141008 0.0951122 0.107896 0.558944
0 0.207189 0.0834315 0.0335132 0.0534442 0.335391
0 0.642181 0.0609181 0.0379935 0.037638 0.330298
0 0.176975 0.0885117 0.0428431 0.0653051 0.319008
0 0.21782 0.0944128 0.0529379 0.0614051 0.309437
0 0.377809 0.0922429 0.0578526 0.0372591 0.295748
0 0.295407 0.0843941 0.0313755 0.0388568 0.29384
0 0.109522 0.121088 0.067313 0.0634032 0.276859
0 0.468452 0.103322 0.0286503 0.0443706 0.274851
0 0.209508 0.103389 0.0389556 0.049387 0.274681
0 0.167054 0.0932071 0.0509089 0.0665683 0.273039
0 0.20299 0.0929653 0.0494207 0.0653121 0.271715
0 0.0415242 0.11111 0.0830484 0.0969582 0.266766
0 0.233651 0.0822599 0.0331619 0.0527562 0.260066
0 0.326257 0.0942022 0.0352647 0.0416279 0.255396
