0 0.434871 0.459472 0.323761 0.349133 0.787707
0 0.897134 0.456869 0.166652 0.232256 0.621166
0 0.6648 0.429333 0.0754015 0.091177 0.48858
0 0.0305783 0.395027 0.0611565 0.0603063 0.371313
0 0.787323 0.434882 0.0760563 0.125054 0.360256
0 0.0842225 0.390213 0.0498679 0.0473389 0.360233
0 0.719 0.431272 0.0443199 0.0539563 0.32363
0 0.115784 0.384612 0.0319319 0.0482093 0.318239
0 0.736403 0.427585 0.032707 0.0494904 0.316538
0 0.101862 0.387423 0.0540817 0.0520754 0.313517
0 0.0684418 0.390976 0.0364758 0.0427612 0.303597
0 0.0139921 0.404468 0.0277084 0.052468 0.300836
0 0.711141 0.432189 0.030348 0.0471802 0.2933
0 0.990254 0.426156 0.0190727 0.0992774 0.278772
0 0.616177 0.430295 0.0311641 0.0745709 0.274872
0 0.98099 0.423952 0.0380194 0.110988 0.274097
0 0.724422 0.421818 0.0560697 0.0765355 0.260813
0 0.107905 0.441514 0.0519781 0.0672119 0.251366
