0 0.787876 0.533827 0.303588 0.348466 0.841927
0 0.915439 0.616868 0.169121 0.492592 0.743657
0 0.183916 0.542306 0.191485 0.238111 0.505023
0 0.074208 0.61651 0.148356 0.340697 0.502021
0 0.605547 0.49801 0.091797 0.116339 0.458542
0 0.520842 0.48459 0.0427752 0.0614744 0.416113
0 0.550277 0.493211 0.0372259 0.0650989 0.368332
0 0.497708 0.468401 0.022336 0.0411296 0.352261
0 0.455477 0.465436 0.0384149 0.0415002 0.349873
0 0.297481 0.479621 0.120337 0.174436 0.31218
0 0.559196 0.494913 0.0385847 0.069445 0.30892
0 0.317918 0.497853 0.0718446 0.11071 0.277311
0 0.519344 0.46861 0.050982 0.0863525 0.272258
0 0.44268 0.465732 0.0463158 0.0419067 0.257979
0 0.338913 0.491556 0.0454525 0.0877006 0.257407
0 0.502678 0.463253 0.0318159 0.0563848 0.2541
0 0.568013 0.496221 0.0427842 0.0767822 0.253096
0 0.278066 0.495751 0.0938238 0.176357 0.251572
