0 0.34884 0.553754 0.354802 0.296647 0.876802
0 0.729779 0.450275 0.0439533 0.0644892 0.553173
0 0.797612 0.451655 0.0272105 0.0364336 0.494824
0 0.778567 0.446001 0.0316426 0.0493225 0.464295
0 0.770298 0.445143 0.0383501 0.053725 0.460095
0 0.844333 0.453521 0.0374889 0.0489931 0.431283
0 0.677693 0.452946 0.0673949 0.0729987 0.416556
0 0.877335 0.453346 0.022324 0.0340759 0.399611
0 0.694457 0.453192 0.0392278 0.0557181 0.369938
0 0.6606 0.464916 0.0340154 0.0455443 0.315705
0 0.716541 0.451521 0.0637601 0.0709252 0.310312
0 0.787872 0.442982 0.0402749 0.0567195 0.268309
0 0.648076 0.458061 0.0595255 0.0651679 0.256806
0 0.853371 0.452801 0.0558809 0.056566 0.255807
