0 0.315783 0.591438 0.16444 0.230393 0.872856
0 0.495948 0.568778 0.0699562 0.0921829 0.68109
0 0.150629 0.539291 0.0501064 0.0471285 0.40474
0 0.457146 0.517143 0.0343266 0.0500541 0.327836
0 0.390716 0.537161 0.0636084 0.0889771 0.325114
0 0.490021 0.52303 0.0272147 0.0409324 0.309983
0 0.452758 0.525293 0.0280699 0.0420003 0.305678
0 0.0619593 0.548398 0.0184738 0.0338243 0.301239
0 0.445268 0.518474 0.0443084 0.0527717 0.296381
0 0.524522 0.530007 0.0271113 0.0441033 0.287939
0 0.11686 0.543456 0.0267749 0.0378465 0.260377
0 0.398058 0.544937 0.0454931 0.0703393 0.255717
