0 0.491371 0.478012 0.0680799 0.094388 0.849732
0 0.400455 0.431758 0.0369658 0.0453059 0.46677
0 0.351615 0.442283 0.0336882 0.0445772 0.463203
0 0.466818 0.42965 0.0306334 0.0414313 0.460493
0 0.661263 0.461971 0.0794063 0.0954907 0.459299
0 0.247456 0.44619 0.0584728 0.0537727 0.447702
0 0.430571 0.421405 0.0254868 0.0337336 0.416617
0 0.176685 0.446878 0.025271 0.0385771 0.407734
0 0.302551 0.433741 0.0402646 0.0435271 0.370143
0 0.294692 0.433993 0.0286281 0.0387392 0.357375
0 0.207377 0.445773 0.0365315 0.0456984 0.335217
0 0.189944 0.444506 0.0527632 0.0494587 0.319649
0 0.359938 0.440273 0.052072 0.0559094 0.317055
0 0.198755 0.439521 0.0664207 0.0659592 0.315498
0 0.220061 0.44837 0.04053 0.0468397 0.310289
0 0.525537 0.446146 0.0287117 0.0394801 0.299272
0 0.373651 0.436774 0.040344 0.0508581 0.293774
0 0.260917 0.444959 0.0327889 0.0446557 0.293733
0 0.668471 0.455902 0.0621965 0.068674 0.293464
0 0.596389 0.461638 0.0509039 0.0585297 0.292036
0 0.315593 0.433713 0.024274 0.035073 0.273177
0 0.338353 0.44091 0.0595056 0.0556742 0.261969
0 0.32858 0.437558 0.042235 0.0500451 0.252209
