0 0.706666 0.594658 0.222468 0.241754 0.841278
0 0.0693844 0.671423 0.138769 0.415075 0.790376
0 0.177866 0.586571 0.230191 0.28789 0.655456
0 0.516814 0.525047 0.0373045 0.0531135 0.522914
0 0.323288 0.543369 0.103513 0.134496 0.50714
0 0.415145 0.508593 0.0326516 0.0699716 0.441956
0 0.497253 0.516294 0.0261741 0.0441533 0.412649
0 0.375735 0.526539 0.0476759 0.0856313 0.399759
0 0.402286 0.507925 0.0416828 0.0848412 0.395054
0 0.590884 0.545508 0.0873172 0.126569 0.394743
0 0.435962 0.503367 0.0340143 0.0559494 0.377093
0 0.577923 0.550639 0.0607572 0.108431 0.368709
0 0.428092 0.504978 0.0323909 0.0608336 0.367427
0 0.385218 0.515556 0.0451659 0.0930862 0.319761
0 0.347149 0.512226 0.0919601 0.135097 0.287782
0 0.3651 0.53497 0.0409453 0.0918172 0.265081
0 0.554169 0.526257 0.0351274 0.0656957 0.256377
0 0.511051 0.514992 0.0535631 0.0717324 0.252567
