0 0.581127 0.501247 0.0186326 0.0331119 0.640061
0 0.714526 0.548105 0.0841244 0.113488 0.614993
0 0.787506 0.570454 0.13353 0.148928 0.471782
0 0.657514 0.521711 0.04894 0.0855669 0.423617
0 0.601217 0.506026 0.0297969 0.0483142 0.411894
0 0.921011 0.606216 0.157524 0.318562 0.406691
0 0.675392 0.530152 0.0471427 0.0898081 0.404935
0 0.644172 0.518083 0.0334272 0.0745444 0.383888
0 0.0494757 0.525166 0.0987687 0.0953401 0.34187
0 0.612099 0.508714 0.0362529 0.0520254 0.326525
0 0.624576 0.512696 0.0331009 0.0555734 0.299637
0 0.490144 0.498413 0.023251 0.0354297 0.278486
0 0.755011 0.564626 0.0732803 0.135175 0.272218
0 0.816645 0.579262 0.106424 0.147902 0.269388
