0 0.243457 0.652337 0.202341 0.251557 0.83207
0 0.0760093 0.636447 0.151097 0.165413 0.618607
0 0.488095 0.599631 0.0556028 0.0869671 0.545968
0 0.652787 0.602202 0.0505885 0.0558521 0.480227
0 0.0932892 0.510071 0.178887 0.203579 0.426781
0 0.411642 0.60661 0.0542709 0.0712204 0.417767
0 0.448194 0.597294 0.0240661 0.0520913 0.338599
0 0.566788 0.603413 0.0295127 0.0439129 0.337771
0 0.521865 0.588852 0.0254623 0.0403883 0.334093
0 0.546486 0.60983 0.0534512 0.0633072 0.303778
0 0.37991 0.606449 0.065283 0.0850364 0.303274
0 0.486254 0.614384 0.0427696 0.0544033 0.291198
0 0.427215 0.602285 0.0308217 0.0588343 0.281177
0 0.631365 0.598297 0.0309949 0.0440489 0.277099
0 0.557075 0.605259 0.0466326 0.0569694 0.276771
0 0.55539 0.59374 0.036935 0.0503708 0.268236
0 0.692794 0.60137 0.040694 0.0525916 0.265972
0 0.640509 0.596644 0.0430657 0.0505519 0.257127
0 0.57107 0.608205 0.0237608 0.0365011 0.25511
0 0.562584 0.597184 0.0325436 0.049496 0.250242
