0 0.967771 0.471761 0.0641787 0.370866 0.60041
0 0.488394 0.444459 0.0470355 0.0647242 0.448767
0 0.434161 0.430161 0.0337455 0.0433428 0.442537
0 0.517207 0.448831 0.02492 0.0460192 0.411008
0 0.472497 0.441522 0.025999 0.0502711 0.404316
0 0.367119 0.436209 0.0310046 0.0374963 0.392177
0 0.539405 0.453695 0.0322023 0.0418621 0.387593
0 0.575823 0.445288 0.0501338 0.0604156 0.370062
0 0.752011 0.425103 0.0587784 0.043437 0.353052
0 0.391334 0.436812 0.0342119 0.0396311 0.340805
0 0.406643 0.436752 0.0318307 0.0379327 0.335388
0 0.0243261 0.446094 0.0486522 0.1578 0.31683
0 0.454146 0.432932 0.0211674 0.0385949 0.281346
0 0.520377 0.437527 0.033253 0.0667236 0.264852
