0 0.487728 0.565723 0.0856759 0.136094 0.759276
0 0.656269 0.589185 0.105563 0.130456 0.59525
0 0.570282 0.53658 0.0325382 0.0625495 0.550638
0 0.553467 0.528153 0.0231201 0.0443549 0.540423
0 0.23462 0.566323 0.135275 0.154256 0.526727
0 0.591232 0.559032 0.0371365 0.0784504 0.441333
0 0.365691 0.543188 0.0497139 0.0802487 0.395846
0 0.417261 0.538212 0.0406274 0.0481764 0.392295
0 0.604375 0.573633 0.0357226 0.0873867 0.373941
0 0.430733 0.533287 0.0252023 0.0388065 0.369425
0 0.443566 0.528765 0.0215941 0.0424104 0.368881
0 0.543478 0.52022 0.0198679 0.0448364 0.365404
0 0.409864 0.538982 0.0305918 0.043399 0.35979
0 0.319594 0.556894 0.0543718 0.106547 0.346674
0 0.375991 0.542618 0.0396463 0.0729953 0.339465
0 0.600421 0.556275 0.0515874 0.10509 0.32739
0 0.34466 0.550439 0.0349402 0.0830246 0.315488
0 0.304931 0.554233 0.0745882 0.122432 0.300101
0 0.332912 0.551935 0.045587 0.0937632 0.290427
0 0.58009 0.539453 0.0446512 0.0755649 0.288954
0 0.528224 0.514534 0.0218349 0.0451277 0.288766
0 0.436618 0.528962 0.0325233 0.0466929 0.285714
0 0.577878 0.551775 0.0276628 0.0611944 0.284282
0 0.633682 0.578415 0.0802569 0.106834 0.263264
0 0.615189 0.570404 0.0554166 0.107545 0.250012
