0 0.331376 0.69524 0.0396906 0.0407106 0.701308
0 0.243998 0.696024 0.0335134 0.0428752 0.509752
0 0.271114 0.690851 0.0288364 0.0396386 0.429522
0 0.177259 0.665143 0.0354534 0.0431919 0.323805
0 0.435429 0.694318 0.0225713 0.0289305 0.319331
0 0.537903 0.695904 0.0202103 0.0274992 0.318247
0 0.520471 0.699548 0.0226765 0.0383184 0.31255
0 0.477742 0.692166 0.0291951 0.0440325 0.294508
0 0.36751 0.696791 0.0270871 0.0293408 0.294366
0 0.531496 0.696215 0.0313746 0.0330278 0.293147
0 0.253923 0.68953 0.0569825 0.0539391 0.29234
0 0.457103 0.693659 0.0199799 0.0342158 0.272491
0 0.400267 0.695963 0.0385705 0.0304438 0.264476
