0 0.544934 0.571199 0.12688 0.190106 0.881176
0 0.835448 0.611783 0.265525 0.239927 0.837085
0 0.453649 0.544778 0.0323018 0.0399031 0.522416
0 0.404036 0.54366 0.0416104 0.0456599 0.456397
0 0.360049 0.540838 0.0434841 0.0410607 0.440779
0 0.370558 0.541251 0.0322217 0.0370102 0.434235
0 0.422437 0.542416 0.0252436 0.0358585 0.414698
0 0.957969 0.568305 0.0837067 0.162001 0.401563
0 0.673003 0.550758 0.0290756 0.0383043 0.395004
0 0.475356 0.542091 0.0223725 0.0341927 0.371287
0 0.695739 0.556926 0.0348607 0.04719 0.367888
0 0.620723 0.535146 0.0316585 0.0420415 0.36205
0 0.657429 0.546079 0.0305044 0.0373549 0.356605
0 0.629019 0.538091 0.0342035 0.0396667 0.341893
0 0.325413 0.541773 0.0354274 0.0374992 0.338482
0 0.617925 0.525771 0.0305067 0.0548616 0.331824
0 0.291664 0.534821 0.0547686 0.0557093 0.324883
0 0.639184 0.539896 0.0283848 0.0381549 0.324089
0 0.181356 0.551516 0.0627312 0.0724372 0.308913
0 0.343325 0.538452 0.0607814 0.0495721 0.303877
0 0.720737 0.557025 0.0410735 0.0501645 0.295584
0 0.481269 0.53689 0.0215922 0.0393065 0.259474
0 0.253063 0.536345 0.0338068 0.0450972 0.256155
0 0.18125 0.565563 0.0577478 0.0563629 0.251425
