0 0.478964 0.522544 0.0343442 0.055864 0.505198
0 0.505776 0.517637 0.026828 0.0381444 0.503675
0 0.569036 0.525311 0.0316269 0.0628608 0.49883
0 0.619793 0.53147 0.0832467 0.108534 0.492601
0 0.445476 0.53304 0.052616 0.0688044 0.492507
0 0.106708 0.561736 0.213415 0.289397 0.476141
0 0.551455 0.517995 0.0264542 0.0516651 0.417743
0 0.48982 0.521438 0.0257287 0.0439923 0.411704
0 0.823975 0.603577 0.181111 0.248313 0.332519
0 0.532677 0.506424 0.0214295 0.0341946 0.331667
0 0.469179 0.520247 0.0405298 0.0597285 0.30014
0 0.173444 0.591886 0.346888 0.332282 0.294643
0 0.619446 0.541214 0.0687143 0.0783798 0.28769
0 0.42805 0.526625 0.0493345 0.0654733 0.271492
0 0.865078 0.605457 0.266329 0.294771 0.265795
0 0.415072 0.525279 0.0438992 0.0671746 0.261636
0 0.58052 0.521057 0.0430367 0.0860877 0.261146
