0 0.889311 0.692015 0.22126 0.22062 0.882306
0 0.594102 0.695766 0.0844223 0.0494052 0.424801
0 0.200148 0.64651 0.061606 0.0548967 0.352302
0 0.216246 0.650453 0.0309968 0.0376773 0.341858
0 0.616099 0.695494 0.0403963 0.0407194 0.331744
0 0.335731 0.653752 0.0384438 0.0506512 0.305368
0 0.572918 0.697375 0.0433952 0.0396844 0.303179
0 0.40177 0.681776 0.0870185 0.0991893 0.282387
0 0.350056 0.655995 0.0560595 0.061174 0.267827
0 0.186337 0.646516 0.0437366 0.0463291 0.260191
0 0.270331 0.646038 0.0399751 0.0419659 0.258423
0 0.408735 0.668686 0.0695889 0.0712506 0.252707
