0 0.383998 0.781881 0.0632661 0.0776187 0.49337
0 0.272665 0.739813 0.0550849 0.0575675 0.419488
0 0.495493 0.774319 0.0552274 0.0836458 0.36739
0 0.439063 0.781012 0.0566629 0.079945 0.328772
0 0.171414 0.707035 0.0551466 0.0376168 0.313667
0 0.473851 0.789746 0.0386656 0.0505461 0.302041
0 0.28911 0.739061 0.0679608 0.0575309 0.296011
0 0.448853 0.771175 0.0524918 0.0743751 0.282417
0 0.0154796 0.698221 0.0309033 0.0478721 0.267509
0 0.389468 0.760991 0.0782846 0.12493 0.260614
0 0.463018 0.779481 0.0326616 0.0621489 0.253059
