0 0.218383 0.507489 0.166635 0.178286 0.833973
0 0.787422 0.489044 0.296732 0.359128 0.828706
0 0.451927 0.464618 0.0773824 0.124754 0.666867
0 0.603909 0.46897 0.0868471 0.133992 0.579724
0 0.344016 0.456913 0.0406796 0.071267 0.528867
0 0.378262 0.438267 0.0387801 0.0594343 0.496712
0 0.544541 0.456462 0.0375664 0.0713628 0.403897
0 0.498922 0.449517 0.0409953 0.0674255 0.384564
0 0.302426 0.486197 0.0494889 0.0977178 0.367487
0 0.407613 0.441555 0.0231955 0.0379369 0.349027
0 0.533399 0.451438 0.0326468 0.0641773 0.339948
0 0.517257 0.448159 0.0359344 0.0673179 0.339901
0 0.313321 0.472123 0.03822 0.0745324 0.306206
0 0.507862 0.452427 0.0418981 0.075207 0.299258
0 0.366149 0.449703 0.027288 0.0551685 0.293357
0 0.490786 0.450248 0.0307344 0.0589306 0.291615
0 0.576015 0.449276 0.0724441 0.0992883 0.289283
0 0.552172 0.451441 0.0432618 0.084236 0.286089
0 0.295363 0.468815 0.0716238 0.127318 0.252792
