0 0.163841 0.48574 0.0618064 0.0510907 0.335325
0 0.112576 0.494191 0.073692 0.0585883 0.314277
0 0.0958758 0.497027 0.0525548 0.0516434 0.309047
0 0.0774322 0.504132 0.084164 0.0724667 0.305359
0 0.122861 0.493518 0.0558906 0.0482529 0.297578
0 0.236527 0.471839 0.0422858 0.0485021 0.294788
0 0.257459 0.470252 0.0559631 0.0542138 0.290335
0 0.174721 0.48677 0.0425484 0.0411075 0.284908
0 0.135945 0.492084 0.0340677 0.0387504 0.284558
0 0.627744 0.413899 0.0429233 0.0413712 0.271379
0 0.653462 0.414031 0.0307575 0.0373881 0.258055
0 0.292952 0.466947 0.0521811 0.054688 0.256897
0 0.0641033 0.505555 0.0606862 0.060819 0.252994
