0 0.53366 0.556016 0.0904449 0.209897 0.748448
0 0.0443106 0.661432 0.0886212 0.257076 0.483302
0 0.438144 0.606141 0.0411497 0.0620107 0.472248
0 0.475205 0.617801 0.0331499 0.0550808 0.41639
0 0.293992 0.603944 0.0234633 0.0359755 0.383148
0 0.262545 0.602055 0.0463986 0.0567215 0.375706
0 0.278913 0.601621 0.037726 0.0472059 0.324642
0 0.473989 0.60164 0.0367789 0.0873559 0.29008
0 0.21718 0.61345 0.0842714 0.0609411 0.288428
0 0.247445 0.605291 0.0298634 0.0472795 0.267373
0 0.304162 0.604225 0.0355703 0.0422401 0.256083
0 0.447884 0.598551 0.0630973 0.0891403 0.253868
