0 0.599183 0.582447 0.174314 0.175114 0.8099
0 0.208705 0.464268 0.0445714 0.0571304 0.49747
0 0.488201 0.531008 0.0726438 0.0965232 0.471007
0 0.253121 0.469108 0.0307079 0.0408939 0.436907
0 0.165183 0.465728 0.0500118 0.0526925 0.396254
0 0.783648 0.522666 0.127889 0.165859 0.376181
0 0.415666 0.495973 0.0422804 0.0475542 0.373782
0 0.46513 0.514883 0.0458315 0.0727707 0.366311
0 0.977751 0.716221 0.0444971 0.298844 0.361919
0 0.407669 0.495493 0.0286414 0.0413589 0.360207
0 0.271501 0.467368 0.0305735 0.0393667 0.339334
0 0.289136 0.470842 0.0361866 0.0432239 0.338775
0 0.42886 0.502315 0.0268889 0.04137 0.331339
0 0.449631 0.511496 0.0234824 0.0529068 0.319646
0 0.297025 0.473038 0.0274246 0.0390625 0.317008
0 0.310169 0.473134 0.0306449 0.0397259 0.314577
0 0.357815 0.473312 0.0301978 0.0447725 0.31413
0 0.474882 0.522776 0.0512129 0.0814706 0.308008
0 0.345876 0.470952 0.0358948 0.0463615 0.301799
0 0.277974 0.468873 0.0234745 0.0367469 0.300484
0 0.0629144 0.396349 0.125829 0.340059 0.284169
0 0.328208 0.470574 0.039825 0.0457231 0.281454
0 0.43623 0.501479 0.0350162 0.0489587 0.275762
0 0.177937 0.465451 0.0306826 0.0496195 0.273945
0 0.383737 0.483552 0.036851 0.0497392 0.269871
0 0.364494 0.479056 0.0327767 0.044209 0.269149
0 0.259368 0.464752 0.0424441 0.0520779 0.256139
