0 0.164627 0.656904 0.187271 0.188043 0.861795
0 0.441762 0.600648 0.0256297 0.0318071 0.591253
0 0.899495 0.653371 0.200541 0.25137 0.565189
0 0.545287 0.599372 0.0280479 0.040909 0.564668
0 0.417003 0.601909 0.0250037 0.0396144 0.561592
0 0.498478 0.594706 0.0205833 0.0325546 0.551553
0 0.572104 0.598681 0.029743 0.0496485 0.538882
0 0.471108 0.598524 0.0213289 0.0310376 0.517368
0 0.520464 0.597154 0.0185649 0.0321377 0.489879
0 0.371567 0.611292 0.0575669 0.0659383 0.427205
0 0.390535 0.605791 0.0292678 0.0491691 0.417104
0 0.748734 0.634206 0.126602 0.165154 0.384469
0 0.397146 0.602763 0.0311275 0.0495463 0.37505
0 0.410584 0.601972 0.0318236 0.0465391 0.373251
0 0.614828 0.604205 0.0540786 0.0630034 0.353431
0 0.598086 0.601787 0.0298866 0.0516869 0.332341
0 0.665027 0.627011 0.0553614 0.0993261 0.326699
0 0.717334 0.628072 0.0726392 0.138629 0.320983
0 0.627547 0.618387 0.0892792 0.107519 0.318285
0 0.776877 0.62516 0.143061 0.190899 0.316743
0 0.446808 0.600873 0.0174526 0.0258494 0.279291
0 0.436238 0.601305 0.0196625 0.0299033 0.272545
