0 0.31961 0.580652 0.0568511 0.0576538 0.493432
0 0.462683 0.5905 0.0584603 0.0731176 0.417001
0 0.469071 0.597979 0.044337 0.0545112 0.373846
0 0.182094 0.583795 0.0554349 0.0446084 0.355423
0 0.428595 0.596354 0.041489 0.0625309 0.354113
0 0.374207 0.598551 0.0390006 0.056525 0.336404
0 0.508386 0.582789 0.0255984 0.0420905 0.301949
0 0.361395 0.592149 0.0601752 0.0642431 0.288932
0 0.264815 0.563572 0.0248703 0.037608 0.275206
0 0.258019 0.563789 0.0373099 0.0408342 0.267938
0 0.596223 0.59807 0.104142 0.0651699 0.256215
0 0.240851 0.56698 0.0398163 0.0385339 0.252651
