0 0.169633 0.527404 0.0835095 0.093968 0.597565
0 0.622042 0.532799 0.126419 0.145354 0.534804
0 0.314972 0.523103 0.0635967 0.0786453 0.501323
0 0.0831681 0.527935 0.0974921 0.0976088 0.45193
0 0.540348 0.540391 0.0450295 0.061311 0.392507
0 0.521062 0.536683 0.0632093 0.0640515 0.389938
0 0.383888 0.523876 0.0333554 0.0416209 0.328128
0 0.261273 0.528844 0.0614342 0.0863018 0.308707
0 0.507089 0.53854 0.0360844 0.0492089 0.302486
0 0.255231 0.542249 0.0440583 0.0569275 0.27385
0 0.372214 0.535194 0.0632591 0.0859066 0.272235
0 0.0202507 0.530989 0.0400239 0.11834 0.270565
0 0.552872 0.544357 0.0342767 0.0647737 0.270476
0 0.240418 0.52962 0.0763553 0.0891925 0.26811
0 0.0312688 0.521848 0.0625377 0.121764 0.259403
0 0.226769 0.537709 0.0627749 0.0689767 0.255571
