0 0.790374 0.544032 0.324777 0.315108 0.88143
0 0.205194 0.528264 0.202881 0.199655 0.817681
0 0.576177 0.472779 0.0671474 0.0909359 0.706621
0 0.480082 0.453206 0.0237275 0.03753 0.441468
0 0.496958 0.45501 0.0352073 0.0404538 0.422161
0 0.504524 0.455433 0.0260121 0.037198 0.417367
0 0.444784 0.450636 0.0184906 0.03027 0.414723
0 0.322114 0.489322 0.0753015 0.101195 0.40338
0 0.37077 0.471266 0.044738 0.078775 0.402928
0 0.540173 0.464938 0.0299583 0.0615351 0.400954
0 0.465995 0.452545 0.0224952 0.0355445 0.398264
0 0.380318 0.468885 0.038926 0.068998 0.386569
0 0.336605 0.489226 0.0514391 0.0862005 0.360336
0 0.531908 0.461105 0.0296194 0.0474436 0.34861
0 0.390482 0.464668 0.0334535 0.061929 0.347548
0 0.437841 0.449595 0.0271458 0.036397 0.340315
0 0.428066 0.45077 0.0246562 0.0378316 0.325184
0 0.355835 0.468403 0.0513811 0.0950804 0.303062
0 0.299026 0.486976 0.0738173 0.119479 0.302958
0 0.418646 0.450866 0.0331775 0.0483148 0.302084
0 0.402478 0.46294 0.0250951 0.0495222 0.2954
0 0.40798 0.456311 0.0306573 0.0542653 0.29457
0 0.346597 0.480696 0.0440453 0.0841534 0.26259
