0 0.774397 0.345465 0.24861 0.242083 0.620133
0 0.213473 0.320512 0.0408136 0.0506444 0.501976
0 0.48791 0.297082 0.0335672 0.0429469 0.482511
0 0.248992 0.311896 0.0345135 0.0451936 0.478372
0 0.287559 0.305574 0.0315013 0.0378809 0.47518
0 0.920698 0.440687 0.158605 0.2776 0.458902
0 0.0750089 0.342861 0.0802387 0.100215 0.45435
0 0.264025 0.309342 0.0330161 0.0427305 0.450953
0 0.455351 0.2938 0.0285799 0.0419675 0.447826
0 0.533048 0.304467 0.0528737 0.0650932 0.443127
0 0.423697 0.298639 0.0372201 0.0479282 0.438517
0 0.651464 0.326215 0.104575 0.140632 0.435944
0 0.0223343 0.361774 0.0446687 0.138661 0.428092
0 0.393345 0.287643 0.0302114 0.0407025 0.402208
0 0.223195 0.317607 0.0520158 0.0536608 0.384253
0 0.510045 0.297508 0.0339343 0.0520562 0.377291
0 0.500612 0.297942 0.0336291 0.0492121 0.369285
0 0.481052 0.293427 0.0317052 0.043825 0.366835
0 0.316153 0.300236 0.0317057 0.0352393 0.342781
0 0.294498 0.303143 0.0325696 0.0395493 0.313872
0 0.545346 0.307577 0.0462618 0.0658495 0.312607
0 0.322855 0.298104 0.0338842 0.0368003 0.297379
0 0.34169 0.297079 0.0236636 0.0301071 0.294155
0 0.627903 0.330874 0.0583059 0.117418 0.2851
0 0.388116 0.29253 0.0247442 0.0375046 0.28133
