0 0.812151 0.862964 0.374905 0.271911 0.845516
0 0.348578 0.829466 0.111095 0.157973 0.540645
0 0.472275 0.853016 0.232325 0.250837 0.507759
0 0.183281 0.78289 0.0627268 0.0797061 0.396265
0 0.0109641 0.780128 0.0219282 0.0567217 0.367918
0 0.190265 0.795923 0.0459975 0.0526101 0.344092
0 0.272951 0.787875 0.087363 0.184317 0.324883
0 0.0792667 0.752144 0.0566531 0.0727066 0.319127
0 0.273277 0.820938 0.0707217 0.120327 0.301395
0 0.143639 0.756365 0.028667 0.0396996 0.288785
0 0.133511 0.775111 0.0508738 0.0778617 0.276597
0 0.0793656 0.764112 0.0502768 0.0474235 0.274937
0 0.193764 0.769325 0.0589663 0.102217 0.254578
