0 0.0761666 0.490353 0.032591 0.0363581 0.498327
0 0.595958 0.509635 0.0664094 0.0590693 0.398277
0 0.439621 0.512366 0.0552005 0.0514732 0.384451
0 0.122328 0.4925 0.0586772 0.0474428 0.34801
0 0.300514 0.494056 0.057038 0.0489273 0.330429
0 0.574651 0.506403 0.10925 0.0706707 0.303516
0 0.342405 0.487727 0.0405066 0.0434189 0.291488
0 0.0145352 0.485263 0.0288621 0.0360336 0.282222
0 0.112387 0.486251 0.0785531 0.063816 0.280271
0 0.549952 0.50647 0.0639094 0.0533522 0.265282
0 0.288386 0.49559 0.0356221 0.0414066 0.263205
0 0.470311 0.500281 0.117047 0.075206 0.256814
