0 0.83707 0.489465 0.325723 0.377343 0.876606
0 0.616543 0.443934 0.0953642 0.113749 0.836432
0 0.066263 0.498765 0.132372 0.441485 0.785981
0 0.212311 0.455498 0.204341 0.239942 0.644649
0 0.384308 0.417146 0.0295905 0.0468733 0.427671
0 0.427621 0.409258 0.0229908 0.0342172 0.423856
0 0.501507 0.411459 0.0269578 0.0371273 0.409784
0 0.4729 0.410947 0.0304956 0.0371497 0.400065
0 0.55821 0.433568 0.0433387 0.0773785 0.390203
0 0.532104 0.41536 0.0271622 0.0432795 0.387745
0 0.445104 0.413564 0.0212752 0.0306686 0.386271
0 0.402225 0.414032 0.0236142 0.0413232 0.369166
0 0.450777 0.409671 0.0238933 0.0306093 0.34051
0 0.522774 0.41867 0.0286412 0.046716 0.33862
0 0.453749 0.412702 0.0317682 0.0383859 0.31408
0 0.346237 0.425104 0.0485455 0.0671427 0.306516
0 0.550367 0.425186 0.049226 0.0769586 0.29207
0 0.404277 0.406201 0.0289304 0.0532666 0.284535
0 0.391837 0.404767 0.0437113 0.0658956 0.259595
0 0.440237 0.416273 0.028194 0.0386056 0.253447
0 0.526799 0.425829 0.0344644 0.0605226 0.253228
