0 0.664107 0.500788 0.233317 0.356895 0.697834
0 0.0452906 0.735323 0.0905811 0.360272 0.694746
0 0.902939 0.638842 0.193993 0.278209 0.579583
0 0.152909 0.660182 0.203718 0.218662 0.54916
0 0.357049 0.56194 0.0320772 0.0627318 0.497264
0 0.322094 0.565296 0.0633162 0.0766113 0.483471
0 0.302304 0.584627 0.0716738 0.0889225 0.477051
0 0.387529 0.554255 0.029987 0.0410187 0.433846
0 0.520198 0.542494 0.0281199 0.0332782 0.40921
0 0.405183 0.55169 0.0399459 0.045654 0.404274
0 0.473543 0.540097 0.0214718 0.0297409 0.403873
0 0.507437 0.542401 0.0229405 0.0306556 0.401546
0 0.414003 0.548347 0.0301198 0.0408386 0.388254
0 0.453272 0.540108 0.0328752 0.043405 0.376069
0 0.237944 0.612478 0.119513 0.159482 0.364535
0 0.289985 0.593565 0.0675635 0.0931958 0.333838
0 0.265015 0.61224 0.0800933 0.131351 0.320988
0 0.469275 0.541548 0.0283575 0.0354887 0.320705
0 0.492503 0.534997 0.02166 0.0333727 0.319461
0 0.545372 0.548421 0.0246661 0.0481366 0.317993
0 0.433438 0.543219 0.0370582 0.0432517 0.309805
0 0.425187 0.545686 0.0293345 0.0391196 0.309467
0 0.378465 0.560772 0.0293111 0.0484149 0.30095
0 0.131119 0.676395 0.137028 0.184134 0.280333
