0 0.0883894 0.800785 0.176328 0.392293 0.602309
0 0.205999 0.735673 0.247212 0.282607 0.541273
0 0.776526 0.683379 0.209981 0.222487 0.525785
0 0.342793 0.679452 0.0824253 0.15144 0.490901
0 0.512105 0.64663 0.0381699 0.0414922 0.43652
0 0.453356 0.645714 0.0290381 0.0368254 0.420209
0 0.477206 0.643015 0.0271564 0.0399265 0.389377
0 0.385798 0.665349 0.0372276 0.092602 0.387046
0 0.493665 0.644833 0.028023 0.0387841 0.341243
0 0.544194 0.652185 0.0260111 0.0432175 0.319316
0 0.589648 0.666946 0.0387059 0.079568 0.312199
0 0.607504 0.666208 0.0714292 0.098143 0.31074
0 0.505974 0.640518 0.0522695 0.0547646 0.297174
0 0.555956 0.653004 0.0436334 0.0514867 0.295155
0 0.648684 0.663369 0.107301 0.147877 0.289822
0 0.374821 0.662101 0.0575129 0.116834 0.28305
0 0.43233 0.643813 0.0273538 0.0337658 0.274333
0 0.362168 0.67356 0.050735 0.129055 0.264194
0 0.630391 0.67086 0.0778789 0.117193 0.251273
