0 0.545881 0.554434 0.0249418 0.047711 0.471392
0 0.50581 0.550443 0.0335988 0.0545556 0.45926
0 0.580007 0.563977 0.0289213 0.0600357 0.420937
0 0.52895 0.557553 0.0212691 0.0383072 0.399581
0 0.55848 0.559238 0.0245144 0.0487557 0.382775
0 0.462597 0.567029 0.025281 0.0392449 0.331218
0 0.434954 0.571886 0.0292214 0.0441818 0.323467
0 0.624252 0.573221 0.0700868 0.0811508 0.313157
0 0.540213 0.550683 0.0319232 0.054666 0.311335
0 0.499777 0.5583 0.0277029 0.0398819 0.310277
0 0.607001 0.571346 0.0405328 0.0686571 0.293607
0 0.437978 0.568402 0.0405656 0.0595606 0.280069
0 0.564087 0.553891 0.0292329 0.062274 0.279137
0 0.578772 0.554983 0.0385598 0.0780913 0.266781
