0 0.26376 0.468404 0.0563241 0.0600386 0.607927
0 0.463699 0.46685 0.0220457 0.0295408 0.54032
0 0.314249 0.465203 0.0430079 0.0474601 0.478875
0 0.601417 0.46509 0.0280938 0.032968 0.397447
0 0.368343 0.461265 0.0484549 0.0471463 0.383329
0 0.436609 0.473646 0.032956 0.0451553 0.36448
0 0.429735 0.465192 0.0254936 0.0425798 0.357306
0 0.425556 0.459926 0.0217498 0.0374488 0.302827
0 0.499459 0.447678 0.0266415 0.0523 0.300342
0 0.408029 0.462074 0.0350943 0.0432456 0.275752
0 0.383969 0.460578 0.0271489 0.0393587 0.274656
0 0.617383 0.461071 0.0623674 0.052585 0.264732
0 0.332273 0.464021 0.0547581 0.0519184 0.254819
0 0.489819 0.470125 0.0454472 0.0728466 0.250034
