0 0.580586 0.527412 0.0504458 0.0628401 0.743709
0 0.28963 0.538891 0.143783 0.154331 0.696249
0 0.544799 0.524593 0.0281864 0.0468185 0.581803
0 0.915115 0.554336 0.108056 0.10339 0.332161
0 0.421635 0.510876 0.0250005 0.0374615 0.323166
0 0.478001 0.550452 0.0928507 0.129623 0.305758
0 0.523589 0.524498 0.0304003 0.0485882 0.302316
0 0.40645 0.509875 0.0246402 0.0346034 0.292928
0 0.39308 0.510115 0.0217169 0.0336346 0.292199
0 0.440894 0.508598 0.0259894 0.0426892 0.268102
0 0.430509 0.5054 0.0343362 0.0492162 0.266758
0 0.38542 0.512376 0.0245727 0.0348612 0.264783
