0 0.111915 0.466306 0.223299 0.353664 0.764596
0 0.49888 0.441006 0.113972 0.173945 0.741777
0 0.294746 0.385777 0.0440649 0.0448134 0.499449
0 0.432872 0.38692 0.0399904 0.0488568 0.414003
0 0.227337 0.431603 0.1152 0.204118 0.396401
0 0.338538 0.387242 0.0405594 0.0507682 0.382876
0 0.419038 0.38899 0.0267261 0.0431958 0.372563
0 0.440538 0.387855 0.0283093 0.0456763 0.368118
0 0.791497 0.425286 0.112226 0.100948 0.355036
0 0.394839 0.381482 0.0262735 0.0389481 0.316159
0 0.378794 0.394444 0.0615266 0.0733017 0.293688
0 0.359554 0.387007 0.0351309 0.0501151 0.285498
0 0.942794 0.36134 0.0316944 0.0349511 0.272385
