0 0.384784 0.408401 0.117859 0.169324 0.829486
0 0.857199 0.460437 0.24151 0.182769 0.63891
0 0.293443 0.380825 0.0790384 0.112618 0.605189
0 0.498323 0.395319 0.0399488 0.0595323 0.393538
0 0.443543 0.364431 0.0267446 0.0475525 0.365217
0 0.979558 0.457182 0.0408837 0.178198 0.33546
0 0.482375 0.362424 0.0290116 0.0432999 0.322407
0 0.462911 0.368848 0.0271039 0.0504059 0.28947
0 0.490659 0.376118 0.0343941 0.0537928 0.279063
0 0.98316 0.443799 0.0331684 0.12963 0.272479
0 0.487813 0.356418 0.0310369 0.0449861 0.256592
