0 0.151431 0.465774 0.153221 0.145348 0.502715
0 0.403121 0.501468 0.0455163 0.0508253 0.467232
0 0.279291 0.489289 0.0328375 0.0563646 0.422045
0 0.0629997 0.511345 0.125999 0.133094 0.420404
0 0.33725 0.491184 0.0360317 0.0457169 0.419481
0 0.270533 0.48863 0.0454244 0.0607524 0.409105
0 0.0838165 0.478284 0.166797 0.149838 0.405695
0 0.317148 0.485421 0.0399512 0.051277 0.386605
0 0.362456 0.488512 0.0276948 0.0441176 0.369372
0 0.247555 0.485978 0.0516553 0.0711582 0.354595
0 0.432885 0.500956 0.020279 0.0321172 0.320667
0 0.377353 0.492754 0.028103 0.0439933 0.312924
0 0.259267 0.488427 0.0510199 0.0633138 0.305203
0 0.237557 0.47527 0.0690125 0.0967528 0.304033
0 0.615755 0.511486 0.0913749 0.104628 0.289262
0 0.398401 0.48858 0.047668 0.0653553 0.284432
0 0.467907 0.490791 0.0371277 0.05065 0.269741
0 0.779972 0.560582 0.239061 0.194858 0.268468
0 0.480967 0.496399 0.0439888 0.0476703 0.252478
