0 0.656651 0.597753 0.118485 0.159683 0.69196
0 0.545776 0.539034 0.0265031 0.0463387 0.577796
0 0.532595 0.538309 0.0206022 0.0368225 0.540647
0 0.511633 0.539181 0.021991 0.0342411 0.478735
0 0.566604 0.546281 0.0311997 0.0618145 0.445102
0 0.585021 0.558626 0.0415054 0.0821808 0.434977
0 0.478855 0.541488 0.0252626 0.0342402 0.428034
0 0.455931 0.543932 0.032281 0.0451833 0.424795
0 0.572902 0.547868 0.0376264 0.0731227 0.408126
0 0.447065 0.545219 0.0309185 0.0483871 0.407108
0 0.465396 0.543052 0.0245294 0.0394882 0.386903
0 0.430656 0.549328 0.0339293 0.053879 0.372315
0 0.48624 0.540338 0.0234394 0.0344759 0.368856
0 0.559886 0.542525 0.0261857 0.0558963 0.365786
0 0.391916 0.576805 0.0351916 0.0545664 0.36451
0 0.603551 0.565356 0.047154 0.0961122 0.363322
0 0.413525 0.562334 0.0337303 0.0563617 0.360131
0 0.30446 0.599703 0.034026 0.0427826 0.354059
0 0.439271 0.544717 0.036544 0.0552407 0.340759
0 0.377863 0.580091 0.0437012 0.0633204 0.328939
0 0.407324 0.567854 0.0350991 0.0558958 0.316341
0 0.32135 0.59508 0.0720194 0.0714547 0.291656
0 0.366065 0.586262 0.0462051 0.0689913 0.287164
0 0.535952 0.533377 0.0257197 0.0473965 0.285435
0 0.351871 0.589508 0.0526491 0.0705861 0.282261
0 0.614601 0.576344 0.0534385 0.108448 0.260434
0 0.423491 0.555259 0.0388016 0.0604348 0.258414
0 0.52655 0.539488 0.0155858 0.0297246 0.256777
