0 0.871024 0.752745 0.257789 0.49451 0.843585
0 0.245155 0.574819 0.0499166 0.0505046 0.544742
0 0.505889 0.575169 0.0433589 0.0504556 0.520514
0 0.4744 0.58061 0.0270527 0.0368415 0.465342
0 0.449897 0.562126 0.0356487 0.0505629 0.453596
0 0.339445 0.571479 0.0330158 0.0414408 0.453272
0 0.282183 0.575618 0.0533107 0.045747 0.450722
0 0.369717 0.563307 0.03026 0.0379418 0.423352
0 0.411407 0.56321 0.0330481 0.0350321 0.411358
0 0.420553 0.561624 0.0281962 0.031761 0.404102
0 0.307468 0.576528 0.048372 0.0484809 0.389248
0 0.393805 0.56861 0.0346878 0.0377701 0.375859
0 0.426236 0.560635 0.0227756 0.0294189 0.365649
0 0.401528 0.566308 0.0284245 0.0353784 0.364333
0 0.111233 0.572423 0.0488869 0.0435374 0.360683
0 0.295957 0.576988 0.0336759 0.0410053 0.359358
0 0.369603 0.57491 0.0312391 0.0399431 0.352703
0 0.272209 0.576975 0.0374428 0.0393751 0.345957
0 0.540995 0.564965 0.0238844 0.037272 0.314481
0 0.0981093 0.575478 0.0412932 0.0409732 0.308202
0 0.0310014 0.57119 0.0539284 0.0487664 0.26994
0 0.591138 0.553486 0.0322515 0.0442129 0.258547
0 0.0434361 0.574985 0.0570945 0.0520816 0.253664
