0 0.665895 0.475565 0.0433776 0.0459174 0.476272
0 0.530359 0.455835 0.0214432 0.0328484 0.436352
0 0.634871 0.473174 0.035862 0.0395014 0.392995
0 0.711089 0.477093 0.0434766 0.0512 0.374593
0 0.627502 0.472757 0.0280113 0.0372498 0.371488
0 0.432958 0.439238 0.052684 0.0577162 0.364348
0 0.64489 0.472676 0.02726 0.0380893 0.363562
0 0.5778 0.46248 0.0260061 0.0405818 0.357377
0 0.491607 0.451318 0.0254801 0.0350823 0.355613
0 0.544922 0.454073 0.0367886 0.0420798 0.35552
0 0.479519 0.450007 0.0259391 0.0338874 0.351335
0 0.506181 0.452903 0.0252473 0.033876 0.350335
0 0.603397 0.467387 0.024132 0.0353824 0.34609
0 0.55416 0.456207 0.0259906 0.038935 0.344921
0 0.536832 0.453978 0.0307271 0.040057 0.336914
0 0.610847 0.469027 0.0351431 0.0401403 0.336511
0 0.675438 0.476401 0.0324539 0.0434367 0.326406
0 0.49628 0.454383 0.0215478 0.0329437 0.325275
0 0.885986 0.514587 0.0993799 0.0723796 0.313815
0 0.467291 0.448462 0.018875 0.0299564 0.301511
0 0.445759 0.444461 0.030147 0.0407952 0.296193
0 0.565288 0.457627 0.0349349 0.0439333 0.295275
0 0.336355 0.447034 0.0369772 0.0392141 0.275769
0 0.590216 0.462229 0.0460631 0.0513962 0.274346
0 0.419864 0.4417 0.0345571 0.0483376 0.272711
0 0.486334 0.448495 0.0309304 0.0397061 0.268906
0 0.835304 0.446793 0.227495 0.152074 0.258736
0 0.393303 0.442615 0.0331558 0.0437683 0.251904
0 0.412494 0.445606 0.0252233 0.0410572 0.251884
