0 0.133676 0.580734 0.0327763 0.042249 0.614922
0 0.284987 0.619725 0.0805435 0.0966393 0.597168
0 0.0158988 0.60703 0.0317724 0.0673674 0.546714
0 0.0746307 0.592254 0.039922 0.0517529 0.541765
0 0.0445346 0.598162 0.0400681 0.0583666 0.51578
0 0.852625 0.651595 0.294749 0.255025 0.49864
0 0.096534 0.587766 0.0346277 0.0451545 0.495055
0 0.103727 0.585289 0.0275932 0.0424891 0.487365
0 0.160225 0.57967 0.0226321 0.0342889 0.460086
0 0.188082 0.586405 0.0287059 0.0429462 0.437792
0 0.220109 0.599394 0.0427195 0.0643865 0.362914
0 0.196984 0.586746 0.0289597 0.0460848 0.340977
0 0.222992 0.609797 0.0543248 0.0862013 0.328305
0 0.0865036 0.587686 0.0431427 0.0526435 0.315163
0 0.0236126 0.600006 0.0472253 0.080344 0.264484
0 0.210042 0.585749 0.0387682 0.0581343 0.263406
0 0.161615 0.574156 0.0289181 0.0463062 0.259749
0 0.0637912 0.596206 0.0397225 0.0591227 0.254692
0 0.231841 0.59197 0.0371684 0.053363 0.252685
