0 0.355407 0.561376 0.142729 0.174727 0.829695
0 0.925777 0.607324 0.147926 0.305799 0.760466
0 0.567101 0.518584 0.026598 0.0403297 0.506661
0 0.839575 0.563619 0.151335 0.189521 0.494751
0 0.241325 0.5549 0.0945812 0.123314 0.494391
0 0.513626 0.536529 0.0589533 0.0850418 0.46687
0 0.71035 0.540927 0.0786398 0.121657 0.439265
0 0.657325 0.53831 0.0488421 0.0759978 0.426013
0 0.768612 0.547707 0.102955 0.147813 0.422529
0 0.588451 0.53032 0.0395193 0.0608982 0.417883
0 0.60211 0.530131 0.0631896 0.0681047 0.41248
0 0.459362 0.535398 0.0530899 0.0749229 0.400156
0 0.618869 0.532224 0.0354053 0.0593784 0.377662
0 0.418357 0.543379 0.0403547 0.0833369 0.376811
0 0.629294 0.523519 0.0525366 0.0796944 0.322864
0 0.696105 0.54194 0.0561543 0.105172 0.319893
0 0.498507 0.536044 0.0342773 0.0539415 0.296205
0 0.546807 0.520223 0.0209471 0.0409953 0.293451
0 0.492851 0.523268 0.0355836 0.0640172 0.292886
0 0.451283 0.543144 0.0371661 0.0563007 0.291146
0 0.524231 0.532321 0.0410318 0.0734273 0.282832
0 0.540979 0.523822 0.0215359 0.0459468 0.277868
0 0.49032 0.535296 0.0988567 0.0956109 0.268086
0 0.477863 0.536564 0.0303476 0.0561703 0.259701
