0 0.666543 0.42733 0.0710494 0.0791687 0.496478
0 0.546771 0.406724 0.0273302 0.0365816 0.492297
0 0.297283 0.43481 0.0397229 0.0445017 0.479259
0 0.938503 0.444702 0.122627 0.515127 0.463915
0 0.359275 0.422041 0.0399089 0.0452206 0.450583
0 0.229383 0.447529 0.060397 0.0495385 0.447972
0 0.332864 0.427187 0.0314773 0.0394265 0.440855
0 0.318995 0.430408 0.0427773 0.0428218 0.383927
0 0.524742 0.408166 0.0184998 0.0301353 0.373605
0 0.373733 0.414644 0.042229 0.0522335 0.333063
0 0.268902 0.440233 0.0395994 0.0444054 0.295507
0 0.283715 0.436496 0.0520851 0.0506092 0.290857
0 0.59653 0.393347 0.0249663 0.0268892 0.285709
0 0.138374 0.456338 0.0471228 0.051867 0.285501
0 0.453717 0.393122 0.0489643 0.0467504 0.278127
0 0.939796 0.397343 0.120409 0.0734899 0.271923
0 0.656149 0.426694 0.0503756 0.0668432 0.270749
0 0.386515 0.414585 0.0355263 0.0463189 0.259863
0 0.564005 0.398732 0.0166622 0.0244392 0.25886
0 0.250971 0.441322 0.0615059 0.0534115 0.252105
