0 0.46235 0.381556 0.0530026 0.0663728 0.783731
0 0.777902 0.390761 0.129725 0.16357 0.533797
0 0.288755 0.398177 0.06318 0.0897532 0.41163
0 0.687235 0.38776 0.0760771 0.0855884 0.405566
0 0.266335 0.402657 0.106161 0.105159 0.362214
0 0.423888 0.377868 0.0297866 0.0402596 0.357198
0 0.931078 0.36873 0.0444263 0.0724726 0.299674
0 0.209506 0.416378 0.0949392 0.0991162 0.292645
0 0.23248 0.408724 0.0593515 0.0718006 0.290722
0 0.599737 0.414765 0.0776397 0.0953912 0.2703
0 0.643982 0.390533 0.0307503 0.0573307 0.262848
0 0.670005 0.385032 0.0682746 0.0823563 0.26152
0 0.566328 0.369651 0.0418381 0.0470467 0.261192
0 0.656507 0.386493 0.0462022 0.0705924 0.258639
