0 0.875274 0.599238 0.248825 0.41643 0.66565
0 0.412169 0.562119 0.025327 0.0304779 0.6533
0 0.457119 0.562455 0.0251656 0.0343643 0.641812
0 0.4356 0.563764 0.0197719 0.0293262 0.551904
0 0.0661912 0.586359 0.111707 0.126918 0.532454
0 0.368396 0.56677 0.0365619 0.0408123 0.447818
0 0.490274 0.562108 0.0307146 0.0350023 0.431169
0 0.388483 0.565253 0.0199342 0.030109 0.403376
0 0.185249 0.57836 0.101412 0.109295 0.37033
0 0.49817 0.565531 0.0226957 0.0338923 0.366665
0 0.485948 0.556233 0.0317468 0.0425457 0.355442
0 0.537942 0.574557 0.0319725 0.0568095 0.305523
0 0.491723 0.551774 0.0389261 0.0566026 0.265671
0 0.532278 0.566817 0.0391283 0.0663595 0.264265
0 0.549448 0.573947 0.0516229 0.0701725 0.262099
