0 0.354987 0.330801 0.0240574 0.0348339 0.702589
0 0.383365 0.332742 0.0218508 0.0329276 0.561732
0 0.309992 0.333214 0.026169 0.0359675 0.494337
0 0.141915 0.352934 0.0466949 0.0496697 0.41559
0 0.118996 0.350023 0.0886446 0.0669306 0.374051
0 0.403714 0.339468 0.0285177 0.0495597 0.371331
0 0.088801 0.355919 0.0360533 0.0468948 0.345448
0 0.318308 0.333657 0.0417892 0.0421151 0.304842
0 0.389211 0.331071 0.0325547 0.0435884 0.291152
0 0.0352465 0.348109 0.0311058 0.0393411 0.290467
0 0.042405 0.346106 0.0442519 0.0459254 0.281142
0 0.0650134 0.348385 0.0911208 0.0646264 0.261228
