0 0.849578 0.62459 0.300737 0.336681 0.864916
0 0.0635185 0.667712 0.127037 0.381336 0.854071
0 0.705569 0.521707 0.14554 0.151826 0.8138
0 0.154427 0.58319 0.189384 0.210803 0.791589
0 0.615669 0.517919 0.0625948 0.075324 0.5722
0 0.387215 0.482884 0.0327327 0.0458781 0.467852
0 0.578636 0.510631 0.0365374 0.0599442 0.464745
0 0.511999 0.496375 0.0324069 0.0435452 0.432496
0 0.551299 0.504189 0.0428039 0.0557263 0.429082
0 0.362992 0.489914 0.0323722 0.0557353 0.418507
0 0.322083 0.50172 0.059474 0.0739985 0.388784
0 0.39374 0.478752 0.0403131 0.0482381 0.388458
0 0.541206 0.501168 0.036933 0.054571 0.38614
0 0.344897 0.498042 0.0425036 0.0660934 0.377441
0 0.561668 0.506459 0.0378907 0.0567156 0.376432
0 0.404227 0.476436 0.0295859 0.0441177 0.375204
0 0.375631 0.484424 0.0332505 0.0501221 0.317617
0 0.525193 0.496916 0.0470778 0.055669 0.313782
0 0.43371 0.474625 0.0335396 0.040643 0.310924
0 0.298 0.507017 0.0462587 0.0662126 0.295635
0 0.251676 0.534621 0.108766 0.157688 0.278243
0 0.355341 0.496949 0.0357319 0.0615553 0.277298
0 0.453064 0.472753 0.0330864 0.0421609 0.272109
0 0.285497 0.504368 0.0657616 0.0797965 0.269204
0 0.26057 0.511396 0.108119 0.107584 0.25682
