0 0.62999 0.377733 0.0715406 0.0981912 0.490957
0 0.876387 0.380724 0.247226 0.262808 0.431742
0 0.505229 0.356166 0.0182 0.0321918 0.369923
0 0.712454 0.397643 0.108606 0.118688 0.369131
0 0.457926 0.35699 0.025746 0.0336507 0.368944
0 0.51598 0.350652 0.0371121 0.0458811 0.344836
0 0.548834 0.357711 0.0283398 0.0409992 0.344649
0 0.572658 0.369065 0.030569 0.0477032 0.306631
0 0.566348 0.366254 0.0309438 0.0446828 0.300271
0 0.5057 0.361623 0.0162188 0.0231015 0.300115
0 0.557667 0.363226 0.0277089 0.0404697 0.293706
0 0.582834 0.376002 0.0386649 0.0669037 0.290837
0 0.541973 0.353452 0.0272996 0.0419157 0.275995
0 0.707181 0.305262 0.22266 0.302168 0.253021
