0 0.664499 0.588386 0.165052 0.174922 0.680873
0 0.124636 0.592065 0.24568 0.38394 0.52264
0 0.446471 0.548351 0.0336091 0.0455307 0.490937
0 0.353293 0.507734 0.0185929 0.0283491 0.464395
0 0.407638 0.511778 0.0262854 0.041471 0.447375
0 0.290029 0.52717 0.0368609 0.0536877 0.417233
0 0.331353 0.504952 0.0216521 0.0354251 0.404314
0 0.422274 0.530617 0.030166 0.0453328 0.398048
0 0.0489973 0.798875 0.0979701 0.399768 0.386863
0 0.47348 0.545856 0.0314892 0.0446101 0.386777
0 0.511197 0.553659 0.0405565 0.0743117 0.378417
0 0.425148 0.517228 0.0341788 0.0501865 0.37067
0 0.256317 0.544926 0.0466206 0.141705 0.368728
0 0.480262 0.549035 0.0399416 0.0559353 0.355935
0 0.519923 0.555747 0.0487698 0.084632 0.345373
0 0.40252 0.50938 0.0219606 0.0387865 0.342853
0 0.575518 0.582311 0.0547895 0.0996955 0.342436
0 0.284563 0.512024 0.0479338 0.0859199 0.33129
0 0.169978 0.61073 0.15776 0.333085 0.327097
0 0.246515 0.570151 0.0501362 0.19926 0.326947
0 0.341206 0.503891 0.0379984 0.0411782 0.324001
0 0.415157 0.507795 0.0374414 0.0522524 0.319298
0 0.548751 0.566399 0.0744521 0.102414 0.316161
0 0.535358 0.564551 0.0513584 0.086185 0.312931
0 0.422749 0.538975 0.0268159 0.0379727 0.300434
0 0.303033 0.515584 0.0323194 0.0573842 0.295083
0 0.435538 0.518646 0.0330412 0.0489641 0.295058
0 0.500057 0.552415 0.0321674 0.0672935 0.260862
0 0.472147 0.530455 0.0493171 0.0792531 0.257389
0 0.443701 0.530826 0.0387172 0.067424 0.25102
