0 0.945564 0.445246 0.108872 0.270615 0.839085
0 0.611696 0.415019 0.0293747 0.0356608 0.391743
0 0.113831 0.459685 0.227663 0.192093 0.372473
0 0.554843 0.424866 0.0255912 0.0309436 0.349471
0 0.0218878 0.352635 0.0294349 0.0349942 0.337799
0 0.576588 0.412642 0.0266369 0.0388012 0.329943
0 0.280872 0.447285 0.0941885 0.1015 0.323995
0 0.718657 0.42343 0.0356441 0.0399212 0.299657
0 0.711143 0.424731 0.0225883 0.0349709 0.297567
0 0.239162 0.439682 0.111928 0.123273 0.29321
0 0.351649 0.433659 0.0846987 0.073192 0.291993
0 0.182194 0.460571 0.105034 0.147495 0.290094
0 0.212505 0.441067 0.161457 0.142827 0.279927
0 0.322215 0.436985 0.0828188 0.0896089 0.273853
0 0.0270113 0.430725 0.0540226 0.0875799 0.269217
0 0.388505 0.441565 0.0312624 0.0396144 0.258407
