0 0.75475 0.575034 0.199037 0.21656 0.802435
0 0.587832 0.544289 0.0629768 0.104541 0.504445
0 0.541569 0.538167 0.0443474 0.0699994 0.489235
0 0.442823 0.53422 0.0341643 0.0470847 0.47914
0 0.506914 0.537373 0.0309493 0.0438967 0.434651
0 0.533207 0.539279 0.0318584 0.0609024 0.41684
0 0.638839 0.560503 0.0807446 0.132065 0.391881
0 0.38269 0.527835 0.0260736 0.0356832 0.370305
0 0.41715 0.51552 0.0247035 0.0329044 0.35796
0 0.471608 0.536575 0.0370176 0.042788 0.353671
0 0.484132 0.538077 0.0294813 0.0381622 0.342021
0 0.498223 0.535864 0.0355128 0.0443125 0.33909
0 0.622389 0.563511 0.0562466 0.109568 0.336168
0 0.555942 0.54354 0.0350969 0.0727705 0.324744
0 0.0736089 0.622989 0.101287 0.102181 0.310706
0 0.608056 0.555013 0.0527219 0.103586 0.298814
0 0.5662 0.543884 0.0404222 0.0854331 0.292903
0 0.143575 0.580704 0.0498919 0.063482 0.285435
0 0.422665 0.516778 0.0291189 0.0383145 0.282308
0 0.042831 0.629743 0.084687 0.11442 0.270696
0 0.098824 0.623952 0.0523127 0.0673435 0.259333
