0 0.231769 0.661346 0.168952 0.217968 0.835003
0 0.401683 0.621097 0.074173 0.0855382 0.753601
0 0.0804657 0.569907 0.0343831 0.0457813 0.554136
0 0.356094 0.580771 0.0485064 0.068583 0.521325
0 0.040962 0.563461 0.0343355 0.0446472 0.468946
0 0.337382 0.55211 0.0274666 0.0521635 0.404099
0 0.142567 0.567017 0.0344124 0.0469462 0.398343
0 0.110783 0.568106 0.0288573 0.0444273 0.39682
0 0.013041 0.562913 0.0258657 0.0373876 0.366781
0 0.344632 0.575684 0.0297616 0.0551858 0.33883
0 0.126335 0.565898 0.0563967 0.0551951 0.326103
0 0.283405 0.553991 0.0549333 0.0675534 0.319234
0 0.295216 0.551526 0.0388525 0.0586704 0.300272
0 0.302456 0.553306 0.0255004 0.0489202 0.297193
0 0.186813 0.565108 0.0557578 0.0583045 0.292762
0 0.160002 0.563798 0.0372088 0.0545093 0.259956
0 0.330218 0.549004 0.0282844 0.0541294 0.256386
