0 0.488484 0.472753 0.0325289 0.0354726 0.563113
0 0.446115 0.476212 0.0223798 0.0330041 0.487567
0 0.417342 0.472447 0.032324 0.0413318 0.442054
0 0.390018 0.475603 0.0291054 0.0414435 0.369125
0 0.0646239 0.453885 0.129248 0.266259 0.342301
0 0.473994 0.473182 0.0221596 0.0313911 0.341644
0 0.464745 0.473828 0.0208943 0.0293825 0.335525
0 0.154127 0.500297 0.0553912 0.0653659 0.316683
0 0.520876 0.472132 0.0268682 0.0351484 0.295229
0 0.0447571 0.493627 0.0888726 0.179864 0.29126
0 0.563742 0.487652 0.0390308 0.0495127 0.29081
0 0.383326 0.474724 0.039886 0.0491552 0.284312
0 0.367777 0.475842 0.0377961 0.0484255 0.280165
0 0.224866 0.503427 0.0435134 0.0600194 0.275321
0 0.375386 0.479578 0.0505742 0.0590281 0.268152
0 0.242972 0.500989 0.0619094 0.0665198 0.26586
0 0.212834 0.504687 0.0613638 0.0667865 0.25652
0 0.554896 0.484519 0.0258821 0.0432927 0.255296
