0 0.461879 0.781305 0.135236 0.208861 0.752293
0 0.0432882 0.789278 0.0865764 0.184986 0.47944
0 0.211142 0.77761 0.032364 0.0418445 0.446388
0 0.79152 0.848086 0.261025 0.295329 0.446235
0 0.348808 0.784581 0.0250472 0.0419805 0.423146
0 0.304053 0.777018 0.0276838 0.0448281 0.422587
0 0.184039 0.777492 0.0331954 0.0408503 0.419482
0 0.232247 0.774988 0.0251202 0.0370224 0.413754
0 0.640623 0.843283 0.0941791 0.145925 0.412941
0 0.25023 0.771022 0.0319624 0.0389925 0.397246
0 0.355441 0.784187 0.0334859 0.0494337 0.391696
0 0.327573 0.777896 0.0210094 0.0348738 0.364331
0 0.274184 0.782818 0.0315697 0.0418666 0.35273
0 0.385666 0.788426 0.0288761 0.0677161 0.350953
0 0.113142 0.783765 0.0429728 0.052645 0.349887
0 0.366198 0.782897 0.0286442 0.0568951 0.337665
0 0.169672 0.77661 0.0353652 0.0437703 0.316288
0 0.385733 0.77612 0.0345804 0.103463 0.30606
0 0.0995906 0.782273 0.0516817 0.0636859 0.30078
0 0.580285 0.834568 0.0757356 0.119779 0.293106
0 0.603694 0.838191 0.114549 0.135273 0.284979
0 0.146308 0.778405 0.0458853 0.0490058 0.284295
0 0.204166 0.780684 0.0368108 0.0428652 0.276827
0 0.344199 0.778186 0.03504 0.0548294 0.270414
0 0.924653 0.875405 0.150694 0.243149 0.253424
