0 0.922894 0.416421 0.154212 0.145036 0.700538
0 0.121009 0.464721 0.0336708 0.042218 0.452769
0 0.659454 0.421634 0.134085 0.15723 0.452456
0 0.0608994 0.469885 0.0381008 0.0364346 0.447454
0 0.455768 0.444774 0.084979 0.126962 0.396125
0 0.501659 0.442767 0.0273802 0.0479329 0.382053
0 0.152321 0.466771 0.0303943 0.0390544 0.363532
0 0.643882 0.440146 0.0994219 0.121499 0.349038
0 0.0934919 0.472016 0.0251397 0.0306717 0.331658
0 0.382301 0.470577 0.0700808 0.0843742 0.321632
0 0.299788 0.483071 0.0846851 0.0798396 0.290519
0 0.544383 0.429222 0.0433582 0.0491803 0.277999
0 0.0212752 0.455364 0.0410866 0.0381697 0.276557
0 0.515055 0.431685 0.0497843 0.0609785 0.269689
0 0.591719 0.434017 0.0187536 0.0482452 0.264683
0 0.524667 0.430468 0.0349602 0.0492057 0.252784
