0 0.878892 0.752578 0.24208 0.479933 0.870475
0 0.529665 0.57939 0.0518728 0.0572432 0.679675
0 0.196395 0.634597 0.224756 0.252723 0.490236
0 0.508841 0.556064 0.0282797 0.0356657 0.472789
0 0.419287 0.57285 0.0364311 0.0528907 0.418745
0 0.606665 0.632554 0.0784545 0.0973731 0.402806
0 0.433703 0.557844 0.0246415 0.0401296 0.394686
0 0.44001 0.551282 0.0200377 0.0332869 0.390845
0 0.478333 0.5501 0.0196744 0.0325239 0.375066
0 0.426577 0.570425 0.029369 0.0473217 0.374521
0 0.345093 0.613295 0.0752628 0.138563 0.331388
0 0.493923 0.541943 0.0154445 0.0265242 0.328278
0 0.684034 0.645828 0.0983953 0.132496 0.32676
0 0.512832 0.562576 0.0302377 0.0410928 0.314728
0 0.300536 0.627415 0.081058 0.168048 0.309516
0 0.451611 0.543773 0.0169124 0.0303806 0.295058
0 0.435982 0.565556 0.0246627 0.0440955 0.286177
0 0.587988 0.625495 0.0420024 0.0809474 0.285559
0 0.41257 0.579083 0.0364445 0.0578223 0.285121
0 0.621792 0.637958 0.0687907 0.0951525 0.274346
0 0.325362 0.620692 0.0671197 0.143064 0.268968
0 0.395652 0.596403 0.0537913 0.105826 0.263851
0 0.391877 0.578172 0.0438451 0.0706784 0.258965
0 0.355679 0.624 0.055215 0.109259 0.258643
0 0.50085 0.555943 0.0146008 0.0308251 0.251169
