0 0.525527 0.362941 0.0619279 0.0658773 0.372119
0 0.691422 0.35379 0.0508707 0.0674513 0.367014
0 0.579983 0.371718 0.0369179 0.041323 0.359846
0 0.62244 0.363255 0.0301805 0.0357585 0.348985
0 0.653751 0.361346 0.0403278 0.0504705 0.337061
0 0.444486 0.375205 0.0690703 0.0799323 0.325035
0 0.627475 0.360748 0.0373539 0.0492421 0.291761
0 0.821756 0.365285 0.0973822 0.0984511 0.28247
0 0.792616 0.343016 0.15686 0.142068 0.276087
0 0.421728 0.372871 0.0250341 0.0466787 0.259644
0 0.464409 0.367514 0.0288022 0.0344574 0.254092
