0 0.53927 0.849127 0.228115 0.299785 0.816897
0 0.878093 0.744285 0.240903 0.348987 0.77242
0 0.340047 0.721174 0.0789152 0.0910685 0.711649
0 0.735658 0.766932 0.0816978 0.13615 0.462063
0 0.14838 0.7613 0.110031 0.132731 0.411951
0 0.653613 0.754337 0.0828654 0.117938 0.410706
0 0.400494 0.708155 0.0378399 0.0599387 0.345679
0 0.294943 0.715772 0.033377 0.0590668 0.340765
0 0.405815 0.701981 0.0320482 0.0495838 0.323601
0 0.0263374 0.821062 0.0526749 0.328733 0.282881
0 0.412629 0.71521 0.0443821 0.0784439 0.269891
0 0.389045 0.718346 0.0351479 0.0723741 0.269543
0 0.437739 0.703395 0.0494747 0.0700365 0.262067
0 0.442303 0.750424 0.0873589 0.166541 0.260562
0 0.455904 0.695896 0.0426687 0.0586387 0.258742
0 0.446629 0.698246 0.0402299 0.0600601 0.257818
