0 0.914195 0.535535 0.17146 0.169834 0.722511
0 0.274727 0.517165 0.0329773 0.0387488 0.676452
0 0.358415 0.565505 0.103199 0.156695 0.413338
0 0.525334 0.503432 0.0297371 0.0392351 0.398788
0 0.535308 0.504473 0.0505318 0.0443848 0.383026
0 0.649836 0.512397 0.081422 0.0878059 0.378425
0 0.590585 0.528459 0.0509559 0.046048 0.378144
0 0.0355056 0.552973 0.0710111 0.0834561 0.360804
0 0.747645 0.51979 0.118225 0.101556 0.34256
0 0.53004 0.517051 0.0691232 0.0724591 0.309131
0 0.210466 0.538465 0.0395151 0.06528 0.305313
0 0.134859 0.543734 0.0599499 0.0687949 0.30179
0 0.15084 0.532897 0.0820397 0.0884781 0.291601
0 0.197945 0.535439 0.06413 0.0775987 0.289271
0 0.025064 0.559892 0.0499371 0.0693856 0.277299
0 0.0533931 0.548883 0.106292 0.0932955 0.277034
0 0.524395 0.508223 0.0419454 0.0518378 0.272843
0 0.686387 0.478282 0.090001 0.126557 0.270076
0 0.661497 0.500293 0.0534361 0.0631872 0.264728
0 0.63418 0.511317 0.0511061 0.0639735 0.263792
0 0.0871431 0.550688 0.069012 0.069652 0.263302
0 0.612448 0.517648 0.0953462 0.0743181 0.261277
0 0.174883 0.539021 0.0372154 0.0587916 0.258575
