0 0.0601142 0.606834 0.119141 0.134615 0.503981
0 0.168885 0.597292 0.0547711 0.0900747 0.493743
0 0.530263 0.576923 0.0337522 0.0533264 0.472383
0 0.577037 0.585151 0.0633221 0.0777345 0.449745
0 0.586057 0.593132 0.0444653 0.0621523 0.387087
0 0.154728 0.600073 0.0805743 0.100984 0.344615
0 0.135977 0.60032 0.051272 0.104469 0.343499
0 0.365962 0.575725 0.0239994 0.0319411 0.334866
0 0.557529 0.582051 0.0310386 0.0597527 0.307399
0 0.510099 0.567026 0.021426 0.0400714 0.306965
0 0.216527 0.592762 0.0522919 0.0787589 0.303459
0 0.468928 0.556617 0.02133 0.0269046 0.297205
0 0.231518 0.585798 0.0783488 0.0940587 0.295384
0 0.458545 0.553944 0.0195946 0.024617 0.263051
