0 0.52676 0.58537 0.141702 0.234698 0.870705
0 0.129937 0.538179 0.165416 0.133273 0.802676
0 0.758908 0.540339 0.119065 0.121409 0.693977
0 0.962411 0.598734 0.0751781 0.231352 0.545284
0 0.450799 0.512048 0.0381083 0.0492304 0.495182
0 0.37442 0.503231 0.0367865 0.044721 0.452802
0 0.642814 0.532802 0.0928737 0.119909 0.445591
0 0.396957 0.502179 0.0293601 0.039802 0.425158
0 0.418364 0.504283 0.0327652 0.0488878 0.35687
0 0.38659 0.503966 0.0443941 0.0464125 0.346793
0 0.686967 0.536182 0.0495532 0.0856806 0.287541
0 0.59085 0.509043 0.0263489 0.0576675 0.286597
0 0.597997 0.512915 0.0323651 0.0653559 0.260012
0 0.622873 0.527797 0.0589722 0.109463 0.252964
