0 0.476188 0.620188 0.0183752 0.0288479 0.437747
0 0.43709 0.633777 0.051444 0.0612784 0.431844
0 0.424299 0.634958 0.0302205 0.0496197 0.345846
0 0.451772 0.626219 0.0226236 0.0394174 0.326592
0 0.448825 0.633439 0.0311346 0.0521033 0.313614
0 0.508803 0.624502 0.0231599 0.0299866 0.308289
0 0.380032 0.633381 0.0423328 0.0543062 0.301293
0 0.412848 0.634629 0.0452668 0.0565323 0.296063
0 0.343056 0.641506 0.0293587 0.0424903 0.295974
0 0.355014 0.640096 0.0436521 0.0479362 0.294426
0 0.366867 0.639811 0.0289587 0.0414678 0.277844
0 0.390293 0.633191 0.0314125 0.0508918 0.277664
0 0.307511 0.646035 0.0385265 0.04838 0.27586
0 0.321126 0.643642 0.056531 0.0538979 0.268833
0 0.631055 0.606221 0.0841225 0.0632204 0.257472
