0 0.796002 0.531501 0.407996 0.444091 0.843495
0 0.13264 0.481872 0.264393 0.388402 0.813395
0 0.598224 0.4439 0.0699984 0.145718 0.526123
0 0.517041 0.436507 0.026129 0.0543759 0.502087
0 0.502869 0.433852 0.0249463 0.0459435 0.48291
0 0.539935 0.445729 0.0376352 0.0746696 0.460438
0 0.471779 0.43126 0.0273601 0.0421056 0.389588
0 0.480221 0.43126 0.0291281 0.0444027 0.389303
0 0.562257 0.4488 0.0338848 0.0808333 0.355653
0 0.324211 0.438677 0.0849616 0.149857 0.299367
0 0.592746 0.461584 0.0530124 0.104884 0.294132
0 0.323588 0.452717 0.0726105 0.0994944 0.294069
0 0.477312 0.417886 0.0353245 0.069047 0.281279
0 0.29397 0.454562 0.103466 0.162853 0.274142
0 0.461606 0.427146 0.0265223 0.0410066 0.269043
0 0.375959 0.422776 0.0324039 0.055845 0.268843
0 0.549315 0.440254 0.0551719 0.101974 0.266097
0 0.345578 0.444086 0.0428904 0.080679 0.265153
0 0.352756 0.432445 0.0451079 0.0871745 0.264933
0 0.364214 0.426749 0.0429063 0.071012 0.261897
0 0.571129 0.451902 0.0373613 0.0893585 0.259008
