0 0.326365 0.411376 0.0322887 0.0454183 0.477404
0 0.445748 0.410152 0.0286603 0.0363475 0.45703
0 0.293938 0.414646 0.0381935 0.0491475 0.43452
0 0.170818 0.437782 0.0801387 0.0836962 0.424533
0 0.407776 0.398989 0.0165533 0.0237864 0.418926
0 0.0888661 0.434551 0.0579134 0.0657639 0.401635
0 0.242589 0.448094 0.0765308 0.0735501 0.3915
0 0.361995 0.394463 0.0186529 0.025914 0.363667
0 0.349253 0.402992 0.0225773 0.0357822 0.360437
0 0.357566 0.39626 0.0225748 0.0299325 0.354464
0 0.0704927 0.430837 0.0894728 0.0761095 0.350472
0 0.314488 0.413907 0.047701 0.0525255 0.309845
0 0.269084 0.434054 0.0556868 0.0744995 0.304044
0 0.0520727 0.434974 0.0555969 0.0584378 0.299942
0 0.262644 0.444619 0.0414061 0.0641171 0.291086
0 0.042859 0.43703 0.0381278 0.0500071 0.284284
0 0.227417 0.451831 0.044734 0.058853 0.280534
0 0.226409 0.420576 0.0421317 0.0497542 0.276156
0 0.348947 0.413716 0.0219537 0.0358502 0.271048
0 0.290681 0.426253 0.0424428 0.0698539 0.265094
0 0.158315 0.436563 0.057289 0.0713421 0.256683
0 0.393795 0.398761 0.0175622 0.0244537 0.252422
0 0.376201 0.398707 0.0160939 0.022212 0.251782
