0 0.160271 0.4823 0.283786 0.284937 0.860175
0 0.571305 0.499524 0.217216 0.291241 0.838022
0 0.0642194 0.460013 0.127949 0.227088 0.750359
0 0.315097 0.424932 0.0964442 0.15114 0.644789
0 0.396142 0.381034 0.0336688 0.0405126 0.632129
0 0.467834 0.386164 0.0324033 0.0644994 0.464023
0 0.372496 0.387846 0.0279172 0.0448363 0.426212
0 0.483052 0.404606 0.025961 0.0694761 0.395035
0 0.362712 0.386564 0.0350928 0.0515761 0.386889
0 0.42993 0.36352 0.0409472 0.0645094 0.383016
0 0.419754 0.381419 0.0197288 0.0307443 0.374935
0 0.434887 0.381927 0.0284462 0.0281479 0.347173
0 0.428364 0.380017 0.030048 0.0321036 0.346439
0 0.440723 0.381268 0.019642 0.0234789 0.319685
0 0.463427 0.379445 0.0248162 0.0527766 0.303562
0 0.543769 0.395428 0.13434 0.111885 0.299481
0 0.306038 0.365567 0.0709842 0.0345503 0.278901
0 0.498107 0.396119 0.054288 0.0963021 0.273981
0 0.422398 0.385052 0.0163011 0.0241481 0.254469
0 0.352933 0.389127 0.03325 0.0590605 0.253206
