0 0.331737 0.379735 0.11759 0.187144 0.77576
0 0.418031 0.386474 0.0615097 0.0844733 0.397849
0 0.466394 0.393359 0.0326448 0.0507207 0.37411
0 0.500018 0.388393 0.0300647 0.0474335 0.354409
0 0.189729 0.393985 0.0417205 0.0544551 0.35404
0 0.220006 0.388863 0.0458367 0.0557 0.350519
0 0.481944 0.386003 0.0639407 0.075167 0.33095
0 0.168525 0.397449 0.045339 0.0581731 0.319565
0 0.108127 0.399162 0.0874892 0.0823764 0.313262
0 0.145257 0.394882 0.0739457 0.07547 0.302569
0 0.230223 0.389231 0.0341946 0.0482686 0.290421
0 0.200384 0.392715 0.0409816 0.0529375 0.275477
0 0.127957 0.394289 0.0632587 0.0748632 0.271173
