0 0.455443 0.474324 0.132499 0.18217 0.687693
0 0.294853 0.48626 0.0787598 0.0971987 0.508524
0 0.82097 0.365142 0.0439348 0.0451813 0.430551
0 0.772618 0.36089 0.0436514 0.0523739 0.383784
0 0.859768 0.361523 0.0367222 0.0454454 0.352518
0 0.313358 0.474744 0.113607 0.124999 0.325213
0 0.906188 0.357511 0.0538841 0.0567083 0.307124
0 0.841148 0.363348 0.063982 0.0512319 0.306976
0 0.645228 0.357402 0.126633 0.111609 0.298019
0 0.357456 0.461276 0.0626791 0.0965025 0.29747
0 0.894641 0.359403 0.0341532 0.0442059 0.295964
0 0.346971 0.460415 0.0439648 0.068779 0.289388
0 0.943611 0.351658 0.104919 0.0883328 0.278766
0 0.312759 0.13874 0.14108 0.0621428 0.268249
0 0.336863 0.459458 0.0633639 0.090832 0.256136
