0 0.0548905 0.491638 0.109781 0.183968 0.866576
0 0.266404 0.475387 0.0973799 0.117588 0.639835
0 0.131229 0.482243 0.0619926 0.113677 0.374241
0 0.341681 0.440285 0.0250114 0.0319901 0.350957
0 0.36529 0.432743 0.0208683 0.0309645 0.346252
0 0.153446 0.483671 0.0983355 0.116033 0.312215
0 0.186564 0.458702 0.0398603 0.0591363 0.293197
0 0.316309 0.442064 0.024699 0.0411279 0.291341
0 0.33791 0.435706 0.0303104 0.0407311 0.285397
0 0.389059 0.438129 0.0217646 0.0340339 0.280663
0 0.176926 0.465143 0.0586646 0.0736033 0.277388
0 0.485283 0.432302 0.0363555 0.0412713 0.27727
0 0.445083 0.431904 0.0255569 0.0346814 0.274775
0 0.2191 0.45522 0.0488131 0.0803516 0.270417
0 0.452487 0.429453 0.0329971 0.040642 0.261921
