0 0.566185 0.470161 0.0701189 0.100458 0.734733
0 0.61404 0.438435 0.0230571 0.0441032 0.438868
0 0.838619 0.426369 0.142354 0.144899 0.432643
0 0.418391 0.482064 0.0412797 0.0453812 0.354672
0 0.597913 0.450642 0.0281276 0.0609912 0.352384
0 0.812339 0.436161 0.0977123 0.126516 0.330066
0 0.804664 0.410396 0.064167 0.0680822 0.321666
0 0.789479 0.42088 0.0345187 0.0401693 0.289645
0 0.840035 0.407761 0.0629076 0.0622501 0.270178
0 0.887497 0.415305 0.0458094 0.0913583 0.267711
0 0.8521 0.410285 0.0351713 0.0470247 0.267038
0 0.832935 0.451884 0.0600256 0.0674983 0.261434
0 0.591097 0.44068 0.0442997 0.083365 0.256651
0 0.862014 0.430617 0.0975149 0.111572 0.255
