0 0.249798 0.522908 0.0766079 0.0916377 0.469684
0 0.829773 0.564081 0.191273 0.170662 0.456571
0 0.40403 0.476622 0.0335276 0.0373193 0.427033
0 0.621677 0.507233 0.0816695 0.103168 0.42667
0 0.624239 0.473459 0.100368 0.167278 0.39295
0 0.483835 0.478837 0.0269746 0.0340134 0.38994
0 0.439551 0.474433 0.0273831 0.0311557 0.387452
0 0.445451 0.475072 0.0216854 0.0299611 0.38142
0 0.539909 0.488255 0.0415606 0.0437168 0.378828
0 0.430078 0.472667 0.0215369 0.0289597 0.361771
0 0.471327 0.476909 0.039008 0.0399487 0.35279
0 0.530589 0.488195 0.0357697 0.0405641 0.317294
0 0.548643 0.488878 0.031313 0.042057 0.31664
0 0.326684 0.492195 0.0483781 0.0629567 0.30608
0 0.508453 0.480279 0.0255357 0.0375153 0.287955
0 0.500817 0.479338 0.0332819 0.0378257 0.286276
0 0.359977 0.477622 0.0373342 0.0409259 0.286126
0 0.5745 0.498046 0.0360448 0.0655485 0.285119
0 0.567181 0.491285 0.0423253 0.0535036 0.272365
0 0.3969 0.479328 0.0333014 0.0376906 0.255593
0 0.536857 0.472782 0.0522777 0.0725717 0.25053
