0 0.850583 0.686281 0.298761 0.422215 0.840406
0 0.382396 0.567114 0.0566174 0.0772271 0.793809
0 0.663219 0.632616 0.107805 0.213181 0.537038
0 0.600562 0.588122 0.0985037 0.169717 0.534817
0 0.501098 0.530112 0.0270081 0.0383347 0.458992
0 0.521591 0.580059 0.0724013 0.0933604 0.41328
0 0.420218 0.561482 0.0264405 0.0498864 0.402347
0 0.470673 0.543617 0.0276224 0.0376434 0.379629
0 0.500018 0.57479 0.0356416 0.0693168 0.352112
0 0.537395 0.58035 0.0448051 0.0856805 0.329972
0 0.495773 0.565749 0.0297039 0.0528815 0.317618
0 0.442539 0.539155 0.0234158 0.0331977 0.293176
0 0.465195 0.544616 0.0361607 0.0446082 0.279098
0 0.666522 0.587977 0.0962954 0.124075 0.274556
0 0.530103 0.531326 0.0230367 0.0343236 0.272619
0 0.467458 0.553673 0.0333604 0.0461587 0.269179
0 0.538115 0.535792 0.0401559 0.0511795 0.259228
