0 0.493657 0.450887 0.0331333 0.0364319 0.364489
0 0.418898 0.446196 0.028793 0.0381363 0.33175
0 0.366327 0.470989 0.0589039 0.075961 0.31568
0 0.453635 0.444605 0.0415365 0.0520469 0.30399
0 0.443815 0.438938 0.0268533 0.0371655 0.299802
0 0.403672 0.457231 0.0361387 0.0567471 0.284254
0 0.0748989 0.470736 0.14922 0.156782 0.276843
0 0.288063 0.460296 0.0489314 0.0652128 0.266846
0 0.270968 0.458472 0.0580196 0.0734677 0.258495
0 0.465237 0.447634 0.0274555 0.0411877 0.257075
0 0.309626 0.44942 0.031675 0.0679128 0.25185
0 0.44515 0.45123 0.0472349 0.0578284 0.25099
