0 0.368406 0.454783 0.0247723 0.0362557 0.637441
0 0.337512 0.459979 0.0279053 0.0497764 0.568006
0 0.469693 0.458848 0.0262451 0.0406247 0.542028
0 0.497817 0.462893 0.0341118 0.043505 0.506208
0 0.400814 0.457133 0.0263558 0.0375502 0.493933
0 0.564958 0.461009 0.0334806 0.0525609 0.451993
0 0.32454 0.461283 0.0399059 0.0568153 0.451732
0 0.443431 0.451771 0.0197645 0.0346119 0.444517
0 0.460585 0.4558 0.024546 0.0390974 0.443751
0 0.313758 0.461956 0.0374305 0.0582442 0.435586
0 0.607337 0.47132 0.055373 0.0746102 0.416528
0 0.536007 0.458415 0.0326149 0.052839 0.397275
0 0.302581 0.462171 0.0353669 0.0563558 0.388592
0 0.52592 0.459137 0.0314072 0.0483095 0.385957
0 0.430598 0.449552 0.0262078 0.0377226 0.373612
0 0.275863 0.463621 0.0413917 0.0671005 0.364039
0 0.512353 0.46077 0.0264763 0.044327 0.356033
0 0.598269 0.46502 0.0391145 0.0594799 0.342946
0 0.163315 0.464145 0.121111 0.114874 0.335671
0 0.547633 0.45099 0.0512803 0.0641001 0.333027
0 0.437619 0.449892 0.0262019 0.0402269 0.309449
0 0.234769 0.458311 0.0566734 0.10054 0.292654
0 0.584642 0.46741 0.0447682 0.0652461 0.291638
0 0.177562 0.445286 0.157897 0.150738 0.289144
0 0.284544 0.458929 0.0589374 0.0830519 0.279129
0 0.57112 0.469799 0.0436037 0.0699321 0.275636
0 0.506805 0.456927 0.0391497 0.0550812 0.263747
