0 0.42424 0.49213 0.113809 0.188567 0.78614
0 0.063801 0.5735 0.127602 0.394378 0.665903
0 0.357679 0.466517 0.0248906 0.0464189 0.378724
0 0.314871 0.473384 0.0461192 0.0584786 0.368564
0 0.335719 0.465391 0.0346411 0.0548867 0.368078
0 0.865683 0.407625 0.0363749 0.0423937 0.364589
0 0.141412 0.503519 0.0824178 0.105428 0.362326
0 0.326617 0.469773 0.0351963 0.0557 0.30077
0 0.37394 0.462327 0.0273989 0.0517044 0.297048
0 0.296367 0.480452 0.0457167 0.0610408 0.296385
0 0.488583 0.477788 0.021678 0.0323854 0.288652
0 0.610489 0.490345 0.0497098 0.0414332 0.276091
0 0.308677 0.471701 0.0651183 0.074353 0.262373
