0 0.146137 0.612825 0.292275 0.296666 0.866955
0 0.891844 0.722375 0.215903 0.546773 0.860304
0 0.762504 0.637854 0.193384 0.239671 0.847747
0 0.502086 0.537394 0.0275606 0.0345305 0.589792
0 0.64349 0.572689 0.0833394 0.105354 0.558977
0 0.330778 0.578444 0.0936248 0.124943 0.550209
0 0.423865 0.544594 0.0584169 0.0844352 0.538059
0 0.559352 0.541919 0.0269461 0.0484444 0.461533
0 0.470434 0.535042 0.0195471 0.0315609 0.456123
0 0.379505 0.561002 0.0532072 0.0940609 0.422497
0 0.591634 0.5467 0.0461828 0.0785236 0.407741
0 0.547812 0.541032 0.018786 0.0385139 0.361364
0 0.581541 0.544803 0.0293397 0.0714845 0.353826
0 0.524906 0.536764 0.0216824 0.0298314 0.353387
0 0.60495 0.549554 0.0530638 0.0888099 0.324708
0 0.454685 0.540449 0.0205279 0.0522483 0.275558
0 0.637723 0.578168 0.0627331 0.081977 0.275412
0 0.467596 0.526848 0.0265371 0.0468525 0.263014
