0 0.0817955 0.626238 0.0310118 0.0435596 0.500561
0 0.0119116 0.645426 0.0238233 0.0924696 0.421563
0 0.258965 0.585682 0.0492379 0.0518575 0.394386
0 0.220158 0.591211 0.038324 0.0523507 0.384994
0 0.181075 0.596891 0.0373513 0.048576 0.3713
0 0.300205 0.620645 0.080863 0.0842555 0.350051
0 0.0494396 0.632809 0.0372935 0.0536901 0.33528
0 0.0335413 0.633567 0.0632053 0.0871555 0.331193
0 0.136211 0.61044 0.0500085 0.0538084 0.313293
0 0.255863 0.599896 0.0503032 0.0727041 0.303841
0 0.993025 0.63556 0.0139496 0.104052 0.29838
0 0.0233469 0.635604 0.0432371 0.0730275 0.293284
0 0.2248 0.604327 0.033184 0.0587146 0.292677
0 0.243584 0.604289 0.0636097 0.0673521 0.283589
0 0.0761101 0.62091 0.0439886 0.0609807 0.279195
0 0.147884 0.604612 0.0374592 0.0511802 0.269854
0 0.131285 0.586205 0.0453123 0.0447695 0.258516
0 0.123441 0.593373 0.036659 0.04933 0.258476
0 0.212061 0.600724 0.0485083 0.0664032 0.251241
