0 0.546048 0.46945 0.0590452 0.0909919 0.782851
0 0.100819 0.675492 0.201178 0.360835 0.62223
0 0.63168 0.447105 0.0262042 0.0346532 0.326843
0 0.675756 0.452823 0.0241452 0.0267641 0.324412
0 0.756599 0.475478 0.0299945 0.0338513 0.316452
0 0.763608 0.477162 0.0428957 0.0384242 0.305652
0 0.589228 0.447625 0.0231235 0.0365777 0.305555
0 0.603984 0.449935 0.0234951 0.0360948 0.289485
0 0.580771 0.455162 0.0233181 0.0403161 0.286857
0 0.708995 0.451353 0.0238523 0.0298967 0.279973
0 0.718755 0.454155 0.02398 0.028791 0.273498
0 0.605824 0.459954 0.0193811 0.0296495 0.270399
0 0.581251 0.462502 0.0204471 0.0345791 0.268189
