0 0.414583 0.448932 0.035845 0.0385015 0.386561
0 0.441798 0.448529 0.034844 0.0364951 0.374911
0 0.34006 0.468578 0.0319674 0.0373705 0.344331
0 0.467456 0.447766 0.0324533 0.0371894 0.302904
0 0.489614 0.444409 0.0259356 0.040702 0.299371
0 0.456326 0.447812 0.0431091 0.0416957 0.296388
0 0.348342 0.465724 0.04877 0.0470995 0.296021
0 0.0234408 0.467596 0.0468815 0.082751 0.286252
0 0.139878 0.466672 0.143243 0.0844777 0.277966
0 0.0109393 0.41622 0.0218786 0.0485833 0.275881
0 0.365828 0.462606 0.0591451 0.0480526 0.274773
0 0.380547 0.459433 0.0301449 0.0349284 0.25991
0 0.349558 0.454563 0.043184 0.042707 0.257029
