0 0.0860402 0.533523 0.171111 0.329966 0.71964
0 0.357006 0.479929 0.0357491 0.0484857 0.431324
0 0.487814 0.507926 0.0628195 0.0928011 0.420226
0 0.282291 0.450318 0.0296988 0.0455512 0.38931
0 0.319495 0.455537 0.0227031 0.0343648 0.374042
0 0.446901 0.491673 0.0381591 0.0572284 0.346021
0 0.255922 0.50654 0.081053 0.104741 0.335474
0 0.310947 0.452008 0.0324547 0.0406448 0.32963
0 0.303447 0.450591 0.0245372 0.0389459 0.326347
0 0.250444 0.448085 0.0348158 0.0563836 0.32534
0 0.0465457 0.42555 0.0916314 0.128329 0.318841
0 0.456468 0.49416 0.0415076 0.0614753 0.310054
0 0.435304 0.485563 0.0320473 0.055623 0.298026
0 0.427641 0.477665 0.0479257 0.0717682 0.296692
0 0.241536 0.447761 0.0468218 0.0615729 0.28073
0 0.408109 0.475939 0.0301258 0.0550401 0.27913
0 0.14685 0.475103 0.0823532 0.1298 0.256024
