0 0.442929 0.47904 0.147353 0.198018 0.82512
0 0.113073 0.476092 0.181703 0.162332 0.669277
0 0.233147 0.456968 0.0766881 0.0931529 0.589092
0 0.539476 0.454808 0.0468557 0.0629698 0.365025
0 0.289486 0.446799 0.0547962 0.0735908 0.344249
0 0.557377 0.401461 0.0994546 0.175673 0.338359
0 0.576673 0.447436 0.0421202 0.0587335 0.329926
0 0.556558 0.436814 0.0849819 0.10301 0.325417
0 0.0145066 0.487664 0.0290133 0.0862612 0.307917
0 0.581502 0.4375 0.0464321 0.0638294 0.307149
0 0.855644 0.417584 0.110015 0.0791268 0.259511
0 0.309043 0.445895 0.0550397 0.0705422 0.257918
