0 0.469876 0.62231 0.0495806 0.0828506 0.378898
0 0.408154 0.619724 0.0497046 0.0670958 0.354954
0 0.529878 0.629604 0.0886898 0.11945 0.354313
0 0.393983 0.623226 0.0292954 0.0552002 0.319358
0 0.265692 0.614642 0.0305492 0.0389772 0.308285
0 0.443296 0.617934 0.0294297 0.0598082 0.305454
0 0.6156 0.66185 0.132969 0.164733 0.299501
0 0.287672 0.611122 0.043928 0.0422711 0.290731
0 0.335533 0.601994 0.0344142 0.0436812 0.278536
0 0.419969 0.612238 0.032488 0.0516591 0.268958
0 0.503048 0.631408 0.0413403 0.0919388 0.262793
0 0.325255 0.602861 0.03312 0.0449005 0.260817
0 0.514397 0.632636 0.0611881 0.0986827 0.258977
