0 0.170956 0.539575 0.0280602 0.0385495 0.467572
0 0.288078 0.538194 0.0370788 0.0543823 0.415043
0 0.435459 0.520056 0.0246837 0.035611 0.410786
0 0.385109 0.52312 0.0184201 0.0297024 0.378721
0 0.31569 0.530997 0.0256912 0.0411814 0.340318
0 0.36421 0.525535 0.0199374 0.0304523 0.339966
0 0.877837 0.464099 0.243554 0.224101 0.335774
0 0.342363 0.528212 0.0301579 0.0335566 0.304499
0 0.331216 0.529272 0.0295208 0.0367933 0.27892
0 0.379825 0.534619 0.0290687 0.0448222 0.272997
0 0.407066 0.516381 0.0184333 0.0299605 0.264053
