0 0.149592 0.569203 0.298716 0.50684 0.803063
0 0.770528 0.421354 0.164681 0.218396 0.784947
0 0.490738 0.453278 0.0441976 0.0476569 0.389954
0 0.610544 0.460106 0.040496 0.0488714 0.387792
0 0.477555 0.448848 0.0283404 0.0390494 0.376745
0 0.471516 0.443747 0.02442 0.037453 0.361375
0 0.30247 0.528333 0.083384 0.233355 0.357912
0 0.45168 0.439759 0.0230513 0.0362059 0.350237
0 0.499305 0.45454 0.0297201 0.0401043 0.347659
0 0.345804 0.503195 0.0718112 0.152534 0.310603
0 0.327541 0.506855 0.0978379 0.179212 0.301615
0 0.413144 0.462542 0.0387079 0.044637 0.281845
0 0.483097 0.441604 0.0429217 0.0563199 0.261442
0 0.991552 0.554617 0.0168967 0.196437 0.250511
