0 0.800677 0.612255 0.398066 0.620888 0.871297
0 0.0679257 0.545517 0.135851 0.258498 0.681036
0 0.599616 0.501684 0.0939569 0.178013 0.589495
0 0.61199 0.560315 0.0704098 0.199431 0.551128
0 0.468531 0.477126 0.0275894 0.0353872 0.472289
0 0.524483 0.480865 0.0278411 0.0552441 0.460823
0 0.391194 0.48474 0.043239 0.0554162 0.431144
0 0.239053 0.497856 0.146361 0.166602 0.426691
0 0.475973 0.475514 0.0417683 0.0393119 0.410022
0 0.490574 0.476729 0.0218575 0.0310606 0.393946
0 0.534838 0.483061 0.0310678 0.0666751 0.38662
0 0.543242 0.492193 0.0269816 0.0777135 0.371418
0 0.55051 0.495561 0.0339043 0.0874797 0.358291
0 0.416385 0.478113 0.0327432 0.0499525 0.34582
0 0.560692 0.504181 0.0365611 0.0958718 0.321378
0 0.376953 0.485125 0.0438186 0.0596371 0.32028
0 0.442626 0.478439 0.026822 0.0433463 0.319232
0 0.591292 0.529608 0.0662407 0.158378 0.314585
0 0.154033 0.508673 0.0729593 0.143359 0.312306
0 0.335758 0.483848 0.0595616 0.0889938 0.296949
0 0.324903 0.486803 0.0779181 0.111877 0.289834
0 0.516813 0.475258 0.0228818 0.047289 0.286733
0 0.529599 0.474516 0.0386279 0.0758969 0.275478
0 0.567901 0.488976 0.046823 0.143136 0.258291
