0 0.59109 0.552711 0.143525 0.209736 0.841303
0 0.455501 0.466206 0.0300132 0.0409671 0.48431
0 0.425265 0.465841 0.0293137 0.0329251 0.461312
0 0.38323 0.463263 0.029643 0.0323503 0.440461
0 0.903947 0.4566 0.0563732 0.05016 0.400389
0 0.480247 0.459612 0.0278524 0.0400977 0.357992
0 0.61384 0.445669 0.0314512 0.0335768 0.345598
0 0.530828 0.45674 0.034433 0.0432485 0.322557
0 0.311151 0.472624 0.0590611 0.0472726 0.322524
0 0.817779 0.458541 0.0594044 0.0605886 0.322479
0 0.470317 0.46112 0.0437936 0.04781 0.322287
0 0.799856 0.456319 0.0361069 0.0535719 0.30838
0 0.5986 0.446804 0.0516355 0.0369985 0.306016
0 0.369425 0.464961 0.0297074 0.0327376 0.298138
0 0.833416 0.461707 0.0870761 0.0602512 0.290975
0 0.398323 0.462775 0.0275542 0.0324112 0.284471
0 0.870367 0.463389 0.0309752 0.0416494 0.278387
0 0.523226 0.460827 0.0417553 0.0442969 0.273475
0 0.509545 0.457552 0.0315829 0.0399058 0.252008
