0 0.69274 0.467079 0.172174 0.240671 0.757524
0 0.352235 0.449324 0.132549 0.166867 0.69854
0 0.556387 0.438849 0.0288381 0.0460264 0.475296
0 0.977997 0.542694 0.0436665 0.18115 0.439588
0 0.507991 0.432116 0.0248551 0.0334429 0.402792
0 0.597281 0.445778 0.0367562 0.059413 0.389219
0 0.513522 0.438756 0.0389179 0.0560194 0.383983
0 0.111026 0.433559 0.222053 0.245021 0.374845
0 0.534183 0.431715 0.0255319 0.0394192 0.363492
0 0.480235 0.427753 0.0339578 0.0442579 0.361819
0 0.195666 0.440345 0.15698 0.159411 0.341194
0 0.496958 0.437187 0.0426756 0.0556163 0.337762
0 0.585529 0.439538 0.0331931 0.053019 0.331002
0 0.57741 0.43535 0.024183 0.0439651 0.32492
0 0.513621 0.443089 0.0574656 0.0727758 0.312589
0 0.49133 0.430595 0.0328703 0.0395133 0.310352
0 0.237363 0.426364 0.105403 0.128888 0.30847
0 0.136833 0.456447 0.169871 0.187357 0.293747
0 0.286207 0.428376 0.053616 0.0988729 0.291982
0 0.481562 0.435494 0.0446494 0.0623149 0.291099
0 0.786664 0.485483 0.0265645 0.0460346 0.289496
0 0.421475 0.455495 0.040152 0.0916077 0.273194
0 0.0709153 0.456878 0.141831 0.209356 0.266694
0 0.798409 0.426364 0.0415172 0.0369273 0.265209
0 0.42117 0.444463 0.0354904 0.0575626 0.255276
