0 0.866515 0.547878 0.266689 0.62701 0.845223
0 0.154322 0.50847 0.307918 0.322848 0.844943
0 0.573745 0.431149 0.0685774 0.103157 0.463134
0 0.488259 0.417056 0.0281929 0.0495546 0.420778
0 0.635233 0.450409 0.0289745 0.0536726 0.403907
0 0.665084 0.452515 0.0474936 0.0693027 0.39278
0 0.548637 0.42248 0.0224977 0.0345464 0.360576
0 0.579877 0.431705 0.051304 0.0817212 0.3602
0 0.379277 0.446023 0.0787578 0.0988218 0.355505
0 0.508871 0.417184 0.0244104 0.0433375 0.345181
0 0.517682 0.415655 0.0274655 0.0436403 0.342377
0 0.46751 0.421135 0.0306987 0.052458 0.34235
0 0.6548 0.451494 0.0353545 0.0601588 0.30676
0 0.382386 0.452455 0.0616529 0.0628462 0.306746
0 0.625743 0.449325 0.0389039 0.0599903 0.297656
0 0.480811 0.42103 0.0399556 0.0614736 0.295904
0 0.432993 0.426458 0.0398413 0.0628011 0.295724
0 0.6157 0.447591 0.0308395 0.0524463 0.293684
0 0.672457 0.451466 0.0636308 0.0894043 0.29016
0 0.756908 0.47736 0.0615536 0.118502 0.289038
0 0.370059 0.455526 0.0460012 0.0619931 0.272325
0 0.764666 0.447913 0.0402736 0.0454664 0.27009
0 0.397787 0.448984 0.0378551 0.0502033 0.268027
0 0.759449 0.462122 0.0514032 0.0719488 0.255336
0 0.706223 0.462746 0.0589705 0.0934623 0.253062
0 0.41589 0.432889 0.04914 0.0733831 0.252742
0 0.305872 0.454641 0.0934313 0.154209 0.250054
