0 0.955453 0.336552 0.0890657 0.127215 0.833436
0 0.498588 0.334433 0.0227635 0.0286916 0.476206
0 0.405481 0.338921 0.0371788 0.0374823 0.455785
0 0.572658 0.342614 0.0345108 0.0449444 0.439627
0 0.518407 0.341519 0.0304349 0.0386963 0.438026
0 0.636955 0.317577 0.0284564 0.0362147 0.405952
0 0.438321 0.334186 0.0281465 0.0311881 0.395548
0 0.366819 0.342808 0.0327487 0.0395938 0.389976
0 0.545833 0.338294 0.0257233 0.0387113 0.38749
0 0.729661 0.318447 0.03161 0.0434799 0.381917
0 0.45902 0.327505 0.0311313 0.0289999 0.371287
0 0.335539 0.352568 0.0345443 0.0478522 0.366846
0 0.322583 0.349989 0.0555434 0.0556895 0.354468
0 0.241484 0.367785 0.0515598 0.0527969 0.34645
0 0.675545 0.319238 0.045694 0.0525078 0.340784
0 0.606605 0.322616 0.027156 0.0385809 0.328216
0 0.718806 0.317865 0.0505526 0.0513555 0.314158
0 0.69573 0.319804 0.03429 0.0454191 0.311653
0 0.598003 0.32811 0.0302593 0.0366294 0.309466
0 0.643978 0.315001 0.0359015 0.0414962 0.30832
0 0.686942 0.318374 0.0446864 0.0509839 0.29826
0 0.433019 0.340009 0.0337951 0.0366531 0.296465
0 0.482103 0.331025 0.0270395 0.0305419 0.271377
