0 0.382826 0.533203 0.0799875 0.106659 0.649585
0 0.50863 0.501227 0.0773448 0.133251 0.458324
0 0.129152 0.491142 0.057455 0.0625821 0.340795
0 0.0535615 0.493981 0.104061 0.0862018 0.319585
0 0.562829 0.493343 0.0253619 0.0492347 0.314974
0 0.186701 0.484921 0.0363061 0.0433022 0.301099
0 0.626561 0.484211 0.0398666 0.0514021 0.290984
0 0.546181 0.521854 0.0390165 0.070352 0.268684
0 0.73417 0.491324 0.0433392 0.0453712 0.265709
0 0.552851 0.531605 0.0297836 0.0542852 0.252771
0 0.497172 0.528051 0.0526473 0.0791384 0.250829
0 0.4575 0.531021 0.0290954 0.0467853 0.250417
