0 0.426551 0.544651 0.0430809 0.0563778 0.522924
0 0.967454 0.567763 0.0650917 0.164997 0.396498
0 0.457491 0.548258 0.0278806 0.0431354 0.373632
0 0.679353 0.558668 0.0523247 0.0493683 0.323686
0 0.232878 0.53973 0.0537189 0.0622025 0.313691
0 0.590552 0.535383 0.0460352 0.0433729 0.291499
0 0.31674 0.546934 0.0293453 0.0415695 0.27482
0 0.393086 0.532563 0.0252229 0.0366185 0.271255
0 0.59846 0.536098 0.0348125 0.0375566 0.262966
0 0.0356958 0.542478 0.040175 0.0401598 0.261073
0 0.515042 0.532402 0.0232829 0.0342314 0.254107
0 0.340842 0.547129 0.0472347 0.0464959 0.252968
0 0.544776 0.545477 0.0239354 0.0274553 0.252833
