0 0.579583 0.672141 0.0641577 0.0895994 0.45557
0 0.534471 0.667186 0.03854 0.0619917 0.428558
0 0.403287 0.622838 0.0267418 0.0371804 0.39683
0 0.497725 0.650422 0.0472648 0.0538964 0.390256
0 0.505376 0.656774 0.0407215 0.0512841 0.375215
0 0.439811 0.632657 0.0240446 0.0371311 0.367547
0 0.417142 0.621859 0.028392 0.0374613 0.353601
0 0.481285 0.644929 0.0324409 0.0472163 0.330892
0 0.448253 0.63189 0.0333994 0.0492855 0.322408
0 0.298071 0.659279 0.0807959 0.105112 0.317144
0 0.423731 0.623921 0.0210876 0.0341064 0.304748
0 0.311309 0.657992 0.056051 0.0886685 0.288512
0 0.468643 0.6429 0.0367508 0.049785 0.286378
0 0.411067 0.625931 0.0437282 0.0536652 0.278473
0 0.488777 0.644094 0.0432548 0.0558234 0.270554
