0 0.707087 0.431843 0.124679 0.170472 0.770496
0 0.897487 0.571027 0.205026 0.329855 0.666765
0 0.486957 0.40701 0.0515812 0.0660251 0.517023
0 0.595707 0.398352 0.0287431 0.0595498 0.427494
0 0.616393 0.412351 0.0356437 0.084348 0.424445
0 0.190877 0.467155 0.0654908 0.0795742 0.418039
0 0.435377 0.422752 0.041269 0.0459529 0.409079
0 0.522747 0.397008 0.0238369 0.0484372 0.405899
0 0.25434 0.451494 0.0470289 0.0652508 0.403739
0 0.549615 0.391098 0.0327086 0.0448763 0.390208
0 0.576662 0.387415 0.0223248 0.038296 0.36661
0 0.352915 0.438935 0.0601377 0.073093 0.357495
0 0.625444 0.405197 0.0517532 0.107661 0.348367
0 0.636461 0.424404 0.0340795 0.088855 0.33469
0 0.109004 0.473346 0.11349 0.124463 0.324874
0 0.623904 0.419702 0.0389029 0.0805886 0.322886
0 0.3383 0.437346 0.0894446 0.0895287 0.313613
0 0.244076 0.450192 0.0681035 0.0793381 0.313016
0 0.0518956 0.468915 0.102397 0.182419 0.297892
0 0.30556 0.440328 0.0316497 0.0504512 0.297507
0 0.0253206 0.484337 0.0506413 0.165555 0.295309
0 0.298535 0.440843 0.0363902 0.0566718 0.278226
0 0.64089 0.411101 0.0438768 0.125816 0.278041
0 0.435165 0.436778 0.0481263 0.0696062 0.275217
0 0.864741 0.523269 0.208414 0.234255 0.268389
0 0.14224 0.452133 0.180584 0.163835 0.266472
0 0.502985 0.407229 0.0254673 0.0458788 0.264431
0 0.234523 0.453155 0.0464077 0.0655172 0.260142
0 0.429307 0.424535 0.0532434 0.0649375 0.258169
