0 0.587168 0.481613 0.0347973 0.0460175 0.557644
0 0.340976 0.504779 0.0717312 0.081398 0.540082
0 0.493694 0.466844 0.0283296 0.0371785 0.469789
0 0.557476 0.470845 0.0248706 0.0385123 0.452489
0 0.10448 0.530616 0.0953309 0.105887 0.429
0 0.534055 0.465192 0.0240195 0.0398982 0.417356
0 0.564514 0.472439 0.0251296 0.0403517 0.414028
0 0.0298446 0.561771 0.0596892 0.127468 0.394602
0 0.45739 0.467125 0.0277862 0.0336249 0.390864
0 0.574042 0.47282 0.0426899 0.0546721 0.311826
0 0.480925 0.467511 0.0257264 0.0344255 0.310942
0 0.403698 0.459572 0.0280965 0.032528 0.305147
0 0.5598 0.463938 0.0307061 0.0516507 0.304585
0 0.4341 0.465331 0.0235287 0.0311759 0.298375
0 0.454763 0.459471 0.0275448 0.0399377 0.283351
0 0.012503 0.56656 0.0250059 0.128137 0.279247
0 0.383565 0.465578 0.0251694 0.0274606 0.268754
0 0.508472 0.466185 0.0169056 0.0288596 0.260922
