0 0.309475 0.371257 0.0413621 0.0564743 0.442647
0 0.469923 0.358389 0.0350981 0.0424391 0.405921
0 0.356307 0.370648 0.0512226 0.0636739 0.399121
0 0.257377 0.370613 0.0779004 0.0776255 0.373648
0 0.405523 0.382566 0.0594593 0.070086 0.359632
0 0.431587 0.373418 0.0398104 0.0479779 0.35429
0 0.341804 0.369756 0.0434708 0.0597209 0.338184
0 0.421742 0.381546 0.0403389 0.05348 0.319181
0 0.382074 0.380142 0.0434586 0.0617537 0.314988
0 0.269245 0.376064 0.054997 0.0633952 0.310907
0 0.508269 0.355104 0.0196859 0.0283776 0.292762
0 0.511442 0.351408 0.0206904 0.0311162 0.280071
0 0.329177 0.371731 0.029221 0.0514847 0.278927
0 0.579796 0.344238 0.0309743 0.0345851 0.272271
0 0.286012 0.372618 0.0594503 0.0655355 0.267487
0 0.547592 0.353595 0.0257771 0.0326586 0.253315
0 0.50066 0.355184 0.0249881 0.0326182 0.251222
