0 0.757518 0.424608 0.134425 0.106831 0.798216
0 0.303211 0.416377 0.059197 0.0801488 0.774218
0 0.336015 0.392968 0.0208582 0.033904 0.540403
0 0.385083 0.397595 0.0260612 0.0324175 0.405232
0 0.365684 0.395376 0.0252946 0.0324153 0.397321
0 0.141149 0.404893 0.0319088 0.0393946 0.389663
0 0.419353 0.40027 0.0254345 0.0274251 0.366875
0 0.0199181 0.404395 0.0319308 0.042168 0.331999
0 0.150705 0.403261 0.0492677 0.0465854 0.329809
0 0.170819 0.401685 0.037727 0.0418779 0.324427
0 0.104642 0.404023 0.0452818 0.0446618 0.286931
0 0.330954 0.392988 0.0297809 0.039378 0.267456
0 0.359633 0.39484 0.0161011 0.0258169 0.250251
