0 0.712761 0.574601 0.0265655 0.0378611 0.521397
0 0.69193 0.572095 0.0192769 0.0291139 0.489124
0 0.739823 0.576566 0.0308681 0.0434562 0.428245
0 0.68985 0.558692 0.0240464 0.0436657 0.396382
0 0.685929 0.548316 0.0291438 0.0494292 0.371557
0 0.647974 0.565683 0.0226148 0.0413147 0.348287
0 0.550421 0.579988 0.0304314 0.0440682 0.346949
0 0.643645 0.566203 0.022076 0.0345757 0.346929
0 0.655343 0.563088 0.0290217 0.04148 0.316021
0 0.631269 0.55955 0.013506 0.0219798 0.313617
0 0.606774 0.567267 0.0179046 0.0284231 0.270567
0 0.605516 0.573354 0.0162021 0.0240855 0.262718
0 0.529357 0.58911 0.0341887 0.0499971 0.261395
0 0.6184 0.558694 0.016019 0.0236086 0.257945
0 0.668438 0.559539 0.0163298 0.0284261 0.257881
0 0.671621 0.566516 0.0171993 0.0271625 0.250358
