0 0.932567 0.413533 0.134865 0.122488 0.549843
0 0.241079 0.418965 0.0459591 0.0605058 0.404333
0 0.301217 0.409164 0.0431487 0.0408634 0.398506
0 0.28486 0.413414 0.0365628 0.0379027 0.360242
0 0.137743 0.442135 0.109632 0.125866 0.354856
0 0.219927 0.424621 0.0363176 0.0594025 0.331156
0 0.270335 0.413788 0.0322863 0.042875 0.327977
0 0.231673 0.418414 0.0551688 0.0714198 0.313024
0 0.248892 0.413415 0.0406702 0.059789 0.308003
0 0.262898 0.415048 0.0363889 0.0486401 0.30635
0 0.201542 0.428514 0.0553179 0.0792626 0.273185
