0 0.420755 0.549529 0.0244895 0.0319987 0.57973
0 0.600288 0.527541 0.030809 0.0413374 0.543221
0 0.753769 0.58701 0.1958 0.211226 0.523007
0 0.469211 0.544797 0.0230928 0.0356578 0.514533
0 0.520841 0.545317 0.0243635 0.0368932 0.508556
0 0.55806 0.538256 0.0279311 0.0374185 0.493493
0 0.49506 0.544252 0.0280204 0.0370831 0.458538
0 0.580572 0.531842 0.0217881 0.0385208 0.45194
0 0.663195 0.516475 0.0241037 0.0355845 0.420297
0 0.631202 0.515686 0.0322659 0.0382868 0.411016
0 0.484697 0.543766 0.0298673 0.0383564 0.401391
0 0.587515 0.529658 0.033195 0.0431039 0.355401
0 0.239372 0.558756 0.0301826 0.0375371 0.349225
0 0.446302 0.548792 0.0248449 0.0423516 0.347846
0 0.0165565 0.568053 0.0331129 0.0643407 0.346579
0 0.689491 0.51342 0.0282962 0.0393177 0.343087
0 0.682196 0.515942 0.0393412 0.0447829 0.279373
0 0.161954 0.57434 0.0311199 0.0398275 0.258727
0 0.248586 0.555171 0.0496328 0.0467178 0.253292
