0 0.31426 0.411256 0.0710865 0.0870496 0.915772
0 0.490615 0.408943 0.0258164 0.0331627 0.857016
0 0.53323 0.398133 0.0177547 0.0205913 0.72775
0 0.556749 0.397842 0.0115029 0.0204351 0.691899
0 0.5625 0.408627 0 0.0377018 0.518997
0 0.501592 0.401293 0.0130534 0.02122 0.507802
0 0.400867 0.390155 0.0196445 0.0268465 0.348294
0 0.5625 0.394126 0 0.0174531 0.325605
0 0.384132 0.390515 0.0307323 0.0254198 0.304408
0 0.454681 0.393664 0.018564 0.0152155 0.304318
0 0.447325 0.394428 0.0168236 0.0148791 0.300031
0 0.550161 0.399273 0.0112179 0.0159756 0.292904
0 0.422587 0.391221 0.0149651 0.0176899 0.284524
0 0.457848 0.394179 0.0142812 0.0133788 0.282539
0 0.375797 0.391229 0.0182995 0.0203724 0.280013
0 0.556111 0.398822 0.0127772 0.0174315 0.253546
0 0.498706 0.397574 0.020868 0.0290155 0.22524
0 0.443918 0.393897 0.0119307 0.0119577 0.222135
0 0.559528 0.396697 0.00594301 0.0176876 0.219097
0 0.361094 0.390903 0.0283186 0.0283896 0.218883
0 0.54805 0.395473 0.0132814 0.0167424 0.211533
0 0.487805 0.402749 0.021292 0.0247598 0.21055
0 0.473688 0.392416 0.0113482 0.0127835 0.208724
0 0.401001 0.396954 0.0166023 0.0177617 0.201784
0 0.472589 0.39441 0.014825 0.0152083 0.200609
0 0.461648 0.394599 0.0121777 0.0132268 0.194438
0 0.503523 0.39884 0.0119014 0.0173363 0.187341
0 0.551683 0.396684 0.0130349 0.0172593 0.185116
0 0.382778 0.390068 0.020237 0.0206668 0.182319
0 0.469928 0.392592 0.0139703 0.0146534 0.176788
0 0.562039 0.395186 0.000921249 0.0170592 0.176307
0 0.5625 0.389865 0 0.0135338 0.172943
0 0.434697 0.392857 0.0172007 0.0166315 0.170553
0 0.392931 0.386849 0.0192617 0.0218885 0.161442
0 0.476662 0.39938 0.0114347 0.0147734 0.161136
0 0.5625 0.402821 0 0.017278 0.16014
0 0.523961 0.396658 0.0116776 0.0149985 0.156425
0 0.5625 0.358612 0 0.0352617 0.155452
0 0.46967 0.395731 0.0119858 0.0160461 0.145868
0 0.450884 0.393079 0.0135842 0.015851 0.140945
0 0.464149 0.394272 0.0120802 0.014816 0.139165
0 0.384732 0.387235 0.0157221 0.0161096 0.137784
0 0.459226 0.391595 0.0145512 0.0151045 0.137305
0 0.37972 0.396812 0.0121688 0.0175915 0.137151
0 0.00433928 0.358327 0.00867855 0.0209234 0.135988
0 0.440162 0.391528 0.0154296 0.0161383 0.133168
0 0.411199 0.394322 0.0123772 0.0154946 0.132756
0 0.366671 0.389859 0.0229297 0.0218415 0.131473
0 0.448992 0.396702 0.0129031 0.0140834 0.130998
0 0.5625 0.359974 0 0.0588536 0.129241
0 0.610365 0.392386 0.0492378 0.0702742 0.128792
0 0.6198 0.409727 0.0224897 0.0232199 0.12815
0 0.575388 0.392559 0.0150539 0.0167335 0.123447
0 0.369711 0.394005 0.0139816 0.0182099 0.118171
0 0.0308176 0.349131 0.0195448 0.01708 0.115991
0 0.691515 0.286711 0.0192387 0.0232451 0.11557
0 0.361251 0.393285 0.0179759 0.0209674 0.115453
0 0.466673 0.392604 0.0114892 0.0128485 0.115165
0 0.357329 0.39288 0.0166711 0.0191421 0.1147
0 0.0634671 0.337669 0.0216016 0.0173835 0.113714
0 0.393384 0.386917 0.0122926 0.0167865 0.109714
0 0.764383 0.359513 0.0467972 0.0444963 0.109251
0 0.624299 0.407272 0.0153111 0.0196443 0.107465
0 0.603652 0.336317 0.0214745 0.0243392 0.106987
0 0.35363 0.393974 0.0173259 0.0234241 0.106454
0 0.0179913 0.404728 0.0348888 0.0796439 0.10451
0 0.060104 0.397152 0.121265 0.0951118 0.0949218
0 0.349262 0.392854 0.0164839 0.0252107 0.0940562
0 0.604698 0.346879 0.0230044 0.0245282 0.0940301
0 0.596614 0.404803 0.0167125 0.019094 0.0927528
0 0.602797 0.334171 0.0179179 0.0159806 0.0914658
0 0.680645 0.278038 0.0308498 0.031205 0.0885032
0 0.0197128 0.406383 0.0379964 0.045812 0.0871168
0 0.0247194 0.360597 0.0405018 0.04134 0.0863247
0 0.69172 0.280907 0.0216941 0.0287935 0.0849052
0 0.0569354 0.341907 0.0142671 0.0131754 0.0841502
0 0.671134 0.263378 0.0153979 0.0169975 0.0840737
0 0.0604714 0.33977 0.0180102 0.0144683 0.0838101
0 0.490743 0.387563 0.0153053 0.0153965 0.0835243
0 0.690801 0.291598 0.0179572 0.0190452 0.0823059
0 0.0320296 0.349315 0.0141818 0.0126784 0.0809587
0 0.345328 0.387741 0.0264561 0.0321765 0.0805353
0 0.0663906 0.403217 0.109591 0.0631104 0.0792868
0 0.109293 0.403611 0.0167674 0.0199929 0.0782167
0 0.0388318 0.398658 0.0737593 0.101166 0.0780658
0 0.580298 0.380807 0.0156958 0.018358 0.0778345
0 0.61013 0.410557 0.0342796 0.0263106 0.0776228
0 0.606676 0.40647 0.0186988 0.0202883 0.0773768
0 0.731469 0.297676 0.119202 0.1733 0.0770124
0 0.60032 0.382198 0.0425178 0.0618559 0.076989
0 0.611782 0.339891 0.0465164 0.0428674 0.075613
0 0.566069 0.388179 0.0123953 0.0174274 0.0751506
0 0.353419 0.386697 0.0193316 0.0244418 0.0741495
0 0.613819 0.398628 0.0270035 0.0339118 0.0726855
0 0.601148 0.3192 0.0192532 0.0166388 0.0720025
0 0.698231 0.268015 0.0143859 0.01887 0.0718866
0 0.0845155 0.330949 0.0186472 0.0155804 0.0704127
0 0.701063 0.266474 0.0137822 0.0197447 0.0692965
0 0.0337342 0.406747 0.0627145 0.0671477 0.066581
0 0.466959 0.390117 0.0140365 0.013834 0.0658918
0 0.103843 0.403247 0.0298787 0.0277216 0.0657939
0 0.556892 0.388473 0.0133222 0.0171858 0.0656449
0 0.276851 0.392292 0.0212407 0.0329442 0.0650683
0 0.626096 0.412445 0.0193536 0.024666 0.0636565
0 0.597603 0.300587 0.0192879 0.0167419 0.0626648
0 0.00743042 0.498227 0.0155524 0.0792052 0.0624412
0 0.696878 0.270098 0.0219291 0.0262912 0.0622725
0 0.695211 0.277177 0.0147038 0.0165649 0.0610076
0 0.600038 0.267471 0.0294458 0.0237168 0.060929
0 0.731343 0.348679 0.107779 0.0973017 0.0604057
0 0.623193 0.265444 0.0275346 0.0224239 0.0603408
0 0.495954 0.388124 0.0149875 0.0159144 0.060184
0 0.0232968 0.431097 0.0459228 0.0925381 0.0595911
0 0.630288 0.265336 0.0266692 0.020782 0.0595543
0 0.0241117 0.454472 0.0498891 0.144356 0.0588467
0 0.598877 0.41263 0.0169818 0.0208477 0.0571053
0 0.686075 0.278412 0.0264549 0.0247794 0.0566226
0 0.0231811 0.47885 0.046717 0.0842968 0.0565054
0 0.612477 0.355892 0.0496771 0.0702972 0.0553616
0 0.694017 0.358068 0.0487211 0.0554348 0.0552672
0 0.11907 0.326976 0.0209299 0.0180248 0.0550994
0 0.724546 0.319695 0.0712377 0.101107 0.0548493
0 0.108366 0.399979 0.0223413 0.0245277 0.054631
0 0.269821 0.392149 0.0324685 0.038294 0.0543102
0 0.454544 0.389574 0.014005 0.0144493 0.0541734
0 0.46203 0.390561 0.0122037 0.0136085 0.0541717
0 0.280886 0.384282 0.0226237 0.0298356 0.0538778
0 0.097509 0.330741 0.0146789 0.014068 0.0530793
0 0.775605 0.354466 0.0411897 0.0454402 0.0521551
0 0.0196769 0.359668 0.0188892 0.029828 0.0519873
0 0.604972 0.413052 0.0276332 0.0231273 0.0507869
0 0.0217268 0.391931 0.0453828 0.0753801 0.0502653
0 0.684669 0.270381 0.0156853 0.017025 0.0500274
0 0.549763 0.38789 0.0118293 0.0155399 0.0497438
0 0.0576032 0.367341 0.0395969 0.0298725 0.0493764
0 0.729084 0.236208 0.135124 0.232578 0.0489771
0 0.125782 0.325566 0.0202733 0.0178922 0.0486516
0 0.475597 0.395231 0.0101011 0.0146421 0.0480132
0 0.730133 0.264866 0.0172927 0.0216221 0.0474174
0 0.211904 0.302429 0.025252 0.0211727 0.0472687
0 0.697957 0.361178 0.141075 0.128139 0.0466955
0 0.0961492 0.405391 0.0420395 0.0350403 0.0460431
0 0.0699904 0.331866 0.0212705 0.0167349 0.045402
0 0.579718 0.400266 0.0127626 0.01698 0.04512
0 0.428377 0.269585 0.0696287 0.0768451 0.044875
0 0.348906 0.360445 0.0202521 0.022989 0.0445607
0 0.679272 0.379153 0.0271965 0.0255401 0.0445585
0 0.699253 0.273252 0.0138624 0.0196129 0.0439342
0 0.740542 0.257145 0.108291 0.163162 0.0431002
0 0.100226 0.407986 0.030514 0.0263517 0.0426164
0 0.592336 0.413988 0.0178475 0.0235779 0.042427
0 0.751431 0.346231 0.0809329 0.0881459 0.0422183
0 0.611192 0.341362 0.0268938 0.0293663 0.0420899
0 0.111604 0.411682 0.0233901 0.0266903 0.0415602
0 0.788681 0.350904 0.0741287 0.0722665 0.0414921
0 0.362337 0.383 0.0313704 0.0438546 0.0414268
0 0.644049 0.272575 0.0451791 0.0349957 0.0412943
0 0.581964 0.267009 0.0256921 0.0231197 0.0410382
0 0.015841 0.4926 0.0313196 0.0714088 0.0405764
0 0.720156 0.363454 0.0620584 0.0495327 0.040323
0 0.53568 0.388107 0.0127501 0.0144992 0.0400474
0 0.28037 0.401303 0.0138014 0.0290756 0.0398334
0 0.69812 0.31339 0.0219649 0.0267018 0.0394428
0 0.659841 0.265259 0.0400759 0.0263954 0.0394252
0 0.340646 0.384393 0.0504058 0.0543129 0.0389574
0 0.239822 0.310981 0.0172236 0.0155084 0.0389418
0 0.129872 0.397017 0.0568231 0.0488269 0.0386697
0 0.0563251 0.341666 0.0967289 0.171395 0.0379666
0 0.585734 0.29785 0.0200483 0.0155025 0.0379415
0 0.595887 0.352463 0.0132593 0.0165265 0.0377242
0 0.44879 0.389841 0.0110402 0.012527 0.0374888
0 0.909793 0.54165 0.178547 0.248177 0.0369554
0 0.109817 0.379979 0.0170981 0.0228388 0.0368854
0 0.660831 0.389484 0.0491219 0.0428527 0.0368572
0 0.591569 0.336417 0.0211499 0.0198787 0.0368494
0 0.681386 0.276492 0.0134052 0.0154001 0.0365402
0 0.125923 0.339732 0.023919 0.0231498 0.0363585
0 0.261005 0.391878 0.0394114 0.0390572 0.0362681
0 0.567487 0.362401 0.0110276 0.0152596 0.0360758
0 0.598704 0.273602 0.0209587 0.0177088 0.0360085
0 0.114118 0.328777 0.0190772 0.0171683 0.035876
0 0.529013 0.399639 0.010679 0.0165985 0.0357781
0 0.612693 0.112995 0.0211589 0.0258072 0.0357522
0 0.109605 0.398941 0.0134925 0.0183438 0.0356817
0 0.663517 0.274199 0.0400029 0.0326968 0.035346
0 0.617492 0.268048 0.0205229 0.0186355 0.0350259
0 0.543889 0.351891 0.0112715 0.0142636 0.0349866
0 0.758221 0.323674 0.0688651 0.10384 0.0349362
0 0.269584 0.387595 0.0171547 0.0241651 0.0348474
0 0.28542 0.397198 0.0295948 0.0475399 0.0345328
0 0.695251 0.211118 0.11408 0.19922 0.0340103
0 0.280091 0.390208 0.015695 0.0243451 0.0335873
0 0.0052388 0.516068 0.0100345 0.071726 0.0335228
0 0.77205 0.370572 0.0328697 0.0394919 0.0333993
0 0.557608 0.359902 0.0116967 0.014772 0.0332102
0 0.462737 0.6709 0.0269105 0.0451489 0.0329467
0 0.688155 0.190922 0.0329284 0.0414612 0.032883
0 0.764924 0.257424 0.0212962 0.019305 0.0328663
0 0.202008 0.326167 0.0232237 0.020469 0.0328263
0 0.762301 0.288159 0.110089 0.163082 0.0327805
0 0.250316 0.392663 0.0629086 0.0472414 0.0325893
0 0.177048 0.329649 0.0242256 0.0208017 0.0322492
0 0.349509 0.400052 0.0118701 0.0238898 0.0322265
0 0.532203 0.399661 0.0102069 0.0136998 0.0321877
0 0.98337 0.53228 0.0338415 0.147637 0.0319329
0 0.287675 0.379346 0.0580945 0.0725378 0.0318992
0 0.105126 0.329869 0.0153661 0.0140583 0.0317525
0 0.54337 0.269668 0.0224184 0.0241327 0.0315168
0 0.624479 0.281315 0.0273134 0.0246985 0.0314435
0 0.460004 0.65741 0.020862 0.0328869 0.031299
0 0.0437616 0.261125 0.0785775 0.0965766 0.0311841
0 0.196984 0.308087 0.0160366 0.0158661 0.0311818
0 0.49203 0.265696 0.0672889 0.0788521 0.0311465
0 0.674158 0.369386 0.106821 0.0950283 0.03105
0 0.667902 0.17774 0.0213644 0.0268965 0.0310066
0 0.553532 0.802422 0.0170984 0.0263172 0.0308542
0 0.242206 0.304526 0.0154918 0.0183627 0.0306809
0 0.43024 0.276953 0.051178 0.0609625 0.0305356
0 0.688528 0.323665 0.0165237 0.0174638 0.030103
0 0.5679 0.399046 0.0109097 0.015541 0.0296107
0 0.0547486 0.435769 0.109445 0.139292 0.0294527
0 0.0422066 0.458994 0.0886203 0.107998 0.0294228
0 0.762224 0.22917 0.0823014 0.0922114 0.0293357
0 0.103383 0.35441 0.0154752 0.0157279 0.0292477
0 0.801978 0.362292 0.100283 0.109108 0.0290277
0 0.980974 0.57488 0.0389164 0.203008 0.0288476
0 0.340726 0.37396 0.0194403 0.0208967 0.0288052
0 0.581695 0.359202 0.0121902 0.0156629 0.0286676
0 0.801999 0.314924 0.124697 0.143375 0.0285844
0 0.639491 0.421377 0.0241307 0.0281814 0.0285714
0 0.131829 0.321237 0.017007 0.016239 0.0282592
0 0.719979 0.272093 0.0297449 0.031589 0.0281801
0 0.457683 0.30961 0.0243937 0.0244655 0.0281584
0 0.0899535 0.31767 0.178438 0.220356 0.027724
0 0.558222 0.291232 0.0294264 0.02169 0.0276161
0 0.23828 0.306326 0.0176486 0.0186241 0.0275283
0 0.668826 0.291385 0.0187417 0.0196499 0.0274863
0 0.626793 0.147217 0.0222948 0.0350561 0.0274593
0 0.675085 0.385999 0.0269557 0.0278674 0.027433
0 0.277219 0.41189 0.0133783 0.02484 0.0270536
0 0.111089 0.389062 0.0172843 0.0206897 0.0269196
0 0.788206 0.216221 0.0265489 0.0289363 0.0269034
0 0.0292235 0.344934 0.0163393 0.0171199 0.0268271
0 0.378132 0.306933 0.0296608 0.0247886 0.0267928
0 0.712623 0.287645 0.0230563 0.0303662 0.0267674
0 0.70207 0.278906 0.0306791 0.0304927 0.0267226
0 0.76167 0.25233 0.0331237 0.0325222 0.0266862
0 0.525901 0.340828 0.0142672 0.0141706 0.0266755
0 0.815436 0.34362 0.132904 0.113976 0.0266671
0 0.668766 0.321223 0.0517556 0.0646789 0.0266105
0 0.726502 0.262339 0.0181076 0.0223192 0.026592
0 0.208356 0.307048 0.0195683 0.0158527 0.026538
0 0.46445 0.68409 0.0306466 0.0823607 0.0264384
0 0.736723 0.389384 0.129442 0.132492 0.0264087
0 0.978985 0.495585 0.0430565 0.171943 0.0264023
0 0.0410626 0.481083 0.0721566 0.0723891 0.0262082
0 0.987839 0.515325 0.024527 0.130097 0.0261662
0 0.727241 0.30376 0.0469506 0.0612266 0.0261086
0 0.713152 0.271416 0.0197855 0.0229636 0.026023
0 0.237934 0.306863 0.0317744 0.0264369 0.0258603
0 0.46763 0.70294 0.0378461 0.106907 0.0258542
0 0.914034 0.463264 0.173285 0.213783 0.0257262
0 0.748248 0.258519 0.0467804 0.0358029 0.0256748
0 0.574938 0.297377 0.0189633 0.0166483 0.025315
0 0.642932 0.264426 0.0185656 0.0214479 0.0251054
0 0.118944 0.418015 0.0272899 0.0273315 0.0250733
0 0.379239 0.295989 0.0246338 0.0211455 0.0250381
0 0.414778 0.280203 0.0394486 0.0516775 0.0250342
0 0.0217288 0.504085 0.0447744 0.100779 0.0249277
0 0.125873 0.393763 0.0279296 0.0259409 0.0248936
0 0.723407 0.37256 0.086134 0.0756683 0.0248382
0 0.963901 0.463769 0.0720802 0.197362 0.0242902
0 0.493584 0.408251 0.0162409 0.0249084 0.0240499
0 0.413255 0.304262 0.0390675 0.0403282 0.0240111
0 0.654001 0.413083 0.0426032 0.0408123 0.0239691
0 0.450678 0.4016 0.011979 0.0184752 0.0239359
0 0.470758 0.304213 0.0242126 0.0249865 0.0237963
0 0.121758 0.340431 0.0169579 0.0148626 0.0237889
0 0.385362 0.324733 0.0195909 0.0181765 0.023649
0 0.726135 0.193637 0.0381912 0.043244 0.0235675
0 0.581556 0.354422 0.0178508 0.0201664 0.023513
0 0.146295 0.315652 0.0258387 0.0194379 0.0234931
0 0.680761 0.421117 0.124795 0.14155 0.0234599
0 0.442943 0.311174 0.0313399 0.031984 0.023391
0 0.578975 0.790924 0.0188484 0.0383391 0.0233635
0 0.261846 0.164941 0.223789 0.269299 0.0233295
0 0.185756 0.309606 0.0363864 0.0258317 0.0233267
0 0.144558 0.389391 0.0700418 0.0571262 0.0232368
0 0.543993 0.288151 0.0235454 0.0238457 0.0232222
0 0.202992 0.306075 0.0179451 0.0172897 0.0230933
0 0.729147 0.251157 0.0217787 0.0343566 0.0230067
0 0.615532 0.413605 0.0158193 0.0200757 0.0229454
0 0.751687 0.250241 0.048887 0.0439396 0.0228909
0 0.309116 0.305026 0.0220951 0.0194895 0.0228589
0 0.660332 0.401049 0.0236635 0.024324 0.0227902
0 0.812195 0.296778 0.222904 0.213142 0.0227434
0 0.338625 0.310236 0.0269256 0.0230943 0.0227384
0 0.276043 0.308022 0.0213625 0.0169454 0.0227129
0 0.668188 0.397522 0.0305642 0.0292297 0.0226015
0 0.179138 0.366106 0.0330389 0.0353834 0.022401
