0 0.5625 0.521928 0 0.107684 0.818457
0 0.545845 0.566527 0.0333096 0.166368 0.803431
0 0.430416 0.599394 0.236245 0.223032 0.790793
0 0.5625 0.566356 0 0.105303 0.665649
0 0.5625 0.519438 0 0.0298024 0.622255
0 0.5625 0.527535 0 0.0581123 0.503456
0 0.5625 0.508543 0 0.036231 0.474124
0 0.5625 0.521824 0 0.0404321 0.43765
0 0.5625 0.512011 0 0.0324335 0.401455
0 0.5625 0.526465 0 0.0486493 0.393824
0 0.5625 0.506706 0 0.0273293 0.357952
0 0.5625 0.53006 0 0.0560567 0.32349
0 0.5625 0.5187 0 0.0209134 0.262154
0 0.5625 0.506125 0 0.0492966 0.261953
0 0.5625 0.514564 0 0.032548 0.256096
0 0.5625 0.507802 0 0.0417063 0.24141
0 0.5625 0.507508 0 0.0224553 0.240935
0 0.5625 0.521179 0 0.0196907 0.229861
0 0.5625 0.514093 0 0.0253165 0.226368
0 0.5625 0.521703 0 0.0260855 0.224915
0 0.5625 0.519241 0 0.0213884 0.211661
0 0.5625 0.521024 0 0.0211559 0.207274
0 0.5625 0.51133 0 0.0261491 0.202103
0 0.5625 0.510854 0 0.047499 0.197855
0 0.5625 0.513762 0 0.0258948 0.191948
0 0.5625 0.50744 0 0.0445472 0.189425
0 0.5625 0.509767 0 0.0277107 0.178561
0 0.5625 0.51409 0 0.0577048 0.176462
0 0.5625 0.512085 0 0.0283037 0.172617
0 0.5625 0.518203 0 0.0690987 0.171123
0 0.5625 0.515113 0 0.0854838 0.168617
0 0.5625 0.528203 0 0.0379462 0.155987
0 0.5625 0.532503 0 0.0429437 0.155734
0 0.5625 0.523183 0 0.0305111 0.151602
0 0.5625 0.500556 0 0.0642345 0.14392
0 0.5625 0.526109 0 0.0374475 0.136956
0 0.391772 0.607142 0.156887 0.195867 0.134785
0 0.5625 0.524424 0 0.0321017 0.13377
0 0.5625 0.506103 0 0.081827 0.132363
0 0.505152 0.603341 0.0875312 0.152919 0.130877
0 0.5625 0.532952 0 0.0525513 0.118304
0 0.5625 0.550043 0 0.0846352 0.11825
0 0.5625 0.500465 0 0.0497354 0.115345
0 0.5625 0.513084 0 0.0226719 0.1144
0 0.5625 0.514019 0 0.0239392 0.107264
0 0.537371 0.570237 0.0502576 0.162483 0.107039
0 0.505637 0.587572 0.113726 0.202044 0.102856
0 0.5625 0.506996 0 0.0423517 0.10161
0 0.5625 0.53063 0 0.0643598 0.0947616
0 0.5625 0.519611 0 0.0271391 0.0900991
0 0.349718 0.609051 0.075586 0.158545 0.0890356
0 0.616394 0.561464 0.0878925 0.152087 0.0873619
0 0.893173 0.501344 0.0659861 0.0766162 0.0862805
0 0.870491 0.518471 0.0210585 0.0291957 0.0827201
0 0.361515 0.584087 0.0980101 0.140505 0.08261
0 0.983891 0.480668 0.0333221 0.11384 0.0823992
0 0.115391 0.368754 0.089255 0.081176 0.079569
0 0.712549 0.557232 0.0649548 0.0938197 0.0782962
0 0.268436 0.490962 0.0475211 0.0382373 0.0773961
0 0.81333 0.510931 0.0650021 0.103305 0.074126
0 0.548234 0.573114 0.16728 0.193906 0.0721814
0 0.481115 0.600855 0.113216 0.157746 0.0720821
0 0.27802 0.519061 0.0962909 0.101432 0.0715578
0 0.357262 0.558855 0.0833796 0.128439 0.0713847
0 0.264636 0.478374 0.0613748 0.0700745 0.0690862
0 0.712337 0.527723 0.042626 0.0597054 0.0683645
0 0.824511 0.53825 0.0200201 0.0373046 0.0663177
0 0.676088 0.545663 0.0869707 0.149119 0.0648278
0 0.993557 0.502155 0.0129116 0.02523 0.0637099
0 0.0487902 0.528326 0.0983531 0.157549 0.0619802
0 0.257273 0.490287 0.0415111 0.0351071 0.0615654
0 0.731017 0.528055 0.0602295 0.0887416 0.0607955
0 0.873355 0.511282 0.057386 0.0646153 0.0601732
0 0.937574 0.519708 0.0196791 0.0216927 0.0596796
0 0.756096 0.535136 0.0521211 0.0715565 0.0576353
0 0.949684 0.501378 0.0182154 0.0212202 0.0573862
0 0.522413 0.594464 0.0670116 0.157629 0.0569758
0 0.719562 0.522511 0.0512138 0.0814915 0.0554321
0 0.499116 0.570056 0.0811409 0.147812 0.0549222
0 0.275304 0.490688 0.0713411 0.0726438 0.0528291
0 0.350455 0.527085 0.0478094 0.0504531 0.0527422
0 0.275867 0.470084 0.0777286 0.0944779 0.052235
0 0.571631 0.559693 0.0798753 0.144442 0.0510812
0 0.971602 0.68605 0.0568701 0.33984 0.0508516
0 0.542468 0.545187 0.0744506 0.119209 0.0494057
0 0.663389 0.562282 0.0679002 0.125276 0.0490633
0 0.954637 0.512701 0.0156994 0.0200762 0.0487186
0 0.95261 0.498437 0.0228565 0.0288282 0.047806
0 0.654419 0.539475 0.0893746 0.123916 0.0472979
0 0.705824 0.522553 0.0611956 0.0831589 0.0472406
0 0.386445 0.639034 0.129471 0.132857 0.0468799
0 0.417373 0.641197 0.107686 0.137785 0.0445377
0 0.739654 0.543441 0.0908297 0.102593 0.0443244
0 0.632965 0.549236 0.0838374 0.137892 0.0433424
0 0.482502 0.558016 0.0943477 0.127629 0.0429911
0 0.347323 0.566687 0.0669721 0.0896106 0.0424769
0 0.0474515 0.483061 0.0943107 0.181281 0.0416907
0 0.79684 0.537534 0.0465454 0.0736286 0.0416074
0 0.905746 0.520131 0.0184017 0.0252541 0.0415516
0 0.295381 0.470584 0.106023 0.105903 0.0411808
0 0.300281 0.48764 0.134726 0.128702 0.0410614
0 0.30073 0.541941 0.128371 0.118015 0.0401177
0 0.796174 0.504964 0.0864051 0.0926365 0.0398033
0 0.362822 0.516997 0.0672165 0.0784246 0.0396456
0 0.62425 0.523549 0.0574078 0.0742354 0.0396169
0 0.433254 0.617198 0.122978 0.185275 0.0389723
0 0.717582 0.53119 0.0857721 0.116286 0.0389572
0 0.335031 0.587869 0.0452069 0.0787802 0.0388687
0 0.766164 0.542152 0.0594387 0.0824478 0.03879
0 0.396304 0.606233 0.122928 0.145099 0.0381072
0 0.692945 0.540757 0.0798882 0.113452 0.036887
0 0.568694 0.513639 0.0654113 0.056201 0.0367633
0 0.938294 0.491885 0.0526854 0.0594565 0.0363486
0 0.33525 0.52455 0.0595652 0.0763838 0.0362404
0 0.749871 0.514658 0.0944884 0.108729 0.0361757
0 0.0350055 0.513823 0.0656974 0.122633 0.0360876
0 0.977797 0.705998 0.0461506 0.218721 0.0360557
0 0.468467 0.614623 0.164173 0.194819 0.0356702
0 0.932639 0.488201 0.0669758 0.0810332 0.0356344
0 0.925223 0.520645 0.0181061 0.0240253 0.0355533
0 0.608299 0.521664 0.0775224 0.07096 0.035526
0 0.313379 0.510226 0.135696 0.106174 0.0348717
0 0.350556 0.506071 0.0593039 0.100869 0.0347456
0 0.54184 0.521635 0.0637262 0.0725067 0.0347117
0 0.970981 0.61347 0.0641686 0.209372 0.0346569
0 0.0252281 0.496845 0.0464292 0.110914 0.0343355
0 0.791033 0.490359 0.104012 0.171439 0.0340833
0 0.978181 0.640265 0.0451221 0.168224 0.033718
0 0.924947 0.493951 0.0272358 0.0346052 0.0334904
0 0.652679 0.505826 0.0778483 0.128069 0.0331553
0 0.680184 0.509439 0.0998103 0.123858 0.0331038
0 0.968829 0.764754 0.0595867 0.309387 0.0329757
0 0.24749 0.474166 0.0612391 0.0832553 0.0328739
0 0.291072 0.446661 0.0971646 0.111647 0.0326688
0 0.0322831 0.543622 0.0630843 0.139717 0.0320427
0 0.531614 0.571168 0.110929 0.173013 0.0318452
0 0.644005 0.57282 0.0764957 0.121658 0.031607
0 0.446454 0.58657 0.128597 0.162823 0.0314939
0 0.420223 0.605919 0.0678308 0.10898 0.0307842
0 0.102493 0.370009 0.0571758 0.0649456 0.0307785
0 0.543501 0.601269 0.0819115 0.141335 0.0307397
0 0.141009 0.372032 0.138757 0.0976313 0.0306672
0 0.318873 0.432548 0.0832926 0.095935 0.0302031
0 0.0109868 0.510917 0.0223974 0.107137 0.030174
0 0.0189026 0.512172 0.0381902 0.1167 0.0301677
0 0.34737 0.465197 0.0394756 0.0565633 0.0301594
0 0.18379 0.224739 0.348355 0.405768 0.0299612
0 0.32856 0.599468 0.0333159 0.0884088 0.0299199
0 0.239537 0.490054 0.0327806 0.0403902 0.0299179
0 0.0752148 0.548844 0.144914 0.144757 0.0298315
0 0.118972 0.355159 0.0705205 0.0672486 0.0296279
0 0.988355 0.128548 0.0235229 0.13517 0.0295718
0 0.879582 0.519285 0.0198349 0.0285231 0.0295706
0 0.401321 0.579141 0.10851 0.112006 0.0294955
0 0.260336 0.515679 0.0602347 0.0807108 0.0284736
0 0.948863 0.681003 0.0983173 0.248884 0.0278854
0 0.334435 0.55781 0.0530715 0.0808849 0.0278815
0 0.984205 0.677751 0.0332672 0.139472 0.0278031
0 0.995017 0.549327 0.0115574 0.0466141 0.0276745
0 0.186311 0.443069 0.229025 0.188916 0.0275904
0 0.355537 0.470508 0.052728 0.0623099 0.0272975
0 0.977904 0.4654 0.0442133 0.117897 0.0272934
0 0.381601 0.555251 0.131178 0.114998 0.0272647
0 0.75079 0.553453 0.0479628 0.0780632 0.0271358
0 0.310924 0.452712 0.116121 0.13408 0.0270657
0 0.621226 0.511506 0.0500257 0.0505983 0.0269488
0 0.378297 0.520091 0.0948997 0.0915046 0.0268355
0 0.676227 0.472387 0.126879 0.25246 0.0268131
0 0.540656 0.517043 0.0934338 0.108041 0.026774
0 0.328979 0.596152 0.0841471 0.174838 0.0267116
0 0.466393 0.53785 0.119275 0.10428 0.0265341
0 0.338721 0.465922 0.0592993 0.0911802 0.0264193
0 0.634189 0.496947 0.0898063 0.114786 0.0261887
0 0.509316 0.524341 0.0776361 0.0800919 0.0260739
0 0.726591 0.509056 0.068054 0.111136 0.0259183
0 0.778787 0.498581 0.0516677 0.0599482 0.0257772
0 0.780416 0.475856 0.0808312 0.116972 0.0255011
0 0.78692 0.563091 0.0807113 0.117768 0.0254593
0 0.818195 0.543305 0.0195005 0.0377198 0.0254382
0 0.370478 0.503993 0.0958205 0.145306 0.0253321
0 0.29662 0.610678 0.119643 0.232097 0.0252887
0 0.521579 0.531493 0.108114 0.145004 0.02515
0 0.0104452 0.485027 0.0215417 0.0814926 0.0248275
0 0.0771181 0.497047 0.0358993 0.0585569 0.0246812
0 0.338024 0.611251 0.0481088 0.114274 0.02464
0 0.0690258 0.887002 0.106772 0.163986 0.0245902
0 0.568528 0.597723 0.0753643 0.115681 0.0243204
0 0.445073 0.627827 0.0710216 0.152009 0.0243119
0 0.432985 0.58094 0.0813067 0.121002 0.023789
0 0.564368 0.408858 0.0244183 0.0297217 0.023755
0 0.237855 0.501162 0.0334806 0.0471249 0.0237542
0 0.496798 0.527371 0.132602 0.17036 0.0236693
0 0.962077 0.123065 0.0737324 0.256906 0.0233892
0 0.423155 0.573556 0.0600408 0.0892323 0.023082
0 0.282567 0.331675 0.0632367 0.103211 0.0230248
0 0.982045 0.429429 0.0404249 0.141713 0.0228212
0 0.0511279 0.486951 0.0918682 0.101229 0.022816
0 0.601178 0.412415 0.0317591 0.0448514 0.0227478
0 0.399424 0.555782 0.0919724 0.0788341 0.0226954
0 0.98401 0.746445 0.0332159 0.179144 0.0223329
0 0.173512 0.464584 0.0883692 0.12015 0.0222533
0 0.461112 0.640238 0.0802106 0.132851 0.0222397
0 0.239682 0.521843 0.035451 0.0652188 0.0222086
0 0.111178 0.475898 0.0782828 0.12812 0.0221734
0 0.181896 0.418521 0.268333 0.333382 0.0221363
0 0.574212 0.507121 0.0993686 0.095761 0.0220704
0 0.971771 0.8613 0.0547161 0.23851 0.0220387
0 0.16062 0.477764 0.167171 0.189419 0.0219356
0 0.485709 0.528329 0.0860084 0.081487 0.0219076
0 0.530761 0.621667 0.0389533 0.102803 0.0218467
0 0.524225 0.620309 0.0890016 0.180628 0.0217918
0 0.00992915 0.543267 0.0204324 0.114795 0.0217906
0 0.959662 0.460023 0.0890448 0.133101 0.0215992
0 0.0688332 0.513127 0.0651216 0.0949179 0.0213348
0 0.106217 0.54402 0.186047 0.232369 0.0210967
0 0.0724774 0.533548 0.0710826 0.0899217 0.0210554
0 0.148306 0.376704 0.0828352 0.0764861 0.0209674
0 0.864653 0.475479 0.0851646 0.137514 0.0207901
0 0.397363 0.533219 0.0509006 0.0592183 0.0203978
0 0.532367 0.505115 0.0585008 0.0618889 0.0203849
0 0.444911 0.645556 0.0538794 0.112034 0.0203533
0 0.298818 0.416731 0.0718707 0.0764096 0.0203132
0 0.532562 0.462745 0.0666411 0.0722023 0.0202133
0 0.787053 0.455528 0.100023 0.111917 0.0200855
0 0.903268 0.165789 0.196629 0.351533 0.0200571
0 0.823367 0.566035 0.0654812 0.104164 0.0200123
0 0.0342325 0.475385 0.0635786 0.130013 0.0198735
0 0.257856 0.452713 0.0686416 0.0991173 0.019792
0 0.973163 0.744919 0.0522963 0.196813 0.0196673
0 0.129687 0.524955 0.106912 0.123151 0.0195909
0 0.703347 0.473252 0.101876 0.217475 0.0194635
0 0.3724 0.48365 0.0862123 0.0927203 0.0188764
0 0.46549 0.515092 0.140619 0.142136 0.0188177
0 0.332808 0.550023 0.0947803 0.102113 0.0187833
0 0.916405 0.303896 0.16373 0.262124 0.0187682
0 0.0454763 0.425507 0.0855636 0.226849 0.0187607
0 0.0432481 0.618146 0.0841835 0.330171 0.0186635
0 0.109957 0.341171 0.0840446 0.0998497 0.0186287
0 0.741336 0.484378 0.0865726 0.185481 0.0186188
0 0.973809 0.559808 0.0445299 0.112582 0.0184389
0 0.237499 0.48494 0.0441866 0.0575161 0.0183289
0 0.638828 0.390613 0.0375179 0.0716593 0.0182904
0 0.518069 0.501152 0.0838043 0.0753142 0.0182014
0 0.979054 0.0990962 0.0412167 0.188577 0.0180693
0 0.715528 0.59875 0.0834681 0.169695 0.0179812
0 0.647455 0.467428 0.0641478 0.117849 0.0178504
0 0.151624 0.364969 0.0614042 0.0624413 0.0178381
0 0.259789 0.532632 0.0750055 0.0877757 0.0177642
0 0.0805896 0.585789 0.140929 0.171281 0.0177229
0 0.836786 0.487831 0.0856455 0.111069 0.0177171
0 0.599793 0.509832 0.123537 0.124416 0.0176406
0 0.690268 0.593282 0.0679138 0.149291 0.0175924
0 0.503271 0.468856 0.103337 0.124465 0.0175023
0 0.339132 0.435126 0.0564744 0.112434 0.0174346
0 0.116183 0.538043 0.061537 0.0719558 0.0174046
0 0.275296 0.341958 0.0354664 0.0534772 0.0173451
0 0.25993 0.451362 0.196488 0.215041 0.017306
0 0.737871 0.608665 0.0869171 0.171743 0.0172072
0 0.665535 0.581754 0.0522978 0.115957 0.017186
0 0.240089 0.663139 0.128631 0.180757 0.0171639
0 0.649424 0.407234 0.0493917 0.082911 0.0171452
0 0.768077 0.450657 0.0652723 0.104813 0.0171416
0 0.214719 0.481854 0.232818 0.288857 0.0170213
0 0.976596 -0.0130064 0.0455383 0.0439435 0.0170197
0 0.517496 0.459862 0.0825407 0.0823816 0.016917
0 0.356686 0.461548 0.0926053 0.145165 0.0168234
0 0.270992 0.658471 0.0977487 0.163741 0.016821
0 0.981058 0.559294 0.0309595 0.0903179 0.0168098
0 0.274782 0.543406 0.0877234 0.0773252 0.0168053
0 0.966638 0.656721 0.0629873 0.130231 0.0167649
0 0.40306 0.511543 0.111926 0.133161 0.0166809
0 0.0128138 0.835873 0.0253 0.12641 0.0166173
0 0.0336825 0.604172 0.0680171 0.216014 0.0165903
0 0.42492 0.698352 0.0992249 0.156478 0.0165306
0 0.343775 0.390143 0.0473754 0.101216 0.0165217
0 0.890737 0.472891 0.103534 0.144688 0.0163503
0 0.0741426 0.622578 0.138491 0.288224 0.0163238
0 0.0560838 0.556129 0.104243 0.109238 0.0162986
0 0.084112 0.516574 0.068313 0.0971568 0.0162932
0 0.234596 0.503347 0.0400193 0.067534 0.0162848
0 0.240947 0.441429 0.0526734 0.0704486 0.0162553
0 0.603272 0.404129 0.0412808 0.0705894 0.016207
0 0.640944 0.406996 0.0383474 0.07202 0.0161935
0 0.960305 0.845162 0.0807653 0.29743 0.016191
0 0.719323 0.580469 0.0640588 0.112074 0.0160388
0 0.175846 0.145478 0.302045 0.333012 0.0160024
0 0.155863 0.516738 0.116364 0.125915 0.0159819
0 0.162582 0.378145 0.066295 0.0652255 0.0159511
0 0.45208 0.658415 0.0486432 0.0897004 0.0159223
0 0.0106495 0.865793 0.0237325 0.1311 0.0158988
0 0.802205 0.542645 0.0196979 0.039861 0.0158627
0 0.728407 0.379701 0.0297728 0.0450676 0.0158366
0 0.418152 0.536995 0.0521209 0.0697473 0.0158353
0 0.395526 0.520078 0.0625848 0.0730637 0.0158232
0 0.123564 0.558732 0.0848772 0.0891364 0.01576
0 0.26377 0.456305 0.126319 0.125579 0.0157568
0 0.96383 0.706164 0.0692434 0.179138 0.0157202
0 0.651122 0.475917 0.103791 0.179914 0.0156608
0 0.0931618 0.495782 0.127284 0.157981 0.0156186
0 0.949716 0.763419 0.0925018 0.21851 0.0154227
