0 0.395669 0.497264 0.0704506 0.102154 0.898797
0 0.532798 0.49282 0.0594049 0.116871 0.896658
0 0.173748 0.480603 0.0442144 0.0600823 0.786469
0 0.508886 0.475956 0.0575799 0.107052 0.781382
0 0.0227784 0.504975 0.0455567 0.122487 0.730672
0 0.206647 0.477296 0.0319449 0.0547034 0.674212
0 0.458245 0.473385 0.0217568 0.0479643 0.66285
0 0.441279 0.468582 0.0170626 0.0340389 0.66263
0 0.238041 0.475814 0.0251011 0.04495 0.580769
0 0.229188 0.474754 0.0313355 0.0501343 0.57312
0 0.42763 0.463656 0.0146397 0.0246881 0.527192
0 0.311527 0.467404 0.0201944 0.0257816 0.516079
0 0.474095 0.478978 0.0247607 0.0635235 0.508093
0 0.153487 0.490373 0.0328543 0.0629395 0.487825
0 0.253384 0.469081 0.0301313 0.0455282 0.483826
0 0.360229 0.462498 0.0206948 0.0293496 0.443591
0 0.445822 0.46992 0.0182775 0.0379374 0.38774
0 0.0943062 0.498838 0.100011 0.0925952 0.333114
0 0.437208 0.468245 0.0131293 0.0285718 0.331244
0 0.478931 0.477633 0.027793 0.0761802 0.326374
0 0.275644 0.464314 0.0251057 0.0403962 0.308823
0 0.468053 0.475593 0.0205018 0.0571248 0.301628
0 0.112206 0.499167 0.0708033 0.0794999 0.299484
0 0.300567 0.468642 0.0211588 0.0300515 0.288437
0 0.450123 0.47248 0.0154541 0.0382405 0.279938
0 0.432568 0.465853 0.0127871 0.0283891 0.269971
0 0.363254 0.461911 0.0148851 0.0225908 0.26821
0 0.351726 0.461139 0.0134634 0.0235951 0.26789
0 0.315506 0.46773 0.0126018 0.0197817 0.264311
0 0.485907 0.481874 0.0258524 0.0791469 0.262221
0 0.139175 0.490988 0.0612614 0.0684038 0.250185
0 0.422365 0.461361 0.0117048 0.0202734 0.248961
0 0.24202 0.475974 0.0180802 0.0381995 0.246289
0 0.305264 0.468833 0.0162886 0.0245455 0.246193
0 0.430438 0.466459 0.0116124 0.0232943 0.229337
0 0.465521 0.475584 0.0161143 0.044789 0.225993
0 0.215603 0.471907 0.0387955 0.0602785 0.221215
0 0.424218 0.464373 0.0136362 0.0287908 0.219777
0 0.25928 0.470241 0.0195671 0.0372063 0.206447
0 0.454707 0.473304 0.0159285 0.0390333 0.198738
0 0.0743141 0.420796 0.148628 0.286111 0.192568
0 0.26759 0.466729 0.0198799 0.0366508 0.192255
0 0.263315 0.470337 0.016452 0.0335779 0.189362
0 0.249635 0.473306 0.0191782 0.0393422 0.164822
0 0.226033 0.478408 0.0197887 0.0438449 0.164385
0 0.321874 0.466806 0.0158445 0.0236049 0.154695
0 0.255218 0.479443 0.0181828 0.0315894 0.154514
0 0.362109 0.466652 0.0138288 0.0257398 0.154032
0 0.34563 0.460684 0.0207129 0.0270129 0.153863
0 0.272323 0.468652 0.0171712 0.0305067 0.146686
0 0.090635 0.471009 0.110507 0.151089 0.143238
0 0.279064 0.466722 0.0185315 0.0324009 0.14201
0 0.355763 0.464731 0.0121558 0.0202279 0.138774
0 0.345948 0.460785 0.0143517 0.0213377 0.136431
0 0.280098 0.473264 0.0184649 0.0264543 0.135425
0 0.679096 0.484067 0.0379244 0.0649914 0.130116
0 0.472717 0.480789 0.0153824 0.0487857 0.125757
0 0.427847 0.459946 0.0112998 0.0225679 0.125321
0 0.0696074 0.507209 0.0563473 0.0790642 0.122829
0 0.341227 0.461385 0.0124166 0.0195678 0.118909
0 0.355836 0.455377 0.0136703 0.0197437 0.118763
0 0.445556 0.469104 0.0123021 0.0280583 0.112388
0 0.233692 0.476681 0.0192764 0.0383793 0.109363
0 0.058974 0.512397 0.0361075 0.0679365 0.109158
0 0.624332 0.44447 0.025045 0.0441928 0.10749
0 0.406597 0.445796 0.0184523 0.0162817 0.103002
0 0.357247 0.459507 0.0123706 0.0203725 0.102991
0 0.439896 0.462496 0.0133005 0.0267108 0.102591
0 0.693652 0.478311 0.0666536 0.0807468 0.102296
0 0.349718 0.453318 0.0120497 0.0202013 0.10042
0 0.349403 0.460758 0.0112103 0.018598 0.0998827
0 0.421844 0.454713 0.0113008 0.0153034 0.0998664
0 0.0743549 0.497895 0.0712822 0.104169 0.0992979
0 0.266598 0.468962 0.0143238 0.023437 0.0962995
0 0.407582 0.451257 0.012443 0.014397 0.0955854
0 0.215538 0.47223 0.021179 0.0408284 0.0950243
0 0.425523 0.455272 0.0129641 0.0201613 0.0942359
0 0.364455 0.45551 0.0133765 0.0173735 0.0914061
0 0.205071 0.478732 0.0207762 0.043843 0.0882071
0 0.653565 0.471945 0.0763177 0.0868056 0.0865805
0 0.668898 0.468497 0.060498 0.0994198 0.0854065
0 0.424969 0.470776 0.0148469 0.0270624 0.0839677
0 0.360625 0.459058 0.0121469 0.0213326 0.0817929
0 0.624627 0.434643 0.0233 0.0413415 0.0798736
0 0.429675 0.454784 0.0135771 0.0212354 0.0796317
0 0.0438187 0.500028 0.089854 0.125704 0.0791753
0 0.707447 0.468531 0.0955078 0.100946 0.078128
0 0.157074 0.491628 0.0200456 0.0430174 0.0748929
0 0.404754 0.451617 0.0152712 0.0160571 0.0711398
0 0.493619 0.488455 0.0211613 0.076284 0.0709562
0 0.152451 0.490854 0.0221744 0.0475093 0.0663154
0 0.514809 0.485428 0.03248 0.0949568 0.0643068
0 0.644988 0.445611 0.0674477 0.0797448 0.0610366
0 0.452452 0.463591 0.0142722 0.0302793 0.0606355
0 0.0250836 0.535195 0.049785 0.211285 0.0589108
0 0.736475 0.453372 0.145663 0.135662 0.0577369
0 0.191577 0.482603 0.0182261 0.0374708 0.0569833
0 0.167262 0.480001 0.0225992 0.0512177 0.056667
0 0.637252 0.425876 0.0573929 0.08499 0.0556872
0 0.474949 0.488855 0.0147393 0.0392494 0.0546997
0 0.187898 0.47391 0.045261 0.0604986 0.0531577
0 0.0863053 0.298522 0.153605 0.496734 0.0525862
0 0.835513 0.18942 0.286849 0.381899 0.0522854
0 0.170022 0.466951 0.0296047 0.031822 0.0506991
0 0.683556 0.465048 0.0510773 0.100448 0.0506249
0 0.178362 0.468941 0.0252782 0.0319995 0.0485805
0 0.0200598 0.482406 0.0421528 0.0794192 0.0480438
0 0.157475 0.480344 0.02056 0.0435556 0.0470212
0 0.626479 0.421473 0.0341626 0.0738095 0.0449935
0 0.625373 0.4228 0.0269257 0.0483615 0.0445395
0 0.49784 0.079353 0.0186503 0.0283793 0.0443843
0 0.598611 0.44576 0.0492306 0.0754205 0.0442408
0 0.698303 0.438702 0.0811193 0.160632 0.044171
0 0.185055 0.476877 0.0186971 0.0438213 0.0430332
0 0.0461676 0.461004 0.076515 0.227423 0.0427674
0 0.665971 0.166566 0.375519 0.26772 0.0423248
0 0.461606 0.459355 0.0182492 0.0280168 0.0412778
0 0.430926 0.472795 0.0118379 0.0246348 0.0410934
0 0.30044 0.405675 0.0533303 0.0708021 0.0404117
0 0.365097 0.483128 0.0128333 0.0300226 0.0400775
0 0.755221 0.163475 0.333 0.280987 0.0399951
0 0.437178 0.455409 0.015186 0.0228433 0.0391325
0 0.305003 0.475172 0.0137786 0.0223608 0.038771
0 0.62583 0.465145 0.047734 0.0732911 0.0387185
0 0.611003 0.445288 0.0518291 0.0616842 0.0384732
0 0.0466698 0.517987 0.0648106 0.086745 0.0375695
0 0.274565 0.447436 0.0270135 0.0498177 0.0363386
0 0.511702 0.467646 0.0174885 0.0386605 0.0361398
0 0.239361 0.456217 0.0193013 0.0241733 0.0351851
0 0.0472186 0.552605 0.0882198 0.213781 0.0350095
0 0.249297 0.452823 0.0204821 0.0311768 0.0341734
0 0.846443 0.410032 0.232739 0.179007 0.0339868
0 0.287679 0.474463 0.0146859 0.0246303 0.0339719
0 0.570913 0.506117 0.0379842 0.0716927 0.033807
0 0.125662 0.514342 0.1075 0.134527 0.033446
0 0.209959 0.21572 0.019643 0.0309866 0.0332732
0 0.301767 0.444588 0.030074 0.0427747 0.0328778
0 0.514843 0.458166 0.0463932 0.0686446 0.0324817
0 0.744261 0.429942 0.177265 0.190699 0.0324091
0 0.475265 0.462075 0.0216895 0.0404978 0.0321377
0 0.22307 0.455797 0.018878 0.0235768 0.0316429
0 0.585875 0.429332 0.0307586 0.043376 0.0307557
0 0.449137 0.457747 0.015694 0.0230136 0.0306664
0 0.659186 0.435678 0.107252 0.138586 0.0295575
0 0.555683 0.238 0.0420724 0.0259475 0.0290498
0 0.670355 0.485238 0.0211391 0.0434741 0.0288859
0 0.327641 0.452996 0.0134328 0.0172732 0.0288622
0 0.582581 0.301562 0.22417 0.189485 0.028238
0 0.587484 0.468029 0.0378696 0.0853115 0.0280433
0 0.227067 0.447402 0.0193972 0.028441 0.0279172
0 0.150365 0.469576 0.0203718 0.0271735 0.0277832
0 0.497621 0.226209 0.0880244 0.0631969 0.0277457
0 0.578783 0.509654 0.0302243 0.0600616 0.0276797
0 0.800651 0.427998 0.197551 0.175548 0.0276359
0 0.423142 0.423453 0.0128045 0.0194532 0.0276339
0 0.658013 0.427947 0.0486515 0.086649 0.0272324
0 0.801569 0.189466 0.0853359 0.0876905 0.026699
0 0.430678 0.42129 0.0164771 0.0239012 0.0266761
0 0.310533 0.449632 0.016095 0.0232176 0.0266697
0 0.408806 0.423078 0.0136804 0.019691 0.0266277
0 0.581428 0.229695 0.0425185 0.0394718 0.0261912
0 0.399861 0.420897 0.0210038 0.0289682 0.0259505
0 0.27993 0.443372 0.0368972 0.0629238 0.0258526
0 0.61263 0.422828 0.0593466 0.086791 0.0258441
0 0.934937 0.727515 0.100973 0.166374 0.0257801
0 0.542819 0.232452 0.0303269 0.0317232 0.0257725
0 0.614149 0.472146 0.0481639 0.0811699 0.0257412
0 0.308653 0.473707 0.0144349 0.0213565 0.0256346
0 0.521426 0.365947 0.0968073 0.108433 0.0253592
0 0.564241 0.229775 0.0618803 0.0446123 0.0253002
0 0.498617 0.505726 0.0188255 0.0476984 0.0252549
0 0.563035 0.30251 0.0410753 0.0307127 0.0250283
0 0.157307 0.538751 0.0286912 0.0493044 0.0249954
0 0.399689 0.426168 0.0169142 0.0228439 0.024758
0 0.489496 0.50102 0.017566 0.0485479 0.0246233
0 0.602744 0.477636 0.0450911 0.0892596 0.0245918
0 0.736185 0.482629 0.13563 0.100435 0.0245051
0 0.285105 0.40023 0.04533 0.0597804 0.0244074
0 0.690049 0.221922 0.0762218 0.0656746 0.024249
0 0.618705 0.421119 0.0412048 0.0635173 0.0239981
0 0.56866 0.299069 0.0299996 0.0226211 0.0237818
0 0.15786 0.469158 0.0207827 0.0270708 0.023768
0 0.809536 0.214022 0.0397373 0.0351249 0.0233971
0 0.386123 0.428399 0.0152276 0.0211604 0.0231811
0 0.630557 0.4084 0.0786206 0.136958 0.0231332
0 0.967262 0.414638 0.0616709 0.117494 0.0231224
0 0.794043 0.208621 0.0710005 0.0546135 0.0230615
0 0.539471 0.233687 0.0232172 0.0235405 0.0230126
0 0.208038 0.45473 0.0187775 0.0230701 0.0229348
0 0.0253356 0.399318 0.0469157 0.245296 0.0227936
0 0.586812 0.52096 0.0152095 0.0315962 0.0226515
0 0.653769 0.177381 0.0700098 0.108803 0.0225593
0 0.59076 0.228704 0.037618 0.0398005 0.0224974
0 0.0831661 0.566962 0.0840161 0.122683 0.0224693
0 0.789285 0.457196 0.131801 0.119736 0.0221712
0 0.107642 0.572787 0.0804298 0.0996573 0.0220391
0 0.665976 0.415099 0.031813 0.0759495 0.0219588
0 0.574525 0.490363 0.0371589 0.0845764 0.0218502
0 0.692368 0.502663 0.0609471 0.0905345 0.0218083
0 0.682718 0.433266 0.0454818 0.10269 0.021689
0 0.872301 0.367419 0.254142 0.171678 0.0216363
0 0.246184 0.466282 0.017718 0.0295827 0.0214678
0 0.619686 0.225658 0.034894 0.0402181 0.0214588
0 0.584847 0.566868 0.0257018 0.0479917 0.0211544
0 0.983944 0.499623 0.0333773 0.125956 0.0211026
0 0.338362 0.407416 0.0202807 0.0350761 0.0210728
0 0.976742 0.441872 0.0467579 0.109807 0.0210497
0 0.773924 0.275214 0.23925 0.345982 0.0208698
0 0.99217 0.785548 0.0157522 0.0924386 0.0208616
0 0.0168116 0.45986 0.0372321 0.0941244 0.0208402
0 0.786312 0.385306 0.236762 0.261013 0.0208253
0 0.362763 0.423847 0.0123538 0.0193294 0.020673
0 0.532313 0.162226 0.205604 0.248213 0.02063
0 0.954769 0.428458 0.060033 0.0696104 0.0205946
0 0.610248 0.228921 0.0439348 0.0419829 0.0204656
0 0.125484 0.399215 0.115297 0.232248 0.0204562
0 0.569947 0.485901 0.0496939 0.106111 0.020429
0 0.786324 0.217574 0.0940476 0.0781308 0.0202524
0 0.736715 0.465711 0.109651 0.0957501 0.0202427
0 0.711779 0.412772 0.105424 0.191834 0.0202235
0 0.684494 0.411498 0.0513647 0.10123 0.0200524
0 0.557217 0.295735 0.0253079 0.0222339 0.0199076
0 0.342814 0.851187 0.0227208 0.033068 0.0198977
0 0.550985 0.43335 0.0541184 0.0437967 0.0195323
0 0.664191 0.492258 0.0300139 0.056454 0.019502
0 0.469507 0.28106 0.0391685 0.0461957 0.0194742
0 0.620552 0.713861 0.127441 0.189176 0.0191985
0 0.560923 0.248394 0.0443479 0.0317138 0.0191225
0 0.62393 0.492034 0.0633327 0.0924979 0.0190968
0 0.990692 0.764796 0.0191475 0.12461 0.0190728
0 0.485721 0.49757 0.0153906 0.0449203 0.019056
0 0.375402 0.428621 0.0139213 0.0202771 0.018948
0 0.0135028 0.53332 0.0260887 0.146676 0.0189171
0 0.984492 0.429734 0.0318422 0.0989832 0.0188778
0 0.512586 0.528809 0.0249658 0.0539846 0.0187053
0 0.908823 0.668659 0.0449699 0.041372 0.0185523
0 0.620289 0.181238 0.034591 0.0722131 0.0185078
0 0.774667 0.201538 0.0804724 0.0906144 0.0184038
0 0.674999 0.222109 0.0421735 0.0506692 0.0183992
0 0.277302 0.406156 0.0455912 0.0735898 0.0183863
0 0.577147 0.427271 0.032234 0.0389024 0.0183598
0 0.521411 0.698152 0.0760403 0.126435 0.0183205
0 0.430775 0.287596 0.0285902 0.0410615 0.0182101
0 0.448676 0.417463 0.0274142 0.0413901 0.0181886
0 0.0138629 0.45716 0.0226845 0.0565862 0.0181804
0 0.669795 0.229867 0.0440442 0.0468548 0.0181589
0 0.85451 0.31771 0.187648 0.146262 0.0180883
0 0.989989 0.514259 0.0199039 0.104012 0.0180757
0 0.342846 0.35891 0.0217806 0.039024 0.0180115
0 0.507594 0.50414 0.0167243 0.0447868 0.0180093
0 0.351393 0.415519 0.0135781 0.024469 0.0178006
0 0.893766 0.399381 0.220737 0.176319 0.0177382
0 0.850668 0.351642 0.271959 0.322468 0.0177132
0 0.332841 0.466469 0.0133406 0.0201257 0.0176959
0 0.988628 0.795253 0.0242388 0.138489 0.0176113
0 0.740146 0.248351 0.0463389 0.0456562 0.0175099
0 0.513886 0.439132 0.0279708 0.0341216 0.0174902
0 0.566377 0.444772 0.040345 0.0656951 0.0174653
0 0.182675 0.408512 0.0472296 0.075893 0.0174446
0 0.57498 0.521177 0.0335266 0.0579978 0.0173949
0 0.774169 0.246394 0.0799038 0.0844477 0.0173929
0 0.0695203 0.586531 0.126515 0.280844 0.0173431
0 0.792157 0.203061 0.0964298 0.132609 0.0173317
0 0.953798 0.754994 0.0772629 0.138625 0.0172607
0 0.664138 0.293036 0.222402 0.224743 0.0171658
0 0.986409 0.469938 0.0282728 0.116237 0.0170729
0 0.706859 0.161703 0.159741 0.166668 0.0170129
0 0.696601 0.232829 0.0505488 0.0490779 0.0169362
0 0.17782 0.495328 0.0436138 0.0708818 0.0168832
0 0.722612 0.482458 0.0802935 0.0793387 0.0168601
0 0.498868 0.206813 0.0519699 0.0331511 0.0168128
0 0.0383928 0.242532 0.079772 0.371454 0.0168017
0 0.937258 0.73918 0.131244 0.229449 0.0167997
0 0.622417 0.233157 0.0480764 0.0378836 0.0167919
0 0.678459 0.517102 0.0324182 0.0547755 0.016788
0 0.578504 0.410875 0.020441 0.0285907 0.0167477
0 0.769164 0.493351 0.114121 0.10114 0.0167248
0 0.816742 0.382093 0.177696 0.169354 0.0167078
0 0.531618 0.412084 0.0288407 0.0493961 0.0166893
0 0.9905 0.718391 0.0188051 0.135862 0.016651
0 0.578435 0.40809 0.0262618 0.0431421 0.0166508
0 0.980919 0.76242 0.0363869 0.135389 0.0166171
0 0.505638 0.211474 0.0730085 0.0414777 0.0165967
0 0.0559025 0.466671 0.0808295 0.123999 0.0165376
0 0.591775 0.499101 0.026943 0.0690793 0.0164851
0 0.541376 0.260292 0.019586 0.0223493 0.0164808
0 0.979261 0.411528 0.0415571 0.120539 0.0164798
0 0.0375202 -0.0132475 0.065832 0.0421114 0.0164707
0 0.969561 0.465327 0.0615576 0.131377 0.0163782
0 0.497156 0.0976837 0.0265476 0.0446685 0.0161365
0 0.725067 0.342213 0.0408363 0.0519218 0.0160694
0 0.650894 0.232927 0.0569876 0.0445694 0.0159979
0 0.791431 0.117721 0.0566685 0.0882162 0.0159941
0 0.619803 0.409321 0.0286516 0.0446821 0.0159765
0 0.843379 0.232558 0.0397322 0.063838 0.0159027
0 0.861897 0.421286 0.262787 0.271621 0.0158643
0 0.692224 0.247078 0.0613234 0.0589673 0.0158569
0 0.823983 0.251938 0.124939 0.186385 0.0158201
0 0.97968 -0.0192768 0.0427389 0.0403999 0.0157926
0 0.369303 0.363778 0.0265754 0.0346369 0.0157917
0 0.395669 0.497264 0.0704506 0.102154 0.898797
0 0.532798 0.49282 0.0594049 0.116871 0.896658
0 0.173748 0.480603 0.0442144 0.0600823 0.786469
0 0.508886 0.475956 0.0575799 0.107052 0.781382
0 0.0227784 0.504975 0.0455567 0.122487 0.730672
0 0.206647 0.477296 0.0319449 0.0547034 0.674212
0 0.458245 0.473385 0.0217568 0.0479643 0.66285
0 0.441279 0.468582 0.0170626 0.0340389 0.66263
0 0.238041 0.475814 0.0251011 0.04495 0.580769
0 0.229188 0.474754 0.0313355 0.0501343 0.57312
0 0.42763 0.463656 0.0146397 0.0246881 0.527192
0 0.311527 0.467404 0.0201944 0.0257816 0.516079
0 0.474095 0.478978 0.0247607 0.0635235 0.508093
0 0.153487 0.490373 0.0328543 0.0629395 0.487825
0 0.253384 0.469081 0.0301313 0.0455282 0.483826
0 0.360229 0.462498 0.0206948 0.0293496 0.443591
0 0.445822 0.46992 0.0182775 0.0379374 0.38774
0 0.0943062 0.498838 0.100011 0.0925952 0.333114
0 0.437208 0.468245 0.0131293 0.0285718 0.331244
0 0.478931 0.477633 0.027793 0.0761802 0.326374
0 0.275644 0.464314 0.0251057 0.0403962 0.308823
0 0.468053 0.475593 0.0205018 0.0571248 0.301628
0 0.112206 0.499167 0.0708033 0.0794999 0.299484
0 0.300567 0.468642 0.0211588 0.0300515 0.288437
0 0.450123 0.47248 0.0154541 0.0382405 0.279938
0 0.432568 0.465853 0.0127871 0.0283891 0.269971
0 0.363254 0.461911 0.0148851 0.0225908 0.26821
0 0.351726 0.461139 0.0134634 0.0235951 0.26789
0 0.315506 0.46773 0.0126018 0.0197817 0.264311
0 0.485907 0.481874 0.0258524 0.0791469 0.262221
0 0.139175 0.490988 0.0612614 0.0684038 0.250185
0 0.422365 0.461361 0.0117048 0.0202734 0.248961
0 0.24202 0.475974 0.0180802 0.0381995 0.246289
0 0.305264 0.468833 0.0162886 0.0245455 0.246193
0 0.430438 0.466459 0.0116124 0.0232943 0.229337
0 0.465521 0.475584 0.0161143 0.044789 0.225993
0 0.215603 0.471907 0.0387955 0.0602785 0.221215
0 0.424218 0.464373 0.0136362 0.0287908 0.219777
0 0.25928 0.470241 0.0195671 0.0372063 0.206447
0 0.454707 0.473304 0.0159285 0.0390333 0.198738
0 0.0743141 0.420796 0.148628 0.286111 0.192568
0 0.26759 0.466729 0.0198799 0.0366508 0.192255
0 0.263315 0.470337 0.016452 0.0335779 0.189362
0 0.249635 0.473306 0.0191782 0.0393422 0.164822
0 0.226033 0.478408 0.0197887 0.0438449 0.164385
0 0.321874 0.466806 0.0158445 0.0236049 0.154695
0 0.255218 0.479443 0.0181828 0.0315894 0.154514
0 0.362109 0.466652 0.0138288 0.0257398 0.154032
0 0.34563 0.460684 0.0207129 0.0270129 0.153863
0 0.272323 0.468652 0.0171712 0.0305067 0.146686
0 0.090635 0.471009 0.110507 0.151089 0.143238
0 0.279064 0.466722 0.0185315 0.0324009 0.14201
0 0.355763 0.464731 0.0121558 0.0202279 0.138774
0 0.345948 0.460785 0.0143517 0.0213377 0.136431
0 0.280098 0.473264 0.0184649 0.0264543 0.135425
0 0.679096 0.484067 0.0379244 0.0649914 0.130116
0 0.472717 0.480789 0.0153824 0.0487857 0.125757
0 0.427847 0.459946 0.0112998 0.0225679 0.125321
0 0.0696074 0.507209 0.0563473 0.0790642 0.122829
0 0.341227 0.461385 0.0124166 0.0195678 0.118909
0 0.355836 0.455377 0.0136703 0.0197437 0.118763
0 0.445556 0.469104 0.0123021 0.0280583 0.112388
0 0.233692 0.476681 0.0192764 0.0383793 0.109363
0 0.058974 0.512397 0.0361075 0.0679365 0.109158
0 0.624332 0.44447 0.025045 0.0441928 0.10749
0 0.406597 0.445796 0.0184523 0.0162817 0.103002
0 0.357247 0.459507 0.0123706 0.0203725 0.102991
0 0.439896 0.462496 0.0133005 0.0267108 0.102591
0 0.693652 0.478311 0.0666536 0.0807468 0.102296
0 0.349718 0.453318 0.0120497 0.0202013 0.10042
0 0.349403 0.460758 0.0112103 0.018598 0.0998827
0 0.421844 0.454713 0.0113008 0.0153034 0.0998664
0 0.0743549 0.497895 0.0712822 0.104169 0.0992979
0 0.266598 0.468962 0.0143238 0.023437 0.0962995
0 0.407582 0.451257 0.012443 0.014397 0.0955854
0 0.215538 0.47223 0.021179 0.0408284 0.0950243
0 0.425523 0.455272 0.0129641 0.0201613 0.0942359
0 0.364455 0.45551 0.0133765 0.0173735 0.0914061
0 0.205071 0.478732 0.0207762 0.043843 0.0882071
0 0.653565 0.471945 0.0763177 0.0868056 0.0865805
0 0.668898 0.468497 0.060498 0.0994198 0.0854065
0 0.424969 0.470776 0.0148469 0.0270624 0.0839677
0 0.360625 0.459058 0.0121469 0.0213326 0.0817929
0 0.624627 0.434643 0.0233 0.0413415 0.0798736
0 0.429675 0.454784 0.0135771 0.0212354 0.0796317
0 0.0438187 0.500028 0.089854 0.125704 0.0791753
0 0.707447 0.468531 0.0955078 0.100946 0.078128
0 0.157074 0.491628 0.0200456 0.0430174 0.0748929
0 0.404754 0.451617 0.0152712 0.0160571 0.0711398
0 0.493619 0.488455 0.0211613 0.076284 0.0709562
0 0.152451 0.490854 0.0221744 0.0475093 0.0663154
0 0.514809 0.485428 0.03248 0.0949568 0.0643068
0 0.644988 0.445611 0.0674477 0.0797448 0.0610366
0 0.452452 0.463591 0.0142722 0.0302793 0.0606355
0 0.0250836 0.535195 0.049785 0.211285 0.0589108
0 0.736475 0.453372 0.145663 0.135662 0.0577369
0 0.191577 0.482603 0.0182261 0.0374708 0.0569833
0 0.167262 0.480001 0.0225992 0.0512177 0.056667
0 0.637252 0.425876 0.0573929 0.08499 0.0556872
0 0.474949 0.488855 0.0147393 0.0392494 0.0546997
0 0.187898 0.47391 0.045261 0.0604986 0.0531577
0 0.0863053 0.298522 0.153605 0.496734 0.0525862
0 0.835513 0.18942 0.286849 0.381899 0.0522854
0 0.170022 0.466951 0.0296047 0.031822 0.0506991
0 0.683556 0.465048 0.0510773 0.100448 0.0506249
0 0.178362 0.468941 0.0252782 0.0319995 0.0485805
0 0.0200598 0.482406 0.0421528 0.0794192 0.0480438
0 0.157475 0.480344 0.02056 0.0435556 0.0470212
0 0.626479 0.421473 0.0341626 0.0738095 0.0449935
0 0.625373 0.4228 0.0269257 0.0483615 0.0445395
0 0.49784 0.079353 0.0186503 0.0283793 0.0443843
0 0.598611 0.44576 0.0492306 0.0754205 0.0442408
0 0.698303 0.438702 0.0811193 0.160632 0.044171
0 0.185055 0.476877 0.0186971 0.0438213 0.0430332
0 0.0461676 0.461004 0.076515 0.227423 0.0427674
0 0.665971 0.166566 0.375519 0.26772 0.0423248
0 0.461606 0.459355 0.0182492 0.0280168 0.0412778
0 0.430926 0.472795 0.0118379 0.0246348 0.0410934
0 0.30044 0.405675 0.0533303 0.0708021 0.0404117
0 0.365097 0.483128 0.0128333 0.0300226 0.0400775
0 0.755221 0.163475 0.333 0.280987 0.0399951
0 0.437178 0.455409 0.015186 0.0228433 0.0391325
0 0.305003 0.475172 0.0137786 0.0223608 0.038771
0 0.62583 0.465145 0.047734 0.0732911 0.0387185
0 0.611003 0.445288 0.0518291 0.0616842 0.0384732
0 0.0466698 0.517987 0.0648106 0.086745 0.0375695
0 0.274565 0.447436 0.0270135 0.0498177 0.0363386
0 0.511702 0.467646 0.0174885 0.0386605 0.0361398
0 0.239361 0.456217 0.0193013 0.0241733 0.0351851
0 0.0472186 0.552605 0.0882198 0.213781 0.0350095
0 0.249297 0.452823 0.0204821 0.0311768 0.0341734
0 0.846443 0.410032 0.232739 0.179007 0.0339868
0 0.287679 0.474463 0.0146859 0.0246303 0.0339719
0 0.570913 0.506117 0.0379842 0.0716927 0.033807
0 0.125662 0.514342 0.1075 0.134527 0.033446
0 0.209959 0.21572 0.019643 0.0309866 0.0332732
0 0.301767 0.444588 0.030074 0.0427747 0.0328778
0 0.514843 0.458166 0.0463932 0.0686446 0.0324817
0 0.744261 0.429942 0.177265 0.190699 0.0324091
0 0.475265 0.462075 0.0216895 0.0404978 0.0321377
0 0.22307 0.455797 0.018878 0.0235768 0.0316429
0 0.585875 0.429332 0.0307586 0.043376 0.0307557
0 0.449137 0.457747 0.015694 0.0230136 0.0306664
0 0.659186 0.435678 0.107252 0.138586 0.0295575
0 0.555683 0.238 0.0420724 0.0259475 0.0290498
0 0.670355 0.485238 0.0211391 0.0434741 0.0288859
0 0.327641 0.452996 0.0134328 0.0172732 0.0288622
0 0.582581 0.301562 0.22417 0.189485 0.028238
0 0.587484 0.468029 0.0378696 0.0853115 0.0280433
0 0.227067 0.447402 0.0193972 0.028441 0.0279172
0 0.150365 0.469576 0.0203718 0.0271735 0.0277832
0 0.497621 0.226209 0.0880244 0.0631969 0.0277457
0 0.578783 0.509654 0.0302243 0.0600616 0.0276797
0 0.800651 0.427998 0.197551 0.175548 0.0276359
0 0.423142 0.423453 0.0128045 0.0194532 0.0276339
0 0.658013 0.427947 0.0486515 0.086649 0.0272324
0 0.801569 0.189466 0.0853359 0.0876905 0.026699
0 0.430678 0.42129 0.0164771 0.0239012 0.0266761
0 0.310533 0.449632 0.016095 0.0232176 0.0266697
0 0.408806 0.423078 0.0136804 0.019691 0.0266277
0 0.581428 0.229695 0.0425185 0.0394718 0.0261912
0 0.399861 0.420897 0.0210038 0.0289682 0.0259505
0 0.27993 0.443372 0.0368972 0.0629238 0.0258526
0 0.61263 0.422828 0.0593466 0.086791 0.0258441
0 0.934937 0.727515 0.100973 0.166374 0.0257801
0 0.542819 0.232452 0.0303269 0.0317232 0.0257725
0 0.614149 0.472146 0.0481639 0.0811699 0.0257412
0 0.308653 0.473707 0.0144349 0.0213565 0.0256346
0 0.521426 0.365947 0.0968073 0.108433 0.0253592
0 0.564241 0.229775 0.0618803 0.0446123 0.0253002
0 0.498617 0.505726 0.0188255 0.0476984 0.0252549
0 0.563035 0.30251 0.0410753 0.0307127 0.0250283
0 0.157307 0.538751 0.0286912 0.0493044 0.0249954
0 0.399689 0.426168 0.0169142 0.0228439 0.024758
0 0.489496 0.50102 0.017566 0.0485479 0.0246233
0 0.602744 0.477636 0.0450911 0.0892596 0.0245918
0 0.736185 0.482629 0.13563 0.100435 0.0245051
0 0.285105 0.40023 0.04533 0.0597804 0.0244074
0 0.690049 0.221922 0.0762218 0.0656746 0.024249
0 0.618705 0.421119 0.0412048 0.0635173 0.0239981
0 0.56866 0.299069 0.0299996 0.0226211 0.0237818
0 0.15786 0.469158 0.0207827 0.0270708 0.023768
0 0.809536 0.214022 0.0397373 0.0351249 0.0233971
0 0.386123 0.428399 0.0152276 0.0211604 0.0231811
0 0.630557 0.4084 0.0786206 0.136958 0.0231332
0 0.967262 0.414638 0.0616709 0.117494 0.0231224
0 0.794043 0.208621 0.0710005 0.0546135 0.0230615
0 0.539471 0.233687 0.0232172 0.0235405 0.0230126
0 0.208038 0.45473 0.0187775 0.0230701 0.0229348
0 0.0253356 0.399318 0.0469157 0.245296 0.0227936
0 0.586812 0.52096 0.0152095 0.0315962 0.0226515
0 0.653769 0.177381 0.0700098 0.108803 0.0225593
0 0.59076 0.228704 0.037618 0.0398005 0.0224974
0 0.0831661 0.566962 0.0840161 0.122683 0.0224693
0 0.789285 0.457196 0.131801 0.119736 0.0221712
0 0.107642 0.572787 0.0804298 0.0996573 0.0220391
0 0.665976 0.415099 0.031813 0.0759495 0.0219588
0 0.574525 0.490363 0.0371589 0.0845764 0.0218502
0 0.692368 0.502663 0.0609471 0.0905345 0.0218083
0 0.682718 0.433266 0.0454818 0.10269 0.021689
0 0.872301 0.367419 0.254142 0.171678 0.0216363
0 0.246184 0.466282 0.017718 0.0295827 0.0214678
0 0.619686 0.225658 0.034894 0.0402181 0.0214588
0 0.584847 0.566868 0.0257018 0.0479917 0.0211544
0 0.983944 0.499623 0.0333773 0.125956 0.0211026
0 0.338362 0.407416 0.0202807 0.0350761 0.0210728
0 0.976742 0.441872 0.0467579 0.109807 0.0210497
0 0.773924 0.275214 0.23925 0.345982 0.0208698
0 0.99217 0.785548 0.0157522 0.0924386 0.0208616
0 0.0168116 0.45986 0.0372321 0.0941244 0.0208402
0 0.786312 0.385306 0.236762 0.261013 0.0208253
0 0.362763 0.423847 0.0123538 0.0193294 0.020673
0 0.532313 0.162226 0.205604 0.248213 0.02063
0 0.954769 0.428458 0.060033 0.0696104 0.0205946
0 0.610248 0.228921 0.0439348 0.0419829 0.0204656
0 0.125484 0.399215 0.115297 0.232248 0.0204562
0 0.569947 0.485901 0.0496939 0.106111 0.020429
0 0.786324 0.217574 0.0940476 0.0781308 0.0202524
0 0.736715 0.465711 0.109651 0.0957501 0.0202427
0 0.711779 0.412772 0.105424 0.191834 0.0202235
0 0.684494 0.411498 0.0513647 0.10123 0.0200524
0 0.557217 0.295735 0.0253079 0.0222339 0.0199076
0 0.342814 0.851187 0.0227208 0.033068 0.0198977
0 0.550985 0.43335 0.0541184 0.0437967 0.0195323
0 0.664191 0.492258 0.0300139 0.056454 0.019502
0 0.469507 0.28106 0.0391685 0.0461957 0.0194742
0 0.620552 0.713861 0.127441 0.189176 0.0191985
0 0.560923 0.248394 0.0443479 0.0317138 0.0191225
0 0.62393 0.492034 0.0633327 0.0924979 0.0190968
0 0.990692 0.764796 0.0191475 0.12461 0.0190728
0 0.485721 0.49757 0.0153906 0.0449203 0.019056
0 0.375402 0.428621 0.0139213 0.0202771 0.018948
0 0.0135028 0.53332 0.0260887 0.146676 0.0189171
0 0.984492 0.429734 0.0318422 0.0989832 0.0188778
0 0.512586 0.528809 0.0249658 0.0539846 0.0187053
0 0.908823 0.668659 0.0449699 0.041372 0.0185523
0 0.620289 0.181238 0.034591 0.0722131 0.0185078
0 0.774667 0.201538 0.0804724 0.0906144 0.0184038
0 0.674999 0.222109 0.0421735 0.0506692 0.0183992
0 0.277302 0.406156 0.0455912 0.0735898 0.0183863
0 0.577147 0.427271 0.032234 0.0389024 0.0183598
0 0.521411 0.698152 0.0760403 0.126435 0.0183205
0 0.430775 0.287596 0.0285902 0.0410615 0.0182101
0 0.448676 0.417463 0.0274142 0.0413901 0.0181886
0 0.0138629 0.45716 0.0226845 0.0565862 0.0181804
0 0.669795 0.229867 0.0440442 0.0468548 0.0181589
0 0.85451 0.31771 0.187648 0.146262 0.0180883
0 0.989989 0.514259 0.0199039 0.104012 0.0180757
0 0.342846 0.35891 0.0217806 0.039024 0.0180115
0 0.507594 0.50414 0.0167243 0.0447868 0.0180093
0 0.351393 0.415519 0.0135781 0.024469 0.0178006
0 0.893766 0.399381 0.220737 0.176319 0.0177382
0 0.850668 0.351642 0.271959 0.322468 0.0177132
0 0.332841 0.466469 0.0133406 0.0201257 0.0176959
0 0.988628 0.795253 0.0242388 0.138489 0.0176113
0 0.740146 0.248351 0.0463389 0.0456562 0.0175099
0 0.513886 0.439132 0.0279708 0.0341216 0.0174902
0 0.566377 0.444772 0.040345 0.0656951 0.0174653
0 0.182675 0.408512 0.0472296 0.075893 0.0174446
0 0.57498 0.521177 0.0335266 0.0579978 0.0173949
0 0.774169 0.246394 0.0799038 0.0844477 0.0173929
0 0.0695203 0.586531 0.126515 0.280844 0.0173431
0 0.792157 0.203061 0.0964298 0.132609 0.0173317
0 0.953798 0.754994 0.0772629 0.138625 0.0172607
0 0.664138 0.293036 0.222402 0.224743 0.0171658
0 0.986409 0.469938 0.0282728 0.116237 0.0170729
0 0.706859 0.161703 0.159741 0.166668 0.0170129
0 0.696601 0.232829 0.0505488 0.0490779 0.0169362
0 0.17782 0.495328 0.0436138 0.0708818 0.0168832
0 0.722612 0.482458 0.0802935 0.0793387 0.0168601
0 0.498868 0.206813 0.0519699 0.0331511 0.0168128
0 0.0383928 0.242532 0.079772 0.371454 0.0168017
0 0.937258 0.73918 0.131244 0.229449 0.0167997
0 0.622417 0.233157 0.0480764 0.0378836 0.0167919
0 0.678459 0.517102 0.0324182 0.0547755 0.016788
0 0.578504 0.410875 0.020441 0.0285907 0.0167477
0 0.769164 0.493351 0.114121 0.10114 0.0167248
0 0.816742 0.382093 0.177696 0.169354 0.0167078
0 0.531618 0.412084 0.0288407 0.0493961 0.0166893
0 0.9905 0.718391 0.0188051 0.135862 0.016651
0 0.578435 0.40809 0.0262618 0.0431421 0.0166508
0 0.980919 0.76242 0.0363869 0.135389 0.0166171
0 0.505638 0.211474 0.0730085 0.0414777 0.0165967
0 0.0559025 0.466671 0.0808295 0.123999 0.0165376
0 0.591775 0.499101 0.026943 0.0690793 0.0164851
0 0.541376 0.260292 0.019586 0.0223493 0.0164808
0 0.979261 0.411528 0.0415571 0.120539 0.0164798
0 0.0375202 -0.0132475 0.065832 0.0421114 0.0164707
0 0.969561 0.465327 0.0615576 0.131377 0.0163782
0 0.497156 0.0976837 0.0265476 0.0446685 0.0161365
0 0.725067 0.342213 0.0408363 0.0519218 0.0160694
0 0.650894 0.232927 0.0569876 0.0445694 0.0159979
0 0.791431 0.117721 0.0566685 0.0882162 0.0159941
0 0.619803 0.409321 0.0286516 0.0446821 0.0159765
0 0.843379 0.232558 0.0397322 0.063838 0.0159027
0 0.861897 0.421286 0.262787 0.271621 0.0158643
0 0.692224 0.247078 0.0613234 0.0589673 0.0158569
0 0.823983 0.251938 0.124939 0.186385 0.0158201
0 0.97968 -0.0192768 0.0427389 0.0403999 0.0157926
0 0.369303 0.363778 0.0265754 0.0346369 0.0157917
