0 0.538583 0.468935 0.0478339 0.150695 0.912887
0 0.133918 0.389523 0.267836 0.661902 0.895211
0 0.42597 0.503644 0.102479 0.158173 0.89285
0 0.513522 0.459385 0.0216056 0.0439352 0.800545
0 0.326956 0.487084 0.0665884 0.0819849 0.798769
0 0.482377 0.45845 0.0187469 0.0306826 0.769348
0 0.498099 0.459532 0.0183814 0.0314834 0.726775
0 0.370196 0.470598 0.0239962 0.0398636 0.458451
0 0.467602 0.457598 0.0118914 0.0236896 0.346103
0 0.47408 0.458207 0.0137409 0.0251813 0.26262
0 0.29476 0.48399 0.0276202 0.0592652 0.255666
0 0.280032 0.486645 0.0326408 0.0578592 0.22778
0 0.504652 0.461782 0.0163599 0.0325524 0.225076
0 0.490357 0.460304 0.0143892 0.0280991 0.222362
0 0.0583812 0.407959 0.11608 0.415659 0.193712
0 0.494801 0.461499 0.0142888 0.0282506 0.189849
0 0.471735 0.460926 0.0124349 0.0238597 0.18649
0 0.265704 0.495843 0.0230684 0.050119 0.177995
0 0.374807 0.45314 0.038042 0.0704786 0.173497
0 0.37878 0.462999 0.0323812 0.0523017 0.165055
0 0.5625 0.403242 0 0.119954 0.162794
0 0.257134 0.500012 0.0303934 0.0605892 0.155448
0 0.365916 0.473938 0.0179495 0.0356884 0.150407
0 0.28498 0.476151 0.0433514 0.0806861 0.146022
0 0.5625 0.478695 0 0.0992175 0.144593
0 0.5625 0.415344 0 0.114953 0.143067
0 0.320854 0.469885 0.0760919 0.111798 0.139151
0 0.5625 0.416583 0 0.0867161 0.133858
0 0.487774 0.461299 0.011943 0.0245758 0.129254
0 0.378771 0.468496 0.0190532 0.0338878 0.127856
0 0.482678 0.461605 0.0112375 0.0221873 0.121681
0 0.5625 0.51293 0 0.165659 0.117659
0 0.480407 0.459963 0.012425 0.0231447 0.117492
0 0.472021 0.452113 0.0125808 0.0231648 0.115637
0 0.464233 0.452698 0.0175442 0.0301634 0.113887
0 0.368909 0.474889 0.0152153 0.029255 0.112924
0 0.5625 0.401688 0 0.0814052 0.110412
0 0.309461 0.478485 0.0603986 0.0895008 0.11034
0 0.5625 0.389941 0 0.107914 0.102165
0 0.5625 0.449105 0 0.172683 0.0961729
0 0.358626 0.467192 0.0253434 0.0475294 0.0955794
0 0.512322 0.455036 0.0164668 0.0319904 0.0951094
0 0.325398 0.443797 0.0655516 0.0711778 0.0918427
0 0.5625 0.488908 0 0.169248 0.0914532
0 0.502553 0.455904 0.0141199 0.0310504 0.0893718
0 0.5625 0.406759 0 0.121832 0.088364
0 0.376012 0.461011 0.0158523 0.0303506 0.0880527
0 0.062578 0.519707 0.124665 0.369193 0.0877262
0 0.467238 0.452167 0.0145074 0.0239376 0.0842904
0 0.294186 0.488063 0.0185955 0.0399572 0.0816628
0 0.519316 0.457543 0.0171074 0.0427815 0.0798797
0 0.513178 0.461705 0.014443 0.0331399 0.0795669
0 0.304119 0.463933 0.0818434 0.11805 0.0769634
0 0.960909 0.435885 0.0705034 0.126437 0.075516
0 0.468537 0.458246 0.0169396 0.0303993 0.0740332
0 0.641834 0.463221 0.0411679 0.0518451 0.0739016
0 0.05322 0.654776 0.104819 0.342924 0.0735758
0 0.63642 0.449879 0.0427345 0.0772317 0.072241
0 0.392279 0.480929 0.0387347 0.0750169 0.0711809
0 0.510448 0.454474 0.0158474 0.0469073 0.0701747
0 0.529844 0.448152 0.0335656 0.0904628 0.0700298
0 0.387461 0.453375 0.0286968 0.0470773 0.0690947
0 0.27153 0.497867 0.0171514 0.0306054 0.0689007
0 0.965651 0.376193 0.0647802 0.114342 0.0677453
0 0.947449 0.386097 0.0828766 0.0944439 0.0668564
0 0.458528 0.45254 0.0211306 0.0361596 0.0661778
0 0.688452 0.464566 0.0457177 0.0353973 0.0655354
0 0.989151 0.371684 0.021726 0.106951 0.064093
0 0.843911 0.421187 0.0317783 0.0374362 0.0633398
0 0.360235 0.473889 0.0128823 0.0341042 0.0623427
0 0.275961 0.496235 0.03495 0.0624627 0.0610982
0 0.968288 0.508857 0.0598806 0.203091 0.0610639
0 0.289313 0.487897 0.0249133 0.055317 0.0609517
0 0.30101 0.482829 0.0193851 0.0394344 0.0604409
0 0.0556642 0.311794 0.110863 0.222126 0.0601136
0 0.266621 0.510557 0.0211577 0.0412003 0.0599973
0 0.424728 0.460886 0.0868016 0.0751164 0.0598442
0 0.313126 0.482719 0.0275006 0.0487413 0.0576411
0 0.643336 0.474309 0.0383058 0.0369745 0.0560151
0 0.373923 0.486771 0.015503 0.0331957 0.0559253
0 0.63392 0.430225 0.054001 0.114559 0.0556397
0 0.448974 0.452266 0.0487246 0.0512755 0.0549084
0 0.0314401 0.480471 0.0586268 0.240883 0.0548652
0 0.978662 0.854574 0.0406212 0.275946 0.0544531
0 0.92013 0.401732 0.0284002 0.0446955 0.0541273
0 0.272504 0.472154 0.0330901 0.119098 0.0519405
0 0.0617116 0.237243 0.120447 0.332374 0.0513073
0 0.941352 0.396081 0.0535484 0.0617458 0.0490322
0 0.691575 0.455536 0.0434395 0.0479008 0.0484498
0 0.379731 0.45309 0.0282262 0.0425148 0.0475455
0 0.0379634 0.305172 0.0740461 0.183801 0.0474928
0 0.012126 0.515355 0.0250554 0.0961707 0.046455
0 0.027389 0.542885 0.053416 0.30693 0.045959
0 0.243532 0.511062 0.0359589 0.0661662 0.0452933
0 0.657271 0.472796 0.0496701 0.0419684 0.0439899
0 0.497794 0.462834 0.0118618 0.0212863 0.0433581
0 0.698028 0.463191 0.0351395 0.0356704 0.0432332
0 0.539792 0.440294 0.0501458 0.0861869 0.0428885
0 0.981954 0.541251 0.036445 0.205168 0.0423957
0 0.0841885 0.621273 0.179744 0.255518 0.0418715
0 0.646824 0.438905 0.0670415 0.100313 0.041233
0 0.668813 0.446205 0.0974695 0.0857259 0.0411074
0 0.0705821 0.583116 0.134209 0.203594 0.0403019
0 0.850779 0.419169 0.0442337 0.0445362 0.0402334
0 0.825204 0.418789 0.0616079 0.0552266 0.0401856
0 0.0538136 0.500952 0.100446 0.13007 0.0397365
0 0.98487 0.899949 0.0280016 0.202886 0.0395083
0 0.383128 0.487653 0.0163209 0.0435507 0.03914
0 0.429417 0.464832 0.0289449 0.043376 0.0387836
0 0.97545 0.899615 0.0516283 0.194124 0.0372939
0 0.0137481 0.974018 0.0259571 0.0441718 0.0371711
0 0.407081 0.455244 0.0152684 0.0252202 0.0370205
0 0.988633 0.869821 0.0210802 0.195883 0.0369794
0 0.525156 0.447919 0.0210338 0.0502224 0.0365578
0 0.988397 0.545798 0.0226351 0.178001 0.0363297
0 0.672118 0.473832 0.0770987 0.0515199 0.0362316
0 0.25065 0.389371 0.0390485 0.347547 0.0361152
0 0.0178306 0.528645 0.0372208 0.151513 0.0360713
0 0.251819 0.498013 0.0417011 0.10558 0.0359526
0 0.0757711 0.590048 0.14418 0.508061 0.0359513
0 0.704109 0.428782 0.047574 0.0723537 0.0357734
0 0.633007 0.46062 0.0248364 0.0381255 0.0357323
0 0.897174 0.403281 0.0686558 0.0556091 0.0355577
0 0.26453 0.4355 0.024509 0.202017 0.0355333
0 0.116202 0.569987 0.0485576 0.0940191 0.0350602
0 0.780052 0.427504 0.0279157 0.0376396 0.0349829
0 0.590625 0.423247 0.0596841 0.0617656 0.0348792
0 0.668497 0.393742 0.120143 0.177291 0.0348504
0 0.69075 0.435132 0.0571676 0.0855245 0.0341577
0 0.958034 0.431015 0.0912752 0.16499 0.0335142
0 0.429962 0.431564 0.030732 0.0285561 0.033266
0 0.620364 0.434396 0.0383307 0.0801517 0.0329451
0 0.960569 0.347714 0.0765528 0.245704 0.032715
0 0.557605 0.427139 0.0793854 0.0661109 0.0325571
0 0.624468 0.0601648 0.0634502 0.110428 0.0322213
0 0.525795 0.441802 0.0332034 0.0618735 0.032209
0 0.0438694 0.756719 0.0846451 0.331552 0.0318166
0 0.209388 0.540863 0.113592 0.135762 0.031799
0 0.818337 0.266263 0.0310444 0.0351745 0.031645
0 0.230985 0.46621 0.0740366 0.143942 0.0308668
0 0.24707 0.530558 0.0321985 0.0772111 0.0303749
0 0.923456 0.403608 0.0414524 0.0512237 0.0303566
0 0.855653 0.263217 0.0323727 0.0351715 0.0303395
0 0.259032 0.513494 0.0214602 0.0441745 0.0299907
0 0.971003 0.829754 0.0592422 0.308952 0.0298845
0 0.500397 0.475522 0.0136604 0.0271179 0.0298232
0 0.545928 0.465417 0.0579771 0.123027 0.02965
0 0.0624064 0.825094 0.105211 0.189265 0.0295546
0 0.225729 0.530344 0.0644032 0.116155 0.0294499
0 0.171531 0.577362 0.0742988 0.0703503 0.0293514
0 0.387259 0.454528 0.0170761 0.0262308 0.0291772
0 0.476621 0.474482 0.0145941 0.0288205 0.0288263
0 0.72309 0.178049 0.0175368 0.0247516 0.0287245
0 0.913102 0.396571 0.0569199 0.0641891 0.0286374
0 0.248476 0.438752 0.0507117 0.277417 0.0285845
0 0.528766 0.434809 0.0187949 0.0437147 0.0285134
0 0.601291 0.428162 0.0448281 0.0716215 0.0284783
0 0.628473 0.465833 0.0155251 0.0306277 0.028039
0 0.229546 0.554532 0.0313662 0.0738885 0.0280112
0 0.650123 0.412545 0.0805003 0.14745 0.027945
0 0.928849 0.386938 0.0746376 0.0862082 0.027864
0 0.100762 0.571435 0.0814515 0.129737 0.0277678
0 0.905376 0.384394 0.0743317 0.093698 0.0275583
0 0.0695939 0.77135 0.12053 0.225129 0.0275153
0 0.0984812 0.713554 0.157749 0.188469 0.027436
0 0.828736 0.259028 0.0547451 0.0519057 0.0274329
0 0.635411 0.420978 0.0796938 0.184251 0.0274262
0 0.0348061 0.702763 0.0651804 0.326564 0.027418
0 0.621039 0.39512 0.119278 0.200419 0.0274017
0 0.61072 0.419811 0.0903096 0.138033 0.0273296
0 0.419995 0.430881 0.0349568 0.0299384 0.0272397
0 0.129078 0.607604 0.251102 0.415417 0.0270819
0 0.798544 0.42302 0.0334515 0.0404066 0.0268536
0 0.62147 0.449517 0.0178448 0.0377884 0.026646
0 0.0656393 0.292562 0.096914 0.158662 0.0262452
0 0.500527 0.464598 0.0128963 0.0222264 0.0259588
0 0.61183 0.4193 0.0440284 0.102376 0.0259202
0 0.958887 0.35308 0.0753223 0.144179 0.0253956
0 0.0492164 0.551497 0.0949401 0.167245 0.0253334
0 0.950989 0.492057 0.0836578 0.144944 0.0252724
0 0.510717 0.466222 0.0139606 0.0278284 0.0251735
0 0.358463 0.510465 0.0193946 0.0420577 0.0250991
0 0.835227 0.417104 0.0460493 0.0466085 0.0250359
0 0.619775 0.432364 0.0250767 0.0458327 0.0249898
0 0.809783 0.266802 0.0386465 0.0370325 0.0245736
0 0.387888 0.440782 0.0232708 0.031975 0.0245363
0 0.930639 0.4139 0.05089 0.0729902 0.0244922
0 0.324638 0.545387 0.0623413 0.087947 0.0244043
0 0.791512 0.262501 0.0897326 0.0599378 0.0243786
0 0.850588 0.260487 0.043784 0.0438282 0.0243362
0 0.100954 0.207429 0.194801 0.291089 0.0242431
0 0.464862 0.493112 0.021967 0.0387906 0.0239736
0 0.752843 0.270698 0.0878572 0.0541568 0.0239358
0 0.0171913 0.492307 0.0334187 0.175644 0.0239287
0 0.330098 0.439035 0.0257317 0.0440526 0.0239249
0 0.188878 0.521854 0.130561 0.168788 0.02375
0 0.0233662 0.64507 0.0448578 0.168121 0.0237347
0 0.520886 0.474804 0.0202484 0.0568611 0.0236898
0 0.510891 0.42918 0.0117879 0.0174393 0.0236513
0 0.807901 0.262165 0.0650347 0.0510501 0.0236238
0 0.103843 0.786638 0.107601 0.157636 0.0235983
0 0.991894 0.832983 0.0152576 0.196996 0.0235785
0 0.635766 0.483914 0.0276746 0.0386851 0.0235568
0 0.718498 0.183463 0.0253219 0.0348585 0.0234835
0 0.0239171 0.506743 0.0448905 0.119402 0.0234417
0 0.244104 0.755029 0.0490792 0.0974092 0.0233406
0 0.953591 0.536559 0.0826006 0.166143 0.0233206
0 0.25398 0.325833 0.0271418 0.147462 0.0233156
0 0.598631 0.405502 0.0526402 0.0840047 0.0233138
0 0.0633193 0.539608 0.109598 0.120172 0.0233124
0 0.0992516 0.487615 0.172661 0.349594 0.0232883
0 0.174169 0.484243 0.168811 0.265551 0.0230589
0 0.191196 0.563042 0.118143 0.149947 0.0230563
0 0.195079 0.435052 0.145686 0.380584 0.0230103
0 0.0218415 0.757099 0.0430579 0.286484 0.0229753
0 0.132397 0.730178 0.124518 0.148905 0.0229661
0 0.701817 0.141513 0.0695309 0.0885372 0.0228827
0 0.992929 0.350399 0.0123138 0.0655203 0.0228183
0 0.588687 0.379397 0.0599583 0.0704038 0.0228175
0 0.0295688 0.563873 0.0551549 0.195141 0.0227882
0 0.704212 0.45692 0.0492354 0.0451371 0.022705
0 0.220318 0.553673 0.0491595 0.0927294 0.0226061
0 0.683243 0.471193 0.0492894 0.0406606 0.0226057
0 0.627224 0.478428 0.0141314 0.0269342 0.0224515
0 0.215532 0.237425 0.106659 0.236379 0.0223931
0 0.142538 0.640695 0.139119 0.132132 0.0223005
0 0.0221865 0.296431 0.0425156 0.196913 0.0222743
0 0.220963 0.499979 0.0928099 0.188614 0.0222657
0 0.128411 0.68639 0.154736 0.155886 0.0222531
0 0.899504 0.400674 0.0910561 0.078476 0.0221566
0 0.0866539 0.836425 0.078026 0.130517 0.0221458
0 0.277619 0.442287 0.0399446 0.15861 0.0218798
0 0.149677 0.580672 0.157685 0.19759 0.0218684
0 0.988278 0.609202 0.0224264 0.174218 0.0218017
0 0.757341 0.429735 0.059066 0.0606987 0.0217293
0 0.98426 0.350314 0.0308586 0.111194 0.021697
0 0.718415 0.210508 0.0257689 0.0339813 0.0216865
0 0.370734 0.495642 0.0250492 0.059269 0.0216768
0 0.0161212 0.664468 0.0296642 0.198754 0.0216313
0 0.733621 0.432146 0.0838224 0.0814382 0.0215963
0 0.325367 0.493924 0.0296173 0.0476196 0.0215711
0 0.0453962 0.960807 0.0874297 0.105544 0.0215558
0 0.101635 0.842566 0.050505 0.0828149 0.0214979
0 0.505555 0.430109 0.0153204 0.0207132 0.0214974
0 0.0243427 0.97669 0.0455754 0.0638182 0.0214773
0 0.0867104 0.454638 0.11885 0.329493 0.0213235
0 0.302693 0.508066 0.0237563 0.053558 0.021195
0 0.699831 0.481858 0.0298852 0.0376396 0.0211618
0 0.480479 0.425365 0.0130208 0.0191967 0.0211534
0 0.913498 0.362607 0.132381 0.145373 0.0211432
0 0.00750342 0.99422 0.0158784 0.0306022 0.0211328
0 0.775033 0.270106 0.0610251 0.0430946 0.0207227
0 0.921939 0.339638 0.15547 0.215086 0.0206919
0 0.620113 0.462129 0.0162098 0.0405624 0.0206785
0 0.0470273 0.864798 0.0924255 0.21865 0.0206534
0 0.793334 0.267354 0.0651409 0.0449504 0.0204848
0 0.353895 0.40249 0.0453493 0.072226 0.0204593
0 0.973872 0.575599 0.0504509 0.17347 0.020411
0 0.592667 0.403345 0.054024 0.0598999 0.0203756
0 0.216685 0.573875 0.0462264 0.0682089 0.0203424
0 0.329285 0.420046 0.0627735 0.104884 0.0203148
0 0.982636 0.607264 0.0344215 0.195287 0.020299
0 0.590896 0.34676 0.0520885 0.0880053 0.0202574
0 0.232147 0.509531 0.0734989 0.0972785 0.0201825
0 0.501845 0.425657 0.0127666 0.01726 0.0201757
0 0.920833 0.418861 0.111158 0.0928176 0.0201075
0 0.377335 0.487411 0.0295397 0.0552865 0.0200744
0 0.37531 0.520295 0.0146817 0.035159 0.0199201
0 0.25396 0.74599 0.0565821 0.0906982 0.0197729
0 0.568309 0.421405 0.116457 0.163605 0.0196188
0 0.893344 0.336586 0.147942 0.176435 0.0195233
0 0.103751 0.435307 0.0658566 0.168969 0.0194402
0 0.154371 0.568411 0.081761 0.0902239 0.0194374
0 0.632005 0.475425 0.0211694 0.0288232 0.0193807
0 0.900598 0.230968 0.0700649 0.0628261 0.0193476
0 0.21272 0.50306 0.0687224 0.0722772 0.0193152
0 0.507047 0.363532 0.0251067 0.034842 0.0192625
0 0.163789 0.745939 0.0776911 0.11056 0.0191262
0 0.0512188 0.610849 0.0960079 0.156354 0.0191226
0 0.522651 0.168458 0.164531 0.251274 0.0190786
0 0.696692 0.403755 0.0630657 0.14226 0.0190068
0 0.89139 0.418817 0.119161 0.0903163 0.0189823
0 0.0639314 0.853362 0.118944 0.283449 0.0188465
0 0.766806 0.261838 0.114078 0.0702866 0.0188464
0 0.54312 0.420328 0.0446236 0.0626697 0.0188378
0 0.218593 0.438585 0.0657901 0.0917976 0.0188014
0 0.370103 0.405346 0.0355563 0.0516552 0.018795
0 0.720109 0.4436 0.0647144 0.0569221 0.0187938
0 0.858818 0.402973 0.0591249 0.0691182 0.0187686
0 0.495885 0.357069 0.0307026 0.0444869 0.0187313
0 0.258828 0.412378 0.0461996 0.202946 0.0186303
0 0.0600395 0.884698 0.0846454 0.125584 0.0185683
0 0.464176 0.425523 0.0173253 0.0260411 0.0185595
0 0.182984 0.215951 0.150295 0.255523 0.0185424
0 0.297889 0.425303 0.0292704 0.0762487 0.0185359
0 0.052885 0.166688 0.100841 0.12671 0.0185033
0 0.0807253 0.87969 0.0572667 0.0858149 0.0183837
0 0.719228 0.424942 0.0541866 0.0654346 0.0183051
0 0.83473 0.438064 0.05014 0.0686418 0.0182429
0 0.56737 0.564599 0.0809467 0.13789 0.0181669
