0 0.5625 0.378504 0 0.13496 0.909788
0 0.5625 0.413653 0 0.172006 0.89435
0 0.5625 0.375635 0 0.0857134 0.887219
0 0.485413 0.354886 0.0408797 0.0619794 0.885233
0 0.293065 0.395425 0.133891 0.152502 0.880337
0 0.0640307 0.413362 0.127565 0.193986 0.866449
0 0.5625 0.363314 0 0.0747862 0.829696
0 0.5625 0.414679 0 0.258368 0.81652
0 0.332595 0.322413 0.0689278 0.107938 0.779688
0 0.379225 0.353793 0.0341889 0.0561212 0.760019
0 0.403238 0.352482 0.0241421 0.0425306 0.747278
0 0.5625 0.357264 0 0.0654164 0.731015
0 0.5625 0.357866 0 0.0466815 0.719941
0 0.557488 0.35329 0.0100237 0.042187 0.684969
0 0.140272 0.381094 0.0988828 0.0928591 0.666768
0 0.206011 0.377677 0.0455887 0.0636791 0.651538
0 0.421394 0.335829 0.0165404 0.0219332 0.487827
0 0.433877 0.334751 0.0147312 0.0203246 0.481477
0 0.461194 0.332599 0.015844 0.0232045 0.445494
0 0.448428 0.331998 0.0131163 0.0184612 0.422669
0 0.519779 0.342931 0.0224606 0.0394397 0.375182
0 0.536238 0.347656 0.0241664 0.0319786 0.372249
0 0.526318 0.343736 0.0280789 0.0395919 0.334824
0 0.22585 0.370777 0.0247849 0.0556691 0.327493
0 0.514525 0.342641 0.0237899 0.0424281 0.31
0 0.561378 0.356001 0.0022449 0.0396366 0.277187
0 0.453916 0.331638 0.0127244 0.0193388 0.260022
0 0.556037 0.352971 0.0129267 0.0344514 0.258802
0 0.465122 0.333043 0.0125742 0.02128 0.248414
0 0.5625 0.361986 0 0.0592312 0.243785
0 0.173096 0.376948 0.0384517 0.0678212 0.23909
0 0.37131 0.311348 0.0182889 0.0384525 0.237603
0 0.161385 0.377084 0.0583204 0.080407 0.233041
0 0.522255 0.333222 0.02774 0.0537378 0.226985
0 0.443219 0.33227 0.0124291 0.0189376 0.226588
0 0.460402 0.333021 0.0115905 0.0189059 0.222545
0 0.553113 0.349303 0.0143909 0.0289455 0.218385
0 0.466986 0.326175 0.0135697 0.0190747 0.215346
0 0.458472 0.330665 0.0134645 0.020299 0.212974
0 0.52079 0.347296 0.0160378 0.0290142 0.207866
0 0.545507 0.350194 0.0165119 0.0275839 0.182532
0 0.558444 0.356276 0.00811133 0.0359377 0.177848
0 0.521003 0.340181 0.0168022 0.0288333 0.17748
0 0.515398 0.339377 0.0168282 0.0286769 0.174515
0 0.451394 0.33227 0.0103318 0.0169653 0.166927
0 0.505817 0.340048 0.0147633 0.0326171 0.165318
0 0.230814 0.366911 0.0254818 0.0601553 0.164638
0 0.501316 0.336011 0.0147943 0.0253008 0.163583
0 0.502515 0.325739 0.0167538 0.0299685 0.159645
0 0.5625 0.362493 0 0.0427188 0.158697
0 0.173903 0.383956 0.0681626 0.0844894 0.158513
0 0.504259 0.329689 0.0140923 0.023435 0.15588
0 0.396625 0.323889 0.0347536 0.0567476 0.148107
0 0.371203 0.317541 0.0138962 0.0317874 0.142019
0 0.403968 0.351021 0.0178616 0.0316186 0.138702
0 0.580013 0.361637 0.0156507 0.0414984 0.13834
0 0.592932 0.359627 0.0166598 0.0457629 0.135492
0 0.349741 0.358307 0.0286068 0.05324 0.134389
0 0.146783 0.383973 0.0565345 0.0854189 0.13291
0 0.410532 0.336322 0.0159978 0.0232288 0.129524
0 0.370293 0.338069 0.015306 0.0328716 0.128148
0 0.227467 0.371495 0.0163429 0.0394571 0.126674
0 0.402656 0.334149 0.0303724 0.0540401 0.126208
0 0.332508 0.359851 0.0436378 0.0613024 0.125726
0 0.125017 0.374612 0.0733223 0.0758122 0.122973
0 0.106014 0.378959 0.0524334 0.0754037 0.119906
0 0.621111 0.366028 0.0264822 0.0661235 0.116286
0 0.505883 0.320141 0.0154023 0.0211943 0.115193
0 0.227618 0.357923 0.0201808 0.0342783 0.113909
0 0.497483 0.319081 0.0145792 0.0185351 0.112336
0 0.507001 0.346164 0.0107778 0.0296325 0.112162
0 0.492553 0.31935 0.0153554 0.0180417 0.109656
0 0.332377 0.385694 0.0551345 0.123571 0.108069
0 0.532752 0.342646 0.0171315 0.0275764 0.106401
0 0.520199 0.320446 0.0195966 0.0256566 0.103968
0 0.658335 0.373751 0.0388388 0.0740996 0.100251
0 0.504965 0.324123 0.0124638 0.0212926 0.0989013
0 0.016311 0.305671 0.0340605 0.0482013 0.097869
0 0.104249 0.360121 0.0427144 0.042574 0.0968928
0 0.646546 0.365151 0.0536495 0.079964 0.0959172
0 0.231339 0.356222 0.0166677 0.0300251 0.0932115
0 0.942499 0.315435 0.0365795 0.0374108 0.0913506
0 0.331082 0.310168 0.0588914 0.0746667 0.089305
0 0.979353 0.327983 0.0415653 0.064748 0.0889901
0 0.822135 0.336185 0.0403358 0.0444412 0.0888195
0 0.43057 0.328894 0.0156562 0.0222302 0.0887522
0 0.39381 0.314875 0.019397 0.0221184 0.0880421
0 0.271538 0.298344 0.0478039 0.0571915 0.0852389
0 0.958337 0.334091 0.0279707 0.0368093 0.085062
0 0.81105 0.316204 0.0605904 0.0889591 0.0845276
0 0.525895 0.320813 0.0164705 0.0213851 0.0819657
0 0.509164 0.325241 0.014029 0.0224085 0.0811621
0 0.950614 0.315225 0.0338314 0.0419409 0.0801694
0 0.93165 0.317241 0.0294525 0.0312933 0.0796839
0 0.480207 0.32017 0.0135468 0.0177446 0.0785916
0 0.326223 0.340124 0.0536403 0.07347 0.0782729
0 0.818081 0.326421 0.0484919 0.0657691 0.0775147
0 0.602389 0.363081 0.0149581 0.0392698 0.0769823
0 0.652296 0.342039 0.0850504 0.12507 0.0741144
0 0.820866 0.346797 0.0376692 0.0383683 0.071422
0 0.967994 0.32172 0.0474911 0.054999 0.0713646
0 0.952 0.327453 0.034553 0.0403672 0.0710404
0 0.353913 0.363492 0.0196266 0.0425149 0.0682124
0 0.607672 0.356986 0.0235354 0.0519426 0.0682111
0 0.615758 0.364424 0.0157764 0.0525632 0.0662591
0 0.356506 0.357134 0.0155121 0.0358682 0.0659986
0 0.815245 0.351585 0.028503 0.0317983 0.0643312
0 0.717877 0.374463 0.0595861 0.117947 0.0637163
0 0.0318828 0.328301 0.0636386 0.0954915 0.0628361
0 0.957307 0.342685 0.0295511 0.0361578 0.0620814
0 0.0146286 0.329576 0.0290061 0.0648777 0.0617878
0 0.596376 0.369225 0.0161733 0.0399471 0.0613436
0 0.934897 0.321846 0.042625 0.0395942 0.0607971
0 0.967584 0.336803 0.0364359 0.0514099 0.0606342
0 0.268044 0.309349 0.0456233 0.0506868 0.059043
0 0.222689 0.360325 0.0215339 0.029549 0.0589074
0 0.277952 0.364421 0.0955619 0.0897063 0.0586611
0 0.340183 0.368581 0.0379193 0.0728901 0.0584603
0 0.0360197 0.348099 0.0696879 0.0634656 0.0577866
0 0.383549 0.346306 0.0158359 0.0297968 0.0572384
0 0.272803 0.309055 0.0414728 0.0358149 0.0558546
0 0.461053 0.322156 0.0133491 0.0184438 0.0553527
0 0.372825 0.352107 0.020568 0.0402286 0.0550917
0 0.0613502 0.333712 0.121835 0.148759 0.0537295
0 0.579018 0.730995 0.0178449 0.0321543 0.0535403
0 0.317541 0.361855 0.0770011 0.0884259 0.0528142
0 0.962009 0.332844 0.0786419 0.107454 0.0523527
0 0.564846 0.343933 0.0211619 0.0328516 0.052156
0 0.243045 0.360779 0.0426026 0.0646866 0.0514149
0 0.0149749 0.363843 0.0328775 0.110383 0.0512829
0 0.773484 0.369224 0.0772955 0.110163 0.0501358
0 0.210646 0.366885 0.0577943 0.0742326 0.0497989
0 0.44648 0.322207 0.0119734 0.0184486 0.0497257
0 0.21529 0.37687 0.0196287 0.0347311 0.049589
0 0.450463 0.323229 0.0125003 0.019271 0.0491953
0 0.209377 0.376668 0.020673 0.0329782 0.0491717
0 0.283409 0.319479 0.0310713 0.0239162 0.0490157
0 0.434002 0.322114 0.0146173 0.0184644 0.0488171
0 0.0968291 0.384102 0.0718909 0.0973478 0.0487075
0 0.534794 0.317575 0.0166092 0.0259858 0.0480717
0 0.98409 0.308494 0.0336119 0.0674444 0.0471679
0 0.0120473 0.345879 0.0243023 0.0634528 0.0471623
0 0.653627 0.319086 0.0641301 0.0659661 0.0467719
0 0.0413688 0.335265 0.0777243 0.173207 0.046406
0 0.963378 0.308738 0.0573324 0.0771286 0.0462717
0 0.526906 0.329526 0.0139466 0.0233941 0.045942
0 0.414557 0.363751 0.0242888 0.0401605 0.0455135
0 0.127589 0.35821 0.0758327 0.0517046 0.0454272
0 0.0841286 0.373189 0.0859906 0.0918154 0.0450983
0 0.946602 0.307855 0.0392021 0.0503565 0.0443603
0 0.0226504 0.392781 0.0459077 0.140186 0.0443346
0 0.931202 0.311251 0.0247177 0.0317876 0.0442132
0 0.023377 0.60218 0.0494887 0.168132 0.0441036
0 0.658704 0.338457 0.0624048 0.0878585 0.0437803
0 0.0748691 0.490479 0.13802 0.256204 0.0436281
0 0.948677 0.347733 0.0382027 0.0411021 0.0434489
0 0.978905 0.276672 0.0445232 0.154521 0.043104
0 0.983665 0.352 0.0320467 0.126285 0.0428331
0 0.706087 0.362135 0.0480803 0.0834814 0.0423821
0 0.961837 0.303807 0.0734011 0.196614 0.0422763
0 0.604141 0.365638 0.0196328 0.0498734 0.0419168
0 0.0398312 0.36521 0.0790412 0.0849082 0.0417746
0 0.461319 0.349348 0.0172269 0.0424517 0.0417516
0 0.888107 0.486664 0.155764 0.219255 0.0416843
0 0.823193 0.346441 0.0512917 0.0546367 0.0413985
0 0.208189 0.378262 0.0318094 0.0472143 0.0411691
0 0.370349 0.302557 0.0149798 0.0206139 0.0411639
0 0.583159 0.365253 0.0163498 0.0358753 0.0409967
0 0.642541 0.342705 0.0183339 0.0368687 0.0407309
0 0.0394141 0.494331 0.0742493 0.227039 0.0401255
0 0.590855 0.326957 0.0375434 0.071184 0.0396313
0 0.718244 0.35235 0.0520986 0.0725048 0.0387825
0 0.299271 0.328921 0.0347657 0.0326055 0.0387529
0 0.786521 0.338835 0.0555308 0.054823 0.0385682
0 0.798355 0.349461 0.0519333 0.0544016 0.0385241
0 0.0509296 0.291526 0.100581 0.155182 0.0383455
0 0.2938 0.343623 0.0724421 0.0541076 0.0377116
0 0.965305 0.292434 0.0664822 0.112829 0.037584
0 0.262489 0.350405 0.067167 0.0590885 0.0374228
0 0.258702 0.33745 0.0448427 0.0401962 0.0372679
0 0.309514 0.376579 0.0892928 0.122223 0.0368122
0 0.0707841 0.347532 0.0472686 0.0386356 0.0367998
0 0.639476 0.342617 0.0541766 0.0778446 0.0363961
0 0.112021 0.35098 0.0517227 0.0377397 0.036235
0 0.972408 0.397929 0.0554899 0.19724 0.0361314
0 0.926918 0.569324 0.138168 0.302145 0.0359243
0 0.935088 0.354598 0.0530298 0.0510056 0.0349744
0 0.771555 0.0418723 0.0883189 0.085402 0.034934
0 0.929679 0.375001 0.0699608 0.120554 0.033939
0 0.462689 0.571068 0.0216439 0.0327384 0.0338162
0 0.0583964 0.349319 0.043867 0.0420655 0.0336369
0 0.985927 0.38769 0.0280914 0.173005 0.0336137
0 0.322748 0.292265 0.0509347 0.058978 0.0333428
0 0.476258 0.2942 0.0109885 0.0166015 0.0332772
0 0.383738 0.354585 0.022992 0.0406314 0.0332497
0 0.560477 0.361841 0.0142414 0.0297631 0.0332425
0 0.819215 0.307403 0.0904757 0.0985983 0.0332123
0 0.823259 0.404255 0.108187 0.153592 0.0330458
0 0.571962 0.345421 0.01945 0.0307875 0.0328047
0 0.0141195 0.632467 0.0292135 0.160278 0.0327968
0 0.0408029 0.259206 0.0790055 0.102601 0.0321528
0 0.272444 0.321699 0.0438136 0.0272927 0.0318678
0 0.731882 0.385965 0.086486 0.109983 0.0318183
0 0.094876 0.352153 0.0286562 0.0289683 0.0316574
0 0.03916 0.284891 0.0767521 0.0953207 0.0315513
0 0.755482 0.348892 0.109982 0.075047 0.0314817
0 0.749283 0.392201 0.0756623 0.102429 0.0312743
0 0.209298 0.360949 0.0293987 0.0350552 0.0312335
0 0.569736 0.362672 0.0140998 0.0315086 0.0311379
0 0.013191 0.289178 0.0260633 0.0700646 0.0310323
0 0.0122567 0.387886 0.0245734 0.145422 0.0309967
0 0.982959 0.279852 0.0361067 0.110531 0.0308123
0 0.0329299 0.556189 0.0651423 0.24338 0.0308117
0 0.179728 0.37172 0.0235637 0.0365302 0.0307735
0 0.814655 0.357469 0.0413866 0.0437107 0.0304927
0 0.0735465 0.595571 0.144636 0.228693 0.0303974
0 0.7683 0.0896801 0.0926977 0.173535 0.0303503
0 0.935488 0.319187 0.0574272 0.0634308 0.0303039
0 0.183373 0.629961 0.205552 0.204197 0.030034
0 0.250935 0.339452 0.0222577 0.0320012 0.0298895
0 0.801221 0.369222 0.0341309 0.0555351 0.0297591
0 0.888539 0.319861 0.0278734 0.0221706 0.0295716
0 0.951709 0.298305 0.0412874 0.0830693 0.0295382
0 0.93937 0.270206 0.0611799 0.0821888 0.0295281
0 0.609563 0.434922 0.0308676 0.0787171 0.0292347
0 0.796924 0.410097 0.0424451 0.108106 0.0291211
0 0.798895 0.392072 0.0529844 0.0982811 0.0289725
0 0.186437 0.396719 0.0262636 0.045386 0.0287356
0 0.11505 0.515592 0.144567 0.20785 0.0283541
0 0.0142826 0.552598 0.0310491 0.255281 0.0281822
0 0.836484 0.30633 0.0853636 0.0826611 0.0280595
0 0.798672 0.292645 0.0568303 0.065022 0.0280489
0 0.465145 0.288982 0.0125949 0.0182522 0.0280299
0 0.503683 0.295109 0.0195786 0.0338841 0.0279742
0 0.91939 0.318443 0.0337431 0.028664 0.0279306
0 0.348501 0.378979 0.0306054 0.073543 0.0276107
0 0.768689 0.396384 0.0836759 0.110014 0.0275945
0 0.310236 0.301711 0.029323 0.0395551 0.0275698
0 0.342537 0.296663 0.0535546 0.0645564 0.0273615
0 0.166536 0.351981 0.0227061 0.0315465 0.0271618
0 0.974173 0.346815 0.046352 0.0741713 0.0271105
0 0.664781 0.181068 0.0444506 0.0558946 0.0266207
0 0.49258 0.296896 0.0115389 0.0177276 0.0266192
0 0.797159 0.274192 0.107393 0.104274 0.0263847
0 0.00549238 0.424104 0.0117267 0.106327 0.026045
0 0.754646 0.253854 0.0358356 0.0450918 0.0258497
0 0.0551995 0.563821 0.0930685 0.203324 0.0257293
0 0.462673 0.578734 0.0197619 0.0345546 0.0256993
0 0.189614 0.358337 0.0237482 0.0327465 0.0256937
0 0.601688 0.183681 0.0719949 0.0688583 0.025498
0 0.00834564 0.479493 0.0209158 0.172259 0.0252716
0 0.0165547 0.397947 0.0334389 0.197838 0.0252272
0 0.452152 0.284219 0.0134112 0.0213429 0.0250213
0 0.502572 0.294562 0.0112616 0.0185702 0.0248365
0 0.270497 0.311149 0.0618824 0.0731288 0.0247665
0 0.367026 0.298721 0.0163952 0.0212717 0.0246912
0 0.519648 0.464732 0.0695177 0.044438 0.0246692
0 0.225873 0.385122 0.0362082 0.0731972 0.0246565
0 0.925541 0.323625 0.0419788 0.0329643 0.0245081
0 0.503692 0.557115 0.0240339 0.0350796 0.0244202
0 0.736356 0.343236 0.0763232 0.0601317 0.024297
0 0.878112 0.321286 0.0443056 0.0248393 0.0241493
0 0.948888 0.283005 0.055765 0.103389 0.0240746
0 0.557784 0.357108 0.0123487 0.0236732 0.024072
0 0.136179 0.413001 0.0381457 0.0588847 0.023955
0 0.620672 0.130055 0.0227154 0.0296884 0.0238335
0 0.955973 0.57885 0.0869749 0.281205 0.0237201
0 0.220492 0.35005 0.020333 0.0324798 0.0236551
0 0.875389 0.449295 0.0606579 0.0928065 0.0235538
0 0.701381 0.330071 0.0389577 0.0463685 0.0235023
0 0.12544 0.40964 0.116941 0.148746 0.0234538
0 0.860144 0.366006 0.127294 0.0788467 0.0234513
0 0.170608 0.357192 0.0217747 0.0313055 0.023394
0 0.809597 0.359146 0.0322166 0.0344795 0.0233817
0 0.92722 0.256807 0.0373573 0.0600942 0.0233686
0 0.8305 0.361138 0.0800156 0.0664404 0.0233392
0 0.886486 0.320743 0.10756 0.0870146 0.0233369
0 0.43756 0.282156 0.0138077 0.0215557 0.0231647
0 0.124213 0.616735 0.205358 0.242634 0.0231419
0 0.872765 0.413621 0.10334 0.162201 0.0230913
0 0.512366 0.287917 0.0152074 0.0242807 0.0230508
0 0.829398 0.612377 0.209953 0.265608 0.0230432
0 0.923989 0.365161 0.0661825 0.0625894 0.0229718
0 0.717309 0.265372 0.0426347 0.0483713 0.0229527
0 0.0321502 0.244637 0.0580711 0.0817939 0.0228815
0 0.842708 0.422454 0.12691 0.146456 0.0228351
0 0.796855 0.322295 0.0547469 0.0615301 0.0227718
0 0.560269 0.304209 0.0451872 0.0758113 0.0227249
0 0.409268 0.290377 0.017135 0.0198482 0.0224904
0 0.153697 0.346188 0.0244393 0.030668 0.0224458
0 0.37521 0.298839 0.0154028 0.0198853 0.0222465
0 0.511026 0.642084 0.0101317 0.0155054 0.0221597
0 0.805993 0.254801 0.0630372 0.0660581 0.0221513
0 0.160684 0.403656 0.112748 0.134003 0.0220776
0 0.758338 0.279016 0.0537996 0.070855 0.0219825
0 0.988324 0.434154 0.0228544 0.160325 0.0218947
0 0.849767 0.327307 0.0697287 0.0465264 0.0217387
0 0.611846 0.341767 0.0228602 0.0354562 0.0216785
0 0.0700816 0.396144 0.110784 0.132017 0.0215848
0 0.954672 0.511543 0.0885239 0.183568 0.0215244
