0 0.115144 0.530492 0.230287 0.330055 0.881401
0 0.5625 0.557577 0 0.352828 0.876088
0 0.555076 0.441417 0.0148484 0.0909351 0.866345
0 0.377428 0.454795 0.0578931 0.0751055 0.822942
0 0.430043 0.448986 0.0367041 0.0547178 0.648302
0 0.524391 0.448678 0.0199629 0.036216 0.632828
0 0.255085 0.449741 0.117588 0.130384 0.599823
0 0.452635 0.450477 0.0177815 0.0353082 0.568267
0 0.465837 0.447396 0.0179497 0.0257237 0.552034
0 0.5625 0.642815 0 0.386625 0.504941
0 0.44437 0.449482 0.0188152 0.0430048 0.502932
0 0.538261 0.451818 0.0210342 0.048158 0.469831
0 0.415937 0.451207 0.0345613 0.0587266 0.465388
0 0.438851 0.448473 0.0257234 0.0495195 0.451083
0 0.511575 0.451087 0.0136 0.0233555 0.430631
0 0.542072 0.445963 0.0237646 0.0613708 0.32697
0 0.533949 0.453618 0.0165029 0.0381916 0.270997
0 0.459103 0.448646 0.0145301 0.02923 0.264014
0 0.405852 0.452248 0.0342565 0.0593755 0.253966
0 0.547376 0.446287 0.022374 0.0656331 0.24594
0 0.447422 0.449834 0.0146052 0.0347792 0.245286
0 0.455264 0.450508 0.0128724 0.0260906 0.228335
0 0.510125 0.45107 0.0105367 0.0176504 0.223697
0 0.515449 0.450482 0.0129855 0.0256816 0.199313
0 0.507443 0.44797 0.0126451 0.0221182 0.182532
0 0.523714 0.450436 0.0130156 0.0312612 0.17964
0 0.490004 0.451344 0.0236451 0.0270972 0.17089
0 0.44228 0.448917 0.0153229 0.0323659 0.167458
0 0.504706 0.44897 0.0124629 0.0228288 0.166314
0 0.544232 0.453184 0.0152336 0.0420741 0.164693
0 0.547135 0.456227 0.0134417 0.0396668 0.158142
0 0.436943 0.448859 0.0175377 0.0402248 0.15697
0 0.476348 0.440124 0.0255193 0.0380447 0.155198
0 0.234537 0.438204 0.170262 0.151041 0.153416
0 0.471123 0.450507 0.0154001 0.0228915 0.149733
0 0.195421 0.395602 0.0796058 0.0512285 0.141597
0 0.188071 0.38164 0.0672381 0.0357569 0.134928
0 0.551079 0.445926 0.0228414 0.067772 0.133439
0 0.531503 0.448132 0.0133626 0.0272558 0.128287
0 0.260343 0.415396 0.0830608 0.0478323 0.127933
0 0.5625 0.673454 0 0.328547 0.125318
0 0.53201 0.439473 0.0146456 0.0304418 0.119756
0 0.395025 0.456519 0.0411663 0.0652654 0.117331
0 0.539999 0.456922 0.0146832 0.0400964 0.115706
0 0.418515 0.449146 0.0223539 0.047806 0.109612
0 0.5625 0.44221 0 0.0555842 0.108052
0 0.383162 0.434069 0.0719903 0.118065 0.106086
0 0.5625 0.690096 0 0.341509 0.103556
0 0.46388 0.452516 0.0129841 0.0251628 0.100413
0 0.366555 0.445418 0.0405245 0.0663603 0.0989213
0 0.273752 0.417193 0.0611 0.0400429 0.0955237
0 0.180332 0.390527 0.0921008 0.0618791 0.0896655
0 0.208552 0.419949 0.133576 0.0885095 0.0853557
0 0.841358 0.745481 0.264277 0.330374 0.0843461
0 0.989845 0.431539 0.0194525 0.0602515 0.0839204
0 0.990276 0.468869 0.0191072 0.112482 0.0828162
0 0.510484 0.455599 0.0105948 0.0186711 0.0788811
0 0.945107 0.720619 0.107594 0.234646 0.0762627
0 0.408051 0.456421 0.0205322 0.0464557 0.0761899
0 0.648354 0.427699 0.0911414 0.113438 0.0753843
0 0.446164 0.463161 0.0241597 0.0484535 0.0728912
0 0.274617 0.446875 0.082978 0.108912 0.0719554
0 0.398171 0.444674 0.0832159 0.0936441 0.0712061
0 0.987731 0.495101 0.0261761 0.167174 0.0691669
0 0.468287 0.451626 0.0171353 0.0284615 0.0685457
0 0.521159 0.452852 0.0125055 0.026634 0.0684484
0 0.708632 0.456928 0.0241435 0.0301 0.0679205
0 0.911943 0.572614 0.178136 0.36153 0.0667242
0 0.249892 0.407556 0.0846954 0.049565 0.064599
0 0.987026 0.420787 0.0258394 0.0781964 0.0645107
0 0.377557 0.420454 0.0553613 0.0866615 0.063322
0 0.283655 0.433908 0.054899 0.0671374 0.0621827
0 0.288908 0.456162 0.0534042 0.0877592 0.0610139
0 0.263183 0.472284 0.0841848 0.084131 0.0598406
0 0.977912 0.423941 0.044433 0.0835374 0.0583296
0 0.541821 0.437561 0.0163381 0.0407779 0.0572281
0 0.856534 0.652207 0.107641 0.169426 0.0562429
0 0.528494 0.433999 0.0142767 0.0241466 0.0558314
0 0.981282 0.519293 0.0397949 0.23734 0.055631
0 0.30335 0.460764 0.033336 0.0757225 0.0551921
0 0.194653 0.415331 0.0945556 0.117988 0.0548957
0 0.970576 0.576284 0.0536602 0.338012 0.0548417
0 0.293707 0.472038 0.0439247 0.0720684 0.0500102
0 0.824246 0.652036 0.132659 0.154039 0.0493923
0 0.897912 0.717401 0.149827 0.235175 0.048698
0 0.612316 0.45181 0.0287046 0.054312 0.0483629
0 0.32555 0.448039 0.0602746 0.0880939 0.0475284
0 0.93128 0.746035 0.0880854 0.16423 0.0472133
0 0.777582 0.879072 0.0812412 0.101898 0.0461067
0 0.202569 0.449285 0.125285 0.16652 0.0440889
0 0.216879 0.483675 0.154338 0.218037 0.0426551
0 0.606574 0.440597 0.0251098 0.0614237 0.0424667
0 0.719988 0.440844 0.0447248 0.0577418 0.0421502
0 0.234721 0.415541 0.0939912 0.0702416 0.0419162
0 0.97542 0.882831 0.0479465 0.13702 0.04185
0 0.782582 0.8839 0.0617667 0.0753474 0.0415625
0 0.751101 0.380429 0.036151 0.0394656 0.0413626
0 0.547751 0.431739 0.0166254 0.03989 0.0411169
0 0.967678 0.439476 0.0644207 0.0989023 0.0407183
0 0.901853 0.840674 0.138136 0.164351 0.0399679
0 0.951085 0.537828 0.0968321 0.2803 0.0399149
0 0.966209 0.417402 0.0677019 0.0832875 0.0398422
0 0.283988 0.416984 0.0266035 0.0345155 0.0393804
0 0.766426 0.600568 0.167189 0.237994 0.0393547
0 0.977477 0.472709 0.0452152 0.154076 0.0392306
0 0.819728 0.641372 0.263134 0.243179 0.0390851
0 0.966066 0.547147 0.0664837 0.215544 0.0386682
0 0.614147 0.43869 0.0300123 0.0773761 0.0386069
0 0.783897 0.850831 0.117025 0.179171 0.0381238
0 0.392246 0.435534 0.0163335 0.0276813 0.0380312
0 0.876346 0.630715 0.0814087 0.187744 0.0376939
0 0.59682 0.442155 0.0323638 0.0741518 0.0374693
0 0.811853 0.421345 0.158771 0.093379 0.037124
0 0.226212 0.443894 0.11114 0.134194 0.0367391
0 0.959536 0.48666 0.0799698 0.182976 0.0366998
0 0.628919 0.440866 0.0609797 0.0890275 0.036389
0 0.855342 0.458169 0.287042 0.150822 0.036174
0 0.696055 0.546134 0.0423619 0.144111 0.0358985
0 0.772556 0.421675 0.0819628 0.0681344 0.0356441
0 0.172957 0.369425 0.0751787 0.0556163 0.0353255
0 0.853275 0.732939 0.101177 0.167819 0.0351996
0 0.980362 0.573159 0.0395142 0.199431 0.0347096
0 0.660318 0.428858 0.0711681 0.0872455 0.0344147
0 0.981584 0.771344 0.0360283 0.149445 0.0343885
0 0.014496 0.422503 0.0293373 0.111943 0.0341344
0 0.706844 0.39944 0.0241237 0.0343195 0.034006
0 0.816396 0.398329 0.115904 0.0482656 0.0338044
0 0.751601 0.400091 0.0354437 0.0375826 0.0336846
0 0.952976 0.761991 0.0937355 0.150904 0.0335402
0 0.948788 0.546599 0.0936747 0.169231 0.0332127
0 0.943351 0.4508 0.113893 0.134129 0.033084
0 0.275903 0.417341 0.0273798 0.0307693 0.033045
0 0.358745 0.453855 0.0227072 0.0428629 0.032526
0 0.939743 0.415389 0.114647 0.0738269 0.0320118
0 0.353095 0.445052 0.036685 0.0576673 0.0317108
0 0.347261 0.454349 0.0304397 0.0552116 0.0314767
0 0.0126158 0.396469 0.0263083 0.076899 0.0314627
0 0.714252 0.449283 0.0308305 0.0436453 0.0313583
0 0.163359 0.404471 0.112869 0.0826864 0.031347
0 0.309135 0.28946 0.036744 0.038981 0.031339
0 0.830269 0.391551 0.0866262 0.033733 0.0311578
0 0.263158 0.414875 0.0338787 0.0319305 0.0307273
0 0.873109 0.858738 0.0718124 0.10468 0.0306853
0 0.0108994 0.418208 0.0220804 0.0850692 0.0303584
0 0.711117 0.534892 0.0727644 0.187849 0.0301807
0 0.648087 0.402661 0.060039 0.0626415 0.0301601
0 0.600382 0.457942 0.0169315 0.0333561 0.0301266
0 0.717026 0.405231 0.0640467 0.0899969 0.0301083
0 0.791154 0.890909 0.0424743 0.0551293 0.0300265
0 0.957639 0.874063 0.0835785 0.129876 0.0300008
0 0.955132 0.832134 0.0867798 0.176187 0.0299667
0 0.187901 0.37044 0.0445572 0.0294924 0.0299022
0 0.741773 0.39223 0.0539219 0.0622643 0.0298779
0 0.728413 0.433059 0.0612322 0.075806 0.0295226
0 0.821592 0.609486 0.139719 0.208862 0.0292935
0 0.137681 0.426276 0.177887 0.117164 0.029176
0 0.938999 0.775596 0.0678883 0.0959834 0.0291074
0 0.217781 0.360726 0.0862211 0.063742 0.0290569
0 0.710074 0.461921 0.0345583 0.053388 0.0290168
0 0.240716 0.407692 0.0414613 0.0396412 0.0287303
0 0.799338 0.654055 0.11001 0.134914 0.0283777
0 0.190698 0.366225 0.0761285 0.0751762 0.0282232
0 0.953787 0.406087 0.0788416 0.074186 0.0281961
0 0.308188 0.277874 0.0265599 0.0244107 0.0280951
0 0.964631 0.742559 0.0685202 0.198499 0.0280702
0 0.94141 0.493293 0.117553 0.211378 0.0280463
0 0.661518 0.459149 0.0465263 0.0373773 0.0277986
0 0.759598 0.404885 0.0462172 0.0412362 0.027566
0 0.868074 0.602688 0.120829 0.246593 0.0275393
0 0.823572 0.740611 0.0619295 0.0976995 0.0275113
0 0.865854 0.433946 0.234663 0.113763 0.0274466
0 0.483804 0.432095 0.0155526 0.0230243 0.0272627
0 0.664076 0.416602 0.0562012 0.0691338 0.0271803
0 0.347024 0.448646 0.0565751 0.0816011 0.0271416
0 0.230816 0.472959 0.0517512 0.094944 0.0270787
0 0.488749 0.431375 0.0143175 0.0190262 0.0270741
0 0.35538 0.454865 0.0155826 0.0360738 0.0269561
0 0.182357 0.360254 0.0941058 0.101777 0.026918
0 0.0428389 0.521317 0.083356 0.309182 0.0268037
0 0.355529 0.431257 0.0658471 0.0934308 0.0267811
0 0.967326 0.773297 0.0593399 0.131669 0.0265811
0 0.531404 0.652569 0.097156 0.140285 0.0264845
0 0.754701 0.875406 0.0653895 0.0932339 0.0264649
0 0.619351 0.463088 0.0389851 0.0496607 0.0262304
0 0.170885 0.554916 0.198041 0.265807 0.0262159
0 0.00517781 0.645642 0.0114715 0.122519 0.026206
0 0.33729 0.328826 0.0173103 0.0218875 0.0260784
0 0.84675 0.840964 0.143228 0.167349 0.0260769
0 0.0133358 0.466428 0.0265737 0.164926 0.026052
0 0.751882 0.420369 0.0511786 0.0583923 0.0260324
0 0.881199 0.859982 0.110738 0.118373 0.0260187
0 0.610086 0.460497 0.0249565 0.0439451 0.0258862
0 0.745826 0.757224 0.171915 0.28006 0.0256644
0 0.769859 0.899695 0.0950491 0.136156 0.0254355
0 0.792773 0.631886 0.141092 0.17242 0.0253774
0 0.752779 0.397679 0.0528946 0.0504266 0.0252691
0 0.859339 0.793229 0.140198 0.174651 0.0252181
0 0.716505 0.417643 0.0409439 0.0636783 0.0252041
0 0.318345 0.0309161 0.0315302 0.0538144 0.0251938
0 0.3233 0.0404453 0.0201651 0.0401748 0.0250966
0 0.52237 0.433281 0.0110601 0.0172607 0.024977
0 0.667829 0.459425 0.0733854 0.0516902 0.0248661
0 0.762478 0.434531 0.0781343 0.09441 0.0247509
0 0.946713 0.59149 0.101576 0.162234 0.0246615
0 0.332943 0.332813 0.0199564 0.0264379 0.0246042
0 0.659404 0.388563 0.0401326 0.0389951 0.024578
0 0.067675 0.607163 0.127589 0.181613 0.0243289
0 0.251929 0.385348 0.106871 0.101455 0.0242772
0 0.261908 0.50278 0.0374728 0.0577003 0.0242766
0 0.891819 0.774237 0.157859 0.16302 0.0241415
0 0.915838 0.726932 0.0709009 0.194264 0.0240323
0 0.507908 0.357088 0.0141605 0.0204081 0.0238122
0 0.928317 0.799605 0.0478718 0.0497838 0.0237353
0 0.702515 0.467828 0.0368458 0.0481759 0.0236539
0 0.614673 0.401009 0.0268096 0.0723941 0.0235295
0 0.982386 0.796394 0.0348074 0.0795417 0.0233436
0 0.777267 0.661441 0.0915434 0.115839 0.0233212
0 0.435476 0.431227 0.0165008 0.0271711 0.0233055
0 0.0445744 0.394787 0.0758664 0.0744878 0.0232836
0 0.748823 0.429391 0.0687642 0.0792226 0.0232087
0 0.0589817 0.740138 0.105768 0.172494 0.0231154
0 0.815443 0.438051 0.100935 0.0914315 0.0230774
0 0.0221796 0.438218 0.0447124 0.122433 0.023058
0 0.234342 0.501776 0.033771 0.0761911 0.0230563
0 0.661778 0.29012 0.0373348 0.0503456 0.0230309
0 0.98275 0.860847 0.034523 0.0974191 0.0230076
0 0.991783 0.406105 0.0172865 0.0682112 0.0229667
0 0.700258 0.436194 0.0324675 0.0456498 0.0229024
0 0.525846 0.370759 0.0178042 0.0290854 0.0228589
0 0.308878 0.531502 0.0349814 0.0544694 0.022796
0 0.986473 0.716469 0.025387 0.210276 0.0227832
0 0.976983 0.721809 0.0434031 0.225826 0.0227588
0 0.836949 0.385101 0.0839718 0.0301935 0.0226594
0 0.357799 0.460529 0.0174932 0.029357 0.0226387
0 0.475502 0.427308 0.0156881 0.0226956 0.0226167
0 0.798514 0.881176 0.0848177 0.102146 0.0225631
0 0.343769 0.0263487 0.04903 0.0669222 0.0225487
0 0.705696 0.381599 0.0285943 0.038755 0.0224601
0 0.283857 0.519778 0.0423714 0.063665 0.0224258
0 0.213809 0.388263 0.0359126 0.0313672 0.0223782
0 0.032488 0.4292 0.0665299 0.134856 0.0223159
0 0.311503 0.42767 0.0830999 0.0908668 0.0222691
0 0.940631 0.840924 0.123502 0.265494 0.0222663
0 0.745338 0.626736 0.108166 0.16488 0.0221106
0 0.746593 0.878916 0.0480583 0.0685138 0.0221086
0 0.33791 0.455635 0.0422467 0.070812 0.0217777
0 0.984158 0.88969 0.0319836 0.144127 0.0217636
0 0.827955 0.811952 0.11501 0.192471 0.0217456
0 0.198687 0.365467 0.0661987 0.0555049 0.0217043
0 0.716514 0.575405 0.0706897 0.173413 0.0216582
0 0.311519 0.469416 0.035462 0.0715607 0.0214742
0 0.290984 0.413787 0.023858 0.0361711 0.0213462
0 0.5547 0.464773 0.0230865 0.040025 0.0212991
0 0.29956 0.482027 0.0277423 0.0482599 0.0212798
0 0.967768 0.862937 0.0574945 0.0933938 0.0212082
0 0.883058 0.491479 0.22722 0.218417 0.0211676
0 0.509231 0.312288 0.0319864 0.0412373 0.0209751
0 0.902861 0.891006 0.139308 0.187691 0.0209624
0 0.0101118 0.621713 0.020288 0.112291 0.0209267
0 0.155371 0.331907 0.0488277 0.0598473 0.0208578
0 0.207386 0.489819 0.0597478 0.155208 0.0208326
0 0.667225 0.455516 0.0851211 0.121171 0.0208016
0 0.508198 0.320848 0.0255874 0.0308345 0.0208004
0 0.0131228 0.541098 0.027489 0.188409 0.0207855
0 0.334023 0.368008 0.0239846 0.0464453 0.0206368
0 0.91969 0.409879 0.148467 0.092981 0.0206197
0 0.126941 0.391775 0.152756 0.0666429 0.0206088
0 0.410765 0.429867 0.0260379 0.0377468 0.0205532
0 0.734799 0.871796 0.0721071 0.0967882 0.020544
0 0.411566 0.475613 0.0275665 0.0644265 0.0205421
0 0.840779 0.208212 0.0666012 0.124571 0.0205027
0 0.98466 0.817231 0.029493 0.0691545 0.020411
0 0.84189 0.242143 0.0455765 0.0521901 0.0204055
0 0.752636 0.665886 0.106697 0.150847 0.0203562
0 0.0454721 0.418063 0.101609 0.0992381 0.0203554
0 0.784931 0.405773 0.0757275 0.0498635 0.0202481
0 0.716653 0.472413 0.0588548 0.10474 0.0202128
0 0.647224 0.458886 0.0661066 0.0561518 0.0200792
0 0.828768 0.575495 0.208072 0.278313 0.0200475
0 0.327138 0.463663 0.037703 0.0674227 0.0199921
0 0.927285 0.618443 0.0925497 0.188929 0.0199089
0 0.837547 0.419524 0.107787 0.0780532 0.0199085
0 0.702249 0.505493 0.0529536 0.131425 0.0198284
0 0.921824 0.797311 0.0712524 0.0648532 0.0198249
0 0.987812 0.384634 0.0245256 0.11143 0.0197938
0 0.939432 0.668508 0.0966557 0.19731 0.0197078
0 0.513539 0.320573 0.0307339 0.0404866 0.0196251
0 0.811503 0.383859 0.104682 0.044674 0.0196083
0 0.967629 0.382412 0.0634993 0.1186 0.0195721
0 0.382242 0.608744 0.0622011 0.0894445 0.0195574
0 0.455919 0.432226 0.012096 0.0213827 0.0194151
0 0.509901 0.644219 0.102729 0.147121 0.0194123
0 0.907801 0.831579 0.0763721 0.0778871 0.0193257
0 0.485284 0.363303 0.0202073 0.0251981 0.0193173
0 0.222436 0.38417 0.0493426 0.0453548 0.0192906
0 0.668943 0.480674 0.0763366 0.0765051 0.0192261
0 0.0522155 0.704481 0.096049 0.186887 0.0192047
0 0.502775 0.359146 0.0132636 0.0181942 0.0191892
0 0.561233 0.657978 0.0766997 0.11534 0.0191674
0 0.337428 0.388887 0.0240615 0.0457586 0.0190928
