0 0.5625 0.547239 0 0.141833 0.904923
0 0.5625 0.573288 0 0.363032 0.891312
0 0.435075 0.651875 0.25485 0.406085 0.873038
0 0.5625 0.735264 0 0.328527 0.798266
0 0.236699 0.51632 0.0372304 0.0331902 0.674851
0 0.191275 0.513027 0.0391122 0.0423886 0.603438
0 0.5625 0.527522 0 0.0412597 0.470334
0 0.135845 0.51189 0.0605499 0.0553985 0.464717
0 0.147072 0.512037 0.0469264 0.0491633 0.425155
0 0.166355 0.511485 0.0332814 0.0425106 0.416645
0 0.0856891 0.511571 0.041653 0.059772 0.413734
0 0.0375258 0.511376 0.0750517 0.0877195 0.382934
0 0.205638 0.513085 0.0283385 0.0380625 0.372964
0 0.0725179 0.510429 0.0653316 0.0681642 0.367958
0 0.353807 0.510094 0.0245923 0.0266541 0.364885
0 0.309894 0.507755 0.0316307 0.0362675 0.314299
0 0.262568 0.515018 0.0235424 0.022742 0.309352
0 0.102936 0.512863 0.0544585 0.062468 0.30711
0 0.113627 0.5134 0.0404029 0.0550242 0.305004
0 0.330902 0.509516 0.0214171 0.0287036 0.301829
0 0.0207808 0.509187 0.0415617 0.0805113 0.297258
0 0.244016 0.494875 0.0571701 0.0648614 0.245565
0 0.3269 0.508011 0.0153124 0.0265544 0.213833
0 0.20332 0.516129 0.0196223 0.0343081 0.208767
0 0.0555367 0.50626 0.100321 0.0854958 0.202869
0 0.279094 0.508616 0.0191078 0.0326164 0.197461
0 0.196567 0.514616 0.0274614 0.0360661 0.187988
0 0.0142108 0.516597 0.0284217 0.0885181 0.182803
0 0.174642 0.512653 0.0244792 0.0375531 0.177493
0 0.257191 0.508908 0.0360881 0.0377868 0.176562
0 0.182645 0.512531 0.0263608 0.0377785 0.168747
0 0.357598 0.511813 0.0151839 0.0187191 0.1668
0 0.2126 0.515212 0.019803 0.030932 0.166279
0 0.254799 0.51898 0.0185051 0.0238661 0.163069
0 0.250406 0.518024 0.0176555 0.0243384 0.152264
0 0.344632 0.512172 0.0160781 0.0226463 0.15083
0 0.230987 0.517857 0.0213286 0.0280067 0.149545
0 0.164703 0.514332 0.0232343 0.0343218 0.147886
0 0.5625 0.544923 0 0.0764834 0.143895
0 0.0117675 0.500114 0.0234149 0.0710486 0.141062
0 0.5625 0.524339 0 0.0259627 0.139509
0 0.223846 0.516689 0.0207273 0.0262126 0.138765
0 0.337762 0.50976 0.0165723 0.0235596 0.137427
0 0.181437 0.50497 0.0592176 0.0622436 0.136686
0 0.350747 0.515909 0.0154568 0.0220414 0.129581
0 0.23736 0.505737 0.0549198 0.0568412 0.12598
0 0.132905 0.501529 0.0783116 0.0762477 0.125441
0 0.272485 0.512285 0.0230209 0.0297822 0.125163
0 0.5625 0.433028 0 0.271176 0.121586
0 0.36072 0.506657 0.0214797 0.0289302 0.118443
0 0.318686 0.50861 0.0216499 0.0309625 0.115204
0 0.354559 0.515034 0.0168276 0.0217075 0.113685
0 0.311234 0.509178 0.0226062 0.0283663 0.10826
0 0.149383 0.513728 0.0324954 0.0400868 0.10397
0 0.30304 0.511745 0.0409036 0.0444178 0.103607
0 0.112783 0.502814 0.0903285 0.0858165 0.102907
0 0.220287 0.512337 0.0199425 0.025489 0.101562
0 0.974933 0.450194 0.0503099 0.119885 0.0958849
0 0.280616 0.499482 0.0151357 0.0212311 0.0914363
0 0.276169 0.512892 0.0167008 0.0249358 0.0893938
0 0.60683 0.517211 0.0181469 0.0263091 0.0888008
0 0.364403 0.502222 0.0144935 0.0189663 0.0848522
0 0.124616 0.517201 0.0262137 0.0383623 0.0813894
0 0.367147 0.509537 0.0334453 0.036781 0.0786396
0 0.695665 0.43337 0.0680469 0.0558381 0.0780051
0 0.19052 0.519433 0.0231618 0.0355675 0.0768193
0 0.975235 0.486625 0.0497164 0.206759 0.0765043
0 0.328094 0.499135 0.018322 0.0220373 0.0763948
0 0.6063 0.523182 0.0149302 0.0269229 0.0733706
0 0.626053 0.519729 0.0414696 0.0730326 0.0712909
0 0.0603481 0.484398 0.115199 0.121945 0.0695989
0 0.977886 0.536853 0.0429968 0.247834 0.0691255
0 0.00743234 0.489897 0.0153193 0.042944 0.0690445
0 0.689508 0.44743 0.084388 0.0847089 0.0682356
0 0.968666 0.429202 0.0623499 0.120184 0.0651924
0 0.602811 0.514248 0.0208579 0.0428932 0.0642501
0 0.697153 0.422474 0.0628641 0.040422 0.0626527
0 0.969331 0.807402 0.0591574 0.173951 0.0622195
0 0.605184 0.510844 0.0173679 0.0276853 0.0610037
0 0.0379003 0.484068 0.0804575 0.16468 0.0603677
0 0.0868279 0.509815 0.0304529 0.0433374 0.0593522
0 0.968925 0.67846 0.0627083 0.209546 0.0590074
0 0.619995 0.528553 0.0314758 0.0465269 0.0584191
0 0.950536 0.445309 0.0972065 0.231297 0.0570351
0 0.505161 0.44884 0.0491529 0.0180362 0.0563842
0 0.333493 0.50463 0.0142813 0.0224089 0.0562068
0 0.33725 0.498233 0.0172981 0.019507 0.0559842
0 0.0228084 0.532896 0.0477628 0.128715 0.0546767
0 0.61456 0.517927 0.0218304 0.025636 0.0543094
0 0.98226 0.462062 0.0343039 0.126382 0.0542367
0 0.688212 0.468387 0.0712771 0.0455362 0.0541258
0 0.950046 0.417286 0.102586 0.142 0.0533485
0 0.336605 0.534476 0.0216194 0.034269 0.0531572
0 0.597109 0.495045 0.0340497 0.055771 0.0514132
0 0.140678 0.520275 0.0461112 0.054164 0.0510358
0 0.356292 0.504752 0.0174164 0.0228873 0.0503381
0 0.13346 0.523544 0.0282458 0.0390785 0.0501666
0 0.3749 0.486916 0.0345554 0.0399762 0.0497533
0 0.322258 0.499519 0.0163448 0.0204587 0.0496804
0 0.0539992 0.560977 0.100528 0.22581 0.0496595
0 0.00948283 0.529294 0.0194659 0.0993293 0.0495794
0 0.245571 0.488306 0.0689306 0.0934269 0.0490693
0 0.0251106 0.49279 0.0364428 0.0637276 0.0484376
0 0.620838 0.501561 0.0271117 0.0392666 0.0482528
0 0.96644 0.564158 0.0693033 0.36782 0.0480418
0 0.978901 0.824245 0.0391993 0.155352 0.0480326
0 0.263317 0.50753 0.0203083 0.0253446 0.0474918
0 0.58457 0.557536 0.102363 0.171688 0.0461498
0 0.435287 0.499653 0.124594 0.102031 0.0460599
0 0.439088 0.465543 0.0919641 0.034788 0.0449982
0 0.618129 0.582833 0.0940555 0.198921 0.0441148
0 0.689457 0.488415 0.0482834 0.0321192 0.0440806
0 0.443663 0.458663 0.0846334 0.0259944 0.0439354
0 0.0369012 0.549627 0.0691075 0.196718 0.0436313
0 0.233342 0.510524 0.0244629 0.0275006 0.0434443
0 0.341191 0.516855 0.0154294 0.0205703 0.0426139
0 0.355325 0.498306 0.0165391 0.0192238 0.0425048
0 0.201426 0.522133 0.0193571 0.0296789 0.0424638
0 0.602592 0.502477 0.0205025 0.0295063 0.042067
0 0.619151 0.556706 0.0437824 0.120097 0.0419663
0 0.110743 0.530566 0.0284201 0.0484822 0.0415358
0 0.712152 0.439991 0.103777 0.0947616 0.0409387
0 0.606658 0.540935 0.0512364 0.0971408 0.0398751
0 0.434851 0.477821 0.101912 0.0605301 0.0398591
0 0.387237 0.494437 0.0514086 0.0473569 0.0397698
0 0.708751 0.426808 0.0915 0.0626473 0.0397543
0 0.621693 0.522513 0.01715 0.0287247 0.0396809
0 0.672703 0.518676 0.109399 0.157428 0.0395901
0 0.617981 0.477017 0.0725363 0.0971196 0.0391564
0 0.993222 0.486813 0.0138662 0.0683167 0.0391138
0 0.448793 0.447806 0.0610223 0.0237122 0.0383995
0 0.232004 0.492208 0.0504242 0.0513997 0.0380564
0 0.371471 0.497526 0.0380176 0.048473 0.0379574
0 0.61448 0.564812 0.0305701 0.0720972 0.0378804
0 0.928021 0.270326 0.144304 0.345195 0.0377696
0 0.116245 0.493993 0.055154 0.0677199 0.0366501
0 0.0961246 0.496909 0.034685 0.0475425 0.0364697
0 0.945094 0.387518 0.110065 0.0926932 0.0363922
0 0.693723 0.479033 0.0563328 0.054448 0.0359839
0 0.353225 0.507897 0.0154334 0.0205616 0.0356309
0 0.425397 0.498244 0.0981776 0.0765949 0.0354461
0 0.645505 0.51243 0.0670712 0.0682107 0.0354096
0 0.587713 0.483258 0.0388577 0.0560659 0.0353281
0 0.202031 0.501548 0.018715 0.0251929 0.0349818
0 0.594232 0.515773 0.0420034 0.0709975 0.0348649
0 0.942559 0.514501 0.118629 0.255139 0.0346035
0 0.486335 0.507302 0.0614523 0.0632089 0.0339696
0 0.707596 0.512704 0.0288868 0.0579499 0.0338832
0 0.116364 0.525582 0.0228374 0.0346055 0.0337783
0 0.682754 0.483234 0.0580605 0.0314395 0.0336724
0 0.987802 0.848156 0.0231144 0.103363 0.0335564
0 0.145008 0.52178 0.0239028 0.0312141 0.0334833
0 0.587791 0.522427 0.078758 0.115881 0.0333692
0 0.474695 0.505343 0.0462637 0.0555452 0.0328886
0 0.50659 0.442763 0.0415133 0.0257689 0.0328206
0 0.103208 0.500722 0.027958 0.0377556 0.0328007
0 0.299525 0.505737 0.0174291 0.0218853 0.031914
0 0.485216 0.518836 0.0459612 0.0515056 0.0318361
0 0.691615 0.498437 0.0442677 0.0395273 0.0318163
0 0.90766 0.403883 0.0915705 0.0336287 0.0317673
0 0.955511 0.615781 0.093997 0.358067 0.031759
0 0.565877 0.494239 0.0843729 0.0761453 0.0314371
0 0.995215 0.495943 0.0102665 0.0773745 0.0312324
0 0.479465 0.457394 0.151267 0.0308625 0.030817
0 0.669019 0.568413 0.0490128 0.0942119 0.0305439
0 0.347661 0.532614 0.0258944 0.0402869 0.0302212
0 0.394361 0.504548 0.0833506 0.0793996 0.0301935
0 0.601742 0.532729 0.0303465 0.0446708 0.0300988
0 0.452731 0.508618 0.0796728 0.075744 0.0299209
0 0.333844 0.518588 0.0157349 0.0260941 0.0299003
0 0.476279 0.518032 0.0351374 0.0441247 0.0298707
0 0.691097 0.557884 0.0739553 0.136162 0.0292125
0 0.977868 0.862106 0.0421675 0.0814519 0.029112
0 0.584075 0.50094 0.0535258 0.0674056 0.0291119
0 0.199283 0.506928 0.0216509 0.0300689 0.0290014
0 0.402915 0.465388 0.0455319 0.0342069 0.028969
0 0.700438 0.62131 0.0434471 0.100211 0.028827
0 0.663819 0.495529 0.0748786 0.0502452 0.0285391
0 0.59803 0.567174 0.073246 0.131709 0.0285171
0 0.45326 0.477874 0.0584072 0.0369928 0.0284814
0 0.0579812 0.44765 0.113461 0.209423 0.0281895
0 0.555419 0.507274 0.105234 0.0951441 0.0280755
0 0.442888 0.525696 0.157416 0.136939 0.0280519
0 0.522965 0.499903 0.14506 0.095511 0.0279615
0 0.488928 0.50182 0.183722 0.111093 0.0277123
0 0.679161 0.407607 0.0390306 0.036587 0.027697
0 0.712143 0.460272 0.0501512 0.0616122 0.0274422
0 0.667973 0.437136 0.0612436 0.0566572 0.0272858
0 0.509028 0.456035 0.0586522 0.0207386 0.0272477
0 0.708863 0.886515 0.0244923 0.0290285 0.0271503
0 0.531708 0.546274 0.194447 0.184122 0.0270431
0 0.506416 0.454364 0.0300426 0.0147383 0.0270288
0 0.935056 0.334253 0.127999 0.264613 0.0270108
0 0.0720865 0.560119 0.100063 0.182944 0.0266236
0 0.946576 0.246932 0.102484 0.222286 0.0265089
0 0.541756 0.443501 0.0372154 0.0263145 0.026493
0 0.183209 0.518599 0.020502 0.0306452 0.0261301
0 0.367872 0.496606 0.0161929 0.0208468 0.0259103
0 0.181215 0.501239 0.0184253 0.025262 0.0258893
0 0.746783 0.243477 0.1835 0.204283 0.0258788
0 0.350365 0.538628 0.0317571 0.0567327 0.0258608
0 0.95764 0.399961 0.0823399 0.0932584 0.0257524
0 0.462506 0.436503 0.0581123 0.0369585 0.0256086
0 0.401813 0.476598 0.04131 0.0356067 0.0255126
0 0.566069 0.454506 0.0255635 0.0247225 0.0253833
0 0.520437 0.462607 0.066306 0.0332544 0.0253758
0 0.0462705 0.452181 0.0918105 0.150241 0.0253206
0 0.157411 0.518971 0.0199928 0.0326039 0.0252386
0 0.572948 0.697383 0.138597 0.277319 0.0251443
0 0.402872 0.498234 0.0601617 0.0586706 0.0248584
0 0.666513 0.382603 0.0184351 0.0352213 0.0248161
0 0.937797 0.357564 0.116171 0.0881256 0.0246605
0 0.190026 0.500969 0.0200126 0.0246238 0.024626
0 0.919166 0.398403 0.0640842 0.0359903 0.0244694
0 0.283124 0.710774 0.06122 0.155482 0.0242554
0 0.636345 0.534936 0.0493234 0.0955271 0.0242106
0 0.699334 0.411175 0.0343815 0.030211 0.0240388
0 0.477413 0.465642 0.080811 0.0388231 0.0240273
0 0.580666 0.49069 0.02349 0.0303475 0.0238872
0 0.919727 0.47359 0.15087 0.151797 0.0238455
0 0.594465 0.770507 0.0937142 0.134053 0.023798
0 0.560615 0.449325 0.028273 0.0234438 0.0237025
0 0.277648 0.438268 0.0463228 0.0696273 0.023621
0 0.0630575 0.445998 0.0951365 0.124135 0.0235837
0 0.709751 0.551089 0.066618 0.109911 0.02355
0 0.165998 0.501926 0.0197405 0.0269372 0.0234892
0 0.97691 0.764802 0.043733 0.258555 0.0234772
0 0.03046 0.45059 0.063785 0.125673 0.023452
0 0.239281 0.447829 0.0707266 0.118168 0.0232577
0 0.680138 0.390939 0.0267682 0.034799 0.0232219
0 0.498629 0.43963 0.0518602 0.0321794 0.0232098
0 0.497864 0.440607 0.0335922 0.0237411 0.0230956
0 0.727942 0.56369 0.0822833 0.100172 0.0230702
0 0.992684 0.515512 0.0156109 0.111375 0.0229674
0 0.16739 0.487287 0.027259 0.0415013 0.0228922
0 0.423536 0.44913 0.0389798 0.0270941 0.0227062
0 0.372799 0.506464 0.0461676 0.0583645 0.0227058
0 0.17224 0.516949 0.0174176 0.0315203 0.0226445
0 0.738707 0.630688 0.1087 0.217983 0.0224205
0 0.00672966 0.460996 0.0136941 0.0481689 0.0224118
0 0.501788 0.503878 0.0857893 0.0705785 0.0223558
0 0.5749 0.483959 0.063231 0.0578547 0.0221974
0 0.866178 0.795847 0.186968 0.236411 0.0221741
0 0.546324 0.475573 0.100259 0.0467755 0.0219809
0 0.517459 0.628414 0.217132 0.320204 0.0216729
0 0.948799 0.715141 0.0475409 0.159428 0.0215651
0 0.956538 0.69296 0.0498043 0.154448 0.0215531
0 0.119278 0.593347 0.110625 0.217475 0.0214947
0 0.150206 0.495988 0.0370299 0.0438712 0.0214493
0 0.602572 0.482219 0.0521227 0.076727 0.0214116
0 0.390091 0.524575 0.0633024 0.0877213 0.0214089
0 0.731611 0.575254 0.105408 0.228032 0.0211481
0 0.940211 0.914715 0.066177 0.0672201 0.0210892
0 0.590493 0.492308 0.019665 0.0297549 0.0210817
0 0.952282 0.295001 0.0745852 0.0827749 0.0210293
0 0.043459 0.801559 0.0811941 0.219645 0.0210224
0 0.0635575 0.602324 0.115533 0.203611 0.0209063
0 0.951028 0.341226 0.0896191 0.102078 0.0208862
0 0.917253 0.377305 0.120459 0.0871021 0.0208332
0 0.924843 0.744833 0.0308746 0.0734063 0.0208226
0 0.0106477 0.463112 0.0236225 0.0629729 0.020796
0 0.272857 0.400154 0.0234851 0.0302781 0.0207792
0 0.989261 0.475539 0.0223499 0.110552 0.0207004
0 0.931919 0.327427 0.105553 0.192055 0.0206581
0 0.173418 0.503102 0.0206013 0.0315643 0.0206352
0 0.0845661 0.441378 0.0860102 0.122862 0.0205644
0 0.756655 0.212913 0.0753308 0.109648 0.0203217
0 0.683898 0.557225 0.0493691 0.101236 0.0203183
0 0.668395 0.349616 0.0249704 0.0494737 0.0203165
0 0.927257 0.434236 0.155762 0.085887 0.0202945
0 0.677055 0.646284 0.09869 0.239964 0.020257
0 0.692438 0.538201 0.0573553 0.111872 0.0202337
0 0.296794 0.728054 0.03021 0.0748757 0.0201352
0 0.584948 0.444931 0.0421383 0.0561921 0.0200617
0 0.147252 0.416903 0.068582 0.0823013 0.0199233
0 0.562189 0.468681 0.0555914 0.0348467 0.0198932
0 0.727253 0.464452 0.0673365 0.098886 0.0197983
0 0.686851 0.271281 0.231822 0.263342 0.0196807
0 0.279881 0.741793 0.0584 0.145073 0.0196369
0 0.384006 0.701964 0.145414 0.296708 0.0196029
0 0.943085 0.692279 0.0757666 0.176805 0.0195793
0 0.119141 0.425232 0.0621682 0.0900305 0.0195695
0 0.533581 0.454269 0.0564045 0.0468889 0.0195436
0 0.0160465 0.460238 0.025966 0.128409 0.019494
0 0.922838 0.736121 0.0278103 0.0467166 0.0194369
0 0.695761 0.508726 0.0386413 0.0528488 0.0194312
0 0.648233 0.556074 0.0580691 0.118656 0.0193279
0 0.262099 0.44591 0.056295 0.089497 0.019301
0 0.488397 0.658938 0.0500057 0.0674519 0.0192857
0 0.308788 0.436374 0.0447185 0.0586172 0.0192397
0 0.244879 0.317255 0.180616 0.300846 0.0192258
0 0.267713 0.396244 0.0255648 0.0328034 0.0192028
0 0.539268 0.421052 0.0704639 0.0621752 0.0191886
0 0.142755 0.397625 0.0525634 0.064548 0.0190755
0 0.946482 0.642149 0.103825 0.23496 0.019053
0 0.58208 0.475136 0.0217199 0.0279073 0.0190284
0 0.142103 0.385602 0.0420183 0.0506449 0.0190261
0 0.991484 0.878819 0.0166798 0.0947366 0.0189766
0 0.727019 0.592309 0.0767474 0.109304 0.0189128
0 0.402923 0.750119 0.167266 0.179423 0.0188563
