0 0.663377 0.572278 0.074129 0.102226 0.90808
0 0.609967 0.556006 0.0302188 0.042424 0.836832
0 0.470066 0.570792 0.04102 0.0430978 0.817097
0 0.426691 0.574112 0.0424781 0.0430851 0.814881
0 0.0241406 0.616257 0.0482812 0.06073 0.713669
0 0.532466 0.561208 0.0417939 0.041158 0.710662
0 0.734929 0.536449 0.0324842 0.0542347 0.64314
0 0.771736 0.53468 0.0472794 0.071749 0.618987
0 0.500656 0.564531 0.0270369 0.0363668 0.61005
0 0.627938 0.550724 0.016515 0.030494 0.598821
0 0.274897 0.590172 0.0771777 0.0575063 0.585712
0 0.579697 0.542054 0.0199807 0.0261336 0.512254
0 0.702313 0.537695 0.0267352 0.0334768 0.444264
0 0.557453 0.551209 0.0192481 0.0324666 0.41107
0 0.592 0.539607 0.0140844 0.0230352 0.306882
0 0.291381 0.58708 0.0469746 0.0492065 0.30322
