0 0.466914 0.516083 0.0260305 0.0373771 0.883666
0 0.452207 0.495607 0.0281883 0.0524202 0.757367
0 0.415849 0.506838 0.0116967 0.0135951 0.621767
0 0.208897 0.496107 0.0232389 0.0233875 0.551567
0 0.402965 0.497304 0.015116 0.0238575 0.261852
0 0.412458 0.504378 0.0160401 0.0180294 0.261196
0 0.440968 0.509953 0.00999098 0.0178614 0.249021
0 0.448634 0.511881 0.0166666 0.0228283 0.24105
0 0.400946 0.499818 0.00995271 0.0156452 0.227008
0 0.401836 0.502961 0.00932558 0.0129396 0.204805
0 0.448168 0.500172 0.0232218 0.0393925 0.187425
0 0.419287 0.506587 0.0108226 0.014614 0.186607
0 0.212585 0.493386 0.0317714 0.029184 0.185967
0 0.407727 0.507422 0.0109273 0.0160291 0.177726
0 0.404056 0.501009 0.00965617 0.0152969 0.174655
0 0.413886 0.508514 0.0133921 0.0170963 0.165922
0 0.50476 0.509221 0.0246083 0.0230609 0.160336
0 0.36165 0.497719 0.0105506 0.0153927 0.142496
0 0.370455 0.500066 0.0270737 0.0290717 0.134916
0 0.43748 0.509048 0.0103199 0.014905 0.12776
0 0.50872 0.511192 0.0162921 0.018333 0.125995
0 0.434276 0.50775 0.0108268 0.0129988 0.125372
0 0.329878 0.488204 0.0193326 0.0169217 0.122378
0 0.364667 0.499532 0.015009 0.0173056 0.121121
0 0.410914 0.506337 0.0110981 0.0140829 0.116766
0 0.399072 0.500402 0.00960062 0.0128938 0.111814
0 0.361332 0.494961 0.0129605 0.0183985 0.100812
0 0.421881 0.504969 0.00866165 0.0174743 0.0992955
0 0.213963 0.494323 0.0193105 0.0192493 0.0992569
0 0.408439 0.50277 0.0104581 0.0152981 0.0980581
0 0.454129 0.51426 0.0178827 0.0270332 0.0979713
0 0.459309 0.510941 0.0126204 0.021943 0.0976765
0 0.390152 0.502382 0.0114156 0.0148936 0.0975576
0 0.541394 0.518885 0.0186938 0.030034 0.0899798
0 0.523702 0.510388 0.0500043 0.0423935 0.0897856
0 0.291483 0.489742 0.0192389 0.0216487 0.0875228
0 0.456176 0.509907 0.013996 0.0185323 0.0872393
0 0.542164 0.524248 0.0142806 0.0258092 0.0854709
0 0.208894 0.497016 0.0150499 0.0187617 0.0830464
0 0.218986 0.492432 0.0490776 0.0411584 0.0815439
0 0.383653 0.502783 0.0116905 0.0153297 0.0776886
0 0.0202346 0.468111 0.0404691 0.0881094 0.0751229
0 0.509682 0.51445 0.024395 0.0250977 0.074194
0 0.0180702 0.471734 0.0354392 0.058844 0.0728108
0 0.439957 0.494371 0.0221523 0.0342168 0.0702737
0 0.529356 0.518773 0.0336277 0.037041 0.0694067
0 0.22008 0.485726 0.0589223 0.0614816 0.0689254
0 0.478473 0.512858 0.0250099 0.0310495 0.0683424
0 0.512281 0.51003 0.0185724 0.022611 0.0680541
0 0.296876 0.485641 0.0290241 0.0303556 0.0665348
0 0.38359 0.50055 0.0171967 0.0173701 0.0640035
0 0.4645 0.508203 0.0179523 0.0261191 0.0625899
0 0.474603 0.513463 0.0134152 0.022667 0.0623178
0 0.48872 0.509008 0.0152508 0.0213707 0.0617792
0 0.504887 0.512236 0.016161 0.0197585 0.0611396
0 0.204019 0.495178 0.0324216 0.0303013 0.0609801
0 0.540501 0.532862 0.0124215 0.0199427 0.0607775
0 0.374324 0.504726 0.0184919 0.0213799 0.0601151
0 0.195352 0.488041 0.0239098 0.031136 0.0598993
0 0.316921 0.488106 0.054735 0.0373638 0.0588718
0 0.452628 0.510775 0.013282 0.0222562 0.0550275
0 0.0316308 0.467201 0.0615254 0.07517 0.054077
0 0.433207 0.500233 0.0133945 0.0211724 0.0533155
0 0.536896 0.51576 0.0223543 0.0304081 0.051889
0 0.45245 0.493095 0.0235174 0.0348067 0.0515032
0 0.54058 0.537822 0.0133572 0.0204607 0.0511662
0 0.207336 0.500097 0.0163832 0.016258 0.0510462
0 0.0533971 0.463918 0.106339 0.0907011 0.0496419
0 0.217276 0.497501 0.025436 0.0246491 0.0493295
0 0.553668 0.518442 0.032016 0.0369787 0.048195
0 0.385958 0.501119 0.0109889 0.014046 0.0478317
0 0.348758 0.475275 0.107631 0.0995295 0.0470459
0 0.376778 0.499295 0.0123933 0.0146362 0.0466646
0 0.212356 0.501831 0.0226427 0.0232506 0.0451736
0 0.457064 0.491246 0.0208388 0.0315759 0.044838
0 0.234527 0.4922 0.0892408 0.0617867 0.0432002
0 0.112601 0.409717 0.226554 0.251831 0.0430008
0 0.0170628 0.496011 0.0345737 0.0988642 0.0400376
0 0.193148 0.487898 0.0776003 0.0737616 0.039641
0 0.532501 0.524425 0.014873 0.0170908 0.0395211
0 0.318467 0.489696 0.0177163 0.0198758 0.0378896
0 0.0836451 0.440903 0.167825 0.146495 0.0372781
0 0.560924 0.518118 0.0477091 0.0473244 0.0367448
0 0.02701 0.498228 0.0573419 0.108552 0.0355672
0 0.26643 0.474546 0.115465 0.104425 0.0354978
0 0.291223 0.496064 0.0234634 0.0282101 0.0349613
0 0.463771 0.499813 0.0161675 0.0200264 0.0346225
0 0.116021 0.264375 0.0605824 0.0756969 0.0344883
0 0.279271 0.486634 0.0377207 0.0346518 0.0338015
0 0.100867 0.259653 0.0897764 0.0963933 0.0328055
0 0.0776042 0.363769 0.154431 0.288624 0.0327694
0 0.525276 0.524523 0.0436373 0.0473891 0.0326866
0 0.340069 0.486446 0.018081 0.0174436 0.0324336
0 0.575029 0.523591 0.084883 0.0780618 0.0322494
0 0.50753 0.504921 0.0186995 0.0239392 0.032051
0 0.312646 0.489488 0.0278263 0.0259538 0.0316637
0 0.388826 0.401411 0.0217169 0.0294134 0.030706
0 0.542751 0.511874 0.0153765 0.0238805 0.0306891
0 0.513615 0.524932 0.0151072 0.01897 0.0305314
0 0.509835 0.498911 0.0438139 0.055689 0.0305018
0 0.303331 0.498219 0.0246969 0.0233298 0.0304412
0 0.328175 0.473431 0.0308586 0.0359456 0.0304222
0 0.0644923 0.417513 0.126454 0.176523 0.0303242
0 0.546734 0.527754 0.0222957 0.0346382 0.0297763
0 0.973599 0.557973 0.0546499 0.131691 0.0294743
0 0.0428658 0.447404 0.081155 0.113972 0.0292977
0 0.491067 0.500601 0.01455 0.0205776 0.0285784
0 0.308763 0.495504 0.0352373 0.0312106 0.0283307
0 0.0780203 0.253455 0.137153 0.135191 0.0279714
0 0.376831 0.504648 0.0245594 0.0288957 0.0273544
0 0.209119 0.503444 0.0178911 0.0189813 0.0271924
0 0.615075 0.517772 0.0228938 0.030458 0.0271225
0 0.367615 0.430315 0.0199444 0.0206832 0.0266236
0 0.964562 0.541637 0.0684721 0.148072 0.0262449
0 0.221247 0.45104 0.0695342 0.112658 0.025401
0 0.124375 0.470187 0.175078 0.130965 0.0250033
0 0.368209 0.517133 0.0213509 0.0303786 0.0245264
0 0.284718 0.49957 0.0198316 0.0228562 0.0244873
0 0.354516 0.42519 0.0291315 0.028308 0.0244116
0 0.232116 0.476479 0.0338011 0.0355095 0.0242828
0 0.250416 0.485061 0.0781492 0.0574478 0.0242311
0 0.462233 0.474218 0.0173752 0.0293697 0.0236508
0 0.442457 0.435422 0.0256569 0.0192746 0.0235809
0 0.0523969 0.501273 0.101065 0.130445 0.0235797
0 0.201379 0.516394 0.0312268 0.0321698 0.0235794
0 0.289089 0.509238 0.0269841 0.0307114 0.0235602
0 0.2094 0.450798 0.0507861 0.084721 0.0235179
0 0.322146 0.432404 0.0280843 0.0288344 0.0230148
0 0.551298 0.516215 0.0228764 0.0296774 0.0229506
0 0.494922 0.498526 0.0149234 0.0204942 0.0226595
0 0.280335 0.497053 0.0349597 0.0333247 0.0225472
0 0.44054 0.447489 0.0180855 0.0167244 0.0224542
0 0.282337 0.485082 0.0217198 0.0241336 0.0220527
0 0.329796 0.433595 0.0322272 0.0313516 0.0220247
0 0.334243 0.511556 0.113949 0.105844 0.0217793
0 0.590529 0.525781 0.0583264 0.057557 0.0216259
0 0.191159 0.489856 0.0618524 0.0513067 0.0211178
0 0.342913 0.428792 0.031308 0.0289619 0.0209362
0 0.223553 0.499101 0.0289202 0.0283358 0.0208416
0 0.427353 0.507096 0.0110484 0.0158554 0.0207635
0 0.240028 0.507 0.0319654 0.0307075 0.0207286
0 0.617504 0.524655 0.0197289 0.0253326 0.0204387
0 0.393173 0.462778 0.0123981 0.0169762 0.0203142
0 0.0343903 0.529886 0.0675298 0.15042 0.0199109
0 0.916249 0.514149 0.161918 0.157203 0.0197993
0 0.968939 0.494768 0.0595163 0.186197 0.0197842
0 0.0688434 0.262588 0.102742 0.101811 0.0195268
0 0.323505 0.449042 0.0245735 0.026224 0.0195231
0 0.579238 0.543005 0.0756959 0.0902984 0.0194223
0 0.545525 0.54982 0.0201673 0.0269255 0.019245
0 0.26873 0.480469 0.0552888 0.046134 0.0192311
0 0.0714699 0.442349 0.106236 0.100796 0.0190577
0 0.249996 0.501755 0.0706599 0.0624954 0.0188916
0 0.0144679 0.527603 0.0287357 0.122984 0.0187367
0 0.408765 0.46934 0.0131275 0.0169958 0.0187148
0 0.0259663 0.416314 0.0548276 0.176995 0.0187067
0 0.203388 0.510079 0.0177058 0.0205336 0.0186179
0 0.381431 0.454295 0.0126224 0.0160687 0.0186034
0 0.2118 0.509304 0.0197085 0.0211871 0.0185611
0 0.360856 0.507024 0.0143654 0.0192412 0.0185602
0 0.175139 0.509468 0.0780096 0.0701073 0.0185507
0 0.951611 0.540994 0.0895494 0.110366 0.0184302
0 0.0427284 0.48417 0.0808065 0.0920463 0.0178916
0 0.981107 0.541769 0.0373398 0.144166 0.0178598
0 0.544012 0.506116 0.0176615 0.0258173 0.0177936
0 0.452172 0.453502 0.0195639 0.0167965 0.0177659
0 0.180328 0.516263 0.121082 0.128475 0.0176135
0 0.0214257 0.431887 0.041273 0.125897 0.0175839
0 0.97829 0.584142 0.0437611 0.104163 0.0175454
0 0.312691 0.428483 0.0264287 0.0304904 0.0175095
0 0.109433 0.299176 0.212765 0.397693 0.0174962
0 0.81691 0.83468 0.143575 0.288394 0.0173116
0 0.062128 0.536228 0.113426 0.146514 0.0171021
0 0.17807 0.477956 0.0767959 0.0631664 0.017028
0 0.213376 0.50747 0.0257401 0.0270647 0.0169648
0 0.938591 0.53547 0.121193 0.145642 0.016821
0 0.261286 0.892686 0.0743955 0.129094 0.0165972
0 0.382389 0.70903 0.0389409 0.0506987 0.0161817
0 0.085324 0.5011 0.141097 0.134077 0.0161429
0 0.358729 0.418187 0.0201608 0.0267313 0.0159263
0 0.404061 0.405954 0.0264311 0.0338659 0.015753
0 0.141254 0.506592 0.110717 0.0971605 0.0157522
0 0.595831 0.537856 0.048222 0.0700142 0.0157197
0 0.828775 0.895129 0.0663368 0.112242 0.015714
0 0.0614045 0.892181 0.0987679 0.16217 0.0156718
0 0.694367 0.13971 0.0996567 0.134052 0.0155883
0 0.608231 0.523794 0.0280329 0.0324267 0.0155626
0 0.930998 0.552224 0.102262 0.086768 0.0155131
0 0.978565 -0.0120822 0.0408052 0.0437299 0.0155107
0 0.288761 0.454719 0.0374629 0.0493922 0.0154154
0 0.759435 0.879093 0.0366763 0.0594367 0.0153357
0 0.759118 0.740254 0.141435 0.248344 0.0153326
0 0.986279 0.588249 0.0267448 0.0820942 0.0153196
0 0.761143 0.180847 0.059068 0.0729815 0.0152803
0 0.365379 0.415644 0.0206685 0.0272157 0.0152354
0 0.11391 0.285112 0.0687095 0.100402 0.0151941
0 0.427582 0.465636 0.0129528 0.0156125 0.015179
0 0.124336 0.509018 0.198209 0.193488 0.0151147
0 0.432951 0.402415 0.0287397 0.0311559 0.0150713
0 0.388725 0.387565 0.0241971 0.0359923 0.0150175
0 0.458932 0.463769 0.0215071 0.0202225 0.0149849
0 0.011399 0.57826 0.0232532 0.0872928 0.0149732
0 0.235689 0.438712 0.0782565 0.104869 0.0149461
0 0.243413 0.472756 0.0740554 0.070708 0.0149454
0 0.277625 0.887843 0.0716373 0.128137 0.0148911
0 0.419814 0.403483 0.0275539 0.0330655 0.0148055
0 0.953411 0.522986 0.0687086 0.0922752 0.0147964
0 0.0662196 0.477179 0.0882883 0.0620093 0.0147384
0 0.0233706 0.538136 0.0481916 0.122638 0.0147257
0 0.323213 0.419312 0.0207903 0.0256096 0.0146665
0 0.691135 0.181327 0.0989733 0.122081 0.0146403
0 0.950354 0.566591 0.0824034 0.0868086 0.0145911
0 0.990917 0.691621 0.017712 0.0784177 0.0145322
0 0.262528 0.501877 0.0288104 0.0286663 0.0145276
0 0.859751 0.891792 0.0655396 0.110767 0.0143794
0 0.134966 0.274719 0.0801127 0.0907214 0.0142337
0 0.422887 0.399584 0.0680158 0.122422 0.0141211
0 0.367116 0.655802 0.0881106 0.118928 0.0140798
0 0.784108 0.184682 0.0787542 0.0926713 0.0139285
0 0.973654 0.448614 0.0509224 0.18372 0.0139108
0 0.0227032 0.282181 0.0420046 0.0917957 0.0138909
0 0.127361 0.253797 0.0950255 0.110746 0.0137941
0 0.350336 0.573989 0.0374163 0.0461802 0.0136944
0 0.266444 0.42448 0.0581795 0.0659108 0.0136253
0 0.30348 0.67505 0.079562 0.104037 0.0135953
0 0.804255 0.808231 0.0597645 0.100768 0.0134507
0 0.349087 0.421224 0.0204442 0.026631 0.0134219
0 0.0764811 0.466169 0.090688 0.0699086 0.0133258
0 0.257261 0.394532 0.0461964 0.0466816 0.0133059
0 0.00920083 0.950639 0.0188915 0.0612003 0.0133049
0 0.633949 0.716245 0.0547997 0.0618634 0.0132533
0 0.729787 0.137281 0.104251 0.134977 0.0132531
0 0.61128 0.140713 0.097572 0.141788 0.0132154
0 0.983252 0.614165 0.0338074 0.0959563 0.013172
0 0.406836 0.51079 0.0148168 0.0225288 0.0131273
0 0.48156 0.431343 0.0199295 0.0244429 0.013091
0 0.91684 0.538709 0.106856 0.101206 0.01306
0 0.604751 0.53791 0.0294416 0.0433629 0.0130398
0 0.332966 0.421489 0.0207406 0.0259157 0.0130187
0 0.285338 0.513191 0.129366 0.126336 0.0130034
0 0.18341 0.424337 0.0858259 0.13926 0.0129871
0 0.307009 0.593942 0.102854 0.137249 0.0129421
0 0.189798 0.43959 0.0677709 0.0866314 0.0129203
0 0.0144278 1.00162 0.0258924 0.0369642 0.0129031
0 0.490285 0.424611 0.0229502 0.0290209 0.0128165
0 0.0149141 0.88996 0.0302631 0.113788 0.0127901
0 0.633362 0.522249 0.0431087 0.040775 0.0127607
0 0.482112 0.39442 0.0235736 0.0296386 0.0127516
0 0.979605 0.473362 0.0407862 0.129619 0.0127353
0 0.160898 0.552104 0.0897371 0.0954607 0.0127239
0 0.285697 0.668832 0.0918947 0.117475 0.0127217
0 0.761428 0.13259 0.0818861 0.113997 0.0127213
0 0.59045 0.141699 0.085981 0.122242 0.0126437
0 0.635243 0.694205 0.051443 0.0555842 0.012641
0 0.604462 0.561547 0.031321 0.0569886 0.012612
0 0.3113 0.409524 0.0197327 0.0267614 0.0125987
0 0.762368 0.843489 0.054442 0.0950044 0.012566
0 0.0825344 0.288021 0.0838375 0.101645 0.012544
0 0.987979 0.615182 0.0235483 0.0736404 0.012483
0 0.831961 0.737298 0.157079 0.266879 0.0124768
0 0.609266 -0.00682368 0.087651 0.0532997 0.0124614
0 0.00839107 0.92027 0.0174038 0.0760215 0.0124526
0 0.0975366 0.236904 0.0735668 0.0965616 0.0124191
0 0.585811 0.593698 0.0447735 0.0549113 0.0123681
0 0.633262 -0.00733939 0.0856977 0.0522024 0.0123675
0 0.973612 0.610485 0.0508425 0.107817 0.0123628
0 0.64555 0.710571 0.0446671 0.0518795 0.012321
0 0.620466 0.697638 0.0484996 0.056674 0.0123088
0 0.657877 -0.00790545 0.0813351 0.0504208 0.0122724
0 0.444351 0.403137 0.0297018 0.0326658 0.0122706
0 0.12523 0.337399 0.115466 0.174236 0.0122569
0 0.874323 0.825885 0.187886 0.330312 0.0122315
0 0.286539 0.853446 0.081904 0.143272 0.0122133
0 0.916907 0.822181 0.174176 0.312147 0.0121716
0 0.267508 0.860973 0.0601177 0.102097 0.0121517
0 0.888981 0.890843 0.0814409 0.129282 0.0121221
0 0.788876 0.128327 0.0868713 0.122048 0.0120961
0 0.682484 -0.00754369 0.0784715 0.0504112 0.0120848
0 0.0634364 0.844605 0.100562 0.172651 0.0120042
0 0.955215 0.261691 0.0907347 0.254418 0.0119902
0 0.732392 0.179757 0.0731725 0.087599 0.0119432
0 0.00351706 0.677941 0.00964494 0.0743563 0.0118984
0 0.922045 0.183198 0.154252 0.292892 0.0118846
0 0.354935 0.278769 0.0380415 0.0640398 0.0118569
0 0.663266 0.134655 0.0902832 0.127238 0.0118144
0 0.584144 -0.00620398 0.0884674 0.0541756 0.0118128
0 0.492253 0.392397 0.025337 0.0341499 0.0117728
0 0.63335 0.136534 0.0853331 0.130954 0.011739
0 0.24607 0.396475 0.0488064 0.0502558 0.0117168
0 0.0231832 0.567833 0.0466299 0.105443 0.0116619
0 0.75934 -0.00554074 0.0800087 0.0516619 0.0116616
0 0.606795 0.893729 0.0133921 0.0225269 0.0116505
0 0.609844 0.660258 0.0395793 0.0500035 0.0116433
0 0.935963 0.520339 0.0700468 0.0844389 0.0116327
0 0.582408 0.495213 0.0823338 0.0798306 0.0116275
0 0.636596 0.513625 0.0557714 0.0501208 0.0116259
0 0.973187 0.248656 0.0482729 0.151174 0.0116081
0 0.962067 0.504182 0.0636528 0.120793 0.0115608
0 0.268289 0.394998 0.0395199 0.0414309 0.0115481
0 0.613363 0.534027 0.0210794 0.0342823 0.0115416
