0 0.378271 0.516867 0.221158 0.30839 0.862556
0 0.5625 0.367262 0 0.173892 0.47992
0 0.5625 0.369124 0 0.15666 0.396887
0 0.5625 0.376197 0 0.146677 0.306175
0 0.5625 0.402961 0 0.0722122 0.29851
0 0.558267 0.342308 0.00846581 0.0276225 0.259123
0 0.5625 0.368103 0 0.0482277 0.253613
0 0.0448507 0.425242 0.0249848 0.0315433 0.247279
0 0.5625 0.34316 0 0.024632 0.217213
0 0.5625 0.380132 0 0.0873711 0.202455
0 0.5625 0.368667 0 0.149933 0.185094
0 0.0560236 0.421997 0.0481854 0.0413836 0.178773
0 0.5625 0.381939 0 0.0668288 0.173762
0 0.5625 0.373521 0 0.149091 0.168878
0 0.027162 0.424107 0.0543239 0.0445346 0.160168
0 0.0479311 0.42229 0.0182785 0.0265596 0.158023
0 0.5625 0.367993 0 0.017856 0.154095
0 0.520031 0.344298 0.0176172 0.0211961 0.153493
0 0.5625 0.376148 0 0.024845 0.148677
0 0.0410194 0.428412 0.0184171 0.0258124 0.141258
0 0.53395 0.34305 0.0456628 0.0289656 0.140128
0 0.5625 0.37059 0 0.0145512 0.137032
0 0.5625 0.341353 0 0.0287297 0.132476
0 0.5625 0.40488 0 0.0937552 0.130991
0 0.56095 0.340903 0.00310082 0.0197727 0.12978
0 0.5625 0.403111 0 0.0673543 0.128986
0 0.5625 0.376286 0 0.0738003 0.128417
0 0.5625 0.342868 0 0.0170952 0.12544
0 0.5625 0.365565 0 0.0566036 0.121851
0 0.5625 0.365345 0 0.023669 0.121142
0 0.5625 0.4008 0 0.0845459 0.120811
0 0.5625 0.343553 0 0.0273298 0.120012
0 0.0297638 0.412175 0.0595277 0.0702517 0.115239
0 0.0813126 0.423935 0.0213349 0.0311224 0.114121
0 0.491355 0.356758 0.0180897 0.0137524 0.110649
0 0.264725 0.379179 0.0752851 0.039115 0.108583
0 0.275739 0.441827 0.031796 0.0294315 0.108204
0 0.5625 0.365975 0 0.0191664 0.107898
0 0.0212634 0.427805 0.0365463 0.0390585 0.107627
0 0.5625 0.344868 0 0.0259041 0.105402
0 0.5625 0.374579 0 0.0326398 0.104066
0 0.525992 0.345718 0.0299467 0.0221363 0.103473
0 0.5625 0.374848 0 0.0696262 0.102569
0 0.294426 0.383213 0.0229172 0.0303895 0.101251
0 0.536109 0.334416 0.0527819 0.0428317 0.100714
0 0.5625 0.391386 0 0.0540893 0.100464
0 0.479623 0.404306 0.0558122 0.0320904 0.0997943
0 0.503284 0.350058 0.0448018 0.0281046 0.0994853
0 0.455567 0.408596 0.0176148 0.0244267 0.0989015
0 0.272794 0.426435 0.0490049 0.0552272 0.0987291
0 0.288835 0.38228 0.034619 0.0336018 0.0984747
0 0.702946 0.3381 0.0602788 0.0837832 0.0984323
0 0.985149 0.389064 0.0302042 0.099278 0.0963304
0 0.825605 0.369689 0.0267744 0.0186668 0.0923774
0 0.620227 0.343797 0.0158824 0.0161468 0.0915395
0 0.670652 0.347279 0.0254339 0.041867 0.0909477
0 0.277098 0.436784 0.0353206 0.0476763 0.0908511
0 0.591381 0.347626 0.0184257 0.0198845 0.0893621
0 0.0616918 0.4255 0.0180011 0.0251421 0.0886653
0 0.902765 0.408267 0.0643677 0.064182 0.0883375
0 0.855968 0.372691 0.0142258 0.0182074 0.0876199
0 0.182251 0.396294 0.237637 0.0942335 0.0875547
0 0.275309 0.393571 0.0502951 0.0408624 0.0874531
0 0.277293 0.444652 0.0218117 0.0282251 0.085913
0 0.583809 0.341432 0.0202331 0.0187191 0.0845521
0 0.0579523 0.411753 0.0560778 0.0651249 0.083252
0 0.677064 0.4104 0.0173378 0.0390668 0.0816699
0 0.666265 0.560187 0.0328056 0.0272214 0.0808477
0 0.323646 0.375347 0.0321944 0.0203635 0.0807317
0 0.0758228 0.433174 0.0142609 0.0204229 0.0795956
0 0.81913 0.376228 0.0180874 0.0233747 0.0787131
0 0.0671443 0.339976 0.0281525 0.0207812 0.0785284
0 0.626694 0.346939 0.0180623 0.0187213 0.0779748
0 0.50747 0.344659 0.0426894 0.0320638 0.0778689
0 0.0345848 0.418528 0.0413977 0.0432367 0.0774942
0 0.595666 0.346651 0.0148693 0.0196993 0.0770911
0 0.0321269 0.392953 0.0635319 0.107368 0.0770109
0 0.522192 0.350432 0.0344103 0.0262088 0.0765787
0 0.076974 0.426937 0.0153657 0.0226589 0.0764569
0 0.518119 0.350738 0.0194931 0.01774 0.0757124
0 0.38531 0.361558 0.0826742 0.0296864 0.0754978
0 0.931625 0.325282 0.0716961 0.105311 0.0746146
0 0.995144 0.357057 0.0120291 0.0599736 0.0745392
0 0.947979 0.392505 0.108833 0.141119 0.0743668
0 0.00390475 0.430633 0.00950786 0.025975 0.0738927
0 0.545996 0.414118 0.0200009 0.0135946 0.073116
0 0.880168 0.398097 0.0866201 0.0704433 0.0729691
0 0.868334 0.34629 0.0569136 0.0610493 0.0725288
0 0.571631 0.347779 0.0578612 0.0407829 0.071959
0 0.816909 0.363123 0.0225046 0.0232303 0.0715347
0 0.814921 0.346771 0.078917 0.0700495 0.0715148
0 0.578977 0.342001 0.0191392 0.0194939 0.0711152
0 0.678385 0.420786 0.018436 0.0341127 0.0710768
0 0.477857 0.395868 0.0601295 0.0505295 0.0709426
0 0.500864 0.352398 0.0192514 0.0151833 0.0707921
0 0.591232 0.356629 0.0166801 0.0234626 0.0700936
0 0.475281 0.378042 0.058774 0.0490681 0.069778
0 0.487797 0.382865 0.0299603 0.0302518 0.0689903
0 0.632233 0.343352 0.0236443 0.0208804 0.0688195
0 0.871285 0.389417 0.0594862 0.0504329 0.0687678
0 0.90476 0.331402 0.137042 0.101884 0.0687624
0 0.039719 0.435514 0.0169732 0.0196622 0.0681946
0 0.971288 0.357382 0.0576061 0.0590279 0.06692
0 0.910426 0.357974 0.162971 0.177039 0.0668223
0 0.270566 0.399857 0.0611248 0.0594838 0.0666411
0 0.675761 0.558458 0.0382645 0.0296238 0.0661396
0 0.935909 0.351709 0.0690641 0.0842638 0.0657373
0 0.838494 0.342903 0.133928 0.0757477 0.0650887
0 0.210296 0.386688 0.183438 0.0609383 0.0649453
0 0.674176 0.514029 0.0576829 0.0868119 0.0646338
0 0.251424 0.372266 0.0986513 0.0452395 0.064609
0 0.296598 0.382565 0.0173716 0.0216399 0.0645888
0 0.800216 0.352597 0.0366413 0.0489089 0.0641386
0 0.617697 0.344252 0.0239074 0.022664 0.0641261
0 0.317138 0.385599 0.0504247 0.0438953 0.063972
0 0.224175 0.376054 0.0411076 0.0287756 0.0638063
0 0.600416 0.345492 0.0159042 0.0209023 0.0636422
0 0.815825 0.34823 0.0504543 0.0577374 0.0634419
0 0.652526 0.350978 0.0179202 0.0181775 0.0631953
0 0.542911 0.407567 0.0263971 0.0185413 0.0629683
0 0.315045 0.408361 0.0551395 0.085321 0.0628292
0 0.464529 0.406944 0.0178042 0.0163126 0.062447
0 0.0790829 0.438418 0.0171649 0.0197143 0.062237
0 0.555366 0.325205 0.0964644 0.0681375 0.06214
0 0.522243 0.347411 0.0209359 0.0167499 0.0619128
0 0.56848 0.342624 0.0298384 0.0211914 0.0618847
0 0.6214 0.34792 0.0182151 0.0220471 0.061136
0 0.388569 0.367841 0.0937982 0.0291087 0.0606329
0 0.459398 0.415654 0.0180581 0.0271969 0.0605803
0 0.544086 0.411454 0.0279685 0.0163651 0.0604543
0 0.824904 0.29754 0.306916 0.321756 0.060326
0 0.87619 0.339831 0.0763748 0.0783063 0.0602689
0 0.949308 0.367271 0.0285629 0.0358521 0.0600737
0 0.639491 0.347943 0.0237416 0.0201308 0.0599151
0 0.651231 0.331192 0.0552805 0.053217 0.0598395
0 0.931078 0.297046 0.0666021 0.0480334 0.0597029
0 0.0749213 0.429854 0.033176 0.042829 0.0595935
0 0.087531 0.445599 0.026499 0.0238091 0.0587422
0 0.661008 0.340607 0.0384342 0.0433145 0.0580542
0 0.947923 0.336832 0.0955717 0.131541 0.0579015
0 0.236219 0.447571 0.0324143 0.0198958 0.0576574
0 0.175406 0.374373 0.274725 0.0929598 0.0574538
0 0.853189 0.342237 0.0797249 0.0703916 0.057289
0 0.258136 0.389305 0.0873106 0.0598279 0.0569264
0 0.0389434 0.344884 0.031746 0.0295397 0.0568909
0 0.507285 0.366268 0.0266742 0.0231847 0.0567905
0 0.822701 0.388435 0.0403292 0.0482641 0.056235
0 0.0794293 0.335348 0.0455777 0.0278295 0.0560712
0 0.0820203 0.419714 0.0306608 0.0511816 0.0558066
0 0.873688 0.37808 0.0149466 0.0160478 0.0556772
0 0.732093 0.357086 0.0841393 0.116942 0.0553634
0 0.849074 0.394392 0.055022 0.0621611 0.0545842
0 0.724863 0.335048 0.0994535 0.0972472 0.054095
0 0.332623 0.389549 0.0763673 0.0617249 0.053923
0 0.120187 0.453364 0.0444275 0.0196129 0.053909
0 0.819109 0.382175 0.0285185 0.0385189 0.0538111
0 0.0287297 0.425413 0.0242005 0.0242256 0.0538024
0 0.403251 0.359644 0.0623106 0.0289636 0.0537721
0 0.107574 0.454385 0.0339486 0.0178112 0.0536102
0 0.0297547 0.359628 0.0518743 0.0567655 0.0534948
0 0.133096 0.452678 0.0350604 0.0183165 0.0532967
0 0.821847 0.394234 0.0618398 0.0695611 0.0531618
0 0.558102 0.348797 0.0226278 0.0192492 0.053126
0 0.806595 0.339052 0.128137 0.0823139 0.0525525
0 0.636888 0.386092 0.023238 0.030558 0.0524361
0 0.765161 0.352923 0.208479 0.220463 0.0524253
0 0.547391 0.364138 0.0201467 0.0188206 0.0518569
0 0.290866 0.399965 0.0299808 0.0464188 0.0516103
0 0.654472 0.339885 0.0215099 0.0264658 0.0508712
0 0.525849 0.360014 0.0356439 0.0333213 0.050796
0 0.539757 0.413132 0.037669 0.02167 0.0501084
0 0.700117 0.408536 0.0287917 0.0553773 0.0501079
0 0.525564 0.343243 0.0204252 0.0192975 0.0499902
0 0.541063 0.349163 0.0190835 0.0149931 0.0499853
0 0.698851 0.409791 0.0396854 0.0676131 0.049281
0 0.499677 0.381806 0.024969 0.0164521 0.0491752
0 0.652911 0.360715 0.0186179 0.0263566 0.0487552
0 0.0475272 0.433188 0.016737 0.017918 0.048571
0 0.00306154 0.437939 0.00745243 0.0352975 0.0484972
0 0.267022 0.417143 0.0727481 0.0715864 0.048318
0 0.794287 0.35038 0.0389355 0.0625506 0.0480796
0 0.3434 0.35637 0.0593289 0.0348824 0.0477967
0 0.721526 0.413063 0.0370772 0.0595426 0.0477032
0 0.963898 0.330591 0.0723461 0.0948055 0.0474461
0 0.299816 0.410247 0.0537909 0.0898816 0.0472472
0 0.409686 0.380021 0.0887083 0.0410076 0.0464928
0 0.161794 0.427123 0.112098 0.0538144 0.0464914
0 0.0618137 0.368711 0.0328825 0.0315239 0.0464837
0 0.0239845 0.401066 0.0429787 0.0960098 0.0463618
0 0.51501 0.380055 0.0384418 0.0299271 0.0461191
0 0.525523 0.374239 0.0246481 0.0156492 0.0461117
0 0.530953 0.403133 0.047011 0.0286691 0.0453352
0 0.406873 0.370222 0.0593226 0.0270206 0.0450433
0 0.621314 0.373319 0.0428845 0.0525323 0.0450298
0 0.992559 0.333673 0.0151613 0.0887877 0.0447607
0 0.548599 0.417129 0.0163209 0.0166917 0.0439642
0 0.393725 0.319415 0.0440511 0.0549267 0.0435607
0 0.478895 0.406915 0.0332215 0.0212051 0.0435268
0 0.788053 0.307187 0.155186 0.0682912 0.0434426
0 0.644176 0.378254 0.0310507 0.0323541 0.0432886
0 0.980332 0.404533 0.0389833 0.104347 0.0431151
0 0.12483 0.422976 0.0947805 0.0544793 0.0430033
0 0.943422 0.336615 0.0812094 0.0816774 0.04295
0 0.61294 0.369092 0.0362033 0.0457662 0.0429375
0 0.0666219 0.345109 0.0428205 0.0364934 0.0429175
0 0.760877 0.288432 0.040728 0.0235296 0.0421613
0 0.315701 0.371393 0.0332137 0.0230657 0.0421199
0 0.394479 0.37568 0.0951688 0.0431877 0.0419516
0 0.718113 0.453637 0.107048 0.222625 0.0419116
0 0.488937 0.407755 0.0261109 0.0209153 0.0419097
0 0.644671 0.393805 0.0324668 0.037534 0.0418548
0 0.313924 0.299418 0.0348716 0.0273252 0.0417175
0 0.793278 0.298322 0.115296 0.0500778 0.0414805
0 0.783195 0.374777 0.0555178 0.119489 0.0410328
0 0.244342 0.416543 0.114587 0.0828949 0.040858
0 0.344797 0.351029 0.0961148 0.0527191 0.0407842
0 0.637981 0.408174 0.0155499 0.019705 0.0402835
0 0.378791 0.391506 0.121671 0.0718457 0.0402133
0 0.0998775 0.454802 0.0198382 0.0156869 0.0401732
0 0.091139 0.331572 0.0371406 0.0256513 0.0396116
0 0.225219 0.384406 0.0449711 0.0397786 0.0394626
0 0.785134 0.291876 0.0962984 0.0332265 0.0393079
0 0.99324 0.42462 0.0134979 0.0692866 0.0389862
0 0.381168 0.355444 0.0845669 0.0459087 0.0389204
0 0.649309 0.335948 0.0223578 0.0323392 0.0385338
0 0.688177 0.413875 0.0322134 0.0506112 0.0384261
0 0.194253 0.382115 0.105639 0.0423225 0.0383779
0 0.878039 0.276798 0.0276857 0.0338769 0.0383546
0 0.216841 0.360306 0.0457754 0.0297279 0.0382712
0 0.800387 0.332372 0.174305 0.10802 0.0382363
0 0.774945 0.502216 0.140529 0.223427 0.0378048
0 0.937937 0.39713 0.0723474 0.0970879 0.0377947
0 0.404293 0.381683 0.114686 0.0728751 0.0376345
0 0.00438033 0.44058 0.0102237 0.0228249 0.037542
0 0.0629922 0.324171 0.0678757 0.0534203 0.0374356
0 0.367544 0.350116 0.108287 0.0610695 0.0371146
0 0.773062 0.390009 0.0549387 0.111868 0.0370187
0 0.434741 0.391055 0.069023 0.0503993 0.0369648
0 0.465325 0.36852 0.0436412 0.0356869 0.0368322
0 0.844005 0.333916 0.281011 0.164445 0.03676
0 0.985244 0.429388 0.0294771 0.0931899 0.0366473
0 0.522166 0.406184 0.0804367 0.0326152 0.0363723
0 0.063043 0.311585 0.0608852 0.0645294 0.0362814
0 0.0816581 0.446475 0.0186886 0.0171572 0.0362365
0 0.212633 0.352821 0.0453394 0.0281125 0.0362206
0 0.746013 0.327145 0.102238 0.0886679 0.0358106
0 0.117877 0.446013 0.0415545 0.024464 0.0357849
0 0.720669 0.31504 0.090822 0.0692326 0.0357404
0 0.0790511 0.443887 0.0155924 0.0157583 0.0353748
0 0.280144 0.432052 0.0181223 0.0261067 0.0353729
0 0.45684 0.381103 0.023261 0.0195036 0.0353203
0 0.075801 0.422001 0.0226057 0.038077 0.0351616
0 0.898505 0.347897 0.0922995 0.0662209 0.0351388
0 0.10514 0.451471 0.0244799 0.0173553 0.0351337
0 0.548086 0.310972 0.103637 0.10075 0.0349492
0 0.320813 0.412438 0.0793215 0.105466 0.03471
0 0.968176 0.202522 0.0713654 0.338698 0.0347076
0 0.0732191 0.316896 0.0541731 0.0449122 0.0339582
0 0.207299 0.341813 0.0577615 0.0355047 0.033656
0 0.467034 0.409649 0.0176748 0.0186442 0.0336348
0 0.028296 0.43381 0.0577233 0.0701891 0.0335779
0 0.0772089 0.341036 0.0593018 0.040903 0.0335263
0 0.107813 0.434792 0.0526447 0.0378492 0.0335037
0 0.156277 0.452763 0.0312954 0.0169423 0.0334292
0 0.824506 0.387298 0.0216034 0.0259939 0.0333869
0 0.658785 0.265467 0.0288298 0.0436027 0.0332993
0 0.256278 0.358527 0.0472321 0.0288377 0.0332749
0 0.365159 0.376602 0.0779736 0.0429416 0.0332536
0 0.53804 0.337029 0.037722 0.0326743 0.0332498
0 0.762702 0.35712 0.110289 0.115756 0.0332186
0 0.640768 0.402897 0.0162576 0.0218477 0.0332137
0 0.0997103 0.426905 0.0582942 0.048646 0.0331593
0 0.281414 0.437699 0.0184645 0.0274076 0.0331276
0 0.50793 0.340774 0.0310592 0.0239534 0.0328668
0 0.191061 0.339557 0.03641 0.0288996 0.0327861
0 0.874146 0.284708 0.0330584 0.0366155 0.0327487
0 0.707578 0.31228 0.0603694 0.0499805 0.032662
0 0.0168535 0.318754 0.0353204 0.0608372 0.0326303
0 0.0828176 0.397421 0.130683 0.124117 0.0325907
0 0.549167 0.268939 0.126593 0.177193 0.0325802
0 0.26882 0.375959 0.0349904 0.0293298 0.0325113
0 0.220938 0.295222 0.362118 0.224595 0.0324887
0 0.719049 0.605781 0.142986 0.27531 0.0324286
0 0.585215 0.303938 0.054131 0.0870638 0.0323235
0 0.930378 0.404897 0.0355833 0.0420666 0.0320775
0 0.757094 0.413039 0.0625237 0.0741609 0.0318385
0 0.0721726 0.327466 0.0540095 0.0335864 0.0318056
0 0.316463 0.296134 0.0483656 0.0383489 0.0316419
0 0.280289 0.459035 0.020373 0.0461471 0.0315937
0 0.235967 0.355139 0.0584209 0.0308626 0.0313275
0 0.0914604 0.33195 0.0276505 0.0196136 0.0309448
0 0.448447 0.37118 0.0598766 0.050142 0.0308319
0 0.240066 0.188462 0.444474 0.327549 0.0307698
0 0.264412 0.445794 0.0198974 0.020375 0.0306325
0 0.0166526 0.3325 0.027291 0.0350769 0.0304917
0 0.451176 0.390558 0.0223844 0.0219259 0.0304491
0 0.686717 0.517153 0.0497765 0.0519042 0.0303984
0 0.228975 0.424748 0.0391582 0.0381659 0.0300708
0 0.135998 0.390309 0.1785 0.114594 0.0299418
0 0.821362 0.485933 0.157012 0.229123 0.029904
