0 0.533545 0.491704 0.0579105 0.111399 0.916189
0 0.363764 0.47317 0.0696609 0.0822589 0.909937
0 0.11292 0.515317 0.225648 0.23697 0.894355
0 0.406453 0.466311 0.0376496 0.0586246 0.790696
0 0.460632 0.458221 0.0212018 0.0362917 0.790283
0 0.430167 0.463823 0.0259787 0.0484105 0.77357
0 0.445655 0.463284 0.019455 0.0393823 0.669025
0 0.492472 0.457869 0.0145725 0.0208421 0.446956
0 0.472056 0.458622 0.0137502 0.026767 0.354063
0 0.502336 0.455713 0.0125433 0.0236231 0.326991
0 0.45653 0.460451 0.019378 0.0343607 0.28326
0 0.5625 0.467544 0 0.0254571 0.277924
0 0.450468 0.464438 0.0163368 0.035577 0.268053
0 0.467185 0.458593 0.0149193 0.0289032 0.264417
0 0.5625 0.477815 0 0.0421971 0.235883
0 0.508115 0.454013 0.0192553 0.0293384 0.210592
0 0.4806 0.459694 0.0113805 0.0227476 0.207655
0 0.5625 0.509834 0 0.0823897 0.199808
0 0.497899 0.45575 0.0132969 0.0212418 0.185961
0 0.514026 0.449122 0.0222356 0.0321771 0.168353
0 0.51195 0.454515 0.0127286 0.0227602 0.164459
0 0.463964 0.46224 0.0136073 0.0246099 0.160706
0 0.5625 0.611644 0 0.318954 0.158235
0 0.511704 0.448001 0.0159537 0.0223408 0.150972
0 0.439873 0.4639 0.0169195 0.0362237 0.150945
0 0.5625 0.61009 0 0.31509 0.142587
0 0.437594 0.468623 0.0148664 0.035578 0.125239
0 0.5625 0.461608 0 0.038883 0.12306
0 0.478317 0.456836 0.0137419 0.0253672 0.10579
0 0.5625 0.463742 0 0.0238651 0.103005
0 0.537134 0.465303 0.0129789 0.0221119 0.092799
0 0.5625 0.523192 0 0.316732 0.0916299
0 0.418105 0.46347 0.0248077 0.0523914 0.0902917
0 0.5625 0.471664 0 0.0429957 0.0898115
0 0.5625 0.482983 0 0.0294327 0.0873867
0 0.5625 0.667647 0 0.263082 0.0868811
0 0.509225 0.4516 0.012616 0.0222292 0.0850971
0 0.5625 0.473596 0 0.0271412 0.0849027
0 0.506452 0.46235 0.0156709 0.0370892 0.0794334
0 0.38377 0.463699 0.0465374 0.0671607 0.0765734
0 0.496061 0.471565 0.0169065 0.0284818 0.0765056
0 0.520588 0.442973 0.0195296 0.0163322 0.0761118
0 0.528865 0.922783 0.0511986 0.0791524 0.0742051
0 0.5625 0.668324 0 0.185478 0.0735518
0 0.50596 0.477828 0.0248126 0.0471284 0.0734142
0 0.5625 0.466275 0 0.0244068 0.0731784
0 0.55482 0.449844 0.0153607 0.026868 0.0723299
0 0.433459 0.456712 0.0148037 0.0337114 0.0710712
0 0.0127034 0.547975 0.0254067 0.24207 0.0701435
0 0.411255 0.471067 0.0195387 0.0368525 0.0688033
0 0.937135 0.463073 0.127145 0.618888 0.0679577
0 0.543814 0.446497 0.0474766 0.024865 0.0677603
0 0.578496 0.461989 0.0164319 0.0246902 0.0666703
0 0.720231 0.435786 0.0834048 0.0563004 0.0654832
0 0.599529 0.470644 0.0322872 0.0451213 0.0652205
0 0.394027 0.467724 0.0201728 0.0492503 0.0650277
0 0.707358 0.44582 0.110879 0.0843465 0.0630742
0 0.512908 0.470144 0.015752 0.0269099 0.0620506
0 0.767959 0.443114 0.0504096 0.0470635 0.0619574
0 0.598219 0.473304 0.0179937 0.0280977 0.0613303
0 0.594654 0.464011 0.0170511 0.0269656 0.0608997
0 0.907442 0.701902 0.187695 0.546647 0.0590123
0 0.61494 0.463337 0.0683103 0.0650101 0.0587528
0 0.85531 0.615864 0.123635 0.186271 0.0585617
0 0.586221 0.483978 0.0243563 0.0521912 0.0582346
0 0.643868 0.475187 0.0191726 0.0373511 0.0574938
0 0.93488 0.488259 0.129859 0.257306 0.0573296
0 0.424016 0.458124 0.0195632 0.0371808 0.0557191
0 0.758019 0.454625 0.058904 0.0620031 0.0551495
0 0.876534 0.534277 0.0686653 0.0689713 0.0551195
0 0.915031 0.45355 0.170582 0.182061 0.0550528
0 0.0129052 0.463838 0.025887 0.141602 0.0548917
0 0.721884 0.433096 0.117328 0.0669572 0.0543652
0 0.585779 0.455496 0.0157484 0.0217428 0.054052
0 0.739517 0.422875 0.104716 0.0823779 0.0537729
0 0.643993 0.458657 0.0229553 0.0527127 0.0530051
0 0.574982 0.453933 0.0156332 0.0200827 0.0521235
0 0.866105 0.543491 0.0963163 0.0734415 0.0512072
0 0.584281 0.503111 0.0287523 0.0689952 0.0508202
0 0.0127942 0.530618 0.0256043 0.142998 0.0502815
0 0.44442 0.457099 0.0140056 0.0288885 0.0501355
0 0.0107839 0.586848 0.0208766 0.187763 0.0500974
0 0.761191 0.436817 0.067146 0.0563138 0.049304
0 0.0279899 0.573355 0.0562438 0.210534 0.0483178
0 0.88784 0.595015 0.0485369 0.0710425 0.0482035
0 0.902075 0.546943 0.197856 0.410962 0.0479201
0 0.500226 0.460708 0.0105391 0.0175774 0.047353
0 0.953108 0.650638 0.0886366 0.179997 0.0459781
0 0.00942034 0.362663 0.0193623 0.0610483 0.0459698
0 0.959878 0.809652 0.0782196 0.328983 0.0452093
0 0.682823 0.542889 0.0787137 0.0792302 0.0451217
0 0.0147767 0.437828 0.0307539 0.134019 0.0450399
0 0.538807 0.443887 0.0216159 0.0165378 0.0445355
0 0.61626 0.517087 0.0814652 0.0948778 0.0438045
0 0.427841 0.483462 0.0174689 0.0324972 0.0437444
0 0.957924 0.52126 0.0822842 0.136903 0.0436371
0 0.970311 0.499166 0.0610577 0.152431 0.0433187
0 0.00735419 0.601129 0.0149799 0.162304 0.0426963
0 0.673532 0.460643 0.0517396 0.0766099 0.042496
0 0.944349 0.41444 0.1026 0.107141 0.0424958
0 0.21035 0.474727 0.0589378 0.0846882 0.0424673
0 0.902445 0.429946 0.191946 0.551452 0.0424246
0 0.597317 0.448473 0.0214926 0.0409625 0.0422977
0 0.579267 0.551606 0.0498584 0.103368 0.042191
0 0.0321145 0.474775 0.0626008 0.164018 0.0420749
0 0.86267 0.748185 0.242969 0.462249 0.0418338
0 0.68192 0.45005 0.0664239 0.0780539 0.0414478
0 0.650713 0.523374 0.134713 0.128295 0.0409735
0 0.0411543 0.531718 0.0795673 0.244891 0.0408882
0 0.597085 0.4574 0.0164851 0.0299212 0.0407557
0 0.017216 0.493466 0.0347376 0.189163 0.0405969
0 0.988586 0.823348 0.0231386 0.120959 0.0401373
0 0.97546 0.616498 0.0504835 0.234425 0.0401036
0 0.397389 0.459945 0.0240794 0.0344674 0.0397387
0 0.591434 0.455702 0.0149791 0.0237307 0.0397213
0 0.0072718 0.435438 0.0148177 0.0903628 0.0394039
0 0.766259 0.453837 0.0424489 0.0409226 0.0383612
0 0.861407 0.566405 0.115901 0.103477 0.0375661
0 0.902199 0.527494 0.133418 0.136693 0.037344
0 0.87184 0.521376 0.0566944 0.0656065 0.0372845
0 0.103385 0.790535 0.185004 0.272174 0.0369243
0 0.853615 0.553216 0.075695 0.052034 0.0368388
0 0.625859 0.531423 0.0717949 0.073682 0.0365084
0 0.684059 0.434602 0.0607446 0.0525877 0.0364684
0 0.019177 0.548198 0.0376967 0.164769 0.0364474
0 0.710068 0.3723 0.0342096 0.0579397 0.0360323
0 0.731854 0.443337 0.0816676 0.0558087 0.0359907
0 0.975135 0.444643 0.0522421 0.112844 0.0358625
0 0.934818 0.632401 0.142533 0.188618 0.0356943
0 0.706266 0.374249 0.0245961 0.0436852 0.0355843
0 0.919615 0.800309 0.152379 0.212904 0.0354838
0 0.332804 0.456396 0.0329169 0.0526003 0.0352904
0 0.632988 0.470233 0.0295538 0.0441434 0.0351162
0 0.642309 0.476398 0.0161843 0.0254849 0.0349539
0 0.0164899 0.595617 0.0329422 0.194465 0.0349449
0 0.861343 0.55907 0.102343 0.069229 0.034708
0 0.212197 0.366355 0.0309703 0.0387643 0.0346729
0 0.978182 0.751354 0.0418667 0.293349 0.0340916
0 0.889421 0.605105 0.0575245 0.111353 0.0338548
0 0.852589 0.52873 0.0658558 0.0786711 0.03369
0 0.58254 0.540865 0.0359978 0.0776619 0.0334246
0 0.325118 0.462986 0.0491135 0.0789668 0.0332991
0 0.952496 0.434428 0.0903641 0.203417 0.0330581
0 0.61159 0.519062 0.0553026 0.0717643 0.033044
0 0.743846 0.397451 0.100201 0.104082 0.0329102
0 0.588247 0.449822 0.0143998 0.0228513 0.0326526
0 0.607647 0.480776 0.0423697 0.0558638 0.032352
0 0.0135114 0.401416 0.0289727 0.130662 0.0323419
0 0.748294 0.449917 0.061494 0.0484149 0.0323078
0 0.306144 0.470397 0.0516542 0.0715406 0.0320239
0 0.179935 0.533504 0.0877485 0.130279 0.0319709
0 0.195607 0.458809 0.0320901 0.0393629 0.0317814
0 0.872193 0.52059 0.086842 0.0797223 0.0317775
0 0.967979 0.553178 0.0622829 0.223334 0.0316393
0 0.218858 0.455126 0.0874327 0.113699 0.0312976
0 0.0460511 0.601629 0.0865165 0.16986 0.0312554
0 0.970474 0.413341 0.0583553 0.0980369 0.0309769
0 0.412419 0.456223 0.0193038 0.0348429 0.0309024
0 0.981146 0.690384 0.034856 0.163429 0.0307603
0 0.639355 0.525519 0.0546502 0.0754595 0.0307322
0 0.921314 0.816684 0.155675 0.359007 0.0306483
0 0.330316 0.467514 0.0306669 0.0601501 0.0304825
0 0.939751 0.379226 0.122787 0.352105 0.0304026
0 0.337843 0.472868 0.0324304 0.0585381 0.030366
0 0.00896703 0.397374 0.0182157 0.108886 0.0303628
0 0.721306 0.415143 0.0854392 0.086362 0.0300103
0 0.876348 0.628827 0.0738962 0.17566 0.0299282
0 0.949965 0.701453 0.104335 0.310061 0.0298811
0 0.797218 0.609801 0.154148 0.182473 0.0297518
0 0.0139508 0.439744 0.0275496 0.0873641 0.0297321
0 0.667877 0.544731 0.0741761 0.0640595 0.0295591
0 0.669853 0.529427 0.10137 0.104896 0.0291306
0 0.902258 0.630845 0.0958677 0.186992 0.0289173
0 0.877035 0.501687 0.0889809 0.143556 0.0288341
0 0.85195 0.509982 0.0994753 0.102141 0.0286444
0 0.506165 0.474908 0.0115135 0.026589 0.0285546
0 0.779777 0.439857 0.0669495 0.06022 0.0283692
0 0.925647 0.404151 0.0577633 0.0691416 0.027941
0 0.0557888 0.467716 0.0909365 0.138957 0.027735
0 0.456133 0.466814 0.0134304 0.0251817 0.0275658
0 0.923632 0.416801 0.0812628 0.0968969 0.027471
0 0.766709 0.419051 0.0750393 0.0888121 0.0274059
0 0.015148 0.372685 0.0307747 0.0829985 0.0272921
0 0.189803 0.451565 0.0287385 0.038555 0.0268728
0 0.487354 0.461922 0.0110869 0.0183829 0.0267424
0 0.564056 0.555238 0.0809039 0.100716 0.0266743
0 0.471237 0.463619 0.0117552 0.0214801 0.0265761
0 0.628529 0.461348 0.0412024 0.0557179 0.0265138
0 0.962754 0.474136 0.0706106 0.109093 0.0265127
0 0.189992 0.458638 0.0632132 0.0789562 0.0261884
0 0.956128 0.808945 0.0747564 0.139439 0.0261051
0 0.37542 0.477296 0.0460132 0.0700406 0.0260894
0 0.726084 0.383888 0.0715781 0.0898864 0.0260854
0 0.980752 0.523754 0.0387091 0.13321 0.0260245
0 0.199887 0.514894 0.0439591 0.0887389 0.0259813
0 0.160053 0.362414 0.0387408 0.0521776 0.0259453
0 0.0723867 0.677224 0.133394 0.257939 0.0259005
0 0.7018 0.39298 0.0420704 0.059335 0.0258781
0 0.0310212 0.438569 0.0602831 0.0801403 0.0258716
0 0.0304017 0.409574 0.0673569 0.161347 0.0257683
0 0.990029 0.793055 0.018944 0.131035 0.0256548
0 0.958654 0.439481 0.0780315 0.110972 0.0254898
0 0.17589 0.581094 0.0648399 0.0754438 0.0252804
0 0.851604 0.868821 0.216643 0.287555 0.0252415
0 0.783032 0.467084 0.0342914 0.0425905 0.0252252
0 0.654167 0.466306 0.0316813 0.0603178 0.0252198
0 0.401246 0.50884 0.0459307 0.093478 0.0252121
0 0.139693 0.791743 0.186766 0.228376 0.0251826
0 0.84958 0.589153 0.109344 0.121947 0.025173
0 0.143652 0.360629 0.0700029 0.0656254 0.0251473
0 0.97121 0.804886 0.0541538 0.166492 0.0250024
0 0.986024 0.815362 0.0279148 0.192604 0.0249753
0 0.155514 0.546606 0.131016 0.160767 0.0249458
0 0.97623 0.548 0.048114 0.179535 0.0249183
0 0.797168 0.457486 0.0453702 0.0452466 0.0248083
0 0.966564 0.88616 0.0617064 0.193335 0.0247597
0 0.798738 0.446397 0.0805865 0.0644213 0.0247278
0 0.826097 0.560179 0.224859 0.243947 0.0244742
0 0.986956 0.582204 0.0252756 0.167421 0.0243278
0 0.621104 0.576237 0.041201 0.0551377 0.0242909
0 0.534544 0.507232 0.0439525 0.0525386 0.0240224
0 0.960119 0.686654 0.070606 0.153846 0.0239841
0 0.700303 0.399614 0.0848753 0.106423 0.0239814
0 0.924948 0.737186 0.131716 0.230661 0.0239797
0 0.390251 0.457584 0.0295288 0.0455719 0.0239316
0 0.886932 0.551571 0.0650663 0.0679966 0.0239179
0 0.825272 0.507431 0.0863573 0.1134 0.0238747
0 0.40015 0.47188 0.017792 0.0420608 0.0237017
0 0.0745127 0.78526 0.128913 0.173853 0.0235924
0 0.928659 0.879637 0.119613 0.221333 0.0232835
0 0.447431 0.470537 0.0123192 0.0284386 0.0232704
0 0.23368 0.476273 0.071006 0.0971122 0.0232339
0 0.919481 0.389163 0.0415764 0.0465534 0.0232321
0 0.427625 0.47131 0.0141832 0.0365171 0.0231787
0 0.976873 0.877036 0.0447836 0.241469 0.0231442
0 0.722655 0.465559 0.0855453 0.0919603 0.0230486
0 0.955505 0.362146 0.0849043 0.287719 0.0230107
0 0.988902 0.938476 0.0206175 0.111856 0.0229206
0 0.917759 0.282547 0.0454554 0.110573 0.0228143
0 0.986575 0.918197 0.0260635 0.156028 0.0225908
0 0.614621 0.565025 0.0486045 0.0747393 0.0224548
0 0.19466 0.487507 0.056728 0.0929001 0.022436
0 0.833239 0.442461 0.0705054 0.0764865 0.022425
0 0.0414713 0.455749 0.077464 0.104362 0.0223595
0 0.87308 0.437948 0.036974 0.0363584 0.0223419
0 0.451338 0.0937144 0.0649942 0.0944122 0.0222992
0 0.602144 0.427307 0.0185663 0.0306381 0.0222477
0 0.622757 0.395288 0.0381632 0.0745666 0.0222074
0 0.664476 0.723881 0.0575425 0.0887687 0.0220067
0 0.209232 0.582074 0.0265835 0.0392212 0.0219829
0 0.986653 0.542855 0.0258072 0.115227 0.0219528
0 0.315583 0.480229 0.0480299 0.0796914 0.0219418
0 0.31758 0.464238 0.0731591 0.0974237 0.0219406
0 0.338325 0.481493 0.0266218 0.0477908 0.021846
0 0.777577 0.383493 0.031705 0.0405432 0.0218324
0 0.665607 0.731609 0.0454004 0.0599282 0.0217996
0 0.0321075 0.374981 0.0615313 0.110695 0.0217814
0 0.647303 0.542429 0.0514207 0.061369 0.0216796
0 0.62169 0.448629 0.0593738 0.0747916 0.0216542
0 0.614493 0.435847 0.029024 0.0568541 0.0216013
0 0.292911 0.461985 0.0983592 0.130644 0.0215983
0 0.804265 0.456169 0.0645918 0.0584515 0.0215462
0 0.0610814 0.524017 0.112192 0.212592 0.0215111
0 0.297 0.480033 0.0659615 0.0876977 0.021466
0 0.468583 0.0546318 0.0360501 0.0413006 0.0213348
0 0.181085 0.361567 0.0598127 0.0580772 0.021331
0 0.810963 0.482143 0.0806139 0.101908 0.0212519
0 0.889268 0.413911 0.0617876 0.0664166 0.0212035
0 0.87323 0.416243 0.0388395 0.0459092 0.0211587
0 0.887696 0.478568 0.0925737 0.138107 0.02092
0 0.872553 0.478578 0.0717016 0.109128 0.0209185
0 0.75728 0.3917 0.072791 0.0717981 0.0209084
0 0.898909 0.359632 0.145918 0.267732 0.0208519
0 0.0319405 0.663296 0.0646277 0.252132 0.0207358
0 0.331765 0.477934 0.025125 0.0462847 0.0206926
0 0.841311 0.669143 0.0743399 0.0936127 0.0206602
0 0.223987 0.488095 0.0393744 0.0836018 0.0205845
0 0.883824 0.426306 0.121541 0.14154 0.0205359
0 0.209039 0.391476 0.043073 0.0547525 0.0205218
0 0.735379 0.201804 0.13313 0.163591 0.0204005
0 0.870167 0.411404 0.0607901 0.0674878 0.0199298
0 0.432046 0.772006 0.0272453 0.0494541 0.0199265
0 0.761995 0.18999 0.0775373 0.0943746 0.0198846
0 0.357373 0.513493 0.0394072 0.0620767 0.0198089
0 0.485065 0.421752 0.0153111 0.0229921 0.0198062
0 0.648051 0.444975 0.0303918 0.0577188 0.019802
0 0.357361 0.0478413 0.0481757 0.0519854 0.0197859
0 0.7636 0.492086 0.0508738 0.0683246 0.0196375
0 0.0485375 0.500238 0.0927299 0.137135 0.0193339
0 0.0542496 0.368422 0.0925826 0.122014 0.0192916
0 0.496056 0.421584 0.012792 0.018046 0.0192263
0 0.822339 0.430714 0.0598142 0.0632976 0.0192124
0 0.830788 0.583309 0.139033 0.179357 0.0190457
0 0.050258 0.668199 0.0861501 0.218951 0.0189675
0 0.782218 0.175109 0.0340257 0.0481735 0.0189581
0 0.39531 0.44951 0.0231316 0.034616 0.018926
0 0.345316 0.770876 0.0325578 0.0394338 0.0188931
0 0.0561025 0.748632 0.101514 0.194297 0.0188681
0 0.693254 0.393005 0.0525037 0.0702706 0.0188583
0 0.787313 0.4178 0.100582 0.100924 0.0188579
