0 0.535322 0.420263 0.0543554 0.113014 0.884578
0 0.457677 0.402942 0.0505658 0.0686234 0.878852
0 0.5625 0.493518 0 0.251584 0.862913
0 0.189679 0.383315 0.098932 0.0598522 0.843582
0 0.322793 0.382483 0.036378 0.0518638 0.796861
0 0.518337 0.405394 0.0518309 0.095011 0.729285
0 0.347642 0.379031 0.0241807 0.0413605 0.635992
0 0.36508 0.378916 0.0193571 0.0333421 0.556576
0 0.414591 0.384369 0.0189033 0.0219637 0.510917
0 0.432275 0.384253 0.0195831 0.0275285 0.493855
0 0.11851 0.384343 0.055816 0.0458896 0.434214
0 0.363968 0.372747 0.0235384 0.044771 0.33576
0 0.509178 0.410864 0.0343308 0.0821524 0.303189
0 0.411279 0.383704 0.0123662 0.0173949 0.278898
0 0.367342 0.383132 0.0149878 0.0231948 0.270531
0 0.418153 0.385435 0.0126847 0.0169857 0.250085
0 0.360929 0.382733 0.0174142 0.0303569 0.236031
0 0.503222 0.411511 0.0234997 0.072902 0.232533
0 0.10471 0.384623 0.0555237 0.0472128 0.232412
0 0.424426 0.386037 0.0136144 0.0203164 0.229378
0 0.356915 0.38207 0.0154015 0.0302524 0.225954
0 0.35204 0.382663 0.0163157 0.0325345 0.224732
0 0.428879 0.386181 0.0127063 0.0205385 0.219449
0 0.421239 0.383298 0.0128465 0.0216092 0.18617
0 0.34608 0.381533 0.0156834 0.0337165 0.184165
0 0.222853 0.385657 0.0344707 0.0489623 0.164135
0 0.432139 0.382543 0.0129992 0.0214021 0.145644
0 0.11543 0.372558 0.0640288 0.0735238 0.133109
0 0.363956 0.384229 0.0149172 0.0252423 0.131453
0 0.490189 0.396166 0.0336808 0.0658359 0.13049
0 0.155303 0.381592 0.0412426 0.0430431 0.115098
0 0.00483458 0.454266 0.00966916 0.187476 0.0900388
0 0.00509573 0.405029 0.0100835 0.131448 0.0894312
0 0.502386 0.394698 0.030362 0.0805857 0.0886863
0 0.140035 0.378446 0.0219172 0.0309387 0.0885599
0 0.500051 0.406896 0.0154694 0.0492126 0.0881778
0 0.444329 0.396449 0.0135164 0.0289814 0.0877995
0 0.339395 0.378847 0.0205076 0.0348881 0.085665
0 0.373289 0.380161 0.0205292 0.0279189 0.0819737
0 0.5625 0.492601 0 0.143079 0.0817217
0 0.331652 0.380524 0.0230994 0.0375942 0.0805668
0 0.00644691 0.384047 0.0126689 0.144949 0.0783607
0 0.412815 0.387388 0.0136783 0.0171828 0.0757687
0 0.228858 0.395233 0.0221303 0.034315 0.0753486
0 0.00868921 0.468073 0.0173784 0.303358 0.0739045
0 0.109864 0.384897 0.032857 0.0318668 0.0734046
0 0.146557 0.373173 0.0332764 0.0446151 0.0716228
0 0.092408 0.387648 0.066214 0.0524122 0.070808
0 0.00709772 0.431656 0.0141954 0.215921 0.0698666
0 0.522405 0.423196 0.0300518 0.0837446 0.0692312
0 0.441028 0.372251 0.0146661 0.024511 0.0686892
0 0.00631366 0.503107 0.0129061 0.250336 0.0681374
0 0.118315 0.384072 0.028704 0.035117 0.0677352
0 0.640342 0.439063 0.0705947 0.122722 0.0671677
0 0.226303 0.389313 0.0241945 0.0366056 0.063679
0 0.628358 0.450788 0.0558914 0.129131 0.0627655
0 0.0138271 0.489059 0.0318989 0.294555 0.061508
0 0.0958279 0.383918 0.0270181 0.0291768 0.0606505
0 0.1043 0.385146 0.0235098 0.0270777 0.0604343
0 0.111966 0.378383 0.0412859 0.0471526 0.0602006
0 0.245021 0.365461 0.0390424 0.046225 0.06017
0 0.64956 0.399735 0.0398145 0.0482413 0.0574063
0 0.258083 0.366586 0.0488554 0.0444395 0.0561301
0 0.27237 0.371994 0.0471902 0.0492768 0.0560223
0 0.327273 0.376998 0.0160209 0.0285336 0.0551665
0 0.123141 0.377879 0.0369887 0.044094 0.0549565
0 0.5737 0.342486 0.0577559 0.0618578 0.0548549
0 0.838234 0.483458 0.09037 0.185318 0.0547857
0 0.292791 0.355584 0.0283459 0.0409376 0.0524548
0 0.307762 0.37088 0.024518 0.0307579 0.0505827
0 0.134601 0.38148 0.023326 0.0262099 0.0503985
0 0.941897 0.463048 0.117072 0.221767 0.0503729
0 0.836004 0.445316 0.0836893 0.112684 0.050293
0 0.00911513 0.367496 0.0183583 0.0958644 0.050119
0 0.671014 0.486485 0.128677 0.21828 0.0501148
0 0.529171 0.413216 0.0507569 0.0895998 0.0500128
0 0.603221 0.394035 0.0451149 0.0742377 0.0492736
0 0.0497019 0.300348 0.0979609 0.182392 0.0492265
0 0.644566 0.407712 0.0483042 0.0621486 0.0490086
0 0.573386 0.360105 0.0490259 0.0529571 0.048337
0 0.36597 0.365357 0.0179454 0.0320337 0.0482481
0 0.2356 0.369933 0.0321513 0.0456813 0.0476843
0 0.575845 0.377838 0.034137 0.0460251 0.0473737
0 0.288789 0.364554 0.031199 0.0389591 0.0466468
0 0.538384 0.245145 0.0197732 0.0561209 0.0461147
0 0.00996316 0.392322 0.0190241 0.119874 0.0460897
0 0.0866717 0.38562 0.0220183 0.0262717 0.0456993
0 0.370784 0.38593 0.0131572 0.0213386 0.0454803
0 0.577762 0.377815 0.0597828 0.099785 0.0446808
0 0.312079 0.379966 0.0168434 0.0312263 0.0444708
0 0.581829 0.403385 0.0307909 0.0724664 0.0442213
0 0.278901 0.362244 0.0442844 0.0453177 0.0438472
0 0.968775 0.491714 0.0594118 0.151422 0.0435489
0 0.296787 0.360642 0.038132 0.0544681 0.0434622
0 0.638338 0.417759 0.0613798 0.0883414 0.0432685
0 0.0672251 0.387984 0.0968825 0.062913 0.042887
0 0.14398 0.373991 0.0209712 0.0250715 0.0426784
0 0.229544 0.385839 0.0199262 0.0292672 0.0425675
0 0.933789 0.504451 0.0721289 0.104078 0.0419357
0 0.0507001 0.205949 0.103097 0.414742 0.0408959
0 0.977758 0.506744 0.0440821 0.120417 0.040769
0 0.145269 0.38497 0.0190612 0.0317621 0.0407641
0 0.479927 0.391551 0.0351467 0.0570014 0.0404951
0 0.634702 0.478795 0.0653256 0.151536 0.0403703
0 0.492268 0.393293 0.0136286 0.0327063 0.0402983
0 0.118301 0.356165 0.0509298 0.102596 0.0402366
0 0.0740482 0.378383 0.0734685 0.0543694 0.0396189
0 0.580803 0.389938 0.037417 0.0681279 0.0390347
0 0.47661 0.398226 0.0137421 0.0313046 0.0388777
0 0.441995 0.377277 0.0185699 0.021878 0.0384059
0 0.0579716 0.382404 0.0923259 0.127059 0.0382836
0 0.358153 0.367837 0.0157046 0.0278706 0.0380287
0 0.643751 0.461121 0.0854441 0.193238 0.0371838
0 0.595663 0.38445 0.0598592 0.0882479 0.0370897
0 0.0573626 0.367907 0.0922735 0.0610016 0.0370668
0 0.484747 0.398189 0.0152912 0.0371378 0.0369492
0 0.149595 0.381185 0.0229404 0.0279176 0.0361664
0 0.618548 0.441049 0.0407249 0.0940485 0.036081
0 0.573047 0.430131 0.0465681 0.0825504 0.0358659
0 0.0275722 0.40778 0.0512206 0.21066 0.0353517
0 0.0443278 0.356553 0.0628613 0.0530184 0.0343364
0 0.667668 0.410749 0.107805 0.0893049 0.0342937
0 0.0331322 0.352973 0.0479202 0.0546945 0.0342295
0 0.353213 0.375299 0.0140844 0.0285302 0.0340276
0 0.610391 0.416816 0.037804 0.0882347 0.0339994
0 0.149717 0.363633 0.0314209 0.0323859 0.0339988
0 0.00743221 0.346115 0.0153308 0.10593 0.0339266
0 0.612665 0.459605 0.0361302 0.101807 0.0338424
0 0.98468 0.51789 0.0303436 0.106101 0.0335825
0 0.937494 0.40506 0.127959 0.325483 0.033484
0 0.233917 0.371643 0.0212065 0.033943 0.0332829
0 0.810261 0.46791 0.139397 0.182897 0.0330234
0 0.0702882 0.350162 0.126194 0.129323 0.0321549
0 0.0128771 0.588341 0.0267715 0.299869 0.0320119
0 0.342021 0.385692 0.0143787 0.0317779 0.031912
0 0.897708 0.477373 0.161951 0.211731 0.0318959
0 0.583447 0.360502 0.0879734 0.118289 0.0313024
0 0.149791 0.331025 0.0701859 0.0887349 0.031207
0 0.309011 0.376248 0.014425 0.0266417 0.0309802
0 0.855276 0.514904 0.0544775 0.169794 0.0307204
0 0.431044 0.376386 0.0137057 0.0218534 0.0306945
0 0.318389 0.401596 0.0195557 0.0327176 0.0305877
0 0.485931 0.405758 0.0139705 0.0357492 0.0302841
0 0.63665 0.397442 0.0563607 0.0649464 0.0299637
0 0.288328 0.344529 0.038815 0.0460843 0.0299533
0 0.454672 0.424516 0.0269739 0.0543383 0.0298409
0 0.984048 0.483571 0.0312069 0.166637 0.0294697
0 0.132124 0.387874 0.0228104 0.0319512 0.0294492
0 0.5279 0.386606 0.0616134 0.0771517 0.0293823
0 0.466634 0.381457 0.0393941 0.0602656 0.0293086
0 0.34642 0.365742 0.0157198 0.0260761 0.0291561
0 0.819672 0.504861 0.107283 0.189821 0.0289715
0 0.916522 0.498912 0.0475542 0.100448 0.0287679
0 0.929837 0.594274 0.130922 0.251407 0.0285819
0 0.458501 0.357845 0.0143601 0.024378 0.0281411
0 0.116355 0.614395 0.0267758 0.0358115 0.0281259
0 0.00597302 0.559121 0.012961 0.151986 0.0277298
0 0.593131 0.427246 0.0528146 0.102633 0.0274829
0 0.686605 0.395768 0.0934104 0.0608732 0.0272682
0 0.418992 0.37918 0.0121035 0.0208523 0.0271706
0 0.688568 0.403356 0.129977 0.0694219 0.0269712
0 0.950626 0.518363 0.0842167 0.0928794 0.0269669
0 0.0675142 0.372689 0.0400881 0.0338171 0.0268548
0 0.833703 0.418406 0.0749677 0.0655355 0.026447
0 0.881834 0.496788 0.082147 0.145485 0.0264097
0 0.303049 0.373407 0.0184587 0.0311626 0.0261228
0 0.856449 0.462768 0.103394 0.159307 0.025907
0 0.226959 0.380678 0.0204138 0.0347922 0.0257503
0 0.0504786 0.352046 0.0801943 0.0735581 0.0256545
0 0.522776 0.401315 0.0335199 0.0673231 0.0255325
0 0.603419 0.365985 0.0509528 0.104298 0.0254998
0 0.27703 0.380144 0.0258599 0.0363818 0.0253139
0 0.619753 0.483932 0.0403124 0.100036 0.0250674
0 0.249068 0.377377 0.022927 0.030881 0.0250428
0 0.31544 0.958933 0.0347644 0.0559726 0.0248099
0 0.789062 0.516376 0.180121 0.202868 0.0247548
0 0.231166 0.397522 0.0152712 0.028378 0.0246789
0 0.0895928 0.367054 0.0316599 0.043139 0.0245494
0 0.401005 0.364508 0.0118973 0.0213646 0.0242536
0 0.148782 0.393329 0.0201614 0.0297705 0.0241846
0 0.0193164 0.567524 0.0427311 0.303684 0.0238677
0 0.885897 0.466672 0.0958418 0.151929 0.0230499
0 0.941826 0.535978 0.11559 0.219173 0.0227633
0 0.588947 0.480755 0.0444704 0.0976253 0.0225985
0 0.977245 0.465261 0.0473667 0.187963 0.02232
0 0.0433968 0.32524 0.0807909 0.126261 0.0222901
0 0.473429 0.377462 0.0182511 0.0283986 0.0221265
0 0.605337 0.3321 0.0406014 0.0886084 0.0221248
0 0.498683 0.381278 0.0203074 0.035748 0.0219693
0 0.993357 0.69977 0.0133545 0.135801 0.0218898
0 0.256371 0.964819 0.0294459 0.0462777 0.021839
0 0.917769 0.431482 0.124813 0.243412 0.0214163
0 0.319101 0.392381 0.0237947 0.0319052 0.0212612
0 0.03466 0.384439 0.0643919 0.0909074 0.0211983
0 0.701658 0.512263 0.155324 0.191585 0.0211441
0 0.432357 0.389402 0.0120033 0.02506 0.02114
0 0.332537 0.358645 0.0177424 0.0273978 0.0211208
0 0.492509 0.37814 0.0194061 0.0343275 0.0210299
0 0.617046 0.292651 0.0197355 0.0376817 0.0210113
0 0.316012 0.350414 0.0238622 0.0326179 0.0209971
0 0.20518 0.371093 0.0769492 0.0658675 0.0208917
0 0.562805 0.371933 0.0669049 0.0835798 0.0208686
0 0.290633 0.304552 0.0265712 0.043372 0.020805
0 0.614147 0.812812 0.0492177 0.102833 0.0207405
0 0.566349 0.394892 0.0761079 0.107731 0.0207282
0 0.428493 0.304605 0.0321817 0.0530715 0.020417
0 0.518312 0.367711 0.0257275 0.0277195 0.0204092
0 0.0854873 0.408323 0.0374234 0.0548359 0.0202861
0 0.722692 0.402106 0.151352 0.0754442 0.0202824
0 0.651502 0.513366 0.0816974 0.149117 0.0202812
0 0.750402 0.5269 0.159306 0.151841 0.0202772
0 0.313884 0.389364 0.0163881 0.0302603 0.0202492
0 0.451594 0.365852 0.013936 0.0181363 0.0201573
0 0.807463 0.449908 0.10595 0.118731 0.0201087
0 0.478309 0.0671886 0.0323674 0.0544476 0.0198494
0 0.25681 0.360478 0.0276629 0.0398315 0.0197657
0 0.700571 0.425134 0.125871 0.108383 0.0197282
0 0.504694 0.377096 0.0227546 0.0314452 0.019651
0 0.0211861 0.465348 0.0454042 0.27637 0.0196263
0 0.470333 0.401801 0.0298003 0.057763 0.0194892
0 0.577316 0.775697 0.0371695 0.0587701 0.0192661
0 0.538801 0.2843 0.0255301 0.0464305 0.0191973
0 0.0135926 0.553939 0.0272707 0.185639 0.019157
0 0.88318 0.517482 0.064146 0.130806 0.0191385
0 0.911352 0.470313 0.0733255 0.13603 0.0191229
0 0.513783 0.433624 0.0152441 0.0415638 0.0190844
0 0.293399 0.334827 0.0231862 0.0358925 0.0189249
0 0.772733 0.451609 0.128499 0.113823 0.0188921
0 0.152643 0.308847 0.0546604 0.0638593 0.0188454
0 0.214013 0.413082 0.0508786 0.0741202 0.0188436
0 0.807074 0.471885 0.0853753 0.125549 0.018814
0 0.840787 0.532975 0.0771408 0.169329 0.018781
0 0.793966 0.43123 0.115588 0.0987269 0.0187647
0 0.285148 0.296951 0.026461 0.0408727 0.0186652
0 0.216503 0.374789 0.029498 0.0364955 0.018632
0 0.445028 0.305819 0.0230175 0.0375148 0.0186086
0 0.534767 0.360818 0.0280021 0.0291476 0.0185702
0 0.44934 0.362365 0.0132409 0.0175246 0.0185631
0 0.618464 0.383924 0.0617241 0.087486 0.0185007
0 0.49125 0.357298 0.019286 0.0278395 0.018494
0 0.575875 0.320991 0.0578984 0.081236 0.018488
0 0.0585712 0.40541 0.073546 0.102033 0.018365
0 0.435883 0.3594 0.0133082 0.0198512 0.0183548
0 0.551281 0.767374 0.0212742 0.0311359 0.0182918
0 0.804631 0.496326 0.0673411 0.11436 0.0182805
0 0.455926 0.363781 0.0169435 0.019996 0.018248
0 0.513661 0.432819 0.0233538 0.0583004 0.0181379
0 0.532048 0.342334 0.0297174 0.0350744 0.0180761
0 0.26319 0.354613 0.0363823 0.0446135 0.0180288
0 0.815265 0.541851 0.100495 0.154077 0.0180201
0 0.477468 0.361443 0.0176774 0.0237845 0.0180195
0 0.909414 0.545979 0.100287 0.225077 0.0180135
0 0.219536 0.358223 0.0425918 0.0644332 0.0179558
0 0.53663 0.367236 0.0265445 0.0532925 0.0178968
0 0.367528 0.23956 0.0232854 0.0328406 0.0176783
0 0.979019 0.421566 0.0433043 0.14512 0.0175288
0 0.616326 0.78887 0.100919 0.134297 0.0174882
0 0.770703 0.411957 0.155184 0.0879719 0.017485
0 0.246349 0.417012 0.0313167 0.0449955 0.0174283
0 0.286809 0.370512 0.0243677 0.0321576 0.0174123
0 0.98064 0.354364 0.0375772 0.131513 0.0173938
0 0.319451 0.939188 0.0182236 0.0248964 0.0172466
0 0.120664 0.310953 0.0521873 0.113102 0.0171767
0 0.568785 0.61073 0.107623 0.195361 0.0170708
0 0.738416 0.475216 0.0737119 0.0915962 0.017055
0 0.506806 0.353054 0.0232763 0.0331581 0.0169956
0 0.969742 0.416905 0.058515 0.222618 0.0169844
0 0.00831382 0.606087 0.0166617 0.181486 0.0169461
0 0.0566048 0.661542 0.0977346 0.175746 0.0168834
0 0.985158 0.294241 0.0279682 0.0725866 0.0168831
0 0.338223 0.165816 0.0208948 0.0389669 0.0168761
0 0.372055 0.587296 0.0710845 0.112474 0.0168484
0 0.240691 0.365733 0.0247996 0.034813 0.0168055
0 0.825614 0.397251 0.119552 0.173296 0.0167927
0 0.174213 0.360374 0.0470986 0.0396983 0.0167754
0 0.20377 0.178313 0.182971 0.290848 0.0167666
0 0.52033 0.280485 0.0406255 0.0630675 0.0167097
0 0.42631 0.390585 0.0126437 0.0236933 0.0165637
0 0.261356 0.334666 0.0424378 0.061963 0.0165623
0 0.666196 0.398708 0.0762039 0.0598752 0.0165007
0 0.287502 0.334322 0.0245578 0.0379023 0.0164993
0 0.425877 0.360219 0.0120072 0.0183687 0.016443
0 0.843868 0.568515 0.0506475 0.106976 0.0163705
0 0.587521 0.454673 0.0343124 0.0732909 0.0163303
0 0.214876 0.619971 0.0576383 0.0927749 0.0162082
0 0.279092 0.430212 0.0373612 0.0503989 0.0161106
0 0.553556 0.869938 0.0326397 0.0680489 0.0160686
0 0.245759 0.333568 0.0308964 0.048372 0.0160279
0 0.518765 0.25341 0.0366017 0.0616222 0.0159929
0 0.51215 0.349443 0.0256909 0.0299524 0.015957
0 0.609544 0.822436 0.105309 0.156489 0.0159143
0 0.878945 0.333056 0.0268297 0.0377863 0.015703
0 0.992673 0.658306 0.0148613 0.138611 0.0156776
0 0.0114199 0.304865 0.0253018 0.173516 0.0156303
0 0.411107 0.378238 0.00966053 0.0167864 0.0156175
0 0.635397 -0.0115016 0.0630833 0.0433071 0.0156053
0 0.657538 -0.0116481 0.0632919 0.0420594 0.0155903
0 0.0758942 0.566408 0.0897627 0.119664 0.0155515
0 0.406776 0.295794 0.0218457 0.0407116 0.0155448
0 0.641617 0.381502 0.0398997 0.0632418 0.0155086
