0 0.331885 0.390393 0.0818294 0.0945781 0.921423
0 0.551197 0.39311 0.022605 0.0593844 0.886045
0 0.5625 0.374085 0 0.0264266 0.879988
0 0.477582 0.3702 0.0331216 0.0360207 0.874375
0 0.434934 0.370104 0.0402979 0.0462464 0.827256
0 0.537113 0.372895 0.0198738 0.0312103 0.710904
0 0.5625 0.369114 0 0.024063 0.57218
0 0.5625 0.369527 0 0.0322212 0.537538
0 0.558262 0.359958 0.00847569 0.0156305 0.402888
0 0.200116 0.333651 0.0305626 0.034799 0.397706
0 0.0932017 0.340488 0.0367884 0.0241097 0.397056
0 0.124345 0.340896 0.0325426 0.0224207 0.35711
0 0.5625 0.355559 0 0.0173567 0.331896
0 0.256427 0.3464 0.0397152 0.0237998 0.325726
0 0.396223 0.343593 0.028363 0.0279058 0.305913
0 0.040602 0.334467 0.0707313 0.0316571 0.300133
0 0.272349 0.347144 0.0249392 0.0233749 0.298029
0 0.143133 0.33437 0.0615044 0.0347293 0.284265
0 0.526376 0.368093 0.0108574 0.0209181 0.269385
0 0.155288 0.334851 0.0415622 0.0324471 0.237772
0 0.5625 0.365129 0 0.0180596 0.232865
0 0.273036 0.343739 0.0323318 0.0289808 0.232381
0 0.390139 0.34462 0.0255364 0.0270896 0.230774
0 0.5625 0.352705 0 0.0164209 0.230516
0 0.5625 0.355276 0 0.0164079 0.227536
0 0.5625 0.357127 0 0.0154178 0.22388
0 0.5625 0.365775 0 0.0240088 0.218961
0 0.5625 0.349587 0 0.0214134 0.218835
0 0.00619967 0.334535 0.0123146 0.0294333 0.217893
0 0.245483 0.343335 0.0309021 0.0219422 0.212873
0 0.5625 0.352675 0 0.0247643 0.211244
0 0.5625 0.35654 0 0.0173913 0.197707
0 0.557485 0.36173 0.010031 0.0142366 0.193216
0 0.5625 0.36438 0 0.023116 0.190027
0 0.5625 0.362484 0 0.0180103 0.189085
0 0.5625 0.360442 0 0.0180376 0.1882
0 0.5625 0.358409 0 0.0166991 0.186721
0 0.252119 0.34582 0.0257632 0.0185021 0.186213
0 0.268081 0.351009 0.0152887 0.0158455 0.185952
0 0.5625 0.359045 0 0.0165601 0.183153
0 0.532921 0.365396 0.0112248 0.017605 0.182026
0 0.266313 0.348521 0.025708 0.0196697 0.179871
0 0.00400709 0.335966 0.00801417 0.0237637 0.177716
0 0.086163 0.340512 0.0218827 0.0192673 0.177446
0 0.243048 0.34464 0.022308 0.0168271 0.176251
0 0.532227 0.370092 0.0155602 0.0239581 0.174218
0 0.385675 0.349239 0.0166915 0.0217098 0.171395
0 0.25659 0.347791 0.0285965 0.0197089 0.167116
0 0.537753 0.369821 0.0136223 0.0198118 0.158058
0 0.5625 0.370117 0 0.0235019 0.154329
0 0.358941 0.343512 0.0228324 0.0232685 0.154226
0 0.664919 0.354637 0.0163051 0.0162928 0.153784
0 0.670054 0.366 0.0143452 0.019895 0.152959
0 0.522943 0.370518 0.0108733 0.0178723 0.149709
0 0.380778 0.344824 0.028583 0.0280289 0.147263
0 0.401196 0.342225 0.0183192 0.0197998 0.146137
0 0.204275 0.328799 0.0394877 0.045801 0.145782
0 0.122217 0.341626 0.0233495 0.0181953 0.145686
0 0.099361 0.343104 0.0205848 0.0171832 0.145253
0 0.0813842 0.341862 0.0160619 0.0172201 0.143298
0 0.655145 0.357412 0.0156121 0.0214812 0.143175
0 0.556388 0.368805 0.0137184 0.0202588 0.140183
0 0.112749 0.330489 0.0752167 0.0466576 0.139743
0 0.161767 0.342904 0.0361129 0.0276382 0.138036
0 0.194221 0.338641 0.0429129 0.0357822 0.138031
0 0.527476 0.362795 0.0151685 0.0206164 0.137873
0 0.412752 0.342271 0.0227916 0.0259357 0.135811
0 0.334068 0.342533 0.0491085 0.0269405 0.134869
0 0.655905 0.352891 0.013287 0.0198441 0.133943
0 0.0329673 0.328863 0.055922 0.0384467 0.133334
0 0.663917 0.360259 0.0155056 0.0215085 0.131934
0 0.0474051 0.330473 0.0893634 0.0428483 0.130886
0 0.321609 0.338663 0.0279047 0.0222221 0.130737
0 0.234393 0.341317 0.0337836 0.0261025 0.129689
0 0.0400466 0.33089 0.0327821 0.0253613 0.129622
0 0.52309 0.362508 0.0176915 0.0226255 0.129284
0 0.239166 0.342384 0.0181454 0.0167903 0.12789
0 0.164899 0.333507 0.0213314 0.0287987 0.125615
0 0.326058 0.336507 0.0411984 0.0252213 0.124373
0 0.395061 0.346447 0.0208418 0.0214739 0.124005
0 0.524268 0.360283 0.0213098 0.0313285 0.123329
0 0.189745 0.329691 0.0509191 0.0465153 0.123048
0 0.131528 0.340262 0.0300619 0.0202502 0.122594
0 0.652223 0.344835 0.0131169 0.0162284 0.122516
0 0.13684 0.337915 0.0259114 0.0227381 0.121781
0 0.65496 0.342496 0.0133424 0.0153124 0.117938
0 0.138562 0.32504 0.0773801 0.0540902 0.116311
0 0.168854 0.343869 0.0220429 0.0207381 0.115263
0 0.620991 0.371982 0.016767 0.0196042 0.113223
0 0.41553 0.345621 0.0154394 0.0190201 0.113062
0 0.520952 0.364873 0.0112572 0.0176721 0.110975
0 0.626379 0.37301 0.0151029 0.0189452 0.110475
0 0.50877 0.356501 0.0245916 0.0277292 0.109875
0 0.612103 0.3654 0.0133723 0.0162086 0.10979
0 0.0134672 0.327041 0.0251554 0.0420772 0.109038
0 0.592627 0.36042 0.0109285 0.0142734 0.107172
0 0.560422 0.373779 0.0128138 0.0213591 0.106633
0 0.278199 0.346797 0.0184972 0.0195035 0.10542
0 0.256922 0.350756 0.0170301 0.0188328 0.104708
0 0.101893 0.345946 0.0166807 0.0156487 0.100792
0 0.00913275 0.337052 0.0204224 0.0246039 0.098701
0 0.210132 0.337405 0.0207363 0.0226048 0.0979221
0 0.234814 0.342937 0.0249407 0.0202303 0.0978525
0 0.49284 0.371339 0.0143362 0.0239201 0.0941448
0 0.0137146 0.33373 0.0211673 0.0198513 0.0939377
0 0.273045 0.34113 0.0220448 0.0259218 0.0923865
0 0.662081 0.34321 0.0124866 0.0154987 0.0916568
0 0.215126 0.338491 0.0219215 0.0239563 0.0913276
0 0.543802 0.36538 0.0137766 0.0194112 0.0912778
0 0.275452 0.351214 0.0203848 0.0189969 0.0906324
0 0.173886 0.34963 0.0180206 0.0165421 0.0889728
0 0.340845 0.346898 0.0480536 0.0304867 0.0879487
0 0.194732 0.335734 0.0230369 0.0249396 0.0857597
0 0.159568 0.338289 0.0243631 0.0235686 0.0852162
0 0.175105 0.34498 0.0198783 0.0210041 0.0847999
0 0.406043 0.357834 0.014159 0.0198293 0.0839576
0 0.0959617 0.346096 0.0268536 0.0170371 0.0831224
0 0.525458 0.359729 0.0160707 0.0197991 0.0830757
0 0.449503 0.354505 0.0153282 0.0198964 0.0822235
0 0.451526 0.36214 0.0160105 0.0244871 0.0822155
0 0.502215 0.364528 0.0131228 0.0191121 0.0815405
0 0.0249005 0.334581 0.0271861 0.0200484 0.080442
0 0.28355 0.352402 0.015642 0.020606 0.0794138
0 0.987768 0.336328 0.0256834 0.0485362 0.0791197
0 0.187177 0.340461 0.019403 0.0213183 0.0783566
0 0.453341 0.367401 0.0123324 0.0238463 0.0781237
0 0.224643 0.342628 0.0240307 0.0238305 0.0776292
0 0.976673 0.338157 0.047191 0.0509439 0.0775524
0 0.487407 0.369915 0.0138492 0.0221646 0.0774051
0 0.671637 0.366628 0.0204537 0.0244355 0.0762208
0 0.420718 0.35949 0.0151577 0.0220958 0.0760641
0 0.424536 0.351134 0.0162675 0.019064 0.0753726
0 0.431848 0.357447 0.0386702 0.0518471 0.0748068
0 0.185747 0.128732 0.0482527 0.0831086 0.074669
0 0.417176 0.34166 0.0167072 0.0193481 0.0744349
0 0.54215 0.373237 0.0126504 0.0238717 0.0744121
0 0.381244 0.357012 0.0312517 0.0363542 0.0742184
0 0.0328859 0.335421 0.0477576 0.0249421 0.0738251
0 0.109667 0.3428 0.0188763 0.0200983 0.0729593
0 0.992992 0.34025 0.0157276 0.0443917 0.0729577
0 0.288767 0.359172 0.0142316 0.0198579 0.0725811
0 0.981343 0.324633 0.0381611 0.0851719 0.0720529
0 0.49158 0.366021 0.0173559 0.0224984 0.0717627
0 0.794968 0.351054 0.0949282 0.0932847 0.0714888
0 0.0498897 0.332527 0.0223558 0.0187585 0.0693477
0 0.827456 0.303026 0.0403687 0.035151 0.0687395
0 0.370975 0.349311 0.0175816 0.0203863 0.0656561
0 0.385365 0.355295 0.0142082 0.0222638 0.0656561
0 0.445413 0.372157 0.0183063 0.0303289 0.0654581
0 0.0041972 0.343738 0.00910386 0.0234728 0.0652829
0 0.199351 0.340515 0.0210815 0.0240042 0.0649823
0 0.365715 0.342359 0.0166835 0.0222716 0.0647514
0 0.299586 0.344105 0.0421738 0.0328071 0.0645282
0 0.11557 0.327885 0.0449758 0.0370313 0.0643305
0 0.516216 0.366158 0.0185035 0.0225324 0.0639648
0 0.976771 0.309932 0.0468756 0.101559 0.063536
0 0.470861 0.369856 0.0208454 0.0286928 0.0626169
0 0.337175 0.331903 0.0629969 0.0501625 0.0619469
0 0.335638 0.358372 0.0616797 0.0374613 0.0612697
0 0.969014 0.338411 0.0593184 0.0994071 0.0605787
0 0.0582477 0.336333 0.0275666 0.0188893 0.0598659
0 0.0830175 0.346629 0.0174218 0.0177824 0.0589894
0 0.322108 0.328577 0.0331903 0.0326421 0.058583
0 0.478059 0.369812 0.0217472 0.0275113 0.058251
0 0.576043 0.377434 0.0125182 0.0274417 0.0575965
0 0.508763 0.362788 0.0136395 0.020646 0.0565248
0 0.0877095 0.345545 0.0229711 0.0285937 0.0565198
0 0.138595 0.342343 0.0204853 0.0184413 0.054374
0 0.0669847 0.330714 0.0480733 0.0396833 0.0539966
0 0.458444 0.359622 0.0164408 0.0201916 0.0534634
0 0.200864 0.346314 0.0237317 0.0206046 0.0529614
0 0.550123 0.377381 0.0205485 0.0294091 0.0524429
0 0.501864 0.357342 0.0173991 0.0215565 0.0519522
0 0.424163 0.362398 0.0218768 0.0284977 0.0515147
0 0.224169 0.346683 0.0193816 0.0171829 0.0514874
0 0.295653 0.357842 0.0269713 0.0342243 0.0503323
0 0.965168 0.340549 0.0572643 0.0631769 0.0497269
0 0.254635 0.332847 0.0280135 0.036963 0.0495727
0 0.0462418 0.349306 0.0909494 0.0616605 0.0493798
0 0.0498314 0.335458 0.0379105 0.0232742 0.0493387
0 0.346917 0.346579 0.0205707 0.0199172 0.0491433
0 0.168768 0.346088 0.036063 0.031416 0.0488628
0 0.426078 0.354756 0.0191787 0.0228192 0.048214
0 0.640747 0.344211 0.0133365 0.0146881 0.0477889
0 0.462826 0.357132 0.0160595 0.0214498 0.0466774
0 0.476139 0.362894 0.0151678 0.0202821 0.0453434
0 0.97061 0.294119 0.0601 0.10947 0.0452985
0 0.3768 0.354474 0.0129143 0.0209326 0.0439981
0 0.973987 0.361618 0.0531515 0.12779 0.043654
0 0.481952 0.372247 0.0202437 0.0263096 0.0426232
0 0.336544 0.346538 0.0334857 0.022103 0.042128
0 0.445365 0.36344 0.0194342 0.0233721 0.0417432
0 0.420591 0.371103 0.0201099 0.027813 0.0414586
0 0.983776 0.356236 0.0311562 0.0835187 0.0413216
0 0.821873 0.336243 0.0523205 0.0707733 0.0409849
0 0.613586 0.34508 0.0155488 0.0173418 0.0409386
0 0.914056 0.321357 0.16673 0.153944 0.039896
0 0.367801 0.351322 0.020122 0.0282433 0.0398512
0 0.853544 0.323369 0.0984671 0.099463 0.0397317
0 0.837125 0.262113 0.03239 0.0372136 0.0397234
0 0.684548 0.36842 0.0406031 0.0416941 0.0393512
0 0.588988 0.373158 0.0132779 0.0197172 0.0387915
0 0.304089 0.332116 0.0466376 0.0387707 0.0380312
0 0.446211 0.342304 0.0160875 0.0189833 0.0379799
0 0.416047 0.352912 0.0136666 0.0216412 0.0365929
0 0.972571 0.323326 0.0596769 0.180302 0.0359971
0 0.826526 0.311395 0.0340548 0.032983 0.0359821
0 0.672731 0.327657 0.0137759 0.0201851 0.0356912
0 0.360382 0.373802 0.0191679 0.0323261 0.0356701
0 0.860618 0.333513 0.0682526 0.0731549 0.0352815
0 0.605131 0.344235 0.0161215 0.0184191 0.0350897
0 0.959414 0.305331 0.068837 0.101481 0.0348603
0 0.647288 0.171024 0.0947038 0.0670945 0.0342852
0 0.293949 0.36598 0.0168304 0.0288422 0.0332807
0 0.313546 0.338622 0.0198872 0.0212257 0.0329426
0 0.298364 0.369411 0.0228547 0.0391042 0.0323885
0 0.718357 0.366542 0.0814252 0.0785259 0.032205
0 0.832181 0.264614 0.0421175 0.0491091 0.0321396
0 0.715732 0.26367 0.0176195 0.0226958 0.031236
0 0.251698 0.346479 0.0150784 0.0179088 0.0312153
0 0.388104 0.369102 0.0237862 0.0353435 0.0306808
0 0.0165986 0.355738 0.0232307 0.042965 0.0291542
0 0.975927 0.397295 0.0501175 0.134252 0.0291519
0 0.926656 0.359903 0.15472 0.17593 0.0290403
0 0.775751 0.335944 0.141313 0.132767 0.0282799
0 0.944205 0.290249 0.0766594 0.0856133 0.0267914
0 0.671734 0.384191 0.0190293 0.0298804 0.0266777
0 0.979179 0.269616 0.0424032 0.121603 0.0266535
0 0.0933749 0.298862 0.0459634 0.0725038 0.0264132
0 0.683174 0.338315 0.0197457 0.024994 0.0256632
0 0.714407 0.339364 0.0612739 0.0737973 0.0246931
0 0.813278 0.263699 0.0296475 0.0375028 0.0246202
0 0.791075 0.334271 0.0667417 0.0712476 0.024511
0 0.954701 0.382572 0.0912756 0.133042 0.0241853
0 0.436248 0.373292 0.0288436 0.0346389 0.0239168
0 0.785512 0.35167 0.062743 0.0773076 0.0238651
0 0.842102 0.303574 0.0799749 0.0799809 0.0237706
0 0.417086 0.281852 0.0521209 0.0811152 0.0237299
0 0.974078 0.216626 0.0505135 0.120486 0.0234511
0 0.935368 0.332485 0.103098 0.0961927 0.0233981
0 0.201137 0.449887 0.0688781 0.0696872 0.023158
0 0.848631 0.262085 0.0481695 0.0449319 0.023145
0 0.824907 0.16706 0.250656 0.297591 0.02303
0 0.820066 0.264516 0.0505449 0.0483595 0.0224628
0 0.811269 0.358571 0.0739682 0.101175 0.022225
0 0.506312 0.267213 0.0321243 0.0515253 0.0220151
0 0.705119 0.328786 0.0660193 0.0781707 0.0219483
0 0.197593 0.20677 0.0198501 0.0384555 0.021914
0 0.285867 0.357656 0.0137232 0.0199688 0.0216317
0 0.709884 0.26573 0.0264699 0.0328851 0.0216234
0 0.49422 0.313373 0.054741 0.0852101 0.0214404
0 0.0827533 0.293282 0.0395229 0.062834 0.021412
0 0.368113 0.384064 0.0137101 0.0295422 0.0213547
0 0.982633 0.194118 0.0340424 0.0870503 0.020655
0 0.502596 0.336787 0.0151166 0.0214881 0.020574
0 0.707349 0.15938 0.0307233 0.0371546 0.0205531
0 0.718775 0.174966 0.0572644 0.0814317 0.0205348
0 0.0592926 0.351314 0.0362822 0.032201 0.0204022
0 0.712046 0.270435 0.0202026 0.0263906 0.0201536
0 0.728344 0.297664 0.0573735 0.0759202 0.0201329
0 0.959796 0.278297 0.0638075 0.0915673 0.0200563
0 0.365656 0.395987 0.0307957 0.0620745 0.0200129
0 0.947957 0.272631 0.0700521 0.0720459 0.0197302
0 0.901323 0.362042 0.136081 0.144266 0.0196337
0 0.302382 0.377147 0.0244942 0.0519537 0.019592
0 0.652034 0.310973 0.0114177 0.0148806 0.0195657
0 0.529678 0.37031 0.0103361 0.0179209 0.019512
0 0.199511 0.311826 0.0228834 0.0322325 0.0195049
0 0.550815 0.104644 0.0451133 0.0499634 0.0194162
0 0.589035 0.343238 0.0118784 0.0159807 0.0194098
0 0.455756 0.1629 0.0312205 0.0458247 0.0192856
0 0.890352 0.289205 0.131754 0.126194 0.0192443
0 0.10943 0.528626 0.0423557 0.0504082 0.01921
0 0.877857 0.333516 0.0741758 0.0835141 0.0191697
0 0.682309 0.355659 0.0238782 0.0301263 0.0190311
0 0.659227 0.171088 0.104607 0.0907765 0.0189308
0 0.550185 0.21979 0.0374862 0.0334545 0.0189296
0 0.713021 0.16742 0.0420141 0.0538908 0.0189088
0 0.93128 0.537657 0.139703 0.281384 0.0187625
0 0.515559 0.267754 0.0508193 0.0802587 0.0185878
0 0.787084 0.302665 0.157997 0.176403 0.0185315
0 0.385514 0.289923 0.0546668 0.0747803 0.0184799
0 0.861373 0.267586 0.0710121 0.0642218 0.0184303
0 0.533322 0.339235 0.0133266 0.0166776 0.0183785
0 0.680134 0.288514 0.0218453 0.0291656 0.0183388
0 0.867273 0.30069 0.0813351 0.0949827 0.0183217
0 0.638888 0.30781 0.0158187 0.019027 0.0182911
0 0.467559 0.330119 0.0151006 0.0229601 0.0182701
0 0.81401 0.284566 0.133822 0.123739 0.0181289
0 0.660319 0.314111 0.0140743 0.0186451 0.0181113
0 0.628247 0.130626 0.0346679 0.0335314 0.0180969
0 0.927731 0.300013 0.0986673 0.096559 0.0180741
0 0.162453 0.209348 0.192856 0.323205 0.0180682
0 0.00423078 0.374182 0.0104101 0.0285558 0.0179962
0 0.498599 0.267428 0.0287753 0.0474452 0.0179349
0 0.664498 0.298994 0.0265067 0.0332943 0.0178877
0 0.865594 0.354061 0.0847845 0.0876617 0.0177181
0 0.481801 0.328458 0.015879 0.022033 0.0176958
0 0.643769 0.756566 0.0621941 0.0940581 0.0176034
0 0.690088 0.265877 0.0197514 0.0293123 0.0174543
