0 0.429281 0.181563 0.0198572 0.0307726 0.463572
0 0.508827 0.181178 0.0114543 0.0198373 0.429106
0 0.408388 0.190867 0.0180832 0.0260822 0.42657
0 0.5625 0.186791 0 0.0340548 0.373088
0 0.495173 0.182618 0.0175823 0.0260632 0.365762
0 0.5625 0.157037 0 0.106494 0.297813
0 0.495379 0.179114 0.0124431 0.0190109 0.213379
0 0.5625 0.188179 0 0.050963 0.210571
0 0.5625 0.19177 0 0.0467267 0.208349
0 0.5625 0.183434 0 0.0327903 0.199181
0 0.546194 0.186735 0.0248801 0.0301069 0.197138
0 0.525119 0.181745 0.0286826 0.0342152 0.184351
0 0.5625 0.183356 0 0.0330719 0.180835
0 0.549371 0.188456 0.0262585 0.0306319 0.170634
0 0.557129 0.185781 0.0107412 0.0275247 0.170603
0 0.51261 0.182819 0.0141992 0.0222278 0.16908
0 0.464936 0.17489 0.0146394 0.0189449 0.164099
0 0.49941 0.181022 0.0123086 0.0196236 0.159909
0 0.491426 0.182146 0.0130031 0.0194649 0.159591
0 0.322092 0.190053 0.033951 0.0369955 0.157313
0 0.430461 0.179939 0.0161923 0.0218199 0.155793
0 0.549853 0.1804 0.0252939 0.0405301 0.154749
0 0.37615 0.186095 0.0192752 0.0189572 0.152873
0 0.545875 0.180339 0.0287486 0.0387626 0.151755
0 0.504615 0.177572 0.0127483 0.0171206 0.146258
0 0.5625 0.185024 0 0.0387511 0.143299
0 0.5625 0.189623 0 0.02484 0.143243
0 0.502733 0.182247 0.0144227 0.0245149 0.142843
0 0.429934 0.189712 0.0162012 0.0225043 0.139215
0 0.553827 0.18758 0.017346 0.0220008 0.128999
0 0.424384 0.183705 0.0158164 0.0212104 0.120251
0 0.363229 0.185861 0.0179045 0.018848 0.117582
0 0.480993 0.180443 0.0203849 0.026977 0.115393
0 0.559493 0.187009 0.00601358 0.0217739 0.115281
0 0.379412 0.182902 0.0185337 0.0177304 0.112807
0 0.517161 0.184629 0.0145623 0.0214114 0.111975
0 0.543675 0.169572 0.0215325 0.0320353 0.111421
0 0.5625 0.190581 0 0.0362206 0.10907
0 0.522535 0.181283 0.0186097 0.0263389 0.108563
0 0.5625 0.190313 0 0.0443005 0.10732
0 0.492517 0.178181 0.0142532 0.0209371 0.107122
0 0.40836 0.187509 0.0150176 0.0163189 0.106787
0 0.5625 0.18575 0 0.0231398 0.106231
0 0.5625 0.158179 0 0.113906 0.105109
0 0.5625 0.187734 0 0.0231595 0.104727
0 0.5625 0.173793 0 0.0549819 0.103504
0 0.5625 0.137019 0 0.0703122 0.101622
0 0.559478 0.191711 0.00604382 0.0193824 0.100411
0 0.00866023 0.249186 0.0173205 0.0480587 0.0993968
0 0.541044 0.186443 0.0171109 0.0240186 0.0987985
0 0.420175 0.183364 0.0150357 0.0203898 0.0987909
0 0.549148 0.185405 0.0174091 0.0203785 0.0975793
0 0.66754 0.200395 0.0808846 0.0692271 0.0952158
0 0.583012 0.17375 0.0438965 0.0540585 0.0946191
0 0.361034 0.189419 0.0152215 0.0163898 0.0942331
0 0.44125 0.176183 0.0181619 0.0238168 0.0938631
0 0.475634 0.175265 0.013727 0.0193875 0.0936776
0 0.689332 0.191832 0.0587803 0.0507225 0.0925164
0 0.547337 0.192628 0.020315 0.0234906 0.0909368
0 0.703691 0.185255 0.0864159 0.0678185 0.0897976
0 0.290315 0.197238 0.0504482 0.0470321 0.0894524
0 0.413967 0.187724 0.0174508 0.019301 0.0891565
0 0.448283 0.18358 0.0226594 0.0286137 0.0889361
0 0.433023 0.183627 0.0137479 0.0179676 0.0887382
0 0.488427 0.183025 0.0122667 0.017793 0.0861675
0 0.508821 0.185265 0.0143222 0.0203061 0.0853929
0 0.597754 0.185966 0.0194788 0.0226844 0.0845454
0 0.00964654 0.21722 0.0195079 0.103087 0.0833024
0 0.615139 0.177022 0.0616332 0.0594037 0.0822834
0 0.459264 0.176825 0.0144691 0.0195692 0.0818079
0 0.543019 0.163021 0.0167071 0.0184727 0.0803215
0 0.368715 0.185547 0.0164398 0.0163564 0.0785353
0 0.265529 0.210458 0.0269476 0.0255487 0.0761755
0 0.885327 0.155065 0.0618347 0.0822216 0.0757146
0 0.495209 0.187694 0.0140261 0.0203093 0.0739667
0 0.902254 0.156507 0.0795197 0.0968455 0.0736231
0 0.258122 0.217255 0.0352186 0.0273562 0.0717674
0 0.638169 0.187872 0.0274869 0.028303 0.0717182
0 0.642653 0.191668 0.0258305 0.0270353 0.0716096
0 0.185574 0.227803 0.0268947 0.0285479 0.0707666
0 0.874844 0.143422 0.0431175 0.0543412 0.0706643
0 0.956454 0.209635 0.0872217 0.218028 0.0700143
0 0.936892 0.152432 0.03253 0.0606573 0.0687593
0 0.541103 0.191101 0.0146436 0.0220142 0.0666253
0 0.633854 0.175094 0.028377 0.0451119 0.0665756
0 0.590282 0.190244 0.0204862 0.0242202 0.0662173
0 0.012456 0.244926 0.024664 0.0579607 0.0659884
0 0.49944 0.196242 0.0219861 0.0485424 0.0648978
0 0.367471 0.190389 0.0189825 0.0203834 0.0646107
0 0.936724 0.140019 0.0291508 0.0425103 0.0640728
0 0.622231 0.192852 0.0187641 0.0218399 0.0637797
0 0.66405 0.184344 0.0995376 0.0719682 0.063089
0 0.266952 0.204237 0.0207521 0.0262091 0.0630343
0 0.581774 0.190786 0.0210669 0.0227126 0.0619614
0 0.54064 0.165593 0.0155977 0.0181293 0.0619126
0 0.35599 0.186161 0.023242 0.0221796 0.0617697
0 0.945407 0.161138 0.0631725 0.0848418 0.0612205
0 0.383466 0.18539 0.016723 0.0167971 0.0605563
0 0.832764 0.15346 0.125259 0.11276 0.0596559
0 0.882986 0.175112 0.0412983 0.0590639 0.059341
0 0.167777 0.216629 0.0637167 0.0596305 0.0592418
0 0.36252 0.175882 0.0211093 0.027604 0.0576753
0 0.973833 0.159796 0.053397 0.095108 0.0571252
0 0.616836 0.187493 0.022721 0.0258383 0.0565696
0 0.358335 0.187003 0.0165742 0.0184104 0.0564125
0 0.325172 0.18944 0.0260543 0.028847 0.0562567
0 0.258495 0.206536 0.0380606 0.0357073 0.054434
0 0.0234149 0.190596 0.0468108 0.144471 0.0534126
0 0.356216 0.189833 0.0163981 0.01847 0.0531796
0 0.869848 0.17191 0.0564457 0.0670366 0.0510366
0 0.0925402 0.206663 0.0561974 0.0531281 0.0496435
0 0.872407 0.150135 0.057229 0.0750062 0.0493227
0 0.280233 0.210393 0.0388247 0.0349091 0.0491726
0 0.253219 0.213855 0.0436427 0.037702 0.0486834
0 0.0219651 0.226505 0.0445296 0.100276 0.0485362
0 0.650644 0.201999 0.0754198 0.0809931 0.0479819
0 0.179847 0.222679 0.0391674 0.0418384 0.0477103
0 0.0195712 0.251154 0.0403686 0.0515973 0.047673
0 0.922815 0.114681 0.160012 0.208817 0.0470804
0 0.0568677 0.197453 0.113202 0.135697 0.0467744
0 0.839687 0.107827 0.152826 0.202062 0.0459062
0 0.850272 0.15854 0.082338 0.0870847 0.0457358
0 0.771634 0.184104 0.0174257 0.0309305 0.0455129
0 0.298158 0.192013 0.0736173 0.0575752 0.0454938
0 0.266886 0.219555 0.0187935 0.0192969 0.0453693
0 0.880621 0.165741 0.102612 0.0847209 0.044867
0 0.186964 0.2106 0.0486857 0.0610483 0.0447458
0 0.205074 0.198835 0.0864022 0.0906284 0.0440709
0 0.851782 0.143451 0.159152 0.146421 0.043792
0 0.478066 0.181523 0.0142286 0.0200912 0.0434681
0 0.822739 0.117833 0.0794769 0.0872605 0.0428532
0 0.064724 0.163442 0.125722 0.187957 0.0424313
0 0.218603 0.180531 0.117445 0.118541 0.042269
0 0.329682 0.194529 0.0190653 0.0246323 0.0421791
0 0.010221 0.185464 0.0211754 0.118656 0.0414223
0 0.167234 0.189844 0.0736403 0.0915144 0.0413435
0 0.510348 0.166569 0.0117574 0.0174213 0.0410399
0 0.0959697 0.199607 0.0665379 0.0759824 0.0406981
0 0.157907 0.201401 0.0680272 0.0738059 0.0406546
0 0.0357165 0.222721 0.0699159 0.0991255 0.040258
0 0.206475 0.213194 0.0685659 0.0553205 0.0400083
0 0.809518 0.144024 0.0821986 0.119531 0.0399619
0 0.943165 0.141672 0.0949228 0.0839237 0.0391798
0 0.654656 0.178403 0.0469076 0.050577 0.0391438
0 0.649151 0.206498 0.0497643 0.0680249 0.038945
0 0.878351 0.185627 0.0397545 0.044704 0.0383941
0 0.894873 0.178756 0.0481974 0.0558525 0.0383068
0 0.846904 0.176654 0.0941846 0.0611032 0.038249
0 0.333083 0.189731 0.0188781 0.0204186 0.0377129
0 0.682541 0.207022 0.0850861 0.0953798 0.0375867
0 0.349266 0.19385 0.0165948 0.0196767 0.0375504
0 0.0158287 0.15057 0.0324028 0.156174 0.037164
0 0.222172 0.16536 0.16519 0.173406 0.0367874
0 0.3214 0.176225 0.0263147 0.0278611 0.0367183
0 0.148718 0.209129 0.099503 0.0760059 0.0361948
0 0.842725 0.116954 0.0448574 0.0589508 0.0361683
0 0.068666 0.549377 0.122876 0.204942 0.0359708
0 0.861846 0.129688 0.0802074 0.0897308 0.0359455
0 0.170364 0.226838 0.0554576 0.0413569 0.0355872
0 0.0117386 0.0866202 0.023516 0.0470663 0.0353665
0 0.179535 0.177285 0.0492842 0.0562226 0.0350931
0 0.152703 0.184829 0.0557831 0.0786048 0.0350509
0 0.847858 0.140372 0.060828 0.0694132 0.0349353
0 0.255279 0.225354 0.0430308 0.0339305 0.0348534
0 0.553286 0.24106 0.0375708 0.0863638 0.0347227
0 0.122165 0.203064 0.11592 0.083395 0.0345941
0 0.496386 0.165735 0.0113004 0.0150678 0.0343288
0 0.78041 0.182044 0.032513 0.041645 0.034113
0 0.666663 0.197285 0.0363235 0.0465257 0.0336089
0 0.0708391 0.203396 0.101296 0.0960303 0.033435
0 0.418012 0.128439 0.0312238 0.0450975 0.0331772
0 0.10492 0.210983 0.0592577 0.0565861 0.033031
0 0.838511 0.106474 0.058824 0.0901883 0.0329677
0 0.235939 0.207068 0.0720429 0.0544999 0.0326521
0 0.361783 0.195727 0.0158432 0.0193796 0.0325063
0 0.791626 0.161092 0.0990972 0.100508 0.0323086
0 0.260731 0.221848 0.0246066 0.0212219 0.0318667
0 0.507407 0.164815 0.0102136 0.0150849 0.0318418
0 0.969478 0.113682 0.0628468 0.110381 0.0317927
0 0.568615 0.148274 0.0435334 0.0682737 0.0315477
0 0.0203574 0.249495 0.0435499 0.0918667 0.0313654
0 0.434503 0.167506 0.0164513 0.0239978 0.0312577
0 0.874786 0.11573 0.0948837 0.143432 0.0311248
0 0.150823 0.18083 0.0879369 0.107559 0.0306189
0 0.0907767 0.181129 0.0938844 0.128245 0.0304433
0 0.109041 0.175613 0.152743 0.141657 0.030222
0 0.853225 0.100748 0.095681 0.135733 0.0300789
0 0.937312 0.237784 0.122485 0.19165 0.029809
0 0.584207 0.131721 0.0571323 0.0911098 0.0297793
0 0.825383 0.165842 0.0999245 0.0834448 0.0297744
0 0.287438 0.179183 0.069479 0.0848892 0.0296202
0 0.75485 0.179066 0.0514574 0.0549508 0.0292328
0 0.405414 0.212412 0.0304402 0.0427442 0.0291169
0 0.275741 0.200225 0.0313088 0.0330217 0.0288896
0 0.81343 0.100711 0.082127 0.106924 0.0288776
0 0.958857 0.116117 0.0818598 0.200285 0.0284304
0 0.188749 0.170663 0.0518896 0.0557072 0.0283206
0 0.190893 0.183191 0.0841801 0.10768 0.0282485
0 0.373696 0.119788 0.0283157 0.0435223 0.0279627
0 0.605816 0.131091 0.0721653 0.108866 0.0279436
0 0.698076 0.222144 0.0908052 0.113768 0.0275574
0 0.981286 0.108939 0.0382509 0.100661 0.0265744
0 0.769295 0.171949 0.0309207 0.0618328 0.0265318
0 0.311194 0.200235 0.0225191 0.0244403 0.0265222
0 0.787809 0.179046 0.0430747 0.051329 0.0265046
0 0.45578 0.161432 0.0141704 0.0188962 0.0264514
0 0.0162139 0.261316 0.0323354 0.0554748 0.0263151
0 0.612674 0.250135 0.043064 0.0953787 0.0261888
0 0.00913645 0.0754981 0.0184116 0.0363529 0.0261443
0 0.255093 0.226129 0.0305609 0.0257385 0.026091
0 0.203563 0.174915 0.0798805 0.0830177 0.0259548
0 0.490841 0.166434 0.0120235 0.014969 0.0258248
0 0.749233 0.19529 0.0561585 0.0500786 0.0257258
0 0.0360008 0.257038 0.066811 0.0561852 0.0256747
0 0.273649 0.215243 0.0220656 0.0223277 0.0254347
0 0.984291 0.53514 0.0315733 0.22084 0.0252577
0 0.977608 0.0612717 0.046944 0.127329 0.0251009
0 0.185664 0.236928 0.0312182 0.0257312 0.0249259
0 0.276501 0.223534 0.0212081 0.0190975 0.0247493
0 0.031298 0.269973 0.0626011 0.0605435 0.0246868
0 0.455052 0.181084 0.0140475 0.0205075 0.0245439
0 0.343254 0.181308 0.027103 0.0292799 0.0243424
0 0.846014 0.0812031 0.0711077 0.123187 0.024328
0 0.165909 0.162724 0.0894359 0.122601 0.0242724
0 0.671611 0.174226 0.0585178 0.0586165 0.023976
0 0.2384 0.228099 0.0684685 0.0410769 0.0239374
0 0.705674 0.161245 0.0951915 0.100784 0.0238192
0 0.0696987 0.220911 0.080201 0.0689392 0.023255
0 0.0478768 0.171715 0.0945869 0.131377 0.0231928
0 0.19311 0.0858294 0.0239425 0.0416487 0.0231534
0 0.96682 0.274189 0.0655586 0.121515 0.0231217
0 0.00616255 0.26056 0.0113445 0.0354287 0.0231061
0 0.293343 0.159248 0.0785412 0.0833086 0.0230225
0 0.147698 0.151429 0.0790744 0.0977284 0.0230067
0 0.476426 0.164867 0.0132601 0.0170579 0.0230007
0 0.734164 0.181521 0.0811054 0.0669468 0.022946
0 0.804704 0.174002 0.0644659 0.0648041 0.0227418
0 0.783277 0.168419 0.0402042 0.0684282 0.0227412
0 0.986762 0.0543185 0.0275389 0.114544 0.0227093
0 0.315058 0.170614 0.0391962 0.0465718 0.0225866
0 0.699873 0.217609 0.0610467 0.0753714 0.0223914
0 0.622692 0.111774 0.0684203 0.101846 0.0222722
0 0.210002 0.230922 0.0684027 0.042652 0.02224
0 0.898709 0.123599 0.0886328 0.118971 0.022231
0 0.781283 0.191075 0.0490334 0.0469273 0.0221105
0 0.0114263 0.104581 0.0230988 0.0825461 0.0220362
0 0.797475 0.138336 0.127009 0.132393 0.0218863
0 0.184397 0.243288 0.0341779 0.0306151 0.0218511
0 0.648284 0.119184 0.0790574 0.129044 0.0214753
0 0.44676 0.16363 0.0138973 0.0203203 0.021334
0 0.127673 0.160409 0.173281 0.191765 0.021085
0 0.98016 0.278144 0.0410376 0.1195 0.021061
0 0.827745 0.0780505 0.116556 0.162084 0.0209212
0 0.264287 0.10187 0.183042 0.25073 0.0208543
0 0.325847 0.107349 0.11699 0.179407 0.0207396
0 0.437769 0.151083 0.0175672 0.0262203 0.020626
0 0.746305 0.17099 0.077945 0.0808222 0.0206252
0 0.198595 0.568633 0.0905373 0.140247 0.0205483
0 0.225837 0.148983 0.0873649 0.0708329 0.0205257
0 0.634028 0.23222 0.0630666 0.0982378 0.0203499
0 0.517948 0.0851557 0.0356606 0.0717198 0.0202422
0 0.72184 0.101773 0.133455 0.184882 0.0200282
0 0.193903 0.529637 0.0543413 0.076934 0.0198953
0 0.661808 0.242256 0.0672116 0.100734 0.019674
0 0.00533326 0.294438 0.0143732 0.0710418 0.0196533
0 0.0712928 0.43144 0.116641 0.155335 0.0193442
0 0.028635 0.269273 0.0533563 0.105415 0.0193039
0 0.715074 0.148075 0.0657612 0.0716872 0.0192715
0 0.565456 0.145358 0.0350432 0.0470944 0.0192163
0 0.136988 0.566984 0.111404 0.152456 0.0191847
0 0.0917471 0.149156 0.0782431 0.115467 0.0191553
0 0.174357 0.244741 0.0550658 0.0446286 0.0190017
0 0.988257 0.561903 0.0223907 0.170103 0.0189861
0 0.985377 -0.0115015 0.0342615 0.0456604 0.0188244
0 0.150083 0.139199 0.059755 0.0918736 0.0188096
0 0.956104 0.0752572 0.0919123 0.109883 0.0187576
0 0.166513 0.529388 0.058914 0.0880314 0.0186075
0 0.792462 0.0930938 0.158815 0.171086 0.0185816
0 0.105424 0.225867 0.141859 0.110507 0.01858
0 0.316159 0.195986 0.0227944 0.0266056 0.0184705
0 0.186083 0.154603 0.0730496 0.098822 0.0184563
0 0.991146 0.285584 0.0183567 0.0964754 0.0184324
0 0.431054 0.202502 0.0131447 0.0237829 0.018357
0 0.226302 0.0954563 0.0497934 0.0521704 0.0182965
0 0.129677 0.53345 0.0797648 0.129374 0.0182951
0 0.0586221 0.74645 0.100081 0.163738 0.0182753
0 0.017494 0.569287 0.035483 0.158814 0.0181834
0 0.165986 0.564769 0.108263 0.149023 0.0181753
0 0.869078 0.0790631 0.188542 0.196279 0.0181627
0 0.272254 0.193102 0.0303163 0.0459134 0.0180161
0 0.165506 0.236475 0.0655463 0.0510082 0.017931
0 0.242522 0.101401 0.0371246 0.0475988 0.0179187
0 0.554545 0.0931021 0.0761897 0.130461 0.0179074
0 0.14233 0.227266 0.107995 0.0824119 0.0178368
0 0.769283 0.155258 0.0440955 0.0957389 0.0178123
0 0.729676 0.142753 0.0869706 0.104756 0.0177712
0 0.0474843 0.0467913 0.0870712 0.113839 0.0176673
0 0.288164 0.163039 0.109307 0.119992 0.0175936
0 0.144667 0.105081 0.220127 0.260806 0.0175366
0 0.770746 0.2007 0.0226544 0.03164 0.0175223
