0 0.5625 0.668805 0 0.0922303 0.906077
0 0.5625 0.695213 0 0.0967777 0.898833
0 0.352424 0.773742 0.0869665 0.0857764 0.897957
0 0.5625 0.750711 0 0.187563 0.888054
0 0.5625 0.693872 0 0.0569013 0.833416
0 0.431724 0.746625 0.0424994 0.0460726 0.827774
0 0.483127 0.729395 0.0393684 0.0447166 0.704137
0 0.547492 0.716114 0.0300154 0.0470047 0.680011
0 0.5625 0.676764 0 0.0506657 0.588099
0 0.5625 0.688257 0 0.0317574 0.486009
0 0.5625 0.706162 0 0.0328435 0.464664
0 0.5625 0.656748 0 0.428733 0.464094
0 0.5625 0.531379 0 0.67975 0.27705
0 0.150139 0.813692 0.0529701 0.0349214 0.219038
0 0.460324 0.727492 0.0230369 0.0376848 0.211349
0 0.5625 0.687442 0 0.0215791 0.201965
0 0.052936 0.833982 0.0378184 0.0267834 0.174326
0 0.5625 0.687939 0 0.0267741 0.160667
0 0.5625 0.708404 0 0.027548 0.146857
0 0.404056 0.735251 0.0220127 0.0300201 0.145997
0 0.116727 0.803871 0.125582 0.0740351 0.135854
0 0.5625 0.707941 0 0.0246311 0.135233
0 0.491919 0.728532 0.0222669 0.0311078 0.134549
0 0.5625 0.735669 0 0.274738 0.13317
0 0.5625 0.696301 0 0.0240853 0.132838
0 0.135417 0.807621 0.085154 0.05358 0.132574
0 0.5625 0.684703 0 0.0578874 0.131408
0 0.5625 0.689365 0 0.0270367 0.129487
0 0.0380235 0.829701 0.0752615 0.058284 0.128192
0 0.5625 0.700302 0 0.0388234 0.125284
0 0.384921 0.759334 0.0273795 0.0486977 0.120009
0 0.497117 0.72521 0.0142275 0.0254028 0.119497
0 0.5625 0.698237 0 0.0227929 0.117508
0 0.5625 0.691173 0 0.0239778 0.117112
0 0.455234 0.730991 0.0203311 0.0302699 0.116544
0 0.5625 0.712315 0 0.025071 0.115142
0 0.458737 0.720686 0.0169797 0.023241 0.112329
0 0.510048 0.718894 0.0286539 0.0408266 0.107799
0 0.558342 0.715358 0.00831599 0.0282461 0.105893
0 0.5625 0.660463 0 0.0368393 0.105101
0 0.479495 0.715858 0.0548422 0.0760195 0.103801
0 0.5625 0.707959 0 0.0307476 0.101981
0 0.471613 0.730879 0.0217934 0.0346458 0.101423
0 0.0403339 0.811918 0.0806679 0.0932122 0.100088
0 0.5625 0.597682 0 0.302052 0.099956
0 0.160404 0.813267 0.0283705 0.0268868 0.098992
0 0.543018 0.719415 0.0211647 0.0312432 0.0963896
0 0.0595541 0.809694 0.0513298 0.072782 0.0951455
0 0.525982 0.721355 0.0300107 0.0374457 0.0944949
0 0.5625 0.517937 0 0.334936 0.0904505
0 0.889285 0.660279 0.0230457 0.0733794 0.0893758
0 0.400016 0.743615 0.0260195 0.0404973 0.0890506
0 0.638699 0.671088 0.0628631 0.0383197 0.0889928
0 0.0978437 0.815956 0.103503 0.0583503 0.0884797
0 0.162417 0.809469 0.0489806 0.0405294 0.08847
0 0.152519 0.801805 0.0625779 0.059718 0.087956
0 0.631361 0.653159 0.0460036 0.0321663 0.0878699
0 0.697453 0.678092 0.0215753 0.035118 0.087748
0 0.552915 0.713713 0.0309119 0.0335578 0.0874094
0 0.638267 0.680308 0.0711493 0.0481489 0.0872425
0 0.471041 0.716367 0.0454674 0.061343 0.0849142
0 0.861587 0.613581 0.0354086 0.0335265 0.0839943
0 0.735356 0.676246 0.0148366 0.0324467 0.08372
0 0.585754 0.69659 0.0171585 0.0278329 0.0835188
0 0.575659 0.715949 0.0190576 0.0313244 0.081769
0 0.806286 0.673971 0.018494 0.0343796 0.081219
0 0.809271 0.680068 0.0179672 0.0389642 0.0809597
0 0.409733 0.73494 0.0175247 0.0233751 0.0804477
0 0.421749 0.74829 0.025652 0.0384627 0.080422
0 0.797918 0.678684 0.0413439 0.0672479 0.0797467
0 0.698738 0.686852 0.0167246 0.0313697 0.0797152
0 0.0769783 0.806802 0.0799967 0.0771964 0.0791971
0 0.4815 0.732271 0.022865 0.0291948 0.0786199
0 0.549441 0.720642 0.0197907 0.0306781 0.077928
0 0.590398 0.693836 0.0157063 0.0239868 0.0766932
0 0.165557 0.794052 0.0685783 0.0739456 0.0766042
0 0.677779 0.687825 0.0250909 0.0387278 0.075353
0 0.398223 0.72726 0.0321215 0.0459071 0.0752398
0 0.858302 0.619615 0.0375658 0.0292548 0.0750567
0 0.666703 0.68094 0.0319323 0.0331579 0.0736562
0 0.443393 0.744261 0.0177979 0.0323842 0.0736559
0 0.678951 0.685659 0.0193075 0.0273776 0.0734929
0 0.374412 0.756898 0.0435287 0.0573469 0.0734888
0 0.893975 0.626844 0.0354336 0.133008 0.0732939
0 0.734617 0.697218 0.0223237 0.0717846 0.0724891
0 0.0667414 0.797562 0.0319755 0.0407937 0.0721341
0 0.532827 0.711423 0.0568615 0.0601144 0.0716972
0 0.540092 0.724065 0.0158112 0.0278117 0.0710949
0 0.178151 0.798365 0.0567751 0.0592873 0.0700813
0 0.736486 0.668209 0.0160505 0.0272265 0.0697106
0 0.0369648 0.844932 0.0724909 0.0662579 0.0695327
0 0.167396 0.811445 0.0240305 0.0263124 0.0687554
0 0.405603 0.740562 0.0175519 0.02563 0.0686725
0 0.728642 0.680906 0.0180472 0.0372492 0.0655419
0 0.865076 0.494646 0.0272163 0.0449452 0.0646762
0 0.822131 0.668142 0.0243484 0.064342 0.0644354
0 0.154962 0.81715 0.0285139 0.0255736 0.0638342
0 0.0477947 0.837971 0.0424016 0.0283544 0.0637157
0 0.899553 0.631962 0.0645813 0.220304 0.0636448
0 0.390942 0.728558 0.0440561 0.0573076 0.0630319
0 0.893613 0.562336 0.0919235 0.213993 0.0627038
0 0.146522 0.819661 0.0412023 0.0275706 0.0620035
0 0.745824 0.689219 0.0361447 0.0748482 0.061882
0 0.0932601 0.803875 0.0756389 0.066383 0.0617407
0 0.506317 0.725316 0.0320818 0.0416375 0.0616704
0 0.38586 0.736495 0.0361813 0.0460098 0.0616225
0 0.927147 0.589774 0.106942 0.0992219 0.0611675
0 0.621731 0.68982 0.0448976 0.0491006 0.061048
0 0.386835 0.757248 0.020172 0.0383891 0.0604311
0 0.419548 0.741874 0.0189048 0.0300052 0.0602144
0 0.728461 0.69115 0.0159042 0.0336099 0.0601043
0 0.441554 0.737841 0.0163345 0.022983 0.0599667
0 0.024172 0.828377 0.0468506 0.0651927 0.0596765
0 0.151994 0.785609 0.085921 0.0955439 0.0595442
0 0.184587 0.760895 0.0257726 0.033804 0.0593999
0 0.706704 0.680739 0.0357934 0.0590088 0.0589675
0 0.826156 0.678483 0.0274229 0.0663652 0.0587372
0 0.0727346 0.802859 0.0393868 0.0529478 0.0577253
0 0.246078 0.80314 0.022015 0.0244059 0.0573535
0 0.820584 0.683861 0.0183514 0.0435096 0.0572424
0 0.711103 0.688336 0.0152706 0.034767 0.0570691
0 0.507065 0.725091 0.0193833 0.030033 0.0570392
0 0.1117 0.830585 0.121677 0.0569706 0.0569122
0 0.0755903 0.82728 0.0880284 0.0518719 0.0566773
0 0.627679 0.696162 0.0157759 0.021288 0.0565334
0 0.887136 0.677714 0.0250196 0.0724284 0.0563999
0 0.448453 0.721466 0.0371204 0.0482203 0.0562999
0 0.145872 0.819364 0.0274043 0.0210858 0.0560398
0 0.106955 0.787767 0.156468 0.116701 0.0556931
0 0.0415899 0.780181 0.0822263 0.147983 0.0555803
0 0.0432698 0.739371 0.0872655 0.23356 0.0554869
0 0.271931 0.773246 0.0461164 0.0474469 0.0549023
0 0.78295 0.654313 0.0409898 0.0301466 0.0544918
0 0.320592 0.774666 0.0293882 0.0566298 0.0541823
0 0.895076 0.599233 0.0412678 0.098282 0.053918
0 0.397682 0.743173 0.0182304 0.0257992 0.0537695
0 0.628878 0.687559 0.0839636 0.0658441 0.0533651
0 0.493123 0.718151 0.0224205 0.0299081 0.0532617
0 0.451536 0.73846 0.0153489 0.0319767 0.0531581
0 0.709259 0.694712 0.0249058 0.0414476 0.0525085
0 0.936683 0.551829 0.123436 0.231726 0.0519644
0 0.252711 0.799877 0.0298241 0.0311193 0.0507769
0 0.726883 0.668784 0.0166781 0.0248201 0.0507303
0 0.876984 0.594918 0.0755178 0.130934 0.0500522
0 0.809103 0.669383 0.0190996 0.0345286 0.0500058
0 0.517089 0.71903 0.0206287 0.0338671 0.0493687
0 0.416184 0.738245 0.019286 0.0256104 0.0485873
0 0.931007 0.339455 0.145391 0.664102 0.0485561
0 0.192019 0.761868 0.0423473 0.0439675 0.0477264
0 0.878548 0.676003 0.0227648 0.0588259 0.0466845
0 0.210906 0.78737 0.0817882 0.0732235 0.046397
0 0.696794 0.699056 0.0156138 0.0339676 0.046381
0 0.520996 0.719645 0.0182586 0.0260049 0.0461194
0 0.801725 0.665516 0.0182491 0.0285534 0.045693
0 0.221043 0.792451 0.0600901 0.0500419 0.0454929
0 0.696529 0.705784 0.0195276 0.0412789 0.0453535
0 0.923638 0.620035 0.102279 0.13439 0.0452992
0 0.487235 0.722035 0.0209283 0.0272497 0.0451577
0 0.474237 0.72514 0.0198544 0.0253038 0.0449436
0 0.19425 0.783054 0.0641889 0.0675557 0.0449339
0 0.388117 0.742589 0.0280687 0.0368086 0.04477
0 0.609205 0.68044 0.0283022 0.0421612 0.0443885
0 0.977487 0.708794 0.0474461 0.204065 0.044129
0 0.732197 0.70173 0.0135496 0.0502012 0.0440609
0 0.842232 0.47283 0.152082 0.288883 0.0438689
0 0.933028 0.6461 0.123501 0.0975956 0.0436373
0 0.746485 0.38844 0.0363095 0.101503 0.0433173
0 0.269553 0.78355 0.0484777 0.0474364 0.0432416
0 0.987698 0.613631 0.0246162 0.0962023 0.0429263
0 0.867691 0.591631 0.0549694 0.0980196 0.0428446
0 0.405129 0.746812 0.0171945 0.0265493 0.0417003
0 0.149845 0.966424 0.086371 0.0615053 0.0415491
0 0.920561 0.531151 0.0433956 0.145272 0.0413028
0 0.37117 0.734843 0.0673749 0.0750604 0.0412704
0 0.556547 0.719689 0.0192797 0.0288879 0.041199
0 0.732942 0.682205 0.0189205 0.0316664 0.0406763
0 0.894679 0.655147 0.032604 0.0913086 0.0403688
0 0.817955 0.393504 0.144826 0.218102 0.0397798
0 0.828983 0.666215 0.0412189 0.0729123 0.0397454
0 0.945053 0.668598 0.106733 0.137916 0.03967
0 0.689719 0.678679 0.0169736 0.0232421 0.0392078
0 0.758317 0.66119 0.0291636 0.0277313 0.038868
0 0.533402 0.727499 0.0155703 0.023377 0.0383782
0 0.709209 0.677545 0.0161578 0.0258344 0.0383222
0 0.886009 0.687371 0.0124962 0.0362978 0.0383145
0 0.328566 0.770042 0.0382246 0.059068 0.0365313
0 0.436365 0.74822 0.0250177 0.0316294 0.0356179
0 0.0914603 0.748094 0.182068 0.223871 0.0353159
0 0.536387 0.731408 0.0252341 0.035682 0.0351404
0 0.631215 0.656904 0.0343236 0.0254304 0.035079
0 0.100012 0.838235 0.141397 0.0846219 0.0349096
0 0.122617 0.754676 0.151142 0.173464 0.0348821
0 0.684367 0.683248 0.0142142 0.0222062 0.0343677
0 0.739689 0.699207 0.0162587 0.0272568 0.0340571
0 0.956367 0.69398 0.0828018 0.322731 0.0339744
0 0.337168 0.776783 0.0534363 0.0751677 0.0339691
0 0.219498 0.773476 0.0715802 0.0667613 0.0337651
0 0.881582 0.58577 0.057432 0.096768 0.0337407
0 0.721878 0.712296 0.0283858 0.0520428 0.0331559
0 0.678438 0.677129 0.0169602 0.0219919 0.0330512
0 0.858148 0.588806 0.0522434 0.080956 0.0327814
0 0.846354 0.596693 0.0904493 0.110681 0.032673
0 0.429749 0.743692 0.0234536 0.024812 0.0326247
0 0.891768 0.524238 0.0557987 0.120247 0.0324819
0 0.672823 0.95671 0.0883963 0.0913832 0.0324686
0 0.646957 0.697329 0.0906501 0.0899395 0.0324664
0 0.882669 0.686584 0.0157902 0.0388245 0.032284
0 0.0920193 0.788197 0.0916141 0.0912426 0.031971
0 0.719274 0.672095 0.0158826 0.0240545 0.0315734
0 0.316525 0.782247 0.016011 0.0383352 0.0314221
0 0.0612722 0.778176 0.0501586 0.0819684 0.0310357
0 0.694699 0.678714 0.0178049 0.0240625 0.030905
0 0.622343 0.652172 0.0598412 0.0555772 0.0308115
0 0.748815 0.366108 0.0272816 0.056094 0.0303645
0 0.627369 0.733098 0.0897668 0.147551 0.0301952
0 0.816604 0.668792 0.0252665 0.0421825 0.0300836
0 0.0130344 0.843712 0.0253968 0.0662937 0.0300513
0 0.959971 0.707196 0.078801 0.202416 0.030022
0 0.0382927 0.872063 0.0796061 0.140424 0.0300165
0 0.986619 0.639375 0.0274965 0.0838128 0.0297677
0 0.775214 0.654816 0.0246992 0.0210128 0.0293857
0 0.233361 0.781775 0.0771718 0.0652878 0.0292171
0 0.589078 0.678377 0.0142566 0.0219076 0.0291233
0 0.0825436 0.894059 0.154671 0.20468 0.0291137
0 0.893697 0.511365 0.037701 0.083842 0.028661
0 0.616515 0.698368 0.0674983 0.0727239 0.0285731
0 0.207894 0.771597 0.0952008 0.0956311 0.0285358
0 0.924655 0.516471 0.0301649 0.112938 0.028253
0 0.228962 0.763786 0.119392 0.107417 0.0280236
0 0.0789047 0.782072 0.0586075 0.0856791 0.0279442
0 0.668059 0.861779 0.0813828 0.129671 0.0279262
0 0.916149 0.656276 0.0763464 0.107705 0.0274622
0 0.0687 0.777098 0.025277 0.0474347 0.0274454
0 0.136968 0.763937 0.0961893 0.0998471 0.0274058
0 0.58862 0.728065 0.0134591 0.0383833 0.0271766
0 0.935937 0.550514 0.0735468 0.161977 0.0271592
0 0.61032 0.661215 0.0439919 0.0483095 0.027052
0 0.283896 0.509623 0.0203955 0.0323881 0.0269439
0 0.1778 0.752198 0.0560793 0.0640342 0.0266594
0 0.167373 0.960885 0.0817166 0.0767092 0.0266564
0 0.0511337 0.892425 0.093194 0.181278 0.026538
0 0.72026 0.698678 0.01946 0.035732 0.0265104
0 0.0240568 0.803773 0.043563 0.108488 0.0264342
0 0.792416 0.652885 0.0181879 0.0189082 0.0263322
0 0.166554 0.819066 0.0228619 0.0274726 0.0263109
0 0.0314428 0.963557 0.0637414 0.0704519 0.0260452
0 0.66581 0.667121 0.0189589 0.0218765 0.0260443
0 0.880168 0.482021 0.0541142 0.0978247 0.02594
0 0.615503 0.961782 0.101752 0.0982803 0.0256968
0 0.753183 0.664185 0.0189431 0.0291087 0.0256922
0 0.699561 0.729486 0.0178819 0.0293203 0.0256012
0 0.422746 0.96233 0.108523 0.0928613 0.0255482
0 0.0819608 0.857501 0.109096 0.102496 0.0254883
0 0.441135 0.719669 0.0211864 0.0232383 0.0252275
0 0.113934 0.748278 0.0682285 0.067609 0.0252268
0 0.167775 0.763752 0.0755475 0.0832196 0.0249634
0 0.946576 0.495731 0.116084 0.363364 0.024962
0 0.964949 0.942959 0.0670221 0.0941791 0.0249512
0 0.811186 0.577235 0.0572868 0.0692462 0.0249083
0 0.985158 0.583044 0.0301954 0.151314 0.0248717
0 0.961202 0.578575 0.0770109 0.164575 0.0247912
0 0.581377 0.961702 0.0714746 0.0745214 0.0247686
0 0.376371 0.965554 0.106198 0.0881014 0.0246611
0 0.985148 0.660027 0.0306547 0.0827494 0.0244166
0 0.804828 0.568031 0.0427849 0.0509349 0.0243956
0 0.0569417 0.842167 0.0267698 0.0277964 0.0242997
0 0.606823 0.729251 0.0561332 0.126396 0.0242619
0 0.358035 0.730166 0.0724069 0.0638858 0.0242508
0 0.666965 0.715993 0.052679 0.0953373 0.0241286
0 0.97205 0.596573 0.0544786 0.127216 0.0237089
0 0.121804 0.832978 0.0538695 0.0408449 0.0236618
0 0.233494 0.800276 0.0345103 0.0342801 0.023536
0 0.884001 0.698837 0.0133926 0.0299854 0.0235278
0 0.859217 0.490664 0.0345665 0.0426031 0.0234952
0 0.583484 0.21108 0.0331432 0.051597 0.0234206
0 0.569696 0.695963 0.0284214 0.0377427 0.023408
0 0.884262 0.544783 0.0446568 0.0766898 0.023338
0 0.75171 0.357077 0.0242648 0.0404374 0.0232
0 0.661862 0.67156 0.0177447 0.0229956 0.0231727
0 0.24726 0.762064 0.0755714 0.0744503 0.0231386
0 0.587589 0.739023 0.0168841 0.0614304 0.023024
0 0.84902 0.619575 0.0699207 0.124089 0.0229516
0 0.376332 0.776127 0.0565146 0.0810827 0.0228268
0 0.243683 0.809375 0.0191763 0.0242859 0.0227267
0 0.950228 0.794633 0.10074 0.315135 0.0226509
0 0.0736317 0.770936 0.0327971 0.0600213 0.0226014
0 0.777616 0.672535 0.0751833 0.0845054 0.0225501
0 0.0711507 0.838195 0.0719172 0.0614107 0.0223761
0 0.31225 0.758443 0.0327825 0.0474637 0.0222076
0 0.272184 0.750525 0.0384336 0.04556 0.0221638
0 0.431573 0.725953 0.0316589 0.0427651 0.022144
0 0.474407 0.965098 0.0808084 0.0770472 0.0220312
0 0.82295 0.606787 0.0865965 0.129354 0.0219478
0 0.481388 0.680539 0.062373 0.0933801 0.021776
0 0.0117559 1.00496 0.0209419 0.0258048 0.0217267
0 0.00790263 0.98446 0.0162608 0.02728 0.0217207
0 0.539389 0.695909 0.0302015 0.0448917 0.0217102
0 0.285865 0.758033 0.0705148 0.0749301 0.0216556
0 0.905204 0.7033 0.0358219 0.0993746 0.0216244
0 0.856973 0.498556 0.0445854 0.0652613 0.0214784
