0 0.223742 0.282932 0.0461975 0.0510259 0.436269
0 0.174731 0.289936 0.0528325 0.0563175 0.387039
0 0.130592 0.28553 0.0569075 0.0532194 0.377022
0 0.309286 0.289157 0.028932 0.0360946 0.297756
0 0.108515 0.280573 0.0276539 0.0435031 0.285846
0 0.5625 0.280822 0 0.0493352 0.28209
0 0.168648 0.2818 0.0360336 0.0441931 0.266017
0 0.335541 0.297947 0.0267081 0.0230209 0.254825
0 0.5625 0.28063 0 0.0449254 0.253178
0 0.313617 0.284005 0.0393462 0.0452396 0.252791
0 0.260818 0.28611 0.0335297 0.0403474 0.233809
0 0.246946 0.281413 0.0523417 0.0554078 0.217052
0 0.5625 0.281002 0 0.0500378 0.201375
0 0.366848 0.291311 0.0453862 0.0337849 0.201039
0 0.316189 0.294032 0.0368369 0.0301016 0.200089
0 0.215956 0.289527 0.0535092 0.0598838 0.184895
0 0.229305 0.282935 0.0662412 0.0675803 0.183414
0 0.5625 0.276846 0 0.0465475 0.180518
0 0.33932 0.300595 0.0251107 0.020438 0.173186
0 0.5625 0.26994 0 0.0288109 0.17026
0 0.328887 0.297172 0.017121 0.0191705 0.162401
0 0.311675 0.295726 0.0248869 0.0237732 0.159626
0 0.107367 0.273392 0.02396 0.0319572 0.146959
0 0.440538 0.301805 0.0213418 0.0177656 0.141959
0 0.562397 0.272888 0.000205898 0.0456955 0.132842
0 0.550327 0.282656 0.0243464 0.0596376 0.131091
0 0.5625 0.266085 0 0.0788466 0.124117
0 0.215886 0.275771 0.0671088 0.0788328 0.124085
0 0.548682 0.277111 0.0276365 0.0321473 0.123841
0 0.354093 0.2963 0.0459965 0.0306341 0.122725
0 0.26935 0.284559 0.0459346 0.0467197 0.122
0 0.307394 0.278972 0.0306169 0.0500163 0.121795
0 0.5625 0.270028 0 0.0653544 0.118899
0 0.321131 0.279192 0.0583004 0.0621753 0.116944
0 0.371795 0.285264 0.0556362 0.0471751 0.11474
0 0.331694 0.299586 0.0164279 0.019201 0.114521
0 0.311047 0.289561 0.0180022 0.0298378 0.114154
0 0.305898 0.27395 0.0250811 0.0310346 0.112941
0 0.5625 0.273774 0 0.0376544 0.111323
0 0.196629 0.277841 0.0925964 0.0845229 0.10904
0 0.336809 0.292791 0.0386081 0.033346 0.1073
0 0.342735 0.302011 0.0150935 0.0176892 0.105587
0 0.170036 0.285478 0.0259905 0.0321064 0.105174
0 0.307475 0.294495 0.0160448 0.0237235 0.103849
0 0.462567 0.287547 0.0292711 0.0391416 0.101914
0 0.258097 0.289061 0.0213655 0.0317456 0.100767
0 0.27799 0.286702 0.0671629 0.0554619 0.100365
0 0.548663 0.283651 0.027675 0.0512501 0.0976599
0 0.421098 0.293079 0.0537038 0.0343355 0.095463
0 0.450071 0.290522 0.0385871 0.0366881 0.0947217
0 0.170959 0.275198 0.0263716 0.027321 0.0939944
0 0.364863 0.295463 0.0310302 0.0251575 0.0902246
0 0.441891 0.304307 0.0168247 0.0151107 0.0882236
0 0.344218 0.296071 0.0248144 0.0207237 0.0879122
0 0.690926 0.276948 0.0459116 0.0416885 0.0873624
0 0.0525768 0.197856 0.105821 0.225044 0.0862359
0 0.668689 0.27455 0.0159816 0.0250234 0.0844379
0 0.441616 0.307935 0.0137662 0.01489 0.0843736
0 0.635031 0.25894 0.0865008 0.0875346 0.0835536
0 0.680079 0.275413 0.0416386 0.0391745 0.0830174
0 0.341323 0.304216 0.0205427 0.0180211 0.0812996
0 0.0929986 0.282277 0.0600094 0.0537264 0.0812879
0 0.25611 0.276384 0.0462481 0.0626166 0.0811353
0 0.421857 0.286039 0.0693544 0.0509025 0.0806414
0 0.320767 0.328274 0.0174542 0.0230149 0.0804019
0 0.220428 0.295606 0.0683853 0.085268 0.0788142
0 0.171289 0.269147 0.043344 0.0603413 0.0786756
0 0.447027 0.303719 0.0153876 0.0159981 0.078529
0 0.160916 0.291345 0.0214299 0.0289184 0.0772298
0 0.701096 0.276905 0.0392118 0.0401169 0.0768269
0 0.557376 0.27483 0.0240307 0.0264276 0.073456
0 0.234652 0.2853 0.0255037 0.0326028 0.0732108
0 0.355157 0.29781 0.0226964 0.0218396 0.0723362
0 0.169537 0.294938 0.0389739 0.0441365 0.0716414
0 0.114467 0.283452 0.021921 0.03744 0.0705404
0 0.557655 0.275938 0.0178722 0.0204473 0.0702575
0 0.128601 0.272631 0.0740216 0.0785638 0.0701868
0 0.709622 0.277523 0.026889 0.0354999 0.0693372
0 0.222723 0.288861 0.0255702 0.0312826 0.0688579
0 0.435191 0.296915 0.0171687 0.016183 0.068817
0 0.365583 0.280617 0.0853909 0.0627513 0.0687882
0 0.589443 0.280584 0.0208052 0.0286086 0.0669841
0 0.200914 0.29146 0.0194215 0.0278931 0.0662627
0 0.575524 0.27448 0.0200932 0.0243223 0.065685
0 0.183683 0.291275 0.0232767 0.0312961 0.0649228
0 0.657193 0.264232 0.0311894 0.0427413 0.0646333
0 0.621616 0.279684 0.0213368 0.0312806 0.0641992
0 0.434248 0.301272 0.0191254 0.0181066 0.0631749
0 0.61224 0.273594 0.0202943 0.029579 0.0619886
0 0.546475 0.282557 0.0350469 0.0434538 0.0599412
0 0.250803 0.292689 0.0207654 0.0315097 0.0598745
0 0.84025 0.267797 0.0169596 0.0228638 0.0596167
0 0.817048 0.272237 0.0266888 0.0285431 0.059478
0 0.196745 0.294668 0.0197361 0.0295879 0.0592963
0 0.566865 0.272695 0.0284172 0.0278563 0.0590839
0 0.95958 0.134993 0.0332451 0.035888 0.0587279
0 0.512542 0.285326 0.0371243 0.0417792 0.0582671
0 0.435294 0.304593 0.0156124 0.015648 0.0574665
0 0.118794 0.278792 0.0236796 0.0301602 0.0573956
0 0.396103 0.284815 0.033857 0.0446338 0.0562866
0 0.474279 0.28693 0.0349244 0.0438782 0.055918
0 0.684977 0.25808 0.0507235 0.0786172 0.0546792
0 0.0166512 0.271357 0.0318946 0.0592969 0.0541706
0 0.852164 0.261002 0.041551 0.0384738 0.0531357
0 0.526186 0.283959 0.0653491 0.0508505 0.0529998
0 0.00683371 0.277936 0.0149212 0.0493562 0.0523094
0 0.380413 0.297481 0.0208223 0.0234926 0.0515984
0 0.46491 0.293536 0.0187533 0.0282747 0.0515845
0 0.742426 0.0895065 0.0546517 0.0821077 0.0514449
0 0.393639 0.29194 0.0297843 0.0290549 0.0513578
0 0.308268 0.281991 0.0191521 0.0259182 0.0509322
0 0.667134 0.252412 0.0379904 0.069889 0.0507082
0 0.24615 0.289812 0.0286757 0.039524 0.0506271
0 0.39715 0.290711 0.0191944 0.0267596 0.0504297
0 0.446703 0.310609 0.0152479 0.0174628 0.0493072
0 0.360777 0.304264 0.016268 0.0194542 0.049125
0 0.488875 0.29082 0.0270907 0.0347822 0.0489576
0 0.340064 0.28312 0.0290609 0.0363459 0.0489553
0 0.273728 0.286726 0.0217563 0.0260632 0.0487109
0 0.149263 0.278238 0.0811956 0.0787488 0.0472095
0 0.563524 0.266404 0.0194741 0.0258574 0.0469083
0 0.651706 0.270473 0.0208031 0.0275259 0.0465181
0 0.753287 0.258214 0.0985177 0.0877191 0.0464886
0 0.393116 0.298172 0.0174884 0.0221015 0.0464002
0 0.0780883 0.274816 0.059857 0.0678276 0.0458055
0 0.961306 0.143003 0.0399143 0.0555158 0.0457839
0 0.640065 0.282929 0.0193305 0.0321793 0.0456642
0 0.389903 0.28087 0.131943 0.0697646 0.0452856
0 0.4982 0.2985 0.0120006 0.0198456 0.0451843
0 0.255251 0.275353 0.0248108 0.0372807 0.0451476
0 0.702872 0.281127 0.0202955 0.0296184 0.0449015
0 0.31788 0.261755 0.0603319 0.0939625 0.0448153
0 0.0684803 0.137145 0.0728403 0.0653829 0.0447257
0 0.238186 0.272371 0.0482422 0.0590834 0.0439946
0 0.347906 0.304426 0.0151526 0.016251 0.0430768
0 0.633614 0.284908 0.026749 0.0368432 0.0430613
0 0.403404 0.299478 0.0211646 0.0223701 0.042652
0 0.716912 0.273098 0.0588839 0.0613485 0.0425696
0 0.423293 0.295163 0.0185007 0.0193079 0.042063
0 0.195922 0.302798 0.0182493 0.0315569 0.0420204
0 0.967768 0.161286 0.062945 0.109561 0.0418386
0 0.177273 0.293457 0.0226271 0.0276892 0.0417753
0 0.228657 0.291342 0.0238958 0.0318631 0.041553
0 0.0544835 0.247737 0.10601 0.133166 0.0412924
0 0.48982 0.29288 0.0204884 0.0266313 0.0412541
0 0.00386064 0.286265 0.00845089 0.0478609 0.0411565
0 0.660123 0.276812 0.0172123 0.0254334 0.0407252
0 0.372738 0.297711 0.0174657 0.0183342 0.0406953
0 0.326902 0.302585 0.0171469 0.0176062 0.0405809
0 0.480421 0.279693 0.0470156 0.0550944 0.0403844
0 0.552949 0.283365 0.0203032 0.0270183 0.0403676
0 0.614924 0.285629 0.0220036 0.0381596 0.0400129
0 0.362933 0.311011 0.02357 0.0258515 0.0399202
0 0.896352 0.441294 0.0847301 0.214732 0.0399145
0 0.440986 0.295352 0.0191079 0.0194407 0.0397772
0 0.547379 0.284853 0.0198009 0.0329739 0.0393361
0 0.653192 0.285419 0.0183007 0.0288857 0.0390084
0 0.928051 0.47225 0.14089 0.175096 0.0388797
0 0.969136 0.129605 0.0605152 0.0798237 0.0380634
0 0.707414 0.265424 0.0429348 0.0641805 0.0368269
0 0.83673 0.255866 0.0483335 0.0557807 0.0365711
0 0.269852 0.297748 0.02208 0.0291687 0.036479
0 0.263655 0.265285 0.044661 0.0741097 0.036229
0 0.69641 0.254914 0.0609191 0.088851 0.0359545
0 0.124951 0.238452 0.051728 0.0974268 0.0357896
0 0.744184 0.247995 0.129922 0.116933 0.0357189
0 0.45189 0.280299 0.0417248 0.0533607 0.0356317
0 0.435315 0.42639 0.081078 0.0720022 0.0355413
0 0.298107 0.276068 0.0236954 0.0319199 0.0353851
0 0.0269497 0.0442729 0.0561541 0.123825 0.0353561
0 0.501023 0.24051 0.0495972 0.104323 0.0351232
0 0.0112764 0.276829 0.0218592 0.0560518 0.0349468
0 0.53942 0.185983 0.0218493 0.041648 0.0347449
0 0.862452 0.258294 0.0461966 0.0477853 0.0345821
0 0.706888 0.284483 0.0287327 0.0385423 0.0342411
0 0.507263 0.190764 0.0218479 0.027785 0.0341535
0 0.829993 0.273656 0.0314747 0.0310547 0.0339391
0 0.132778 0.277431 0.0365915 0.0487166 0.0338001
0 0.479836 0.290593 0.0265254 0.0307666 0.0337445
0 0.148532 0.286016 0.0272169 0.0357522 0.0335177
0 0.820064 0.265375 0.0267204 0.0344304 0.0334575
0 0.556275 0.262616 0.0250523 0.0415959 0.0330449
0 0.290982 0.290183 0.0219184 0.0282339 0.0330381
0 0.0267725 0.270757 0.0522314 0.0654449 0.032927
0 0.368221 0.307512 0.0229782 0.0183092 0.0323799
0 0.862794 0.273518 0.0172207 0.0268173 0.0320096
0 0.826342 0.238416 0.0439569 0.0526562 0.0313803
0 0.671422 0.290959 0.0198271 0.0314785 0.0310299
0 0.481804 0.298767 0.0193872 0.0244072 0.0309686
0 0.761473 0.274947 0.0817753 0.0720464 0.0308871
0 0.386917 0.309042 0.0130964 0.0159339 0.0308253
0 0.788707 0.269667 0.0374491 0.0481882 0.0308026
0 0.858585 0.271167 0.0162722 0.0229765 0.0307811
0 0.738215 0.280698 0.0335382 0.0434789 0.030687
0 0.448134 0.291686 0.019707 0.025822 0.0305171
0 0.724315 0.26393 0.0567331 0.0672576 0.0304121
0 0.108477 0.291349 0.0236593 0.0362514 0.0303027
0 0.474365 0.28215 0.0220457 0.0422666 0.0303016
0 0.391694 0.310659 0.015221 0.0171341 0.0302064
0 0.751034 0.379872 0.043189 0.0416705 0.0301194
0 0.734235 0.271608 0.0395482 0.0522503 0.0301127
0 0.888294 0.503665 0.057999 0.104291 0.0299476
0 0.334369 0.447923 0.0345341 0.040975 0.0296161
0 0.187081 0.301633 0.0228472 0.0336244 0.0295932
0 0.134261 0.265944 0.0250572 0.031177 0.0295015
0 0.465177 0.966035 0.0258549 0.0436115 0.0287497
0 0.0337718 0.229867 0.0686061 0.176744 0.0287176
0 0.774922 0.259174 0.0637894 0.0742452 0.0286452
0 0.344339 0.263618 0.0680563 0.0768924 0.0286391
0 0.892756 0.252595 0.0265684 0.0443457 0.0285703
0 0.543172 0.260255 0.0212173 0.0453713 0.028498
0 0.433662 0.322925 0.0211535 0.0245594 0.0284465
0 0.785731 0.253333 0.0482841 0.079901 0.0280306
0 0.372568 0.27517 0.0259533 0.0309209 0.0279407
0 0.506632 0.182952 0.0249174 0.0305273 0.0278983
0 0.0419867 0.279338 0.0781455 0.0984545 0.0278243
0 0.72011 0.0989055 0.0654297 0.0933212 0.02721
0 0.362375 0.272196 0.0341039 0.0380082 0.0270981
0 0.96448 0.184006 0.0481504 0.0574958 0.0268725
0 0.065067 0.170306 0.0820893 0.149125 0.0268061
0 0.813483 0.27594 0.0225582 0.0269368 0.0266142
0 0.72594 0.277421 0.0419361 0.0455184 0.0265366
0 0.433709 0.315075 0.0168425 0.0167654 0.0264666
0 0.844319 0.245615 0.069203 0.0713528 0.0264591
0 0.496381 0.29992 0.0160431 0.0253965 0.0262567
0 0.44291 0.250682 0.0543435 0.103439 0.026233
0 0.187055 0.267477 0.0231521 0.0290865 0.0258335
0 0.273946 0.176457 0.0332808 0.0386205 0.0253179
0 0.378072 0.270353 0.0266557 0.0348786 0.0246581
0 0.580642 0.235669 0.0944058 0.115253 0.024482
0 0.73664 0.315449 0.0353708 0.059368 0.0243529
0 0.0473477 0.0471893 0.085696 0.123327 0.024125
0 0.157511 0.267634 0.0461158 0.0666051 0.0241213
0 0.867131 0.226986 0.04025 0.0393113 0.0241126
0 0.466942 0.300224 0.0164136 0.0228239 0.0237446
0 0.473109 0.237675 0.0249058 0.0594939 0.0236201
0 0.749377 0.324849 0.0522506 0.0768114 0.0234693
0 0.596145 0.240538 0.0836363 0.0941527 0.0234637
0 0.26704 0.260174 0.0204711 0.0282226 0.0233646
0 0.403887 0.329791 0.0259583 0.0319781 0.0233386
0 0.479982 0.23529 0.0329288 0.063559 0.0232223
0 0.608974 0.251327 0.062587 0.0843973 0.023191
0 0.281251 0.433043 0.0578366 0.069889 0.0231655
0 0.512194 0.26493 0.059174 0.0917027 0.023105
0 0.543121 0.293199 0.0200481 0.0309673 0.0231005
0 0.719748 0.114324 0.0385646 0.0837415 0.0230954
0 0.988962 0.149349 0.0223375 0.0661731 0.0230849
0 0.018668 0.228003 0.0396735 0.1434 0.0229209
0 0.62386 0.241854 0.0500137 0.0627722 0.0228866
0 0.904702 0.506448 0.0879387 0.114394 0.0228683
0 0.459105 0.422388 0.043365 0.0376973 0.0228265
0 0.926579 0.361284 0.157445 0.381831 0.0225964
0 0.629575 0.175108 0.0347099 0.0407377 0.0224463
0 0.742434 0.10643 0.06891 0.10824 0.0221548
0 0.717224 0.147139 0.0261986 0.0455469 0.0218842
0 0.818505 0.280525 0.0355001 0.0378663 0.0218384
0 0.74791 0.350075 0.0557793 0.079503 0.0217454
0 0.464292 0.32373 0.0189201 0.0283691 0.0215602
0 0.757675 0.546089 0.0221789 0.0325325 0.0215083
0 0.969015 0.377346 0.0516684 0.0864362 0.0214371
0 0.593952 0.34733 0.0282014 0.039321 0.0214016
0 0.820183 0.254459 0.0426662 0.0576958 0.0213901
0 0.994629 0.352129 0.0113214 0.106042 0.0212497
0 0.273126 0.199242 0.0458368 0.0654765 0.0209091
0 0.0951452 0.285907 0.0247013 0.0302957 0.0208311
0 0.0714345 0.219554 0.0743063 0.170986 0.0207344
0 0.386772 0.272101 0.0222764 0.0298288 0.0206614
0 0.717026 0.247223 0.0778694 0.101628 0.0206242
0 0.622287 0.177036 0.0432281 0.0522113 0.0206168
0 0.273458 0.313764 0.046952 0.0605429 0.0204104
0 0.336368 0.467183 0.0473069 0.0619687 0.0203417
0 0.264153 0.434891 0.0446888 0.0527803 0.0202214
0 0.317356 0.306345 0.018012 0.0195959 0.0201978
0 0.58561 0.176263 0.0339919 0.0409648 0.0201592
0 0.554541 0.203336 0.0402582 0.0545818 0.0201195
0 0.531049 0.296657 0.0219331 0.0302601 0.0201034
0 0.741474 0.299173 0.0377917 0.0530146 0.0199923
0 0.44874 0.421614 0.063063 0.0432971 0.0198333
0 0.00546453 0.301728 0.0128174 0.059496 0.019825
0 0.747614 0.364796 0.0501263 0.0647513 0.0197861
0 0.173127 0.300575 0.0304938 0.0347355 0.0195656
0 0.650522 0.234329 0.0787271 0.0831927 0.0195265
0 0.888536 0.258249 0.045174 0.0602264 0.0194376
0 0.532253 0.274663 0.0513246 0.0611515 0.0193257
0 0.635875 0.175372 0.0415245 0.05199 0.0193028
0 0.262494 0.209397 0.0471315 0.0769462 0.019273
0 0.149968 0.2386 0.0776919 0.111799 0.0192385
0 0.708748 0.113365 0.105816 0.125227 0.0191532
0 0.76897 0.328855 0.0742668 0.107796 0.0191035
0 0.410398 0.31576 0.0189754 0.0180505 0.0190765
0 0.715728 0.159467 0.0264717 0.0494364 0.0190648
0 0.697369 0.284495 0.0260634 0.036212 0.0190415
0 0.42167 0.252167 0.0752857 0.10412 0.018965
0 0.883074 0.518332 0.0446369 0.0653505 0.0189438
0 0.7593 0.148475 0.0560524 0.0577437 0.0189148
0 0.94732 0.146941 0.0843122 0.102225 0.0188006
0 0.551945 0.21397 0.027809 0.049875 0.0186806
0 0.26515 0.173126 0.0366478 0.0411393 0.0186501
0 0.355492 0.367877 0.0345738 0.0449521 0.0185403
0 0.00908324 0.790955 0.0179506 0.131995 0.018489
