0 0.374769 0.87492 0.173854 0.248561 0.885552
0 0.265885 0.859845 0.043445 0.0591853 0.32284
0 0.26676 0.854012 0.0521276 0.0892203 0.243761
0 0.305504 0.805924 0.0343707 0.0713994 0.208109
0 0.281596 0.84852 0.0345645 0.071209 0.197761
0 0.225371 0.866407 0.0816832 0.0945238 0.174088
0 0.21057 0.862659 0.0500155 0.0537764 0.169384
0 0.5625 0.977877 0 0.0442453 0.162834
0 0.256281 0.863309 0.0567083 0.0802238 0.158424
0 0.232852 0.846365 0.0993077 0.155673 0.158054
0 0.216475 0.87178 0.0638386 0.0724816 0.153936
0 0.179546 0.859097 0.141277 0.255332 0.143289
0 0.298895 0.831685 0.0337618 0.0831633 0.138929
0 0.217158 0.84699 0.0649457 0.101358 0.137969
0 0.129964 0.834275 0.259928 0.331451 0.11547
0 0.274544 0.840427 0.062378 0.127962 0.113517
0 0.299997 0.839244 0.0429579 0.110014 0.107885
0 0.256894 0.844821 0.0696166 0.113882 0.102654
0 0.512371 0.787835 0.0301101 0.0315336 0.0924413
0 0.503613 0.817229 0.0492018 0.0818205 0.0905866
0 0.208552 0.954772 0.0472459 0.0494351 0.0850051
0 0.194094 0.900787 0.0865575 0.152823 0.0846413
0 0.505177 0.800444 0.0497875 0.0564699 0.0830024
0 0.220526 0.889534 0.141316 0.215506 0.0827256
0 0.0721652 0.847628 0.14433 0.298951 0.080423
0 0.188135 0.845919 0.0984294 0.119294 0.0783092
0 0.53586 0.944411 0.0532793 0.111109 0.0773444
0 0.296361 0.818839 0.0607325 0.103974 0.0758965
0 0.493598 0.826321 0.0589507 0.0770935 0.0752693
0 0.514963 0.76976 0.0401535 0.0640693 0.0730436
0 0.199417 0.873068 0.0720851 0.0838159 0.0729481
0 0.210187 0.944196 0.0442437 0.044144 0.0709753
0 0.207047 0.917295 0.0552688 0.0893185 0.0701233
0 0.507193 0.787123 0.0445722 0.0371251 0.0697955
0 0.202435 0.952159 0.0642611 0.0792197 0.069235
0 0.137488 0.694455 0.272757 0.61109 0.0674507
0 0.5625 0.944245 0 0.104153 0.0669373
0 0.5625 0.979516 0 0.0359075 0.0662111
0 0.219402 0.822099 0.0775981 0.141514 0.065449
0 0.289472 0.842565 0.0295916 0.0729804 0.0631238
0 0.245174 0.82358 0.0681693 0.131669 0.0629293
0 0.030679 0.937532 0.0592982 0.108646 0.0628758
0 0.444416 0.799537 0.0192016 0.044377 0.0621086
0 0.310545 0.795706 0.0216751 0.0389511 0.0589204
0 0.224259 0.923505 0.107982 0.134849 0.0584863
0 0.192503 0.940249 0.0861399 0.104039 0.0583606
0 0.5625 0.957333 0 0.0853348 0.0562903
0 0.514478 0.788325 0.0410701 0.057461 0.0562901
0 0.175553 0.918929 0.126231 0.150591 0.0554031
0 0.177734 0.866807 0.067917 0.0665775 0.0551884
0 0.512759 0.760714 0.0499022 0.0898639 0.0537201
0 0.0603689 0.897913 0.120464 0.202074 0.0530848
0 0.898799 0.924346 0.0218481 0.0437007 0.0527403
0 0.277916 0.857927 0.02054 0.0479492 0.0527194
0 0.143925 0.911764 0.0765688 0.163784 0.051859
0 0.981354 0.923184 0.0368324 0.12756 0.0515526
0 0.157951 0.864339 0.0337155 0.0456492 0.0515164
0 0.373431 0.957168 0.149732 0.0756297 0.0503894
0 0.59255 0.909681 0.260085 0.187979 0.0503365
0 0.967928 0.941642 0.05917 0.086931 0.0495996
0 0.547288 0.952349 0.137565 0.0951155 0.0490816
0 0.445251 0.81291 0.0214234 0.0457325 0.0489765
0 0.293701 0.826244 0.0261989 0.0525779 0.0488699
0 0.976442 0.906465 0.0475813 0.176954 0.0487475
0 0.491708 0.781705 0.078414 0.0828666 0.048578
0 0.642618 0.956373 0.154792 0.0898717 0.0482579
0 0.209904 0.835358 0.15039 0.206622 0.0478161
0 0.448251 0.804063 0.0247149 0.0576833 0.047733
0 0.926464 0.925232 0.0749369 0.0709763 0.0476462
0 0.159729 0.844669 0.0631446 0.0981349 0.047638
0 0.501464 0.757454 0.0748968 0.11359 0.0475244
0 0.874216 0.969406 0.186547 0.0668435 0.0471437
0 0.925346 0.991247 0.155458 0.0621426 0.0465044
0 0.515189 0.812954 0.058 0.103554 0.0464113
0 0.189518 0.814848 0.112412 0.154133 0.0454051
0 0.138172 0.983592 0.038281 0.0285383 0.0450999
0 0.276496 0.871762 0.0299142 0.0704819 0.044817
0 0.162936 0.887402 0.0435313 0.077124 0.0444628
0 0.314768 0.782466 0.0179623 0.0315993 0.0444067
0 0.98078 0.946014 0.0392538 0.0794444 0.0440241
0 0.353837 0.760725 0.0507936 0.0256811 0.0434993
0 0.95758 0.962017 0.0720675 0.0619441 0.0434673
0 0.378252 0.794526 0.123673 0.084697 0.0433078
0 0.306121 0.805367 0.0220259 0.0481038 0.0430027
0 0.947557 0.929248 0.0778786 0.105049 0.0429216
0 0.321676 0.806237 0.0598753 0.098651 0.0428233
0 0.810277 0.955489 0.213837 0.087157 0.0424305
0 0.0791507 0.961948 0.0743287 0.0758401 0.0422365
0 0.290964 0.852175 0.0167108 0.0476907 0.0421469
0 0.916686 0.924769 0.0536177 0.0497849 0.0418674
0 0.285262 0.829617 0.0432517 0.0808948 0.0413867
0 0.451039 0.825563 0.0276828 0.0635054 0.041353
0 0.103022 0.888145 0.18796 0.227552 0.0405452
0 0.481814 0.795364 0.08822 0.0984092 0.0403601
0 0.357178 0.805427 0.0966862 0.102189 0.0401061
0 0.352961 0.766914 0.0598706 0.0341139 0.0400232
0 0.537556 0.821481 0.0790484 0.111386 0.0399221
0 0.48202 0.921555 0.0277874 0.0459437 0.0397241
0 0.473382 0.929471 0.0288207 0.0486957 0.0394686
0 0.556582 0.826029 0.0497714 0.095254 0.0389075
0 0.316082 0.795262 0.0302091 0.0440501 0.0388836
0 0.520563 0.798231 0.0481291 0.0811003 0.0382826
0 0.0220374 0.976086 0.043324 0.0456521 0.0382628
0 0.0229645 0.962804 0.0434149 0.0657557 0.0381318
0 0.0385474 0.562344 0.0797382 0.261711 0.0380708
0 0.183365 0.92316 0.0639571 0.118263 0.0380399
0 0.328017 0.783086 0.031249 0.0325041 0.0377971
0 0.624283 0.591985 0.0190757 0.037385 0.0376959
0 0.129523 0.929608 0.069135 0.136952 0.0375677
0 0.702089 0.963238 0.0402405 0.0614351 0.0374148
0 0.242091 0.886648 0.05941 0.0954627 0.0373674
0 0.030236 0.917072 0.0586164 0.1807 0.0373024
0 0.350031 0.785543 0.0848908 0.0749383 0.0372218
0 0.152679 0.855589 0.0487499 0.0655791 0.0366169
0 0.971899 0.83442 0.0584282 0.297075 0.0362414
0 0.172154 0.956311 0.0237176 0.0413476 0.0360074
0 0.15055 0.894709 0.0656592 0.11743 0.0357814
0 0.494321 0.950146 0.114429 0.110155 0.0353586
0 0.0408725 0.934174 0.0809379 0.137096 0.0350587
0 0.467548 0.825354 0.0487267 0.0796207 0.0349697
0 0.110338 0.914114 0.116185 0.190519 0.0349396
0 0.373182 0.834825 0.051089 0.0865428 0.034875
0 0.318599 0.80108 0.0414963 0.062719 0.0344646
0 0.316217 0.774953 0.0170959 0.0261005 0.0343458
0 0.0396868 0.66925 0.081759 0.324838 0.034331
0 0.677281 0.699752 0.0179242 0.0385927 0.034102
0 0.315657 0.877213 0.0541775 0.186534 0.0340805
0 0.146742 0.979156 0.0539733 0.0367701 0.0336602
0 0.0862137 0.970439 0.0609299 0.055838 0.0327604
0 0.477448 0.951414 0.0399955 0.081779 0.0325153
0 0.310178 0.7742 0.0233362 0.0452935 0.0323355
0 0.447681 0.849254 0.0352727 0.112205 0.0322072
0 0.340828 0.775556 0.0315264 0.0253181 0.0321169
0 0.514243 0.973929 0.0624603 0.0490962 0.0319484
0 0.343555 0.824881 0.104205 0.147899 0.0314845
0 0.359167 0.744715 0.0481417 0.046317 0.0313099
0 0.145368 0.810224 0.206462 0.231624 0.031165
0 0.37964 0.845518 0.0348547 0.0621136 0.0310726
0 0.962495 0.911449 0.0646368 0.142451 0.0310262
0 0.55383 0.656445 0.0161873 0.0460711 0.0309594
0 0.150401 0.828297 0.0658576 0.110892 0.0308713
0 0.940834 0.907478 0.117008 0.16416 0.0308299
0 0.936064 0.866987 0.107252 0.194475 0.0308161
0 0.457506 0.835905 0.0345492 0.0690367 0.0305713
0 0.142471 0.96935 0.0519194 0.0537752 0.0302905
0 0.451826 0.844684 0.0319789 0.074058 0.0301656
0 0.0536989 0.535199 0.0558808 0.0825577 0.030149
0 0.130622 0.887897 0.0740543 0.143276 0.0293828
0 0.181085 0.9716 0.0375986 0.0484112 0.0292709
0 0.596078 0.849336 0.205174 0.232412 0.0291833
0 0.0255829 0.872884 0.0489418 0.117593 0.0290808
0 0.887344 0.970693 0.0985239 0.0446827 0.0290645
0 0.446412 0.825267 0.0198823 0.0447637 0.0290351
0 0.371008 0.764393 0.10436 0.0421897 0.0289721
0 0.392595 0.838481 0.0557611 0.0908139 0.0283634
0 0.402095 0.921155 0.0930098 0.142175 0.028323
0 0.474848 0.837301 0.0451001 0.0665612 0.0282459
0 0.979115 0.972783 0.0387524 0.0357337 0.0282411
0 0.103551 0.61445 0.197558 0.555834 0.0280111
0 0.398021 0.869774 0.0748337 0.103001 0.0278217
0 0.309169 0.771924 0.027986 0.0662091 0.0278173
0 0.413914 0.784414 0.0544923 0.0591816 0.0275567
0 0.555874 0.966297 0.0599354 0.0672962 0.0275009
0 0.861434 0.959742 0.0695099 0.0524777 0.0274873
0 0.0569606 0.776735 0.112118 0.223701 0.0274655
0 0.461004 0.986338 0.0237652 0.0232107 0.0272979
0 0.950146 0.910303 0.0392576 0.0963159 0.0270591
0 0.0426114 0.544689 0.082704 0.159676 0.0270421
0 0.960479 0.867214 0.0761025 0.223831 0.0268568
0 0.399852 0.753773 0.0402894 0.0301614 0.0267937
0 0.324944 0.835623 0.0733356 0.123283 0.0267128
0 0.544845 0.973473 0.0607847 0.0479087 0.0266356
0 0.925577 0.88887 0.0805353 0.140303 0.026538
0 0.407691 0.879781 0.107653 0.157123 0.0261476
0 0.801363 0.436382 0.14217 0.167207 0.0260872
0 0.0297442 0.854274 0.0598248 0.264362 0.026066
0 0.512724 0.729554 0.0674663 0.176862 0.0259848
0 0.160141 0.811273 0.0999766 0.140259 0.0258598
0 0.467893 0.909142 0.01917 0.0389769 0.0258208
0 0.441732 0.768184 0.0232764 0.0640503 0.0256328
0 0.52175 0.772582 0.0624987 0.099706 0.0255118
0 0.37756 0.873407 0.0277828 0.0517736 0.0253417
0 0.332596 0.895491 0.0864923 0.196436 0.0252234
0 0.677213 0.707802 0.0216976 0.0522154 0.025188
0 0.164075 0.976179 0.0353812 0.0390362 0.0251833
0 0.0408786 0.724239 0.0732149 0.106014 0.025139
0 0.0204415 0.725848 0.0354432 0.0646488 0.0250287
0 0.054572 0.730223 0.105125 0.153744 0.0249993
0 0.387142 0.750762 0.0588983 0.0627382 0.0249021
0 0.483048 0.895642 0.0435955 0.100634 0.0248331
0 0.439325 0.784478 0.0231926 0.0503874 0.0247967
0 0.0785862 0.918988 0.0870168 0.170606 0.0247598
0 0.400324 0.814263 0.0986902 0.116285 0.0247074
0 0.110937 0.879702 0.0899415 0.129387 0.024559
0 0.4955 0.916084 0.039237 0.0713074 0.0244989
0 0.289352 0.799753 0.0578828 0.0948522 0.024383
0 0.971176 0.720794 0.0554167 0.152773 0.0243535
0 0.0364465 0.956942 0.0749791 0.0902018 0.024328
0 0.56342 0.840706 0.0539234 0.122948 0.0242888
0 0.12072 0.953074 0.0829404 0.091066 0.0242028
0 0.258127 0.902953 0.123314 0.203177 0.0238983
0 0.405026 0.95383 0.0970454 0.0769752 0.0237752
0 0.017925 0.907016 0.0336213 0.156248 0.0237222
0 0.0266788 0.720178 0.0479931 0.0926929 0.0233499
0 0.449184 0.861352 0.0266493 0.0780082 0.0233152
0 0.553381 0.67137 0.0199224 0.0667391 0.0231964
0 0.134004 0.858698 0.0555168 0.0848399 0.023047
0 0.448186 0.835423 0.0205604 0.0548769 0.0227521
0 0.436879 0.989391 0.0306889 0.0268533 0.0227168
0 0.466528 0.933763 0.0231962 0.0530184 0.0226764
0 0.336922 0.7695 0.0425097 0.0613524 0.0226253
0 0.627826 0.964064 0.110988 0.0740402 0.0225933
0 0.279242 0.795981 0.0803339 0.14478 0.0225898
0 0.75687 0.960207 0.111895 0.0698296 0.0224369
0 0.458202 0.39247 0.0206915 0.0514893 0.0224165
0 0.411921 0.765263 0.0467792 0.0595913 0.0222351
0 0.0290052 0.843501 0.0541337 0.118483 0.0221479
0 0.46846 0.746891 0.038079 0.0729175 0.0220734
0 0.174068 0.985245 0.0231204 0.0268122 0.0220701
0 0.433589 0.936263 0.0506043 0.103924 0.021893
0 0.468628 0.894896 0.0287825 0.0760579 0.0218142
0 0.911247 0.898709 0.129458 0.127399 0.0216929
0 0.291286 0.90097 0.0703271 0.177627 0.0215654
0 0.42525 0.789146 0.0539047 0.0647926 0.0215213
0 0.494812 0.96336 0.0665643 0.0624919 0.0215208
0 0.0142042 0.640047 0.0272232 0.0676324 0.021463
0 0.96533 1.00252 0.0624226 0.0486269 0.0214589
0 0.901476 0.433734 0.0268225 0.0621277 0.0214236
0 0.0218283 0.780656 0.0384163 0.0537381 0.0214217
0 0.305366 0.727273 0.0416874 0.0925456 0.0213831
0 0.413886 0.86931 0.0698897 0.115615 0.0212576
0 0.482608 0.860431 0.0414836 0.0794652 0.0212383
0 0.0242169 0.799217 0.0427742 0.0678184 0.0211593
0 0.0451398 0.496284 0.0887918 0.206813 0.0211352
0 0.300124 0.749387 0.0513391 0.105245 0.0211052
0 0.230021 0.963833 0.0766733 0.0658347 0.0210615
0 0.048676 0.429614 0.0882687 0.198355 0.0210569
0 0.863318 0.982861 0.0489008 0.0256426 0.0208686
0 0.863161 0.996004 0.122006 0.0432965 0.0208151
0 0.258404 0.806023 0.0567746 0.103995 0.0208085
0 0.123039 0.803712 0.0687297 0.106723 0.0207969
0 0.354957 0.744301 0.0398658 0.0336158 0.0206398
0 0.0100452 0.994891 0.0204834 0.0335612 0.0206384
0 0.905222 0.451154 0.0298643 0.0681547 0.0205815
0 0.0478228 0.97276 0.065923 0.0474735 0.0205785
0 0.505192 0.84662 0.0518947 0.0760186 0.020566
0 0.0105555 0.70466 0.0260384 0.107322 0.0205321
0 0.14088 0.808533 0.073139 0.111684 0.0205053
0 0.639957 0.866658 0.0785327 0.0933696 0.0203506
0 0.437624 0.883448 0.0473385 0.151004 0.0203223
0 0.276292 0.806193 0.0500389 0.0895564 0.0202835
0 0.636415 0.908126 0.155651 0.138605 0.0202545
0 0.977801 0.746226 0.0438219 0.122548 0.0202163
0 0.8868 0.938423 0.122608 0.106988 0.0201441
0 0.979136 0.862537 0.0420126 0.204172 0.0201191
0 0.933178 0.831358 0.13358 0.322514 0.0200574
0 0.0180605 0.71823 0.0339608 0.108885 0.02
0 0.258493 0.881108 0.0403828 0.0715229 0.0199696
0 0.235715 0.805912 0.04974 0.10044 0.0199324
0 0.0232106 0.749889 0.0451917 0.111888 0.0199266
0 0.532055 0.997225 0.0315155 0.0265739 0.019897
0 0.124101 0.830165 0.0786103 0.116411 0.0198013
0 0.484151 0.720485 0.0339972 0.0731711 0.0197456
0 0.088977 0.880384 0.0699476 0.115568 0.0194991
0 0.986999 0.859842 0.0250719 0.150346 0.0194309
0 0.475321 0.877368 0.0326382 0.0748211 0.0194236
0 0.394088 0.741394 0.0376322 0.036529 0.0194137
0 0.464965 0.886363 0.0206463 0.0486416 0.0193824
0 0.948899 0.891573 0.0477377 0.127485 0.0193784
0 0.294952 0.745714 0.0724066 0.133216 0.0192307
0 0.943011 0.76892 0.0348824 0.065074 0.0191925
0 0.93139 1.00622 0.101534 0.0545113 0.0191574
0 0.0957196 0.734862 0.0479929 0.0590573 0.0191058
0 0.971006 0.757146 0.0645617 0.361585 0.0190534
0 0.945728 0.757456 0.0452759 0.083451 0.0190484
0 0.451686 0.86455 0.0194868 0.0578978 0.0190235
0 0.867753 0.941411 0.037595 0.0379946 0.0189821
0 0.570988 0.824983 0.0549594 0.100761 0.0189387
0 0.416145 0.80319 0.0744593 0.0906403 0.0188873
0 0.336316 0.749343 0.0255666 0.0398329 0.0188283
0 0.4066 0.113982 0.125119 0.183475 0.0187775
0 0.528798 0.98024 0.0256816 0.0279968 0.0187454
0 0.113294 0.856378 0.0747012 0.096344 0.0187038
0 0.56392 1.00183 0.0414802 0.0260257 0.0186416
0 0.763829 0.856535 0.0271638 0.0748795 0.0185871
0 0.579574 0.863179 0.0428832 0.079263 0.0185826
0 0.769789 0.372856 0.0400664 0.0655412 0.018536
0 0.515579 0.917895 0.0725628 0.101341 0.0185182
0 0.281849 0.120256 0.11646 0.173334 0.0184674
0 0.607795 0.822758 0.0512268 0.0758123 0.0184612
0 0.346639 0.74934 0.026604 0.0244688 0.0184079
0 0.282702 0.869437 0.0158187 0.0440803 0.0182768
0 0.675085 0.454173 0.0475047 0.07297 0.0182735
0 0.672782 0.4422 0.0361868 0.0576836 0.0182277
0 0.428297 0.826409 0.055365 0.0817707 0.0180523
0 0.910141 0.864457 0.10553 0.161072 0.0180176
0 0.231884 0.983541 0.0758143 0.0542604 0.0180059
0 0.434692 0.759795 0.0255723 0.0598607 0.0180031
0 0.539347 0.836704 0.0593385 0.0975393 0.0179338
0 0.556491 0.979721 0.0568994 0.0359275 0.0178592
