0 0.384285 0.821277 0.035743 0.0533898 0.856348
0 0.336115 0.81693 0.0391578 0.0441649 0.701961
0 0.259577 0.841214 0.0283033 0.0359912 0.298001
0 0.466056 0.825318 0.0214061 0.0303704 0.287484
0 0.492927 0.820509 0.0712022 0.0637517 0.250867
0 0.421728 0.824032 0.0284877 0.0301593 0.246875
0 0.426758 0.821525 0.0259265 0.0290787 0.243312
0 0.45219 0.824769 0.0440277 0.0430495 0.23753
0 0.23319 0.849695 0.0307256 0.0373696 0.23734
0 0.293142 0.810376 0.0269653 0.0399005 0.207726
0 0.284442 0.811332 0.0352302 0.047474 0.193351
0 0.469966 0.823386 0.029687 0.041244 0.188779
0 0.41321 0.824245 0.0204917 0.0285563 0.186489
0 0.511368 0.822913 0.0996836 0.0807536 0.181048
0 0.279947 0.822501 0.0471417 0.0552873 0.174633
0 0.539905 0.819544 0.0451906 0.123633 0.165588
0 0.432968 0.818423 0.0165693 0.0240477 0.159344
0 0.465563 0.82715 0.0162704 0.0231111 0.158806
0 0.221354 0.850727 0.0541722 0.0492477 0.151885
0 0.536644 0.825704 0.0517118 0.0667458 0.150368
0 0.423114 0.8218 0.0208735 0.0233715 0.149495
0 0.539171 0.828271 0.0466575 0.0862344 0.145805
0 0.428029 0.82206 0.0167826 0.022406 0.143514
0 0.330864 0.821075 0.0271073 0.0309848 0.143156
0 0.267263 0.835381 0.042067 0.0476447 0.141046
0 0.412299 0.817147 0.0238969 0.0411121 0.1402
0 0.243351 0.842159 0.0501874 0.0535188 0.13934
0 0.41689 0.824875 0.0167083 0.0222668 0.138254
0 0.242157 0.829615 0.0574438 0.0734741 0.128811
0 0.349999 0.818115 0.0161348 0.0292464 0.122247
0 0.335258 0.806451 0.0509845 0.0690287 0.118336
0 0.295428 0.795803 0.0381759 0.0721141 0.117418
0 0.359766 0.818617 0.0195708 0.037802 0.11393
0 0.301184 0.807907 0.0388175 0.058118 0.112496
0 0.455655 0.828742 0.0183209 0.0287279 0.108661
0 0.260149 0.824009 0.0523937 0.0773117 0.108461
0 0.445721 0.826033 0.0158634 0.0235001 0.106351
0 0.21468 0.845391 0.0685682 0.0732936 0.106205
0 0.555821 0.841692 0.0133585 0.0831124 0.103598
0 0.43945 0.821525 0.0192869 0.0279902 0.10348
0 0.264576 0.835178 0.024073 0.029021 0.102335
0 0.4103 0.82373 0.0140648 0.0229024 0.101458
0 0.285352 0.800205 0.0446048 0.0696687 0.0970257
0 0.530793 0.819728 0.0634132 0.102283 0.095017
0 0.0335654 0.859191 0.0671136 0.147165 0.0929447
0 0.268725 0.825471 0.0486937 0.0587336 0.0856441
0 0.0225845 0.827117 0.0450582 0.0668908 0.0843898
0 0.356012 0.817845 0.0143479 0.0270971 0.0841045
0 0.543669 0.808887 0.037662 0.159881 0.0833488
0 0.0149015 0.863429 0.029803 0.144368 0.0787485
0 0.60337 0.830223 0.100008 0.113685 0.0781094
0 0.233702 0.830725 0.0774885 0.0914268 0.0774763
0 0.256857 0.844252 0.0192753 0.0259901 0.0764433
0 0.346793 0.821742 0.0220865 0.03011 0.0762045
0 0.363079 0.820479 0.0146578 0.0281804 0.0757086
0 0.0137718 0.828368 0.0284153 0.0684633 0.0752865
0 0.64103 0.803857 0.213497 0.190322 0.0749562
0 0.416401 0.839612 0.0169012 0.023101 0.073945
0 0.404076 0.821912 0.0113615 0.0248079 0.0726982
0 0.346537 0.808748 0.031058 0.0548716 0.0717831
0 0.293062 0.819404 0.0237361 0.0318312 0.0713099
0 0.0399972 0.879314 0.0755347 0.0966205 0.0709798
0 0.36637 0.820255 0.0134988 0.0253913 0.0706249
0 0.267595 0.810028 0.0742414 0.0892932 0.0690435
0 0.324078 0.821043 0.0178858 0.0281652 0.068689
0 0.276129 0.792027 0.0678675 0.0884861 0.0680849
0 0.369605 0.8168 0.012907 0.0276572 0.0677617
0 0.554628 0.801263 0.169196 0.15348 0.0675778
0 0.042691 0.830529 0.0763072 0.102306 0.0656803
0 0.299053 0.819617 0.0200891 0.0292989 0.0656304
0 0.0113883 0.882654 0.0228976 0.136475 0.0644809
0 0.578504 0.780417 0.131848 0.199232 0.062443
0 0.50522 0.800433 0.0865331 0.111374 0.0622659
0 0.285931 0.830309 0.0225299 0.0291787 0.0611862
0 0.0449912 0.890057 0.0632308 0.06371 0.0601228
0 0.0423108 0.899067 0.0841297 0.185752 0.0595201
0 0.403114 0.828224 0.0157359 0.0245707 0.0589845
0 0.272375 0.833781 0.0310732 0.0357147 0.0589312
0 0.313345 0.818268 0.0188945 0.0289483 0.0585528
0 0.260855 0.79443 0.0954892 0.1111 0.0580478
0 0.027075 0.83688 0.0525062 0.149652 0.0575883
0 0.273433 0.839167 0.023574 0.0323044 0.0568224
0 0.699323 0.820546 0.182116 0.189287 0.0566553
0 0.554825 0.80016 0.0977056 0.129271 0.0554897
0 0.233365 0.853022 0.0217521 0.0294213 0.0546709
0 0.300646 0.80338 0.0209459 0.0319851 0.0542662
0 0.192701 0.840429 0.116237 0.11138 0.0540188
0 0.203219 0.85459 0.0491414 0.0523549 0.0537645
0 0.356993 0.808682 0.0157628 0.0241591 0.0535126
0 0.0187572 0.827112 0.0363643 0.0972039 0.0535108
0 0.555053 0.839768 0.128557 0.118194 0.0510527
0 0.0925453 0.843569 0.182588 0.164303 0.0509105
0 0.243593 0.814657 0.0809752 0.11022 0.0496103
0 0.0464538 0.834056 0.0917106 0.167517 0.0492782
0 0.2058 0.858278 0.0682458 0.0739075 0.0470459
0 0.05157 0.895605 0.0476878 0.0455804 0.0464003
0 0.465987 0.835678 0.017093 0.0246372 0.0459383
0 0.653507 0.0880962 0.0291945 0.0414295 0.0452516
0 0.919528 0.869226 0.157973 0.216962 0.0445469
0 0.611698 0.853463 0.0820661 0.0820097 0.0443715
0 0.313245 0.797992 0.0857438 0.0959501 0.0436943
0 0.684971 0.844133 0.135311 0.141926 0.0434379
0 0.123612 0.80678 0.248672 0.276236 0.0432603
0 0.610598 0.784111 0.0518092 0.0672277 0.0430229
0 0.635167 0.835268 0.114441 0.122677 0.043012
0 0.242922 0.82758 0.039385 0.0606267 0.0427159
0 0.658823 0.849936 0.119356 0.115122 0.0417137
0 0.132104 0.819536 0.225839 0.181526 0.0416317
0 0.483861 0.795415 0.0737373 0.108704 0.0405722
0 0.526622 0.7828 0.151755 0.171146 0.0403752
0 0.182878 0.821514 0.152068 0.146916 0.0402579
0 0.458164 0.848313 0.0219832 0.0305574 0.0401312
0 0.396106 0.816163 0.0250102 0.0416668 0.0397505
0 0.637582 0.852753 0.0849566 0.0892956 0.0391154
0 0.749466 0.820663 0.232025 0.23914 0.0385102
0 0.233575 0.798303 0.0886672 0.151885 0.0383351
0 0.917986 0.805212 0.161247 0.215865 0.0380375
0 0.352919 0.804887 0.0186078 0.0272424 0.0377529
0 0.185896 0.851655 0.0833621 0.079433 0.0373754
0 0.00760138 0.906487 0.0156194 0.133621 0.0371338
0 0.352587 0.810771 0.0135292 0.0230075 0.0370285
0 0.360753 0.806365 0.0155615 0.0246594 0.0369794
0 0.76038 0.75102 0.0418116 0.0516859 0.0363054
0 0.861642 0.820027 0.245002 0.283591 0.0362761
0 0.495098 0.851391 0.0822889 0.114931 0.0362046
0 0.68488 0.869007 0.120124 0.107055 0.034731
0 0.811391 0.86926 0.0909369 0.0938566 0.0346326
0 0.180632 0.858196 0.110064 0.110208 0.0346252
0 0.590786 0.790598 0.102469 0.127445 0.034606
0 0.324216 0.803858 0.0181509 0.0263467 0.0345111
0 0.203895 0.814524 0.0826149 0.106606 0.0342941
0 0.0560828 0.792935 0.106824 0.248816 0.0335937
0 0.94066 0.832691 0.115959 0.207718 0.0334129
0 0.23588 0.75201 0.127555 0.211768 0.032934
0 0.0180852 0.911988 0.0367218 0.168035 0.0327135
0 0.0757926 0.89347 0.143229 0.187189 0.0324574
0 0.404152 0.808232 0.0146765 0.02609 0.032355
0 0.40826 0.811501 0.0148132 0.0243805 0.0318953
0 0.428592 0.811484 0.0159736 0.0217767 0.0318551
0 0.862895 0.879796 0.224133 0.247958 0.0318279
0 0.980085 0.845563 0.04049 0.14159 0.031276
0 0.792461 0.848835 0.122555 0.148093 0.031231
0 0.165782 0.850615 0.0640814 0.0711778 0.03114
0 0.21033 0.782792 0.158198 0.215259 0.0311203
0 0.699732 0.777054 0.219628 0.229376 0.0309923
0 0.421335 0.811749 0.0148051 0.0211322 0.0306182
0 0.471937 0.794142 0.0408894 0.0858702 0.0304577
0 0.480454 0.839507 0.0335931 0.0512656 0.0302914
0 0.794359 0.857243 0.0911753 0.109614 0.0302635
0 0.795584 0.881955 0.101215 0.108575 0.0300668
0 0.848151 0.751192 0.267209 0.300812 0.0300132
0 0.0711508 0.870167 0.108533 0.106779 0.0297671
0 0.759459 0.750449 0.0528938 0.0747482 0.0297345
0 0.387561 0.808233 0.0169451 0.0260512 0.028441
0 0.97222 0.87349 0.0535212 0.195635 0.0280668
0 0.470622 0.841941 0.030729 0.0498693 0.0280663
0 0.616647 0.770406 0.0393282 0.0541233 0.0277339
0 0.932735 0.81809 0.131162 0.312446 0.0277274
0 0.765133 0.8612 0.164587 0.160886 0.0273837
0 0.0436926 0.920105 0.0719358 0.130241 0.027218
0 0.0601358 0.920715 0.10993 0.156173 0.0271841
0 0.645824 0.089854 0.0460806 0.0598397 0.0271591
0 0.766813 0.873566 0.215347 0.230851 0.027155
0 0.433033 0.805875 0.0186174 0.025048 0.0268013
0 0.904434 0.766603 0.173317 0.191335 0.0267919
0 0.448496 0.804301 0.0189042 0.0344016 0.0267512
0 0.0680891 0.839473 0.112052 0.104064 0.0266485
0 0.958167 0.848352 0.0774574 0.128669 0.026564
0 0.603263 0.779888 0.0748576 0.0949822 0.0265454
0 0.380614 0.816135 0.0206049 0.0360926 0.0264224
0 0.950328 0.753179 0.0956726 0.200181 0.026093
0 0.979108 0.879361 0.0420219 0.132704 0.0260084
0 0.791471 0.798426 0.106933 0.13387 0.0258317
0 0.872015 0.796482 0.193474 0.189974 0.0255698
0 0.417115 0.807697 0.0160819 0.0233968 0.0255026
0 0.639134 0.0982005 0.0653511 0.0726519 0.0254107
0 0.986652 0.845228 0.0273472 0.122453 0.0253541
0 0.676123 0.790079 0.106326 0.103014 0.024961
0 0.628718 0.865194 0.0640019 0.0685579 0.0248304
0 0.778418 0.865457 0.0786504 0.0798091 0.024647
0 0.945277 0.897417 0.106341 0.198149 0.0246207
0 0.953292 0.701644 0.0896822 0.197014 0.024539
0 0.245038 0.76611 0.101681 0.157033 0.0244009
0 0.979018 0.809945 0.042659 0.148255 0.0243198
0 0.374801 0.83298 0.029579 0.0432741 0.0242589
0 0.911673 0.750502 0.175354 0.343734 0.0241714
0 0.917714 0.71364 0.153655 0.199115 0.0239831
0 0.9712 0.796713 0.0542402 0.190236 0.0239578
0 0.0331644 0.78756 0.0626089 0.260089 0.0238709
0 0.652643 0.807972 0.0920828 0.113426 0.0238167
0 0.82975 0.834148 0.156592 0.178499 0.0237231
0 0.369526 0.886281 0.0358186 0.0511034 0.0233431
0 0.139999 0.683343 0.27373 0.433852 0.0232298
0 0.571906 0.853077 0.0898421 0.0953015 0.023216
0 0.0658682 0.882141 0.0707033 0.068957 0.0232148
0 0.637575 0.906287 0.0559065 0.0727999 0.0230414
0 0.219449 0.795347 0.0846738 0.114772 0.0229948
0 0.973589 0.733365 0.0521189 0.128512 0.0229132
0 0.954267 0.534786 0.0914305 0.252876 0.0229073
0 0.140297 0.779485 0.196264 0.203182 0.0227375
0 0.142881 0.871653 0.212554 0.238805 0.0227259
0 0.912312 0.531607 0.173581 0.286819 0.022692
0 0.170103 0.86654 0.068007 0.0734543 0.02267
0 0.692888 0.95049 0.13551 0.118429 0.0226339
0 0.753629 0.801707 0.150783 0.157662 0.0225523
0 0.976466 0.514349 0.0457869 0.159111 0.0225364
0 0.188013 0.899187 0.121687 0.163243 0.0223865
0 0.332154 0.762945 0.0610884 0.104027 0.0223429
0 0.295089 0.841699 0.0278251 0.0395674 0.0223219
0 0.784741 0.76152 0.0930549 0.104761 0.0223203
0 0.95804 0.716221 0.0715431 0.101303 0.0222598
0 0.802068 0.76712 0.131486 0.144994 0.0221348
0 0.955542 0.611066 0.083942 0.196563 0.022018
0 0.722409 0.776115 0.161199 0.151728 0.0220064
0 0.947039 0.730803 0.0469944 0.0623888 0.0219245
0 0.948742 0.880602 0.0909042 0.119023 0.0218
0 0.225485 0.865905 0.0720217 0.101291 0.0217471
0 0.390751 0.803364 0.0173352 0.0236784 0.0216953
0 0.51429 0.851881 0.0694971 0.10913 0.0216647
0 0.947596 0.636222 0.103452 0.289549 0.0216598
0 0.881815 0.86769 0.0917192 0.105098 0.0216295
0 0.617278 0.764587 0.0617018 0.0905836 0.0215582
0 0.802606 0.831557 0.0983482 0.109292 0.0214951
0 0.350345 0.769174 0.0269761 0.0461646 0.0214743
0 0.47722 0.75056 0.0403054 0.0810596 0.0214021
0 0.936488 0.847925 0.105907 0.109848 0.0213223
0 0.95804 0.552384 0.079706 0.17013 0.0213105
0 0.415879 0.831276 0.0166363 0.0225742 0.0212967
0 0.83917 0.933853 0.189644 0.149438 0.0212754
0 0.762447 0.764152 0.23924 0.251063 0.0212417
0 0.811593 0.897695 0.0892138 0.115853 0.0212177
0 0.978394 0.480222 0.0414879 0.150792 0.0211221
0 0.834636 0.768468 0.17836 0.171041 0.0209814
0 0.277242 0.77537 0.0814033 0.125286 0.0209409
0 0.773445 0.833152 0.082752 0.0921115 0.0209379
0 0.969657 0.748295 0.0568636 0.190578 0.0209175
0 0.762064 0.845734 0.0870537 0.0932097 0.0208997
0 0.839018 0.866455 0.0989557 0.103117 0.0207458
0 0.163547 0.824598 0.0995028 0.0972088 0.0207097
0 0.981688 0.488203 0.0357285 0.104175 0.020656
0 0.638101 0.78618 0.0771291 0.0876711 0.0206454
0 0.469712 0.742564 0.0310847 0.0665673 0.0205805
0 0.949632 0.715143 0.0502031 0.0667214 0.0205533
0 0.328729 0.833353 0.0299538 0.0422253 0.0205163
0 0.3087 0.660568 0.0261781 0.0410032 0.0203983
0 0.640036 0.94872 0.115535 0.12586 0.0202621
0 0.962386 0.750852 0.0709139 0.130591 0.0202499
0 0.331262 0.798155 0.0385466 0.0584813 0.0202449
0 0.716438 0.799203 0.106614 0.09823 0.0202425
0 0.9202 0.660789 0.140858 0.189272 0.0201413
0 0.911594 0.649379 0.174439 0.317934 0.0201038
0 0.985441 0.808954 0.0295904 0.125167 0.0200844
0 0.910777 0.459795 0.177771 0.288066 0.0200509
0 0.968667 0.909654 0.0590929 0.151142 0.0200463
0 0.966729 0.656313 0.0622351 0.196107 0.0199953
0 0.159776 0.872071 0.0516896 0.0616916 0.0199703
0 0.973732 0.694021 0.0512909 0.127393 0.0199434
0 0.552813 0.852845 0.0585093 0.0868429 0.0198531
0 0.65194 0.912383 0.0539399 0.0816488 0.0198462
0 0.577968 0.771078 0.0878033 0.126481 0.0198242
0 0.236854 0.706339 0.0636626 0.0722938 0.0197971
0 0.188067 0.966263 0.0600534 0.056577 0.0197896
0 0.943408 0.51562 0.100428 0.165922 0.0197455
0 0.209815 0.890387 0.0831807 0.120596 0.0197015
0 0.976956 0.548852 0.0453667 0.117151 0.0196496
0 0.956605 0.806124 0.079944 0.144404 0.0196443
0 0.977006 0.933947 0.0462643 0.142813 0.019615
0 0.187911 0.734205 0.167348 0.196478 0.019454
0 0.717453 0.821171 0.11801 0.11044 0.0194345
0 0.826299 0.806087 0.107901 0.113322 0.0193868
0 0.797023 0.889122 0.112779 0.171981 0.0192418
0 0.916245 0.921955 0.143753 0.151456 0.0191965
0 0.915606 0.865294 0.0984266 0.100436 0.0190725
0 0.72573 0.935383 0.169747 0.140854 0.0190138
0 0.890388 0.849062 0.0934444 0.105462 0.0190081
0 0.872697 0.90132 0.159633 0.174392 0.0189809
0 0.949727 0.702142 0.0613268 0.0894901 0.0189534
0 0.819583 0.867228 0.126257 0.152872 0.0189435
0 0.957747 0.481809 0.0795744 0.173568 0.0188817
0 0.271913 0.853117 0.0432963 0.0642059 0.0187622
0 0.770833 0.935595 0.192699 0.146055 0.0187562
0 0.700098 0.783896 0.128505 0.0933077 0.0187487
0 0.431983 0.831761 0.0161399 0.0248525 0.0185932
0 0.946763 0.753321 0.0696337 0.088338 0.0185773
0 0.900072 0.882746 0.0990128 0.104489 0.0185658
0 0.731886 0.868823 0.105489 0.101908 0.0185303
0 0.642365 0.904603 0.0562031 0.0490378 0.0184665
0 0.750927 0.825187 0.0967975 0.102803 0.0184497
0 0.850843 0.650436 0.247388 0.296851 0.0183517
0 0.984695 0.73233 0.0309847 0.106204 0.0183465
0 0.532784 0.850675 0.0535077 0.0937831 0.0182976
0 0.10545 0.871425 0.0678034 0.0707347 0.0182645
0 0.859082 0.851514 0.0753881 0.0891479 0.0182581
0 0.239055 0.700554 0.0736521 0.105317 0.0182555
0 0.616225 0.900862 0.0622673 0.0877823 0.0182201
0 0.828777 0.826644 0.0940082 0.100578 0.0182154
0 0.502688 0.762453 0.0649158 0.113043 0.0181343
0 0.985602 0.780004 0.0292261 0.106511 0.018108
0 0.947761 0.912083 0.0880032 0.117203 0.0180858
0 0.0879496 0.851414 0.117167 0.104232 0.018048
