0 0.559725 0.329375 0.00554914 0.502629 0.883837
0 0.404199 0.374243 0.036945 0.0462802 0.704084
0 0.5625 0.489664 0 0.227104 0.702036
0 0.442827 0.365201 0.0233867 0.0311638 0.59504
0 0.539969 0.356079 0.0189559 0.0405211 0.568753
0 0.518583 0.356373 0.0163533 0.021081 0.456591
0 0.470407 0.360116 0.0161979 0.0210449 0.372041
0 0.48513 0.357811 0.0134889 0.0170748 0.3557
0 0.490211 0.357745 0.0129695 0.0166571 0.346443
0 0.505713 0.35756 0.0119513 0.0157125 0.345296
0 0.554708 0.366943 0.0155844 0.0259728 0.329527
0 0.515785 0.357279 0.0132883 0.0180152 0.293545
0 0.460368 0.361614 0.0124311 0.0211858 0.266827
0 0.511454 0.358399 0.0102547 0.0152106 0.26263
0 0.465208 0.361064 0.0146483 0.0206473 0.259949
0 0.476447 0.359997 0.0115155 0.0165932 0.247697
0 0.523308 0.357571 0.0111674 0.0172132 0.241158
0 0.500226 0.357809 0.012953 0.0159643 0.240808
0 0.493122 0.358627 0.0113332 0.0149629 0.23562
0 0.553948 0.363192 0.0171033 0.0326502 0.229441
0 0.551931 0.354368 0.021138 0.0466618 0.228754
0 0.451274 0.36113 0.017565 0.027111 0.224549
0 0.526068 0.356196 0.0108737 0.0189011 0.213869
0 0.456371 0.363706 0.01355 0.0198758 0.196944
0 0.5625 0.437459 0 0.11886 0.186125
0 0.473347 0.362093 0.011836 0.0183675 0.185702
0 0.528473 0.357663 0.0125827 0.0234002 0.184511
0 0.556196 0.368883 0.012608 0.0191017 0.182971
0 0.440279 0.368422 0.0160389 0.0227148 0.182389
0 0.542577 0.362682 0.0134818 0.0238986 0.175559
0 0.5625 0.682925 0 0.542818 0.173091
0 0.468967 0.364235 0.0121653 0.0178159 0.172456
0 0.428909 0.367822 0.0124492 0.0242676 0.159548
0 0.545287 0.35908 0.0172587 0.0402308 0.158606
0 0.5625 0.474026 0 0.195407 0.152173
0 0.5625 0.360243 0 0.031857 0.150387
0 0.562243 0.357615 0.00051322 0.0316132 0.149083
0 0.560187 0.363608 0.00462561 0.0298798 0.140583
0 0.538073 0.351648 0.0119264 0.0247289 0.134287
0 0.547695 0.36219 0.0132919 0.0224403 0.132363
0 0.548695 0.357269 0.0120927 0.0223314 0.131475
0 0.434724 0.370075 0.0171961 0.0292344 0.129556
0 0.448215 0.365696 0.0132911 0.0211667 0.128815
0 0.55868 0.363738 0.00763979 0.0263303 0.128302
0 0.5625 0.472164 0 0.196151 0.125657
0 0.5625 0.418398 0 0.0991155 0.121249
0 0.5625 0.529433 0 0.160904 0.11676
0 0.444828 0.363451 0.0138196 0.0232432 0.115731
0 0.408101 0.359372 0.0410038 0.0669541 0.114788
0 0.5625 0.440779 0 0.123123 0.111881
0 0.566304 0.355666 0.0317361 0.0337329 0.110729
0 0.561061 0.375594 0.017167 0.030001 0.107434
0 0.986344 0.441384 0.0260677 0.129349 0.105424
0 0.332542 0.389139 0.0445979 0.0532963 0.105182
0 0.379327 0.371022 0.0240538 0.0361513 0.102785
0 0.942859 0.474887 0.0664484 0.182935 0.0981516
0 0.937274 0.377939 0.0465281 0.0381355 0.0965471
0 0.40395 0.374233 0.0274465 0.0343428 0.0947315
0 0.947682 0.767854 0.106474 0.30928 0.0935773
0 0.416114 0.354085 0.0331869 0.0552431 0.0930255
0 0.984592 0.631815 0.0307905 0.386415 0.0916823
0 0.535319 0.35953 0.0128691 0.025311 0.0900324
0 0.938212 0.438991 0.0555233 0.137983 0.0885972
0 0.54957 0.369708 0.0168291 0.0255831 0.0863898
0 0.986318 0.302891 0.0271971 0.186535 0.085202
0 0.938545 0.395529 0.0519438 0.0654856 0.0849252
0 0.933536 0.341405 0.0392714 0.100582 0.0845881
0 0.988488 0.676405 0.0230608 0.347436 0.0838418
0 0.989877 0.760825 0.0192987 0.236245 0.0807032
0 0.957711 0.320954 0.0862982 0.270463 0.0797437
0 0.84091 0.245787 0.161032 0.450555 0.0775123
0 0.412141 0.374218 0.0193036 0.0265787 0.0768704
0 0.890894 0.62735 0.208964 0.506013 0.0765385
0 0.97884 0.336667 0.0424282 0.296025 0.076493
0 0.933344 0.505582 0.136453 0.212754 0.0749092
0 0.577496 0.369429 0.02833 0.0369624 0.0733932
0 0.376035 0.360916 0.027408 0.046573 0.0720071
0 0.935629 0.366837 0.0430285 0.0537292 0.0718627
0 0.56801 0.337131 0.0246722 0.0627639 0.071409
0 0.376134 0.374799 0.0305659 0.0484554 0.0712361
0 0.81477 0.158611 0.216053 0.306 0.0710237
0 0.584256 0.389437 0.0513451 0.107869 0.0688885
0 0.93868 0.516846 0.0766678 0.144484 0.0664965
0 0.5389 0.362493 0.0121265 0.0239232 0.0662276
0 0.115299 0.423784 0.0618703 0.083808 0.0662104
0 0.323432 0.396627 0.0632591 0.0713259 0.0645885
0 0.947818 0.371047 0.0667595 0.160077 0.0633524
0 0.392711 0.372757 0.0172642 0.0279321 0.0631306
0 0.298888 0.397004 0.0428108 0.0531637 0.0630419
0 0.547745 0.324035 0.040122 0.126128 0.0629264
0 0.585873 0.359244 0.0403475 0.0412024 0.0617747
0 0.0489304 0.40055 0.0427444 0.0529242 0.0607123
0 0.928658 0.361797 0.0330757 0.0667383 0.0596293
0 0.399028 0.373287 0.0217675 0.0304352 0.0595312
0 0.325728 0.186636 0.0602952 0.0875351 0.0592811
0 0.965658 0.266666 0.0672552 0.333588 0.0587576
0 0.367679 0.38725 0.0415841 0.0529618 0.0585689
0 0.35209 0.388462 0.0487657 0.054414 0.0584835
0 0.418756 0.359628 0.018153 0.0296522 0.0579956
0 0.966914 0.408971 0.0613514 0.133394 0.0566295
0 0.518158 0.360235 0.0116059 0.016127 0.0563196
0 0.990286 0.408107 0.0184036 0.0919022 0.0559033
0 0.984616 0.77504 0.0312687 0.271584 0.0556814
0 0.986734 0.341728 0.0275873 0.125062 0.0548345
0 0.941627 0.331086 0.052207 0.121206 0.0548211
0 0.875262 0.501214 0.151766 0.247338 0.0547404
0 0.0549846 0.391799 0.0541081 0.073547 0.0538274
0 0.387189 0.366937 0.0514599 0.0767939 0.0529735
0 0.567263 0.306046 0.0691587 0.189917 0.0527898
0 0.388852 0.379281 0.0191459 0.0306708 0.0516846
0 0.586083 0.287997 0.0613155 0.184248 0.0516743
0 0.114387 0.406369 0.055149 0.0491307 0.0515778
0 0.0363013 0.397906 0.0545971 0.0734303 0.0504372
0 0.557782 0.391301 0.0301431 0.0682274 0.0500484
0 0.287128 0.397814 0.044642 0.055422 0.0498806
0 0.988676 0.372968 0.0220488 0.0878319 0.0488577
0 0.990569 0.690626 0.0187849 0.216027 0.0488556
0 0.0289149 0.410129 0.0508432 0.065118 0.0487063
0 0.0888033 0.425555 0.119768 0.13792 0.0486207
0 0.955627 0.341422 0.0783535 0.163433 0.0485378
0 0.266099 0.399593 0.047121 0.0523934 0.0484106
0 0.988228 0.268215 0.0236416 0.112974 0.0480881
0 0.975597 0.6659 0.0468769 0.235217 0.0472988
0 0.640681 0.23399 0.159114 0.283572 0.0472552
0 0.376464 0.383798 0.0235359 0.038658 0.0464932
0 0.0358695 0.385628 0.0696801 0.112491 0.0462918
0 0.339419 0.374656 0.0282451 0.0358699 0.0457736
0 0.582998 0.213436 0.0359958 0.058756 0.045748
0 0.024225 0.504986 0.0505759 0.198018 0.0449687
0 0.0106214 0.372905 0.0213232 0.139205 0.0445526
0 0.878386 0.0610122 0.0428104 0.0737816 0.0443279
0 0.972606 0.177866 0.0544098 0.108934 0.043879
0 0.473377 0.342936 0.0123202 0.0180204 0.043477
0 0.552389 0.393203 0.043135 0.0977779 0.0431762
0 0.00880536 0.393228 0.0178852 0.0977227 0.0430219
0 0.936251 0.367228 0.0439053 0.130862 0.0417481
0 0.0438366 0.492564 0.0849978 0.216523 0.0416823
0 0.369156 0.363003 0.0303402 0.0475728 0.0414978
0 0.817497 0.0911845 0.202683 0.163265 0.0412059
0 0.0068804 0.412936 0.0146522 0.0606523 0.0411741
0 0.0473561 0.42505 0.050728 0.099344 0.0408118
0 0.990606 0.616552 0.0190622 0.246733 0.0395602
0 0.505926 0.341723 0.0117878 0.0177094 0.0395073
0 0.931886 0.660257 0.139919 0.335926 0.0393152
0 0.954189 0.534058 0.0754833 0.141748 0.0387066
0 0.956359 0.383663 0.0835718 0.0986277 0.0384749
0 0.986436 0.977375 0.0263136 0.0424047 0.0377058
0 0.578564 0.243103 0.0573609 0.115655 0.0375743
0 0.925962 0.332779 0.0291721 0.112933 0.0373925
0 0.818734 0.436421 0.182716 0.277548 0.0372687
0 0.978827 0.556254 0.0421864 0.348913 0.0372273
0 0.477226 0.344523 0.0120612 0.0185934 0.0368918
0 0.58636 0.347957 0.03464 0.0550145 0.0367496
0 0.0220085 0.394516 0.0431827 0.0896488 0.0365962
0 0.977259 0.795137 0.0427164 0.272191 0.0363586
0 0.969745 0.755984 0.0586514 0.207685 0.0358636
0 0.0275737 0.454369 0.057117 0.232295 0.0356223
0 0.944953 0.295484 0.0610247 0.172409 0.0353739
0 0.976596 0.970074 0.0440796 0.0696448 0.0351005
0 0.0190943 0.53785 0.0378794 0.186276 0.0348678
0 0.566095 0.221787 0.0325581 0.0477089 0.0348262
0 0.596396 0.227832 0.0882957 0.19219 0.0347969
0 0.286255 0.351323 0.031485 0.0571265 0.0347884
0 0.990498 0.564369 0.0185804 0.129471 0.0346014
0 0.0796723 0.402094 0.0991538 0.10274 0.0343295
0 0.919112 0.381187 0.018063 0.0338073 0.0341923
0 0.395693 0.362328 0.0331229 0.0579215 0.0341429
0 0.548159 0.295972 0.0323891 0.0778576 0.033365
0 0.459713 0.33297 0.0189209 0.026915 0.033356
0 0.51358 0.344563 0.0116138 0.0178531 0.0333387
0 0.567029 0.247722 0.0529286 0.0962887 0.0331507
0 0.0163259 0.360533 0.0325245 0.153985 0.0331093
0 0.263202 0.347597 0.0334055 0.0588316 0.0326316
0 0.504871 0.345287 0.0113845 0.017667 0.0326214
0 0.454161 0.385859 0.0407352 0.0681853 0.0325301
0 0.973407 0.602379 0.0527346 0.228754 0.0321518
0 0.25769 0.39182 0.0439712 0.0595376 0.0321381
0 0.521333 0.344238 0.0136102 0.0213046 0.032095
0 0.799837 0.15914 0.22878 0.174897 0.0319439
0 0.263015 0.339473 0.0239685 0.0490055 0.0318537
0 0.866755 0.253393 0.118208 0.364813 0.0318022
0 0.875015 0.118336 0.0820829 0.103753 0.0314588
0 0.038607 0.44438 0.0657994 0.14251 0.031447
0 0.746843 0.169376 0.310028 0.271905 0.0313323
0 0.338691 0.363312 0.0649988 0.10171 0.0312259
0 0.835747 0.0780321 0.142512 0.128585 0.0311398
0 0.0810076 0.461096 0.134568 0.215509 0.0308777
0 0.508564 0.393499 0.0713846 0.128154 0.0307742
0 0.334858 0.368593 0.0399786 0.0540393 0.0307351
0 0.350555 0.392624 0.0653698 0.0770912 0.030557
0 0.870396 0.485673 0.0844706 0.177058 0.0304691
0 0.0112196 0.577396 0.0236644 0.130369 0.0303627
0 0.854018 0.120835 0.0955719 0.0931338 0.0302993
0 0.0279373 0.362033 0.0533492 0.13984 0.0300455
0 0.887062 0.754994 0.160843 0.348968 0.0299586
0 0.618467 0.217636 0.119869 0.226712 0.0299094
0 0.975688 0.7208 0.0474937 0.2035 0.0297801
0 0.445053 0.392479 0.0448477 0.079875 0.0297153
0 0.282212 0.683022 0.0782643 0.118867 0.0296955
0 0.138146 0.380875 0.0921905 0.0988417 0.0296781
0 0.619306 0.368691 0.0557414 0.073539 0.0296388
0 0.923031 0.436051 0.0578154 0.132958 0.0295898
0 0.347163 0.284554 0.131871 0.261192 0.0295795
0 0.319838 0.361639 0.0821216 0.133387 0.0294915
0 0.957014 0.7438 0.0812241 0.161632 0.0292846
0 0.673459 0.268152 0.144281 0.181365 0.0291549
0 0.991868 0.971402 0.0162693 0.0540261 0.0290719
0 0.601732 0.275774 0.0929749 0.203076 0.0290563
0 0.860617 0.152533 0.136964 0.291791 0.0288673
0 0.91881 0.512944 0.0951879 0.155309 0.0285527
0 0.916293 0.726933 0.0410166 0.134846 0.0284517
0 0.46874 0.379654 0.0302281 0.051565 0.0283601
0 0.352764 0.355833 0.0254464 0.0471599 0.0281345
0 0.844327 0.198181 0.156219 0.254651 0.0281149
0 0.360345 0.713409 0.0282423 0.0772183 0.0277564
0 0.960472 0.700221 0.064325 0.191596 0.0277126
0 0.0472228 0.365646 0.0702985 0.127917 0.0274679
0 0.605702 0.240562 0.0936468 0.129099 0.0274549
0 0.922319 0.404549 0.0269249 0.0594386 0.0274272
0 0.632066 0.184793 0.126081 0.174156 0.0274096
0 0.10614 0.388847 0.0661866 0.0711628 0.0272435
0 0.935574 0.733598 0.0749443 0.137431 0.0271423
0 0.280332 0.342344 0.0280507 0.0468526 0.0271132
0 0.53042 0.391782 0.0646632 0.111808 0.0271091
0 0.00689718 0.557309 0.0146849 0.0998572 0.0270882
0 0.991264 0.950116 0.0173544 0.0859846 0.0270784
0 0.28575 0.355997 0.0502273 0.0902581 0.0270767
0 0.327568 0.432935 0.116875 0.194387 0.0269539
0 0.757226 0.796542 0.14434 0.210812 0.0268582
0 0.611756 0.198983 0.102738 0.127392 0.0267523
0 0.41386 0.34291 0.0199432 0.026289 0.0265752
0 0.638406 0.321648 0.150549 0.271754 0.026561
0 0.108051 0.428696 0.0799233 0.108598 0.0265377
0 0.43365 0.3368 0.0207325 0.0272613 0.0264772
0 0.305345 0.706653 0.101143 0.144375 0.0264485
0 0.117219 0.356547 0.0609073 0.0706818 0.026444
0 0.612834 0.356212 0.056472 0.0642897 0.026435
0 0.982551 0.198339 0.0371832 0.127539 0.0262907
0 0.716661 0.275208 0.0878659 0.128646 0.0262812
0 0.144091 0.358818 0.0985062 0.11431 0.0260979
0 0.990557 0.928716 0.0188469 0.098773 0.0257537
0 0.32671 0.340892 0.049491 0.0838238 0.0255647
0 0.626601 0.38587 0.04559 0.0646793 0.0255216
0 0.969083 0.172547 0.06213 0.301993 0.0255032
0 0.280807 0.841739 0.0323502 0.0330322 0.0254772
0 0.333003 0.684829 0.0710919 0.114046 0.025438
0 0.734085 0.281888 0.0688385 0.111564 0.0253544
0 0.255887 0.190388 0.210677 0.253172 0.025309
0 0.677325 0.205971 0.212656 0.25175 0.0252898
0 0.486237 0.384474 0.0464483 0.0760458 0.0252234
0 0.43818 0.386204 0.0314661 0.0588498 0.0251779
0 0.5977 0.205564 0.0663447 0.0999931 0.0251357
0 0.605363 0.354079 0.0833292 0.155832 0.0250259
0 0.304014 0.409365 0.0556463 0.0875016 0.0250087
0 0.737458 0.331814 0.0656249 0.0920302 0.0249305
0 0.746891 0.160874 0.175373 0.159163 0.0248797
0 0.028384 0.379559 0.0590089 0.233858 0.0247911
0 0.934918 0.302849 0.0386477 0.148438 0.0247138
0 0.591632 0.417523 0.0630711 0.129479 0.0244975
0 0.335015 0.354143 0.0354519 0.0645052 0.0244967
0 0.991501 0.806741 0.0164236 0.177629 0.0244558
0 0.775615 0.70192 0.186254 0.276871 0.024406
0 0.885004 0.534199 0.0436049 0.0832132 0.024231
0 0.287121 0.354084 0.101203 0.157944 0.0241727
0 0.197618 0.30936 0.0247566 0.0422313 0.0241572
0 0.0754518 0.378667 0.0899287 0.0994332 0.0241097
0 0.509908 0.303299 0.0120114 0.018155 0.0240264
0 0.249784 0.393016 0.0718098 0.0686799 0.0239621
0 0.921561 0.479361 0.0787004 0.137932 0.023953
0 0.344471 0.353064 0.0280302 0.0520281 0.0238797
0 0.04759 0.322293 0.0921685 0.20654 0.0238432
0 0.263859 0.41854 0.0794637 0.0998689 0.0237195
0 0.738936 0.107076 0.0641833 0.0410696 0.0236049
0 0.886118 0.430959 0.105649 0.299469 0.0234893
0 0.797077 0.62211 0.249227 0.361834 0.0234504
0 0.934359 0.539585 0.0958687 0.13079 0.0234197
0 0.704512 0.23881 0.152882 0.219231 0.0233832
0 0.928825 0.724729 0.130641 0.242176 0.0233732
0 0.562164 0.260407 0.0705356 0.140387 0.0232724
0 0.924777 0.301833 0.0189131 0.100336 0.0232335
0 0.251394 0.433596 0.0989138 0.123682 0.0232258
0 0.317969 0.360225 0.0483651 0.0780622 0.0230293
0 0.953356 0.940082 0.0624567 0.122421 0.0229717
0 0.00779593 0.593102 0.0162813 0.121116 0.0229285
0 0.204632 0.382453 0.0383604 0.0486689 0.0228628
0 0.874424 0.0551415 0.0307083 0.0600441 0.022806
0 0.533704 0.296152 0.0345693 0.0598999 0.0227807
0 0.555295 0.387422 0.0170267 0.0344915 0.0227756
0 0.594074 0.218309 0.0530199 0.072133 0.0227751
0 0.916808 0.749805 0.0286594 0.0766402 0.0226179
0 0.916745 0.275361 0.0284788 0.161509 0.0225279
0 0.282975 0.86399 0.0244049 0.0347573 0.0224989
0 0.797777 0.12211 0.188224 0.106042 0.0224948
0 0.322633 0.680963 0.0574706 0.0878427 0.0223782
0 0.732995 0.245826 0.0939087 0.160848 0.0223559
0 0.760087 0.337505 0.0692033 0.10686 0.0223487
0 0.93428 0.257631 0.100028 0.395244 0.0223347
0 0.0711352 0.757924 0.123915 0.146967 0.0223051
0 0.953693 0.967918 0.0617109 0.0745136 0.0222763
0 0.9692 0.265536 0.0602507 0.190618 0.022171
