0 0.5625 0.335616 0 0.0362657 0.415135
0 0.170585 0.36922 0.0197602 0.0175347 0.277296
0 0.491063 0.319795 0.0236518 0.0275708 0.252898
0 0.352609 0.317729 0.0255439 0.0270738 0.23481
0 0.323249 0.323479 0.0240372 0.0244115 0.232336
0 0.138714 0.370383 0.0258797 0.0202256 0.223063
0 0.13641 0.372447 0.018276 0.0176501 0.221329
0 0.0721338 0.371523 0.0320508 0.019815 0.220939
0 0.5625 0.311289 0 0.0340436 0.211253
0 0.0655859 0.373782 0.0256068 0.0176947 0.206054
0 0.478683 0.319234 0.0461123 0.0372454 0.197213
0 0.0291627 0.360295 0.0482938 0.0417648 0.189615
0 0.360564 0.319073 0.0169775 0.0234277 0.18523
0 0.326266 0.324181 0.0174645 0.0184863 0.175928
0 0.173509 0.369387 0.0142818 0.0143701 0.175727
0 0.145783 0.364461 0.0255086 0.0270348 0.175578
0 0.149537 0.370829 0.0153613 0.0164064 0.171331
0 0.5625 0.332841 0 0.0464576 0.168061
0 0.390329 0.322724 0.0545558 0.0449992 0.163837
0 0.016719 0.377313 0.0300139 0.0351763 0.155243
0 0.410806 0.336381 0.0191066 0.0236168 0.152826
0 0.128886 0.359299 0.0559211 0.0443976 0.152243
0 0.319183 0.322281 0.0160998 0.017484 0.151391
0 0.34814 0.31622 0.0161827 0.0227649 0.15103
0 0.126191 0.370326 0.0374908 0.0258664 0.149427
0 0.153547 0.373313 0.0143455 0.0183865 0.149199
0 0.404544 0.33492 0.0306549 0.0281505 0.146886
0 0.5625 0.337725 0 0.0255593 0.145578
0 0.146414 0.369034 0.0194405 0.017967 0.145478
0 0.157576 0.371075 0.0149018 0.0164195 0.14536
0 0.142332 0.372468 0.0172431 0.0158352 0.143162
0 0.131406 0.374356 0.017369 0.0160094 0.140299
0 0.5625 0.317423 0 0.0632474 0.139097
0 0.140319 0.375424 0.0142725 0.0173547 0.13385
0 0.0806376 0.370693 0.0195242 0.0152005 0.13374
0 0.5625 0.30568 0 0.0271653 0.133426
0 0.176107 0.364923 0.0166692 0.0179077 0.132359
0 0.0645726 0.374758 0.0185056 0.0146628 0.131283
0 0.0170167 0.359582 0.0319234 0.0403658 0.13053
0 0.489207 0.321221 0.0184679 0.0206692 0.128619
0 0.169182 0.361932 0.0285575 0.0305776 0.126487
0 0.16064 0.368569 0.0180164 0.016758 0.126255
0 0.513927 0.312776 0.0522916 0.0425652 0.126141
0 0.0815212 0.370529 0.0351301 0.0220295 0.125827
0 0.169986 0.371865 0.0147908 0.0161326 0.125467
0 0.5625 0.312213 0 0.0447496 0.122724
0 0.361854 0.321626 0.0128388 0.0190944 0.121294
0 0.5625 0.3155 0 0.0472942 0.121196
0 0.436798 0.307394 0.0366618 0.0412895 0.120033
0 0.493089 0.323048 0.0170682 0.0199616 0.119867
0 0.105196 0.366903 0.024209 0.0288144 0.115973
0 0.444103 0.308855 0.025201 0.033684 0.115575
0 0.0604632 0.376172 0.0164696 0.0150772 0.114792
0 0.333449 0.325577 0.0158722 0.0198371 0.112891
0 0.592042 0.308472 0.0290062 0.0256727 0.112411
0 0.506837 0.319379 0.0484774 0.0384446 0.111927
0 0.0570045 0.375801 0.016699 0.0170443 0.109393
0 0.348981 0.321795 0.0149879 0.0190813 0.10911
0 0.985729 0.31598 0.0301767 0.0641307 0.107828
0 0.344927 0.316325 0.0292805 0.0309327 0.107274
0 0.473789 0.310273 0.0578729 0.0518583 0.107061
0 0.952844 0.320632 0.0735292 0.0646768 0.106592
0 0.124992 0.373992 0.0133218 0.0174829 0.106162
0 0.11209 0.369304 0.0156303 0.0173681 0.106085
0 0.828283 0.324604 0.0746842 0.0668905 0.105795
0 0.365518 0.318086 0.0146417 0.0193499 0.104821
0 0.585586 0.315585 0.0488559 0.0382121 0.10403
0 0.0284576 0.368161 0.0587078 0.0584865 0.102903
0 0.0705764 0.36732 0.0387986 0.0292575 0.102105
0 0.855196 0.336554 0.0217384 0.0236402 0.101368
0 0.0750516 0.372845 0.0180933 0.014061 0.100559
0 0.574793 0.315432 0.0757156 0.042265 0.0975923
0 0.105989 0.371893 0.0191605 0.0166055 0.0967512
0 0.409018 0.321831 0.0278143 0.0372002 0.0953445
0 0.0624826 0.378951 0.0181954 0.0164814 0.0949637
0 0.344179 0.319572 0.0158886 0.0203981 0.0945689
0 0.61887 0.305789 0.067504 0.0452224 0.0925215
0 0.178709 0.364081 0.027621 0.0228768 0.0913109
0 0.365335 0.324954 0.0174653 0.0207647 0.0901447
0 0.521004 0.297317 0.0453732 0.0400912 0.089875
0 0.798342 0.33108 0.0200382 0.0333066 0.089703
0 0.0251046 0.350013 0.0462873 0.0480386 0.0892708
0 0.413862 0.33594 0.0144932 0.0176103 0.0878442
0 0.835845 0.336343 0.0252943 0.0272125 0.0853165
0 0.64045 0.31074 0.0380217 0.0405899 0.0850447
0 0.113667 0.373992 0.0146759 0.0164914 0.0848806
0 0.0164099 0.36766 0.0221139 0.023131 0.0848506
0 0.0442575 0.365913 0.0279655 0.0234931 0.084507
0 0.561598 0.309965 0.0602481 0.038753 0.083806
0 0.481549 0.317816 0.0254923 0.0268705 0.0833608
0 0.496156 0.312024 0.0323816 0.0414282 0.0811516
0 0.641569 0.301964 0.0233825 0.0202016 0.0809783
0 0.849694 0.328598 0.0577951 0.0580003 0.0775874
0 0.430298 0.301685 0.0438136 0.0483082 0.077144
0 0.457323 0.31096 0.0292812 0.034565 0.0761636
0 0.0158177 0.381659 0.0237917 0.0248077 0.0760233
0 0.830487 0.335494 0.0193577 0.0240048 0.0756488
0 0.54894 0.0661395 0.0225527 0.0373512 0.0756446
0 0.452811 0.309483 0.0205232 0.0293004 0.0755936
0 0.395742 0.334008 0.0499511 0.0479249 0.0751565
0 0.806233 0.332943 0.0342141 0.0460615 0.0734031
0 0.489722 0.310847 0.0217684 0.0300808 0.0732147
0 0.31066 0.319672 0.0244999 0.0277994 0.0725687
0 0.388197 0.310521 0.0243728 0.0213951 0.0722878
0 0.194901 0.313363 0.0176044 0.0219809 0.0720186
0 0.597015 0.311026 0.0269321 0.0261593 0.069677
0 0.382127 0.315 0.0359528 0.0263056 0.0677432
0 0.156563 0.341893 0.0628314 0.0809843 0.0671539
0 0.0461111 0.372561 0.0281098 0.0256404 0.0665933
0 0.568715 0.307574 0.0914864 0.0522889 0.0660766
0 0.601633 0.311861 0.0228711 0.0222125 0.0660124
0 0.354727 0.319412 0.0141202 0.0178935 0.0657624
0 0.588912 0.312349 0.0209779 0.0222011 0.0650562
0 0.448906 0.318243 0.0196327 0.0248207 0.0648457
0 0.650166 0.311434 0.0462216 0.0431982 0.06427
0 0.00760887 0.384021 0.0147558 0.0287914 0.0640875
0 0.953372 0.276057 0.0454874 0.0557613 0.0632354
0 0.631313 0.304358 0.0332002 0.0260104 0.0623325
0 0.943039 0.31901 0.105913 0.0768313 0.0622638
0 0.197404 0.372806 0.0239552 0.0289918 0.0617807
0 0.190324 0.370126 0.0161323 0.0177922 0.0616648
0 0.185046 0.369053 0.0339719 0.0301442 0.0608749
0 0.598322 0.320237 0.0521282 0.0555852 0.059997
0 0.942995 0.299525 0.0774584 0.0658688 0.0597329
0 0.39743 0.307571 0.0234055 0.0214064 0.0596821
0 0.84088 0.333162 0.0316389 0.0262027 0.0589391
0 0.530951 0.298319 0.0358595 0.0403912 0.058785
0 0.132201 0.345859 0.0736463 0.0784523 0.0581546
0 0.20061 0.37491 0.0164145 0.0231372 0.0576788
0 0.109669 0.361749 0.02077 0.0247777 0.0576253
0 0.19903 0.310639 0.0272319 0.0274804 0.0565876
0 0.500118 0.320817 0.0192806 0.0216104 0.0565838
0 0.61503 0.31924 0.0785443 0.0626315 0.0563602
0 0.193301 0.363971 0.0354763 0.0372444 0.0560908
0 0.00486956 0.379312 0.0105057 0.0302479 0.0556611
0 0.15517 0.353615 0.0434531 0.0413421 0.0555164
0 0.364261 0.313514 0.01626 0.0217551 0.0551627
0 0.171174 0.340783 0.0413234 0.0486782 0.0547206
0 0.652124 0.311477 0.0714807 0.0596549 0.0542737
0 0.873648 0.328277 0.0827442 0.0676215 0.053716
0 0.0322553 0.345324 0.0573642 0.0806235 0.0536431
0 0.0116772 0.345046 0.0174812 0.0361755 0.0529016
0 0.859559 0.335066 0.0656984 0.0558154 0.0528707
0 0.143219 0.282284 0.142656 0.198291 0.0520875
0 0.0252348 0.376695 0.0229977 0.0257307 0.0511493
0 0.323933 0.313481 0.0156299 0.0209349 0.0502723
0 0.192779 0.343584 0.0459607 0.0680719 0.0502009
0 0.964209 0.298743 0.0729122 0.115187 0.0500466
0 0.51347 0.324587 0.0597338 0.0582683 0.0500039
0 0.187158 0.370143 0.0204902 0.0220561 0.0496807
0 0.0296761 0.376744 0.0357469 0.0462973 0.0491598
0 0.619936 0.308579 0.0357036 0.0284713 0.0491432
0 0.0928816 0.366896 0.0183355 0.0180691 0.0484188
0 0.413962 0.319455 0.0205306 0.0267241 0.0482369
0 0.432267 0.320011 0.029523 0.0322371 0.0474383
0 0.435779 0.304942 0.0621317 0.0675149 0.0467277
0 0.316496 0.325847 0.0165964 0.0229657 0.0458591
0 0.828808 0.310103 0.0819815 0.104014 0.045549
0 0.633327 0.310512 0.0216413 0.0206791 0.0455399
0 0.69966 0.299848 0.0756851 0.0871541 0.0453266
0 0.940549 0.277855 0.0712822 0.0604608 0.0451637
0 0.0170322 0.173419 0.023833 0.027533 0.0445783
0 0.19364 0.306823 0.0223022 0.0303293 0.0438089
0 0.802597 0.31468 0.0310354 0.0765615 0.0433779
0 0.920351 0.323897 0.10551 0.064534 0.0433285
0 0.418962 0.32876 0.0162247 0.0217712 0.0430653
0 0.519255 0.317241 0.0185054 0.020151 0.042503
0 0.440095 0.317682 0.0169824 0.0214581 0.0424515
0 0.674746 0.309048 0.0793017 0.0615234 0.0421467
0 0.98407 0.301258 0.0336405 0.0972519 0.0419147
0 0.261378 0.342806 0.0289851 0.0431162 0.0418099
0 0.89884 0.301377 0.170982 0.133333 0.0414981
0 0.380102 0.324789 0.0191988 0.0218564 0.0413307
0 0.407316 0.307922 0.0163697 0.0220352 0.0403249
0 0.4575 0.303727 0.0212354 0.0279769 0.0402528
0 0.214915 0.36091 0.0573526 0.0594828 0.0396515
0 0.287204 0.319513 0.0649088 0.0937146 0.0395894
0 0.303686 0.318785 0.0505752 0.0585269 0.0395576
0 0.0664788 0.36824 0.0275803 0.0246687 0.0393096
0 0.802192 0.336095 0.0224987 0.0339883 0.0393023
0 0.174501 0.350176 0.0210825 0.025495 0.0391268
0 0.817465 0.329645 0.0280085 0.032201 0.0390423
0 0.291991 0.293673 0.114523 0.145791 0.0389346
0 0.571918 0.327563 0.0856766 0.0726278 0.0383759
0 0.817415 0.338301 0.0329567 0.0349687 0.0383534
0 0.21307 0.299645 0.159346 0.169025 0.0383395
0 0.310637 0.313086 0.015433 0.021721 0.0381701
0 0.527506 0.0607166 0.0200745 0.041294 0.037887
0 0.480905 0.322719 0.0208933 0.0227894 0.037324
0 0.202921 0.205201 0.239625 0.35813 0.03718
0 0.908222 0.288775 0.0246195 0.0321983 0.0371321
0 0.0495126 0.346513 0.0792987 0.0718857 0.0362796
0 0.285368 0.350708 0.0837217 0.101628 0.0361657
0 0.863402 0.337092 0.0223799 0.0229214 0.0360585
0 0.953754 0.28825 0.0583628 0.0670015 0.0354802
0 0.15225 0.33042 0.0958386 0.103848 0.0353734
0 0.288519 0.334586 0.0518013 0.0617707 0.0353412
0 0.902958 0.325338 0.0502573 0.0527484 0.0352382
0 0.642684 0.30939 0.0200476 0.020899 0.0350119
0 0.700398 0.311645 0.0680717 0.057225 0.0345743
0 0.0411883 0.326467 0.0701772 0.123924 0.0343155
0 0.213662 0.294814 0.0271581 0.0293086 0.0342295
0 0.0664774 0.348269 0.0590787 0.0584928 0.0341291
0 0.00382576 0.395053 0.00897378 0.0274003 0.0339806
0 0.961981 0.275666 0.0672712 0.0855273 0.0335474
0 0.271687 0.235025 0.0168175 0.0230161 0.0332821
0 0.58693 0.298428 0.0873059 0.0811776 0.0331604
0 0.0748572 0.356398 0.0402684 0.0398464 0.032864
0 0.685194 0.291031 0.095526 0.108271 0.032859
0 0.470895 0.222574 0.0199938 0.0248469 0.0328407
0 0.204241 0.302899 0.0330379 0.0364856 0.0325939
0 0.229727 0.352473 0.0624267 0.0601309 0.0324378
0 0.203635 0.335694 0.0485925 0.0629596 0.0321827
0 0.799931 0.30276 0.133543 0.131635 0.0318568
0 0.0556489 0.298125 0.0703208 0.0624788 0.0315438
0 0.526031 0.325246 0.0303315 0.0373986 0.0315317
0 0.203536 0.309278 0.0457732 0.0472138 0.0312468
0 0.0275753 0.316972 0.0566635 0.111775 0.0311192
0 0.213253 0.34427 0.0555934 0.0575854 0.0309529
0 0.968411 0.351292 0.065027 0.118995 0.030614
0 0.53231 0.299571 0.02574 0.0318083 0.0305958
0 0.56411 0.307515 0.0272133 0.0280035 0.0303282
0 0.280696 0.324281 0.0451511 0.0462633 0.0301127
0 0.417412 0.341739 0.0186932 0.0254493 0.0299573
0 0.472061 0.324524 0.0204789 0.0257506 0.0294276
0 0.896212 0.888072 0.0267931 0.042239 0.0293653
0 0.814452 0.309116 0.0500717 0.0819897 0.0292969
0 0.936603 0.301674 0.124807 0.119491 0.0290089
0 0.128772 0.327267 0.0872401 0.10758 0.0289972
0 0.787154 0.330199 0.0907762 0.077864 0.0287451
0 0.549883 0.0622243 0.0292933 0.0489662 0.0285219
0 0.860754 0.347609 0.0247965 0.0306105 0.0282017
0 0.42735 0.338354 0.0432445 0.0626417 0.0281355
0 0.593932 0.297102 0.0345318 0.0390628 0.028093
0 0.852765 0.34211 0.0179674 0.0230292 0.027691
0 0.0120324 0.30683 0.0238938 0.0786433 0.0273877
0 0.425302 0.328564 0.016792 0.0211748 0.0270567
0 0.908687 0.894223 0.0406618 0.0557132 0.0265997
0 0.57552 0.31271 0.0384843 0.0351959 0.0262175
0 0.878889 0.309482 0.0872141 0.0729541 0.0262026
0 0.263817 0.333529 0.0243932 0.0307081 0.0261177
0 0.934399 0.33754 0.142579 0.129161 0.0258336
0 0.184179 0.310001 0.0444705 0.0487977 0.0257148
0 0.0258907 0.423319 0.0572948 0.120208 0.0256298
0 0.512641 0.330188 0.0428711 0.0538402 0.0256119
0 0.0174173 0.342064 0.0226101 0.0357946 0.0254914
0 0.548922 0.328813 0.0458235 0.0489092 0.0254389
0 0.231153 0.33968 0.0775388 0.0738063 0.0251812
0 0.256688 0.362226 0.0312361 0.0385643 0.0250025
0 0.796603 0.3508 0.0464044 0.0517292 0.0247947
0 0.594936 0.320174 0.0238935 0.0279013 0.0247212
0 0.306136 0.332437 0.014922 0.0220847 0.0245696
0 0.277688 0.235275 0.0274687 0.0335243 0.0244865
0 0.893175 0.330433 0.0788139 0.0634968 0.0244743
0 0.507206 0.0528796 0.0570148 0.0604704 0.0244435
0 0.224108 0.366403 0.0427823 0.0430289 0.0240608
0 0.0225745 0.444072 0.0487892 0.0914809 0.02402
0 0.986367 0.34405 0.0288822 0.0702197 0.0239345
0 0.723668 0.305525 0.085535 0.0901946 0.0238682
0 0.808339 0.357412 0.0266697 0.032891 0.0238358
0 0.984269 0.275956 0.0322454 0.109401 0.0233203
0 0.552131 0.32644 0.0310647 0.0314634 0.0233097
0 0.216058 0.361061 0.0405297 0.0500037 0.0232343
0 0.0410772 0.342528 0.0384568 0.0431352 0.0230646
0 0.699757 0.322811 0.0749156 0.0958898 0.0224545
0 0.525422 0.0486811 0.0177244 0.0332894 0.0220588
0 0.292281 0.35495 0.0460856 0.0605982 0.0218743
0 0.787848 0.328283 0.0361534 0.0424027 0.0216078
0 0.994728 0.334349 0.0107851 0.0466015 0.021587
0 0.521231 0.280833 0.0315994 0.0580971 0.0214996
0 0.14712 0.372414 0.0116473 0.0161034 0.0214966
0 0.374227 0.941894 0.156976 0.108351 0.0211351
0 0.725055 0.278099 0.12688 0.147858 0.020948
0 0.974483 0.375301 0.0544756 0.130338 0.0209277
0 0.414823 0.344653 0.0146542 0.0200455 0.020909
0 0.115421 0.314954 0.0677928 0.0776123 0.0208536
0 0.249985 0.334675 0.0372707 0.0407713 0.0207215
0 0.318531 0.247619 0.0664509 0.0741101 0.0206938
0 0.421283 0.251456 0.0915631 0.132668 0.0206803
0 0.00704363 0.400449 0.0147378 0.0519287 0.0206169
0 0.265201 0.231198 0.144149 0.233026 0.0205254
0 0.934257 0.904157 0.0370386 0.0507916 0.0205116
0 0.409755 0.346829 0.0149198 0.0196833 0.0205062
0 0.205515 0.300357 0.0201715 0.0276139 0.0204086
0 0.85683 0.300954 0.100692 0.115128 0.0203596
0 0.580177 0.320305 0.0490873 0.052518 0.0201772
0 0.644926 0.179926 0.0722158 0.181977 0.0201616
0 0.893219 0.250711 0.176087 0.213755 0.0200681
0 0.222407 0.389762 0.0315666 0.0371208 0.0198764
0 0.928001 0.898615 0.0515694 0.0704134 0.0198386
0 0.444009 0.287367 0.0215779 0.0292064 0.019815
0 0.279452 0.272284 0.0399929 0.062192 0.019673
0 0.127685 0.376557 0.0134618 0.0185868 0.0195848
0 0.730473 0.329034 0.0895408 0.0976125 0.0194915
0 0.824894 0.363669 0.0732385 0.086881 0.0193292
0 0.0254599 0.29231 0.0474372 0.0939951 0.0191401
0 0.0350657 0.0901214 0.0764233 0.187063 0.0191137
0 0.0151874 0.172287 0.0190645 0.0200643 0.0191093
0 0.659034 0.174808 0.0495142 0.156737 0.019083
0 0.911871 0.283428 0.0393629 0.0500916 0.0189165
