0 0.5625 0.613265 0 0.231041 0.930646
0 0.42706 0.664451 0.270879 0.445426 0.890827
0 0.5625 0.571927 0 0.190486 0.867165
0 0.5625 0.540107 0 0.0802913 0.828486
0 0.5625 0.50475 0 0.0327588 0.80145
0 0.5625 0.520646 0 0.0774677 0.759129
0 0.5625 0.513446 0 0.0572546 0.751507
0 0.5625 0.516146 0 0.0634115 0.308296
0 0.5625 0.514287 0 0.0477058 0.307149
0 0.5625 0.487486 0 0.0313581 0.214304
0 0.5625 0.514911 0 0.0344884 0.211239
0 0.5625 0.52118 0 0.0745367 0.20207
0 0.5625 0.509961 0 0.031721 0.198312
0 0.5625 0.503932 0 0.0298468 0.193259
0 0.5625 0.519118 0 0.0551469 0.19273
0 0.5625 0.482539 0 0.0304596 0.179409
0 0.5625 0.500827 0 0.0255765 0.164273
0 0.5625 0.489511 0 0.0407506 0.161278
0 0.5625 0.576849 0 0.167431 0.158074
0 0.5625 0.49955 0 0.0293533 0.152987
0 0.5625 0.488384 0 0.0282173 0.1424
0 0.5625 0.528206 0 0.0591148 0.126679
0 0.5625 0.545928 0 0.0709446 0.120112
0 0.5625 0.489348 0 0.0414903 0.119465
0 0.5625 0.597626 0 0.136873 0.115922
0 0.5625 0.494699 0 0.0310282 0.112017
0 0.0458389 0.63937 0.0907751 0.0731745 0.105657
0 0.5625 0.477145 0 0.0212553 0.100198
0 0.5625 0.519017 0 0.0376689 0.100054
0 0.5625 0.582071 0 0.136553 0.098886
0 0.5625 0.541566 0 0.0931989 0.0860957
0 0.5625 0.551383 0 0.0843831 0.0807867
0 0.5625 0.497335 0 0.0234777 0.0783744
0 0.5625 0.499374 0 0.0244606 0.0716878
0 0.5625 0.599775 0 0.153134 0.0652498
0 0.5625 0.498157 0 0.0231286 0.0639181
0 0.0422838 0.953104 0.0808547 0.093791 0.0629744
0 0.5625 0.608378 0 0.109297 0.061006
0 0.0477837 0.569138 0.095348 0.21549 0.0593721
0 0.5625 0.570583 0 0.127733 0.0591649
0 0.5625 0.478753 0 0.0171588 0.0587455
0 0.5625 0.521409 0 0.088728 0.0587128
0 0.5625 0.603788 0 0.183727 0.0583569
0 0.429438 0.425267 0.0812514 0.0600501 0.0559878
0 0.0600266 0.634768 0.0678245 0.0598148 0.052781
0 0.0526215 0.67797 0.104266 0.158613 0.0515822
0 0.5625 0.499593 0 0.0289714 0.0510518
0 0.5625 0.657926 0 0.14334 0.0477459
0 0.5625 0.504268 0 0.0323039 0.0473073
0 0.283542 0.619928 0.0332711 0.0333923 0.0468792
0 0.800373 0.545886 0.0800202 0.135021 0.0466006
0 0.866596 0.500904 0.0207739 0.0241926 0.0455447
0 0.741573 0.549718 0.103952 0.143386 0.0450373
0 0.62963 0.595432 0.0821445 0.19043 0.0448562
0 0.0827793 0.633071 0.0848012 0.0613958 0.0427463
0 0.35265 0.568636 0.113727 0.213377 0.0411081
0 0.0929677 0.561082 0.186041 0.229649 0.039669
0 0.91369 0.508854 0.030522 0.0391768 0.0394806
0 0.0182191 0.640088 0.0370513 0.0629364 0.0390217
0 0.777601 0.502732 0.0462512 0.0435541 0.0389699
0 0.0404525 0.597831 0.0812029 0.140221 0.0388752
0 0.852586 0.536287 0.0217438 0.0329041 0.0382454
0 0.786721 0.528351 0.0549079 0.0881245 0.0380351
0 0.766765 0.621564 0.053234 0.110328 0.0378814
0 0.741985 0.574903 0.0808189 0.164084 0.0375236
0 0.779219 0.511974 0.0528929 0.0635149 0.0373292
0 0.771942 0.489537 0.0395051 0.0279964 0.0371307
0 0.0697223 0.644337 0.12717 0.0910461 0.0369131
0 0.284364 0.603432 0.035573 0.0459384 0.0361368
0 0.0724503 0.881585 0.140475 0.229625 0.0360638
0 0.764388 0.475061 0.0384413 0.0249319 0.0358978
0 0.919793 0.520985 0.0211996 0.0588574 0.0353481
0 0.997707 0.546455 0.0101057 0.062114 0.0350071
0 0.977672 0.477306 0.0141647 0.0179231 0.03491
0 0.767459 0.503054 0.0776795 0.0568631 0.0344971
0 0.739715 0.501973 0.0956858 0.0504489 0.0341445
0 0.0494613 0.843519 0.0934198 0.279274 0.033997
0 0.769403 0.480887 0.0298291 0.0221112 0.0337417
0 0.918252 0.538814 0.0290051 0.0461226 0.0331771
0 0.887922 0.526469 0.0771105 0.0981272 0.0331315
0 0.0840584 0.690753 0.157529 0.147032 0.0325257
0 0.010161 0.625287 0.0205991 0.0712509 0.0323279
0 0.275926 0.633965 0.0499542 0.0606244 0.031109
0 0.347326 0.591625 0.0896484 0.130943 0.0309906
0 0.850094 0.498883 0.124742 0.154354 0.0305078
0 0.0650733 0.596749 0.133102 0.151104 0.0302503
0 0.310223 0.577796 0.0361997 0.12463 0.0300585
0 0.734026 0.625046 0.0668419 0.124868 0.0297929
0 0.0186455 0.619642 0.0370263 0.0938554 0.029739
0 0.101439 0.630179 0.0604105 0.0405306 0.0297289
0 0.0119286 0.64341 0.0235372 0.0631093 0.0296724
0 0.0903157 0.730653 0.0459121 0.0363356 0.0289897
0 0.0803314 0.731264 0.0619539 0.0451063 0.028723
0 0.651048 0.647365 0.0742962 0.142101 0.0282993
0 0.0410784 0.699843 0.0758481 0.129677 0.0282079
0 0.0474632 0.620226 0.0857441 0.0639032 0.027971
0 0.15182 0.52804 0.302096 0.301325 0.0276975
0 0.445507 0.547774 0.295403 0.211592 0.0275432
0 0.748182 0.62166 0.0422219 0.115551 0.0274442
0 0.749349 0.489712 0.0779881 0.0336279 0.0273522
0 0.89217 0.508059 0.0259384 0.0456015 0.0271474
0 0.970665 0.477107 0.0122932 0.0163662 0.0270909
0 0.0299846 0.573114 0.0586126 0.174366 0.0269401
0 0.0738295 0.720174 0.0795509 0.0639435 0.026863
0 0.322738 0.594216 0.0584765 0.194171 0.0268445
0 0.656409 0.637165 0.0918404 0.206088 0.0266044
0 0.933323 0.811684 0.132853 0.360828 0.0265322
0 0.0275584 0.943828 0.0517801 0.115179 0.0264557
0 0.165089 0.573244 0.242994 0.181084 0.0263169
0 0.709401 0.642702 0.103024 0.159574 0.025799
0 0.117419 0.629109 0.0536542 0.0407109 0.0255999
0 0.629923 0.641394 0.0859546 0.170288 0.0253599
0 0.0154654 0.912299 0.0302825 0.130353 0.025345
0 0.0227925 0.887284 0.0450118 0.184617 0.0253217
0 0.726507 0.533281 0.0725613 0.115314 0.0253067
0 0.133862 0.71554 0.0685047 0.0506743 0.0252137
0 0.106403 0.702572 0.125192 0.108852 0.0252004
0 0.764269 0.478629 0.030301 0.0222685 0.0249923
0 0.304515 0.608357 0.0245808 0.125461 0.024878
0 0.0606205 0.79255 0.117613 0.335239 0.024639
0 0.0621424 0.713553 0.106514 0.0880832 0.0244093
0 0.723588 0.514726 0.0651896 0.0673928 0.0240012
0 0.889112 0.556826 0.057687 0.0774584 0.0239219
0 0.686742 0.631238 0.077183 0.163422 0.0238961
0 0.0555553 0.958277 0.0615529 0.0764991 0.0237623
0 0.0595891 0.934731 0.0953231 0.116477 0.0237262
0 0.130276 0.696305 0.0891008 0.0911784 0.0236947
0 0.908218 0.493148 0.0217125 0.0241956 0.0236207
0 0.517601 0.479564 0.159346 0.0692699 0.0232788
0 0.96678 0.0474135 0.0636644 0.150242 0.0232426
0 0.892951 0.48894 0.0271282 0.0284565 0.0230077
0 0.902247 0.506339 0.111274 0.126301 0.022984
0 0.99521 0.578637 0.0123249 0.0889331 0.0229324
0 0.986559 0.669153 0.0275427 0.229847 0.0228507
0 0.126749 0.616852 0.0863307 0.0677334 0.0227709
0 0.920659 0.494901 0.0173555 0.0259318 0.0226426
0 0.362857 0.613436 0.0653143 0.064264 0.0226214
0 0.395034 0.450218 0.164569 0.120493 0.0225993
0 0.134138 0.817423 0.244451 0.35668 0.022506
0 0.861777 0.509573 0.0216942 0.0257373 0.0223875
0 0.0108527 0.601302 0.0208642 0.095876 0.0223269
0 0.352168 0.349849 0.0659067 0.0641868 0.0221615
0 0.752606 0.653334 0.0425192 0.0756398 0.0220924
0 0.623168 0.963342 0.0764856 0.0832009 0.0219849
0 0.95032 0.859648 0.0995771 0.28988 0.0219696
0 0.818458 0.523296 0.0523798 0.0696476 0.0217478
0 0.37636 0.61308 0.0383509 0.042723 0.0217339
0 0.0325129 0.841346 0.0596261 0.252247 0.0216573
0 0.0981854 0.643969 0.140178 0.111351 0.0216208
0 0.312487 0.639979 0.0394309 0.140894 0.0215793
0 0.521011 0.954626 0.0924214 0.093879 0.0214583
0 0.0640142 0.893878 0.101994 0.108762 0.0213965
0 0.705913 0.547924 0.100435 0.103611 0.0212534
0 0.00771888 0.658417 0.0154817 0.0748378 0.0210894
0 0.28506 0.639055 0.0325796 0.0750671 0.020805
0 0.535275 0.490061 0.104617 0.078936 0.0207971
0 0.301197 0.630614 0.019834 0.0908884 0.020716
0 0.288588 0.59223 0.0352577 0.0909268 0.0206546
0 0.337889 0.574635 0.07245 0.189598 0.0206435
0 0.0866625 0.623917 0.110807 0.0714409 0.0206272
0 0.742208 0.127602 0.103067 0.161594 0.0205769
0 0.764201 0.100292 0.0668989 0.0937748 0.020561
0 0.335102 0.614719 0.0761855 0.129219 0.0205316
0 0.276594 0.617651 0.0476676 0.0457731 0.0203851
0 0.0183198 0.575716 0.034863 0.157343 0.0203742
0 0.332959 0.637367 0.0867295 0.331466 0.0203728
0 0.327462 0.75077 0.0717485 0.183266 0.0202304
0 0.979038 0.724804 0.0422064 0.275237 0.0201913
0 0.55081 0.613472 0.0290893 0.0342706 0.0201062
0 0.361537 0.768674 0.121243 0.18171 0.020036
0 0.0416299 0.486261 0.0856142 0.326276 0.019996
0 0.572411 0.961256 0.100075 0.0974876 0.0199746
0 0.692426 0.591281 0.077135 0.167935 0.0199183
0 0.677263 0.674767 0.0590941 0.11105 0.0199182
0 0.355944 0.618163 0.0867977 0.0832468 0.0198122
0 0.036532 0.872434 0.0720291 0.153413 0.0198103
0 0.657967 0.764917 0.0325681 0.0671583 0.0197684
0 0.960449 0.970415 0.053059 0.068299 0.0196012
0 0.959132 0.474663 0.0131344 0.0183426 0.0194239
0 0.0243695 0.670306 0.0485371 0.144841 0.019394
0 0.114128 0.594664 0.142986 0.129038 0.0191554
0 0.022643 0.700985 0.04572 0.129433 0.0190658
0 0.0177261 0.883743 0.0343998 0.129247 0.0190449
0 0.647993 0.553639 0.117559 0.10739 0.0190265
0 0.625411 0.558419 0.0694411 0.0982544 0.0189746
0 0.383208 0.527684 0.167619 0.226664 0.0189421
0 0.190711 0.588594 0.180906 0.144223 0.0189365
0 0.350121 0.527495 0.097987 0.13934 0.0188431
0 0.641397 0.623369 0.0625137 0.149487 0.0188265
0 0.466014 0.95171 0.108458 0.104667 0.0187777
0 0.550719 0.749214 0.182307 0.231091 0.0187516
0 0.979995 -0.0108694 0.0394829 0.0461092 0.0187055
0 0.369288 0.595591 0.0981919 0.100137 0.018585
0 0.915741 0.16079 0.170368 0.292301 0.0185683
0 0.814439 0.665326 0.0474988 0.0962479 0.0185454
0 0.144658 0.708591 0.0731578 0.0778912 0.0183722
0 0.0885441 0.912085 0.148586 0.156886 0.0183533
0 0.673972 0.575814 0.0720398 0.141446 0.0183224
0 0.0627124 0.56675 0.0854946 0.141281 0.0181054
0 0.932183 0.475882 0.0245922 0.0433435 0.0180404
0 0.696544 0.508977 0.100292 0.0797516 0.0180252
0 0.0662485 0.868858 0.0954926 0.0876565 0.0179448
0 0.585841 0.633396 0.118183 0.171428 0.0179437
0 0.832852 0.674328 0.0488529 0.0947162 0.0179212
0 0.787299 0.657005 0.0605164 0.101254 0.0179102
0 0.670703 0.500215 0.0822553 0.066403 0.0178233
0 0.631346 0.77226 0.0294542 0.0509489 0.0177557
0 0.0653576 0.603369 0.0604679 0.0723872 0.0177416
0 0.389558 0.611992 0.0332896 0.039704 0.0177353
0 0.800078 0.0945169 0.0571161 0.0890088 0.0177158
0 0.689856 0.538111 0.0668499 0.0746258 0.0176372
0 0.971611 0.873331 0.0516838 0.179194 0.0175847
0 0.109192 0.718601 0.0652699 0.0524568 0.0175823
0 0.114072 0.72397 0.0887624 0.0836675 0.0175209
0 0.286114 0.575596 0.0411763 0.0829887 0.0175061
0 0.791405 0.0942903 0.0451109 0.0713079 0.0173951
0 0.881465 0.0610247 0.0382685 0.0641653 0.0173609
0 0.45798 0.682866 0.0313069 0.0381378 0.0173414
0 0.805439 0.393071 0.026495 0.0418171 0.0173068
0 0.0325301 0.715785 0.0605727 0.100009 0.017291
0 0.740678 0.780506 0.0520534 0.103336 0.0172426
0 0.0299963 0.830071 0.0584327 0.131206 0.0170163
0 0.32233 0.62898 0.054378 0.118973 0.0169711
0 0.0130825 0.994024 0.0270251 0.0448658 0.0169673
0 0.580871 0.59075 0.10913 0.14963 0.0168013
0 0.122867 0.722922 0.0696666 0.0484519 0.0167988
0 0.719262 0.780811 0.0585763 0.115736 0.0167895
0 0.986473 0.968108 0.0263767 0.0635596 0.0167313
0 0.25637 0.601446 0.102283 0.0754233 0.0167254
0 0.398696 0.417433 0.142339 0.140203 0.0167101
0 0.0412109 0.53463 0.0772286 0.186785 0.0166246
0 0.745696 0.0656437 0.0436378 0.0724585 0.0165332
0 0.47675 0.7574 0.0258502 0.0338725 0.0165276
0 0.847208 0.0951009 0.0624536 0.105567 0.0163308
0 0.613405 0.726615 0.0765897 0.10462 0.0162872
0 0.714737 0.495754 0.0464741 0.035247 0.0162609
0 0.0102693 0.696128 0.0197415 0.0997381 0.0162398
0 0.0155341 0.795671 0.0324407 0.168402 0.0162294
0 0.982529 0.521581 0.0236021 0.0658663 0.0161977
0 0.961388 0.95754 0.0804262 0.116442 0.0161765
0 0.592697 1.0161 0.0315846 0.0314433 0.0161549
0 0.752149 0.467638 0.0552623 0.0431308 0.0161531
0 0.264396 0.649207 0.0763409 0.0908287 0.0161356
0 0.46632 0.796089 0.0280316 0.054695 0.0160865
0 0.993844 0.606336 0.0139303 0.114571 0.0159611
0 0.605481 0.625238 0.0968079 0.0867419 0.0159567
0 0.364152 0.356171 0.0453009 0.0494763 0.015858
0 0.0744541 0.363823 0.134758 0.187222 0.0158578
0 0.679786 0.52651 0.0523976 0.0498372 0.0158325
0 0.30873 0.768607 0.0401384 0.10018 0.0156725
0 0.610677 0.635791 0.0828246 0.207443 0.0156559
0 0.991632 0.634142 0.018075 0.161898 0.0156042
0 0.156245 0.711006 0.060466 0.0481291 0.0155199
0 0.75888 0.0686254 0.0562514 0.0862456 0.0154974
0 0.836768 0.585683 0.0534573 0.135213 0.0154927
0 0.425442 0.413413 0.0624529 0.0530658 0.0154882
0 0.367566 0.80993 0.117581 0.118069 0.0154591
0 0.854776 0.479774 0.0602316 0.0990412 0.0154368
0 0.605163 0.586386 0.0651833 0.125226 0.0153842
0 0.971433 0.782293 0.0508575 0.267803 0.0153754
0 0.897117 0.541762 0.0206833 0.0471928 0.0153645
0 0.95893 1.00138 0.049029 0.0399412 0.0153532
0 0.657288 0.529827 0.0918242 0.0602728 0.0153327
0 0.880532 0.442273 0.0477648 0.0798938 0.0152875
0 0.32429 0.552759 0.0572935 0.155688 0.0152628
0 0.931183 0.530517 0.0152002 0.0340994 0.0152627
0 0.308584 0.740226 0.04574 0.125804 0.0152119
0 0.0796387 0.955618 0.104985 0.0940013 0.0152064
0 0.928083 0.537053 0.0173666 0.0374644 0.0151989
0 0.264036 0.842224 0.0671459 0.0809896 0.015149
0 0.106169 0.620374 0.0823686 0.0629389 0.0150945
0 0.877985 0.479846 0.0278385 0.0360357 0.0150639
0 0.309349 0.696878 0.0393482 0.123891 0.0150015
0 0.091829 0.781357 0.147562 0.180022 0.0149864
0 0.814257 0.598601 0.0401435 0.0928232 0.0149577
0 0.125502 0.774281 0.0941557 0.0991123 0.0149539
0 0.00867247 0.724876 0.0178279 0.0848255 0.014889
0 0.147352 0.638968 0.141514 0.117846 0.0148753
0 0.593338 0.834229 0.0610332 0.0748266 0.0148623
0 0.0090196 0.956851 0.0184143 0.062932 0.0148384
0 0.456752 0.425527 0.14148 0.0963544 0.0148216
0 0.0313996 0.803111 0.055063 0.0821894 0.0148102
0 0.746392 0.476874 0.0447234 0.043814 0.0148036
0 0.581734 1.01583 0.0339065 0.0321755 0.0147779
0 0.755775 0.724364 0.0416781 0.0873079 0.0147693
0 0.262197 0.566992 0.0462308 0.0643652 0.0147373
0 0.341282 0.413395 0.0593459 0.0962213 0.0147339
0 0.354498 0.498451 0.0970131 0.077201 0.0147079
0 0.934635 1.00064 0.0443083 0.0342077 0.0145433
0 0.718645 0.119891 0.0954117 0.14167 0.0145378
0 0.597276 0.50202 0.028288 0.0256096 0.0145333
0 0.699478 0.665894 0.0725259 0.120207 0.0145246
0 0.302324 0.56013 0.0295595 0.156113 0.0144624
0 0.94442 0.470062 0.0156567 0.0217835 0.0144515
0 0.786868 0.512271 0.0837525 0.0851202 0.0143894
0 0.845426 0.502293 0.0426939 0.0531751 0.0143814
0 0.0779015 0.863955 0.0750342 0.067436 0.0143801
0 0.52785 0.472579 0.0991899 0.0616842 0.0143696
0 0.553215 0.599363 0.0407036 0.0622412 0.0143647
0 0.812731 0.734034 0.0529257 0.099792 0.0143474
0 0.5625 0.613265 0 0.231041 0.930646
0 0.42706 0.664451 0.270879 0.445426 0.890827
0 0.5625 0.571927 0 0.190486 0.867165
0 0.5625 0.540107 0 0.0802913 0.828486
0 0.5625 0.50475 0 0.0327588 0.80145
0 0.5625 0.520646 0 0.0774677 0.759129
0 0.5625 0.513446 0 0.0572546 0.751507
0 0.5625 0.516146 0 0.0634115 0.308296
0 0.5625 0.514287 0 0.0477058 0.307149
0 0.5625 0.487486 0 0.0313581 0.214304
0 0.5625 0.514911 0 0.0344884 0.211239
0 0.5625 0.52118 0 0.0745367 0.20207
0 0.5625 0.509961 0 0.031721 0.198312
0 0.5625 0.503932 0 0.0298468 0.193259
0 0.5625 0.519118 0 0.0551469 0.19273
0 0.5625 0.482539 0 0.0304596 0.179409
0 0.5625 0.500827 0 0.0255765 0.164273
0 0.5625 0.489511 0 0.0407506 0.161278
0 0.5625 0.576849 0 0.167431 0.158074
0 0.5625 0.49955 0 0.0293533 0.152987
0 0.5625 0.488384 0 0.0282173 0.1424
0 0.5625 0.528206 0 0.0591148 0.126679
0 0.5625 0.545928 0 0.0709446 0.120112
0 0.5625 0.489348 0 0.0414903 0.119465
0 0.5625 0.597626 0 0.136873 0.115922
0 0.5625 0.494699 0 0.0310282 0.112017
0 0.0458389 0.63937 0.0907751 0.0731745 0.105657
0 0.5625 0.477145 0 0.0212553 0.100198
0 0.5625 0.519017 0 0.0376689 0.100054
0 0.5625 0.582071 0 0.136553 0.098886
0 0.5625 0.541566 0 0.0931989 0.0860957
0 0.5625 0.551383 0 0.0843831 0.0807867
0 0.5625 0.497335 0 0.0234777 0.0783744
0 0.5625 0.499374 0 0.0244606 0.0716878
0 0.5625 0.599775 0 0.153134 0.0652498
0 0.5625 0.498157 0 0.0231286 0.0639181
0 0.0422838 0.953104 0.0808547 0.093791 0.0629744
0 0.5625 0.608378 0 0.109297 0.061006
0 0.0477837 0.569138 0.095348 0.21549 0.0593721
0 0.5625 0.570583 0 0.127733 0.0591649
0 0.5625 0.478753 0 0.0171588 0.0587455
0 0.5625 0.521409 0 0.088728 0.0587128
0 0.5625 0.603788 0 0.183727 0.0583569
0 0.429438 0.425267 0.0812514 0.0600501 0.0559878
0 0.0600266 0.634768 0.0678245 0.0598148 0.052781
0 0.0526215 0.67797 0.104266 0.158613 0.0515822
0 0.5625 0.499593 0 0.0289714 0.0510518
0 0.5625 0.657926 0 0.14334 0.0477459
0 0.5625 0.504268 0 0.0323039 0.0473073
0 0.283542 0.619928 0.0332711 0.0333923 0.0468792
0 0.800373 0.545886 0.0800202 0.135021 0.0466006
0 0.866596 0.500904 0.0207739 0.0241926 0.0455447
0 0.741573 0.549718 0.103952 0.143386 0.0450373
0 0.62963 0.595432 0.0821445 0.19043 0.0448562
0 0.0827793 0.633071 0.0848012 0.0613958 0.0427463
0 0.35265 0.568636 0.113727 0.213377 0.0411081
0 0.0929677 0.561082 0.186041 0.229649 0.039669
0 0.91369 0.508854 0.030522 0.0391768 0.0394806
0 0.0182191 0.640088 0.0370513 0.0629364 0.0390217
0 0.777601 0.502732 0.0462512 0.0435541 0.0389699
0 0.0404525 0.597831 0.0812029 0.140221 0.0388752
0 0.852586 0.536287 0.0217438 0.0329041 0.0382454
0 0.786721 0.528351 0.0549079 0.0881245 0.0380351
0 0.766765 0.621564 0.053234 0.110328 0.0378814
0 0.741985 0.574903 0.0808189 0.164084 0.0375236
0 0.779219 0.511974 0.0528929 0.0635149 0.0373292
0 0.771942 0.489537 0.0395051 0.0279964 0.0371307
0 0.0697223 0.644337 0.12717 0.0910461 0.0369131
0 0.284364 0.603432 0.035573 0.0459384 0.0361368
0 0.0724503 0.881585 0.140475 0.229625 0.0360638
0 0.764388 0.475061 0.0384413 0.0249319 0.0358978
0 0.919793 0.520985 0.0211996 0.0588574 0.0353481
0 0.997707 0.546455 0.0101057 0.062114 0.0350071
0 0.977672 0.477306 0.0141647 0.0179231 0.03491
0 0.767459 0.503054 0.0776795 0.0568631 0.0344971
0 0.739715 0.501973 0.0956858 0.0504489 0.0341445
0 0.0494613 0.843519 0.0934198 0.279274 0.033997
0 0.769403 0.480887 0.0298291 0.0221112 0.0337417
0 0.918252 0.538814 0.0290051 0.0461226 0.0331771
0 0.887922 0.526469 0.0771105 0.0981272 0.0331315
0 0.0840584 0.690753 0.157529 0.147032 0.0325257
0 0.010161 0.625287 0.0205991 0.0712509 0.0323279
0 0.275926 0.633965 0.0499542 0.0606244 0.031109
0 0.347326 0.591625 0.0896484 0.130943 0.0309906
0 0.850094 0.498883 0.124742 0.154354 0.0305078
0 0.0650733 0.596749 0.133102 0.151104 0.0302503
0 0.310223 0.577796 0.0361997 0.12463 0.0300585
0 0.734026 0.625046 0.0668419 0.124868 0.0297929
0 0.0186455 0.619642 0.0370263 0.0938554 0.029739
0 0.101439 0.630179 0.0604105 0.0405306 0.0297289
0 0.0119286 0.64341 0.0235372 0.0631093 0.0296724
0 0.0903157 0.730653 0.0459121 0.0363356 0.0289897
0 0.0803314 0.731264 0.0619539 0.0451063 0.028723
0 0.651048 0.647365 0.0742962 0.142101 0.0282993
0 0.0410784 0.699843 0.0758481 0.129677 0.0282079
0 0.0474632 0.620226 0.0857441 0.0639032 0.027971
0 0.15182 0.52804 0.302096 0.301325 0.0276975
0 0.445507 0.547774 0.295403 0.211592 0.0275432
0 0.748182 0.62166 0.0422219 0.115551 0.0274442
0 0.749349 0.489712 0.0779881 0.0336279 0.0273522
0 0.89217 0.508059 0.0259384 0.0456015 0.0271474
0 0.970665 0.477107 0.0122932 0.0163662 0.0270909
0 0.0299846 0.573114 0.0586126 0.174366 0.0269401
0 0.0738295 0.720174 0.0795509 0.0639435 0.026863
0 0.322738 0.594216 0.0584765 0.194171 0.0268445
0 0.656409 0.637165 0.0918404 0.206088 0.0266044
0 0.933323 0.811684 0.132853 0.360828 0.0265322
0 0.0275584 0.943828 0.0517801 0.115179 0.0264557
0 0.165089 0.573244 0.242994 0.181084 0.0263169
0 0.709401 0.642702 0.103024 0.159574 0.025799
0 0.117419 0.629109 0.0536542 0.0407109 0.0255999
0 0.629923 0.641394 0.0859546 0.170288 0.0253599
0 0.0154654 0.912299 0.0302825 0.130353 0.025345
0 0.0227925 0.887284 0.0450118 0.184617 0.0253217
0 0.726507 0.533281 0.0725613 0.115314 0.0253067
0 0.133862 0.71554 0.0685047 0.0506743 0.0252137
0 0.106403 0.702572 0.125192 0.108852 0.0252004
0 0.764269 0.478629 0.030301 0.0222685 0.0249923
0 0.304515 0.608357 0.0245808 0.125461 0.024878
0 0.0606205 0.79255 0.117613 0.335239 0.024639
0 0.0621424 0.713553 0.106514 0.0880832 0.0244093
0 0.723588 0.514726 0.0651896 0.0673928 0.0240012
0 0.889112 0.556826 0.057687 0.0774584 0.0239219
0 0.686742 0.631238 0.077183 0.163422 0.0238961
0 0.0555553 0.958277 0.0615529 0.0764991 0.0237623
0 0.0595891 0.934731 0.0953231 0.116477 0.0237262
0 0.130276 0.696305 0.0891008 0.0911784 0.0236947
0 0.908218 0.493148 0.0217125 0.0241956 0.0236207
0 0.517601 0.479564 0.159346 0.0692699 0.0232788
0 0.96678 0.0474135 0.0636644 0.150242 0.0232426
0 0.892951 0.48894 0.0271282 0.0284565 0.0230077
0 0.902247 0.506339 0.111274 0.126301 0.022984
0 0.99521 0.578637 0.0123249 0.0889331 0.0229324
0 0.986559 0.669153 0.0275427 0.229847 0.0228507
0 0.126749 0.616852 0.0863307 0.0677334 0.0227709
0 0.920659 0.494901 0.0173555 0.0259318 0.0226426
0 0.362857 0.613436 0.0653143 0.064264 0.0226214
0 0.395034 0.450218 0.164569 0.120493 0.0225993
0 0.134138 0.817423 0.244451 0.35668 0.022506
0 0.861777 0.509573 0.0216942 0.0257373 0.0223875
0 0.0108527 0.601302 0.0208642 0.095876 0.0223269
0 0.352168 0.349849 0.0659067 0.0641868 0.0221615
0 0.752606 0.653334 0.0425192 0.0756398 0.0220924
0 0.623168 0.963342 0.0764856 0.0832009 0.0219849
0 0.95032 0.859648 0.0995771 0.28988 0.0219696
0 0.818458 0.523296 0.0523798 0.0696476 0.0217478
0 0.37636 0.61308 0.0383509 0.042723 0.0217339
0 0.0325129 0.841346 0.0596261 0.252247 0.0216573
0 0.0981854 0.643969 0.140178 0.111351 0.0216208
0 0.312487 0.639979 0.0394309 0.140894 0.0215793
0 0.521011 0.954626 0.0924214 0.093879 0.0214583
0 0.0640142 0.893878 0.101994 0.108762 0.0213965
0 0.705913 0.547924 0.100435 0.103611 0.0212534
0 0.00771888 0.658417 0.0154817 0.0748378 0.0210894
0 0.28506 0.639055 0.0325796 0.0750671 0.020805
0 0.535275 0.490061 0.104617 0.078936 0.0207971
0 0.301197 0.630614 0.019834 0.0908884 0.020716
0 0.288588 0.59223 0.0352577 0.0909268 0.0206546
0 0.337889 0.574635 0.07245 0.189598 0.0206435
0 0.0866625 0.623917 0.110807 0.0714409 0.0206272
0 0.742208 0.127602 0.103067 0.161594 0.0205769
0 0.764201 0.100292 0.0668989 0.0937748 0.020561
0 0.335102 0.614719 0.0761855 0.129219 0.0205316
0 0.276594 0.617651 0.0476676 0.0457731 0.0203851
0 0.0183198 0.575716 0.034863 0.157343 0.0203742
0 0.332959 0.637367 0.0867295 0.331466 0.0203728
0 0.327462 0.75077 0.0717485 0.183266 0.0202304
0 0.979038 0.724804 0.0422064 0.275237 0.0201913
0 0.55081 0.613472 0.0290893 0.0342706 0.0201062
0 0.361537 0.768674 0.121243 0.18171 0.020036
0 0.0416299 0.486261 0.0856142 0.326276 0.019996
0 0.572411 0.961256 0.100075 0.0974876 0.0199746
0 0.692426 0.591281 0.077135 0.167935 0.0199183
0 0.677263 0.674767 0.0590941 0.11105 0.0199182
0 0.355944 0.618163 0.0867977 0.0832468 0.0198122
0 0.036532 0.872434 0.0720291 0.153413 0.0198103
0 0.657967 0.764917 0.0325681 0.0671583 0.0197684
0 0.960449 0.970415 0.053059 0.068299 0.0196012
0 0.959132 0.474663 0.0131344 0.0183426 0.0194239
0 0.0243695 0.670306 0.0485371 0.144841 0.019394
0 0.114128 0.594664 0.142986 0.129038 0.0191554
0 0.022643 0.700985 0.04572 0.129433 0.0190658
0 0.0177261 0.883743 0.0343998 0.129247 0.0190449
0 0.647993 0.553639 0.117559 0.10739 0.0190265
0 0.625411 0.558419 0.0694411 0.0982544 0.0189746
0 0.383208 0.527684 0.167619 0.226664 0.0189421
0 0.190711 0.588594 0.180906 0.144223 0.0189365
0 0.350121 0.527495 0.097987 0.13934 0.0188431
0 0.641397 0.623369 0.0625137 0.149487 0.0188265
0 0.466014 0.95171 0.108458 0.104667 0.0187777
0 0.550719 0.749214 0.182307 0.231091 0.0187516
0 0.979995 -0.0108694 0.0394829 0.0461092 0.0187055
0 0.369288 0.595591 0.0981919 0.100137 0.018585
0 0.915741 0.16079 0.170368 0.292301 0.0185683
0 0.814439 0.665326 0.0474988 0.0962479 0.0185454
0 0.144658 0.708591 0.0731578 0.0778912 0.0183722
0 0.0885441 0.912085 0.148586 0.156886 0.0183533
0 0.673972 0.575814 0.0720398 0.141446 0.0183224
0 0.0627124 0.56675 0.0854946 0.141281 0.0181054
0 0.932183 0.475882 0.0245922 0.0433435 0.0180404
0 0.696544 0.508977 0.100292 0.0797516 0.0180252
0 0.0662485 0.868858 0.0954926 0.0876565 0.0179448
0 0.585841 0.633396 0.118183 0.171428 0.0179437
0 0.832852 0.674328 0.0488529 0.0947162 0.0179212
0 0.787299 0.657005 0.0605164 0.101254 0.0179102
0 0.670703 0.500215 0.0822553 0.066403 0.0178233
0 0.631346 0.77226 0.0294542 0.0509489 0.0177557
0 0.0653576 0.603369 0.0604679 0.0723872 0.0177416
0 0.389558 0.611992 0.0332896 0.039704 0.0177353
0 0.800078 0.0945169 0.0571161 0.0890088 0.0177158
0 0.689856 0.538111 0.0668499 0.0746258 0.0176372
0 0.971611 0.873331 0.0516838 0.179194 0.0175847
0 0.109192 0.718601 0.0652699 0.0524568 0.0175823
0 0.114072 0.72397 0.0887624 0.0836675 0.0175209
0 0.286114 0.575596 0.0411763 0.0829887 0.0175061
0 0.791405 0.0942903 0.0451109 0.0713079 0.0173951
0 0.881465 0.0610247 0.0382685 0.0641653 0.0173609
0 0.45798 0.682866 0.0313069 0.0381378 0.0173414
0 0.805439 0.393071 0.026495 0.0418171 0.0173068
0 0.0325301 0.715785 0.0605727 0.100009 0.017291
0 0.740678 0.780506 0.0520534 0.103336 0.0172426
0 0.0299963 0.830071 0.0584327 0.131206 0.0170163
0 0.32233 0.62898 0.054378 0.118973 0.0169711
0 0.0130825 0.994024 0.0270251 0.0448658 0.0169673
0 0.580871 0.59075 0.10913 0.14963 0.0168013
0 0.122867 0.722922 0.0696666 0.0484519 0.0167988
0 0.719262 0.780811 0.0585763 0.115736 0.0167895
0 0.986473 0.968108 0.0263767 0.0635596 0.0167313
0 0.25637 0.601446 0.102283 0.0754233 0.0167254
0 0.398696 0.417433 0.142339 0.140203 0.0167101
0 0.0412109 0.53463 0.0772286 0.186785 0.0166246
0 0.745696 0.0656437 0.0436378 0.0724585 0.0165332
0 0.47675 0.7574 0.0258502 0.0338725 0.0165276
0 0.847208 0.0951009 0.0624536 0.105567 0.0163308
0 0.613405 0.726615 0.0765897 0.10462 0.0162872
0 0.714737 0.495754 0.0464741 0.035247 0.0162609
0 0.0102693 0.696128 0.0197415 0.0997381 0.0162398
0 0.0155341 0.795671 0.0324407 0.168402 0.0162294
0 0.982529 0.521581 0.0236021 0.0658663 0.0161977
0 0.961388 0.95754 0.0804262 0.116442 0.0161765
0 0.592697 1.0161 0.0315846 0.0314433 0.0161549
0 0.752149 0.467638 0.0552623 0.0431308 0.0161531
0 0.264396 0.649207 0.0763409 0.0908287 0.0161356
0 0.46632 0.796089 0.0280316 0.054695 0.0160865
0 0.993844 0.606336 0.0139303 0.114571 0.0159611
0 0.605481 0.625238 0.0968079 0.0867419 0.0159567
0 0.364152 0.356171 0.0453009 0.0494763 0.015858
0 0.0744541 0.363823 0.134758 0.187222 0.0158578
0 0.679786 0.52651 0.0523976 0.0498372 0.0158325
0 0.30873 0.768607 0.0401384 0.10018 0.0156725
0 0.610677 0.635791 0.0828246 0.207443 0.0156559
0 0.991632 0.634142 0.018075 0.161898 0.0156042
0 0.156245 0.711006 0.060466 0.0481291 0.0155199
0 0.75888 0.0686254 0.0562514 0.0862456 0.0154974
0 0.836768 0.585683 0.0534573 0.135213 0.0154927
0 0.425442 0.413413 0.0624529 0.0530658 0.0154882
0 0.367566 0.80993 0.117581 0.118069 0.0154591
0 0.854776 0.479774 0.0602316 0.0990412 0.0154368
0 0.605163 0.586386 0.0651833 0.125226 0.0153842
0 0.971433 0.782293 0.0508575 0.267803 0.0153754
0 0.897117 0.541762 0.0206833 0.0471928 0.0153645
0 0.95893 1.00138 0.049029 0.0399412 0.0153532
0 0.657288 0.529827 0.0918242 0.0602728 0.0153327
0 0.880532 0.442273 0.0477648 0.0798938 0.0152875
0 0.32429 0.552759 0.0572935 0.155688 0.0152628
0 0.931183 0.530517 0.0152002 0.0340994 0.0152627
0 0.308584 0.740226 0.04574 0.125804 0.0152119
0 0.0796387 0.955618 0.104985 0.0940013 0.0152064
0 0.928083 0.537053 0.0173666 0.0374644 0.0151989
0 0.264036 0.842224 0.0671459 0.0809896 0.015149
0 0.106169 0.620374 0.0823686 0.0629389 0.0150945
0 0.877985 0.479846 0.0278385 0.0360357 0.0150639
0 0.309349 0.696878 0.0393482 0.123891 0.0150015
0 0.091829 0.781357 0.147562 0.180022 0.0149864
0 0.814257 0.598601 0.0401435 0.0928232 0.0149577
0 0.125502 0.774281 0.0941557 0.0991123 0.0149539
0 0.00867247 0.724876 0.0178279 0.0848255 0.014889
0 0.147352 0.638968 0.141514 0.117846 0.0148753
0 0.593338 0.834229 0.0610332 0.0748266 0.0148623
0 0.0090196 0.956851 0.0184143 0.062932 0.0148384
0 0.456752 0.425527 0.14148 0.0963544 0.0148216
0 0.0313996 0.803111 0.055063 0.0821894 0.0148102
0 0.746392 0.476874 0.0447234 0.043814 0.0148036
0 0.581734 1.01583 0.0339065 0.0321755 0.0147779
0 0.755775 0.724364 0.0416781 0.0873079 0.0147693
0 0.262197 0.566992 0.0462308 0.0643652 0.0147373
0 0.341282 0.413395 0.0593459 0.0962213 0.0147339
0 0.354498 0.498451 0.0970131 0.077201 0.0147079
0 0.934635 1.00064 0.0443083 0.0342077 0.0145433
0 0.718645 0.119891 0.0954117 0.14167 0.0145378
0 0.597276 0.50202 0.028288 0.0256096 0.0145333
0 0.699478 0.665894 0.0725259 0.120207 0.0145246
0 0.302324 0.56013 0.0295595 0.156113 0.0144624
0 0.94442 0.470062 0.0156567 0.0217835 0.0144515
0 0.786868 0.512271 0.0837525 0.0851202 0.0143894
0 0.845426 0.502293 0.0426939 0.0531751 0.0143814
0 0.0779015 0.863955 0.0750342 0.067436 0.0143801
0 0.52785 0.472579 0.0991899 0.0616842 0.0143696
0 0.553215 0.599363 0.0407036 0.0622412 0.0143647
0 0.812731 0.734034 0.0529257 0.099792 0.0143474
