0 0.5625 0.464112 0 0.0605525 0.89147
0 0.5625 0.457874 0 0.0560833 0.869076
0 0.142815 0.489528 0.0815191 0.102202 0.845959
0 0.5625 0.447831 0 0.0326575 0.572288
0 0.5625 0.446687 0 0.0302096 0.548109
0 0.5625 0.447499 0 0.0398173 0.53146
0 0.5625 0.451363 0 0.0342816 0.518517
0 0.5625 0.447105 0 0.0298169 0.491037
0 0.0567927 0.450622 0.0457873 0.0526177 0.461113
0 0.341762 0.443838 0.0527138 0.0476946 0.453661
0 0.271852 0.449281 0.0278751 0.0300399 0.434633
0 0.114293 0.447474 0.0233866 0.0283365 0.434197
0 0.281257 0.444771 0.0448753 0.038844 0.422308
0 0.5625 0.443125 0 0.0279986 0.413177
0 0.498843 0.454059 0.0608132 0.0494242 0.39814
0 0.557962 0.45188 0.00907669 0.0321691 0.394362
0 0.306395 0.44138 0.0470099 0.0475523 0.39321
0 0.487301 0.457285 0.0387387 0.0394986 0.377813
0 0.5625 0.448218 0 0.0336897 0.374293
0 0.536645 0.452792 0.0447772 0.0466554 0.366827
0 0.250972 0.444017 0.0379175 0.0323384 0.347632
0 0.5625 0.447229 0 0.0291195 0.336283
0 0.0470437 0.438584 0.0639053 0.08142 0.328092
0 0.51727 0.456317 0.0319303 0.0427094 0.324986
0 0.5625 0.452344 0 0.0348878 0.32069
0 0.5625 0.460616 0 0.0568154 0.313108
0 0.443675 0.449044 0.0471126 0.0482312 0.302555
0 0.406242 0.453056 0.0462526 0.0385931 0.300142
0 0.5625 0.454062 0 0.0430192 0.279695
0 0.5625 0.451151 0 0.0464598 0.275236
0 0.5625 0.456646 0 0.0459991 0.272006
0 0.5625 0.442791 0 0.0387212 0.269245
0 0.241595 0.444639 0.0277235 0.0285478 0.268507
0 0.5625 0.467741 0 0.0663006 0.252441
0 0.5625 0.441307 0 0.0388727 0.246588
0 0.5625 0.448298 0 0.0276583 0.243945
0 0.35374 0.440894 0.0739399 0.0580315 0.237211
0 0.5625 0.438344 0 0.039699 0.236972
0 0.5625 0.446806 0 0.0245107 0.234585
0 0.5625 0.457165 0 0.0526407 0.233779
0 0.5625 0.44563 0 0.0282719 0.227078
0 0.5625 0.446369 0 0.0228338 0.227002
0 0.5625 0.437409 0 0.022434 0.217843
0 0.408015 0.438212 0.0546126 0.0671327 0.214297
0 0.5625 0.448526 0 0.0260191 0.210747
0 0.5625 0.440319 0 0.0232193 0.210725
0 0.5625 0.443822 0 0.0212392 0.210471
0 0.178368 0.449447 0.0229961 0.0364885 0.209489
0 0.268408 0.453058 0.0215145 0.0236286 0.208599
0 0.5625 0.443101 0 0.0256744 0.202982
0 0.643044 0.453995 0.0220474 0.0265916 0.196269
0 0.374073 0.436629 0.0895479 0.0687191 0.194898
0 0.385174 0.445654 0.0640049 0.049565 0.194546
0 0.92062 0.430046 0.0327251 0.024242 0.193602
0 0.928595 0.439114 0.0488022 0.0388316 0.190342
0 0.42849 0.442517 0.0665725 0.0621123 0.1886
0 0.648199 0.448531 0.0247927 0.0273815 0.185302
0 0.713305 0.446463 0.0259841 0.0260878 0.179162
0 0.575122 0.450558 0.02109 0.0248839 0.175034
0 0.854778 0.463209 0.0652613 0.0524323 0.173764
0 0.815516 0.440846 0.0202538 0.0201486 0.172674
0 0.363353 0.445503 0.0537545 0.044731 0.171212
0 0.715297 0.454649 0.0317472 0.0367422 0.170687
0 0.813339 0.445637 0.0215979 0.0211884 0.17044
0 0.18441 0.438386 0.0274596 0.0357666 0.169521
0 0.633913 0.446358 0.0320217 0.0351551 0.163861
0 0.168497 0.478786 0.0369169 0.0849935 0.161506
0 0.29247 0.446328 0.0246576 0.0331285 0.160848
0 0.932441 0.431458 0.0579079 0.0362513 0.159736
0 0.799692 0.446837 0.0189585 0.0246384 0.156811
0 0.112472 0.459204 0.0250836 0.0399775 0.154615
0 0.896504 0.446764 0.0430304 0.0359371 0.15411
0 0.75588 0.458517 0.0407414 0.051384 0.153382
0 0.259392 0.44871 0.0212706 0.0248977 0.152544
0 0.941097 0.439887 0.0394285 0.0497381 0.152173
0 0.974146 0.474129 0.0513128 0.0937704 0.151135
0 0.7122 0.453251 0.0151086 0.0207332 0.150317
0 0.474392 0.44348 0.079006 0.0674414 0.150041
0 0.239631 0.447658 0.0210364 0.0225261 0.148895
0 0.63599 0.451343 0.0201007 0.0244076 0.147668
0 0.568832 0.444219 0.0376754 0.047414 0.147231
0 0.819995 0.438739 0.0263886 0.0243893 0.146918
0 0.666197 0.447973 0.022194 0.0227201 0.146777
0 0.821655 0.451249 0.038909 0.0357023 0.146437
0 0.95073 0.444485 0.0200439 0.0246853 0.145628
0 0.620757 0.445228 0.0256969 0.0267348 0.145439
0 0.00620772 0.449145 0.0124499 0.0578733 0.141817
0 0.56118 0.449025 0.0324021 0.0359583 0.140307
0 0.543237 0.448719 0.0297356 0.0328066 0.139354
0 0.22727 0.441227 0.0575262 0.0400398 0.139331
0 0.768805 0.464062 0.0715344 0.0717193 0.137197
0 0.777486 0.446913 0.0241948 0.0317915 0.136314
0 0.254998 0.45137 0.0187175 0.0229008 0.135673
0 0.23278 0.443898 0.0364987 0.0309547 0.135436
0 0.485186 0.457639 0.0280811 0.0311702 0.135212
0 0.470414 0.454748 0.0478553 0.0480576 0.133948
0 0.0132942 0.444029 0.0266625 0.0657199 0.13345
0 0.751939 0.446703 0.020113 0.0237113 0.132937
0 0.262636 0.453432 0.0184046 0.0231623 0.132029
0 0.803452 0.464508 0.04113 0.056938 0.130727
0 0.0441636 0.421613 0.0596749 0.0521257 0.130239
0 0.479603 0.45973 0.0217361 0.029947 0.127981
0 0.586739 0.445635 0.027394 0.0265242 0.127852
0 0.993496 0.460914 0.0136515 0.0479011 0.127851
0 0.792809 0.445431 0.0157628 0.0212974 0.12743
0 0.265331 0.447966 0.0222031 0.0251673 0.12609
0 0.441093 0.434945 0.0641209 0.075834 0.125723
0 0.152567 0.453159 0.0560738 0.0440312 0.125651
0 0.520899 0.455602 0.0198221 0.0290571 0.125381
0 0.0242778 0.446055 0.045668 0.0669783 0.124552
0 0.560852 0.451438 0.0212077 0.0266535 0.124437
0 0.675362 0.4474 0.0217079 0.0235327 0.12347
0 0.518019 0.462468 0.0246301 0.0311923 0.121937
0 0.5121 0.458073 0.0213261 0.0276763 0.120889
0 0.109883 0.473989 0.0344255 0.0800296 0.120027
0 0.279724 0.448683 0.0259564 0.0266847 0.119189
0 0.0765043 0.48517 0.0610931 0.0888079 0.117897
0 0.161675 0.447856 0.0460804 0.0366435 0.116971
0 0.652206 0.455206 0.0256776 0.0277857 0.116902
0 0.397291 0.453369 0.026498 0.0286029 0.116062
0 0.250712 0.448083 0.0218796 0.0237149 0.115965
0 0.318003 0.447687 0.020305 0.034241 0.115935
0 0.182677 0.442975 0.0214621 0.0302333 0.114029
0 0.327731 0.444708 0.0253189 0.036235 0.110617
0 0.705606 0.445981 0.0169659 0.0213329 0.110133
0 0.124598 0.44697 0.045201 0.0394807 0.110118
0 0.404308 0.454312 0.0346027 0.0306029 0.108301
0 0.09778 0.447146 0.0386579 0.0442738 0.108281
0 0.934093 0.455753 0.0536488 0.0539573 0.106524
0 0.544972 0.448499 0.0232498 0.0244748 0.105156
0 0.212301 0.438251 0.0547353 0.0370614 0.104833
0 0.103609 0.45717 0.0161528 0.0224466 0.104484
0 0.494306 0.463237 0.027708 0.0295171 0.104184
0 0.661493 0.458475 0.043782 0.0471458 0.104178
0 0.767664 0.443481 0.019559 0.0277019 0.103688
0 0.0849642 0.439188 0.0327953 0.0445047 0.103533
0 0.676619 0.457393 0.0441791 0.0443186 0.103018
0 0.55662 0.452507 0.0207289 0.0230799 0.101275
0 0.605197 0.441171 0.0176148 0.019533 0.101233
0 0.950317 0.454678 0.0185179 0.0300034 0.101233
0 0.126431 0.472398 0.0458935 0.0635696 0.101097
0 0.630116 0.448584 0.0172902 0.0210887 0.100908
0 0.438101 0.453614 0.0281377 0.0320482 0.100827
0 0.310878 0.447553 0.0241528 0.0358532 0.100284
0 0.359122 0.426814 0.0637271 0.0649477 0.10006
0 0.530416 0.457256 0.0557812 0.062472 0.0999088
0 0.884328 0.434452 0.024785 0.0179608 0.0997057
0 0.525994 0.4485 0.0244952 0.0337094 0.0993557
0 0.591879 0.450685 0.0214647 0.0254799 0.0983722
0 0.270393 0.45729 0.0193012 0.0201549 0.0953371
0 0.801074 0.451647 0.0247698 0.0302794 0.0947402
0 0.917562 0.428778 0.0282675 0.0155807 0.0945491
0 0.100924 0.457563 0.044372 0.052219 0.0943625
0 0.35086 0.445073 0.026154 0.0377513 0.0937565
0 0.754449 0.470728 0.076709 0.0837549 0.0937479
0 0.834891 0.431177 0.0337904 0.0253147 0.0934433
0 0.991467 0.45179 0.0146824 0.0489885 0.0933776
0 0.430126 0.456757 0.0220969 0.028029 0.0911063
0 0.830356 0.445379 0.0463095 0.0329837 0.0908838
0 0.778313 0.431966 0.0229757 0.0166949 0.0901731
0 0.889297 0.437709 0.027532 0.0201364 0.0894806
0 0.0479335 0.450819 0.0217649 0.0314968 0.0884809
0 0.301107 0.447205 0.0314168 0.0340915 0.0880531
0 0.0511359 0.478165 0.100533 0.142127 0.0879579
0 0.460518 0.454792 0.0229131 0.0305081 0.0862333
0 0.503916 0.464286 0.0202217 0.0263613 0.0860849
0 0.445886 0.451346 0.0287228 0.0360174 0.0854428
0 0.829929 0.436483 0.0209017 0.0185072 0.0852982
0 0.457073 0.452304 0.024694 0.038765 0.0838198
0 0.568525 0.456752 0.0229779 0.0312209 0.0831495
0 0.00897261 0.435527 0.0181245 0.100199 0.0805198
0 0.173258 0.464489 0.0242115 0.0519063 0.0800562
0 0.494016 0.457494 0.0233646 0.0286863 0.0795785
0 0.40323 0.454674 0.0240977 0.0251672 0.0792237
0 0.0688862 0.487816 0.0804109 0.115372 0.0791095
0 0.954874 0.444267 0.0337894 0.0490853 0.077957
0 0.501011 0.459916 0.0189163 0.0270137 0.0779335
0 0.751842 0.460378 0.0189848 0.027584 0.0771886
0 0.03246 0.460998 0.0638878 0.0948603 0.0765678
0 0.990829 0.446058 0.0198502 0.0669263 0.075932
0 0.389878 0.453137 0.025002 0.0300502 0.0758781
0 0.836102 0.435662 0.0254383 0.0195707 0.0750086
0 0.95764 0.462583 0.0252438 0.0505777 0.0749291
0 0.425461 0.46031 0.0199665 0.025169 0.0743408
0 0.873646 0.463752 0.0350986 0.0494915 0.0738312
0 0.0882258 0.473097 0.0744918 0.0962536 0.0723681
0 0.424128 0.453029 0.020342 0.0291287 0.0714896
0 0.360657 0.44723 0.0213191 0.027208 0.0711289
0 0.29063 0.454868 0.0196452 0.0240735 0.0710855
0 0.302738 0.433181 0.058248 0.0614009 0.0690601
0 0.182139 0.422464 0.0268661 0.0455819 0.0687834
0 0.17248 0.452771 0.0176194 0.0249689 0.0676675
0 0.395155 0.458413 0.0225557 0.0256529 0.0673587
0 0.339129 0.445225 0.0345532 0.0379428 0.0667057
0 0.502726 0.442867 0.0737185 0.0816082 0.0663249
0 0.456522 0.459514 0.0219846 0.0294654 0.0655732
0 0.343086 0.433256 0.0640871 0.069489 0.0650911
0 0.929767 0.431075 0.020682 0.0201654 0.0649953
0 0.0887593 0.420617 0.0248281 0.0236495 0.0648317
0 0.0590242 0.478386 0.061925 0.0874332 0.0640736
0 0.709693 0.431761 0.0184602 0.0217976 0.0632941
0 0.133927 0.440535 0.0725539 0.0496936 0.0630953
0 0.316822 0.429769 0.0737692 0.0766465 0.0630551
0 0.316524 0.456827 0.0164124 0.0231361 0.0619095
0 0.069931 0.471351 0.034458 0.0569908 0.0618285
0 0.0277449 0.416209 0.0227962 0.0230665 0.061193
0 0.880512 0.451028 0.0216888 0.0256104 0.0611922
0 0.378179 0.447655 0.022766 0.0324907 0.0607751
0 0.37183 0.448646 0.0678041 0.057793 0.0603186
0 0.820774 0.432346 0.0177422 0.0163371 0.0601597
0 0.943402 0.432102 0.0204529 0.0212677 0.0599972
0 0.472298 0.453599 0.0221225 0.0287704 0.0597341
0 0.985555 0.415795 0.0290688 0.13422 0.0596993
0 0.92393 0.434177 0.0267757 0.0241914 0.0593488
0 0.196004 0.443561 0.0200437 0.0216367 0.0590323
0 0.442643 0.458764 0.0239743 0.0291071 0.0584784
0 0.541567 0.457049 0.0286893 0.0359395 0.0582065
0 0.243059 0.45996 0.0272215 0.0350699 0.0578026
0 0.622808 0.453597 0.0224767 0.0266149 0.0577577
0 0.158055 0.43633 0.0468833 0.0367053 0.0569132
0 0.286362 0.440703 0.0298831 0.0370861 0.0562617
0 0.0857632 0.414814 0.0222721 0.0210638 0.055945
0 0.483256 0.449176 0.0326651 0.038445 0.0558771
0 0.197744 0.425884 0.0655881 0.0653694 0.0554395
0 0.274112 0.454813 0.0202706 0.0212986 0.0550084
0 0.111634 0.466502 0.0184433 0.0339939 0.0544355
0 0.731488 0.430367 0.0201898 0.0216469 0.0543919
0 0.988931 0.474347 0.0163134 0.0466311 0.0537956
0 0.821462 0.447899 0.0195194 0.0218441 0.0534096
0 0.105905 0.448251 0.0185191 0.0233556 0.0532583
0 0.187388 0.456039 0.0243174 0.0388078 0.0529932
0 0.833441 0.429521 0.0217384 0.0177658 0.0529672
0 0.939362 0.461763 0.0271442 0.0352585 0.0522112
0 0.799437 0.433868 0.0164014 0.0146422 0.0502366
0 0.12101 0.445211 0.0224451 0.0229669 0.0501783
0 0.318387 0.442541 0.0261114 0.0318843 0.0499097
0 0.947373 0.430851 0.0197193 0.0243205 0.0490258
0 0.0255259 0.423555 0.02115 0.0273297 0.0490094
0 0.174736 0.475827 0.0175091 0.0302247 0.0489986
0 0.0585297 0.416104 0.0804436 0.104317 0.0487634
0 0.0410009 0.501683 0.082478 0.127095 0.0482271
0 0.733606 0.46415 0.0667336 0.0650747 0.0470778
0 0.793604 0.457786 0.0243367 0.0380569 0.0470762
0 0.660279 0.471551 0.0222832 0.0340562 0.0469563
0 0.965662 0.265109 0.0623243 0.0877197 0.046674
0 0.0571931 0.448537 0.0289095 0.049541 0.0466345
0 0.0682226 0.407245 0.0585672 0.0766902 0.046192
0 0.608693 0.453611 0.0261369 0.0258803 0.0459258
0 0.170048 0.444145 0.0193691 0.0237452 0.045916
0 0.671391 0.451609 0.0200211 0.0258946 0.0458526
0 0.863267 0.432795 0.0211424 0.0178891 0.045797
0 0.976083 0.407417 0.0485159 0.133149 0.045735
0 0.111443 0.502929 0.0613993 0.0869103 0.0455611
0 0.756466 0.432667 0.0165848 0.0162061 0.0453324
0 0.211973 0.441445 0.0323408 0.0280527 0.045007
0 0.182413 0.425846 0.0215744 0.0255708 0.0449643
0 0.194681 0.452861 0.0216393 0.0266673 0.044913
0 0.203047 0.445162 0.0224624 0.0253128 0.0447436
0 0.529413 0.426687 0.0392714 0.0577958 0.0439271
0 0.886812 0.429515 0.0187958 0.0208522 0.0439172
0 0.0461513 0.405015 0.0554403 0.0513408 0.0436681
0 0.611216 0.475157 0.0217669 0.0332252 0.043666
0 0.25418 0.415382 0.0416932 0.0597502 0.0431414
0 0.0587667 0.458051 0.0346143 0.0385139 0.042644
0 0.00559263 0.466171 0.0111461 0.0564168 0.0416317
0 0.0421064 0.427422 0.0780819 0.130829 0.0408817
0 0.00601032 0.422236 0.0141304 0.0598951 0.039153
0 0.0530823 0.413382 0.0567246 0.0642924 0.0377735
0 0.29717 0.456137 0.0242338 0.0342192 0.0376151
0 0.386678 0.42141 0.0782381 0.117376 0.0375726
0 0.0904069 0.415998 0.0185989 0.0184514 0.035894
0 0.0490836 0.409789 0.0315085 0.0229393 0.0357752
0 0.839759 0.429317 0.0218565 0.0165287 0.0354456
0 0.601109 0.431193 0.0203188 0.021947 0.0353178
0 0.159199 0.492587 0.0559334 0.09375 0.0352134
0 0.879421 0.432163 0.0181072 0.0149847 0.0351048
0 0.300282 0.432368 0.0240716 0.0268387 0.0350882
0 0.88272 0.457636 0.0170021 0.0333446 0.0350378
0 0.351872 0.432852 0.028792 0.0346867 0.0349394
0 0.325451 0.456945 0.0196128 0.0233899 0.034051
0 0.357311 0.418881 0.0224638 0.0220637 0.033736
0 0.654802 0.433455 0.0159843 0.0174026 0.0334013
0 0.85596 0.434805 0.0492928 0.0366926 0.0333743
0 0.780515 0.356333 0.0487561 0.0750792 0.0329924
0 0.079849 0.795957 0.0900659 0.0877004 0.0320898
0 0.0667833 0.81178 0.123368 0.125986 0.0315186
0 0.283959 0.435069 0.0218064 0.0221818 0.0313771
0 0.057274 0.404089 0.028082 0.0284915 0.0313097
0 0.414467 0.425125 0.0688098 0.105386 0.0309554
0 0.0553062 0.410088 0.0304027 0.0259922 0.0308777
0 0.677322 0.3605 0.03826 0.0515898 0.0306136
0 0.683716 0.433943 0.0143446 0.0169399 0.0299555
0 0.966545 0.295989 0.0679964 0.147079 0.0298706
0 0.661951 0.433293 0.0159102 0.0174113 0.0298394
0 0.276 0.433194 0.0193744 0.0207345 0.0296348
0 0.0121639 0.427855 0.0176001 0.0545514 0.0295888
0 0.375518 0.457702 0.0210852 0.0241211 0.029055
0 0.640808 0.432575 0.0220951 0.0233525 0.0288791
0 0.622386 0.42434 0.0377029 0.0443109 0.0287565
0 0.27866 0.452461 0.0178853 0.0216164 0.0283296
