0 0.314528 0.522556 0.0694765 0.0733111 0.900851
0 0.392541 0.519322 0.0277413 0.045993 0.899016
0 0.538095 0.523055 0.0488099 0.15395 0.889454
0 0.363062 0.517819 0.0395087 0.0603648 0.853326
0 0.5625 0.489714 0 0.0557623 0.78233
0 0.473074 0.488266 0.061876 0.0809827 0.764245
0 0.0461028 0.564517 0.0920537 0.110795 0.627573
0 0.5625 0.501748 0 0.0373305 0.599931
0 0.5625 0.480014 0 0.042206 0.380881
0 0.5625 0.504861 0 0.0433056 0.291629
0 0.5625 0.50215 0 0.0249599 0.272905
0 0.545063 0.459102 0.0348733 0.0541054 0.257366
0 0.5625 0.499377 0 0.0274431 0.254786
0 0.494447 0.494739 0.0218379 0.0457763 0.242363
0 0.5625 0.495202 0 0.0357947 0.240481
0 0.5625 0.48953 0 0.160824 0.228868
0 0.5625 0.492264 0 0.0323687 0.213768
0 0.5625 0.497084 0 0.0326213 0.196082
0 0.5625 0.496067 0 0.0325929 0.185598
0 0.5625 0.493244 0 0.0326739 0.178787
0 0.460946 0.493348 0.0392015 0.0691195 0.171072
0 0.5625 0.486745 0 0.0421629 0.167145
0 0.0455956 0.521745 0.0911358 0.210192 0.163523
0 0.547514 0.474941 0.0299728 0.0600134 0.163328
0 0.0592521 0.565501 0.0640603 0.0793942 0.161372
0 0.494941 0.504472 0.0192831 0.0336422 0.156775
0 0.0207578 0.573778 0.0415156 0.0869308 0.154444
0 0.5625 0.499304 0 0.0338918 0.151921
0 0.5625 0.492494 0 0.0425716 0.151794
0 0.495234 0.507319 0.0157976 0.024547 0.151457
0 0.557053 0.484201 0.0108932 0.0593763 0.14317
0 0.5625 0.523777 0 0.0755524 0.141353
0 0.213451 0.476406 0.0301337 0.0454919 0.138471
0 0.5625 0.492573 0 0.0322815 0.137936
0 0.5625 0.496318 0 0.0252123 0.134538
0 0.493912 0.488393 0.0300345 0.069569 0.134171
0 0.5625 0.500942 0 0.0242635 0.123118
0 0.5625 0.484855 0 0.0525993 0.117808
0 0.5625 0.504331 0 0.0266285 0.117633
0 0.183265 0.473239 0.0952289 0.0707141 0.117226
0 0.429722 0.484265 0.0189754 0.0299911 0.116766
0 0.5625 0.486958 0 0.141938 0.1122
0 0.301605 0.526275 0.0445332 0.0631716 0.108966
0 0.5625 0.500395 0 0.0243434 0.107162
0 0.512572 0.496353 0.0280232 0.041408 0.10499
0 0.517976 0.504919 0.0201828 0.0302748 0.0998251
0 0.535331 0.468458 0.0543377 0.0717968 0.0979934
0 0.202029 0.47395 0.0540885 0.0546258 0.0944107
0 0.353358 0.52552 0.0183663 0.0473948 0.0905512
0 0.0115156 0.565332 0.0230312 0.0685835 0.0895633
0 0.707961 0.515947 0.0217348 0.0513387 0.08804
0 0.603968 0.494012 0.0132759 0.026059 0.0876433
0 0.0710958 0.558618 0.0448536 0.072255 0.0824713
0 0.514299 0.486692 0.0329397 0.0606017 0.081053
0 0.45447 0.513373 0.023737 0.0311532 0.0805277
0 0.396465 0.517152 0.0188482 0.0331985 0.0757448
0 0.639049 0.493832 0.0140353 0.0251818 0.0755591
0 0.712164 0.497688 0.0214626 0.0482473 0.0719576
0 0.654672 0.497468 0.018267 0.034301 0.0717976
0 0.430599 0.490469 0.0228725 0.040693 0.0711945
0 0.717493 0.516968 0.0414237 0.0657336 0.0710262
0 0.722225 0.468684 0.0545185 0.0930605 0.0706578
0 0.706171 0.491006 0.0309743 0.0545928 0.0705475
0 0.523039 0.509582 0.0116057 0.0230896 0.0695178
0 0.449968 0.510617 0.0159959 0.0288461 0.0694513
0 0.520945 0.505959 0.0110474 0.0223841 0.0683093
0 0.453272 0.504876 0.0221573 0.0390967 0.0673366
0 0.628469 0.499893 0.0147489 0.0286694 0.0637115
0 0.586103 0.47523 0.0280496 0.0261108 0.0623322
0 0.522485 0.476408 0.0542231 0.0826693 0.0623241
0 0.513546 0.504064 0.0201479 0.0351601 0.0603014
0 0.518614 0.509763 0.0136433 0.0327141 0.0598164
0 0.544414 0.475563 0.022462 0.0303776 0.0592932
0 0.807851 0.483394 0.0966566 0.133161 0.0568737
0 0.634362 0.472413 0.01998 0.0251546 0.0567015
0 0.471504 0.50903 0.0214455 0.0300388 0.0562566
0 0.43662 0.498429 0.0243739 0.0368538 0.0559356
0 0.471489 0.504923 0.0433627 0.0482196 0.0544893
0 0.711015 0.536232 0.0365317 0.109173 0.0543493
0 0.372762 0.516715 0.0197239 0.0443988 0.0538134
0 0.679886 0.492833 0.0378558 0.0480624 0.053071
0 0.487451 0.506481 0.0145298 0.0267414 0.0527753
0 0.611607 0.477809 0.0148565 0.0184413 0.0521471
0 0.228286 0.474335 0.0620458 0.0595186 0.0520796
0 0.0723121 0.536782 0.0464289 0.0834389 0.0514255
0 0.0803368 0.563714 0.0272792 0.0662366 0.05115
0 0.346681 0.5198 0.020805 0.0506307 0.0505117
0 0.717346 0.483465 0.027924 0.0527602 0.0495613
0 0.686797 0.503845 0.0239288 0.032479 0.0494184
0 0.654059 0.477712 0.0153286 0.0264352 0.0492423
0 0.430379 0.508299 0.0230267 0.0375353 0.0476645
0 0.850309 0.508711 0.163635 0.174559 0.047045
0 0.664222 0.50343 0.0168082 0.0258612 0.0466321
0 0.739895 0.472618 0.0804153 0.103329 0.0460865
0 0.851645 0.499743 0.114372 0.145309 0.0448486
0 0.844777 0.55515 0.0269054 0.0250726 0.0446223
0 0.459843 0.506768 0.0332452 0.0470567 0.0444428
0 0.607029 0.528466 0.0145193 0.027495 0.0443806
0 0.819586 0.559586 0.0606634 0.0704614 0.0441301
0 0.922192 0.294421 0.14886 0.580556 0.0439945
0 0.851243 0.293156 0.271894 0.589959 0.0436571
0 0.382149 0.513336 0.0188118 0.0395186 0.0434545
0 0.725472 0.444311 0.0495912 0.0511008 0.0423988
0 0.153724 0.465778 0.034999 0.0416268 0.041301
0 0.581148 0.4826 0.0183031 0.0272954 0.04125
0 0.353459 0.508501 0.0202122 0.0350738 0.0411394
0 0.692939 0.428881 0.0319816 0.0421632 0.0410446
0 0.444374 0.508108 0.013409 0.0232674 0.0404645
0 0.387147 0.522383 0.0184566 0.0408816 0.0404093
0 0.732826 0.430077 0.0382676 0.0298146 0.0401438
0 0.336285 0.51848 0.0332803 0.0650991 0.0401004
0 0.429024 0.496844 0.0136135 0.022564 0.0398493
0 0.792435 0.517272 0.0510581 0.0623641 0.0397268
0 0.843062 0.468147 0.145682 0.109425 0.0392291
0 0.242711 0.479924 0.092551 0.0757121 0.0389435
0 0.795616 0.491249 0.0612275 0.104335 0.0389148
0 0.146105 0.480316 0.128219 0.0977648 0.0386659
0 0.171576 0.492158 0.100116 0.0998374 0.0383545
0 0.430724 0.50391 0.0155032 0.024319 0.0382647
0 0.402691 0.519143 0.0152934 0.0326194 0.0373304
0 0.0277172 0.548377 0.0534073 0.120249 0.0373099
0 0.760329 0.454287 0.0978217 0.0797595 0.0361897
0 0.429319 0.493242 0.0185866 0.0283624 0.0361429
0 0.685134 0.515648 0.0259521 0.0500515 0.0357313
0 0.623428 0.475937 0.015626 0.0196943 0.0354368
0 0.00940473 0.54661 0.018661 0.0770941 0.0353865
0 0.524926 0.473643 0.0190389 0.0284631 0.0353835
0 0.716035 0.439441 0.04729 0.0496263 0.035311
0 0.37875 0.508495 0.020681 0.0334984 0.0347859
0 0.837643 0.516057 0.0953095 0.101228 0.0346961
0 0.802992 0.508407 0.0720171 0.0874035 0.0341662
0 0.147325 0.46503 0.024038 0.0336981 0.0341304
0 0.866457 0.478131 0.0900824 0.12031 0.0340603
0 0.0533271 0.599261 0.0917509 0.177861 0.033767
0 0.42464 0.505652 0.0151618 0.0227495 0.0336417
0 0.453761 0.514257 0.0161715 0.0272309 0.0333658
0 0.879874 0.454993 0.059469 0.0723461 0.0333083
0 0.950074 0.344328 0.101888 0.610546 0.0330461
0 0.820795 0.538422 0.0875302 0.084632 0.0329211
0 0.873386 0.513154 0.105328 0.133235 0.032551
0 0.810037 0.398717 0.222224 0.347955 0.0323812
0 0.347222 0.53508 0.0259627 0.0419331 0.0318094
0 0.836468 0.550076 0.0520338 0.0379583 0.0317973
0 0.285003 0.524568 0.0146831 0.0334063 0.0316014
0 0.497069 0.479685 0.0199924 0.0401845 0.0315712
0 0.079296 0.499319 0.117315 0.156918 0.0314288
0 0.0357943 0.577972 0.0688709 0.10393 0.0314194
0 0.735133 0.480504 0.0553509 0.0965037 0.0310257
0 0.707839 0.480377 0.0160459 0.0294676 0.0306376
0 0.67814 0.437696 0.0329214 0.0453183 0.0305612
0 0.415849 0.507339 0.0220008 0.0325862 0.0303145
0 0.829314 0.56908 0.0605445 0.0504444 0.0302596
0 0.54764 0.451909 0.0311234 0.0345331 0.0299562
0 0.209416 0.518771 0.0518533 0.0579463 0.0297598
0 0.727561 0.507232 0.0636733 0.0925422 0.0296367
0 0.591162 0.533227 0.0319778 0.0702982 0.0290644
0 0.621598 0.452184 0.0318158 0.0680847 0.029025
0 0.493154 0.476215 0.0449493 0.0866707 0.0289992
0 0.169591 0.467292 0.129316 0.0995605 0.028887
0 0.292152 0.528579 0.0214529 0.041634 0.0288556
0 0.146434 0.504196 0.116283 0.0955792 0.028762
0 0.661349 0.516083 0.0163197 0.0327843 0.0287071
0 0.888837 0.449188 0.0446079 0.0620816 0.0286687
0 0.15215 0.475724 0.0479003 0.0570608 0.028424
0 0.0660258 0.540548 0.0576488 0.116179 0.0283171
0 0.792076 0.464394 0.0791521 0.0929565 0.0281854
0 0.900899 0.529473 0.0547995 0.0933262 0.0281484
0 0.446618 0.49699 0.0176725 0.0317398 0.0281251
0 0.672306 0.508 0.0168391 0.0251389 0.028058
0 0.713383 0.284799 0.0227131 0.0297729 0.0279124
0 0.184888 0.525953 0.0519236 0.0517805 0.0275009
0 0.395583 0.504189 0.0193296 0.0340859 0.0272254
0 0.818188 0.570115 0.212148 0.308675 0.0269758
0 0.0105398 0.602653 0.022155 0.138911 0.0269746
0 0.965552 0.38625 0.0731447 0.492916 0.0267528
0 0.278944 0.491008 0.0362287 0.0405688 0.0265136
0 0.365653 0.511712 0.0199279 0.0392291 0.0265041
0 0.118594 0.516306 0.10886 0.104868 0.0263429
0 0.214984 0.495285 0.037044 0.0480457 0.0262477
0 0.751814 0.433108 0.0843587 0.0512059 0.0262198
0 0.165457 0.462613 0.0525494 0.0514104 0.0259373
0 0.82946 0.403651 0.0540089 0.0373806 0.0257939
0 0.805006 0.534333 0.0797585 0.100725 0.0257195
0 0.926928 0.482783 0.0996706 0.170801 0.0256948
0 0.844401 0.589141 0.101005 0.108122 0.0255898
0 0.824032 0.398377 0.146796 0.274537 0.0255132
0 0.122078 0.511958 0.0864092 0.0784641 0.0251003
0 0.865612 0.445344 0.164987 0.214405 0.0250525
0 0.839986 0.567706 0.0436274 0.043222 0.0250147
0 0.857035 0.529054 0.0670649 0.0818743 0.0247826
0 0.292405 0.504236 0.0322657 0.0361547 0.0247232
0 0.218396 0.483704 0.0392323 0.0527697 0.0244411
0 0.983157 0.437536 0.0306196 0.0574681 0.0243254
0 0.33588 0.5006 0.0211472 0.0284671 0.0243226
0 0.0453496 0.505341 0.0774489 0.0828204 0.024315
0 0.0852869 0.552724 0.0861322 0.105548 0.024009
0 0.933288 0.132637 0.133883 0.29686 0.0239041
0 0.796568 0.55753 0.145024 0.221388 0.0236603
0 0.812236 0.460892 0.12744 0.0886423 0.0236244
0 0.827718 0.573513 0.119551 0.146665 0.0234376
0 0.804267 0.305665 0.0798571 0.0741544 0.0234215
0 0.301504 0.53281 0.0223412 0.0299488 0.0231728
0 0.896612 0.503596 0.0909264 0.143935 0.023047
0 0.861662 0.396099 0.0449619 0.0444649 0.0227858
0 0.80861 0.198715 0.244905 0.368254 0.0226669
0 0.063724 0.497676 0.0375476 0.0507362 0.022618
0 0.992362 0.578947 0.0144856 0.0623166 0.0223426
0 0.884621 0.52945 0.137338 0.175498 0.0220297
0 0.973726 0.980499 0.0493793 0.0644884 0.0220248
0 0.420732 0.504916 0.0199981 0.0323151 0.0220206
0 0.799984 0.417553 0.0952706 0.0410806 0.0219054
0 0.988038 0.549661 0.0244621 0.11493 0.0218869
0 0.982465 0.45171 0.0342384 0.124448 0.0218385
0 0.0468885 0.435763 0.0850719 0.222169 0.0218067
0 0.838952 0.400709 0.0838402 0.0497714 0.0216927
0 0.256296 0.46974 0.0879111 0.100242 0.0216896
0 0.776401 0.420554 0.0563272 0.0312419 0.021646
0 0.0589891 0.901829 0.0956027 0.161785 0.0216179
0 0.429221 0.519338 0.0169923 0.0287744 0.0215588
0 0.177595 0.512731 0.0996105 0.102179 0.0214833
0 0.465759 0.471109 0.0321769 0.0504757 0.021435
0 0.214795 0.503617 0.0262879 0.0297086 0.0211143
0 0.135881 0.480425 0.0659689 0.0654828 0.0210321
0 0.73068 0.533742 0.0763977 0.0971055 0.0209643
0 0.822621 0.41087 0.0571933 0.0299528 0.0209186
0 0.516946 0.565019 0.0170969 0.036191 0.0209147
0 0.767725 0.558491 0.103336 0.189486 0.0208132
0 0.867304 0.443679 0.0734079 0.0606222 0.020797
0 0.94477 0.476347 0.104841 0.205388 0.0205377
0 0.83627 0.409902 0.0704027 0.033894 0.0204375
0 0.136261 0.518927 0.0772571 0.069298 0.0203655
0 0.951198 0.543625 0.0893318 0.141833 0.0202229
0 0.970202 0.537189 0.0550516 0.13779 0.0200973
0 0.875402 0.393748 0.0448286 0.0458182 0.0200197
0 0.983186 0.424697 0.0327778 0.0965282 0.0199809
0 0.102385 0.534511 0.0659374 0.0656471 0.0199185
0 0.861479 0.373513 0.0594591 0.133936 0.0198709
0 0.790259 0.436412 0.157644 0.170474 0.0198367
0 0.441903 0.347868 0.0283278 0.0392614 0.0197503
0 0.263602 0.514297 0.0377478 0.0409348 0.0195749
0 0.84848 0.431735 0.11346 0.0639262 0.0195537
0 0.882268 0.436276 0.0469603 0.0438116 0.0194748
0 0.986101 0.523187 0.0285923 0.137361 0.0193707
0 0.761618 0.28817 0.0322406 0.0381514 0.0193449
0 0.890056 0.474294 0.0577387 0.105052 0.019323
0 0.802013 0.291495 0.0715128 0.0479088 0.0192498
0 0.790124 0.417696 0.0685299 0.0328075 0.0191721
0 0.289456 0.536088 0.0210204 0.0350072 0.0191093
0 0.728343 0.539972 0.0482521 0.111903 0.0190879
0 0.979682 0.351112 0.0416111 0.0996849 0.0190699
0 0.0725525 0.593083 0.0537346 0.105463 0.0190696
0 0.60328 0.532918 0.0121959 0.0252442 0.019025
0 0.707909 0.542854 0.0285001 0.0813077 0.0189789
0 0.431986 0.46358 0.027149 0.0386276 0.0189553
0 0.0109635 0.520571 0.0205284 0.0956067 0.0189145
0 0.846157 0.575171 0.0451321 0.0578864 0.0189115
0 0.540828 0.441714 0.0298796 0.0363176 0.0187499
0 0.88859 0.587481 0.095681 0.115863 0.0187127
0 0.608317 0.524224 0.0114104 0.0231971 0.0186771
0 0.881908 0.419893 0.219725 0.387991 0.0185627
0 0.693032 0.405009 0.0256845 0.032179 0.0185089
0 0.542141 0.475662 0.0387136 0.0518698 0.018479
0 0.884327 0.531416 0.0894835 0.0967613 0.0184731
0 0.22215 0.509139 0.0292538 0.0329816 0.0184414
0 0.053962 0.660426 0.0799336 0.165112 0.0184275
0 0.893146 0.434361 0.0335127 0.0394279 0.0183642
0 0.980811 0.415747 0.0394758 0.193442 0.0183536
0 0.354792 0.265195 0.0288398 0.0454071 0.0183442
0 0.252283 0.483464 0.0714053 0.0489971 0.0183414
0 0.812062 0.406977 0.0837743 0.0414052 0.0182988
0 0.0118227 0.900281 0.0254556 0.113177 0.018217
0 0.587718 0.411865 0.0361147 0.0411492 0.0180732
0 0.740943 0.279697 0.127216 0.206771 0.0180416
0 0.473443 0.462757 0.0322495 0.0478427 0.0179592
0 0.526349 0.526993 0.0271597 0.0764054 0.0179484
0 0.921126 0.439866 0.113417 0.242498 0.0179237
0 0.186853 0.895881 0.0496249 0.0611052 0.0179114
0 0.416631 0.835106 0.0318081 0.0505715 0.0178792
0 0.0973107 0.560472 0.0610338 0.0789224 0.0177578
0 0.112472 0.49183 0.0774403 0.077525 0.0176629
0 0.625896 0.509927 0.0165373 0.0271068 0.0176489
0 0.911654 0.535813 0.037324 0.0820268 0.0175754
0 0.921305 0.190149 0.103086 0.211178 0.0175473
0 0.857757 0.322683 0.0216866 0.0298254 0.0174916
0 0.898983 0.438632 0.0278448 0.0414638 0.0174376
0 0.237168 0.460745 0.0902261 0.0911128 0.0173867
0 0.253461 0.425429 0.0276108 0.0329081 0.0173249
0 0.269654 0.390844 0.0290457 0.0441517 0.0172397
0 0.884148 0.157737 0.201633 0.362129 0.0171833
0 0.334042 0.477974 0.0384859 0.0474377 0.0170972
0 0.384972 0.429323 0.0339088 0.048458 0.0170949
0 0.951858 0.551384 0.0563118 0.0812574 0.0170422
0 0.0397219 0.485464 0.0753873 0.12129 0.0169292
0 0.122058 0.464676 0.138314 0.120738 0.0169061
0 0.979067 0.638396 0.041403 0.132908 0.0168682
0 0.530118 0.112447 0.0262237 0.0392217 0.0166924
0 0.978287 0.508067 0.0382183 0.0885521 0.0166049
0 0.923251 0.810628 0.110341 0.188782 0.0165574
0 0.208343 0.4649 0.0387508 0.0536624 0.016505
0 0.681883 0.403762 0.0246514 0.030812 0.0164139
