0 0.5625 0.44516 0 0.107906 0.796759
0 0.544671 0.409291 0.0356575 0.0438617 0.777783
0 0.521196 0.403678 0.0205646 0.0346898 0.684169
0 0.490499 0.398793 0.0174839 0.0252405 0.667757
0 0.503893 0.400778 0.0196509 0.028848 0.660233
0 0.474093 0.396258 0.0147084 0.0207169 0.653104
0 0.454592 0.393635 0.0116578 0.0152358 0.375359
0 0.487141 0.39677 0.0139218 0.0219009 0.316346
0 0.496825 0.399544 0.016283 0.0254835 0.279477
0 0.480225 0.396377 0.0173019 0.0247076 0.27515
0 0.5092 0.400832 0.0176892 0.0293204 0.235844
0 0.493509 0.399159 0.0120302 0.0202638 0.185019
0 0.472375 0.394061 0.0104238 0.0149562 0.183679
0 0.484314 0.399826 0.013 0.0198516 0.174043
0 0.464159 0.392513 0.00987978 0.0145537 0.172636
0 0.476672 0.39242 0.0126669 0.0213253 0.136687
0 0.518629 0.404541 0.0167345 0.0271246 0.134604
0 0.445198 0.389013 0.0148631 0.0190178 0.132448
0 0.532176 0.403829 0.0259435 0.03734 0.118935
0 0.45061 0.392061 0.0141739 0.0162229 0.118397
0 0.5625 0.45029 0 0.141498 0.110614
0 0.282674 0.372602 0.0348454 0.0373455 0.109992
0 0.5625 0.443562 0 0.0752635 0.098851
0 0.43959 0.386793 0.0176395 0.0221429 0.0970926
0 0.525671 0.408379 0.0152097 0.0265812 0.0949309
0 0.447118 0.391721 0.0117536 0.0151655 0.0921523
0 0.5625 0.422845 0 0.0591507 0.0918358
0 0.5625 0.448223 0 0.0605623 0.0880177
0 0.458949 0.386049 0.0137514 0.0186879 0.0865435
0 0.5625 0.458743 0 0.0938439 0.0853296
0 0.0730151 0.352755 0.0224054 0.0307134 0.0839948
0 0.434131 0.389615 0.0123042 0.0186669 0.0827077
0 0.0444869 0.352435 0.0889737 0.135342 0.0820834
0 0.538743 0.405652 0.017244 0.0263241 0.0805603
0 0.5625 0.426576 0 0.108089 0.0777918
0 0.0441761 0.355648 0.0820216 0.0698857 0.0764943
0 0.5625 0.450497 0 0.164244 0.0761164
0 0.27544 0.372268 0.0462473 0.0441852 0.0755606
0 0.0249541 0.428855 0.0499082 0.0819 0.0746147
0 0.0711809 0.516017 0.142362 0.2473 0.0733287
0 0.0875972 0.493527 0.107013 0.14964 0.0728571
0 0.440775 0.388239 0.0127747 0.0177766 0.0688497
0 0.451485 0.388691 0.0124883 0.0156977 0.0685594
0 0.5625 0.426022 0 0.0714915 0.0676416
0 0.5625 0.502095 0 0.0670107 0.0668342
0 0.107743 0.323789 0.0795176 0.101873 0.0664991
0 0.307766 0.375775 0.0398779 0.0380571 0.0650687
0 0.436251 0.385034 0.0145348 0.0210757 0.0643073
0 0.5625 0.414886 0 0.0799678 0.0641862
0 0.0732542 0.324059 0.133282 0.144905 0.0621989
0 0.447265 0.387104 0.020015 0.0247178 0.0607692
0 0.0690791 0.350744 0.0357451 0.0438903 0.0604869
0 0.429957 0.379855 0.0232593 0.029411 0.0597377
0 0.956123 0.545534 0.086241 0.300399 0.0582611
0 0.783801 0.515727 0.218011 0.254864 0.0576918
0 0.294043 0.382155 0.0438712 0.0556835 0.0563774
0 0.75422 0.400761 0.0515926 0.0601199 0.0557153
0 0.0574443 0.315429 0.114231 0.197039 0.0555492
0 0.2722 0.378619 0.0623116 0.065779 0.0548122
0 0.0525081 0.49464 0.0985037 0.200308 0.0545653
0 0.0465593 0.420663 0.0936072 0.162531 0.0543927
0 0.804348 0.445324 0.0989815 0.105818 0.0541554
0 0.305219 0.386033 0.0501561 0.0609977 0.0537809
0 0.844982 0.576352 0.292199 0.346122 0.0537807
0 0.128307 0.492043 0.0790263 0.0984505 0.0536908
0 0.543998 0.409252 0.0202463 0.0312798 0.0524942
0 0.0679336 0.332182 0.0903247 0.110251 0.051742
0 0.0786972 0.348119 0.0420709 0.0544025 0.0516899
0 0.557967 0.417656 0.0179507 0.0276816 0.0513068
0 0.601486 0.41809 0.0696954 0.0779686 0.0507827
0 0.0887157 0.338976 0.0660675 0.0767155 0.0506218
0 0.175905 0.465526 0.104261 0.11606 0.0489577
0 0.0896462 0.321596 0.076505 0.123505 0.0488166
0 0.780269 0.474727 0.172801 0.196382 0.0483381
0 0.0653822 0.354595 0.0488167 0.0610998 0.0475757
0 0.851987 0.42746 0.224774 0.203233 0.0468968
0 0.855723 0.491892 0.0754049 0.108847 0.0462081
0 0.912654 0.583583 0.175887 0.356771 0.0457955
0 0.757371 0.415612 0.0624998 0.0870743 0.045765
0 0.0690795 0.446587 0.135733 0.19621 0.0454689
0 0.885366 0.467237 0.164233 0.168269 0.0454591
0 0.942866 0.507041 0.113233 0.221384 0.0452744
0 0.129934 0.556968 0.0507051 0.0650047 0.0451428
0 0.753564 0.384146 0.0453234 0.0329697 0.0449259
0 0.105774 0.504491 0.0755271 0.0901678 0.0447228
0 0.165693 0.491206 0.0918903 0.0994434 0.044215
0 0.648295 0.450075 0.0199347 0.0479571 0.0439649
0 0.923197 0.471648 0.15357 0.183131 0.0438828
0 0.573818 0.412747 0.0583489 0.063483 0.043678
0 0.766316 0.443828 0.0960059 0.101767 0.0436687
0 0.696091 0.418583 0.0699643 0.0507432 0.0435129
0 0.503333 0.406547 0.014556 0.024335 0.0434974
0 0.125487 0.574961 0.0318967 0.0398894 0.0430703
0 0.42399 0.381528 0.0306141 0.0395372 0.042595
0 0.139856 0.465004 0.120483 0.13831 0.0423994
0 0.0739121 0.508806 0.0826938 0.112237 0.042355
0 0.309476 0.375637 0.0652881 0.0734997 0.0422876
0 0.818161 0.49087 0.0792908 0.0916756 0.0419661
0 0.553428 0.413184 0.0167568 0.0254975 0.0417749
0 0.0604726 0.370501 0.11544 0.168075 0.0417618
0 0.0225275 0.473959 0.0434755 0.129152 0.0417196
0 0.677402 0.401918 0.0789564 0.0730851 0.0409847
0 0.370405 0.401591 0.0210156 0.0239566 0.0409132
0 0.27331 0.118727 0.0531647 0.11315 0.0406145
0 0.435859 0.396818 0.0131697 0.0190373 0.040592
0 0.765363 0.464582 0.123015 0.140459 0.0402572
0 0.306151 0.403181 0.0540263 0.0615612 0.0400966
0 0.583858 0.408872 0.0578868 0.0768297 0.0397792
0 0.813825 0.466568 0.0921492 0.129634 0.039675
0 0.828203 0.446786 0.0806204 0.123001 0.0394967
0 0.854669 0.466274 0.0847109 0.147944 0.0394297
0 0.540757 0.45176 0.0389075 0.0737129 0.039278
0 0.13756 0.34617 0.0260264 0.0340324 0.0385028
0 0.117237 0.337538 0.0652978 0.0638458 0.0380644
0 0.831964 0.452883 0.0554821 0.0902833 0.0378166
0 0.482483 0.389529 0.0130564 0.0187707 0.0375347
0 0.576837 0.418922 0.0344932 0.0467058 0.0373995
0 0.933445 0.577076 0.134753 0.256825 0.0373634
0 0.0279596 0.600178 0.0556043 0.144809 0.0372915
0 0.0890551 0.572755 0.109326 0.1388 0.0370016
0 0.0501526 0.571886 0.0988651 0.170032 0.0368327
0 0.0239568 0.547316 0.0481872 0.156945 0.0368132
0 0.0809701 0.462188 0.115726 0.140569 0.0363267
0 0.834774 0.504787 0.0607927 0.0808808 0.0362847
0 0.760182 0.628306 0.178706 0.266143 0.0359377
0 0.0324623 0.374826 0.0619529 0.0950133 0.0352321
0 0.489025 0.402403 0.0107368 0.0192165 0.035097
0 0.124175 0.502558 0.0576652 0.0791337 0.0350158
0 0.550402 0.403375 0.0357123 0.049339 0.0349669
0 0.485063 0.388209 0.0135483 0.0190432 0.0347734
0 0.25954 0.412752 0.0538972 0.0741751 0.0347008
0 0.966495 0.485815 0.0659441 0.185656 0.03466
0 0.870806 0.485802 0.112981 0.131316 0.0346397
0 0.117322 0.519117 0.0471947 0.0586772 0.0343302
0 0.0593955 0.52182 0.0691083 0.110251 0.0343149
0 0.0445891 0.460191 0.095905 0.169041 0.0338279
0 0.289873 0.397741 0.0482973 0.0749908 0.0337448
0 0.547483 0.435018 0.022648 0.0397169 0.033697
0 0.259875 0.37055 0.0687648 0.0617584 0.0334295
0 0.493106 0.405047 0.0133629 0.0217027 0.0333843
0 0.739232 0.453531 0.0959779 0.105721 0.033185
0 0.0066569 0.361575 0.0143751 0.055906 0.0330619
0 0.561007 0.420322 0.0167129 0.0299182 0.0329941
0 0.0286197 0.622773 0.05317 0.0853054 0.0328579
0 0.846901 0.21557 0.259541 0.457267 0.0328194
0 0.975466 0.462693 0.0507864 0.1705 0.0327353
0 0.0183483 0.49968 0.0347156 0.0761584 0.0326986
0 0.555625 0.413143 0.0219057 0.034744 0.0325677
0 0.959536 0.612162 0.0816046 0.297632 0.0324696
0 0.13751 0.556078 0.0636355 0.0839418 0.0323011
0 0.129995 0.339957 0.0367225 0.0478386 0.0322121
0 0.0853177 0.531528 0.116286 0.143931 0.0321567
0 0.0229716 0.409002 0.0438238 0.126427 0.0321302
0 0.0615108 0.486061 0.0776265 0.101695 0.031488
0 0.172166 0.525917 0.0622178 0.0696726 0.0310074
0 0.549113 0.406927 0.0184757 0.0285594 0.0309754
0 0.44386 0.400518 0.0182339 0.0269193 0.0308549
0 0.165069 0.512858 0.0774626 0.089059 0.0306772
0 0.222232 0.460415 0.0795489 0.0891529 0.0306488
0 0.20656 0.474156 0.0745755 0.0816417 0.0303153
0 0.74089 0.409898 0.188449 0.170377 0.0300593
0 0.157889 0.5475 0.0928223 0.100347 0.0300084
0 0.021298 0.563013 0.040092 0.0968085 0.0299743
0 0.0086661 0.373023 0.0185299 0.0736594 0.0298356
0 0.791088 0.514367 0.131412 0.178948 0.0298341
0 0.290127 0.372796 0.0269297 0.0345563 0.029677
0 0.0238151 0.501509 0.0445639 0.112182 0.0295833
0 0.958846 0.44953 0.076552 0.149486 0.0295403
0 0.155068 0.45883 0.0746336 0.111603 0.0293803
0 0.47474 0.398739 0.010813 0.0177507 0.0293593
0 0.778342 0.424964 0.107574 0.123171 0.0292441
0 0.630024 0.432918 0.0481101 0.0670263 0.0290726
0 0.649135 0.41787 0.0749262 0.101284 0.028979
0 0.319245 0.374748 0.0562931 0.0424107 0.0289431
0 0.0763656 0.550792 0.0915089 0.124032 0.0283099
0 0.133473 0.516928 0.0731174 0.0990743 0.0282664
0 0.268925 0.412578 0.0638156 0.093098 0.0281527
0 0.970129 0.568182 0.0592131 0.2099 0.0281153
0 0.413739 0.375312 0.0250021 0.0333668 0.0278689
0 0.0801211 0.286171 0.0731101 0.115935 0.0277614
0 0.257764 0.386373 0.0565939 0.0690217 0.0275025
0 0.3672 0.39293 0.0339429 0.0320323 0.0273689
0 0.7901 0.487078 0.0953131 0.117733 0.0271313
0 0.466585 0.394467 0.0104159 0.0168395 0.0269889
0 0.325225 0.395881 0.0529407 0.0511314 0.0269698
0 0.979257 0.431285 0.0412058 0.132971 0.0267318
0 0.975097 0.521704 0.0519333 0.175139 0.0265839
0 0.0466671 0.318661 0.0840559 0.128353 0.0265722
0 0.109632 0.465542 0.0836109 0.112357 0.0263539
0 0.473275 0.364197 0.0136972 0.0203595 0.0263466
0 0.253931 0.456876 0.0688038 0.0820212 0.0262975
0 0.215198 0.434527 0.0606256 0.072361 0.0262937
0 0.327648 0.38263 0.0602862 0.0501813 0.0262083
0 0.126473 0.333881 0.0596872 0.0853271 0.0260249
0 0.879128 0.540345 0.101959 0.146891 0.0258459
0 0.74608 0.524358 0.137152 0.200165 0.0258432
0 0.927962 0.649776 0.145773 0.347075 0.0258359
0 0.962481 0.522306 0.0704733 0.153646 0.0257109
0 0.319487 0.408277 0.0499378 0.0491138 0.0255587
0 0.773863 0.242523 0.0934701 0.238595 0.0254878
0 0.987719 0.439693 0.0234369 0.123421 0.025481
0 0.983829 0.479821 0.0312992 0.16515 0.0254748
0 0.237185 0.368836 0.0731767 0.0665123 0.0254545
0 0.700706 0.49315 0.127273 0.197669 0.0254145
0 0.191775 0.44494 0.137051 0.17025 0.0249951
0 0.179906 0.532586 0.0465194 0.0482755 0.0249883
0 0.887311 0.463361 0.102319 0.151158 0.0247817
0 0.100287 0.349737 0.114109 0.119499 0.0247133
0 0.246169 0.475368 0.0491932 0.0615534 0.0246225
0 0.785589 0.41131 0.152487 0.189745 0.0245714
0 0.515319 0.304055 0.0266105 0.0400709 0.0244783
0 0.940437 0.816271 0.126341 0.321934 0.0242109
0 0.233361 0.473147 0.0597695 0.0745292 0.0241156
0 0.81442 0.500658 0.112775 0.112123 0.0240966
0 0.936601 0.49434 0.109219 0.138226 0.0240561
0 0.616327 0.430809 0.0492492 0.0695941 0.0240512
0 0.178086 0.345476 0.0991762 0.0924866 0.0239624
0 0.242749 0.357117 0.0962979 0.0875031 0.0238052
0 0.988124 0.745919 0.0232244 0.102001 0.0237334
0 0.990627 0.424268 0.0176449 0.0979895 0.0236585
0 0.416456 0.385343 0.0158225 0.0222226 0.023356
0 0.178427 0.546855 0.0763915 0.0793692 0.0233395
0 0.258447 0.434757 0.0602138 0.0868841 0.023318
0 0.364013 0.402756 0.0338046 0.0306965 0.0232681
0 0.372666 0.408002 0.0262967 0.0310927 0.0231886
0 0.841306 0.527511 0.0484629 0.11534 0.0230921
0 0.116662 0.356476 0.0845346 0.0846703 0.0226516
0 0.890437 0.495654 0.0978458 0.118367 0.0226192
0 0.38814 0.389384 0.0432296 0.0427385 0.0224524
0 0.338547 0.398281 0.0476824 0.044709 0.0223915
0 0.133903 0.363575 0.0770338 0.0655291 0.0223414
0 0.0907324 0.299066 0.0622838 0.101076 0.0222875
0 0.577663 0.424901 0.0494148 0.061837 0.0222756
0 0.981002 0.593731 0.0399313 0.206173 0.022192
0 0.040729 0.529428 0.0819033 0.16795 0.0221266
0 0.971509 0.617493 0.0548765 0.185222 0.0221003
0 0.982896 0.771196 0.0342459 0.139438 0.0220883
0 0.617396 0.406577 0.0752715 0.102844 0.0220262
0 0.680153 0.38838 0.0922259 0.137797 0.0219643
0 0.297113 0.368774 0.0370394 0.049067 0.0217602
0 0.0556639 0.276722 0.0685021 0.103873 0.0217449
0 0.614536 0.443302 0.04229 0.0543028 0.0216444
0 0.516475 0.291112 0.0244874 0.0362973 0.021575
0 0.405862 0.392183 0.0153412 0.0223257 0.0215701
0 0.139238 0.826872 0.0970091 0.146287 0.0213734
0 0.257655 0.47964 0.0478338 0.0538314 0.0211544
0 0.790828 0.182746 0.136554 0.310722 0.0210105
0 0.280011 0.429072 0.0582561 0.0775845 0.0209547
0 0.206856 0.44437 0.0969472 0.114355 0.0208605
0 0.226034 0.502967 0.0625953 0.0672238 0.0207603
0 0.218121 0.494853 0.0534917 0.0589472 0.020679
0 0.954474 0.565677 0.0784719 0.185732 0.0206225
0 0.117776 0.585505 0.0930479 0.109122 0.020528
0 0.980821 0.212566 0.0380587 0.148957 0.0205247
0 0.227675 0.496122 0.046236 0.0502718 0.0204897
0 0.217733 0.367485 0.0572712 0.0596931 0.0204487
0 0.437364 0.353151 0.0125254 0.02023 0.0203311
0 0.237652 0.429615 0.0980393 0.114562 0.0203278
0 0.718551 0.468932 0.0622192 0.0925079 0.0203027
0 0.385624 0.366926 0.150143 0.1413 0.0202177
0 0.159837 0.348646 0.0670432 0.0663852 0.0200738
0 0.148386 0.325599 0.131206 0.126695 0.019981
0 0.0893926 0.360271 0.163483 0.220426 0.0199639
0 0.585475 0.433947 0.0489952 0.0700762 0.0199611
0 0.753122 0.227944 0.0598643 0.184072 0.0199442
0 0.0570794 0.421814 0.0757921 0.0868757 0.0199304
0 0.205852 0.353301 0.045634 0.062639 0.0199292
0 0.114381 0.566945 0.0570934 0.0650598 0.0199139
0 0.915144 0.407234 0.166493 0.213302 0.019839
0 0.166989 0.567142 0.06276 0.0574388 0.0197981
0 0.29344 0.426257 0.0530656 0.0717109 0.0197519
0 0.986494 0.54459 0.0256899 0.153569 0.019633
0 0.415688 0.383085 0.0213553 0.0285966 0.0195579
0 0.95764 0.693955 0.0803356 0.206336 0.0195248
0 0.951796 0.415414 0.0953743 0.299211 0.0193802
0 0.254643 0.0436226 0.0455387 0.0570883 0.0193567
0 0.801771 0.284242 0.161028 0.418067 0.019327
0 0.233708 0.395644 0.0719523 0.0768439 0.0192891
0 0.0850119 0.391219 0.103432 0.119247 0.019244
0 0.457898 0.40045 0.0133983 0.0221158 0.0192109
0 0.853503 0.432502 0.0568792 0.113304 0.0191175
0 0.155469 0.336435 0.0863516 0.0989708 0.0190449
0 0.0473926 0.625156 0.0857573 0.115992 0.0189722
0 0.69121 0.411016 0.135714 0.146731 0.0189305
0 0.979397 0.721439 0.0406113 0.145365 0.0188473
0 0.437935 0.347106 0.0134045 0.0229726 0.0188267
0 0.223676 0.35185 0.0693418 0.0775772 0.018812
0 0.270393 0.146385 0.0428038 0.0833302 0.0187263
0 0.280151 0.443819 0.0492845 0.0653269 0.0186677
0 0.888094 0.586493 0.123153 0.189398 0.0186259
0 0.81465 0.414001 0.122806 0.164295 0.0186101
0 0.00957302 0.35398 0.0200954 0.0807915 0.0185425
0 0.331464 0.414747 0.0506017 0.0559982 0.0185026
0 0.0734559 0.263805 0.051269 0.0812841 0.0184701
0 0.913152 0.644588 0.111994 0.191902 0.0184468
0 0.431794 0.283596 0.0236628 0.0348677 0.0184238
0 0.754071 0.371612 0.041282 0.034836 0.0183655
0 0.415613 0.36602 0.0164735 0.0297426 0.0183406
0 0.940018 0.460584 0.101626 0.126179 0.0183263
0 0.41339 0.398344 0.0225079 0.0291787 0.018166
