0 0.415427 0.355732 0.132059 0.294262 0.939459
0 0.181923 0.411138 0.0643554 0.071522 0.918416
0 0.0903309 0.428815 0.108867 0.117458 0.895139
0 0.253212 0.397785 0.0395611 0.0483076 0.856158
0 0.331589 0.387546 0.0333522 0.0401395 0.706607
0 0.491651 0.418255 0.0237735 0.0407661 0.544771
0 0.143156 0.417307 0.0244566 0.0518131 0.256415
0 0.283139 0.373312 0.020026 0.0307793 0.244948
0 0.347247 0.384566 0.010406 0.026094 0.20867
0 0.491867 0.401761 0.025709 0.0663082 0.200539
0 0.305282 0.378281 0.0178433 0.025941 0.19815
0 0.330602 0.376003 0.0296448 0.0414514 0.190956
0 0.343934 0.371253 0.0165958 0.0356299 0.17732
0 0.34795 0.377999 0.0103711 0.0259816 0.160294
0 0.249381 0.374735 0.0279817 0.0382264 0.158415
0 0.293315 0.39018 0.0331933 0.0374061 0.15789
0 0.279246 0.370926 0.0272814 0.0370512 0.155123
0 0.307704 0.389699 0.0234812 0.0338119 0.150726
0 0.140537 0.406752 0.0313964 0.0688624 0.144155
0 0.304692 0.385132 0.0179799 0.0252719 0.142383
0 0.303625 0.372992 0.0181265 0.0295352 0.133424
0 0.201152 0.370114 0.0458903 0.0440668 0.125263
0 0.34966 0.390166 0.0105036 0.0244076 0.12489
0 0.281198 0.377857 0.0161847 0.0252959 0.117462
0 0.02123 0.452417 0.0424599 0.124723 0.115688
0 0.247781 0.371849 0.0229494 0.0237186 0.114654
0 0.30082 0.381263 0.0163491 0.0232428 0.114053
0 0.342951 0.362797 0.0200686 0.0313366 0.105931
0 0.532108 0.405224 0.0300055 0.0315489 0.105743
0 0.28586 0.376753 0.0177676 0.0235696 0.104277
0 0.243731 0.380754 0.0343216 0.0382661 0.103434
0 0.411923 0.243823 0.111397 0.0688897 0.100426
0 0.196092 0.364444 0.0387291 0.0336373 0.0972828
0 0.0231692 0.429537 0.0463384 0.197157 0.0967599
0 0.32852 0.365172 0.0171224 0.0206557 0.0951663
0 0.490626 0.422644 0.0177075 0.0339151 0.0947053
0 0.286875 0.381432 0.0142831 0.0205777 0.0937575
0 0.222882 0.371945 0.0337817 0.0368807 0.0917441
0 0.34806 0.368546 0.0106146 0.0242692 0.085651
0 0.337204 0.365449 0.0200671 0.0237555 0.0843162
0 0.494384 0.425679 0.0217917 0.0401622 0.0824914
0 0.282734 0.382601 0.0180324 0.0249563 0.0821222
0 0.138094 0.426715 0.0336421 0.0760543 0.0794299
0 0.295278 0.37693 0.0170534 0.0245587 0.0790328
0 0.283853 0.366357 0.0177643 0.0243046 0.0764159
0 0.248378 0.365466 0.0196742 0.0185711 0.0762903
0 0.133273 0.409553 0.0431012 0.0795361 0.0724506
0 0.322631 0.38317 0.0188869 0.0265785 0.0715827
0 0.302672 0.39184 0.016972 0.0257153 0.0714664
0 0.00832379 0.403681 0.0166476 0.0607546 0.069808
0 0.522441 0.40925 0.0278531 0.0294834 0.0678056
0 0.312043 0.375885 0.0172771 0.0248277 0.0648505
0 0.242282 0.375831 0.0213893 0.0228299 0.0638835
0 0.496518 0.422905 0.0158947 0.0297734 0.0637162
0 0.270716 0.370676 0.034497 0.0327949 0.0629825
0 0.348522 0.373228 0.0072947 0.0206 0.0623622
0 0.538355 0.40711 0.0221647 0.0277895 0.0617287
0 0.402801 0.241399 0.0791707 0.0567021 0.0609568
0 0.286399 0.385507 0.0201347 0.0259099 0.06039
0 0.0166971 0.423519 0.034001 0.108128 0.0596978
0 0.402715 0.267456 0.0987763 0.111785 0.0592195
0 0.327039 0.384524 0.0199389 0.0250535 0.0591452
0 0.123457 0.420617 0.0502603 0.0877167 0.0585229
0 0.267401 0.389573 0.0137817 0.0255108 0.0578243
0 0.145138 0.415171 0.0166227 0.0355191 0.0576509
0 0.0916848 0.23993 0.0751695 0.0819549 0.0567754
0 0.179578 0.373382 0.0496674 0.054598 0.0562876
0 0.240998 0.395215 0.0193873 0.0306593 0.055769
0 0.204307 0.383452 0.0375171 0.0482141 0.054804
0 0.348272 0.394485 0.0129814 0.0266979 0.0545817
0 0.202667 0.355344 0.0563922 0.0638822 0.0544628
0 0.26449 0.37598 0.017703 0.0221738 0.0543652
0 0.31365 0.368737 0.0156739 0.0215274 0.0534372
0 0.224716 0.379798 0.0287608 0.0399489 0.05336
0 0.497894 0.419701 0.0323619 0.0441238 0.0532593
0 0.280423 0.366909 0.0183215 0.0200923 0.053222
0 0.661549 0.410346 0.0426424 0.0680491 0.0523705
0 0.0319011 0.351337 0.066776 0.352059 0.0518729
0 0.492708 0.378876 0.0316088 0.119175 0.0517874
0 0.348826 0.363336 0.00833063 0.0263853 0.0500121
0 0.341704 0.353798 0.0167018 0.0250056 0.0494254
0 0.644757 0.405712 0.0548166 0.0747902 0.0487173
0 0.260728 0.391421 0.0164096 0.0241225 0.0476133
0 0.40439 0.41073 0.105261 0.164771 0.046616
0 0.35108 0.37276 0.00779881 0.0240744 0.0463186
0 0.525189 0.401356 0.0266251 0.0434901 0.0458485
0 0.0124344 0.398861 0.0254719 0.0676195 0.0432876
0 0.527375 0.410628 0.0345669 0.0373524 0.0428494
0 0.11985 0.402141 0.0582984 0.0642431 0.0419588
0 0.489089 0.411117 0.0159095 0.0324433 0.0418277
0 0.710556 0.394698 0.123965 0.117067 0.0411849
0 0.23544 0.392757 0.0184963 0.0275733 0.0408408
0 0.672727 0.401749 0.0632845 0.0854325 0.0404149
0 0.58082 0.412908 0.0251439 0.0305658 0.0402482
0 0.353996 0.351863 0.0168898 0.0385234 0.0394018
0 0.0363074 0.411076 0.0336738 0.0483936 0.039351
0 0.242824 0.364678 0.0240388 0.022394 0.0390884
0 0.647624 0.251825 0.0672171 0.0493662 0.0389234
0 0.568211 0.405826 0.0440972 0.0404113 0.0387448
0 0.140281 0.407955 0.0207309 0.0464165 0.038706
0 0.487027 0.425002 0.0128757 0.0286502 0.0382131
0 0.466367 0.373449 0.0308696 0.142008 0.0377473
0 0.322203 0.361403 0.0185623 0.0223351 0.0375669
0 0.41518 0.29633 0.126198 0.168582 0.0373881
0 0.110641 0.250383 0.0349465 0.0484838 0.0370561
0 0.22179 0.380209 0.0202826 0.0247275 0.0370441
0 0.0671229 0.223336 0.12945 0.151134 0.0369719
0 0.691253 0.401954 0.0941597 0.0982763 0.0369191
0 0.0597588 0.430638 0.0402887 0.0832138 0.036821
0 0.579434 0.418167 0.0161548 0.0224419 0.0367352
0 0.547928 0.406414 0.0408452 0.0352436 0.036683
0 0.675532 0.366357 0.111929 0.154775 0.0363156
0 0.245835 0.398161 0.0244178 0.0346364 0.0362305
0 0.199187 0.374112 0.0237648 0.0247169 0.0358141
0 0.390402 0.254243 0.065319 0.0811658 0.0351394
0 0.753061 0.390761 0.0735211 0.105249 0.0351192
0 0.534536 0.397779 0.0373428 0.0480477 0.0349336
0 0.532301 0.414177 0.0213244 0.0293551 0.0347984
0 0.487322 0.37447 0.0242474 0.156078 0.0346956
0 0.49575 0.414472 0.0155506 0.036209 0.0345828
0 0.578065 0.401586 0.0362992 0.0455659 0.0341177
0 0.0975383 0.246892 0.0587012 0.0621988 0.033985
0 0.226416 0.390828 0.0253576 0.0431968 0.0335816
0 0.0651384 0.426142 0.0590808 0.0990807 0.0333942
0 0.0650192 0.401616 0.0557802 0.0570111 0.0332442
0 0.373398 0.279808 0.0531954 0.0795065 0.0330951
0 0.142519 0.430773 0.01857 0.0367152 0.032472
0 0.488186 0.393277 0.0157567 0.0490371 0.0324287
0 0.656775 0.403662 0.0586621 0.0852431 0.0319873
0 0.730623 0.380485 0.115315 0.14715 0.0318792
0 0.490816 0.387806 0.018982 0.0660067 0.0317478
0 0.0535387 0.472002 0.0779877 0.181112 0.0317238
0 0.780931 0.398138 0.0821754 0.108146 0.0316744
0 0.55693 0.412387 0.0443178 0.0406383 0.0313652
0 0.744977 0.330036 0.0295455 0.0468239 0.0309446
0 0.14997 0.400054 0.0215588 0.0346942 0.0305792
0 0.178121 0.372478 0.0279127 0.0317641 0.0305566
0 0.209539 0.39837 0.0177185 0.0338754 0.0302723
0 0.491273 0.398263 0.0194329 0.0374954 0.0299111
0 0.584343 0.42481 0.0163816 0.0224217 0.0298409
0 0.149102 0.366252 0.0647254 0.117387 0.0293842
0 0.0963963 0.394736 0.0556273 0.0468942 0.0291266
0 0.91769 0.400576 0.0738552 0.0841954 0.0289951
0 0.463213 0.405841 0.0366026 0.109908 0.028887
0 0.702203 0.397889 0.064361 0.0833706 0.0288852
0 0.0296478 0.373423 0.0573905 0.119923 0.0288475
0 0.883196 0.404482 0.160854 0.10204 0.0288337
0 0.139276 0.440101 0.0227796 0.0466678 0.0287999
0 0.113877 0.429521 0.0560952 0.0801225 0.028684
0 0.695121 0.317417 0.0586355 0.055747 0.028652
0 0.0185323 0.504768 0.0374118 0.264992 0.0283141
0 0.393496 0.444295 0.0850568 0.105853 0.0282098
0 0.196026 0.363 0.029885 0.0259772 0.0281698
0 0.758585 0.359349 0.0599812 0.105738 0.0280337
0 0.032677 0.20903 0.0620999 0.103813 0.0280149
0 0.0430933 0.401077 0.0348317 0.0446731 0.027742
0 0.452069 0.264173 0.0450918 0.0808105 0.0275925
0 0.257912 0.398886 0.0268143 0.0366042 0.0274375
0 0.850888 0.402861 0.0677532 0.078785 0.0273166
0 0.223615 0.395504 0.0147304 0.0264066 0.0272602
0 0.582929 0.41616 0.0174301 0.0244185 0.0272375
0 0.732912 0.328787 0.0317348 0.0509341 0.0270003
0 0.976829 0.310492 0.049696 0.210987 0.0269673
0 0.975261 0.396462 0.0505104 0.0815254 0.026904
0 0.0859834 0.472664 0.108135 0.167927 0.0268121
0 0.353037 0.382333 0.0122447 0.0281731 0.0267184
0 0.465605 0.305028 0.0261634 0.150208 0.0265115
0 0.651172 0.415145 0.0417143 0.0641699 0.026475
0 0.0305837 0.450221 0.0429833 0.15265 0.026383
0 0.507928 0.426356 0.027002 0.040632 0.0262062
0 0.387794 0.267793 0.0534605 0.0808859 0.0260469
0 0.0683315 0.274519 0.133049 0.237161 0.0259296
0 0.260484 0.293513 0.0381541 0.0465256 0.0258886
0 0.0563087 0.229331 0.103079 0.112977 0.0258619
0 0.0571751 0.339846 0.11201 0.270032 0.0258187
0 0.759089 0.33216 0.0472849 0.0573583 0.0255575
0 0.0347335 0.39782 0.0435555 0.0587342 0.0255286
0 0.07271 0.244646 0.0563875 0.0682871 0.025354
0 0.347735 0.31252 0.0162208 0.0357033 0.0251217
0 0.388791 0.299054 0.0672631 0.155294 0.0250155
0 0.152877 0.397238 0.027157 0.0505558 0.0250146
0 0.00892982 0.495021 0.0181665 0.153 0.0248016
0 0.551511 0.42308 0.0236309 0.0302219 0.024612
0 0.0987258 0.83653 0.0509952 0.0680857 0.0245447
0 0.036246 0.259611 0.0671171 0.06555 0.0244847
0 0.597138 0.401564 0.0553226 0.0619864 0.0244074
0 0.746902 0.352349 0.0584676 0.0894907 0.0243831
0 0.774411 0.398346 0.0482327 0.0892516 0.0243613
0 0.984716 0.416606 0.0289072 0.0621539 0.0243045
0 0.312038 0.41634 0.0225007 0.0354883 0.0241529
0 0.0688832 0.855449 0.122272 0.146162 0.024022
0 0.80157 0.393249 0.104067 0.115741 0.0240064
0 0.407354 0.226562 0.0920338 0.0714416 0.0239716
0 0.579557 0.427294 0.0203894 0.0273605 0.0238743
0 0.164474 0.353867 0.0521931 0.0761354 0.0238094
0 0.425063 0.23206 0.0943504 0.0748767 0.0236356
0 0.188587 0.360459 0.0262927 0.0256416 0.0235268
0 0.0863517 0.841047 0.0816284 0.0880676 0.0229839
0 0.977786 0.309825 0.0429506 0.103753 0.0227292
0 0.576119 0.413138 0.0217281 0.026126 0.0226854
0 0.192665 0.283864 0.0358891 0.0410252 0.022673
0 0.0298898 0.504416 0.0560763 0.274553 0.0225493
0 0.76488 0.329403 0.077747 0.0809686 0.0224977
0 0.974964 0.322474 0.0380501 0.0685426 0.0223436
0 0.205861 0.406172 0.0183601 0.0290776 0.0223116
0 0.720625 0.344334 0.0737915 0.085853 0.0222816
0 0.659454 0.380024 0.0842721 0.13118 0.0222693
0 0.081308 0.406734 0.0806478 0.0650093 0.0221541
0 0.962966 0.398462 0.0773928 0.0958347 0.0219537
0 0.77706 0.381868 0.105973 0.140184 0.0219525
0 0.0398354 0.221337 0.0803147 0.226746 0.021907
0 0.521444 0.248424 0.0165043 0.0235152 0.0218011
0 0.552117 0.407755 0.0245555 0.0286299 0.0217095
0 0.32063 0.318378 0.0337604 0.0463434 0.0216646
0 0.639684 0.250811 0.0900595 0.0621121 0.0215634
0 0.916691 0.407672 0.167604 0.123182 0.0215609
0 0.166924 0.281071 0.0333541 0.0424515 0.0211367
0 0.207378 0.412087 0.0181352 0.0440887 0.0211151
0 0.98195 0.396034 0.0383184 0.117113 0.0210823
0 0.133887 0.395652 0.0298677 0.0641471 0.0209322
0 0.630114 0.399401 0.0811107 0.0843328 0.0208735
0 0.631126 0.379933 0.101019 0.138116 0.0208163
0 0.12887 0.356677 0.0462746 0.0805176 0.0207671
0 0.210581 0.408266 0.0125736 0.0317462 0.0207209
0 0.355329 0.405697 0.0158933 0.0395241 0.0207026
0 0.682152 0.318297 0.083222 0.0669089 0.0206785
0 0.443217 0.288609 0.0670453 0.139621 0.0206621
0 0.121657 0.851159 0.0806167 0.111268 0.0206077
0 0.248758 0.299952 0.046265 0.0568239 0.0206057
0 0.697431 0.355955 0.0990685 0.127874 0.0205037
0 0.442695 0.257252 0.0674566 0.0846356 0.0203264
0 0.52929 0.419876 0.0232591 0.0336603 0.0202541
0 0.986795 0.395459 0.0273491 0.0760852 0.020176
0 0.707795 0.328325 0.078557 0.0752995 0.0201729
0 0.551098 0.394356 0.068101 0.0691166 0.0200155
0 0.182003 0.283825 0.035929 0.0413019 0.0199735
0 0.121393 0.388754 0.048331 0.074586 0.0199666
0 0.985706 0.297709 0.0290529 0.123941 0.0199598
0 0.273432 0.300531 0.0441789 0.0561421 0.019805
0 0.270862 0.439441 0.029305 0.0455513 0.019649
0 0.372991 0.305597 0.0267832 0.0595661 0.0195461
0 0.0542151 0.521056 0.094516 0.256063 0.0195085
0 0.227135 0.412279 0.0491853 0.0696664 0.0194437
0 0.815547 0.375538 0.101335 0.139523 0.0193857
0 0.359468 0.394915 0.01829 0.0361282 0.0193777
0 0.107895 0.83613 0.0376987 0.0607268 0.019315
0 0.980276 -0.0144284 0.0374022 0.0405761 0.0193004
0 0.834868 0.401022 0.0632366 0.0777046 0.0192464
0 0.585606 0.398129 0.0468901 0.0653281 0.0191935
0 0.775855 0.342818 0.0971472 0.102628 0.0191916
0 0.479319 0.34264 0.0146465 0.0998999 0.0191578
0 0.522018 0.444737 0.0189289 0.0313524 0.0191175
0 0.160526 0.278843 0.0414148 0.05098 0.0189608
0 0.116651 0.253141 0.0552565 0.0633294 0.018919
0 0.89917 0.32169 0.0287846 0.0475778 0.018909
0 0.117764 0.299396 0.178589 0.280959 0.0186342
0 0.0612127 0.611851 0.115377 0.314985 0.0185317
0 0.0518942 0.740002 0.0802995 0.183904 0.0184118
0 0.538755 0.419715 0.0208479 0.0306416 0.0184026
0 0.162427 0.444436 0.0597958 0.0839342 0.0181834
0 0.0531081 0.655037 0.0923577 0.218022 0.0181456
0 0.348416 0.276794 0.019182 0.0432724 0.0181271
0 0.658588 0.446998 0.027998 0.0366519 0.0181047
0 0.147023 0.261493 0.0489633 0.0593543 0.0178993
0 0.0672447 0.901256 0.123329 0.189401 0.0178254
0 0.974569 0.3677 0.040873 0.0501732 0.0177574
0 0.138965 0.834987 0.0321762 0.0513938 0.0177461
0 0.45556 0.155857 0.0220024 0.0350341 0.0177313
0 0.521205 0.282635 0.0218805 0.0509898 0.0177128
0 0.682433 -0.00884654 0.0597681 0.0438169 0.0176899
0 0.468615 0.27652 0.0304281 0.0905693 0.0176819
0 0.396707 0.217187 0.064242 0.0550668 0.0175561
0 0.391443 0.328288 0.0818452 0.159022 0.0174482
0 0.357421 0.404296 0.0227771 0.0514393 0.0174112
0 0.214574 0.65083 0.053581 0.0804076 0.0173944
0 0.157011 0.269329 0.0436733 0.0453916 0.0173802
0 0.147285 0.206287 0.271347 0.36936 0.0173775
0 0.161456 0.764824 0.0458134 0.0735379 0.0173704
0 0.706495 -0.00668671 0.062718 0.0459437 0.0173552
0 0.384507 0.239185 0.0846998 0.0847498 0.0173455
0 0.346139 0.400798 0.0145922 0.0303187 0.0173351
0 0.619711 0.409602 0.0727537 0.0706483 0.0173304
0 0.103739 0.879727 0.104535 0.152643 0.0172958
0 0.44152 0.422194 0.0796427 0.132545 0.0172734
0 0.0823699 0.229584 0.163605 0.26484 0.0170681
0 0.809422 0.359636 0.156202 0.162174 0.0170175
0 0.511945 0.255674 0.03065 0.0350012 0.0170124
0 0.889126 0.854975 0.060144 0.0890929 0.0170058
0 0.344046 0.33019 0.0176665 0.0354619 0.0169273
0 0.113913 0.811538 0.0331544 0.0459427 0.016799
0 0.38385 0.239504 0.0535317 0.0527229 0.0167689
0 0.715381 0.0434344 0.0851288 0.102216 0.0167117
0 0.784912 -0.00535709 0.0607417 0.049255 0.0167116
0 0.73096 -0.0046724 0.0653511 0.0486585 0.016687
0 0.188045 0.702428 0.05077 0.0675366 0.0166324
0 0.169985 0.863935 0.0306715 0.0324007 0.0165891
0 0.520077 0.256757 0.0187234 0.0281883 0.0165647
0 0.658169 -0.00796524 0.0593658 0.0455579 0.0165312
0 0.455956 0.340624 0.0383406 0.163794 0.0164292
0 0.0728972 0.534761 0.0954823 0.178811 0.0163505
