0 0.248387 0.593973 0.105033 0.113138 0.88881
0 0.328344 0.587092 0.0561388 0.0688631 0.855801
0 0.639064 0.603116 0.0794479 0.100281 0.790491
0 0.436279 0.566453 0.0158809 0.0293004 0.788718
0 0.869873 0.661909 0.259137 0.284348 0.779654
0 0.414624 0.57005 0.030308 0.0377146 0.724084
0 0.469279 0.568026 0.0335812 0.0392327 0.626286
0 0.367419 0.571632 0.0435402 0.070202 0.62046
0 0.537791 0.570145 0.0240129 0.0334154 0.542917
0 0.520116 0.570608 0.0152113 0.0228104 0.499216
0 0.387202 0.576778 0.0181136 0.0452101 0.483339
0 0.515054 0.570722 0.0138168 0.0214167 0.459734
0 0.59224 0.595867 0.0345233 0.0673552 0.451052
0 0.559158 0.575274 0.0212874 0.0511663 0.420488
0 0.573456 0.583378 0.0302889 0.0581748 0.412255
0 0.576401 0.568368 0.0514659 0.0816864 0.409164
0 0.500916 0.569578 0.0198913 0.0249317 0.408615
0 0.980096 0.781328 0.0395622 0.236303 0.353035
0 0.430247 0.569149 0.0140315 0.0288071 0.333969
0 0.523467 0.572417 0.0131797 0.0223996 0.324414
0 0.446148 0.569056 0.0122221 0.0225126 0.324201
0 0.528411 0.570722 0.0139745 0.0263267 0.297064
0 0.543195 0.571082 0.0201923 0.0334551 0.290191
0 0.496365 0.569096 0.0159494 0.0230262 0.286438
0 0.975577 0.725682 0.0482159 0.355802 0.28551
0 0.508776 0.570957 0.0128344 0.0201235 0.28044
0 0.601087 0.591014 0.045676 0.0830154 0.26443
0 0.440312 0.566171 0.0142611 0.0275699 0.263817
0 0.565221 0.564558 0.0346972 0.0781659 0.25659
0 0.504356 0.570392 0.0138916 0.0207145 0.25218
