0 0.552458 0.373073 0.0200842 0.0971582 0.910846
0 0.499396 0.363523 0.0274618 0.0432385 0.87895
0 0.5625 0.421868 0 0.140756 0.872032
0 0.5625 0.394302 0 0.110074 0.86038
0 0.5625 0.382507 0 0.0845395 0.854008
0 0.281004 0.401989 0.0963817 0.118898 0.825934
0 0.328665 0.390311 0.0506316 0.0906527 0.814822
0 0.5625 0.373366 0 0.0637846 0.780832
0 0.202907 0.434201 0.131739 0.133866 0.75791
0 0.5625 0.375444 0 0.0478711 0.72372
0 0.0748335 0.460731 0.149353 0.238279 0.689828
0 0.435736 0.365692 0.0213171 0.0307721 0.669027
0 0.5625 0.382925 0 0.0609352 0.641092
0 0.518572 0.355042 0.0125388 0.0198825 0.528332
0 0.477005 0.353281 0.0132157 0.0183641 0.48316
0 0.5625 0.371276 0 0.0435178 0.481788
0 0.545946 0.352365 0.0136017 0.028318 0.439576
0 0.453298 0.363935 0.0150274 0.0224544 0.423761
0 0.534393 0.349462 0.0141207 0.0258408 0.320479
0 0.521453 0.354551 0.0111347 0.0191697 0.274229
0 0.466952 0.358892 0.0142336 0.0209117 0.252711
0 0.475072 0.356387 0.0112833 0.0168801 0.251639
0 0.403816 0.379149 0.0526447 0.0523834 0.251357
0 0.5625 0.380746 0 0.0765812 0.233848
0 0.480763 0.351875 0.0120988 0.0172237 0.223269
0 0.514964 0.351694 0.0112421 0.0191435 0.210367
0 0.471639 0.357757 0.0123489 0.0177372 0.201993
0 0.5625 0.367541 0 0.0333568 0.201524
0 0.442223 0.365728 0.01753 0.0250949 0.200909
0 0.543227 0.351961 0.0115605 0.0225111 0.195039
0 0.427432 0.368319 0.0270905 0.0358951 0.195028
0 0.45629 0.362295 0.013261 0.0206042 0.192008
0 0.528383 0.350712 0.0121518 0.023952 0.185929
0 0.539784 0.351251 0.0121617 0.0251321 0.18532
0 0.0398571 0.470877 0.0797142 0.229222 0.18469
0 0.502823 0.361457 0.018763 0.0308738 0.181306
0 0.466174 0.363048 0.0125538 0.0181118 0.177329
0 0.508502 0.352115 0.0118314 0.0183961 0.170552
0 0.463704 0.362933 0.0136275 0.0213644 0.161485
0 0.534718 0.354621 0.0120655 0.0212061 0.155891
0 0.511302 0.3557 0.0130389 0.0221564 0.149471
0 0.304359 0.400117 0.050185 0.103445 0.145887
0 0.5625 0.368788 0 0.0331425 0.142668
0 0.5625 0.388748 0 0.088569 0.142188
0 0.0974457 0.454967 0.120644 0.190516 0.133579
0 0.228497 0.430351 0.0833865 0.119944 0.132378
0 0.0186721 0.4699 0.0373283 0.223747 0.1263
0 0.548208 0.356655 0.0112758 0.0204389 0.125483
0 0.546382 0.344619 0.0135411 0.0204642 0.121797
0 0.553078 0.355488 0.0188435 0.0478065 0.11798
0 0.76758 0.40337 0.0639844 0.0871234 0.112335
0 0.107638 0.467548 0.0912082 0.144256 0.109627
0 0.00837072 0.518287 0.0175936 0.135747 0.106274
0 0.0108428 0.489833 0.0227133 0.183999 0.10474
0 0.493622 0.35347 0.011248 0.0183654 0.104146
0 0.550132 0.359321 0.0133145 0.0294933 0.102916
0 0.611129 0.370114 0.0143274 0.030073 0.101469
0 0.0149608 0.513176 0.0301328 0.165985 0.100982
0 0.602304 0.377941 0.0175526 0.036917 0.1003
0 0.67352 0.385805 0.0352546 0.069042 0.0994475
0 0.535893 0.344763 0.0137693 0.022179 0.0961834
0 0.030282 0.506612 0.0588081 0.181105 0.0927893
0 0.423765 0.368491 0.0150202 0.0283514 0.0905869
0 0.177994 0.439858 0.0865855 0.121714 0.0898198
0 0.344219 0.37552 0.0275686 0.0546741 0.0895387
0 0.413147 0.363199 0.030043 0.0430931 0.0865618
0 0.0293177 0.441303 0.0577601 0.206801 0.0851219
0 0.400621 0.361572 0.0510888 0.0821993 0.0823598
0 0.716647 0.383802 0.0433907 0.0820425 0.0812936
0 0.0529857 0.441783 0.0991707 0.154007 0.0804057
0 0.594744 0.354713 0.0164685 0.0288045 0.0801321
0 0.515884 0.356184 0.0100438 0.0199738 0.0788821
0 0.617532 0.366717 0.0153823 0.0325996 0.075771
0 0.777793 0.367145 0.0641264 0.0527857 0.0755443
0 0.447387 0.372523 0.0163042 0.0248482 0.0731226
0 0.122351 0.451698 0.0898949 0.129757 0.0727073
0 0.341797 0.387083 0.0300827 0.0780115 0.0720565
0 0.547246 0.371372 0.0153066 0.0295314 0.0719343
0 0.726684 0.369492 0.0432148 0.0637294 0.071802
0 0.424714 0.36341 0.0332172 0.0531183 0.0697701
0 0.259318 0.398718 0.0621853 0.105326 0.0697307
0 0.650926 0.372525 0.0309638 0.0478421 0.0690039
0 0.773518 0.381797 0.072542 0.0803969 0.0689722
0 0.674845 0.382111 0.0202961 0.0570066 0.067943
0 0.752185 0.400229 0.0643738 0.0965632 0.0669275
0 0.144748 0.44596 0.115419 0.140618 0.0649353
0 0.579664 0.351208 0.0150007 0.0234918 0.0626678
0 0.480924 0.343089 0.0120502 0.0169007 0.0626298
0 0.972127 0.424403 0.056123 0.146119 0.0621207
0 0.0869139 0.54419 0.162689 0.389582 0.0597846
0 0.436982 0.344996 0.0172357 0.0293474 0.0590224
0 0.4159 0.374758 0.023665 0.0368067 0.0589832
0 0.727524 0.347695 0.0268299 0.018742 0.0583873
0 0.669254 0.374221 0.0189984 0.0426387 0.0570685
0 0.513348 0.345022 0.0102874 0.0166741 0.0552048
0 0.487718 0.34316 0.0109811 0.0165839 0.0537395
0 0.947805 0.416803 0.0487978 0.083538 0.0527862
0 0.655254 0.352449 0.0287392 0.0255174 0.0522392
0 0.516285 0.345711 0.0110294 0.0159159 0.0506501
0 0.0468847 0.532385 0.0888017 0.313211 0.0504777
0 0.73222 0.354379 0.0238277 0.0264977 0.0503176
0 0.360395 0.385701 0.0289907 0.0532581 0.0502378
0 0.713339 0.331993 0.088772 0.0600092 0.0496297
0 0.854782 0.35698 0.0484142 0.0339262 0.0492771
0 0.23262 0.411092 0.0662733 0.108641 0.0481337
0 0.656038 0.381661 0.0231482 0.04546 0.0480787
0 0.391387 0.366785 0.08594 0.103918 0.0477366
0 0.0194174 0.532185 0.0381125 0.233914 0.0469068
0 0.413465 0.382113 0.0363277 0.0406837 0.0467439
0 0.932545 0.40838 0.0568655 0.102008 0.0466098
0 0.66635 0.360198 0.0222793 0.0297519 0.046214
0 0.957869 0.425041 0.07031 0.115264 0.0458473
0 0.34381 0.372188 0.0210627 0.0418733 0.0449964
0 0.383187 0.394111 0.047853 0.0639684 0.0449257
0 0.528727 0.320021 0.0113959 0.0150957 0.0441207
0 0.0285471 0.34295 0.0578951 0.217386 0.0426946
0 0.173794 0.463389 0.146364 0.167509 0.0423481
0 0.573516 0.366579 0.0391402 0.0601321 0.0419157
0 0.991669 0.422821 0.0168329 0.123916 0.0417857
0 0.021896 0.407157 0.0437013 0.118225 0.0416105
0 0.979488 0.399147 0.0406137 0.136099 0.0406763
0 0.803742 0.417552 0.0620353 0.109134 0.0406281
0 0.138547 0.494486 0.137509 0.203596 0.0403566
0 0.104444 0.434287 0.0873802 0.134081 0.0402373
0 0.381855 0.392296 0.0309112 0.0460673 0.0399159
0 0.986713 0.427282 0.0274054 0.136348 0.0398205
0 0.889564 0.420107 0.116701 0.129332 0.0395983
0 0.394107 0.386751 0.0525654 0.0694814 0.0395792
0 0.516323 0.321575 0.0109221 0.0149192 0.0392816
0 0.37487 0.382541 0.0538578 0.0662976 0.0390734
0 0.740321 0.351202 0.0315525 0.0322346 0.0388563
0 0.846016 0.356674 0.066287 0.0438288 0.0387763
0 0.981177 0.443277 0.0379139 0.150411 0.0385846
0 0.523494 0.321115 0.0104312 0.0139419 0.0382931
0 0.223843 0.403466 0.0558475 0.077461 0.0376797
0 0.823817 0.41692 0.108895 0.126644 0.0371793
0 0.787785 0.387106 0.0465476 0.0698589 0.036288
0 0.735041 0.342598 0.0311669 0.0297401 0.0353519
0 0.671446 0.390547 0.023162 0.0619633 0.0349549
0 0.246112 0.423282 0.0633001 0.107722 0.0349187
0 0.815243 0.368737 0.0592239 0.0579671 0.0346928
0 0.91787 0.414285 0.07791 0.117373 0.034619
0 0.718817 0.344166 0.0434266 0.041962 0.0343749
0 0.464896 0.343633 0.0131389 0.0185865 0.0341293
0 0.548284 0.359506 0.017856 0.0407963 0.0336715
0 0.854386 0.35293 0.0313427 0.0205624 0.0335867
0 0.764437 0.346578 0.0591544 0.0389179 0.0335266
0 0.0731828 0.636083 0.146763 0.350632 0.0333973
0 0.0562734 0.497132 0.105649 0.167358 0.0333903
0 0.0702388 0.429632 0.0933482 0.128827 0.0331248
0 0.392209 0.346358 0.060824 0.0949322 0.033111
0 0.0371205 0.405177 0.0755437 0.20494 0.0328161
0 0.364412 0.405182 0.0397077 0.0592151 0.0326728
0 0.0223502 0.534192 0.0440447 0.129072 0.0326269
0 0.790563 0.411285 0.0546757 0.0993643 0.032213
0 0.993037 0.451661 0.0144794 0.128901 0.0320032
0 0.479284 0.316557 0.0103374 0.0154419 0.0318484
0 0.801598 0.312835 0.0660073 0.0929879 0.0317724
0 0.608454 0.377984 0.011585 0.0296783 0.0314482
0 0.491643 0.319556 0.010712 0.0146578 0.0309884
0 0.786736 0.312401 0.105948 0.100952 0.0309718
0 0.777964 0.34725 0.0633702 0.0467928 0.0309682
0 0.0172482 0.384442 0.0378349 0.193851 0.0306624
0 0.98669 0.394765 0.0260393 0.122952 0.0305551
0 0.50554 0.320685 0.0115816 0.0148449 0.0303226
0 0.799388 0.357708 0.028564 0.0308072 0.0302904
0 0.231339 0.405923 0.110039 0.112851 0.030235
0 0.887559 0.201404 0.0304092 0.0361968 0.0302205
0 0.718455 0.320969 0.1416 0.0914395 0.0295731
0 0.199582 0.447101 0.0656074 0.0942619 0.0295675
0 0.535706 0.321247 0.0115168 0.0163022 0.0289389
0 0.804945 0.330357 0.0527833 0.0752586 0.0287697
0 0.093567 0.490267 0.0826092 0.123625 0.0282778
0 0.805796 0.363392 0.0306833 0.0318993 0.0282524
0 0.0747649 0.235748 0.027807 0.0355126 0.0281118
0 0.721589 0.341056 0.111298 0.107615 0.028059
0 0.663169 0.346976 0.0246369 0.0428606 0.0277707
0 0.132447 0.415048 0.142359 0.189215 0.0277362
0 0.751214 0.336231 0.118669 0.0984141 0.0272164
0 0.902067 0.393289 0.0751181 0.072599 0.0269723
0 0.560845 0.338522 0.0169636 0.0226461 0.0267031
0 0.970205 0.386576 0.0579319 0.136117 0.0259469
0 0.0794466 0.537328 0.133238 0.24632 0.025802
0 0.66831 0.384138 0.0189713 0.0513394 0.0257629
0 0.360588 0.359581 0.0458536 0.0793972 0.0257043
0 0.77508 0.30308 0.0965526 0.0547947 0.0256911
0 0.0390296 0.398354 0.0740211 0.111462 0.0255296
0 0.879262 0.399717 0.109474 0.096776 0.0253819
0 0.740214 0.697293 0.0728325 0.104643 0.0253651
0 0.949659 0.260691 0.0233677 0.0343776 0.0253216
0 0.0974618 0.41821 0.154432 0.204446 0.0252011
0 0.687477 0.352265 0.0397987 0.0508723 0.0251995
0 0.0389275 0.655922 0.081134 0.265963 0.0250528
0 0.807805 0.357238 0.0233828 0.0291657 0.0249516
0 0.622434 0.32782 0.0520936 0.0696733 0.0249453
0 0.0332446 0.38325 0.0627076 0.07719 0.0248576
0 0.546939 0.316504 0.0150054 0.023747 0.0247759
0 0.17827 0.52211 0.0890211 0.131254 0.0247647
0 0.446686 0.342255 0.0147703 0.0210454 0.0246614
0 0.0743431 0.365654 0.145911 0.28422 0.0244078
0 0.611232 0.342759 0.0149511 0.0216489 0.0243943
0 0.729356 0.306802 0.0943588 0.0551168 0.0243821
0 0.755915 0.325034 0.0682861 0.060203 0.0243013
0 0.120185 0.553855 0.117307 0.229119 0.0241264
0 0.0407482 0.58827 0.0698404 0.266725 0.0237582
0 0.17019 0.404861 0.123524 0.16093 0.0235114
0 0.700418 0.407021 0.0297086 0.0703626 0.023483
0 0.31532 0.372309 0.0275541 0.0428376 0.0234182
0 0.856354 0.367348 0.0398428 0.0365224 0.0234129
0 0.804893 0.284692 0.0427744 0.0475334 0.0233477
0 0.8362 0.374439 0.0776282 0.0514347 0.0233182
0 0.330889 0.410339 0.0280068 0.0573391 0.0232624
0 0.327289 0.356857 0.0288648 0.0477428 0.0232287
0 0.876359 0.37918 0.0750278 0.0559878 0.0231111
0 0.545746 0.245168 0.0206186 0.0248097 0.0229998
0 0.845487 0.396184 0.12534 0.0959255 0.0229932
0 0.639235 0.326244 0.0769329 0.0679703 0.0229324
0 0.748662 0.296602 0.051596 0.0352346 0.0228948
0 0.467312 0.310444 0.0117995 0.0174295 0.0225108
0 0.0139079 0.376809 0.027252 0.0752775 0.0224681
0 0.0609169 0.352814 0.117953 0.198245 0.0223863
0 0.23038 0.471059 0.0878946 0.129995 0.0223007
0 0.0179551 0.301614 0.0353585 0.113341 0.0222266
0 0.206611 0.398744 0.0594444 0.0627062 0.0221551
0 0.994018 0.489021 0.0121113 0.0998936 0.0220133
0 0.346411 0.342519 0.0594481 0.0939459 0.0219215
0 0.813135 0.281493 0.0345554 0.0430524 0.0218788
0 0.917379 0.398196 0.103794 0.122305 0.0218678
0 0.211024 0.259642 0.0236381 0.044156 0.0216457
0 0.836674 0.358505 0.0503401 0.0324248 0.0213402
0 0.966638 0.37102 0.0712313 0.186771 0.0213328
0 0.554536 0.247012 0.0220473 0.0263507 0.0212621
0 0.820915 0.168414 0.0313915 0.0488967 0.0211908
0 0.274967 0.330096 0.0544365 0.0735128 0.0211713
0 0.326158 0.360005 0.0185823 0.0239885 0.0211523
0 0.334378 0.356287 0.0215191 0.0286975 0.0209526
0 0.977856 0.349978 0.0441814 0.156373 0.0208993
0 0.740864 0.27448 0.0234449 0.0163183 0.020812
0 0.381796 0.180315 0.0163837 0.0252536 0.0207139
0 0.355114 0.41752 0.029548 0.057072 0.0204114
0 0.652401 0.333406 0.0334466 0.0283737 0.0203902
0 0.87724 0.164354 0.0198124 0.0320663 0.0203511
0 0.93734 0.429287 0.0642794 0.109001 0.0203478
0 0.58738 0.337537 0.0155282 0.0197919 0.020279
0 0.318717 0.356613 0.0199255 0.0255135 0.0201199
0 0.822446 0.33388 0.0867833 0.0767253 0.0200916
0 0.298578 0.336878 0.050713 0.0822458 0.0198989
0 0.98765 0.351764 0.0253874 0.118968 0.0198726
0 0.793445 0.247032 0.042698 0.0415161 0.0197406
0 0.927851 0.385256 0.0584637 0.0695463 0.0197303
0 0.150851 0.576164 0.0955217 0.198776 0.0197184
0 0.865941 0.325717 0.0625404 0.0584084 0.0197093
0 0.72474 0.27512 0.0471452 0.030846 0.0196905
0 0.940306 0.100333 0.0233854 0.0568839 0.0196174
0 0.941995 0.396024 0.0594339 0.0921631 0.0196013
0 0.321325 0.495975 0.0460867 0.0841915 0.0194539
0 0.840557 0.334246 0.0748291 0.0700947 0.0194141
0 0.245881 0.38629 0.0550258 0.0761058 0.0194084
0 0.790344 0.292693 0.0736164 0.0666104 0.0193302
0 0.701598 0.365247 0.0472427 0.0789185 0.0190355
0 0.656869 0.324145 0.0493294 0.0447763 0.0189717
0 0.544559 0.365558 0.0119464 0.0247678 0.0189451
0 0.869482 0.313071 0.0608257 0.0635836 0.0188667
0 0.32812 0.311548 0.100833 0.183373 0.0188044
0 0.890192 0.374488 0.116178 0.106059 0.018557
0 0.290379 0.484943 0.0468952 0.0805559 0.0184744
0 0.581618 0.375471 0.0429955 0.0761196 0.0184657
0 0.0176311 0.269675 0.0346819 0.0809934 0.0181889
0 0.616731 0.340376 0.0189665 0.0259082 0.018139
0 0.383788 0.318273 0.029761 0.0458093 0.0181226
0 0.894723 0.336887 0.120811 0.136532 0.0180743
0 0.407836 0.122146 0.0248991 0.0392306 0.0179393
0 0.971559 0.32808 0.0559475 0.135155 0.017831
0 0.759045 0.74494 0.0611037 0.0774823 0.0178024
0 0.824322 0.168408 0.0231943 0.0334961 0.0177946
0 0.571102 0.171269 0.0181453 0.0278442 0.0176918
0 0.298495 0.362431 0.0284917 0.0408941 0.017664
0 0.0772187 0.620715 0.117646 0.220832 0.0176626
0 0.236612 0.550471 0.0431318 0.0678977 0.0176582
0 0.826444 0.163453 0.0322041 0.0440075 0.0176519
0 0.77157 0.285834 0.0661172 0.0506978 0.017626
0 0.138809 0.466102 0.0851711 0.139484 0.0175646
0 0.325911 0.364346 0.0249114 0.0337413 0.0175609
0 0.941924 0.0893372 0.033539 0.0874498 0.0175228
0 0.255696 0.262571 0.0304616 0.0521399 0.0174872
0 0.211048 0.539848 0.060749 0.0905045 0.0173611
0 0.369331 0.297956 0.0224087 0.0324626 0.0172912
0 0.994197 0.513842 0.0129547 0.122965 0.0172154
0 0.307753 0.24562 0.0235979 0.0426449 0.0171626
0 0.380727 0.19506 0.0158238 0.0308946 0.0170658
0 0.576323 0.281806 0.0397158 0.0513413 0.0169591
0 0.624932 0.380233 0.0152385 0.0385157 0.0169167
0 0.395774 0.433129 0.059078 0.0970652 0.016905
0 0.850939 0.423186 0.0510368 0.0867999 0.0168859
0 0.269607 0.427641 0.0484662 0.0897466 0.0165979
0 0.339912 0.497346 0.0579767 0.106598 0.0165372
0 0.582745 0.241985 0.0270487 0.036397 0.0165291
0 0.915743 0.189191 0.168944 0.27256 0.0164805
0 0.605155 0.285138 0.0252872 0.0358769 0.0164512
0 0.0613464 0.39522 0.0936183 0.101609 0.0164288
