0 0.351562 0.442156 0.0366258 0.0474102 0.888195
0 0.0971575 0.488258 0.194315 0.366464 0.877387
0 0.452157 0.441658 0.0296913 0.0424316 0.857053
0 0.55804 0.516025 0.00892019 0.262802 0.84566
0 0.203352 0.46125 0.122729 0.197124 0.810857
0 0.404831 0.440346 0.0235917 0.0341516 0.791084
0 0.537416 0.479465 0.050169 0.164176 0.697767
0 0.373132 0.435098 0.021135 0.0408483 0.691995
0 0.520738 0.458818 0.0564346 0.117469 0.653701
0 0.268708 0.459263 0.0602809 0.107402 0.610894
0 0.419833 0.435652 0.0141469 0.0264855 0.584422
0 0.432572 0.437974 0.0186403 0.0395753 0.581136
0 0.38645 0.434065 0.0138895 0.030546 0.369399
0 0.511977 0.463349 0.0377129 0.102264 0.32569
0 0.297382 0.432055 0.0499888 0.0499175 0.311726
0 0.48583 0.434682 0.0227735 0.0287608 0.285333
0 0.280795 0.457571 0.0340148 0.0856144 0.265578
0 0.375067 0.439722 0.0156196 0.0343304 0.254634
0 0.383727 0.438153 0.0111439 0.0258064 0.236817
0 0.423192 0.434121 0.0134413 0.0288759 0.235377
0 0.426527 0.438646 0.011382 0.0274061 0.233507
0 0.429144 0.435233 0.0142382 0.0345247 0.226393
0 0.505129 0.472034 0.0244401 0.0819215 0.204369
0 0.390049 0.436698 0.0131684 0.0261375 0.201928
0 0.387965 0.429047 0.0119519 0.022136 0.200141
0 0.215288 0.478081 0.0924969 0.156918 0.195618
0 0.53396 0.474027 0.0461815 0.131749 0.191623
0 0.401487 0.439456 0.01673 0.0272352 0.189089
0 0.5625 0.442037 0 0.168093 0.185735
0 0.399253 0.432668 0.0143662 0.0263117 0.185101
0 0.392383 0.427535 0.0126954 0.0203852 0.170939
0 0.2349 0.468862 0.0641658 0.156337 0.169632
0 0.381843 0.429923 0.0117537 0.0277495 0.161937
0 0.491286 0.435371 0.0330641 0.0398039 0.156124
0 0.437919 0.434648 0.0145626 0.0252634 0.150925
0 0.4406 0.439491 0.0164592 0.0294706 0.137536
0 0.546366 0.491694 0.0322682 0.138122 0.135904
0 0.394943 0.438423 0.01297 0.0246585 0.135662
0 0.36783 0.440198 0.0130835 0.0290402 0.130481
0 0.5625 0.475847 0 0.100218 0.116228
0 0.433567 0.429485 0.0156775 0.0249954 0.114702
0 0.255024 0.461552 0.0522184 0.117604 0.112618
0 0.546042 0.483915 0.0329156 0.178978 0.110705
0 0.5625 0.453171 0 0.155541 0.109933
0 0.318397 0.439727 0.0296252 0.0427917 0.109405
0 0.5625 0.442373 0 0.16329 0.106857
0 0.444304 0.440965 0.0206368 0.0369083 0.106471
0 0.482995 0.446399 0.018248 0.0296514 0.105779
0 0.18688 0.434203 0.090255 0.139548 0.101532
0 0.5625 0.474639 0 0.112115 0.0966142
0 0.583067 0.13738 0.330633 0.300227 0.0942595
0 0.372149 0.439647 0.0154065 0.0285797 0.0896443
0 0.407637 0.408677 0.0117498 0.0146486 0.0892179
0 0.413636 0.411132 0.0117801 0.0147187 0.0880681
0 0.48163 0.429891 0.0195149 0.0266646 0.0878329
0 0.423188 0.412597 0.0170818 0.0256227 0.0865043
0 0.417946 0.409681 0.0119018 0.015864 0.0856933
0 0.252798 0.436491 0.0368282 0.0729218 0.0851823
0 0.558144 0.417461 0.101748 0.0789877 0.0839086
0 0.222402 0.435081 0.0596131 0.141915 0.0838192
0 0.532691 0.419939 0.0447142 0.0528147 0.0831753
0 0.178358 0.400392 0.0751795 0.0734695 0.0827087
0 0.569527 0.422641 0.0549683 0.0557698 0.0819727
0 0.960002 0.37513 0.0778267 0.298503 0.0799369
0 0.478366 0.441405 0.0150772 0.0297884 0.0780643
0 0.243821 0.442132 0.0533281 0.0932728 0.0763213
0 0.82413 0.464073 0.142619 0.114715 0.0737942
0 0.466391 0.437727 0.0167003 0.0276545 0.0714255
0 0.348931 0.437763 0.0186676 0.0324382 0.0711991
0 0.401994 0.410467 0.0119667 0.0151221 0.0704223
0 0.162747 0.646347 0.0356838 0.0377204 0.0698215
0 0.575522 0.407442 0.0615048 0.057325 0.0697995
0 0.295884 0.44613 0.0497215 0.0692493 0.0694204
0 0.55064 0.444804 0.0823027 0.0918634 0.0694073
0 0.316908 0.438546 0.0227678 0.0328625 0.0684366
0 0.395165 0.410444 0.0115654 0.0162223 0.0675223
0 0.495551 0.441617 0.0190798 0.03714 0.0671583
0 0.494374 0.428346 0.0385283 0.0561836 0.0669185
0 0.552425 0.509182 0.0336116 0.108184 0.0666397
0 0.247942 0.481861 0.0361124 0.129477 0.0656147
0 0.452769 0.442242 0.0189057 0.0328245 0.0650765
0 0.500405 0.460353 0.0147614 0.0442991 0.0645394
0 0.369793 0.429797 0.0166808 0.0265691 0.0645186
0 0.327188 0.442622 0.015666 0.0288416 0.0631376
0 0.471581 0.438972 0.0165498 0.0300689 0.0628838
0 0.29053 0.435843 0.0305481 0.0387412 0.0628811
0 0.35586 0.439698 0.025571 0.0344287 0.0628083
0 0.958631 0.418045 0.0668379 0.112745 0.0625018
0 0.458371 0.442501 0.0200741 0.0298927 0.061241
0 0.341263 0.441332 0.0179817 0.0304211 0.0601442
0 0.572385 0.452681 0.05816 0.116778 0.0596464
0 0.93933 0.407007 0.119926 0.248983 0.0592115
0 0.352366 0.42823 0.0302099 0.0495466 0.0584908
0 0.424589 0.410692 0.0127895 0.0158256 0.0580803
0 0.576776 0.42774 0.0802869 0.083557 0.0575208
0 0.303499 0.456264 0.0467149 0.0858351 0.0572548
0 0.390199 0.410769 0.0127917 0.0161881 0.0557545
0 0.218842 0.400701 0.0499528 0.089247 0.0554071
0 0.421333 0.423289 0.0116952 0.0215123 0.0552754
0 0.514462 0.433678 0.0539211 0.0808389 0.0546867
0 0.211072 0.49454 0.058466 0.135307 0.0539916
0 0.43747 0.409811 0.0150224 0.0169779 0.0535949
0 0.462753 0.429086 0.0187411 0.0226065 0.0534714
0 0.780015 0.457141 0.0545026 0.071883 0.0534687
0 0.331906 0.441776 0.0158119 0.0319177 0.0522484
0 0.97074 0.0662971 0.0572908 0.078443 0.0513238
0 0.488189 0.429122 0.0200501 0.0314526 0.0504022
0 0.420727 0.440258 0.00999985 0.0227695 0.0500885
0 0.70089 0.37509 0.0284558 0.0334695 0.0477178
0 0.426877 0.427189 0.0109867 0.0223472 0.0474071
0 0.402076 0.380188 0.0302377 0.0541515 0.0471465
0 0.397068 0.424961 0.01191 0.0193068 0.0465363
0 0.445057 0.407636 0.01606 0.0190235 0.0462006
0 0.593401 0.462956 0.088552 0.144484 0.0457704
0 0.263849 0.443471 0.0836045 0.142774 0.0450514
0 0.934649 0.252153 0.132651 0.470758 0.0438169
0 0.392466 0.421977 0.011869 0.0197627 0.0435176
0 0.981526 0.403721 0.0358131 0.140779 0.0420432
0 0.218418 0.419429 0.0951378 0.120958 0.0408743
0 0.392267 0.352288 0.0177713 0.0232523 0.0408137
0 0.338221 0.439923 0.0317649 0.044686 0.0406156
0 0.622737 0.516638 0.142637 0.240054 0.0404282
0 0.501406 0.473726 0.0145091 0.0505778 0.0402626
0 0.783412 0.530824 0.0847712 0.20059 0.0401083
0 0.435683 0.416506 0.0129584 0.0232238 0.040061
0 0.960196 0.271945 0.0792198 0.461413 0.0400116
0 0.338483 0.431405 0.0181268 0.0275209 0.038971
0 0.603715 0.42702 0.0563556 0.0758294 0.0389499
0 0.407676 0.36294 0.0173691 0.0228704 0.0388387
0 0.428011 0.42107 0.0119858 0.0241167 0.0387072
0 0.169699 0.646043 0.0569232 0.0667601 0.038414
0 0.942372 0.412041 0.090971 0.135983 0.0382504
0 0.988972 0.629791 0.0214458 0.164907 0.0381498
0 0.899293 0.44567 0.101942 0.143003 0.0371155
0 0.364432 0.341097 0.0240193 0.0354067 0.0368517
0 0.268863 0.134088 0.197537 0.260297 0.0367503
0 0.311497 0.484776 0.0374945 0.0823707 0.0360817
0 0.578132 0.393897 0.0600609 0.0424084 0.0358237
0 0.574603 0.512531 0.0562262 0.120551 0.035745
0 0.322828 0.422085 0.0249135 0.0507512 0.0347214
0 0.297428 0.425506 0.0247545 0.041631 0.0342482
0 0.616571 0.448423 0.0962799 0.117597 0.0342056
0 0.667875 0.159062 0.163391 0.218497 0.034142
0 0.989157 0.497874 0.0215822 0.114372 0.034078
0 0.382783 0.4485 0.016567 0.0240912 0.0339672
0 0.277112 0.501837 0.0558993 0.0895276 0.033615
0 0.375672 0.408913 0.0145202 0.0182986 0.0334011
0 0.792242 0.456648 0.0988982 0.0823872 0.0332977
0 0.416552 0.376802 0.0119634 0.0171309 0.0332334
0 0.515151 0.433891 0.02078 0.0349903 0.0331292
0 0.951576 0.579194 0.0956623 0.249077 0.033127
0 0.987899 0.653839 0.0250433 0.263187 0.0329702
0 0.386164 0.416082 0.0130186 0.0214515 0.0328411
0 0.916491 0.595614 0.161271 0.228368 0.0328371
0 0.281777 0.152491 0.151862 0.201795 0.0328272
0 0.925344 0.395567 0.105842 0.166604 0.0320169
0 0.246266 0.420636 0.0314147 0.0553518 0.031742
0 0.596298 0.450905 0.141411 0.179187 0.0317133
0 0.264776 0.301393 0.0317056 0.0305808 0.0316338
0 0.955587 0.52676 0.0890913 0.208634 0.0311189
0 0.311274 0.419253 0.0349635 0.068967 0.0310062
0 0.99179 0.585121 0.016024 0.174181 0.0309587
0 0.131093 0.551623 0.128825 0.234033 0.0309377
0 0.422123 0.381483 0.0126387 0.0184126 0.0303485
0 0.261645 0.427109 0.0243146 0.0362662 0.0299151
0 0.934012 0.463267 0.092828 0.107078 0.0297358
0 0.26997 0.483668 0.0702308 0.131184 0.0294088
0 0.77508 0.563672 0.0698523 0.140641 0.0294061
0 0.9715 0.37972 0.0566006 0.192348 0.0293495
0 0.603971 0.551038 0.0985968 0.184047 0.0292381
0 0.0178975 0.384626 0.0371161 0.153078 0.029165
0 0.182072 0.494034 0.061426 0.12247 0.0291143
0 0.973204 0.532154 0.0512667 0.232897 0.0288537
0 0.816152 0.532856 0.0915255 0.19378 0.0286461
0 0.148102 0.564308 0.0928836 0.190019 0.0285808
0 0.865021 0.483795 0.0640127 0.0675186 0.0285429
0 0.704479 0.372559 0.0390067 0.0449285 0.028489
0 0.506159 0.413232 0.0552249 0.0874846 0.0283567
0 0.751063 0.56732 0.104524 0.149296 0.0283504
0 0.754647 0.451594 0.100699 0.119736 0.0282735
0 0.0458535 0.365511 0.0900666 0.117281 0.0281657
0 0.289824 0.42675 0.0283296 0.0360825 0.0280739
0 0.942151 0.627056 0.109976 0.267744 0.0280691
0 0.391929 0.363787 0.0169241 0.0239415 0.0279971
0 0.02088 0.431305 0.0416376 0.218189 0.0277933
0 0.633162 0.424273 0.099513 0.0753608 0.0275562
0 0.546455 0.404543 0.0674587 0.0652842 0.0275379
0 0.278709 0.428262 0.0205714 0.0345314 0.0271961
0 0.933186 0.549043 0.131196 0.190888 0.0270591
0 0.99319 0.531366 0.014599 0.126879 0.0269552
0 0.984146 0.374413 0.0317617 0.146037 0.0269183
0 0.957029 0.497874 0.07862 0.081184 0.0268049
0 0.264881 0.294086 0.0255828 0.0235703 0.0267445
0 0.0831405 0.388126 0.143428 0.154589 0.0267436
0 0.736838 0.438125 0.106885 0.0980247 0.0266759
0 0.172342 0.410643 0.080861 0.108843 0.0264241
0 0.488504 0.448788 0.0155744 0.0268503 0.0264237
0 0.229022 0.585877 0.0478584 0.0667816 0.0259172
0 0.899944 0.623677 0.182053 0.335464 0.0258604
0 0.989633 0.691753 0.0202665 0.199565 0.025757
0 0.0870941 0.370669 0.0603624 0.104185 0.0255489
0 0.00478509 0.618019 0.0109688 0.139674 0.0254198
0 0.987019 0.574194 0.0284639 0.212515 0.0252263
0 0.275918 0.42194 0.060195 0.0908017 0.0251383
0 0.21566 0.576912 0.0464057 0.0779228 0.0250185
0 0.145876 0.504548 0.101271 0.256243 0.0248489
0 0.657311 0.562753 0.147697 0.156918 0.0245099
0 0.586306 0.398324 0.0757129 0.0638433 0.0244444
0 0.491933 0.376313 0.0280596 0.0650347 0.0243825
0 0.448208 0.0447242 0.0643414 0.0894691 0.024158
0 0.199695 0.270931 0.0182148 0.028344 0.0238759
0 0.157717 0.303429 0.0270394 0.0329403 0.0237641
0 0.853223 0.470084 0.083427 0.0901309 0.0237479
0 0.155481 0.408269 0.0829698 0.132377 0.0237241
0 0.982609 0.532958 0.0375938 0.183013 0.023571
0 0.0143481 0.495914 0.0300294 0.189086 0.0235372
0 0.160388 0.456816 0.074337 0.178192 0.0233517
0 0.664689 0.611362 0.0896719 0.070053 0.0233005
0 0.791055 0.0367273 0.033848 0.0437207 0.0232687
0 0.277178 0.387798 0.0420837 0.0709196 0.0232372
0 0.959526 0.346127 0.0782679 0.176169 0.0230232
0 0.969671 0.0608594 0.0620039 0.128524 0.0229527
0 0.175983 0.46912 0.0797873 0.166941 0.022947
0 0.21248 0.379851 0.0397189 0.0496045 0.0228149
0 0.465109 0.0370826 0.0860349 0.0995849 0.022756
0 0.253515 0.504959 0.0445933 0.106258 0.0225634
0 0.493842 0.346265 0.0217987 0.0477898 0.0224421
0 0.990539 0.731582 0.0177282 0.147723 0.0223887
0 0.0509018 0.621616 0.0946543 0.147769 0.0222858
0 0.431345 0.444706 0.0127896 0.0251922 0.0222792
0 0.242734 0.393504 0.0450772 0.0718203 0.0221958
0 0.834787 0.454501 0.103948 0.0943704 0.0221481
0 0.521547 0.406153 0.0621284 0.0742712 0.0221032
0 0.595889 0.512403 0.0943504 0.154359 0.0217347
0 0.39084 0.332106 0.0178252 0.0244043 0.0215878
0 0.735259 0.550178 0.167521 0.23243 0.0215582
0 0.433937 0.374546 0.0165421 0.0251099 0.0214935
0 0.476934 0.397834 0.0185911 0.03196 0.0214559
0 0.727116 0.41853 0.0530713 0.0519879 0.0213734
0 0.286412 0.516076 0.0539166 0.121417 0.0213447
0 0.956538 0.383118 0.0645285 0.118758 0.0213282
0 0.843991 0.602511 0.164164 0.259328 0.0213135
0 0.637103 0.46468 0.09119 0.113944 0.0213126
0 0.167715 0.31582 0.0513111 0.07556 0.0211146
0 0.633377 0.420631 0.146037 0.119276 0.0210584
0 0.36116 0.40496 0.018552 0.0232074 0.0210309
0 0.897672 0.367105 0.046419 0.0746398 0.0210016
0 0.966103 0.332183 0.0614241 0.131376 0.0209263
0 0.972276 0.722881 0.0520084 0.141028 0.0208588
0 0.497648 0.328351 0.0202566 0.0569579 0.0208531
0 0.422702 0.438145 0.00894489 0.0182993 0.0207421
0 0.498674 0.0478624 0.153841 0.12905 0.020738
0 0.801301 0.554554 0.0570238 0.161732 0.0206367
0 0.91615 0.495882 0.132655 0.130708 0.02059
0 0.496002 0.357714 0.0235037 0.0582884 0.0205263
0 0.907279 0.298433 0.154872 0.415397 0.0204749
0 0.471142 0.144546 0.0853112 0.0957142 0.0204629
0 0.212562 0.515949 0.0466459 0.0817286 0.0204313
0 0.122771 0.385028 0.0528119 0.100603 0.0203562
0 0.696372 0.159188 0.103654 0.189613 0.0203221
0 0.249097 0.585179 0.0545642 0.0886147 0.0202517
0 0.64898 0.447439 0.100226 0.103633 0.0202365
0 0.95866 0.676432 0.0786489 0.283737 0.0202172
0 0.867763 0.459348 0.0676682 0.113046 0.0201786
0 0.749313 0.513115 0.128739 0.222841 0.0201409
0 0.439699 0.0251704 0.0442101 0.0449478 0.0201363
0 0.0392914 0.695409 0.0794011 0.24554 0.0201166
0 0.157087 0.295092 0.026797 0.0363391 0.0199832
0 0.704303 0.383357 0.0283311 0.0341152 0.0199826
0 0.721188 0.492602 0.0592683 0.0721927 0.0199264
0 0.146845 0.620744 0.0695707 0.0808773 0.0199238
0 0.755498 0.486992 0.092418 0.142431 0.019804
0 0.302004 0.169803 0.0941331 0.164257 0.0197046
0 0.0779739 0.271291 0.153042 0.189977 0.0196402
0 0.659342 0.42056 0.128746 0.0729579 0.0196246
0 0.695094 0.566667 0.161936 0.143681 0.0194289
0 0.307566 0.522262 0.0601421 0.111906 0.0194276
0 0.895056 0.471163 0.0943247 0.0963543 0.0193369
0 0.0854464 0.545837 0.154055 0.228365 0.0192968
0 0.240591 0.39747 0.0309792 0.0529243 0.0192803
0 0.378128 0.443443 0.0125167 0.0241367 0.0191556
0 0.499788 0.388569 0.0174271 0.029313 0.0189216
0 0.326579 0.126372 0.136056 0.245116 0.0189081
0 0.498696 0.387012 0.0419817 0.0904082 0.0188914
0 0.0389092 0.742853 0.0697818 0.195149 0.0187752
0 0.968837 0.677122 0.060788 0.199777 0.018768
0 0.107512 0.375135 0.0582959 0.104425 0.0187445
0 0.736421 0.469215 0.105883 0.110839 0.0187428
0 0.217491 0.377022 0.0801823 0.0996443 0.0186961
0 0.409351 0.338495 0.0157494 0.0211845 0.0186867
0 0.0471034 0.504484 0.0914344 0.295749 0.0186577
0 0.971328 0.613009 0.0550888 0.154956 0.0185609
0 0.980708 0.348207 0.0372974 0.156057 0.0185309
0 0.627355 0.48318 0.0904963 0.108117 0.0185193
0 0.743799 0.431513 0.0647846 0.066856 0.0183857
0 0.518345 0.364496 0.0756818 0.137606 0.0182583
0 0.582901 0.380806 0.0724106 0.0622027 0.018236
0 0.0293741 0.381345 0.0583426 0.157878 0.0181978
0 0.155588 0.642112 0.0481144 0.0514869 0.0181493
0 0.252073 0.660483 0.0878444 0.140677 0.0180909
