0 0.5625 0.657436 0 0.249591 0.694056
0 0.429788 0.551349 0.036568 0.054974 0.51206
0 0.464909 0.551826 0.0253247 0.0404088 0.459834
0 0.490983 0.537952 0.0357998 0.0417634 0.458139
0 0.5625 0.567097 0 0.0302575 0.330565
0 0.532015 0.525552 0.0153514 0.0201001 0.269209
0 0.531563 0.54477 0.0259908 0.041488 0.255969
0 0.541081 0.549008 0.0428371 0.0543264 0.238344
0 0.5625 0.65719 0 0.222173 0.218417
0 0.525531 0.543365 0.0285199 0.0465592 0.210326
0 0.485773 0.546661 0.0470016 0.0590846 0.20458
0 0.5625 0.566541 0 0.0405281 0.202276
0 0.5625 0.688987 0 0.188214 0.195628
0 0.464063 0.538101 0.0324202 0.0699514 0.189978
0 0.56126 0.532147 0.00247993 0.0310373 0.167515
0 0.561333 0.544754 0.00233383 0.039005 0.163911
0 0.555123 0.552824 0.0147549 0.0422827 0.163418
0 0.464678 0.552117 0.0195809 0.026914 0.162882
0 0.5625 0.568789 0 0.0213944 0.159575
0 0.541401 0.521306 0.0353288 0.036893 0.159244
0 0.445951 0.545393 0.0685983 0.0850259 0.158847
0 0.500209 0.538927 0.0176253 0.0253849 0.156365
0 0.494344 0.536303 0.0271708 0.032844 0.156286
0 0.485854 0.536963 0.0268421 0.0306953 0.156129
0 0.532256 0.535004 0.0176326 0.0238924 0.155013
0 0.520738 0.549089 0.0355595 0.0508425 0.149773
0 0.562287 0.554945 0.000426388 0.0406235 0.144182
0 0.5625 0.676482 0 0.224131 0.142885
0 0.433613 0.54196 0.0454557 0.0699229 0.142518
0 0.5625 0.559799 0 0.0444333 0.139991
0 0.525592 0.519829 0.0238836 0.0278036 0.138757
0 0.5625 0.652562 0 0.142654 0.136569
0 0.528238 0.546074 0.0184608 0.0290698 0.133792
0 0.5625 0.569607 0 0.0403982 0.132865
0 0.480473 0.538451 0.0193098 0.0274683 0.129861
0 0.469105 0.553808 0.0389283 0.0573439 0.127041
0 0.527216 0.532769 0.0150609 0.0224912 0.124744
0 0.5625 0.572516 0 0.0523688 0.122071
0 0.5625 0.773762 0 0.336893 0.119176
0 0.5625 0.718159 0 0.306209 0.117915
0 0.385039 0.542675 0.0349129 0.0439885 0.117359
0 0.5625 0.691793 0 0.156157 0.115997
0 0.557533 0.525979 0.00993409 0.0423579 0.115425
0 0.5625 0.540894 0 0.0507602 0.114879
0 0.467122 0.542271 0.0209561 0.0249598 0.114611
0 0.527112 0.552599 0.0176775 0.0292072 0.113575
0 0.524675 0.535156 0.0155628 0.0218236 0.113564
0 0.5625 0.564517 0 0.0540692 0.112761
0 0.5625 0.558077 0 0.06039 0.112589
0 0.472207 0.542622 0.0190373 0.026709 0.108989
0 0.899718 0.709232 0.196824 0.295111 0.108406
0 0.540318 0.540149 0.0162702 0.023476 0.104138
0 0.394564 0.532952 0.0317465 0.0466014 0.103383
0 0.529421 0.538511 0.017138 0.0250459 0.102887
0 0.463606 0.545408 0.0159869 0.0235499 0.100419
0 0.686413 0.58387 0.0435205 0.0627725 0.099807
0 0.391 0.523238 0.0384754 0.0449177 0.0975456
0 0.572735 0.526286 0.0207183 0.036539 0.0954625
0 0.429983 0.560607 0.0449413 0.0872611 0.0952917
0 0.883069 0.772137 0.224979 0.370013 0.0939816
0 0.958948 0.640737 0.0812645 0.26958 0.092067
0 0.385485 0.528578 0.0487979 0.0639696 0.0909255
0 0.674462 0.578913 0.033649 0.0511633 0.0896959
0 0.573662 0.549265 0.0158317 0.0234327 0.0885503
0 0.562944 0.552484 0.0158007 0.0263628 0.0871994
0 0.620798 0.550808 0.0425261 0.0564618 0.0867045
0 0.519898 0.531274 0.0178528 0.0226455 0.0860791
0 0.730824 0.68549 0.0621864 0.15848 0.0858045
0 0.695194 0.605319 0.0615427 0.131362 0.0857716
0 0.792849 0.715826 0.231059 0.277767 0.0857132
0 0.545776 0.538651 0.0161649 0.0209362 0.0854797
0 0.665427 0.571567 0.0508716 0.0731984 0.0853058
0 0.543047 0.531284 0.0165224 0.0233559 0.0838342
0 0.505943 0.534749 0.018354 0.024658 0.0836326
0 0.457195 0.549547 0.0275611 0.032288 0.0816362
0 0.495246 0.55075 0.0338538 0.053453 0.0807423
0 0.711691 0.621662 0.0962856 0.180052 0.0805203
0 0.625534 0.560886 0.0371548 0.0418615 0.0803994
0 0.691008 0.636555 0.0508386 0.113683 0.0800012
0 0.538682 0.52524 0.0246204 0.0333572 0.0792731
0 0.554035 0.543105 0.0197273 0.0287137 0.0783783
0 0.534844 0.540687 0.0166633 0.0223738 0.0782669
0 0.566868 0.553424 0.0213703 0.0304453 0.0762401
0 0.970887 0.695516 0.0589098 0.156218 0.0759356
0 0.927117 0.618551 0.13966 0.312311 0.0744976
0 0.537926 0.552087 0.0311945 0.0366994 0.0741846
0 0.506369 0.541154 0.0173532 0.0283509 0.0735224
0 0.872757 0.66564 0.101857 0.123879 0.0708862
0 0.692761 0.572622 0.0565892 0.0898832 0.0705915
0 0.957894 0.719235 0.0820259 0.176367 0.0700955
0 0.840667 0.686661 0.106084 0.153925 0.070015
0 0.656213 0.561833 0.0623786 0.0793805 0.0693589
0 0.6176 0.565266 0.0228323 0.0271522 0.0689023
0 0.957814 0.622335 0.0822184 0.142252 0.0688552
0 0.5385 0.521983 0.0170123 0.0222196 0.0672158
0 0.682847 0.560845 0.0786802 0.102871 0.067212
0 0.529035 0.521696 0.0158356 0.020851 0.0672114
0 0.725647 0.606014 0.0914061 0.131229 0.0665589
0 0.730619 0.707562 0.0459364 0.127772 0.0663537
0 0.699395 0.623032 0.0809343 0.137822 0.0660138
0 0.51711 0.519465 0.0152444 0.0208681 0.0657437
0 0.734938 0.658599 0.0862892 0.168363 0.0656886
0 0.770659 0.682416 0.0815244 0.14429 0.0656335
0 0.340766 0.567218 0.0499531 0.0749139 0.0653978
0 0.570072 0.550273 0.0172781 0.0243836 0.0651606
0 0.301149 0.59533 0.0512613 0.0439956 0.0649256
0 0.696994 0.565518 0.086849 0.128719 0.0647432
0 0.484562 0.543978 0.0229226 0.0364542 0.0645133
0 0.810731 0.722528 0.151438 0.200879 0.0639323
0 0.957654 0.562016 0.084025 0.35928 0.0626695
0 0.38277 0.556402 0.0448331 0.0566809 0.0622094
0 0.376119 0.53086 0.0625977 0.0959317 0.0621143
0 0.972966 0.747143 0.0547367 0.256021 0.0616525
0 0.854811 0.670442 0.0617569 0.097035 0.0616462
0 0.391725 0.514118 0.0434324 0.0669914 0.0615971
0 0.71206 0.585248 0.0986414 0.110403 0.0615704
0 0.822969 0.580479 0.211227 0.25085 0.0614205
0 0.644747 0.572523 0.0196075 0.0308167 0.0612341
0 0.574639 0.535781 0.0190438 0.0278537 0.0608309
0 0.888723 0.67743 0.0683411 0.133769 0.0604008
0 0.428344 0.528246 0.0623102 0.0863569 0.0602819
0 0.582136 0.561635 0.0253642 0.0370026 0.0601151
0 0.663045 0.586001 0.0380698 0.0578377 0.0600947
0 0.345902 0.583023 0.038487 0.0486709 0.0599307
0 0.769851 0.655005 0.0957265 0.149793 0.0585841
0 0.969831 0.63702 0.0603132 0.13801 0.0583838
0 0.351889 0.556896 0.0430979 0.0619358 0.056452
0 0.613664 0.55976 0.0163915 0.0216344 0.0562642
0 0.733983 0.584515 0.0683583 0.0860842 0.0559946
0 0.636306 0.587068 0.0245674 0.0391886 0.055977
0 0.440908 0.56823 0.0401978 0.0577301 0.0555591
0 0.54664 0.519906 0.0207515 0.0265781 0.0550015
0 0.849349 0.630084 0.158169 0.23269 0.0547993
0 0.633246 0.546272 0.0630838 0.0937326 0.054778
0 0.751874 0.650789 0.0551273 0.117425 0.0547456
0 0.393154 0.554581 0.0585122 0.0673101 0.0544001
0 0.331782 0.583109 0.047936 0.0496088 0.0540212
0 0.744319 0.616524 0.0531765 0.0977979 0.0539404
0 0.418043 0.561639 0.0637995 0.107604 0.05223
0 0.863772 0.721203 0.0960773 0.120923 0.0512268
0 0.897677 0.676261 0.0499779 0.107217 0.051099
0 0.935281 0.656323 0.0319506 0.0727738 0.0504101
0 0.934533 0.647033 0.0272696 0.0500971 0.0499965
0 0.305432 0.543449 0.105289 0.142537 0.0499407
0 0.802664 0.682071 0.107984 0.160678 0.0499056
0 0.982513 0.795635 0.0352432 0.259848 0.0492665
0 0.458126 0.581698 0.0648342 0.114776 0.0490807
0 0.296996 0.603503 0.0625038 0.0646674 0.0485537
0 0.292478 0.5792 0.0703069 0.0795989 0.0484944
0 0.692247 0.543602 0.0659692 0.0878113 0.0481936
0 0.30849 0.584671 0.055253 0.0608681 0.0480129
0 0.0440852 0.83778 0.0895225 0.308452 0.0474445
0 0.984538 0.703632 0.030674 0.164526 0.0474194
0 0.425722 0.589094 0.0542722 0.109225 0.0465911
0 0.371293 0.518058 0.0889539 0.111006 0.0461565
0 0.898371 0.696951 0.0575897 0.167894 0.0458949
0 0.938831 0.6406 0.0400684 0.0762962 0.0458588
0 0.310239 0.567984 0.0751717 0.0974565 0.0456587
0 0.75496 0.633514 0.0716249 0.127631 0.0451704
0 0.680924 0.606186 0.0283017 0.0600712 0.0448938
0 0.934022 0.689322 0.0809843 0.165013 0.0448849
0 0.989653 0.672589 0.0209513 0.109696 0.0443334
0 0.941966 0.75178 0.113587 0.167117 0.04398
0 0.363821 0.545027 0.0549921 0.0860075 0.043975
0 0.966838 0.825136 0.0628288 0.313443 0.0437631
0 0.796089 0.529497 0.228151 0.300243 0.0435837
0 0.663857 0.546822 0.114056 0.112744 0.0434873
0 0.326488 0.572393 0.0585978 0.0840624 0.0431607
0 0.781177 0.733964 0.0722641 0.168274 0.0431016
0 0.982937 0.65557 0.0340635 0.119401 0.0430938
0 0.985879 0.749741 0.0286276 0.232318 0.0427936
0 0.385061 0.569816 0.0582755 0.081531 0.0423589
0 0.743739 0.714351 0.0393925 0.101171 0.0419115
0 0.263458 0.594934 0.045362 0.054674 0.0416679
0 0.551554 0.518464 0.0209434 0.0280808 0.041516
0 0.120483 0.867891 0.240587 0.305535 0.0414885
0 0.934803 0.844111 0.134092 0.308821 0.0413829
0 0.854113 0.71886 0.0657347 0.090891 0.0413197
0 0.652167 0.579995 0.0235333 0.0398688 0.0412251
0 0.432155 0.568031 0.0280555 0.0414394 0.0410806
0 0.451906 0.508468 0.0644253 0.0929181 0.0409873
0 0.321317 0.578613 0.0411922 0.0613341 0.04088
0 0.929981 0.743839 0.0843126 0.127008 0.0404638
0 0.743145 0.591527 0.162948 0.22673 0.0403269
0 0.914373 0.682593 0.0831074 0.165606 0.0400997
0 0.959791 0.580917 0.0790672 0.209229 0.039509
0 0.423764 0.540293 0.0330062 0.042937 0.0394862
0 0.910645 0.754951 0.0490719 0.0823046 0.0394292
0 0.434049 0.523201 0.0220487 0.0306458 0.0394125
0 0.29132 0.566091 0.0881702 0.118234 0.0392783
0 0.384097 0.506199 0.0649956 0.106914 0.0387243
0 0.926421 0.625902 0.0679693 0.120876 0.0385621
0 0.977727 0.603355 0.043051 0.177499 0.0383256
0 0.928952 0.608495 0.0976366 0.16061 0.0381197
0 0.883245 0.646053 0.0811659 0.176657 0.0381048
0 0.323859 0.545408 0.0891238 0.122772 0.0379597
0 0.477521 0.505221 0.0696246 0.0987809 0.0376815
0 0.888128 0.582843 0.0718945 0.133813 0.0376651
0 0.276085 0.599298 0.0722882 0.0675478 0.037616
0 0.3516 0.524751 0.0493133 0.0743791 0.0371523
0 0.8248 0.663206 0.115417 0.140333 0.0370586
0 0.672734 0.665289 0.0279495 0.081693 0.0369566
0 0.437669 0.502446 0.086744 0.131115 0.0369219
0 0.884306 0.587398 0.167833 0.273463 0.0367599
0 0.463609 0.508118 0.0524348 0.0829208 0.0367224
0 0.744591 0.574179 0.0531906 0.0758492 0.0359701
0 0.363051 0.578636 0.0477856 0.0613816 0.0359698
0 0.960699 0.782817 0.0749723 0.211757 0.0359015
0 0.679004 0.65315 0.0342846 0.107793 0.0358652
0 0.271721 0.582771 0.0750152 0.077888 0.0357394
0 0.840153 0.764672 0.186755 0.289593 0.0355961
0 0.628378 0.529069 0.083256 0.114061 0.0351548
0 0.900328 0.60189 0.0552012 0.119578 0.0344748
0 0.750018 0.606484 0.0695038 0.125857 0.0344167
0 0.928351 0.646693 0.0439762 0.0719474 0.0338758
0 0.961897 0.871762 0.0806555 0.225267 0.0335364
0 0.987827 0.822495 0.0238363 0.189311 0.0332045
0 0.67995 0.526013 0.10628 0.12543 0.0323512
0 0.718401 0.525178 0.111211 0.259695 0.0322692
0 0.400633 0.569165 0.0762255 0.116249 0.0321174
0 0.396931 0.521026 0.0755767 0.109928 0.0318533
0 0.714041 0.554323 0.100121 0.117813 0.0314566
0 0.0452054 0.541671 0.0890275 0.170323 0.0310038
0 0.348214 0.525479 0.12526 0.149524 0.0309433
0 0.68725 0.665609 0.0449553 0.0991472 0.0309224
0 0.813278 0.848335 0.18636 0.280293 0.0306509
0 0.383313 0.665607 0.0385581 0.0504685 0.0304445
0 0.558561 0.455427 0.0860372 0.159309 0.0300989
0 0.419245 0.489935 0.0675322 0.0942212 0.0300955
0 0.848793 0.739513 0.0599962 0.0764147 0.0300081
0 0.462976 0.577296 0.0434586 0.0828388 0.0299439
0 0.390453 0.600518 0.0626961 0.0949448 0.0294207
0 0.46065 0.615719 0.0667146 0.0967695 0.0293617
0 0.61388 0.528619 0.0466581 0.0630289 0.0292448
0 0.291919 0.511328 0.14536 0.164466 0.0291056
0 0.885603 0.742796 0.0758577 0.0896418 0.029049
0 0.0456701 0.492377 0.0906842 0.236738 0.0289084
0 0.593868 0.528236 0.0586239 0.0887084 0.0287135
0 0.589984 0.522027 0.0253944 0.036564 0.0285959
0 0.87547 0.612134 0.094668 0.167652 0.0284521
0 0.912276 0.587093 0.0855579 0.15342 0.0283549
0 0.254168 0.526504 0.200514 0.208885 0.0282729
0 0.314636 0.599279 0.0834304 0.0773206 0.0282064
0 0.494569 0.575335 0.0611881 0.0980478 0.0275932
0 0.821025 0.710494 0.0989058 0.12725 0.0273266
0 0.508175 0.582025 0.038615 0.0589475 0.0273192
0 0.0259549 0.558688 0.0493729 0.1149 0.027136
0 0.345956 0.50848 0.0556168 0.0908518 0.0262554
0 0.75227 0.746806 0.107467 0.194636 0.0261215
0 0.907793 0.633387 0.0741005 0.143289 0.0259565
0 0.415998 0.866103 0.0266471 0.037144 0.0257407
0 0.405891 0.498995 0.0490799 0.0835871 0.0255328
0 0.366284 0.499967 0.0703682 0.10538 0.025455
0 0.255269 0.582061 0.0592464 0.0796107 0.0251114
0 0.0164441 0.575166 0.0334253 0.068325 0.0251069
0 0.852792 0.53663 0.155152 0.274083 0.0250216
0 0.691971 0.51951 0.0753255 0.101839 0.0245611
0 0.329036 0.504118 0.0790051 0.110448 0.0245043
0 0.710787 0.533167 0.0811914 0.0888704 0.0244374
0 0.842544 0.650453 0.0877022 0.120665 0.0242693
0 0.731864 0.552264 0.0803497 0.0934987 0.0242175
0 0.0465122 0.575764 0.0891693 0.0946838 0.0242073
0 0.797099 0.710228 0.075912 0.131251 0.0241743
0 0.196335 0.523109 0.249803 0.219957 0.0240193
0 0.517626 0.465437 0.0629644 0.0891758 0.023969
0 0.0213642 0.583038 0.0417456 0.121584 0.0237839
0 0.0328861 0.625758 0.0668443 0.227126 0.0237819
0 0.264363 0.552523 0.128499 0.136348 0.0236821
0 0.826577 0.916482 0.149631 0.173298 0.0234968
0 0.423615 0.612927 0.0450662 0.0837952 0.0233906
0 0.33886 0.598652 0.0488426 0.0652743 0.023188
0 0.510635 0.574202 0.0475187 0.0811574 0.0230753
0 0.117358 0.800495 0.203742 0.378052 0.0230302
0 0.571113 0.513651 0.0236021 0.0395107 0.022914
0 0.502958 0.466454 0.0691521 0.100623 0.0228712
0 0.87657 0.88116 0.181778 0.219977 0.0225368
0 0.907696 0.770512 0.0616423 0.101694 0.0221809
0 0.38761 0.628509 0.0523934 0.0855776 0.0221646
0 0.25056 0.577959 0.090204 0.0972188 0.0220203
0 0.410555 0.591923 0.0556661 0.092101 0.0219214
0 0.431906 0.451213 0.0396578 0.0580509 0.0218123
0 0.970952 0.554301 0.0569925 0.184983 0.0217791
0 0.033892 0.739885 0.0695694 0.270269 0.0217689
0 0.99049 0.857956 0.0191196 0.137988 0.0216506
0 0.051185 0.630787 0.0989914 0.331864 0.0215388
0 0.704862 0.509907 0.0717628 0.106781 0.0213882
0 0.280982 0.541832 0.0549968 0.0717446 0.0213402
0 0.29142 0.548585 0.0695265 0.0927689 0.0213274
0 0.655545 0.684533 0.0257832 0.043925 0.0213231
0 0.805589 0.640216 0.0920132 0.130949 0.0213176
0 0.386044 0.488154 0.133345 0.194654 0.021311
0 0.605119 0.488472 0.0760664 0.107496 0.0212314
0 0.972574 0.837145 0.0533363 0.18103 0.0212024
0 0.446246 0.462849 0.0537756 0.0776738 0.0211704
0 0.768866 0.608397 0.10621 0.143073 0.0210346
0 0.892983 0.539246 0.118409 0.253536 0.0208894
0 0.311914 0.515435 0.0970147 0.121316 0.0207692
0 0.577416 0.586028 0.0232867 0.0384001 0.0207555
0 0.947309 0.554928 0.0728716 0.136469 0.0206663
0 0.419432 0.446066 0.0437551 0.0641226 0.0206496
