0 0.21224 0.418721 0.106261 0.106416 0.851263
0 0.0599201 0.561901 0.119567 0.366066 0.791213
0 0.323015 0.366233 0.0267067 0.0318062 0.689142
0 0.28912 0.360363 0.0288911 0.033254 0.670716
0 0.348838 0.360819 0.0202712 0.0250114 0.601412
0 0.366464 0.355191 0.0168441 0.0240935 0.485253
0 0.380343 0.353062 0.0172336 0.021986 0.480655
0 0.397398 0.350632 0.0142651 0.020228 0.476081
0 0.262708 0.383725 0.0274406 0.0329154 0.4525
0 0.0855422 0.400169 0.0951717 0.068394 0.437958
0 0.426248 0.350775 0.0137444 0.0174928 0.392958
0 0.440215 0.350315 0.012667 0.0175093 0.388306
0 0.421956 0.350101 0.0156596 0.0190991 0.368346
0 0.126307 0.392862 0.036912 0.0544061 0.346868
0 0.070552 0.405013 0.0651493 0.0548041 0.301091
0 0.418724 0.349935 0.0118638 0.0181456 0.28827
0 0.547585 0.388375 0.0298298 0.0446047 0.274617
0 0.258132 0.384411 0.0366592 0.0428656 0.257107
0 0.117379 0.395837 0.055224 0.0654397 0.240548
0 0.5625 0.463883 0 0.174918 0.223002
0 0.2143 0.380454 0.0437584 0.030745 0.214564
0 0.360777 0.358775 0.0174495 0.0225576 0.210038
0 0.5625 0.469098 0 0.189516 0.20833
0 0.42999 0.351428 0.0116537 0.0159769 0.204975
0 0.354933 0.359638 0.0175659 0.01921 0.203472
0 0.408839 0.351028 0.0127668 0.0169006 0.202352
0 0.371818 0.354073 0.01462 0.0197384 0.1942
0 0.43936 0.354022 0.0120191 0.0167981 0.192058
0 0.385312 0.353756 0.0141175 0.0192264 0.190648
0 0.132139 0.398158 0.040924 0.0683774 0.180601
0 0.436398 0.350846 0.01104 0.0160203 0.179969
0 0.5625 0.475574 0 0.131529 0.16925
0 0.442983 0.352845 0.0121823 0.0170551 0.16412
0 0.126345 0.40696 0.0604519 0.0800768 0.159693
0 0.411249 0.354408 0.0132207 0.0194706 0.15833
0 0.445536 0.35152 0.0110066 0.0162986 0.157956
0 0.436395 0.354727 0.0116506 0.0163165 0.156401
0 0.291671 0.353852 0.0338124 0.0475466 0.156079
0 0.249019 0.37826 0.0555961 0.0565327 0.155451
0 0.432288 0.348194 0.012012 0.0170832 0.15441
0 0.42387 0.348328 0.0117822 0.0149757 0.151787
0 0.0910106 0.41551 0.104817 0.104006 0.146735
0 0.290736 0.363452 0.0222863 0.0257779 0.14465
0 0.369249 0.357058 0.0136677 0.018745 0.14335
0 0.0709608 0.411566 0.0814789 0.0822525 0.141341
0 0.131465 0.396448 0.0256843 0.0377469 0.140329
0 0.337855 0.363431 0.0207273 0.0212284 0.139873
0 0.32969 0.365125 0.0204144 0.0232888 0.136832
0 0.0881888 0.386303 0.114262 0.0993714 0.135806
0 0.318068 0.365791 0.0242261 0.0243398 0.135389
0 0.114209 0.405267 0.0956122 0.106295 0.132551
0 0.228139 0.382306 0.0570049 0.0438622 0.132074
0 0.286107 0.363165 0.0212716 0.023404 0.132026
0 0.546768 0.388861 0.0509865 0.0560128 0.131485
0 0.139161 0.408555 0.0531624 0.0610905 0.126899
0 0.563299 0.392223 0.0619032 0.0539957 0.117963
0 0.871464 0.476477 0.142606 0.135576 0.11452
0 0.451219 0.351506 0.0141427 0.0213427 0.112468
0 0.888196 0.435895 0.0572115 0.0451775 0.109609
0 0.824784 0.465533 0.208954 0.154974 0.108927
0 0.575886 0.388213 0.087361 0.0671547 0.107674
0 0.551539 0.398447 0.0481634 0.0557208 0.104089
0 0.0650478 0.403652 0.115121 0.0996785 0.103701
0 0.3502 0.361897 0.0168258 0.0178969 0.101876
0 0.271369 0.374749 0.02231 0.025911 0.101511
0 0.890567 0.4675 0.065082 0.111298 0.0983634
0 0.309525 0.364795 0.0185945 0.0230405 0.0960692
0 0.448446 0.352714 0.0116403 0.0168096 0.0954204
0 0.280106 0.365241 0.0181201 0.020846 0.0953016
0 0.448329 0.357634 0.0155621 0.0203246 0.0929034
0 0.303435 0.361841 0.0185838 0.0207739 0.0928635
0 0.0232431 0.409487 0.038323 0.0530819 0.0926821
0 0.862126 0.43965 0.280383 0.232145 0.0918078
0 0.551662 0.38281 0.0291698 0.0308066 0.0895555
0 0.956727 0.532437 0.0861439 0.299158 0.0881155
0 0.325103 0.367924 0.0183606 0.0231466 0.0858952
0 0.559013 0.407427 0.0720348 0.0884204 0.0857988
0 0.255555 0.381637 0.0210673 0.0263775 0.0839101
0 0.253922 0.397516 0.0274541 0.0456233 0.0835075
0 0.206307 0.398708 0.0835318 0.0665891 0.0817271
0 0.426915 0.345659 0.0117867 0.0169562 0.0810598
0 0.827606 0.415448 0.112428 0.106428 0.0780589
0 0.337457 0.369089 0.0199138 0.0249557 0.0762666
0 0.421352 0.344497 0.0117763 0.0155347 0.0761337
0 0.933458 0.387427 0.135308 0.35309 0.0759659
0 0.866497 0.44469 0.222424 0.173531 0.0754535
0 0.845884 0.464343 0.145516 0.128653 0.0754262
0 0.558135 0.383096 0.0466908 0.0578311 0.0748578
0 0.952939 0.418793 0.092001 0.270517 0.0743317
0 0.0560376 0.433061 0.101866 0.11459 0.0740067
0 0.966005 0.499308 0.0703602 0.187842 0.073047
0 0.909528 0.451367 0.110152 0.102654 0.0730438
0 0.033344 0.401982 0.0601033 0.0828481 0.0704992
0 0.553298 0.389112 0.0212135 0.029147 0.0703978
0 0.378113 0.354948 0.0130983 0.0175699 0.0703674
0 0.150105 0.396051 0.0508865 0.0596112 0.069964
0 0.440053 0.343268 0.0115166 0.0155375 0.0682063
0 0.369325 0.343314 0.0148518 0.0201319 0.0673053
0 0.018796 0.395096 0.0366858 0.0905856 0.0649687
0 0.460052 0.365655 0.0254699 0.034132 0.0648778
0 0.432377 0.352284 0.00961161 0.014955 0.0642952
0 0.436806 0.345133 0.0114728 0.0163651 0.0639578
0 0.225979 0.380025 0.0354496 0.0332626 0.0637453
0 0.952406 0.475342 0.084906 0.123283 0.0636027
0 0.289348 0.367093 0.0177665 0.0224406 0.0632448
0 0.614734 0.397393 0.153308 0.125562 0.0630009
0 0.880932 0.424626 0.0728703 0.0807737 0.0618149
0 0.445838 0.342183 0.0121157 0.017609 0.0595393
0 0.977595 0.473984 0.0441952 0.17916 0.0589822
0 0.38657 0.344151 0.0136234 0.0167781 0.0586002
0 0.0388571 0.41958 0.0739893 0.0727316 0.0581248
0 0.818372 0.424797 0.177267 0.130958 0.0568116
0 0.401473 0.3435 0.0117066 0.0165413 0.0562112
0 0.969573 0.450681 0.0615976 0.176096 0.0560488
0 0.122067 0.405472 0.0370561 0.0529895 0.0555446
0 0.85353 0.431967 0.13708 0.0837324 0.0552072
0 0.378152 0.344581 0.0139999 0.0181421 0.0548059
0 0.183315 0.390171 0.0870571 0.0731925 0.0547375
0 0.53438 0.400553 0.0375881 0.0416646 0.0546836
0 0.634406 0.418385 0.124704 0.125505 0.0538335
0 0.595787 0.408636 0.0789596 0.0628049 0.0525134
0 0.595343 0.430826 0.0805177 0.095899 0.0512832
0 0.0617394 0.491112 0.107999 0.138227 0.0509131
0 0.532373 0.402995 0.0213485 0.0267192 0.0497393
0 0.223862 0.383619 0.0229208 0.0246285 0.0489054
0 0.655412 0.410441 0.0905261 0.100782 0.0484856
0 0.544587 0.404237 0.0393579 0.0455757 0.0483884
0 0.495168 0.372301 0.0130241 0.0194946 0.0471231
0 0.933397 0.566605 0.136643 0.315884 0.0460417
0 0.227515 0.364016 0.075961 0.0670726 0.0456168
0 0.156643 0.384515 0.0802055 0.0919268 0.0441935
0 0.971525 0.539357 0.0581255 0.215727 0.0430536
0 0.180488 0.406342 0.0528445 0.0696482 0.0422056
0 0.956164 0.526814 0.085918 0.161711 0.0416444
0 0.424951 0.352848 0.0100779 0.0163111 0.041561
0 0.308194 0.347968 0.0273632 0.0395517 0.0415051
0 0.528357 0.394969 0.0420281 0.0425161 0.0399339
0 0.724325 0.417385 0.118074 0.117098 0.0399206
0 0.566036 0.428642 0.0814528 0.107771 0.0395604
0 0.441463 0.36787 0.0147449 0.0225281 0.0389021
0 0.686632 0.419788 0.0328078 0.0677021 0.0380899
0 0.10289 0.881436 0.156636 0.202285 0.0379892
0 0.643185 0.415138 0.0806243 0.0706973 0.0379531
0 0.868898 0.411025 0.102707 0.10467 0.0377569
0 0.0540782 0.68626 0.109173 0.448013 0.0375114
0 0.0394806 0.388478 0.0752319 0.114158 0.0372501
0 0.126358 0.421283 0.0837247 0.102675 0.0371023
0 0.700957 0.407283 0.0676339 0.129446 0.0369671
0 0.571641 0.368677 0.0881192 0.109301 0.0367562
0 0.383256 0.306782 0.0153114 0.0190005 0.0367174
0 0.0245608 0.38256 0.0463572 0.125165 0.0365524
0 0.615061 0.412188 0.0774883 0.0588472 0.036312
0 0.54029 0.370984 0.0583509 0.0797835 0.0362246
0 0.748824 0.404616 0.162252 0.164398 0.0360412
0 0.788626 0.413751 0.103255 0.114209 0.0359806
0 0.886333 0.50965 0.161518 0.175475 0.0356605
0 0.86751 0.358659 0.264407 0.40393 0.0355619
0 0.144109 0.41199 0.0254084 0.0402497 0.0355359
0 0.642807 0.398121 0.071753 0.0878817 0.0352854
0 0.810571 0.417117 0.0758059 0.0886312 0.0352205
0 0.590817 0.383612 0.121933 0.0893912 0.0351563
0 0.74304 0.420656 0.0696734 0.0975804 0.0350474
0 0.831838 0.395218 0.198433 0.179564 0.0349682
0 0.530242 0.388231 0.0571504 0.0588785 0.0348994
0 0.0481541 0.868793 0.0944102 0.229047 0.0344806
0 0.0497786 0.464098 0.0993328 0.142181 0.0343273
0 0.652102 0.377622 0.0664959 0.0691883 0.0342699
0 0.600138 0.440742 0.050805 0.0804643 0.03424
0 0.382334 0.356791 0.011602 0.0176461 0.0341057
0 0.615976 0.398262 0.0891926 0.0811759 0.0339907
0 0.0232384 0.422298 0.0453557 0.0762542 0.0339703
0 0.488098 0.32128 0.0203431 0.0338826 0.0337025
0 0.398087 0.355397 0.0105728 0.0162312 0.0335726
0 0.396615 0.351986 0.0114362 0.0139186 0.0332872
0 0.928286 0.258964 0.148865 0.417219 0.0327793
0 0.0594386 0.712626 0.108605 0.197557 0.0325976
0 0.677086 0.405425 0.0615395 0.114453 0.0325648
0 0.113077 0.377191 0.0633484 0.0864135 0.0324192
0 0.75168 0.363447 0.0313091 0.046573 0.0323213
0 0.793944 0.357861 0.0561184 0.0505764 0.0321722
0 0.676451 0.368438 0.0397953 0.0490798 0.0314984
0 0.412866 0.31208 0.0114142 0.0151496 0.0313627
0 0.235084 0.410224 0.055864 0.0874929 0.0312891
0 0.983603 0.421045 0.0329033 0.151986 0.0310638
0 0.398942 0.308405 0.0126139 0.0155017 0.0309377
0 0.138733 0.386487 0.029272 0.0412927 0.0308334
0 0.251501 0.41247 0.0316351 0.0615371 0.0305559
0 0.0788396 0.84777 0.128135 0.171946 0.030334
0 0.0742511 0.357054 0.0760164 0.07213 0.0302795
0 0.775478 0.437156 0.15407 0.136603 0.0299357
0 0.26433 0.391461 0.0169438 0.0303029 0.0293425
0 0.627142 0.435264 0.0965309 0.0976853 0.0288985
0 0.203301 0.376974 0.101926 0.0955777 0.0288173
0 0.436814 0.308305 0.0106808 0.0145332 0.0285468
0 0.425627 0.312275 0.011385 0.0151709 0.0285461
0 0.916639 0.630876 0.16676 0.255512 0.0284913
0 0.442473 0.357248 0.0122266 0.0188666 0.0281379
0 0.982871 0.541594 0.0341221 0.191102 0.0280374
0 0.0508539 0.698458 0.0971871 0.298973 0.0276694
0 0.918407 0.501216 0.11965 0.135313 0.027553
0 0.963974 0.597531 0.0683323 0.312492 0.0274325
0 0.362399 0.341138 0.0133193 0.0166857 0.0273324
0 0.753387 0.424458 0.0489375 0.0801634 0.0273306
0 0.0818785 0.365204 0.133205 0.160041 0.0273234
0 0.312854 0.408644 0.0291517 0.036262 0.027306
0 0.0601392 0.855191 0.063475 0.0987413 0.0270892
0 0.155741 0.416511 0.0295625 0.0449538 0.0267544
0 0.89572 0.568257 0.189268 0.380545 0.0266423
0 0.357968 0.277997 0.0364846 0.051552 0.0265397
0 0.791713 0.387048 0.16869 0.162652 0.0261271
0 0.664534 0.368748 0.0621033 0.0643096 0.0257413
0 0.192257 0.416065 0.0601568 0.0778718 0.0256855
0 0.336895 0.341588 0.01471 0.0177119 0.0253485
0 0.650306 0.3868 0.131631 0.140647 0.0250682
0 0.222743 0.130872 0.0208278 0.0329509 0.0250564
0 0.688649 0.374394 0.0517867 0.0712156 0.0250184
0 0.369643 0.298638 0.0216099 0.0285618 0.0249284
0 0.0621278 0.832955 0.0562648 0.0819555 0.0248915
0 0.965405 0.341396 0.0647881 0.308814 0.0245995
0 0.327392 0.341489 0.0173106 0.0193296 0.0245909
0 0.0698728 0.777211 0.120833 0.177046 0.0245064
0 0.46222 0.35592 0.0241229 0.0329242 0.0243934
0 0.871967 0.489668 0.09463 0.126894 0.0239808
0 0.0602952 0.561244 0.112049 0.192705 0.0239367
0 0.78147 0.354985 0.0839095 0.0784747 0.0237456
0 0.944518 0.851574 0.104364 0.171902 0.0234418
0 0.893481 0.517668 0.106415 0.122767 0.0232597
0 0.981467 0.588832 0.0378355 0.224987 0.0232112
0 0.031587 0.826483 0.0594607 0.29026 0.0231998
0 0.897161 0.412814 0.0965319 0.110017 0.0231713
0 0.0443208 0.85381 0.0827714 0.139272 0.0231504
0 0.517695 0.373359 0.0474287 0.0513298 0.0229666
0 0.72197 0.384756 0.121381 0.14447 0.0228655
0 0.831877 0.519354 0.223608 0.204931 0.0228318
0 0.483992 0.369106 0.0285854 0.0382463 0.0224495
0 0.543119 0.735364 0.00299063 0.00878465 0.0224273
0 0.2749 0.398005 0.03717 0.051568 0.02234
0 0.04219 0.754297 0.0819005 0.292576 0.0223185
0 0.654053 0.437893 0.116419 0.128752 0.0222587
0 0.965931 0.87768 0.0637974 0.175761 0.0222268
0 0.970647 0.666521 0.0558262 0.15544 0.0220073
0 0.115002 0.471511 0.0606328 0.129673 0.0218017
0 0.26055 0.452023 0.0375555 0.0651716 0.0217078
0 0.10164 0.369328 0.0804958 0.113106 0.0216283
0 0.222326 0.340365 0.0951531 0.128472 0.0213325
0 0.972646 0.619495 0.0536982 0.211907 0.0212936
0 0.44799 0.396472 0.0259675 0.0504447 0.0210492
0 0.609179 0.347694 0.151552 0.189179 0.0209424
0 0.926228 0.894752 0.146855 0.253723 0.0207999
0 0.982994 0.649919 0.0344637 0.189272 0.0205227
0 0.443959 0.300971 0.0135014 0.0186091 0.0204373
0 0.0550406 0.353374 0.103145 0.174549 0.0204093
0 0.507704 0.380875 0.0510933 0.0561473 0.0203689
0 0.799102 0.438467 0.1151 0.0916364 0.0203479
0 0.0344642 0.473578 0.0646358 0.168449 0.0202783
0 0.689177 0.430755 0.0577024 0.102167 0.0198665
0 0.468162 0.308352 0.0248462 0.0341866 0.0197812
0 0.281685 0.742704 0.0628173 0.0963167 0.0197197
0 0.89139 0.58924 0.185755 0.234737 0.0196976
0 0.978681 0.392044 0.0435932 0.148135 0.0196517
0 0.623805 0.378587 0.0685624 0.0738448 0.019605
0 0.310462 0.341688 0.0187911 0.0209229 0.0195866
0 0.942219 0.550475 0.0996288 0.144914 0.0195852
0 0.775725 0.441598 0.110221 0.108591 0.0195167
0 0.159043 0.417924 0.0208395 0.0350306 0.0190214
0 0.916676 0.680656 0.125573 0.220763 0.0188546
0 0.662472 0.432966 0.0865747 0.0930011 0.0188347
0 0.698561 0.365869 0.0693594 0.0826098 0.0186458
0 0.989885 0.669296 0.0198633 0.145024 0.0184576
0 0.455626 0.287985 0.0177047 0.0254815 0.0183176
0 0.161736 0.422799 0.0185563 0.0366908 0.018296
0 0.302604 0.333453 0.0240288 0.0305822 0.0180818
0 0.989086 0.59524 0.0221724 0.173263 0.018081
0 0.203287 0.365285 0.0423976 0.0518044 0.0180436
0 0.207018 0.192853 0.197807 0.315311 0.0179061
0 0.960428 0.646779 0.0722273 0.166945 0.0178792
0 0.526151 0.355958 0.0579881 0.0765227 0.0177956
0 0.0401575 0.523117 0.0729177 0.222085 0.0177237
0 0.917299 0.874252 0.123366 0.172596 0.0177009
0 0.132097 0.44587 0.0474455 0.0860285 0.0176572
0 0.0619914 0.46188 0.0994292 0.101427 0.0176219
0 0.345976 0.249059 0.0257138 0.0342492 0.0176066
0 0.349364 0.273539 0.0292114 0.0402443 0.0176004
0 0.60616 0.720162 0.0450769 0.0987279 0.0175307
0 0.364585 0.251242 0.0364722 0.0443071 0.0175192
0 0.253922 0.475029 0.0564919 0.0955506 0.0174876
0 0.133671 0.902775 0.20635 0.248222 0.0174657
0 0.724956 0.369517 0.0797549 0.0784587 0.0173019
0 0.954338 0.803141 0.0916758 0.245784 0.0172607
0 0.652511 0.314683 0.119411 0.177989 0.0171453
0 0.283924 0.30608 0.0395765 0.0492044 0.0170772
0 0.0620873 0.877973 0.0502017 0.0777132 0.0170417
0 0.968702 0.841775 0.0572611 0.166393 0.0170321
0 0.111105 0.846059 0.196642 0.298635 0.0170173
0 0.08025 0.587346 0.0709873 0.171188 0.0168337
0 0.373552 0.258017 0.0334496 0.042582 0.0168051
0 0.888743 0.559054 0.123597 0.142655 0.0167844
0 0.0735321 0.907498 0.0377984 0.0496453 0.0166141
0 0.922122 0.524565 0.07904 0.0956523 0.0164155
0 0.491758 0.361032 0.0324833 0.0403723 0.0163221
