0 0.296553 0.522894 0.0546616 0.0890122 0.91904
0 0.379737 0.491731 0.0505464 0.0790369 0.864422
0 0.323845 0.505369 0.0509311 0.0778648 0.851284
0 0.504927 0.484986 0.0288466 0.0369892 0.850925
0 0.441855 0.48501 0.0202092 0.0299895 0.842234
0 0.141874 0.578406 0.187197 0.191041 0.810878
0 0.23063 0.529176 0.122275 0.143907 0.810777
0 0.414664 0.481407 0.0220479 0.0359987 0.778387
0 0.34811 0.494608 0.0215121 0.0501007 0.499948
0 0.5625 0.483858 0 0.0578388 0.486199
0 0.5625 0.486179 0 0.0495677 0.381016
0 0.0435645 0.632159 0.087129 0.274204 0.343837
0 0.5625 0.482545 0 0.0656355 0.328319
0 0.278321 0.460089 0.0709179 0.0464712 0.326117
0 0.402779 0.480143 0.0109567 0.0257006 0.252577
0 0.5625 0.474356 0 0.0509395 0.232085
0 0.344689 0.487098 0.0305105 0.06178 0.19669
0 0.021364 0.602464 0.042728 0.279317 0.191177
0 0.0284177 0.657579 0.0566929 0.305326 0.184666
0 0.40797 0.480073 0.0161648 0.0318037 0.17811
0 0.5625 0.50225 0 0.0920541 0.176289
0 0.405638 0.478738 0.0111919 0.0222206 0.176134
0 0.0193294 0.58166 0.038499 0.168947 0.169063
0 0.5625 0.470369 0 0.0455147 0.168132
0 0.559699 0.471431 0.00560131 0.0175152 0.168125
0 0.416673 0.482615 0.0159846 0.0281837 0.153453
0 0.399078 0.473203 0.0116691 0.0225886 0.143093
0 0.5625 0.483585 0 0.0234155 0.137058
0 0.5625 0.485149 0 0.0568674 0.13651
0 0.0399617 0.567353 0.0799234 0.198571 0.136249
0 0.0258137 0.518895 0.0507598 0.0955778 0.13477
0 0.276686 0.505378 0.0617549 0.125182 0.128176
0 0.40538 0.483802 0.0136555 0.0280424 0.125769
0 0.557669 0.47883 0.0096622 0.0318855 0.124753
0 0.351611 0.498781 0.0154264 0.0432204 0.12333
0 0.0147104 0.540669 0.0293461 0.101049 0.122444
0 0.415121 0.481199 0.0124053 0.0217888 0.122127
0 0.5625 0.459542 0 0.0326942 0.119154
0 0.405119 0.472521 0.0141622 0.0240814 0.116329
0 0.252558 0.527402 0.0756737 0.130851 0.116132
0 0.525666 0.483523 0.0250847 0.0364125 0.115195
0 0.278237 0.477223 0.0662951 0.0730452 0.112314
0 0.0324217 0.531472 0.0648434 0.128243 0.11172
0 0.0585371 0.604632 0.0838238 0.225658 0.10968
0 0.0327301 0.504525 0.0628458 0.073367 0.108814
0 0.5625 0.507808 0 0.0736271 0.108089
0 0.5625 0.51162 0 0.0529676 0.105952
0 0.419065 0.471837 0.0141377 0.021236 0.105765
0 0.346481 0.497752 0.0140855 0.0403893 0.104169
0 0.5625 0.508282 0 0.0443845 0.103352
0 0.626523 0.488179 0.0310996 0.0275361 0.100015
0 0.281067 0.505312 0.081527 0.16752 0.0996158
0 0.435271 0.48333 0.0141215 0.0246407 0.0981573
0 0.399586 0.485991 0.0146945 0.0278453 0.0977473
0 0.181876 0.46477 0.0502022 0.0338695 0.0964547
0 0.442836 0.483657 0.0159684 0.022396 0.0925969
0 0.349713 0.49228 0.0169422 0.0330703 0.0921056
0 0.189928 0.467112 0.0685244 0.0503014 0.091655
0 0.531674 0.483322 0.027815 0.0409481 0.0912184
0 0.416521 0.473824 0.0121962 0.0216985 0.0904934
0 0.572566 0.475432 0.0340191 0.028249 0.0892769
0 0.604569 0.484859 0.0260532 0.0278297 0.0873318
0 0.186314 0.454281 0.0612751 0.0312744 0.0854083
0 0.163172 0.475572 0.0469616 0.04203 0.0848681
0 0.633356 0.488519 0.0331391 0.0311078 0.0839821
0 0.445368 0.479313 0.0120993 0.0213236 0.0838471
0 0.0591418 0.632978 0.0562461 0.166994 0.0837149
0 0.496441 0.485482 0.0136224 0.0236175 0.0834087
0 0.628489 0.463629 0.0436356 0.0706885 0.0831729
0 0.0517322 0.503329 0.0963199 0.0765498 0.0818191
0 0.426927 0.481123 0.0112589 0.0208823 0.0808224
0 0.2958 0.462055 0.0588189 0.0523747 0.080668
0 0.685144 0.49089 0.0207707 0.027538 0.0805985
0 0.0169428 0.510001 0.0344061 0.0862356 0.0799982
0 0.690465 0.489749 0.0263533 0.0319956 0.0786477
0 0.09426 0.581398 0.116063 0.206257 0.0786223
0 0.781788 0.458256 0.0285977 0.0227634 0.0785673
0 0.519746 0.485116 0.019155 0.030511 0.0784132
0 0.836506 0.50177 0.0512825 0.0441782 0.0780163
0 0.197081 0.558657 0.080265 0.15653 0.0777639
0 0.524661 0.483877 0.016296 0.0296396 0.0772557
0 0.668608 0.484833 0.0401193 0.0399885 0.0771482
0 0.581275 0.480364 0.0454814 0.0364443 0.0761401
0 0.511904 0.486288 0.0161724 0.0272079 0.0734174
0 0.436598 0.478506 0.0168422 0.0283363 0.0733687
0 0.264081 0.493996 0.0637393 0.0793158 0.0729967
0 0.407187 0.455151 0.0150429 0.0160802 0.0727857
0 0.452404 0.479252 0.0203788 0.0273081 0.0726294
0 0.977122 0.491119 0.045055 0.123188 0.0724857
0 0.460145 0.475552 0.0213577 0.0318915 0.0724344
0 0.431195 0.48173 0.0120274 0.0224266 0.0707019
0 0.316148 0.487333 0.0454218 0.057937 0.0702472
0 0.0777792 0.616264 0.0914469 0.201959 0.0701616
0 0.0195409 0.677603 0.0389569 0.263406 0.0698745
0 0.499665 0.486774 0.0140684 0.0260352 0.0684903
0 0.943259 0.509728 0.0511984 0.0515058 0.0682585
0 0.183003 0.490461 0.0670522 0.0774649 0.0682159
0 0.40624 0.470365 0.0205027 0.0391806 0.0677255
0 0.204044 0.495545 0.0851834 0.075017 0.0672285
0 0.492922 0.479039 0.0195143 0.0244392 0.0670974
0 0.0785827 0.529379 0.127665 0.130225 0.0661977
0 0.463964 0.480286 0.0189964 0.0288845 0.0658019
0 0.613842 0.487533 0.0168715 0.0229455 0.0650481
0 0.753589 0.455569 0.0335105 0.0201253 0.0633486
0 0.448194 0.481965 0.0124011 0.0223554 0.062844
0 0.469645 0.475106 0.0173722 0.0282728 0.0620991
0 0.103222 0.513547 0.166168 0.126653 0.0616155
0 0.075935 0.48862 0.0806981 0.048911 0.0615608
0 0.187528 0.480396 0.0641473 0.0493893 0.0612995
0 0.0819961 0.477661 0.0757357 0.054874 0.0607553
0 0.98969 0.478914 0.0214682 0.0955724 0.059936
0 0.157931 0.48254 0.037795 0.0319127 0.059832
0 0.972577 0.471438 0.0569324 0.128059 0.0586573
0 0.571665 0.474693 0.0189991 0.0226056 0.056059
0 0.863724 0.492851 0.079896 0.0661008 0.0557673
0 0.221713 0.504715 0.113578 0.0934518 0.0554278
0 0.909683 0.426716 0.17343 0.219105 0.0548062
0 0.094785 0.468372 0.0569558 0.0471194 0.0545188
0 0.0122146 0.696273 0.0240355 0.216778 0.054461
0 0.502861 0.484993 0.0215986 0.0284941 0.0542251
0 0.680563 0.49485 0.0180304 0.0248548 0.053275
0 0.342791 0.483511 0.0187087 0.0280242 0.0522542
0 0.414278 0.454916 0.0131838 0.015154 0.0520918
0 0.492826 0.481717 0.0136869 0.0232201 0.0520189
0 0.0452015 0.492825 0.0742357 0.0553575 0.0518419
0 0.761646 0.455755 0.0284474 0.019461 0.0518038
0 0.4417 0.473956 0.0153377 0.0186944 0.0514796
0 0.140364 0.481008 0.0798773 0.0592533 0.0509079
0 0.485042 0.478829 0.0203014 0.0258219 0.0493804
0 0.34605 0.47427 0.0195904 0.0303942 0.0489952
0 0.787084 0.464807 0.0424822 0.0353685 0.0483084
0 0.361675 0.487349 0.012315 0.0287576 0.0481381
0 0.429785 0.472977 0.0124361 0.0171769 0.0480342
0 0.2043 0.526075 0.0928368 0.134478 0.0478799
0 0.0947429 0.730083 0.165136 0.315472 0.0478215
0 0.0148764 0.494034 0.0310845 0.061466 0.047655
0 0.115672 0.473548 0.0935895 0.0601767 0.0469948
0 0.484318 0.481149 0.0128027 0.0211953 0.0463068
0 0.421765 0.484023 0.0104684 0.0199743 0.045425
0 0.387985 0.467266 0.0181898 0.0243666 0.0452988
0 0.466632 0.464383 0.0159433 0.0232488 0.0452234
0 0.951215 0.470413 0.0951401 0.128048 0.045211
0 0.176469 0.568343 0.115825 0.16875 0.0449161
0 0.704585 0.486762 0.0337917 0.0375136 0.0448499
0 0.471312 0.484544 0.0120723 0.0228997 0.0445193
0 0.514907 0.480192 0.0223384 0.0349538 0.0444054
0 0.356798 0.507126 0.0173157 0.0358719 0.0442589
0 0.46406 0.483535 0.0152415 0.0214945 0.0441374
0 0.26877 0.523872 0.0475265 0.110402 0.0439581
0 0.856431 0.50243 0.0598251 0.0476316 0.0437298
0 0.625439 0.48621 0.0205519 0.0246818 0.0435917
0 0.671576 0.492642 0.0419297 0.038657 0.0433235
0 0.36326 0.48701 0.0170061 0.0353617 0.0431763
0 0.251684 0.484683 0.0564823 0.0631038 0.0423897
0 0.562782 0.471125 0.01522 0.0248906 0.0419367
0 0.11291 0.640263 0.140675 0.181233 0.0415409
0 0.0419126 0.762796 0.0857004 0.376213 0.041201
0 0.0078796 0.714266 0.0167448 0.172683 0.0406733
0 0.531525 0.477787 0.0170897 0.0274952 0.0405368
0 0.212669 0.482932 0.102795 0.0671336 0.0401068
0 0.720784 0.466604 0.100946 0.0950723 0.0399364
0 0.267498 0.469137 0.0324314 0.0250855 0.0398706
0 0.446518 0.473098 0.0136115 0.0187157 0.0388157
0 0.387733 0.454964 0.0143666 0.0174963 0.0384542
0 0.0924177 0.491586 0.0531379 0.0369731 0.0384388
0 0.847534 0.481405 0.0527647 0.0599182 0.0383678
0 0.701369 0.472319 0.0589457 0.0676081 0.0382761
0 0.706028 0.498975 0.0300919 0.037229 0.037698
0 0.664147 0.47323 0.0590091 0.0637527 0.0376307
0 0.0981999 0.512844 0.064978 0.0553639 0.0375635
0 0.114411 0.516377 0.075404 0.0586039 0.037532
0 0.772893 0.413651 0.0659147 0.116283 0.0371919
0 0.642923 0.493646 0.0361106 0.0367492 0.0371528
0 0.146936 0.549992 0.125646 0.127028 0.0366348
0 0.029528 0.981317 0.0589979 0.0689011 0.0362509
0 0.903104 0.502879 0.0626284 0.0571473 0.0360519
0 0.305871 0.471122 0.0239504 0.0274167 0.0360065
0 0.62241 0.492583 0.019784 0.0262305 0.0357345
0 0.631695 0.450662 0.0581135 0.113527 0.0350606
0 0.893544 0.453959 0.143922 0.15726 0.0350574
0 0.105814 0.559023 0.0968494 0.140592 0.0350239
0 0.127121 0.526968 0.116008 0.0880955 0.0348364
0 0.18583 0.52312 0.108966 0.107269 0.0343886
0 0.127419 0.498638 0.0909294 0.0537621 0.0343112
0 0.116411 0.604677 0.0823139 0.133441 0.0341214
0 0.0750607 0.54459 0.142015 0.224824 0.0340452
0 0.687949 0.47415 0.034589 0.0422134 0.0336457
0 0.563184 0.489245 0.0196006 0.0308471 0.033634
0 0.509527 0.475379 0.0293768 0.0432291 0.0334769
0 0.572389 0.483097 0.0199023 0.0252582 0.0332025
0 0.809683 0.483685 0.070247 0.0767677 0.0322063
0 0.152442 0.50506 0.040819 0.0458538 0.03211
0 0.652271 0.487361 0.0210852 0.0269195 0.0318487
0 0.139757 0.050994 0.0636023 0.0786453 0.0314554
0 0.679583 0.481846 0.0339361 0.03495 0.0314168
0 0.172459 0.520232 0.080423 0.0830111 0.0313211
0 0.0283929 0.972322 0.0500291 0.0448129 0.0312709
0 0.65647 0.489861 0.0187311 0.0265715 0.0312559
0 0.875358 0.475145 0.109446 0.113423 0.0309287
0 0.643661 0.490905 0.0224832 0.0280974 0.0307913
0 0.64188 0.470578 0.055204 0.0662382 0.0300996
0 0.332678 0.473138 0.0179575 0.0238222 0.0298987
0 0.207233 0.566591 0.0619465 0.113459 0.0296835
0 0.358509 0.491536 0.0130312 0.0315988 0.0296358
0 0.187244 0.453545 0.0729523 0.047479 0.029536
0 0.975405 0.433418 0.0486969 0.222665 0.0294434
0 0.149816 0.466262 0.0694849 0.0525657 0.0293201
0 0.468568 0.489643 0.0229718 0.036132 0.0292752
0 0.0370476 0.487946 0.074269 0.236247 0.0292571
0 0.56997 0.464494 0.0166719 0.0219395 0.0292189
0 0.143074 0.767989 0.178021 0.238605 0.0290937
0 0.140188 0.588003 0.108515 0.16525 0.02886
0 0.540002 0.485962 0.0178516 0.0276074 0.028788
0 0.563793 0.478762 0.0172004 0.0254049 0.0287284
0 0.946661 0.431253 0.103373 0.222697 0.0286439
0 0.208782 0.466578 0.0981121 0.0756262 0.0285832
0 0.275706 0.457789 0.050698 0.033925 0.0284823
0 0.757182 0.4926 0.0337796 0.0429099 0.0283168
0 0.859995 0.472298 0.0716759 0.0860855 0.0282837
0 0.247239 0.460664 0.0756886 0.0555246 0.0281481
0 0.59117 0.48177 0.0159752 0.0206759 0.0279666
0 0.498574 0.475531 0.0160604 0.0226123 0.0277801
0 0.0950883 0.0403691 0.171991 0.146154 0.02768
0 0.380147 0.44886 0.015657 0.0191074 0.0275725
0 0.0659125 0.78623 0.126322 0.347373 0.0270752
0 0.971705 0.421946 0.0567854 0.129331 0.0270388
0 0.0320818 0.425129 0.0537241 0.0943565 0.0269916
0 0.554175 0.375761 0.0235432 0.0349036 0.0269628
0 0.509951 0.464822 0.0406194 0.0637896 0.0269312
0 0.036699 0.686606 0.0764811 0.229287 0.0268778
0 0.578069 0.476073 0.0223085 0.0251363 0.0268131
0 0.982537 0.443286 0.034407 0.126916 0.026738
0 0.762734 0.485672 0.0225984 0.0425565 0.0267328
0 0.0552921 0.483636 0.103976 0.197473 0.0266252
0 0.359122 0.218952 0.0208946 0.0340908 0.0264897
0 0.689955 0.503404 0.0265381 0.0410557 0.0263558
0 0.495228 0.376948 0.021259 0.029444 0.0261293
0 0.861575 0.400364 0.0666821 0.126315 0.0261106
0 0.0219475 0.487997 0.0425968 0.204286 0.0259277
0 0.52417 0.475108 0.0191835 0.0314265 0.0258061
0 0.437993 0.45316 0.0120635 0.0176024 0.025604
0 0.972911 0.521261 0.0525753 0.11615 0.0254414
0 0.407522 0.488353 0.0140514 0.0269542 0.0253699
0 0.932438 0.489067 0.0903128 0.0975963 0.0252626
0 0.736978 0.49017 0.0768689 0.0741309 0.0251552
0 0.239684 0.699674 0.0465728 0.0766399 0.0250521
0 0.985031 0.0247093 0.0296339 0.0366794 0.0249701
0 0.283132 0.465929 0.0327924 0.027445 0.0248577
0 0.17659 0.457059 0.0357914 0.0218052 0.0245486
0 0.443082 0.449308 0.013911 0.0202269 0.0244187
0 0.982131 0.411421 0.0338972 0.133588 0.0243538
0 0.747131 0.443298 0.0305756 0.0244075 0.0242157
0 0.608999 0.452988 0.063955 0.0994336 0.0241705
0 0.237156 0.468046 0.106317 0.0666654 0.0240695
0 0.0342645 0.447185 0.0594694 0.0817792 0.0240579
0 0.620925 0.435951 0.0635807 0.111603 0.0239951
0 0.0826465 0.46603 0.0678101 0.056174 0.0238616
0 0.834665 0.19077 0.241958 0.244657 0.0238217
0 0.452878 0.381811 0.0224273 0.0298502 0.0238174
0 0.744517 0.457069 0.0257924 0.0202892 0.0237824
0 0.982443 0.570256 0.0366268 0.229232 0.0237418
0 0.934589 0.198474 0.0420399 0.0815381 0.0234819
0 0.0062149 0.470779 0.012803 0.0514236 0.023425
0 0.905266 0.482235 0.0808847 0.100439 0.0232013
0 0.87309 0.502075 0.0481373 0.0493843 0.0231259
0 0.232295 0.612668 0.0429105 0.0729987 0.0230437
0 0.205954 0.986389 0.0158357 0.018404 0.0227484
0 0.405576 0.395024 0.0174422 0.0221181 0.0227097
0 0.00640253 0.758153 0.0137429 0.151 0.0223863
0 0.447631 0.379722 0.0229 0.0309524 0.0219858
0 0.553526 0.395135 0.0232741 0.0330899 0.0219174
0 0.654343 0.504798 0.0286422 0.0432759 0.0218479
0 0.185617 0.456154 0.0476501 0.0229872 0.0218167
0 0.191248 0.683198 0.0646569 0.0838499 0.0217462
0 0.254609 0.456881 0.0349341 0.0381461 0.0217244
0 0.323462 0.543518 0.0313977 0.0624793 0.0215515
0 0.368963 0.499178 0.0362784 0.0603695 0.0214559
0 0.76506 0.430757 0.0482977 0.0544817 0.0213761
0 0.0184262 0.728449 0.0364254 0.177493 0.0213621
0 0.0822089 0.481553 0.146367 0.150663 0.021229
0 0.768673 0.390612 0.059233 0.0914052 0.0209031
0 0.610002 0.415126 0.0724587 0.0843513 0.0207363
0 0.362965 0.438431 0.016847 0.0190394 0.0207272
0 0.502244 0.378556 0.0224603 0.0325888 0.0207216
0 0.602877 0.371155 0.0384581 0.0437539 0.0206334
0 0.901034 0.14145 0.197267 0.293103 0.0205632
0 0.859338 0.432292 0.0647392 0.10847 0.0205472
0 0.52089 0.265074 0.0231701 0.0392792 0.020478
0 0.773827 0.49714 0.0341047 0.0463036 0.0203359
0 0.613857 0.837417 0.0325794 0.0536962 0.0202825
0 0.931672 0.446039 0.121931 0.161288 0.0201775
0 0.717195 0.43272 0.0624372 0.0973376 0.0201119
0 0.424789 0.491089 0.0140751 0.023075 0.020021
0 0.0412836 0.41588 0.075325 0.201841 0.0199756
0 0.484226 0.381985 0.0289002 0.0392952 0.0196424
0 0.308404 0.435633 0.0224141 0.0271057 0.0196277
0 0.982406 0.0147819 0.0343073 0.0510617 0.0194813
0 0.0509359 0.46413 0.086091 0.077453 0.0194611
0 0.934053 0.51522 0.116409 0.110023 0.0194515
0 0.127521 0.614867 0.0785409 0.102758 0.0194041
