0 0.5625 0.678079 0 0.207806 0.881956
0 0.541452 0.637115 0.017228 0.021156 0.609413
0 0.518643 0.637397 0.0107027 0.015231 0.44787
0 0.508063 0.639531 0.0105088 0.0142356 0.390378
0 0.523055 0.637592 0.0118599 0.0157477 0.366516
0 0.432003 0.635805 0.0180412 0.020231 0.365331
0 0.453596 0.637582 0.0164651 0.0194694 0.339399
0 0.528063 0.639667 0.00970144 0.0145708 0.273246
0 0.452297 0.634808 0.0219507 0.0264579 0.250389
0 0.534743 0.637702 0.015073 0.0199524 0.235135
0 0.529236 0.637141 0.0112658 0.0174098 0.231338
0 0.430494 0.63632 0.0140573 0.0150217 0.222906
0 0.517264 0.640807 0.0105495 0.0170124 0.212114
0 0.533155 0.63965 0.0108798 0.0162672 0.205179
0 0.540066 0.639686 0.012575 0.0164273 0.194786
0 0.513089 0.637032 0.0119113 0.0188845 0.191812
0 0.440161 0.639012 0.0130746 0.0175628 0.16921
0 0.543122 0.638639 0.0125614 0.0166828 0.155667
0 0.475888 0.630695 0.01813 0.0229505 0.154715
0 0.448605 0.638935 0.0120845 0.0165727 0.153608
0 0.456189 0.637617 0.0123001 0.0157539 0.148731
0 0.459691 0.639652 0.0126742 0.0195 0.144736
0 0.472684 0.628973 0.0157995 0.022251 0.139939
0 0.426284 0.637561 0.0174574 0.018256 0.138632
0 0.10057 0.61295 0.021992 0.0280506 0.135553
0 0.482531 0.641218 0.0153001 0.0192111 0.133569
0 0.523932 0.640738 0.00993118 0.0171289 0.130781
0 0.529922 0.630759 0.0143263 0.0238355 0.125089
0 0.427845 0.634705 0.0242024 0.0238671 0.113869
0 0.56198 0.63577 0.00104008 0.025293 0.111003
0 0.5625 0.635026 0 0.025042 0.11002
0 0.463964 0.635364 0.0130697 0.0157171 0.110007
0 0.5625 0.609042 0 0.0389168 0.108726
0 0.5625 0.631087 0 0.0317863 0.106114
0 0.510996 0.632488 0.0127551 0.016523 0.104462
0 0.125538 0.609062 0.0727841 0.0560816 0.103676
0 0.516516 0.633084 0.012455 0.0177741 0.0983791
0 0.417094 0.63113 0.0400678 0.0333512 0.0942022
0 0.0317529 0.603324 0.0322661 0.0364087 0.0913849
0 0.389175 0.624769 0.0329055 0.0434725 0.0911728
0 0.137819 0.613144 0.0557988 0.0479724 0.0909001
0 0.436031 0.632121 0.0187824 0.0220316 0.090471
0 0.551921 0.635793 0.0146509 0.0219746 0.0886737
0 0.521369 0.634148 0.0126278 0.0186651 0.0865694
0 0.0644139 0.605676 0.102723 0.0811751 0.0846635
0 0.5625 0.555069 0 0.16163 0.0813844
0 0.468938 0.631757 0.0152948 0.0180593 0.0807052
0 0.5625 0.628881 0 0.037872 0.0802184
0 0.561319 0.635935 0.00236306 0.0196225 0.078514
0 0.489858 0.632094 0.0155496 0.0191891 0.0760904
0 0.292097 0.609087 0.023381 0.0287711 0.0758521
0 0.161794 0.611318 0.0333337 0.0353127 0.0737
0 0.608014 0.628172 0.0261858 0.0322006 0.0736196
0 0.129885 0.62435 0.0769723 0.0650291 0.0734545
0 0.074068 0.607982 0.0775711 0.0588996 0.0726874
0 0.389623 0.610442 0.0350542 0.0643912 0.0720427
0 0.490766 0.636619 0.0137173 0.014367 0.0717883
0 0.996367 0.585379 0.00738411 0.0763199 0.0705682
0 0.561798 0.64068 0.0150461 0.0202549 0.0700672
0 0.0607991 0.626224 0.115427 0.132209 0.0689709
0 0.537028 0.639806 0.0106621 0.0173558 0.0686755
0 0.027935 0.608291 0.044439 0.0658344 0.0661947
0 0.0239525 0.6333 0.0505174 0.0957409 0.0658811
0 0.0411009 0.599387 0.0568754 0.0636781 0.0655683
0 0.101981 0.60706 0.0280808 0.0385761 0.0652625
0 0.612155 0.635077 0.0387569 0.0504252 0.0644283
0 0.996922 0.598683 0.00764103 0.0471852 0.0643901
0 0.57815 0.62913 0.012676 0.0270079 0.064376
0 0.54079 0.632879 0.0150357 0.0192624 0.0639148
0 0.0439844 0.629891 0.0778271 0.111674 0.0616584
0 0.305492 0.611785 0.0595799 0.0622213 0.0597047
0 0.391663 0.607033 0.0462321 0.0829075 0.0593486
0 0.963325 0.597866 0.0704201 0.0682037 0.0578618
0 0.539443 0.655528 0.0151278 0.0294048 0.0575735
0 0.547718 0.632747 0.0128926 0.0211134 0.0569486
0 0.0996824 0.620613 0.0306928 0.0395798 0.0569042
0 0.0406472 0.578834 0.0557897 0.0934269 0.0546684
0 0.182336 0.612889 0.056348 0.0486327 0.0541966
0 0.994045 0.609396 0.0115868 0.0457717 0.0534766
0 0.596676 0.632627 0.0158052 0.0248995 0.0525483
0 0.742499 0.634651 0.103284 0.111009 0.0525275
0 0.0916789 0.597382 0.0525262 0.0647944 0.051101
0 0.205119 0.610498 0.0356521 0.0382722 0.0502283
0 0.637089 0.687214 0.0359824 0.114476 0.0498692
0 0.982541 0.555008 0.0320585 0.168154 0.0487222
0 0.169719 0.609011 0.0282523 0.038146 0.0486274
0 0.968187 0.580745 0.061817 0.101002 0.0481513
0 0.730202 0.571201 0.0999547 0.0970425 0.0479908
0 0.267533 0.619607 0.0718572 0.070678 0.046372
0 0.122599 0.640017 0.0921085 0.0922362 0.0462714
0 0.317077 0.619157 0.0804248 0.090105 0.045937
0 0.0601649 0.583431 0.104087 0.111461 0.0458321
0 0.607298 0.650522 0.0435805 0.0735737 0.0452345
0 0.365134 0.61634 0.0703382 0.0772986 0.0451228
0 0.430784 0.59647 0.0651903 0.103821 0.0449886
0 0.306448 0.636087 0.0683904 0.076444 0.0449242
0 0.0330523 0.597997 0.0628945 0.118935 0.044456
0 0.591964 0.614516 0.0414174 0.0619851 0.042884
0 0.315117 0.645302 0.0544013 0.0588526 0.0428547
0 0.643856 0.674732 0.0454628 0.148008 0.0427678
0 0.971958 0.555465 0.0548128 0.160362 0.0426619
0 0.652429 0.673973 0.0638452 0.178304 0.0414095
0 0.604867 0.61197 0.0376791 0.0626624 0.0412567
0 0.0202014 0.658234 0.0418774 0.0969065 0.0411616
0 0.678026 0.498252 0.0347958 0.0531333 0.0411308
0 0.204167 0.600771 0.0257641 0.0313661 0.0407576
0 0.0574433 0.651335 0.085446 0.0884392 0.0406618
0 0.16897 0.619872 0.0597134 0.0568753 0.0402727
0 0.728513 0.617293 0.115209 0.0853277 0.0398196
0 0.485839 0.570068 0.0440905 0.0531951 0.039796
0 0.573356 0.646827 0.0182673 0.029373 0.0392659
0 0.372016 0.627041 0.0468916 0.0564427 0.0385963
0 0.678927 0.51372 0.0393075 0.077068 0.038557
0 0.318106 0.618757 0.0599377 0.0582247 0.0381457
0 0.172797 0.600844 0.0323523 0.0436037 0.0380384
0 0.241579 0.628306 0.0564554 0.0679032 0.0377109
0 0.25944 0.633733 0.0767355 0.0862566 0.0373105
0 0.992392 0.62594 0.0130665 0.0632864 0.0372797
0 0.12617 0.598523 0.0991487 0.0860369 0.0372706
0 0.11135 0.568049 0.0453952 0.0536878 0.0369515
0 0.653753 0.628891 0.0637323 0.102989 0.0367966
0 0.968973 0.652829 0.0624996 0.129747 0.0365804
0 0.0354907 0.656638 0.0749182 0.154671 0.036447
0 0.407233 0.630348 0.0191488 0.0240759 0.036414
0 0.231121 0.636515 0.0800999 0.0879766 0.036342
0 0.284458 0.628566 0.0482261 0.0684279 0.0362551
0 0.991 0.55231 0.0185783 0.149486 0.0356889
0 0.35009 0.618409 0.0606888 0.0665295 0.0356062
0 0.241577 0.622701 0.0876965 0.0854225 0.0355049
0 0.992762 0.528113 0.0138823 0.13783 0.0354274
0 0.636688 0.621746 0.0442777 0.0687731 0.0352005
0 0.961754 0.630008 0.0769398 0.0884899 0.0340303
0 0.327622 0.637696 0.0585567 0.07097 0.0337067
0 0.0906176 0.637974 0.0541328 0.0675298 0.0335273
0 0.0426748 0.546851 0.0542118 0.074321 0.0329241
0 0.343949 0.63038 0.0750885 0.0798981 0.0328656
0 0.629473 0.666899 0.0396124 0.0948346 0.0327291
0 0.0950904 0.573229 0.0407269 0.0392233 0.0323187
0 0.361597 0.631406 0.0611863 0.0710814 0.0321423
0 0.598141 0.621463 0.0261046 0.0407131 0.0320823
0 0.42393 0.650859 0.0177842 0.0201812 0.0318515
0 0.199381 0.623712 0.0404287 0.0443291 0.0317577
0 0.752604 0.673745 0.0918438 0.173216 0.0316058
0 0.985215 0.65416 0.0317785 0.118145 0.0313399
0 0.195424 0.640738 0.0709603 0.0748029 0.0313072
0 0.411767 0.595719 0.0610515 0.0901803 0.0312331
0 0.0916847 0.602117 0.031919 0.0354685 0.0312086
0 0.726848 0.596461 0.108306 0.0697216 0.0310397
0 0.188166 0.600478 0.0506634 0.0480053 0.0309735
0 0.190385 0.619751 0.0522861 0.0474307 0.0307118
0 0.605897 0.65654 0.027395 0.0490361 0.030137
0 0.388174 0.630745 0.0216446 0.0272708 0.0299238
0 0.24255 0.608142 0.0410994 0.0413333 0.0297328
0 0.620744 0.669215 0.0321142 0.0847415 0.0296153
0 0.0492562 0.57152 0.0942897 0.16549 0.0290996
0 0.640519 0.641588 0.0471325 0.0925986 0.0285778
0 0.0650863 0.903147 0.120349 0.175951 0.0279114
0 0.28419 0.605123 0.0536964 0.0632378 0.0278949
0 0.156426 0.603219 0.0592608 0.0669927 0.0277403
0 0.68339 0.642806 0.0889215 0.114316 0.0276719
0 0.286885 0.618418 0.0930919 0.100086 0.027504
0 0.657239 0.614867 0.0526556 0.0669963 0.0269604
0 0.631769 0.686538 0.0268206 0.0915483 0.0267592
0 0.0235937 0.598689 0.0451974 0.0947764 0.0266803
0 0.188452 0.635161 0.0536242 0.0572109 0.0266361
0 0.709371 0.627153 0.110523 0.0954038 0.0263065
0 0.714337 0.763385 0.146813 0.20771 0.026255
0 0.990077 0.648489 0.0200527 0.106501 0.0259308
0 0.681405 0.684482 0.111664 0.176935 0.0257165
0 0.680242 0.611625 0.0721912 0.0668214 0.0248763
0 0.347285 0.605924 0.0844916 0.0870401 0.0248056
0 0.541245 0.374522 0.0215258 0.0344231 0.0247921
0 0.816646 0.548802 0.0983923 0.158846 0.0247652
0 0.172304 0.62942 0.0421669 0.0505174 0.0247577
0 0.21544 0.606781 0.0464633 0.0447301 0.0244913
0 0.941066 0.601807 0.0642218 0.0521445 0.0243438
0 0.747675 0.571203 0.059213 0.0834339 0.0242591
0 0.154675 0.954992 0.0417541 0.0591571 0.024048
0 0.387825 0.652112 0.0275011 0.0356845 0.0240259
0 0.94481 0.581616 0.0869392 0.0896901 0.0240005
0 0.165492 0.592735 0.10686 0.0952323 0.0239505
0 0.297014 0.602559 0.0444936 0.0572016 0.0238948
0 0.854959 0.54723 0.217305 0.167197 0.0236536
0 0.238325 0.620298 0.12558 0.125533 0.0231709
0 0.230601 0.613193 0.0626339 0.057326 0.0230997
0 0.523914 0.605649 0.0104502 0.015253 0.022803
0 0.0745839 0.584399 0.143415 0.170042 0.0227549
0 0.525147 0.600118 0.0137687 0.0193433 0.0227191
0 0.62275 0.622721 0.04324 0.0489166 0.0226714
0 0.722472 0.892908 0.134606 0.196587 0.0226274
0 0.708576 0.636364 0.0657881 0.0870903 0.0225991
0 0.717414 0.546385 0.121168 0.144993 0.0225839
0 0.874729 0.417751 0.0399981 0.0956497 0.022324
0 0.143476 0.640509 0.0851634 0.0812658 0.0222795
0 0.958416 0.56603 0.0839544 0.125619 0.0220924
0 0.491378 0.595722 0.0299424 0.0346198 0.0220041
0 0.681771 0.562969 0.0343826 0.0356839 0.0219347
0 0.260989 0.604883 0.0893291 0.0805083 0.0219223
0 0.0591555 0.540752 0.0661086 0.0780635 0.0218917
0 0.24575 0.643384 0.0624145 0.0745949 0.0217406
0 0.882255 0.408224 0.0366934 0.0820445 0.021419
0 0.0176733 0.688082 0.0369102 0.103587 0.0214043
0 0.765427 0.898043 0.166215 0.218178 0.0212135
0 0.043551 0.662471 0.0717985 0.0851844 0.0207869
0 0.984768 0.516415 0.0301657 0.167341 0.0204721
0 0.407184 0.639327 0.0181719 0.0219644 0.0204218
0 0.720599 0.569546 0.109958 0.0631031 0.0202767
0 0.770097 0.125096 0.0527133 0.085715 0.0201333
0 0.378394 0.635968 0.0234977 0.0300819 0.0200993
0 0.790453 0.563894 0.101061 0.140439 0.0199372
0 0.663657 0.69541 0.0832371 0.147164 0.019921
0 0.293171 0.596649 0.0231961 0.032756 0.0198921
0 0.740982 0.717726 0.107588 0.121224 0.0197499
0 0.0253906 0.677981 0.0544088 0.151775 0.0196172
0 0.533991 0.643052 0.0103568 0.0174592 0.0195593
0 0.286624 0.646729 0.0600715 0.0689397 0.0195163
0 0.77187 0.699101 0.0411877 0.0918655 0.0194098
0 0.795496 0.119666 0.0809799 0.129108 0.019392
0 0.384706 0.59497 0.040998 0.0871709 0.0193559
0 0.714226 0.132681 0.0943761 0.145062 0.0193071
0 0.623453 0.720126 0.0200688 0.0503922 0.0192213
0 0.514689 0.641208 0.0101823 0.0158607 0.0192122
0 0.0319395 0.689457 0.061319 0.0982006 0.0191699
0 0.0548505 0.955576 0.0934957 0.0986165 0.0191579
0 0.608053 0.141671 0.109409 0.178059 0.0190803
0 0.788985 0.599419 0.0444867 0.0710507 0.018996
0 0.681837 0.573521 0.115164 0.13673 0.0189208
0 0.46091 0.59252 0.0471298 0.0691551 0.0188795
0 0.782523 0.665215 0.0319168 0.0823248 0.0186596
0 0.0352586 0.541043 0.0569855 0.101055 0.0186594
0 0.673482 0.717533 0.0583083 0.104542 0.018624
0 0.685294 0.571278 0.0391313 0.0350964 0.0185791
0 0.433964 0.611535 0.0191379 0.0281498 0.0185516
0 0.669712 0.137878 0.0823717 0.127365 0.0185318
0 0.534997 0.538205 0.0279304 0.0424816 0.0184548
0 0.203466 0.595504 0.0309184 0.0454348 0.0184514
0 0.547892 0.576132 0.0343795 0.0618053 0.0183707
0 0.371831 0.60584 0.0947323 0.109191 0.017829
0 0.720688 0.670247 0.0968439 0.12083 0.0178034
0 0.543283 0.586545 0.0249296 0.0412994 0.0176006
0 0.922202 0.82239 0.156805 0.291382 0.017515
0 0.756472 0.629174 0.06616 0.0849648 0.017469
0 0.982864 0.843988 0.0333101 0.177581 0.0173651
0 0.603545 0.589051 0.0256827 0.0482778 0.0173222
0 0.922367 0.788946 0.13791 0.195644 0.0173028
0 0.0519758 0.926829 0.0935986 0.142738 0.0172587
0 0.241543 0.600531 0.0668744 0.0735852 0.0172076
0 0.73618 0.130887 0.0905776 0.133319 0.0170916
0 0.557333 0.532501 0.026912 0.0422033 0.0170872
0 0.929602 0.548001 0.13115 0.151564 0.0170677
0 0.508126 0.64917 0.013625 0.020654 0.0170076
0 0.804319 0.599891 0.0453247 0.0497724 0.0167947
0 0.943924 0.648645 0.106378 0.109928 0.0167492
0 0.0602081 0.853637 0.105018 0.213671 0.0166661
0 0.691215 0.117148 0.0236485 0.036188 0.0165524
0 0.829423 0.11894 0.0913897 0.143838 0.0164951
0 0.769363 0.664482 0.0599821 0.125984 0.0164641
0 0.960524 0.520561 0.0773819 0.227657 0.0164385
0 0.625273 0.773358 0.110965 0.225205 0.0162108
0 0.683181 0.700036 0.0775433 0.133327 0.016124
0 0.521633 0.542627 0.0226391 0.0343363 0.0161057
0 0.60225 0.683038 0.0292019 0.0556712 0.0160437
0 0.545482 0.539134 0.0298592 0.0464188 0.0159211
0 0.170917 0.642453 0.0579528 0.0660564 0.015854
0 0.595 0.563639 0.0346549 0.0599294 0.0157443
0 0.979059 -0.01174 0.0409798 0.044892 0.0156863
0 0.992119 0.470899 0.0165325 0.0902674 0.0156168
0 0.752343 0.764358 0.0560285 0.054557 0.0155834
0 0.991102 0.951581 0.0171228 0.0870075 0.0155692
0 0.112847 0.546592 0.0415358 0.0550181 0.0155567
0 0.677406 0.737448 0.0525267 0.073399 0.0155473
0 0.140255 0.59652 0.0583185 0.0745461 0.0155215
0 0.720761 0.580591 0.138688 0.162124 0.0154935
0 0.327059 0.675495 0.0569207 0.081012 0.0154744
0 0.0188898 0.572686 0.0360491 0.109378 0.0154589
0 0.989207 0.846463 0.0210848 0.155891 0.0154289
0 0.635803 0.143973 0.0871794 0.140182 0.015424
0 0.0432357 0.714868 0.0727625 0.132418 0.0153464
0 0.583877 0.135273 0.0948806 0.15581 0.015343
0 0.990194 0.887553 0.0195194 0.150903 0.0153374
0 0.0674915 0.823388 0.140163 0.301138 0.0153055
0 0.678084 0.88428 0.151328 0.231204 0.0153002
0 0.0509182 0.531919 0.041751 0.0645593 0.0152986
0 0.210793 0.595873 0.0439801 0.0541955 0.0152875
0 0.800865 0.585358 0.0607801 0.0824579 0.0151609
0 0.751101 0.811921 0.0341796 0.0512614 0.0150886
0 0.835133 0.894856 0.182542 0.242029 0.014995
0 0.321156 0.597228 0.10132 0.105048 0.0149923
0 0.301253 0.675459 0.0581209 0.0746272 0.0149331
0 0.655274 0.719977 0.0603919 0.105504 0.014922
0 0.721986 0.698824 0.12472 0.134156 0.0148821
0 0.978186 0.674031 0.0401503 0.0926134 0.0148622
0 0.688513 0.128666 0.065188 0.103375 0.0148548
0 0.729572 0.813361 0.047051 0.0745465 0.0148146
0 0.629811 0.612849 0.0468609 0.0662554 0.0147745
0 0.145776 0.661056 0.0795095 0.0955319 0.0146816
0 0.562547 0.127192 0.0756057 0.128918 0.0146613
0 0.738311 0.171843 0.0856828 0.124496 0.0146488
0 0.355759 0.677098 0.0631571 0.0793678 0.0145606
0 0.304874 0.591325 0.0457589 0.0592435 0.0145228
