0 0.476986 0.57548 0.0782253 0.106504 0.886068
0 0.326157 0.55627 0.0246002 0.0254484 0.306992
0 0.423371 0.538192 0.0265007 0.0231092 0.305711
0 0.120413 0.596431 0.0303023 0.0193915 0.301076
0 0.111193 0.598205 0.0467959 0.0251319 0.282414
0 0.558409 0.537215 0.00818281 0.0201575 0.28126
0 0.303382 0.557328 0.0276697 0.0303891 0.275777
0 0.173601 0.58393 0.0333402 0.0249775 0.275161
0 0.264949 0.568903 0.0360657 0.0276896 0.274291
0 0.346781 0.547316 0.0183095 0.0263916 0.268032
0 0.297601 0.559322 0.0282568 0.0314036 0.243445
0 0.20363 0.579507 0.0240002 0.0223008 0.239733
0 0.437727 0.538084 0.0245043 0.0215438 0.224554
0 0.158429 0.590289 0.0175744 0.0177536 0.220346
0 0.399441 0.542119 0.028158 0.0222224 0.217945
0 0.0106543 0.45805 0.0199381 0.021575 0.216788
0 0.143176 0.59295 0.0228045 0.0172139 0.210028
0 0.386862 0.542952 0.0389949 0.0255168 0.19767
0 0.5625 0.466823 0 0.0323866 0.193198
0 0.239131 0.56197 0.0827314 0.0503064 0.184886
0 0.266908 0.562641 0.0436256 0.0459028 0.184433
0 0.0970091 0.601461 0.0300325 0.0246034 0.182396
0 0.5625 0.512146 0 0.0387706 0.182134
0 0.365728 0.544569 0.0202872 0.0227944 0.178551
0 0.5625 0.463462 0 0.0265599 0.178148
0 0.149364 0.59022 0.029683 0.020143 0.177931
0 0.180201 0.582625 0.0211599 0.0214196 0.175561
0 0.432393 0.540073 0.0175648 0.0169178 0.172592
0 0.426156 0.540626 0.0175354 0.0165433 0.171031
0 0.252767 0.567882 0.0425712 0.0331383 0.16838
0 0.138682 0.594585 0.0158955 0.0135125 0.168241
0 0.425299 0.536892 0.0365296 0.0280279 0.167576
0 0.307232 0.559859 0.0187283 0.0216157 0.166581
0 0.361425 0.544937 0.0269422 0.0266834 0.159995
0 0.255127 0.57271 0.0156083 0.0182355 0.158897
0 0.347349 0.542431 0.0152709 0.0185827 0.157863
0 0.296921 0.560477 0.0206204 0.0252483 0.157585
0 0.218943 0.562371 0.0514317 0.0526304 0.157333
0 0.0873658 0.602006 0.0353055 0.0260685 0.156395
0 0.133266 0.59456 0.0189715 0.0145789 0.156202
0 0.205574 0.582434 0.01926 0.0172489 0.15598
0 0.553417 0.531572 0.0181653 0.0203072 0.155232
0 0.166549 0.585511 0.0262527 0.0218388 0.153558
0 0.259021 0.570727 0.0224357 0.020799 0.151991
0 0.15286 0.592587 0.0161971 0.0143172 0.151379
0 0.416523 0.54059 0.022825 0.0194914 0.148153
0 0.393765 0.542515 0.0242054 0.0204609 0.147864
0 0.0419851 0.600034 0.069856 0.0382822 0.14672
0 0.411953 0.542098 0.0212173 0.019149 0.145429
0 0.0155105 0.59911 0.0306519 0.0403801 0.145183
0 0.314128 0.557619 0.018907 0.02361 0.144607
0 0.218183 0.54182 0.0289557 0.0217709 0.144322
0 0.406426 0.545033 0.0167441 0.0166985 0.140485
0 0.127405 0.595318 0.0195567 0.0153489 0.136801
0 0.0930122 0.604084 0.0190423 0.018572 0.131198
0 0.327225 0.559731 0.0195025 0.0208476 0.129737
0 0.177046 0.5866 0.0235893 0.0210584 0.129042
0 0.185887 0.582553 0.0184448 0.0208788 0.128615
0 0.368644 0.544864 0.0138525 0.0183721 0.128322
0 0.327349 0.548374 0.03789 0.0348378 0.128225
0 0.577199 0.524303 0.0333255 0.0410801 0.127579
0 0.0957181 0.601109 0.0202984 0.0187505 0.126713
0 0.725868 0.462792 0.0245857 0.0201726 0.126517
0 0.303618 0.561636 0.0182146 0.0236332 0.126411
0 0.352888 0.547242 0.0270587 0.0263383 0.126152
0 0.112995 0.598498 0.0235495 0.0176231 0.12434
0 0.452027 0.5351 0.0245888 0.0238425 0.124032
0 0.0782588 0.601655 0.0449559 0.0297588 0.120583
0 0.353763 0.551821 0.0170344 0.021173 0.119731
0 0.344798 0.545659 0.0178551 0.0191108 0.11947
0 0.31942 0.564421 0.0157297 0.0178944 0.119456
0 0.444893 0.539549 0.0195258 0.0215837 0.118638
0 0.436686 0.541275 0.0180361 0.0196417 0.118474
0 0.677068 0.471841 0.0207191 0.0267407 0.117348
0 0.562641 0.514549 0.034611 0.054872 0.11635
0 0.0127625 0.461271 0.0173699 0.019935 0.116235
0 0.353308 0.556656 0.0153024 0.0189841 0.114759
0 0.68287 0.468913 0.0317838 0.0278171 0.114308
0 0.291055 0.564268 0.0197443 0.0246117 0.113674
0 0.336087 0.553769 0.0180299 0.0190642 0.111532
0 0.0113127 0.603833 0.0229111 0.0399583 0.110191
0 0.342833 0.556701 0.0168822 0.0201732 0.109775
0 0.277804 0.556805 0.0638314 0.0556362 0.107613
0 0.00530575 0.466284 0.0106191 0.0162214 0.106942
0 0.407763 0.531008 0.0495403 0.0448028 0.106749
0 0.40487 0.550297 0.0140651 0.0201986 0.105499
0 0.122053 0.589946 0.0438682 0.0336624 0.105037
0 0.102988 0.600529 0.0215201 0.017684 0.10454
0 0.0492628 0.589259 0.0915117 0.0627701 0.103212
0 0.364732 0.547431 0.0153654 0.0181185 0.102728
0 0.213309 0.580558 0.0220588 0.0194823 0.102641
0 0.440115 0.543837 0.0131544 0.0210336 0.102383
0 0.458104 0.534719 0.0248486 0.0283839 0.0996134
0 0.569144 0.527322 0.0156375 0.0197116 0.099513
0 0.440515 0.537176 0.0146297 0.0218659 0.0993152
0 0.00829247 0.458261 0.014073 0.0174802 0.0986293
0 0.136768 0.597695 0.0181197 0.0200826 0.0978913
0 0.461315 0.52936 0.0284344 0.0289624 0.0973875
0 0.665802 0.471715 0.0375599 0.0297006 0.0965942
0 0.203191 0.462791 0.0305202 0.0369687 0.0958898
0 0.871993 0.376284 0.0337639 0.0231766 0.0957361
0 0.279197 0.568737 0.0198895 0.0187807 0.0947447
0 0.195089 0.409288 0.0177384 0.0318544 0.0939645
0 0.559183 0.528939 0.0141088 0.0165435 0.0925963
0 0.318858 0.544443 0.0141465 0.0201702 0.0915702
0 0.567244 0.538084 0.0293218 0.03331 0.091148
0 0.113556 0.415734 0.157096 0.246371 0.0893027
0 0.114199 0.518827 0.0256552 0.0180419 0.0892752
0 0.191974 0.584643 0.0176206 0.0198698 0.0883506
0 0.222146 0.577047 0.0181657 0.0180065 0.0878715
0 0.579692 0.509684 0.0190094 0.0269883 0.0877914
0 0.560009 0.533144 0.0141354 0.0178545 0.0873676
0 0.0183228 0.454285 0.0332193 0.0293128 0.0867223
0 0.983578 0.338106 0.0309856 0.0297156 0.0855912
0 0.0874738 0.598254 0.0543845 0.0364297 0.0855031
0 0.400807 0.543771 0.0188959 0.0157071 0.0851224
0 0.2738 0.57587 0.0219403 0.0231878 0.0850257
0 0.229219 0.574255 0.0212856 0.0199658 0.0847315
0 0.380465 0.528424 0.0436914 0.0518076 0.0841179
0 0.206549 0.452182 0.0361645 0.0381738 0.0833095
0 0.00804309 0.594202 0.0155997 0.0408154 0.0831437
0 0.148537 0.512034 0.0269882 0.0192935 0.0827149
0 0.35806 0.549303 0.0211575 0.0205705 0.0817806
0 0.0280223 0.594328 0.0532075 0.050944 0.0817447
0 0.57867 0.521142 0.022379 0.0262806 0.0813821
0 0.214039 0.575335 0.0209825 0.021768 0.0812793
0 0.0197903 0.605932 0.0190443 0.0233782 0.0812744
0 0.545389 0.523778 0.0160657 0.0246048 0.0809334
0 0.00851395 0.602492 0.0169312 0.029848 0.0804583
0 0.365513 0.534065 0.025368 0.0406656 0.0804185
0 0.716484 0.464607 0.0291969 0.0212302 0.0792772
0 0.409137 0.455536 0.0122379 0.0144844 0.0783711
0 0.466109 0.519648 0.0418266 0.0339108 0.0782657
0 0.572443 0.528632 0.0148561 0.0202109 0.0779932
0 0.283954 0.540994 0.0609531 0.0773985 0.0770244
0 0.222197 0.572094 0.0194696 0.017855 0.0768974
0 0.0200947 0.461944 0.0344196 0.0393012 0.0764036
0 0.677343 0.475939 0.0162734 0.020246 0.0763304
0 0.222663 0.480559 0.0227017 0.0209756 0.0754933
0 0.180753 0.588072 0.016633 0.0172364 0.0749971
0 0.00850407 0.462994 0.0166793 0.0207411 0.0744923
0 0.203949 0.409963 0.0303718 0.0289631 0.0739807
0 0.599392 0.503424 0.0505079 0.0464546 0.0737287
0 0.554033 0.529226 0.0255132 0.0285054 0.073685
0 0.700843 0.467948 0.0374772 0.0267529 0.0723963
0 0.259719 0.539087 0.0610597 0.0820653 0.0716381
0 0.54972 0.524775 0.0190621 0.0211867 0.07094
0 0.993251 0.332922 0.0151848 0.0319644 0.0708821
0 0.112782 0.524625 0.0507158 0.0356311 0.0706966
0 0.22445 0.572902 0.0277773 0.0247265 0.0706801
0 0.20605 0.477059 0.0260077 0.022954 0.0701436
0 0.552421 0.534021 0.0158516 0.0201582 0.0701228
0 0.57999 0.520094 0.0469227 0.0574204 0.069749
0 0.754381 0.459932 0.0573266 0.0395213 0.0695469
0 0.394212 0.546998 0.0189997 0.0182313 0.069364
0 0.405304 0.530058 0.0192532 0.0210238 0.0691105
0 0.57065 0.528733 0.0248694 0.0321658 0.0688438
0 0.215852 0.413856 0.0259037 0.0238046 0.0687433
0 0.548684 0.535043 0.0148677 0.0211013 0.0686391
0 0.00851881 0.430711 0.0163889 0.0312096 0.068502
0 0.294982 0.565299 0.0166533 0.0194021 0.0683175
0 0.139742 0.514483 0.0384445 0.0221257 0.0676759
0 0.220165 0.491031 0.0250258 0.0200809 0.0669235
0 0.135366 0.587869 0.0239187 0.0206128 0.0667308
0 0.720624 0.46127 0.0263782 0.0203509 0.0664025
0 0.819664 0.381297 0.0493389 0.0225406 0.0663947
0 0.283998 0.57084 0.0274315 0.0261119 0.0660833
0 0.900688 0.351067 0.0228144 0.0234124 0.0658229
0 0.568161 0.531858 0.0190384 0.022764 0.0657822
0 0.900121 0.351225 0.0166086 0.0187458 0.0655619
0 0.575621 0.495664 0.0125896 0.0165351 0.0653287
0 0.199812 0.585495 0.0184265 0.019321 0.0650583
0 0.212559 0.500773 0.0335234 0.0256165 0.0647838
0 0.22162 0.472793 0.021583 0.0240768 0.0638669
0 0.575287 0.520981 0.0158267 0.0191138 0.0634712
0 0.210245 0.534375 0.0229828 0.0218191 0.0628443
0 0.655229 0.470103 0.0565644 0.0365195 0.0623577
0 0.128306 0.515584 0.046713 0.0233699 0.0623209
0 0.0303446 0.605422 0.0459748 0.0325753 0.0620609
0 0.70424 0.456266 0.076838 0.057298 0.0620299
0 0.217429 0.452826 0.0260897 0.0295184 0.0617745
0 0.69094 0.469209 0.0317925 0.022879 0.0613791
0 0.331054 0.546411 0.0174679 0.0192502 0.0613616
0 0.578237 0.525972 0.018816 0.0222894 0.0612905
0 0.19794 0.463221 0.0183999 0.0231851 0.0600073
0 0.594789 0.514635 0.0475864 0.0495717 0.0600035
0 0.543158 0.51461 0.0231649 0.0302134 0.0596569
0 0.651704 0.480762 0.0673319 0.0381476 0.059321
0 0.989226 0.530121 0.0210999 0.0567896 0.0592221
0 0.976187 0.340479 0.0355394 0.0344081 0.058702
0 0.0146317 0.589844 0.0306025 0.0650527 0.0582458
0 0.165035 0.511743 0.0475348 0.0326797 0.0579371
0 0.834862 0.430723 0.0269514 0.021733 0.0575941
0 0.577225 0.497458 0.0179337 0.0176053 0.0571238
0 0.994535 0.329839 0.0104588 0.0303893 0.0568725
0 0.210527 0.545352 0.026822 0.0355875 0.0564975
0 0.178693 0.511447 0.043363 0.0335793 0.0564726
0 0.0688033 0.593406 0.0462095 0.0356297 0.0562901
0 0.196599 0.439366 0.0177013 0.0267037 0.0561952
0 0.19846 0.414804 0.0259445 0.0399411 0.0561606
0 0.497956 0.56591 0.0373903 0.0829834 0.0554267
0 0.856946 0.416524 0.0642162 0.0484706 0.0549665
0 0.0173413 0.478148 0.0448969 0.0734686 0.0544914
0 0.955085 0.459051 0.0874018 0.238293 0.0544867
0 0.108103 0.523173 0.0396978 0.0265818 0.0544321
0 0.680462 0.469516 0.0201341 0.0196846 0.0542804
0 0.197783 0.493252 0.0159912 0.0157434 0.053992
0 0.897585 0.354674 0.0222179 0.0241169 0.0537718
0 0.0756053 0.601912 0.0302328 0.0218502 0.053669
0 0.0177503 0.491206 0.0262348 0.0343563 0.0533898
0 0.218316 0.530459 0.0289172 0.0304491 0.0533641
0 0.126098 0.537128 0.0733095 0.0473726 0.0530652
0 0.670675 0.467568 0.0276452 0.0333706 0.0528044
0 0.117619 0.515447 0.0189452 0.016085 0.0518763
0 0.986437 0.543694 0.0285223 0.0937471 0.0517622
0 0.496555 0.532068 0.0263017 0.03109 0.0516795
0 0.561627 0.543303 0.0143454 0.023699 0.0513794
0 0.661644 0.458876 0.0352263 0.0432748 0.0503218
0 0.832395 0.373062 0.11492 0.0658083 0.0491987
0 0.535092 0.537618 0.0151549 0.0205077 0.0486653
0 0.195184 0.402341 0.0164239 0.0236701 0.0483668
0 0.211353 0.405551 0.0264932 0.029905 0.0480919
0 0.442236 0.551045 0.0133142 0.0320167 0.0480128
0 0.85967 0.372774 0.0472876 0.0262902 0.0475773
0 0.703921 0.470165 0.0228957 0.0206689 0.0469915
0 0.0727808 0.60814 0.138626 0.120601 0.0467156
0 0.98081 0.552132 0.0398376 0.119624 0.0464348
0 0.0806831 0.542793 0.174725 0.187152 0.0456794
0 0.309042 0.501575 0.0176417 0.0152216 0.0454839
0 0.515715 0.513448 0.0404469 0.0455398 0.0453954
0 0.0889524 0.596729 0.02203 0.0214982 0.0453852
0 0.721044 0.399697 0.0518567 0.0346625 0.0448833
0 0.657882 0.406336 0.0282232 0.0229697 0.0447766
0 0.520005 0.525796 0.0372088 0.0446643 0.0444967
0 0.223293 0.468554 0.0166096 0.0205096 0.0444919
0 0.962542 0.518144 0.0763433 0.156067 0.0444323
0 0.641683 0.475954 0.0859502 0.0740064 0.0443486
0 0.482047 0.527804 0.0382991 0.0301488 0.0441691
0 0.258854 0.582945 0.0185444 0.0200601 0.0441214
0 0.0121125 0.433814 0.0271245 0.058634 0.0438946
0 0.499568 0.523831 0.0221145 0.0287995 0.0438462
0 0.978196 0.41959 0.0455704 0.137657 0.0433205
0 0.0643612 0.602795 0.0200309 0.0204364 0.0432463
0 0.0957678 0.618718 0.029366 0.032692 0.043182
0 0.416734 0.543586 0.0173586 0.0169509 0.0431157
0 0.0246598 0.551053 0.0517234 0.145289 0.0428352
0 0.708353 0.402985 0.0445765 0.0263123 0.0428177
0 0.416606 0.456031 0.0277593 0.0215564 0.0422009
0 0.504351 0.565295 0.0281016 0.0648151 0.0421983
0 0.873438 0.374467 0.0248085 0.0186363 0.042163
0 0.99079 0.329565 0.0172995 0.0248232 0.0419602
0 0.592023 0.504612 0.0333386 0.0388178 0.0419134
0 0.655835 0.459152 0.0526512 0.0554357 0.0414959
0 0.0247147 0.444063 0.0270436 0.0417984 0.0413619
0 0.676944 0.483871 0.017839 0.0220495 0.0404907
0 0.446674 0.527988 0.0186224 0.0238347 0.0403407
0 0.6735 0.45634 0.0618394 0.0614325 0.039349
0 0.0265745 0.503988 0.0545683 0.0909315 0.0389617
0 0.0390045 0.566638 0.0797096 0.115423 0.0389098
0 0.548416 0.505645 0.0224415 0.0276422 0.0389037
0 0.125431 0.516709 0.0283155 0.0177664 0.0387509
0 0.975186 0.488112 0.0490494 0.177967 0.0386019
0 0.856998 0.409386 0.0850666 0.0748449 0.0382859
0 0.729796 0.464552 0.0205953 0.0178317 0.038228
0 0.667277 0.44989 0.0240964 0.0185127 0.0381368
0 0.0424831 0.533394 0.0773907 0.16278 0.0381103
0 0.548938 0.546426 0.025095 0.0337112 0.0380064
0 0.831767 0.438335 0.0249813 0.0201703 0.0379204
0 0.97628 0.448466 0.0494417 0.121606 0.0376142
0 0.296953 0.515347 0.0311712 0.0250988 0.0375124
0 0.481165 0.534411 0.0518537 0.0488692 0.0369775
0 0.591705 0.521288 0.0267576 0.0312374 0.0369007
0 0.986946 0.515756 0.0274151 0.0902637 0.0368728
0 0.27049 0.518163 0.109197 0.123938 0.0368613
0 0.168912 0.434109 0.242813 0.318294 0.0368564
0 0.765187 0.458413 0.0401651 0.0229463 0.0368075
0 0.586942 0.533556 0.0234502 0.0298538 0.0367267
0 0.308624 0.564483 0.015101 0.0177538 0.0366563
0 0.0173636 0.609053 0.0438664 0.102235 0.0364913
0 0.425215 0.447577 0.0393214 0.0301177 0.0364724
0 0.611946 0.48165 0.0285828 0.0299774 0.0363809
0 0.879066 0.372308 0.0360727 0.0277865 0.0362112
0 0.537366 0.523414 0.0343944 0.0393162 0.0361018
0 0.318124 0.433168 0.0195016 0.0282635 0.0357781
0 0.968824 0.403099 0.0617599 0.138587 0.0354305
0 0.86702 0.39746 0.0543604 0.0456626 0.0352422
0 0.622422 0.416486 0.0287638 0.0235465 0.0351939
0 0.574504 0.487157 0.0190332 0.023828 0.034882
0 0.877467 0.376639 0.0238419 0.0181924 0.0346649
0 0.312727 0.466371 0.0161383 0.0197339 0.0343507
0 0.0587742 0.445385 0.0863427 0.0940648 0.034272
0 0.83008 0.429527 0.0174206 0.0164143 0.0341839
0 0.978352 0.529448 0.0429087 0.085612 0.0341522
0 0.656213 0.425329 0.0369543 0.0370765 0.0339438
0 0.641653 0.41295 0.0461396 0.0320776 0.0339105
0 0.898139 0.355788 0.0152822 0.0171099 0.03372
0 0.408673 0.456499 0.0216531 0.0202209 0.0337057
0 0.734377 0.448546 0.0369885 0.0307237 0.0337048
0 0.532156 0.543186 0.0251613 0.0347939 0.0335362
0 0.160815 0.500346 0.0406692 0.0296254 0.033341
