0 0.33233 0.636188 0.149326 0.225909 0.933327
0 0.48141 0.663359 0.162179 0.310955 0.883837
0 0.5625 0.733547 0 0.396017 0.868409
0 0.5625 0.578704 0 0.162426 0.851133
0 0.0261132 0.623141 0.0391853 0.0557931 0.383087
0 0.0536509 0.613662 0.089304 0.0751734 0.332965
0 0.5625 0.619485 0 0.0453435 0.244189
0 0.5625 0.602881 0 0.081847 0.197421
0 0.0695268 0.605485 0.0596074 0.0682127 0.191189
0 0.408725 0.579424 0.0135474 0.0378866 0.180676
0 0.5625 0.607097 0 0.0469701 0.168869
0 0.0747391 0.581267 0.0393641 0.0355894 0.166068
0 0.185242 0.623436 0.0415564 0.0436234 0.162865
0 0.5625 0.618359 0 0.0600721 0.137363
0 0.5625 0.603465 0 0.0485156 0.127539
0 0.179757 0.61898 0.0560992 0.0614836 0.124616
0 0.5625 0.544409 0 0.0434762 0.123201
0 0.5625 0.547277 0 0.0430157 0.123021
0 0.5625 0.540373 0 0.0318805 0.121756
0 0.0279547 0.611677 0.0452202 0.0859523 0.119265
0 0.0782841 0.575163 0.029231 0.023045 0.117872
0 0.0590259 0.633837 0.0923559 0.108492 0.115813
0 0.0790231 0.617697 0.0649732 0.0704379 0.114851
0 0.5625 0.587869 0 0.0497026 0.112178
0 0.5625 0.597743 0 0.0679047 0.111899
0 0.411517 0.568768 0.0176887 0.0539559 0.109027
0 0.0226201 0.591863 0.0425434 0.142432 0.101812
0 0.175531 0.588443 0.06975 0.113902 0.0981148
0 0.5625 0.621388 0 0.0326428 0.0970112
0 0.401624 0.577094 0.0237057 0.0521209 0.0969826
0 0.179357 0.640542 0.0585012 0.0824558 0.0934521
0 0.146455 0.585497 0.132079 0.124775 0.0929772
0 0.00688576 0.633857 0.0137715 0.0824721 0.0912084
0 0.411444 0.571608 0.014297 0.0387216 0.0903617
0 0.25999 0.600396 0.0164381 0.0486062 0.0875134
0 0.0843161 0.627778 0.158703 0.109766 0.0870585
0 0.105575 0.612721 0.115981 0.0922989 0.0863231
0 0.5625 0.577907 0 0.036914 0.0856561
0 0.5625 0.628377 0 0.0358543 0.0839626
0 0.5625 0.611329 0 0.0784574 0.0833754
0 0.5625 0.543997 0 0.0328178 0.0809136
0 0.101677 0.616021 0.0824253 0.0728438 0.0808996
0 0.5625 0.572593 0 0.0538314 0.0797837
0 0.5625 0.586761 0 0.0440848 0.0797043
0 0.5625 0.534815 0 0.0715673 0.0771297
0 0.0826421 0.632896 0.0818825 0.110752 0.0763497
0 0.0448019 0.587096 0.0814258 0.138147 0.0760566
0 0.0256034 0.62416 0.0268384 0.041337 0.0751951
0 0.5625 0.55833 0 0.0659846 0.0750961
0 0.5625 0.581456 0 0.038978 0.0734277
0 0.489593 0.513549 0.0522175 0.0173932 0.0732537
0 0.639952 0.601358 0.0150794 0.0532206 0.0723954
0 0.648782 0.606087 0.0204496 0.0395478 0.0721865
0 0.169855 0.62094 0.0444584 0.0510578 0.0720095
0 0.211904 0.627376 0.0771432 0.0550305 0.0711794
0 0.816122 0.595164 0.083378 0.0957632 0.0704914
0 0.982316 0.654506 0.0352327 0.244425 0.0698245
0 0.0291772 0.58028 0.0614125 0.166763 0.068897
0 0.392114 0.575621 0.0312114 0.0680538 0.0670836
0 0.982722 0.59403 0.0347004 0.125923 0.0666561
0 0.639943 0.606216 0.0107315 0.0345004 0.0666424
0 0.404976 0.597036 0.0154929 0.0543679 0.0659443
0 0.151616 0.618863 0.0493464 0.0586684 0.0658145
0 0.118594 0.636046 0.164893 0.129503 0.0655748
0 0.667666 0.597125 0.0192186 0.0360736 0.0653011
0 0.207623 0.580514 0.102589 0.113291 0.0647461
0 0.260479 0.586923 0.0237616 0.0728553 0.0645192
0 0.663741 0.593487 0.0170702 0.0344292 0.064185
0 0.564818 0.534446 0.0146408 0.0250258 0.0621139
0 0.0678325 0.655297 0.124125 0.171849 0.0620791
0 0.565557 0.537652 0.0112858 0.0195038 0.061546
0 0.607278 0.611909 0.0624403 0.101586 0.0611884
0 0.12353 0.623618 0.0857032 0.0852597 0.0610226
0 0.14595 0.625416 0.0714456 0.076322 0.0608719
0 0.401923 0.578384 0.0178568 0.0347391 0.0607398
0 0.740074 0.601952 0.0190448 0.0355225 0.0606343
0 0.064278 0.589094 0.0679689 0.0679916 0.0600766
0 0.682737 0.595784 0.0308258 0.0512307 0.0600442
0 0.761558 0.605207 0.0549191 0.0543396 0.0600354
0 0.566922 0.545379 0.0130494 0.0253277 0.0600029
0 0.987187 0.717653 0.0265293 0.322655 0.0596491
0 0.387775 0.610181 0.0454073 0.166657 0.0591981
0 0.415428 0.556999 0.0182381 0.0525953 0.0591342
0 0.569567 0.547794 0.012663 0.0240898 0.058519
0 0.22004 0.617701 0.0762729 0.0434725 0.0580885
0 0.984803 0.576557 0.0316534 0.0730611 0.0565358
0 0.0375621 0.624434 0.0277055 0.0481074 0.0562068
0 0.847654 0.586359 0.129944 0.105381 0.0552161
0 0.0352236 0.53722 0.072142 0.251319 0.05483
0 0.399 0.594289 0.0242971 0.081867 0.0546214
0 0.676003 0.603943 0.0377915 0.0504453 0.0542582
0 0.954254 0.588228 0.0848059 0.13597 0.0538175
0 0.639478 0.617029 0.0114963 0.0321492 0.053622
0 0.065841 0.578255 0.0404355 0.0429698 0.0532255
0 0.651252 0.586223 0.0159307 0.0282298 0.0528858
0 0.666285 0.603281 0.0244967 0.036335 0.050395
0 0.794338 0.6269 0.0612168 0.106674 0.0502245
0 0.800155 0.586686 0.0305424 0.039356 0.0501408
0 0.676232 0.593075 0.0192368 0.0391779 0.0500514
0 0.0233324 0.552792 0.043521 0.162207 0.0499399
0 0.107602 0.633524 0.0995275 0.110953 0.0492238
0 0.744926 0.607441 0.0254953 0.0364626 0.0487717
0 0.497639 0.517909 0.0453077 0.0256173 0.048048
0 0.404952 0.568802 0.0163095 0.029505 0.0475314
0 0.252009 0.601397 0.0260568 0.0503673 0.047235
0 0.397043 0.564718 0.0297023 0.0646544 0.04678
0 0.215864 0.484696 0.0226898 0.0320045 0.0466178
0 0.399214 0.619212 0.0190655 0.0673878 0.0453371
0 0.260088 0.634232 0.0208719 0.0667565 0.0449435
0 0.650884 0.600949 0.0177562 0.0291629 0.0445195
0 0.577157 0.536166 0.0306005 0.0463184 0.0441958
0 0.253993 0.585479 0.0273464 0.0686368 0.0441218
0 0.589284 0.520184 0.0462066 0.0420732 0.0441075
0 0.496567 0.751264 0.175786 0.131711 0.0437697
0 0.949423 0.557138 0.0993063 0.0738332 0.0433792
0 0.0424239 0.671441 0.0827804 0.220717 0.0428594
0 0.959388 0.717776 0.0815935 0.334115 0.0428514
0 0.848098 0.556248 0.0491327 0.0418932 0.042365
0 0.661812 0.605948 0.0450512 0.0644168 0.0420605
0 0.448016 0.567821 0.0773484 0.105134 0.0419367
0 0.384006 0.580752 0.0433082 0.081113 0.0419164
0 0.966138 0.6245 0.0658165 0.165032 0.0415568
0 0.978396 0.560194 0.0417871 0.0565543 0.0415459
0 0.413908 0.564499 0.0155036 0.0299936 0.0414777
0 0.990353 0.746175 0.0184219 0.168193 0.0414774
0 0.252342 0.578511 0.0385665 0.0911383 0.0414726
0 0.14769 0.602369 0.0726143 0.0872974 0.0413261
0 0.52158 0.553913 0.125226 0.0907743 0.0412947
0 0.114666 0.587344 0.100629 0.116098 0.0410979
0 0.642095 0.613888 0.0139042 0.0327319 0.0404313
0 0.562963 0.530708 0.0165929 0.0206534 0.0402568
0 0.986651 0.54181 0.0288889 0.0891536 0.0402086
0 0.477307 0.512826 0.0676877 0.0326483 0.0401393
0 0.217637 0.641798 0.0837085 0.0815934 0.0400921
0 0.559073 0.531643 0.0198009 0.0265092 0.0400864
0 0.363767 0.57996 0.0810277 0.0971277 0.0398817
0 0.0473772 0.648169 0.0669071 0.111329 0.0393718
0 0.449938 0.325608 0.0141778 0.0317468 0.0391573
0 0.262675 0.606448 0.0126542 0.04931 0.0386554
0 0.876462 0.557955 0.0912222 0.0590887 0.0385821
0 0.226127 0.58277 0.0580608 0.092164 0.0383915
0 0.645005 0.592053 0.0157903 0.0352553 0.0381956
0 0.473832 0.525937 0.086824 0.041318 0.0381648
0 0.908584 0.535746 0.104024 0.0485282 0.037891
0 0.884501 0.587122 0.159407 0.124141 0.0375368
0 0.0224676 0.649968 0.0433958 0.0999267 0.0373346
0 0.423987 0.56205 0.0403973 0.0731448 0.0371954
0 0.467464 0.544305 0.113898 0.0826064 0.0370721
0 0.0670176 0.459893 0.030819 0.0492948 0.0368032
0 0.490472 0.507781 0.0418427 0.0213285 0.0368015
0 0.840132 0.571265 0.0582108 0.056507 0.0366051
0 0.346698 0.561236 0.130399 0.0698086 0.0364105
0 0.973924 0.688578 0.0528427 0.269923 0.0363549
0 0.546165 0.533342 0.0549946 0.0505621 0.035816
0 0.261542 0.622197 0.0151142 0.058523 0.0356215
0 0.550357 0.531699 0.0378566 0.0340541 0.0356204
0 0.286231 0.583474 0.0607316 0.110956 0.0353029
0 0.651066 0.618283 0.0250701 0.0379417 0.0349494
0 0.851577 0.548498 0.0471478 0.0364813 0.0349056
0 0.889631 0.631673 0.213256 0.211989 0.0347718
0 0.59741 0.560493 0.0592187 0.111868 0.0345433
0 0.542275 0.760963 0.0910728 0.11169 0.0342599
0 0.381918 0.641209 0.046867 0.131984 0.0342444
0 0.956697 0.544547 0.0827311 0.0604106 0.0342008
0 0.669849 0.606967 0.0194791 0.0336455 0.0340744
0 0.471777 0.477769 0.0389479 0.0523133 0.0339807
0 0.712885 0.516009 0.0274497 0.0379343 0.0339784
0 0.079592 0.566196 0.0293573 0.0369208 0.0339207
0 0.487376 0.497293 0.0516037 0.0345492 0.0338104
0 0.544965 0.517981 0.0409829 0.0283777 0.0336887
0 0.911396 0.415799 0.0251951 0.0425062 0.0334844
0 0.475763 0.478785 0.0508376 0.083282 0.0332945
0 0.797236 0.67106 0.0750929 0.204083 0.0332015
0 0.366807 0.608008 0.0799645 0.172669 0.0327016
0 0.989483 0.796305 0.0239698 0.226588 0.0322983
0 0.0625682 0.450877 0.0387959 0.0466475 0.0322482
0 0.583934 0.569325 0.0236712 0.0489532 0.0319779
0 0.486827 0.541814 0.0642466 0.060488 0.0318872
0 0.804731 0.579536 0.0250958 0.0298375 0.0317747
0 0.484179 0.574205 0.137741 0.128891 0.0316265
0 0.933994 0.695999 0.131091 0.306166 0.031569
0 0.770919 0.625097 0.0169728 0.0277266 0.0309641
0 0.25694 0.633339 0.0174827 0.0433045 0.0309002
0 0.40995 0.561906 0.0147429 0.0338969 0.0307993
0 0.77189 0.588372 0.0724191 0.0965116 0.0304161
0 0.320502 0.555221 0.107861 0.0629927 0.0302801
0 0.0971102 0.649199 0.0789941 0.102618 0.0302752
0 0.587499 0.509499 0.0271523 0.0304708 0.0302668
0 0.515705 0.530189 0.100502 0.0446185 0.0302369
0 0.571269 0.52428 0.0201736 0.0231845 0.0300955
0 0.90539 0.571461 0.154073 0.0918893 0.0300627
0 0.260184 0.574932 0.0331792 0.0857416 0.0300111
0 0.86091 0.559379 0.0684217 0.0521562 0.0299201
0 0.0922051 0.577722 0.055689 0.0561896 0.0298942
0 0.550017 0.57841 0.0711562 0.12494 0.0298565
0 0.608216 0.642556 0.056322 0.0730996 0.0298289
0 0.508194 0.559471 0.0611081 0.0786334 0.0298205
0 0.746768 0.61643 0.0294662 0.0474085 0.029331
0 0.483595 0.758539 0.124536 0.106006 0.0292753
0 0.440731 0.663528 0.0773571 0.232436 0.0289239
0 0.645203 0.560745 0.0170634 0.0415636 0.0287903
0 0.666395 0.578699 0.0186635 0.0337068 0.0287345
0 0.925186 0.56636 0.0847494 0.0782872 0.0286788
0 0.135242 0.683187 0.137541 0.240416 0.0285281
0 0.544902 0.559455 0.0661193 0.0854387 0.0285094
0 0.208165 0.479208 0.0254325 0.0367194 0.0283709
0 0.0318469 0.458687 0.0611571 0.0772584 0.0283438
0 0.263025 0.618456 0.0118014 0.040526 0.0283102
0 0.718011 0.606733 0.0453294 0.0594738 0.0282962
0 0.507899 0.507055 0.0242705 0.0194914 0.0282457
0 0.179495 0.650233 0.0423242 0.0801751 0.0282188
0 0.76684 0.644539 0.0243556 0.0428795 0.0280607
0 0.741499 0.613727 0.0217898 0.0375385 0.0280119
0 0.453649 0.474016 0.0249608 0.0513362 0.0279248
0 0.463566 0.506353 0.0383532 0.056338 0.0275392
0 0.450664 0.74797 0.101328 0.143618 0.0274246
0 0.393554 0.62489 0.0344964 0.132635 0.027281
0 0.0260743 0.655493 0.0426641 0.184949 0.02713
0 0.753232 0.581289 0.0811095 0.10155 0.0271166
0 0.46589 0.539986 0.0848505 0.0645139 0.0268342
0 0.585372 0.589303 0.0248136 0.0487744 0.0268219
0 0.405278 0.610922 0.0204904 0.0721972 0.0268003
0 0.0890203 0.594137 0.0419936 0.0529594 0.026749
0 0.56608 0.524443 0.0240197 0.0325772 0.0266559
0 0.990015 0.906374 0.0232016 0.160946 0.0265121
0 0.53035 0.578657 0.097612 0.131994 0.026482
0 0.639016 0.648518 0.0191525 0.0383213 0.0263132
0 0.727644 0.576591 0.0589627 0.0940533 0.0261544
0 0.711815 0.525394 0.0263271 0.035458 0.026031
0 0.427969 0.531552 0.0231882 0.0301162 0.0259925
0 0.554051 0.551694 0.0467235 0.0633703 0.0256756
0 0.950403 0.846435 0.095578 0.162045 0.0255818
0 0.929004 0.536168 0.0487532 0.0292536 0.0255312
0 0.526323 0.738955 0.122563 0.153989 0.025313
0 0.706649 0.576829 0.0219508 0.0478533 0.0251377
0 0.948904 0.575633 0.112092 0.0978675 0.0251108
0 0.381763 0.543155 0.054216 0.0732558 0.0250827
0 0.163879 0.659088 0.0842031 0.139225 0.024775
0 0.196738 0.651089 0.0331498 0.0613397 0.024737
0 0.419928 0.549187 0.0151641 0.0306762 0.0245119
0 0.982186 0.526724 0.0396772 0.0849618 0.0244745
0 0.850102 0.546898 0.032452 0.0238104 0.0242303
0 0.716916 0.571881 0.0451396 0.0803196 0.0239735
0 0.699725 0.516905 0.0363527 0.0484059 0.0238759
0 0.246504 0.263554 0.0468478 0.0464647 0.0238551
0 0.43571 0.601879 0.061769 0.13749 0.0238043
0 0.574038 0.569331 0.0177053 0.0380544 0.0236639
0 0.449384 0.317243 0.0163438 0.037512 0.023627
0 0.635001 0.559007 0.0287217 0.0831332 0.0235359
0 0.704241 0.597345 0.0360757 0.0473811 0.0234077
0 0.0629712 0.783758 0.123549 0.311096 0.0233816
0 0.367306 0.548268 0.0907922 0.0809488 0.023375
0 0.384118 0.40848 0.0263791 0.0402551 0.0232772
0 0.490924 0.502012 0.0350986 0.0291295 0.0232074
0 0.029395 0.48228 0.0522922 0.115405 0.023142
0 0.798459 0.691327 0.0759394 0.101496 0.0229361
0 0.639251 0.541571 0.0195982 0.0402459 0.0227698
0 0.728881 0.600039 0.0366426 0.0470272 0.0226624
0 0.343039 0.527794 0.0617628 0.0269761 0.0226009
0 0.357299 0.536513 0.0687272 0.0447476 0.0225475
0 0.986665 0.851522 0.0274334 0.18543 0.0224989
0 0.641655 0.530524 0.0125451 0.0246045 0.0222172
0 0.269023 0.172149 0.0220613 0.031422 0.0221039
0 0.0697395 0.467816 0.0254327 0.0435451 0.0219967
0 0.385645 0.75993 0.0373813 0.0532006 0.0219136
0 0.693601 0.541769 0.0252901 0.0356811 0.0217965
0 0.175203 0.524808 0.0530146 0.0530998 0.0217633
0 0.361381 0.643714 0.0498935 0.101157 0.0217545
0 0.79987 0.577036 0.0351411 0.0483547 0.0217359
0 0.650123 0.630096 0.0222294 0.0398452 0.0215144
0 0.43207 0.540262 0.0360495 0.0455624 0.0213913
0 0.656588 0.780648 0.0262174 0.0285487 0.0212909
0 0.645438 0.523627 0.0159073 0.0266527 0.0212696
0 0.262056 0.645906 0.0166635 0.0661863 0.0212512
0 0.166061 0.687578 0.127022 0.226417 0.02118
0 0.540065 0.607195 0.0784972 0.150585 0.0211526
0 0.04547 0.45485 0.0673781 0.0750945 0.0211243
0 0.194343 0.44384 0.0224008 0.0264978 0.021035
0 0.211989 0.504453 0.0297069 0.037468 0.0209214
0 0.629586 0.512298 0.0223284 0.0334301 0.0207949
0 0.486278 0.483418 0.0950544 0.128148 0.0207437
0 0.696231 0.600653 0.0422993 0.0549418 0.0207263
0 0.778283 0.650556 0.0268097 0.048733 0.0206586
0 0.0194866 0.684376 0.0424269 0.174995 0.0206136
0 0.968863 0.530083 0.0655287 0.0818646 0.0206082
0 0.386484 0.648746 0.0342331 0.105922 0.0205485
0 0.00955755 0.639258 0.0159882 0.0694434 0.0204923
0 0.204758 0.46554 0.0320595 0.0426361 0.0204205
0 0.711285 0.58775 0.0496738 0.0777857 0.0204181
0 0.958286 0.708269 0.0706488 0.176003 0.0203344
0 0.750361 0.59583 0.0587824 0.0785187 0.0202546
0 0.0463013 0.47138 0.0782359 0.132979 0.0201216
0 0.450585 0.348237 0.017953 0.0410049 0.020011
0 0.436373 0.520144 0.0247862 0.0334173 0.0199785
0 0.933514 0.332561 0.0928764 0.228101 0.0199248
0 0.72797 0.567841 0.104584 0.135069 0.0199125
0 0.00858274 0.68401 0.0170796 0.12587 0.0199075
0 0.267138 0.351751 0.0222667 0.0269025 0.0198997
0 0.908541 0.410213 0.0167351 0.0343959 0.019866
0 0.749082 0.63239 0.047553 0.0663975 0.0198603
