0 0.328878 0.493232 0.0581257 0.056855 0.436501
0 0.532189 0.460463 0.0394266 0.0419758 0.360452
0 0.391312 0.478577 0.0615544 0.0611026 0.359666
0 0.5625 0.417204 0 0.067254 0.302538
0 0.423614 0.475799 0.0405165 0.049236 0.298951
0 0.494402 0.463838 0.0299651 0.0451192 0.284448
0 0.560571 0.451177 0.00385704 0.0394026 0.273789
0 0.438294 0.476922 0.0462627 0.0469188 0.2333
0 0.401523 0.475825 0.0440842 0.0502007 0.228024
0 0.475703 0.466233 0.0477516 0.0499279 0.217634
0 0.357228 0.48668 0.0284838 0.0495116 0.209275
0 0.525914 0.456954 0.0515336 0.054606 0.205604
0 0.371849 0.483656 0.0433466 0.0544454 0.2002
0 0.545022 0.458484 0.0277066 0.0376245 0.191058
0 0.345318 0.491035 0.0451915 0.0523918 0.190993
0 0.5625 0.437297 0 0.0293123 0.184971
0 0.435523 0.469241 0.0622418 0.0665117 0.183809
0 0.450062 0.46196 0.0798126 0.0745572 0.179647
0 0.555406 0.456384 0.0141876 0.0511145 0.175258
0 0.5625 0.430669 0 0.0432622 0.174481
0 0.509652 0.457201 0.056449 0.0612691 0.172271
0 0.400996 0.480079 0.0887382 0.0713707 0.159952
0 0.298505 0.500819 0.0529301 0.0594693 0.156576
0 0.323804 0.500649 0.0805778 0.0786454 0.156404
0 0.28116 0.499333 0.0395217 0.0484624 0.155754
0 0.54068 0.461165 0.0219801 0.0311362 0.151214
0 0.293911 0.496137 0.0352419 0.0463407 0.147357
0 0.29231 0.510773 0.053508 0.0658635 0.143143
0 0.5625 0.438448 0 0.0211366 0.14217
0 0.5625 0.418681 0 0.0774621 0.141435
0 0.544674 0.460369 0.0177707 0.0273513 0.140996
0 0.5625 0.435025 0 0.043714 0.139947
0 0.5625 0.427375 0 0.0602448 0.137967
0 0.558581 0.444616 0.00783882 0.0577537 0.136739
0 0.537729 0.454646 0.0296692 0.0464264 0.13526
0 0.5625 0.449685 0 0.0430127 0.13457
0 0.525051 0.460957 0.02356 0.0348752 0.130889
0 0.5625 0.44401 0 0.0409743 0.129954
0 0.5625 0.441447 0 0.0438148 0.126051
0 0.409297 0.47185 0.0500496 0.0623961 0.124164
0 0.5625 0.425453 0 0.0926208 0.122349
0 0.5625 0.433354 0 0.0566282 0.120752
0 0.49635 0.464951 0.0227008 0.0357199 0.120736
0 0.273705 0.505334 0.0562969 0.0630032 0.118523
0 0.430697 0.477722 0.0272089 0.0338627 0.118467
0 0.5625 0.426367 0 0.0469602 0.114701
0 0.5625 0.425694 0 0.0713276 0.113782
0 0.430924 0.488043 0.0224391 0.0279933 0.112585
0 0.187937 0.508933 0.0483914 0.0514386 0.109545
0 0.5625 0.451482 0 0.0334307 0.107606
0 0.617835 0.438901 0.0426338 0.0512566 0.107178
0 0.924745 0.355678 0.150458 0.219474 0.10702
0 0.548511 0.457677 0.0222836 0.0294694 0.106487
0 0.543528 0.454457 0.0198388 0.0255807 0.105251
0 0.633984 0.436778 0.0389572 0.047046 0.105029
0 0.199705 0.506116 0.0671814 0.064123 0.104513
0 0.563933 0.446385 0.0601377 0.0668855 0.10231
0 0.491396 0.467248 0.0215489 0.035613 0.10038
0 0.694047 0.45122 0.0329263 0.0484346 0.0976548
0 0.584236 0.449815 0.0205826 0.0252013 0.0973591
0 0.421306 0.48672 0.0389379 0.0449724 0.0958972
0 0.219415 0.496362 0.0999174 0.0737398 0.0933396
0 0.231621 0.487089 0.132097 0.10019 0.0927208
0 0.423042 0.476114 0.0226847 0.0332044 0.0919953
0 0.605117 0.437153 0.0636793 0.065721 0.0902496
0 0.679183 0.439708 0.0146789 0.0240551 0.0901344
0 0.499387 0.451441 0.0467829 0.0723125 0.0897738
0 0.307293 0.493846 0.0390244 0.0532073 0.0897252
0 0.286176 0.492393 0.0524962 0.0612887 0.0895059
0 0.416336 0.472324 0.0225463 0.0350262 0.0884812
0 0.577344 0.448773 0.027708 0.0321112 0.0877066
0 0.189627 0.495106 0.0528427 0.0532443 0.0839292
0 0.970865 0.350955 0.0561401 0.209236 0.0830398
0 0.515329 0.438898 0.0732329 0.0975978 0.0829449
0 0.262417 0.512213 0.0866003 0.0779277 0.0817612
0 0.239352 0.463592 0.151211 0.16093 0.0812236
0 0.216406 0.474552 0.0955073 0.0786253 0.0800375
0 0.51187 0.466415 0.0211823 0.0332787 0.0786652
0 0.676546 0.443588 0.012477 0.0197169 0.0760314
0 0.683543 0.427687 0.0390924 0.0627812 0.0759382
0 0.854875 0.429491 0.0234518 0.0409648 0.0739508
0 0.533975 0.456765 0.019138 0.0294028 0.0729202
0 0.669381 0.44247 0.0163795 0.0238421 0.0725543
0 0.228976 0.51139 0.099158 0.0834951 0.0721184
0 0.554395 0.458002 0.0200805 0.0267821 0.0718335
0 0.673707 0.428684 0.0164932 0.0296048 0.0711527
0 0.522704 0.466737 0.0213219 0.0282668 0.0705033
0 0.349179 0.484517 0.10175 0.0897745 0.0698134
0 0.378199 0.477897 0.0689514 0.0764032 0.0692846
0 0.695572 0.441026 0.0151318 0.0239161 0.0685981
0 0.263224 0.490253 0.0765062 0.0743546 0.0685165
0 0.803257 0.426482 0.111763 0.0774262 0.0655421
0 0.761296 0.415339 0.0807674 0.0973302 0.065366
0 0.627101 0.427527 0.0490388 0.0698181 0.0641172
0 0.695186 0.448627 0.0205904 0.0288679 0.0635903
0 0.849853 0.430594 0.0310125 0.0527603 0.0633739
0 0.465232 0.470924 0.0213099 0.0285483 0.0625181
0 0.0444269 0.580296 0.088293 0.112443 0.061391
0 0.987214 0.8192 0.0254335 0.132427 0.0611094
0 0.969492 0.399196 0.0610172 0.221698 0.0610241
0 0.310249 0.496155 0.0248502 0.0360678 0.0608937
0 0.65776 0.439911 0.0160283 0.0244859 0.0608301
0 0.978702 0.454443 0.0447487 0.0923316 0.0598364
0 0.478858 0.466256 0.0233685 0.0298596 0.0592032
0 0.055471 0.581502 0.0723982 0.063652 0.0590859
0 0.90829 0.662374 0.183742 0.450861 0.0582727
0 0.417098 0.480859 0.0240734 0.0319046 0.0568531
0 0.91513 0.53901 0.167376 0.229023 0.0563059
0 0.7639 0.404246 0.109922 0.128968 0.0557216
0 0.590667 0.453144 0.0168106 0.0233762 0.0553534
0 0.66468 0.440362 0.0170867 0.0243654 0.0547436
0 0.448801 0.474331 0.0273427 0.0335595 0.0537575
0 0.0155059 0.595927 0.0305086 0.0781415 0.053386
0 0.699833 0.458238 0.031288 0.0616646 0.0533857
0 0.973835 0.31891 0.0495485 0.132045 0.0533111
0 0.486714 0.467469 0.0200919 0.0308718 0.0532923
0 0.908055 0.389094 0.128903 0.146572 0.0527731
0 0.350094 0.497775 0.0512186 0.073125 0.0525882
0 0.709744 0.458871 0.0673462 0.11784 0.0521784
0 0.597934 0.446944 0.0263417 0.0315835 0.0517178
0 0.338126 0.481483 0.0636282 0.0819067 0.0511769
0 0.822692 0.431501 0.0753555 0.0721073 0.0509173
0 0.0654408 0.582274 0.0544411 0.0463096 0.0508471
0 0.658817 0.425915 0.0224629 0.0342398 0.0507325
0 0.199244 0.458277 0.0755787 0.0796797 0.0499652
0 0.894021 0.413229 0.0890585 0.0914301 0.0498085
0 0.641467 0.439914 0.0272087 0.0325678 0.0497751
0 0.458732 0.119799 0.108965 0.158473 0.0494944
0 0.6701 0.434935 0.0187208 0.0286853 0.049403
0 0.036609 0.587026 0.0676448 0.0834849 0.0493584
0 0.759497 0.448888 0.0930234 0.139171 0.0481665
0 0.191865 0.532062 0.0660592 0.0879661 0.0479807
0 0.272193 0.472095 0.100825 0.116209 0.0479504
0 0.990706 0.342972 0.0185436 0.168047 0.0479155
0 0.0743764 0.581042 0.0402506 0.0383692 0.0478733
0 0.455447 0.477328 0.0223363 0.0261637 0.047804
0 0.179825 0.471875 0.0430349 0.0555402 0.0474489
0 0.972426 0.469694 0.0552504 0.154773 0.0464062
0 0.235305 0.514289 0.127785 0.116839 0.0463665
0 0.841354 0.428928 0.0415785 0.060809 0.0457688
0 0.651878 0.424886 0.0201857 0.0339517 0.045639
0 0.702482 0.47765 0.0561491 0.100365 0.0455385
0 0.293003 0.474544 0.0614361 0.0984477 0.0454984
0 0.248025 0.52437 0.0864081 0.0933648 0.0450811
0 0.298379 0.518243 0.0729263 0.0826364 0.0440685
0 0.881918 0.36096 0.203671 0.221593 0.0439447
0 0.220591 0.451582 0.105688 0.0977271 0.0438485
0 0.451754 0.444761 0.100242 0.111185 0.043628
0 0.691684 0.425476 0.016899 0.0274094 0.0435759
0 0.166815 0.502999 0.0771572 0.0600481 0.0435482
0 0.652306 0.442834 0.0186837 0.0268662 0.0433397
0 0.355131 0.495291 0.0239276 0.0380734 0.043291
0 0.985269 0.309901 0.0283998 0.119478 0.0429195
0 0.570602 0.454568 0.0246249 0.029159 0.0426288
0 0.983721 0.349938 0.0332451 0.2132 0.0425123
0 0.984452 0.435361 0.032527 0.0648287 0.041772
0 0.637788 0.446154 0.0213286 0.0301021 0.041335
0 0.444635 0.483372 0.0222081 0.0308639 0.0409413
0 0.974347 0.512771 0.0537794 0.210984 0.040828
0 0.25715 0.431571 0.122386 0.178413 0.0400928
0 0.587732 0.457485 0.0224859 0.0284081 0.040058
0 0.984446 0.761723 0.0313869 0.262679 0.0399843
0 0.111936 0.563962 0.0932226 0.0711541 0.0394794
0 0.0749399 0.517329 0.0539046 0.0343852 0.0393477
0 0.567182 0.457278 0.0180143 0.0247963 0.0388689
0 0.129256 0.562781 0.0669695 0.0551175 0.0386979
0 0.618676 0.447185 0.0236587 0.0305862 0.0386813
0 0.36313 0.48041 0.0285659 0.0437171 0.038268
0 0.154194 0.505212 0.0575813 0.0438236 0.0382283
0 0.0845092 0.5769 0.0589074 0.0483256 0.0375503
0 0.0253349 0.573615 0.0471251 0.10231 0.037065
0 0.816989 0.140571 0.0828352 0.130482 0.0369413
0 0.366304 0.498031 0.0253702 0.0352713 0.0366979
0 0.957695 0.455484 0.0820164 0.0835372 0.0366719
0 0.0962629 0.551696 0.140894 0.137818 0.0362059
0 0.78265 0.447714 0.115393 0.125097 0.0360636
0 0.302588 0.480694 0.0423597 0.0739533 0.0360236
0 0.592833 0.459149 0.0202691 0.0276725 0.0359319
0 0.991225 0.40656 0.017141 0.0666998 0.0359086
0 0.989043 0.37474 0.0218822 0.151892 0.0357248
0 0.723895 0.408784 0.0249407 0.0359557 0.0356308
0 0.973162 0.725329 0.0507441 0.276655 0.0354161
0 0.907184 0.400741 0.0899044 0.0997492 0.0348997
0 0.923051 0.804261 0.134896 0.155577 0.0348779
0 0.876046 0.416973 0.0632416 0.0781849 0.0348014
0 0.622006 0.450376 0.0183254 0.0238885 0.0346441
0 0.351895 0.474351 0.033739 0.0480514 0.0345967
0 0.0887726 0.503059 0.0963166 0.0693797 0.0345691
0 0.373907 0.497974 0.0849481 0.101309 0.0342938
0 0.124451 0.570842 0.0432995 0.0390953 0.0342783
0 0.653614 0.424757 0.0524829 0.0742654 0.0341569
0 0.697746 0.426131 0.0195209 0.0342645 0.033985
0 0.101543 0.510019 0.140522 0.118877 0.0338832
0 0.631498 0.44229 0.021268 0.0256477 0.0335519
0 0.112052 0.571696 0.0606372 0.0488455 0.0335114
0 0.731587 0.396799 0.124102 0.154504 0.0328413
0 0.0941686 0.534614 0.122493 0.0748103 0.0326693
0 0.0972996 0.562812 0.113096 0.091257 0.0326412
0 0.022991 0.506187 0.0453945 0.0710339 0.0325181
0 0.762193 0.456537 0.0747095 0.094622 0.0324714
0 0.0844187 0.521517 0.0803966 0.0480491 0.0324087
0 0.28816 0.452851 0.072265 0.135777 0.0321354
0 0.719988 0.447152 0.0549965 0.111996 0.0318267
0 0.151048 0.521715 0.0825122 0.0710062 0.0317472
0 0.0726281 0.57299 0.125239 0.131136 0.031579
0 0.262589 0.374839 0.0769584 0.0787611 0.0314614
0 0.0715267 0.505483 0.0646885 0.0515647 0.0313659
0 0.166978 0.474231 0.0509133 0.0632969 0.0313382
0 0.477588 0.444998 0.0815866 0.099762 0.0313035
0 0.0762984 0.568262 0.0858882 0.0845284 0.0308732
0 0.764804 0.285698 0.0229055 0.031733 0.0306455
0 0.642109 0.422494 0.0346792 0.0607812 0.0303169
0 0.0195381 0.608065 0.0419058 0.0974397 0.0301684
0 0.689537 0.454764 0.0155425 0.0256907 0.030089
0 0.916486 0.412737 0.166869 0.270885 0.0299734
0 0.482142 0.116279 0.0668232 0.105845 0.0298465
0 0.17469 0.461405 0.0345362 0.0554416 0.029611
0 0.094962 0.485914 0.138514 0.10379 0.0295885
0 0.0117486 0.399322 0.0230496 0.0643686 0.0294946
0 0.853295 0.442039 0.0283693 0.0394077 0.0294268
0 0.0880841 0.484559 0.169926 0.201416 0.0292571
0 0.0239468 0.484174 0.0459224 0.107278 0.029237
0 0.794538 0.402514 0.0984902 0.103017 0.0291063
0 0.494446 0.113738 0.0425205 0.0899457 0.0290693
0 0.502739 0.42068 0.0637502 0.146695 0.0290664
0 0.118803 0.53894 0.0952749 0.0761938 0.0288631
0 0.986538 0.396808 0.029789 0.101271 0.0287221
0 0.01881 0.518895 0.0363394 0.0604296 0.028628
0 0.310242 0.512308 0.0517867 0.0655753 0.0284996
0 0.867476 0.308686 0.215872 0.321748 0.0282956
0 0.136184 0.506706 0.104252 0.0791304 0.0280499
0 0.944138 0.492574 0.11607 0.108902 0.02796
0 0.689462 0.460714 0.0250476 0.0471118 0.0279148
0 0.0109173 0.520856 0.021222 0.0617346 0.0278614
0 0.599736 0.460081 0.0174501 0.0243251 0.0278016
0 0.61472 0.421076 0.0461254 0.0714866 0.0277969
0 0.0093168 0.562735 0.0187454 0.0821493 0.0277247
0 0.0135045 0.507765 0.0262698 0.0718887 0.0276757
0 0.161892 0.548898 0.0580154 0.0582385 0.0276
0 0.326597 0.511962 0.0538403 0.0709603 0.0274435
0 0.489413 0.150305 0.0358567 0.0526347 0.0271438
0 0.601616 0.415308 0.067441 0.131943 0.0271021
0 0.0261557 0.548708 0.0567876 0.148751 0.0269798
0 0.319328 0.455726 0.0964886 0.13284 0.0266708
0 0.923988 0.768279 0.14762 0.244651 0.0266333
0 0.725157 0.452482 0.0482471 0.0776421 0.0264811
0 0.432171 0.827835 0.0405701 0.061112 0.0264577
0 0.964871 0.391351 0.0710604 0.137576 0.0264479
0 0.0185021 0.508044 0.0373419 0.102957 0.0264354
0 0.433946 0.106903 0.0610709 0.0900709 0.0259212
0 0.765278 0.476115 0.121528 0.175634 0.0255608
0 0.908996 0.323464 0.0882536 0.124174 0.0255387
0 0.605344 0.431017 0.0191753 0.034251 0.025387
0 0.805294 0.38411 0.113686 0.152358 0.025246
0 0.589917 0.475 0.0181446 0.0287866 0.0252409
0 0.182635 0.549347 0.0631367 0.0760351 0.0251374
0 0.151466 0.480784 0.0754175 0.0746791 0.0250526
0 0.478122 0.47964 0.0364402 0.0506053 0.0249556
0 0.745985 0.404124 0.0314278 0.060576 0.0245818
0 0.868931 0.210354 0.223727 0.410139 0.0245515
0 0.542567 0.404382 0.0565699 0.110955 0.024548
0 0.00953547 0.613177 0.018615 0.0712733 0.0244088
0 0.530731 0.413451 0.0735909 0.126116 0.0243643
0 0.563935 0.308139 0.0371058 0.0825388 0.0243239
0 0.0884293 0.512139 0.0684489 0.0418758 0.0242569
0 0.905985 0.3637 0.0915211 0.125923 0.0242552
0 0.634132 0.358508 0.0218448 0.032127 0.0241647
0 0.497497 0.132852 0.0290611 0.0454878 0.0241557
0 0.849754 0.410156 0.0407125 0.0841714 0.0241491
0 0.905636 0.460239 0.110673 0.0620466 0.0241387
0 0.975806 0.81424 0.0457848 0.137751 0.0241148
0 0.533205 0.0361275 0.035418 0.0507595 0.0241034
0 0.827962 0.407122 0.077689 0.0928182 0.024047
0 0.0324998 0.51485 0.0651368 0.127182 0.0239288
0 0.0912707 0.533781 0.174215 0.215583 0.0239063
0 0.924415 0.651024 0.151754 0.3234 0.0237346
0 0.817231 0.201153 0.102182 0.277676 0.023703
0 0.0161483 0.459989 0.0336971 0.0998773 0.0236438
0 0.797023 0.149878 0.138561 0.183225 0.0235997
0 0.76474 0.400252 0.0581775 0.101633 0.0232507
0 0.819248 0.458437 0.105481 0.107539 0.0231368
0 0.148563 0.497018 0.0613652 0.0505797 0.0231182
0 0.312689 0.466046 0.0377265 0.0698572 0.0231175
0 0.951459 0.81757 0.081772 0.112819 0.0230601
0 0.722854 0.398242 0.0292548 0.0467116 0.0229708
0 0.392974 0.0556864 0.0346126 0.0516708 0.022947
0 0.243881 0.548624 0.0746162 0.0951912 0.0228996
0 0.0130273 0.613731 0.0271758 0.0822351 0.0228806
0 0.470641 0.477467 0.0226532 0.0301137 0.0228402
0 0.221885 0.548631 0.0994103 0.0988149 0.022825
0 0.855073 0.443229 0.0408722 0.0665358 0.0222258
0 0.0120383 0.461125 0.0242013 0.079906 0.0220995
0 0.982285 0.657891 0.0371162 0.291796 0.0219104
0 0.613006 0.324876 0.0287438 0.0502019 0.0219041
0 0.904267 0.479282 0.141548 0.072058 0.0218481
0 0.0591638 0.901712 0.0947864 0.164671 0.021591
0 0.611506 0.474827 0.0358829 0.0548193 0.0215776
0 0.641104 0.376755 0.0217372 0.0326708 0.0214944
0 0.922204 0.321347 0.0544241 0.0875841 0.0211298
0 0.429058 0.124779 0.0431396 0.0914916 0.0210405
