0 0.3761 0.406744 0.163368 0.222737 0.91874
0 0.5625 0.405749 0 0.433207 0.87958
0 0.243158 0.318632 0.0249962 0.0302965 0.633662
0 0.129709 0.322091 0.0427357 0.03965 0.547354
0 0.253323 0.316156 0.022319 0.0249926 0.541863
0 0.213738 0.315063 0.0157205 0.0220786 0.528695
0 0.172498 0.318475 0.0251909 0.0313192 0.474631
0 0.260611 0.313882 0.0164575 0.0207632 0.453565
0 0.0129798 0.321422 0.0259597 0.0433809 0.426589
0 0.225238 0.319809 0.0136003 0.0239794 0.424031
0 0.162989 0.319674 0.0289165 0.0348844 0.416489
0 0.117657 0.322736 0.0280159 0.0350173 0.304347
0 0.26199 0.315192 0.0128448 0.0159 0.272366
0 0.175195 0.317579 0.0183131 0.0248376 0.270479
0 0.117354 0.32565 0.0212695 0.02645 0.24582
0 0.0941943 0.310787 0.0253014 0.0365757 0.226776
0 0.22784 0.322621 0.0114762 0.0204852 0.226266
0 0.21995 0.318996 0.014119 0.0227177 0.220683
0 0.161606 0.31192 0.0459397 0.0557754 0.212693
0 0.166774 0.321044 0.0226766 0.0274409 0.207994
0 0.15816 0.323618 0.0180261 0.0259256 0.20758
0 0.253973 0.317517 0.0135004 0.0201533 0.20398
0 0.013132 0.32543 0.0228448 0.028767 0.202291
0 0.257693 0.315973 0.0135373 0.0204033 0.200867
0 0.242796 0.317811 0.014559 0.0222485 0.19594
0 0.143902 0.324081 0.0224809 0.0298118 0.194377
0 0.204062 0.318729 0.020446 0.0251367 0.186227
0 0.0133589 0.308744 0.0267178 0.077667 0.17277
0 0.181834 0.317071 0.0140692 0.0197115 0.164023
0 0.186449 0.318389 0.0128367 0.0189983 0.159935
0 0.0848317 0.309473 0.0424237 0.0405516 0.157254
0 0.206566 0.321034 0.00975428 0.0173792 0.157016
0 0.250194 0.317666 0.0130515 0.0179021 0.156505
0 0.21191 0.318294 0.0112959 0.0167805 0.155244
0 0.0170131 0.327481 0.0169613 0.0239755 0.149771
0 0.131874 0.314725 0.0578427 0.063452 0.14165
0 0.193151 0.320048 0.0330059 0.0338743 0.14137
0 0.112446 0.324812 0.0186832 0.0253042 0.141213
0 0.19754 0.319569 0.0164982 0.0205045 0.137518
0 0.0990263 0.307335 0.0288769 0.0471635 0.131835
0 0.240405 0.308344 0.0150806 0.0239388 0.115282
0 0.320884 0.31628 0.0222478 0.0362528 0.114741
0 0.204279 0.323807 0.0110603 0.0188805 0.114514
0 0.324204 0.311185 0.0266403 0.0432168 0.110776
0 0.0567911 0.308359 0.0422638 0.0384416 0.107791
0 0.133776 0.324469 0.0201093 0.0273546 0.10703
0 0.561967 0.307616 0.00106535 0.080287 0.105053
0 0.0973384 0.313144 0.0166447 0.0259723 0.103886
0 0.296931 0.313467 0.0220961 0.0327427 0.0952503
0 0.0690064 0.304244 0.0610367 0.0502817 0.0939436
0 0.126334 0.324464 0.0185707 0.0262206 0.0906986
0 0.279679 0.299336 0.039877 0.0455198 0.0903327
0 0.307122 0.312988 0.0354448 0.0494546 0.0898319
0 0.610464 0.318339 0.0198762 0.0329079 0.0894092
0 0.323915 0.294674 0.0387315 0.053561 0.0890811
0 0.328917 0.291723 0.0329462 0.0385916 0.0872024
0 0.610943 0.320289 0.0240985 0.0461158 0.0869674
0 0.102183 0.31888 0.0180746 0.0268656 0.0842053
0 0.307566 0.291519 0.0462316 0.0549514 0.0838256
0 0.340583 0.286065 0.0367912 0.0330624 0.0831944
0 0.580338 0.301418 0.0366548 0.0655435 0.0802842
0 0.0195605 0.314273 0.0322354 0.0450141 0.0786422
0 0.382405 0.282177 0.0516927 0.0343361 0.074138
0 0.266907 0.313261 0.0162007 0.0183111 0.0735016
0 0.706316 0.310232 0.0336585 0.0470721 0.070517
0 0.29925 0.322477 0.0232337 0.0352844 0.0700439
0 0.30682 0.321959 0.0292179 0.0434926 0.0693981
0 0.603048 0.310004 0.0480642 0.0670894 0.0681436
0 0.38159 0.284717 0.0583282 0.0548968 0.067509
0 0.95856 0.580772 0.0807074 0.242507 0.0637946
0 0.0897871 0.315735 0.0202251 0.0243508 0.0631721
0 0.593428 0.288422 0.0681854 0.119653 0.0618282
0 0.417271 0.287082 0.0387444 0.0539824 0.0602804
0 0.603371 0.313892 0.0365872 0.050155 0.0597011
0 0.762376 0.237291 0.0266778 0.028654 0.0592882
0 0.319148 0.322002 0.0148974 0.0317133 0.0590283
0 0.924575 0.4677 0.140807 0.316388 0.0589773
0 0.081026 0.309764 0.0247063 0.0300377 0.05869
0 0.418765 0.279641 0.0320827 0.0385164 0.0582724
0 0.0150193 0.274947 0.0341728 0.207893 0.0579684
0 0.364611 0.285916 0.0581375 0.0462382 0.0563384
0 0.701764 0.318777 0.0382245 0.0477722 0.0562512
0 0.0199066 0.318608 0.0167619 0.027626 0.05571
0 0.313629 0.283287 0.043719 0.0504298 0.0549237
0 0.0614262 0.311835 0.025951 0.0289965 0.0546549
0 0.625207 0.310636 0.0697746 0.0814388 0.0540015
0 0.689173 0.190723 0.0476601 0.0490483 0.053463
0 0.700783 0.314365 0.054565 0.0668204 0.0526313
0 0.296083 0.31734 0.0151775 0.0218387 0.0515501
0 0.320923 0.33247 0.0301019 0.0632745 0.0508846
0 0.328163 0.282709 0.0385539 0.0473435 0.0495697
0 0.988323 0.469919 0.024398 0.278958 0.0494927
0 0.00463701 0.322478 0.00982144 0.0332649 0.0477699
0 0.329252 0.302689 0.0212551 0.0281511 0.0476718
0 0.986941 0.546075 0.0268728 0.22172 0.0476717
0 0.584905 0.276613 0.0489656 0.107324 0.0474178
0 0.618294 0.313171 0.0429548 0.0656638 0.0467945
0 0.776502 0.228423 0.0558798 0.042237 0.0461356
0 0.329645 0.318323 0.0435019 0.0524159 0.0450845
0 0.713962 0.30344 0.0471052 0.0694923 0.0443279
0 0.0953638 0.321033 0.0169755 0.0263592 0.0440162
0 0.835497 0.212735 0.127531 0.0519742 0.0436151
0 0.624409 0.215169 0.0245617 0.0420956 0.0417997
0 0.0507904 0.312289 0.0249456 0.0307956 0.0415884
0 0.709281 0.207005 0.0766285 0.0837521 0.0412758
0 0.695468 0.20057 0.0515867 0.0638557 0.0403927
0 0.0134543 0.297517 0.021339 0.077518 0.040189
0 0.824749 0.22787 0.156693 0.0783707 0.0400818
0 0.314625 0.32208 0.0159019 0.0277371 0.0398246
0 0.0628834 0.317651 0.0564356 0.0489062 0.0397751
0 0.640195 0.306345 0.0856135 0.0928619 0.0396364
0 0.325602 0.291924 0.0167003 0.027335 0.0395312
0 0.383774 0.267063 0.0521343 0.0638839 0.0394311
0 0.760205 0.245351 0.0249273 0.0316009 0.0393047
0 0.852871 0.0765141 0.0299101 0.12885 0.0387837
0 0.312891 0.327503 0.0144677 0.0291933 0.0387334
0 0.0509813 0.324303 0.0300383 0.0344137 0.038638
0 0.99377 0.458675 0.0133024 0.145496 0.0385478
0 0.99471 0.443847 0.0109451 0.103947 0.0383815
0 0.303459 0.332271 0.0214443 0.0414379 0.0383299
0 0.71573 0.229853 0.0622484 0.0465436 0.0382023
0 0.342989 0.304019 0.0662545 0.0495972 0.0381575
0 0.042924 0.316227 0.0217377 0.0271706 0.0372988
0 0.428396 0.280797 0.0545156 0.0545708 0.0372817
0 0.691124 0.200341 0.071531 0.0853525 0.0369264
0 0.991811 0.480362 0.0172441 0.210921 0.0355575
0 0.43236 0.296857 0.0546149 0.0742819 0.0355273
0 0.819703 0.255948 0.179737 0.137859 0.0354784
0 0.633034 0.259743 0.036279 0.0487431 0.0352752
0 0.986409 0.40266 0.0277178 0.336455 0.0346972
0 0.755589 0.278189 0.0911218 0.110981 0.0342915
0 0.736899 0.283907 0.0808084 0.114745 0.0341827
0 0.984463 0.585107 0.031468 0.195146 0.0338509
0 0.671034 0.315014 0.0569147 0.075216 0.0337608
0 0.959055 0.500943 0.0823582 0.239364 0.0335348
0 0.294978 0.325815 0.0159873 0.0254495 0.0334984
0 0.934822 0.366617 0.127442 0.332348 0.03298
0 0.372099 0.330525 0.147073 0.0815616 0.0325679
0 0.0792915 0.317732 0.0556507 0.0692186 0.0324606
0 0.329638 0.328209 0.0521912 0.0659949 0.0321481
0 0.344202 0.327728 0.0939899 0.0710424 0.0316437
0 0.343072 0.315628 0.0702398 0.052457 0.0314981
0 0.628977 0.238433 0.0288192 0.0471867 0.0311013
0 0.717228 0.291228 0.0752581 0.120183 0.0306916
0 0.712613 0.195337 0.0627021 0.0553789 0.030618
0 0.708706 0.148624 0.0849418 0.094829 0.0305661
0 0.427267 0.260664 0.0442312 0.056562 0.030531
0 0.705629 0.330829 0.0646683 0.101202 0.0304623
0 0.333143 0.350433 0.0528337 0.095804 0.0303486
0 0.963948 0.426736 0.072683 0.340272 0.0302779
0 0.365759 0.295737 0.104557 0.0505681 0.0302547
0 0.855741 0.273446 0.281524 0.173888 0.0296401
0 0.650115 0.222123 0.0739013 0.0871673 0.0296136
0 0.678034 0.230621 0.0396303 0.0635467 0.0293049
0 0.476586 0.308467 0.041523 0.0724103 0.0292391
0 0.246243 0.294486 0.0172104 0.0203102 0.0292089
0 0.948085 0.53586 0.101531 0.191312 0.0291494
0 0.307644 0.343041 0.0152003 0.0316319 0.0291456
0 0.779401 0.236121 0.0704147 0.0607262 0.0290806
0 0.903816 0.571174 0.183673 0.282007 0.0284814
0 0.687322 0.307699 0.0803807 0.0903979 0.0283841
0 0.297874 0.345658 0.0189634 0.0417353 0.028085
0 0.828006 0.688837 0.233848 0.263354 0.0280784
0 0.611628 0.337108 0.0205349 0.0303826 0.0279465
0 0.989566 0.571653 0.0195328 0.182767 0.027938
0 0.396259 0.261405 0.0596391 0.0704522 0.0278371
0 0.328505 0.24611 0.0582562 0.104597 0.0276943
0 0.268714 0.288208 0.0196018 0.0379307 0.0268285
0 0.764481 0.245291 0.0331157 0.040372 0.0264961
0 0.418202 0.275129 0.0413767 0.0517545 0.0264793
0 0.474271 0.290177 0.0405437 0.0624468 0.0262097
0 0.817111 0.21588 0.0908013 0.0430634 0.0256001
0 0.328686 0.178683 0.031019 0.0394911 0.025563
0 0.907707 0.685431 0.178037 0.26772 0.0254777
0 0.300693 0.365955 0.01374 0.0332434 0.025421
0 0.544696 0.31045 0.0979712 0.104523 0.0253747
0 0.307785 0.269407 0.0580557 0.0868325 0.0253627
0 0.341471 0.269709 0.0452774 0.0612071 0.0251587
0 0.148035 0.285097 0.0447774 0.0618773 0.0251521
0 0.469141 0.277271 0.0412675 0.0637521 0.0249786
0 0.946673 0.680435 0.103106 0.255164 0.0249723
0 0.131636 0.278343 0.0633231 0.0926368 0.0249692
0 0.87204 0.243102 0.243758 0.114543 0.0249033
0 0.667664 0.21786 0.0994248 0.101607 0.0247641
0 0.320725 0.21626 0.0512779 0.0904948 0.0247436
0 0.699912 0.361691 0.0625999 0.148237 0.0247029
0 0.405946 0.329373 0.0732864 0.0690759 0.0246137
0 0.00527009 0.33433 0.0114618 0.029396 0.0245743
0 0.854533 0.43193 0.0357786 0.0475507 0.0245468
0 0.368568 0.31236 0.115145 0.0557606 0.0244823
0 0.457737 0.227271 0.0223653 0.0388879 0.0243699
0 0.748786 0.260846 0.0549483 0.0795669 0.0243597
0 0.778837 0.26464 0.0937342 0.115595 0.0243258
0 0.675146 0.259838 0.0406013 0.0538948 0.0242508
0 0.313789 0.250708 0.0676885 0.123204 0.0242175
0 0.252451 0.293151 0.0152104 0.0235363 0.0241903
0 0.295438 0.272197 0.0504532 0.0804043 0.0240756
0 0.584717 0.253654 0.0460208 0.0794136 0.02398
0 0.972441 0.568151 0.053611 0.189545 0.0239398
0 0.795331 0.222887 0.0946545 0.0616007 0.0239149
0 0.519884 0.308139 0.064252 0.0864411 0.0238632
0 0.799617 0.286315 0.213444 0.195048 0.0237985
0 0.641876 0.208078 0.0627939 0.0797469 0.0237365
0 0.0298939 0.325954 0.0235868 0.0291869 0.0237347
0 0.96077 0.256201 0.0750065 0.116229 0.0236342
0 0.694598 0.268837 0.110165 0.127775 0.0236308
0 0.109256 0.278954 0.0508359 0.0912778 0.0235755
0 0.51618 0.201458 0.028417 0.0329628 0.0235432
0 0.713748 0.321754 0.0741105 0.135008 0.023503
0 0.298753 0.275522 0.0384516 0.0501962 0.023447
0 0.648547 0.242031 0.0630127 0.0661466 0.0234188
0 0.656978 0.298891 0.0667452 0.0950494 0.0232534
0 0.715124 0.226178 0.0730419 0.0895511 0.0231385
0 0.450753 0.279975 0.0449878 0.0629011 0.0231097
0 0.179487 0.84185 0.0309017 0.034708 0.023106
0 0.653098 0.259415 0.0542457 0.0531321 0.0230976
0 0.440127 0.331618 0.0341153 0.0574287 0.0230931
0 0.32651 0.369619 0.0665711 0.114002 0.0228543
0 0.160949 0.281238 0.0460804 0.0693992 0.0228427
0 0.529514 0.32494 0.0799571 0.0885108 0.0227166
0 0.703975 0.396367 0.0702942 0.190342 0.0226907
0 0.718963 0.359329 0.0873433 0.189666 0.0225778
0 0.29666 0.251168 0.0572985 0.102313 0.0225226
0 0.72901 0.227902 0.0670161 0.0563833 0.0223992
0 0.552556 0.309286 0.0646867 0.0686282 0.0221308
0 0.631058 0.280101 0.0879194 0.105459 0.021976
0 0.237384 0.297226 0.0141477 0.0167405 0.0217154
0 0.211433 0.342326 0.0196624 0.0297082 0.0216532
0 0.444714 0.0524316 0.0250115 0.0462106 0.021587
0 0.494572 0.316872 0.0200942 0.0444257 0.0215093
0 0.506807 0.308616 0.0384674 0.0629735 0.0214999
0 0.471574 0.228741 0.0351907 0.0476919 0.0214072
0 0.576991 0.234859 0.0327052 0.0546648 0.0212875
0 0.915703 0.502549 0.168008 0.210305 0.0212822
0 0.61836 0.246985 0.0505973 0.109348 0.0212559
0 0.666979 0.27118 0.121768 0.121012 0.0211412
0 0.922845 0.10801 0.148075 0.230726 0.0210411
0 0.86987 0.10767 0.0626642 0.197601 0.0210198
0 0.988294 0.61583 0.0233486 0.165664 0.0209778
0 0.725282 0.210769 0.0752264 0.0689948 0.0209525
0 0.694473 0.364583 0.0411552 0.0928825 0.0209048
0 0.978313 0.274636 0.0442755 0.165555 0.0208651
0 0.59256 0.332487 0.0940598 0.139482 0.0208562
0 0.284161 0.242605 0.0381467 0.0734536 0.0208435
0 0.0973295 0.287354 0.0330543 0.0663035 0.0208332
0 0.573671 0.195284 0.0221653 0.0359726 0.0207515
0 0.0582239 0.274429 0.0710536 0.107343 0.0207444
0 0.702713 0.715967 0.0782002 0.085563 0.0207417
0 0.668013 0.701992 0.0165132 0.0282472 0.0207408
0 0.697895 0.346874 0.0508264 0.0951619 0.0206198
0 0.68093 0.383368 0.028697 0.0778742 0.0204611
0 0.470145 0.241722 0.042567 0.0658328 0.0204228
0 0.744937 0.684939 0.233174 0.266457 0.0203462
0 0.218331 0.297954 0.0127461 0.0165997 0.0203271
0 0.8276 0.587951 0.247311 0.228757 0.0202966
0 0.45913 0.299478 0.0602885 0.0771458 0.0202801
0 0.717174 0.346822 0.106598 0.123337 0.0201433
0 0.315795 0.340097 0.0277015 0.0580738 0.0201095
0 0.49522 0.0735948 0.056516 0.0724403 0.0200356
0 0.964764 0.613921 0.0676802 0.171308 0.0198818
0 0.852997 0.0460898 0.0251026 0.0613522 0.0198426
0 0.859264 0.200174 0.10036 0.0344776 0.0197461
0 0.810112 0.259965 0.106109 0.113952 0.0197438
0 0.470821 0.333059 0.0589686 0.0868838 0.01973
0 0.499385 0.310387 0.0281534 0.0587114 0.0197136
0 0.979765 0.497182 0.0390785 0.215362 0.0196895
0 0.538889 0.288671 0.116229 0.149159 0.0195961
0 0.689853 0.332574 0.0475717 0.0631726 0.0194902
0 0.712158 0.447687 0.0851414 0.20405 0.0194547
0 0.729725 0.324898 0.117455 0.121553 0.0194118
0 0.643018 0.322683 0.0677277 0.0791201 0.0193569
0 0.500058 0.0794908 0.0435788 0.048227 0.0192951
0 0.913827 0.648927 0.159515 0.169706 0.0190671
0 0.23433 0.328129 0.0134756 0.0213364 0.0190439
0 0.579475 0.194582 0.0312381 0.0464013 0.0190112
0 0.43636 0.275082 0.0567562 0.0702691 0.0189784
0 0.968924 0.522263 0.0586071 0.18755 0.0189389
0 0.279154 0.325797 0.0208667 0.0261303 0.0188277
0 0.73928 0.131757 0.0242999 0.0371722 0.0187136
0 0.565971 0.267779 0.0784272 0.0982283 0.0186463
0 0.789347 0.226081 0.0627517 0.0396075 0.0186315
0 0.384932 0.54962 0.0494694 0.0671539 0.0186124
0 0.986753 0.435428 0.0257069 0.154386 0.0186005
0 0.485474 0.327665 0.0410941 0.0636414 0.018581
0 0.764095 0.483439 0.171758 0.225203 0.0185785
0 0.208844 0.297625 0.0127078 0.0184479 0.0185387
0 0.916228 0.53438 0.139518 0.172791 0.0184988
0 0.976277 0.431466 0.0439821 0.138033 0.0184724
0 0.455687 0.243208 0.0330966 0.0565519 0.0183953
0 0.990729 0.3965 0.0191891 0.176728 0.0183304
0 0.402212 0.312426 0.0421504 0.0402411 0.0182637
0 0.381903 0.248523 0.0622702 0.0952893 0.0182244
0 0.43163 0.239194 0.0460883 0.0756987 0.0180471
0 0.632297 0.321171 0.049877 0.0650036 0.0179602
0 0.924646 0.59043 0.13121 0.177119 0.0179217
0 0.453508 0.0437549 0.0376436 0.0571994 0.0179176
0 0.1826 0.840315 0.0211471 0.0231689 0.0178113
0 0.43828 0.363102 0.0335664 0.0682637 0.0177478
0 0.180827 0.281247 0.0362717 0.0541542 0.0176434
0 0.486007 0.297898 0.0377186 0.0603343 0.0176276
