0 0.5625 0.608731 0 0.190176 0.75317
0 0.5625 0.615073 0 0.165003 0.0716338
0 0.0169844 0.432689 0.0339688 0.194903 0.0696287
0 0.5625 0.587219 0 0.119176 0.0621313
0 0.5625 0.87717 0 0.245661 0.0607789
0 0.5625 0.615577 0 0.164292 0.0599775
0 0.284132 0.2322 0.556737 0.464302 0.0552519
0 0.5625 0.895723 0 0.202193 0.054645
0 0.5625 0.613059 0 0.259485 0.0502649
0 0.00991724 0.423551 0.0198345 0.171127 0.0486639
0 0.0230833 0.441343 0.0461667 0.237195 0.0482186
0 0.20889 0.475088 0.0553574 0.106347 0.0462339
0 0.5625 0.62777 0 0.137063 0.0460689
0 0.5625 0.904205 0 0.173039 0.0456757
0 0.5625 0.696598 0 0.380735 0.0446969
0 0.00556839 0.455522 0.0111368 0.106079 0.0435262
0 0.0142478 0.377934 0.0284956 0.0871705 0.0426034
0 0.5625 0.585761 0 0.0805658 0.0420042
0 0.5625 0.589695 0 0.150743 0.041429
0 0.5625 0.804586 0 0.390828 0.0405284
0 0.46009 0.484564 0.176352 0.110711 0.0391382
0 0.5625 0.562582 0 0.176213 0.0362702
0 0.126499 0.428594 0.241176 0.234897 0.0343833
0 0.0447238 0.426554 0.0873659 0.210373 0.0343238
0 0.5625 0.540556 0 0.261676 0.0338172
0 0.0348273 0.394149 0.0664029 0.303084 0.0325882
0 0.0190785 0.396755 0.0381569 0.135349 0.0317796
0 0.109539 0.080557 0.0589469 0.104951 0.0316699
0 0.00627052 0.493194 0.012541 0.0939206 0.0307891
0 0.17347 0.050908 0.0647694 0.057805 0.0288045
0 0.5625 0.571035 0 0.147595 0.0283307
0 0.5625 0.655417 0 0.130535 0.0283278
0 0.5625 0.592658 0 0.162739 0.0278829
0 0.138157 0.46321 0.205317 0.15471 0.0278024
0 0.5625 0.9012 0 0.187711 0.027003
0 0.5625 0.654964 0 0.164339 0.0267874
0 0.28125 0.336913 0.5625 0.406669 0.025816
0 0.5625 0.574471 0 0.163678 0.0257236
0 0.383182 0.493184 0.0361911 0.0606737 0.0255991
0 0.192223 0.474065 0.0733817 0.10364 0.0253092
0 0.5625 0.682272 0 0.22226 0.0249937
0 0.200508 0.495524 0.0636193 0.0683451 0.024895
0 0.5625 0.434513 0 0.0819233 0.0248361
0 0.5625 0.58458 0 0.0542799 0.0246478
0 0.22151 0.49928 0.0299816 0.0531853 0.0244479
0 0.0134872 0.355591 0.0268296 0.0675083 0.0243898
0 0.170472 0.47516 0.136686 0.121593 0.0243
0 0.0385335 0.311108 0.0697328 0.298935 0.0242647
0 0.0567524 0.476765 0.112572 0.172274 0.0240725
0 0.0754818 0.290365 0.143026 0.258355 0.0238382
0 0.143152 0.372116 0.282428 0.349401 0.0237683
0 0.0783955 0.450956 0.147708 0.18582 0.0237357
0 0.912826 0.588945 0.0515741 0.0724811 0.0234085
0 0.939565 0.775768 0.117126 0.367135 0.0233651
0 0.187084 0.502462 0.0367134 0.046377 0.0233371
0 0.900258 0.928691 0.168729 0.169741 0.0232223
0 0.862179 0.584608 0.0922899 0.113535 0.0231518
0 0.0545544 0.370082 0.103738 0.291689 0.0231123
0 0.216551 0.350537 0.0981944 0.0754116 0.0226
0 0.532785 0.489725 0.032635 0.066148 0.0225212
0 0.0160647 0.480522 0.0322205 0.133071 0.0223803
0 0.0167506 0.342457 0.0368262 0.10933 0.0217565
0 0.9628 0.528229 0.0690241 0.207908 0.0217527
0 0.0214719 0.300624 0.0439316 0.254194 0.0216265
0 0.908224 0.586787 0.0717344 0.0936989 0.0211827
0 0.853631 0.908982 0.0493986 0.0981318 0.0211276
0 0.114517 0.333848 0.205757 0.337613 0.0210582
0 0.061693 0.685583 0.113074 0.255447 0.0209765
0 0.873141 0.559601 0.114536 0.107288 0.0204993
0 0.917967 0.615174 0.124251 0.18318 0.0203766
0 0.858866 0.862151 0.0647329 0.140475 0.0201319
0 0.0791203 0.639849 0.148563 0.228433 0.019602
0 0.52569 0.511531 0.0433443 0.0454613 0.0194588
0 0.524933 0.487731 0.0481529 0.0550991 0.0194563
0 0.989742 0.900585 0.0199814 0.145115 0.0193791
0 0.0593752 0.84142 0.10203 0.219598 0.0193023
0 0.0275183 0.327984 0.050535 0.122194 0.019258
0 0.0323605 0.201464 0.0672852 0.312988 0.0191644
0 0.915296 0.910214 0.0873779 0.153817 0.0190234
0 0.0128013 0.524766 0.027121 0.193457 0.0189554
0 0.0169456 0.255991 0.0367227 0.188745 0.0188522
0 0.921822 0.506205 0.147019 0.167896 0.0187415
0 0.0214379 0.497325 0.0427909 0.103482 0.0187193
0 0.929181 0.703712 0.135223 0.250014 0.0186391
0 0.113469 0.489437 0.167551 0.120736 0.018623
0 0.0148145 0.50807 0.0309698 0.0976038 0.0186098
0 0.0149743 0.292333 0.0313929 0.188828 0.0185544
0 0.927785 0.869579 0.0846884 0.108843 0.01854
0 0.185767 0.245551 0.365707 0.513253 0.0185256
0 0.132948 0.255268 0.0938551 0.0789569 0.0184176
0 0.886097 0.617389 0.127083 0.186348 0.0182463
0 0.891953 0.588017 0.0599279 0.0935355 0.0180556
0 0.102218 0.732881 0.16465 0.35143 0.0180314
0 0.983636 0.907837 0.0320852 0.17404 0.0177305
0 0.0359251 0.527207 0.0679684 0.212434 0.0175708
0 0.909875 0.664297 0.115263 0.17292 0.0175519
0 0.654511 0.438434 0.0581416 0.0639496 0.0175287
0 0.101949 0.618732 0.180864 0.301511 0.017492
0 0.306016 0.480732 0.175192 0.118109 0.0174547
0 0.983217 0.438413 0.0331446 0.0998423 0.0174282
0 0.987762 0.538591 0.0245794 0.108789 0.0173501
0 0.933785 0.609268 0.0643406 0.105746 0.0173374
0 0.217641 0.33376 0.0966575 0.0631803 0.0172118
0 0.296759 0.451092 0.299086 0.191068 0.0169561
0 0.573728 0.50945 0.0924603 0.0671915 0.0169449
0 0.937215 0.89055 0.102878 0.147326 0.0166929
0 0.607514 0.293342 0.0299434 0.102124 0.0165911
0 0.00633764 0.523631 0.0132239 0.0794356 0.0165368
0 0.86748 0.899362 0.0721682 0.127832 0.0164657
0 0.0142769 0.326571 0.0267672 0.105102 0.0162911
0 0.0403804 0.585439 0.0758317 0.212525 0.0162362
0 0.172561 0.498903 0.0430891 0.0548531 0.0162087
0 0.213961 0.259507 0.0482153 0.0621112 0.016162
0 0.0448668 0.731404 0.0849939 0.272934 0.0160792
0 0.982856 0.99775 0.0369511 0.0473185 0.0160399
0 0.0562389 0.791924 0.0904863 0.207709 0.0160123
0 0.0729877 0.597699 0.130448 0.185425 0.0159928
0 0.979091 -0.0111136 0.0393766 0.0449328 0.0158605
0 0.841215 0.955656 0.15427 0.14235 0.0157103
0 0.991034 0.865966 0.0176506 0.134801 0.015636
0 0.251119 0.270876 0.0356291 0.0378293 0.0155945
0 0.908114 0.872257 0.071019 0.0997337 0.0155282
0 0.0152489 0.583063 0.0310642 0.190372 0.0154664
0 0.179581 0.354773 0.177097 0.15706 0.0154477
0 0.0386113 0.641654 0.0732272 0.241603 0.0154263
0 0.603105 0.523885 0.0982215 0.057802 0.0153589
0 0.147074 0.50744 0.0787838 0.0616353 0.015352
0 0.71526 0.134527 0.0770344 0.124344 0.0152996
0 0.0564556 0.541029 0.101037 0.169683 0.0152259
0 0.933513 0.973656 0.0575962 0.0493968 0.0151963
0 0.565621 0.4715 0.0695392 0.0536325 0.0151656
0 0.829942 0.585396 0.124688 0.146297 0.015158
0 0.0296251 0.26732 0.0580793 0.179123 0.0151288
0 0.92699 0.932614 0.0910444 0.132145 0.015055
0 0.0474948 0.88223 0.087881 0.20138 0.014924
0 0.0186624 0.638739 0.0373596 0.217014 0.0149076
0 0.936856 0.639247 0.122022 0.232581 0.0148586
0 0.888619 0.910783 0.0879751 0.136998 0.0148398
0 0.992834 0.701289 0.0150864 0.112208 0.014795
0 0.527533 0.961398 0.028331 0.0591641 0.0147667
0 0.954938 0.864984 0.0647213 0.10691 0.0147537
0 0.864542 0.995368 0.0918995 0.0570935 0.014738
0 0.833906 0.999917 0.0767173 0.0496908 0.0147194
0 0.656939 0.471135 0.0591943 0.0425854 0.0146806
0 0.985023 0.86852 0.0289246 0.145492 0.0146648
0 0.846017 0.881668 0.0579742 0.119935 0.0146177
0 0.901704 0.722925 0.0969912 0.145476 0.0145926
0 0.599851 0.287573 0.0458334 0.127665 0.0145089
0 0.0822555 0.877016 0.113111 0.187312 0.0144751
0 0.138631 0.842588 0.0721257 0.116516 0.0144509
0 0.235873 0.753795 0.0403352 0.0488215 0.014434
0 0.0258139 0.619037 0.0502054 0.128617 0.0143969
0 0.970098 0.677088 0.0556536 0.14569 0.0143798
0 0.837881 0.95114 0.0709522 0.0886175 0.0143217
0 0.022111 0.688092 0.0434775 0.250274 0.0143173
0 0.568636 0.280065 0.0713178 0.130916 0.0143107
0 0.761874 0.131834 0.0814569 0.11513 0.0142512
0 0.946335 0.754464 0.102701 0.230602 0.0142444
0 0.732625 0.132755 0.0741452 0.117589 0.0142129
0 0.95219 0.681374 0.0854502 0.124431 0.0141245
0 0.589997 0.470188 0.0608356 0.0405863 0.0140048
0 0.813049 1.00085 0.0768503 0.0500037 0.0139885
0 0.248032 0.278196 0.0325311 0.030665 0.0139508
0 0.988668 0.93091 0.0209841 0.118185 0.0139493
0 0.14838 0.612739 0.167843 0.228195 0.0139432
0 0.464097 0.510399 0.119763 0.0561063 0.0139402
0 0.174693 0.403609 0.163869 0.169706 0.0137988
0 0.108732 0.880005 0.107957 0.165293 0.0137766
0 0.98173 0.704521 0.0363092 0.159416 0.0136912
0 0.408343 -0.00482838 0.0678103 0.0496105 0.0136679
0 0.918591 0.607294 0.0381126 0.0927039 0.0136196
0 0.183054 0.519882 0.0496901 0.0463593 0.013617
0 0.0386253 0.485837 0.0708344 0.118438 0.0134846
0 0.0628264 0.246514 0.0656793 0.0949728 0.0134611
0 0.227657 0.320674 0.0856825 0.0707195 0.0134375
0 0.970783 0.045611 0.0557133 0.142604 0.0134153
0 0.197047 0.515313 0.0587173 0.0528839 0.0133805
0 0.611134 0.466027 0.0543901 0.0436944 0.0133206
0 0.929323 0.990931 0.0540701 0.0350547 0.0132826
0 0.412981 0.507999 0.0955813 0.0556489 0.0132721
0 0.557544 -0.0029775 0.0776794 0.055391 0.0132538
0 0.152541 0.521133 0.0647144 0.0510338 0.0131964
0 0.176973 0.188775 0.0408623 0.0808647 0.0131604
0 0.532836 -0.00307264 0.0723378 0.0537529 0.0131518
0 0.83139 0.557194 0.114424 0.113096 0.0131426
0 0.0232734 0.240388 0.0486785 0.288926 0.0131229
0 0.640747 0.124299 0.0714246 0.132227 0.0131007
0 0.58231 -0.00236079 0.0795926 0.0562405 0.0130871
0 0.876536 0.535846 0.0745619 0.0725046 0.0130858
0 0.167522 0.885884 0.0643392 0.105702 0.0130463
0 0.608337 -0.00269288 0.0785675 0.0544273 0.013029
0 0.73401 0.173455 0.0537831 0.0796826 0.0130231
0 0.160947 0.188535 0.0608218 0.0941087 0.0130022
0 0.47941 -0.00437142 0.0739051 0.0523298 0.0129868
0 0.96068 0.988543 0.0655256 0.052154 0.0129174
0 0.155371 0.0377831 0.180195 0.135069 0.0128963
0 0.889639 0.990692 0.099049 0.0631368 0.0128555
0 0.071588 0.805328 0.141181 0.3464 0.0128404
0 0.190774 0.339199 0.0942086 0.0800412 0.0128387
0 0.43382 -0.00577395 0.0691164 0.0486961 0.012814
0 0.507244 -0.00349994 0.0748311 0.0539551 0.012764
0 0.604719 0.508065 0.0943978 0.0604384 0.0127533
0 0.969742 0.536717 0.0553249 0.114926 0.0127529
0 0.944099 0.561549 0.100172 0.11262 0.0126855
0 0.690976 0.133119 0.0810345 0.130608 0.0126801
0 0.239414 0.494944 0.0701998 0.0657145 0.0126437
0 0.0901048 0.678881 0.123737 0.162118 0.0126324
0 0.14317 1.00373 0.0536654 0.0555495 0.0126323
0 0.246683 0.261001 0.0581322 0.0732082 0.0126193
0 0.976905 0.836279 0.0435875 0.228456 0.0126175
0 0.65311 0.456745 0.0584872 0.0574688 0.0126091
0 0.787429 0.129569 0.0831873 0.11265 0.0126026
0 0.0242111 0.531845 0.0498764 0.105135 0.0125785
0 0.184829 0.429494 0.069234 0.0659134 0.012572
0 0.494421 0.508687 0.107353 0.0611942 0.0125598
0 0.656285 -0.00621673 0.071211 0.0495879 0.0125476
0 0.937416 0.471965 0.112719 0.171663 0.012536
0 0.825769 0.813506 0.117056 0.261063 0.0125279
0 0.632352 -0.00455119 0.075515 0.0522561 0.0125179
0 0.814077 0.122555 0.0777777 0.109916 0.012429
0 0.0281518 0.661361 0.053718 0.136418 0.0124195
0 0.0432075 0.26299 0.0542709 0.135056 0.012414
0 0.382756 0.548007 0.0315827 0.0400681 0.012413
0 0.457573 -0.00520432 0.0718481 0.0506686 0.0123812
0 0.849095 0.622164 0.102262 0.152252 0.0123625
0 0.313435 0.621193 0.114033 0.174904 0.0123461
0 0.16529 0.474368 0.0855241 0.100436 0.0123129
0 0.207127 0.438939 0.050384 0.0726606 0.0122925
0 0.672904 0.156346 0.0314881 0.0454052 0.0122772
0 0.783468 0.545251 0.145492 0.113694 0.0122447
0 0.973044 0.431127 0.0511276 0.0854761 0.0122315
0 0.759 -0.00455882 0.0812648 0.0550781 0.0122263
0 0.138557 0.883787 0.086644 0.136858 0.0122019
0 0.557361 0.55845 0.0505695 0.0500414 0.0122016
0 0.169204 0.747286 0.137476 0.277523 0.0121852
0 0.980762 0.51418 0.0392347 0.12653 0.0121243
0 0.972778 0.940075 0.0493254 0.115641 0.0120847
0 0.981411 0.95618 0.0366764 0.0859085 0.012075
0 0.843245 0.881776 0.159978 0.25901 0.0120681
0 0.946475 0.632981 0.090465 0.12162 0.0120438
0 0.834388 0.851834 0.0583376 0.116035 0.0120024
0 0.854686 0.551614 0.0821053 0.0744189 0.0120024
0 0.83657 0.118924 0.0815762 0.114941 0.0119341
0 0.230239 0.213414 0.0601837 0.0669303 0.0119226
0 0.99283 0.847834 0.014579 0.102688 0.0119146
0 0.987271 0.0822459 0.0249981 0.13184 0.0119141
0 0.517487 0.957979 0.0278675 0.0622082 0.0118979
0 0.133998 0.518504 0.0949781 0.0656894 0.0118942
0 0.0593988 0.91913 0.0992675 0.151595 0.0118712
0 0.601762 0.474519 0.0237438 0.0272939 0.0118711
0 0.313987 0.252843 0.0657377 0.101273 0.0118554
0 0.168756 0.418986 0.0608556 0.0454965 0.011851
0 0.784548 0.176836 0.0797703 0.0985448 0.0118413
0 0.709773 -0.00510346 0.0715039 0.0517947 0.0118409
0 0.756071 0.442991 0.0473622 0.0544495 0.0118354
0 0.0145287 0.228209 0.0310948 0.125669 0.0118246
0 0.142301 0.263129 0.0614859 0.0583179 0.011823
0 0.49594 0.408139 0.0266325 0.0415081 0.0118203
0 0.208352 0.753601 0.0415765 0.0499895 0.0117924
0 0.382149 -0.00421738 0.0674016 0.0489459 0.011775
0 0.783886 -0.00504067 0.0776145 0.05318 0.0117735
0 0.0400131 0.514423 0.0729174 0.0939357 0.0117631
0 0.662512 0.128533 0.0678388 0.128016 0.0117188
0 0.0221129 0.788788 0.0441942 0.226908 0.0117174
0 0.358757 0.0433691 0.0296088 0.0349252 0.011687
0 0.123922 0.955789 0.159701 0.149493 0.0116769
0 0.354894 0.329584 0.0297608 0.0366711 0.0116568
0 0.650283 0.420065 0.0525256 0.0756767 0.0116531
0 0.784431 0.559182 0.0934744 0.0900142 0.0116509
0 0.921165 0.972381 0.0489315 0.0446008 0.0116247
0 0.604092 0.459841 0.0221124 0.0295308 0.011624
0 0.918291 0.845214 0.0537016 0.059138 0.0116195
0 0.240056 0.378107 0.0760437 0.066124 0.011614
0 0.0258619 0.83927 0.0495999 0.214347 0.0116006
0 0.183899 0.266931 0.0331639 0.0464031 0.0115951
0 0.230268 0.259669 0.0616629 0.0731458 0.011587
0 0.11046 0.637004 0.122247 0.12979 0.011579
0 0.560504 0.483046 0.0850073 0.0657612 0.0115659
0 0.973141 0.101193 0.0485746 0.16578 0.0115592
0 0.229223 0.557881 0.0390184 0.0496869 0.0115532
0 0.734162 -0.00429647 0.0786624 0.0547967 0.0115448
0 0.255961 0.280761 0.0460312 0.0406411 0.0115443
0 0.683764 -0.0056443 0.0706036 0.0510803 0.0115207
0 0.327491 0.488794 0.126318 0.0945535 0.011514
0 0.858233 0.737172 0.0558718 0.0894504 0.0115032
0 0.803579 0.584393 0.121021 0.131668 0.0115028
0 0.160159 0.835435 0.0601665 0.0951165 0.0114904
0 0.42087 0.437953 0.0418841 0.040861 0.0114818
0 0.0634418 0.520413 0.0853117 0.0724163 0.0114661
0 0.214093 0.3103 0.0543444 0.0574368 0.0114651
0 0.638887 0.464409 0.0786867 0.0585446 0.0114497
0 0.468654 0.0812678 0.0486883 0.0628433 0.0114391
0 0.351635 0.755796 0.0465893 0.0666829 0.0114372
0 0.607328 0.321121 0.0296535 0.111129 0.0114322
0 0.575368 0.242035 0.0374559 0.045574 0.0114226
0 0.536256 0.556482 0.0391869 0.0467971 0.0114225
0 0.193947 0.269891 0.0336383 0.0409583 0.0114122
0 0.446333 0.0790371 0.0588365 0.071789 0.0114074
0 0.00577338 0.557159 0.0129804 0.0775821 0.0114064
0 0.162093 0.79614 0.0536235 0.0887785 0.0113981
