0 0.5625 0.467359 0 0.147175 0.901492
0 0.5625 0.512689 0 0.196528 0.897486
0 0.5625 0.57744 0 0.496702 0.857946
0 0.335372 0.469988 0.099802 0.118319 0.844254
0 0.424576 0.44045 0.0451745 0.0596474 0.834567
0 0.473467 0.421818 0.0210847 0.0262043 0.824906
0 0.0839753 0.4619 0.133229 0.128915 0.787211
0 0.533905 0.421483 0.0170249 0.0343838 0.787091
0 0.545019 0.427946 0.0199674 0.0434342 0.749492
0 0.4893 0.417682 0.0160147 0.0232438 0.721958
0 0.555087 0.428168 0.014826 0.0807593 0.684062
0 0.5625 0.445657 0 0.0995923 0.559667
0 0.385789 0.435958 0.0321813 0.0453056 0.504416
0 0.178192 0.454918 0.0680997 0.0906973 0.457664
0 0.462977 0.397984 0.0160754 0.0210342 0.456857
0 0.490665 0.402393 0.0155255 0.0213718 0.450235
0 0.557945 0.436459 0.00910935 0.0790522 0.423887
0 0.492051 0.392327 0.0140975 0.0177177 0.41726
0 0.230125 0.452426 0.0483008 0.0726885 0.384262
0 0.271049 0.458904 0.0337162 0.0440253 0.363127
0 0.246952 0.446417 0.0674071 0.0859618 0.333946
0 0.268813 0.44886 0.0442912 0.0667047 0.326009
0 0.211036 0.447035 0.0772146 0.09299 0.311712
0 0.510705 0.386371 0.0111273 0.0148861 0.306535
0 0.396091 0.433953 0.0288402 0.0458975 0.30412
0 0.0509482 0.493039 0.0880444 0.0792102 0.297096
0 0.528674 0.4029 0.0136529 0.0214943 0.295414
0 0.531166 0.420819 0.0136175 0.0289006 0.286358
0 0.460562 0.400683 0.0148263 0.0214567 0.285147
0 0.518595 0.383015 0.0133901 0.0179976 0.271656
0 0.481124 0.395881 0.0133847 0.0166258 0.26811
0 0.377115 0.435057 0.0324614 0.0425604 0.265239
0 0.190732 0.457329 0.0494111 0.0776925 0.263579
0 0.522614 0.391795 0.0118648 0.0172153 0.262401
0 0.48525 0.394354 0.0127493 0.0142608 0.252784
0 0.499339 0.388804 0.0112938 0.0141992 0.247269
0 0.495311 0.389274 0.0120259 0.0143199 0.244435
0 0.49302 0.397979 0.0121588 0.0168565 0.230029
0 0.499027 0.397197 0.0109372 0.0141262 0.229889
0 0.262177 0.436453 0.0669191 0.0913549 0.229849
0 0.462696 0.403594 0.0131634 0.0179728 0.228794
0 0.0132475 0.484678 0.026495 0.103598 0.227775
0 0.481705 0.401586 0.0114326 0.0153475 0.225414
0 0.279657 0.445474 0.042203 0.0699089 0.221082
0 0.523455 0.382566 0.010352 0.0161535 0.216053
0 0.523472 0.386543 0.0115485 0.0159186 0.214441
0 0.562351 0.454816 0.000298977 0.0788986 0.212036
0 0.461685 0.394363 0.014042 0.0185664 0.210864
0 0.528049 0.394395 0.0119232 0.0152872 0.210278
0 0.54807 0.433077 0.0142342 0.0378448 0.208754
0 0.531833 0.407472 0.0167961 0.0221854 0.208449
0 0.46316 0.408941 0.0135284 0.0183498 0.208253
0 0.24141 0.459182 0.0553988 0.0687795 0.20748
0 0.459585 0.385315 0.0160661 0.0177074 0.206009
0 0.0201607 0.471875 0.0398729 0.131568 0.200244
0 0.535889 0.416123 0.0147955 0.032265 0.196063
0 0.515281 0.392169 0.0118542 0.0162472 0.193761
0 0.509333 0.391611 0.0134789 0.0166316 0.193607
0 0.388246 0.387154 0.0236924 0.0277454 0.191369
0 0.262794 0.461488 0.0458974 0.060441 0.1906
0 0.5422 0.427758 0.0150024 0.0321772 0.189463
0 0.598352 0.445031 0.057233 0.102459 0.188076
0 0.383883 0.434533 0.0224819 0.035989 0.185954
0 0.0309706 0.488821 0.0595334 0.0940463 0.179742
0 0.525382 0.397432 0.0122478 0.0178924 0.178177
0 0.386995 0.420135 0.0347956 0.0735959 0.177682
0 0.510713 0.393538 0.00863867 0.0137911 0.173656
0 0.158102 0.449616 0.0434294 0.0933477 0.172479
0 0.483269 0.414802 0.0118273 0.0173183 0.171989
0 0.97428 0.658546 0.0517145 0.311337 0.16999
0 0.397021 0.430024 0.0179952 0.0333878 0.16532
0 0.3884 0.383753 0.0187446 0.0194584 0.16306
0 0.414314 0.411134 0.0279541 0.0248219 0.159545
0 0.505566 0.390742 0.0130673 0.0161343 0.159217
0 0.557334 0.438787 0.0170537 0.0402991 0.155542
0 0.263887 0.463731 0.0246164 0.0342484 0.146187
0 0.415756 0.421151 0.0284818 0.0332584 0.145554
0 0.0167552 0.425117 0.0333138 0.0566321 0.14524
0 0.484796 0.389059 0.0132026 0.0173614 0.144524
0 0.535485 0.404549 0.013997 0.0259722 0.140783
0 0.457371 0.361354 0.0124187 0.0143606 0.13935
0 0.372399 0.436185 0.0236264 0.0331961 0.135094
0 0.388299 0.40561 0.022545 0.0276318 0.132898
0 0.0209606 0.436765 0.0410768 0.0789116 0.132314
0 0.275437 0.457023 0.0210869 0.03404 0.129432
0 0.459025 0.37397 0.0134871 0.0137223 0.127236
0 0.497254 0.394675 0.0127561 0.0175815 0.125903
0 0.145401 0.450336 0.0598133 0.0981921 0.125685
0 0.527762 0.418358 0.0114017 0.0222232 0.12482
0 0.0273602 0.453975 0.0544902 0.14728 0.124177
0 0.195793 0.38472 0.038503 0.0257837 0.123188
0 0.17577 0.443292 0.0894368 0.118741 0.121966
0 0.476898 0.359714 0.0114311 0.0121113 0.120299
0 0.0166295 0.499962 0.0331243 0.153693 0.119147
0 0.194794 0.410323 0.0525977 0.05208 0.119123
0 0.451596 0.363061 0.0129882 0.0152319 0.117953
0 0.567771 0.453305 0.0208525 0.0559232 0.116595
0 0.510828 0.404885 0.0108344 0.0157809 0.116394
0 0.530783 0.384409 0.0112927 0.0139398 0.115629
0 0.387063 0.421842 0.0200012 0.0281628 0.115044
0 0.466268 0.383273 0.0139273 0.0165015 0.113182
0 0.534132 0.364671 0.0114615 0.0136787 0.112563
0 0.278205 0.453321 0.0301395 0.0476952 0.112491
0 0.115055 0.45736 0.0779889 0.10967 0.112279
0 0.967912 0.563657 0.0636368 0.4609 0.112207
0 0.376635 0.42925 0.0183196 0.0290328 0.112039
0 0.154842 0.432973 0.03512 0.0616609 0.108416
0 0.28864 0.440882 0.0427194 0.0752315 0.108356
0 0.389544 0.397392 0.0186042 0.0173878 0.108279
0 0.451245 0.400055 0.013624 0.0153859 0.107719
0 0.40763 0.410733 0.0219626 0.0236939 0.107233
0 0.508319 0.360178 0.0127197 0.0156113 0.107001
0 0.446807 0.362397 0.0146677 0.0158779 0.106559
0 0.404186 0.412101 0.0368612 0.0388685 0.105926
0 0.52616 0.364085 0.0118949 0.0165501 0.1059
0 0.445971 0.402837 0.0206391 0.0212753 0.102894
0 0.431545 0.40224 0.0185624 0.0173423 0.102593
0 0.480671 0.379777 0.0216388 0.0271339 0.101754
0 0.389706 0.398124 0.0227926 0.0284131 0.101449
0 0.533771 0.426024 0.0116431 0.0230136 0.101263
0 0.51574 0.425809 0.0118307 0.0249295 0.100345
0 0.539514 0.363354 0.0117065 0.0133243 0.0983897
0 0.1464 0.438816 0.0408486 0.0786072 0.0981031
0 0.150142 0.420979 0.0302659 0.0474119 0.0977975
0 0.41191 0.403189 0.0313899 0.0339635 0.0962804
0 0.434954 0.358381 0.0217035 0.0190186 0.0956219
0 0.0268167 0.423334 0.0530509 0.0819054 0.0953875
0 0.396111 0.404925 0.0147135 0.0167217 0.0950442
0 0.199165 0.383651 0.0536836 0.0308667 0.0946088
0 0.306627 0.419801 0.0747319 0.0928819 0.0937523
0 0.260086 0.462192 0.0278854 0.0434411 0.0932914
0 0.435911 0.405924 0.0168718 0.0195352 0.0921156
0 0.518388 0.363102 0.0117908 0.0156229 0.0920956
0 0.423648 0.391513 0.023527 0.0250831 0.0917238
0 0.0336646 0.500187 0.0679894 0.155568 0.0911335
0 0.406676 0.416873 0.0213273 0.0251335 0.0907302
0 0.09558 0.380146 0.0219698 0.0153731 0.0903336
0 0.668792 0.398483 0.0745117 0.0392332 0.0877642
0 0.41827 0.361661 0.022111 0.017976 0.0853242
0 0.104949 0.37853 0.0275304 0.0170925 0.0840998
0 0.0101652 0.511979 0.0205359 0.120476 0.0830978
0 0.283713 0.447802 0.021563 0.0359712 0.0827076
0 0.406179 0.423186 0.0138061 0.0215641 0.0811012
0 0.0201357 0.411232 0.0424924 0.0697853 0.0808992
0 0.489813 0.344359 0.0122392 0.0147979 0.0792411
0 0.505297 0.344844 0.0114889 0.0136408 0.0792284
0 0.109945 0.391575 0.044833 0.0348093 0.0788992
0 0.542929 0.408197 0.0136295 0.0232321 0.0784969
0 0.513785 0.343907 0.0128923 0.0147731 0.0776588
0 0.424011 0.361924 0.0161614 0.0169328 0.0771829
0 0.498663 0.345875 0.0118365 0.0141911 0.0767811
0 0.0908771 0.429828 0.111032 0.0681361 0.0756484
0 0.518253 0.343363 0.0127449 0.0145821 0.0756302
0 0.0109012 0.395463 0.0223091 0.0433044 0.0754029
0 0.31661 0.403913 0.0640378 0.062207 0.074949
0 0.370144 0.419048 0.0345142 0.0443741 0.0748202
0 0.503036 0.378822 0.0119275 0.0166378 0.0748015
0 0.638991 0.423695 0.0811874 0.0582851 0.0747579
0 0.230137 0.383604 0.033365 0.0282384 0.0734206
0 0.4142 0.36755 0.0219173 0.0148027 0.0723995
0 0.133289 0.431593 0.0573003 0.0783985 0.0718323
0 0.671445 0.379964 0.0823991 0.0882461 0.0711488
0 0.607679 0.465928 0.050555 0.13649 0.0709504
0 0.0569168 0.428472 0.0949326 0.0952162 0.0702508
0 0.114904 0.376611 0.0211813 0.0180357 0.0702044
0 0.33234 0.438889 0.10228 0.121511 0.0698847
0 0.518634 0.373102 0.0118836 0.0157939 0.0696998
0 0.145315 0.382881 0.031654 0.0266813 0.0695715
0 0.465147 0.3695 0.0130444 0.0159665 0.068076
0 0.0688183 0.378621 0.0255242 0.0214378 0.067766
0 0.361515 0.428677 0.0389121 0.0454423 0.067698
0 0.279622 0.421437 0.0720069 0.0910361 0.0672375
0 0.0918236 0.409017 0.081202 0.0575723 0.0670047
0 0.65742 0.402479 0.0607476 0.0311181 0.0669056
0 0.525003 0.372346 0.0131689 0.0173767 0.0661789
0 0.257827 0.418077 0.0836224 0.083362 0.0660263
0 0.234635 0.388858 0.0443981 0.0373623 0.0654694
0 0.775471 0.433003 0.0296246 0.027871 0.0649777
0 0.333215 0.404389 0.0798995 0.0652033 0.0647051
0 0.547213 0.359852 0.0139135 0.0150486 0.0646917
0 0.19934 0.464372 0.102756 0.136057 0.0634236
0 0.0945025 0.475315 0.0891197 0.090871 0.0631597
0 0.143406 0.413587 0.0365858 0.0472304 0.0615277
0 0.283467 0.457365 0.0189817 0.0390354 0.0611815
0 0.131227 0.37936 0.0278498 0.0223139 0.0599992
0 0.378448 0.441666 0.0188343 0.0367371 0.0589875
0 0.0372594 0.437401 0.070372 0.096976 0.0584609
0 0.287638 0.462274 0.0163571 0.0263254 0.0581423
0 0.0842102 0.376908 0.0321424 0.0194285 0.0578515
0 0.561848 0.42445 0.0157569 0.0357262 0.057145
0 0.157398 0.386214 0.0365738 0.0297325 0.0568531
0 0.771179 0.429012 0.0399411 0.0342468 0.0566051
0 0.0499059 0.388179 0.0569657 0.0393954 0.0560701
0 0.249482 0.462666 0.0303401 0.0515903 0.0559603
0 0.220783 0.463806 0.0622971 0.0929966 0.0551208
0 0.323781 0.38767 0.056329 0.0440645 0.0546992
0 0.379091 0.358954 0.0231482 0.0164128 0.0546558
0 0.0686622 0.402094 0.0908493 0.0525385 0.0545496
0 0.540497 0.338042 0.0438157 0.0660984 0.0542697
0 0.484191 0.345116 0.0128851 0.0167213 0.0537926
0 0.384479 0.44588 0.0176834 0.0284515 0.0536334
0 0.185675 0.413494 0.104591 0.104449 0.052695
0 0.387655 0.374247 0.0196947 0.0154965 0.0525429
0 0.215889 0.390788 0.0260613 0.0183285 0.0521376
0 0.445523 0.421529 0.0125097 0.0235369 0.0517723
0 0.652192 0.410697 0.0530036 0.0366588 0.0517075
0 0.950825 0.645333 0.103141 0.339299 0.0497923
0 0.257271 0.435124 0.0228739 0.0312937 0.0494968
0 0.561362 0.444335 0.0189322 0.0462808 0.0482426
0 0.36297 0.442744 0.0412483 0.0503776 0.0474772
0 0.533632 0.373618 0.0159121 0.0191036 0.0474744
0 0.941167 0.548666 0.116441 0.439187 0.0473957
0 0.229226 0.390286 0.0248689 0.0192732 0.0469268
0 0.412237 0.448865 0.0339123 0.0546925 0.0466762
0 0.780109 0.378876 0.131433 0.13136 0.0462267
0 0.354588 0.35306 0.0254376 0.0214845 0.0458348
0 0.919343 0.666434 0.161609 0.315498 0.0450696
0 0.565195 0.398618 0.0146627 0.0292701 0.0450008
0 0.549669 0.373207 0.0184363 0.0185978 0.0446175
0 0.449472 0.347741 0.0193529 0.0196622 0.0441202
0 0.33285 0.421022 0.0933223 0.0771915 0.0438021
0 0.618451 0.489223 0.0608411 0.099979 0.0431268
0 0.117741 0.411372 0.122441 0.118677 0.0425562
0 0.104186 0.403731 0.0696912 0.0436146 0.0424686
0 0.221161 0.424186 0.116811 0.123668 0.0420951
0 0.391181 0.334491 0.0218784 0.0207651 0.0419903
0 0.139881 0.378893 0.0239625 0.0180029 0.0417908
0 0.164155 0.150522 0.284724 0.324083 0.04178
0 0.492875 0.373354 0.0146322 0.0165605 0.0410854
0 0.00735912 0.381324 0.0143217 0.0220663 0.0408791
0 0.310151 0.443754 0.0679088 0.0859651 0.0407575
0 0.195828 0.402851 0.0272123 0.0237182 0.0406199
0 0.295378 0.43212 0.0197976 0.0282902 0.0404588
0 0.981336 0.712349 0.0342974 0.259443 0.0394721
0 0.37003 0.45594 0.0342485 0.070392 0.0393444
0 0.00853784 0.372332 0.0149016 0.0256132 0.0388105
0 0.237915 0.474661 0.0262698 0.0410155 0.0387523
0 0.694849 0.113729 0.195233 0.265963 0.038656
0 0.776031 0.437889 0.0230514 0.0238321 0.0386421
0 0.349025 0.351814 0.0234233 0.0201839 0.0384872
0 0.305063 0.458457 0.0426807 0.0750615 0.037941
0 0.792919 0.399914 0.0852263 0.0948497 0.0376039
0 0.153129 0.384132 0.0247234 0.0171051 0.0375652
0 0.470256 0.417262 0.0122598 0.0203657 0.0370039
0 0.595648 0.424436 0.0270152 0.0442291 0.0369282
0 0.672124 0.498946 0.0947324 0.181342 0.0365052
0 0.781053 0.425609 0.0352255 0.0408638 0.0364185
0 0.53938 0.342983 0.0121487 0.0156358 0.0363775
0 0.889635 0.433158 0.223609 0.208032 0.0362324
0 0.652985 0.488104 0.0599447 0.149774 0.0362036
0 0.75318 0.687704 0.118395 0.225335 0.0358712
0 0.643425 0.404163 0.0724818 0.0494349 0.0357639
0 0.365655 0.312736 0.0225801 0.0250419 0.0357394
0 0.229144 0.40945 0.027436 0.027358 0.0355193
0 0.315589 0.132469 0.218449 0.253115 0.0354756
0 0.0103889 0.415022 0.0208788 0.080028 0.0351349
0 0.472328 0.341371 0.0127565 0.0155212 0.0348631
0 0.158614 0.387628 0.0252628 0.0184499 0.0347433
0 0.688654 0.394532 0.0795192 0.0593971 0.0341228
0 0.193953 0.375717 0.0337756 0.0297813 0.0336303
0 0.382906 0.333895 0.0221596 0.0190196 0.0333235
0 0.658031 0.381519 0.0571362 0.040967 0.0332553
0 0.639609 0.491167 0.0520286 0.12112 0.0330293
0 0.0648021 0.390659 0.117916 0.148261 0.0326023
0 0.200498 0.365769 0.0400947 0.0378539 0.0323103
0 0.895821 0.582867 0.179636 0.462047 0.0321581
0 0.788254 0.414735 0.0677304 0.0621074 0.0317793
0 0.283118 0.358041 0.0241876 0.0220736 0.0316595
0 0.258315 0.136043 0.244076 0.275087 0.0312942
0 0.349987 0.343965 0.0217799 0.0225946 0.0311969
0 0.332913 0.355244 0.0246573 0.0210687 0.030886
0 0.518228 0.415296 0.00980015 0.0152932 0.0303071
0 0.983081 0.413555 0.0342291 0.169517 0.0301995
0 0.546986 0.363545 0.0180834 0.0234428 0.0301803
0 0.931755 0.435311 0.128527 0.279213 0.0301792
0 0.185638 0.364963 0.0331251 0.0294156 0.0299626
0 0.0860639 0.37006 0.0277407 0.0238501 0.0298445
0 0.771958 0.532506 0.0989973 0.229494 0.0295089
0 0.307507 0.356265 0.0283521 0.0229004 0.0293709
0 0.971942 0.415429 0.055472 0.172561 0.0293539
0 0.0401558 0.406923 0.0777531 0.188072 0.029299
0 0.978943 0.452708 0.0411221 0.206156 0.0289504
0 0.958143 0.613837 0.0765427 0.267354 0.028815
0 0.801201 0.555699 0.171643 0.263146 0.0287267
0 0.774348 0.446013 0.024038 0.030068 0.0286836
0 0.0691415 0.373116 0.0260282 0.0239427 0.0285633
0 0.0402948 0.532788 0.0705768 0.203312 0.0284506
0 0.0647417 0.515624 0.117691 0.157442 0.028393
0 0.248867 0.371894 0.0313113 0.0248077 0.0282806
0 0.347633 0.337891 0.0236368 0.0259067 0.0280169
0 0.264279 0.365438 0.0302169 0.0264097 0.0278192
0 0.320163 0.356922 0.0295685 0.0232001 0.0277571
0 0.489566 0.420505 0.0121638 0.019395 0.0276371
0 0.16863 0.385639 0.0535376 0.0492273 0.0275744
0 0.364143 0.466977 0.0444626 0.0919029 0.0274614
0 0.128683 0.364216 0.0257034 0.0251207 0.0274301
0 0.550597 0.436842 0.0139086 0.0304679 0.0273433
0 0.15749 0.461374 0.0838374 0.139321 0.027259
0 0.315236 0.471393 0.0534919 0.0878634 0.0269347
0 0.472417 0.147499 0.119 0.13792 0.0267932
