0 0.657116 0.545502 0.10504 0.160488 0.872225
0 0.42578 0.560708 0.0386467 0.0485842 0.871065
0 0.473015 0.56001 0.034376 0.0471337 0.870573
0 0.892419 0.621688 0.215161 0.290805 0.8636
0 0.570776 0.536092 0.0216028 0.0382428 0.828685
0 0.546911 0.553363 0.0432925 0.0687351 0.780781
0 0.503335 0.528655 0.0189441 0.0378706 0.730644
0 0.517342 0.537041 0.0120449 0.0212202 0.556319
0 0.525622 0.542562 0.0123979 0.0271271 0.487063
0 0.584203 0.53393 0.0135502 0.0274411 0.484036
0 0.824379 0.537608 0.0760178 0.0990907 0.456112
0 0.528715 0.544586 0.0143963 0.0384167 0.425322
0 0.589251 0.53297 0.0129759 0.0233176 0.420833
0 0.715322 0.525792 0.0301417 0.0379483 0.400785
0 0.604594 0.532479 0.0164467 0.0243705 0.396187
0 0.486231 0.536698 0.0157786 0.0299979 0.370473
0 0.556434 0.544542 0.0310395 0.0516359 0.322793
0 0.0593973 0.865816 0.118795 0.268368 0.298064
0 0.448925 0.551378 0.0206518 0.0346951 0.27352
0 0.575922 0.534893 0.015758 0.0318409 0.268302
