0 0.514634 0.766031 0.0957328 0.150642 0.916855
0 0.5625 0.777621 0 0.300105 0.886633
0 0.210715 0.758106 0.0310012 0.0447873 0.883146
0 0.107246 0.804439 0.0937923 0.128201 0.877446
0 0.309633 0.763068 0.0263727 0.0399502 0.827305
0 0.297028 0.750244 0.0230366 0.0365631 0.815078
0 0.329163 0.781382 0.0349323 0.0455334 0.801492
0 0.221992 0.714961 0.0196336 0.0273777 0.774916
0 0.153597 0.754364 0.0266421 0.0398307 0.763445
0 0.281757 0.73257 0.0159733 0.026758 0.734646
0 0.276223 0.725534 0.016793 0.0280724 0.673763
0 0.173736 0.724744 0.0146639 0.0271398 0.614273
0 0.168657 0.732922 0.0169795 0.0296402 0.598183
0 0.273625 0.721993 0.016513 0.0282588 0.556894
0 0.192911 0.717719 0.0132625 0.0197271 0.447887
0 0.254264 0.712945 0.0151289 0.0226703 0.418687
0 0.157942 0.749279 0.0239187 0.0384791 0.403803
0 0.248663 0.711413 0.0148608 0.0225357 0.37023
0 0.238072 0.710359 0.014901 0.0223682 0.338075
0 0.263404 0.715467 0.0157034 0.0256144 0.333159
0 0.171695 0.730689 0.0141466 0.0247233 0.327407
0 0.270679 0.722736 0.0133804 0.0243096 0.313509
0 0.2687 0.719772 0.0128494 0.0236457 0.298929
0 0.291193 0.7441 0.0190164 0.0314818 0.292514
0 0.288294 0.739927 0.0167457 0.0325373 0.29006
0 0.167295 0.739857 0.0147468 0.0279136 0.281051
0 0.297264 0.753392 0.0163628 0.0326465 0.278051
0 0.190047 0.719554 0.0119521 0.0191703 0.264396
0 0.175705 0.71964 0.0139027 0.0242516 0.264227
0 0.14352 0.759936 0.034919 0.0488354 0.246347
0 0.25751 0.714158 0.0121079 0.0214332 0.246287
0 0.302597 0.756288 0.0208521 0.0350064 0.239444
0 0.260917 0.713045 0.013168 0.0206219 0.233243
0 0.26017 0.717797 0.0121035 0.021845 0.23066
0 0.178333 0.718629 0.012296 0.0213304 0.226783
0 0.277801 0.732919 0.0130204 0.0231893 0.226105
0 0.295326 0.749051 0.0145553 0.0288957 0.19897
0 0.275945 0.729035 0.0126319 0.0210425 0.195959
0 0.163716 0.736602 0.0146985 0.0261242 0.191093
0 0.160596 0.749598 0.0187126 0.0281586 0.182745
0 0.306544 0.767073 0.01534 0.0286602 0.177763
0 0.1739 0.735977 0.0111118 0.0227741 0.172364
0 0.227804 0.71802 0.0109705 0.0186169 0.169169
0 0.311759 0.770137 0.0202221 0.0281774 0.169168
0 0.148494 0.7576 0.0257477 0.0407033 0.167631
0 0.30084 0.762599 0.0140111 0.0280279 0.163617
0 0.294816 0.758344 0.0151218 0.0281633 0.161175
0 0.199666 0.717267 0.01574 0.0206012 0.16077
0 0.219205 0.7249 0.011072 0.0187091 0.155927
0 0.275912 0.720229 0.0131511 0.0181129 0.15278
0 0.293872 0.742021 0.0188789 0.0221707 0.146166
0 0.132913 0.762014 0.0492088 0.05295 0.145435
0 0.306355 0.760147 0.0222626 0.0309255 0.137526
0 0.203005 0.717749 0.0132717 0.0192083 0.136519
0 0.981619 0.898522 0.0364571 0.114841 0.135678
0 0.280401 0.724932 0.0141892 0.0232439 0.133563
0 0.770585 0.14238 0.101344 0.11661 0.116468
0 0.108056 0.960495 0.0857308 0.0772697 0.112677
0 0.189637 0.726062 0.011669 0.0187563 0.110667
0 0.514282 0.973817 0.0336708 0.0423084 0.107537
0 0.170187 0.72 0.0143487 0.0203556 0.106486
0 0.316745 0.773223 0.0282831 0.0383157 0.105508
0 0.972882 0.877794 0.0546007 0.174066 0.101075
0 0.221408 0.733793 0.0152143 0.0223892 0.100553
0 0.738566 0.173723 0.0836506 0.107355 0.100081
0 0.303733 0.740923 0.0178463 0.0190084 0.0974881
0 0.156732 0.753783 0.0182932 0.0330249 0.0968437
0 0.005583 0.790356 0.0109338 0.0632704 0.0965213
0 0.213296 0.753415 0.0226075 0.0341483 0.0957219
0 0.985139 0.824342 0.0298536 0.260276 0.0956826
0 0.748932 0.153868 0.0832333 0.106237 0.093836
0 0.157816 0.742333 0.0209635 0.0250946 0.0935407
0 0.75422 0.167956 0.0521428 0.0649308 0.0931421
0 0.134263 0.951988 0.148831 0.0961884 0.0883401
0 0.736921 0.189306 0.0662445 0.0835715 0.0833354
0 0.324085 0.776791 0.023961 0.0317281 0.0822247
0 0.14147 0.771447 0.0273831 0.0568983 0.0814547
0 0.638723 0.956466 0.0666626 0.0772213 0.0808929
0 0.142332 0.755088 0.0225443 0.0301785 0.0805256
0 0.641966 0.790769 0.0198791 0.0460531 0.0755371
0 0.760457 0.139448 0.0644239 0.0856464 0.0751324
0 0.123977 0.748254 0.0458017 0.0403583 0.074357
0 0.700724 0.700757 0.0611376 0.0817491 0.0725695
0 0.752356 0.247562 0.440849 0.452954 0.0712591
0 0.00948751 0.792934 0.0189285 0.0764153 0.0700599
0 0.989886 0.786937 0.0212114 0.238476 0.0698658
0 0.0948939 0.968128 0.0658307 0.0619288 0.0685749
0 0.751405 0.154736 0.144146 0.189501 0.0681697
0 0.271548 0.698306 0.0120231 0.0165719 0.0677979
0 0.00635077 0.80706 0.0124089 0.0987206 0.0667113
0 0.977911 0.917587 0.0456858 0.164216 0.0664292
0 0.330376 0.782328 0.0264011 0.0339237 0.0657416
0 0.0185537 0.785885 0.0369292 0.0914761 0.0649021
0 0.723761 0.175023 0.173716 0.212865 0.0644935
0 0.971504 0.811896 0.0568686 0.281132 0.0639785
0 0.0640094 0.787394 0.0204007 0.0489022 0.0637897
0 0.714074 0.203197 0.0822564 0.102699 0.0623356
0 0.0198821 0.757814 0.0401313 0.129388 0.0623069
0 0.200305 0.740244 0.0139599 0.0236406 0.0621316
0 0.7777 0.693221 0.203429 0.128905 0.0604656
0 0.58202 0.950639 0.0988349 0.106273 0.0590939
0 0.255305 0.724527 0.0123255 0.0195482 0.0586792
0 0.980777 0.858204 0.040242 0.223517 0.0583875
0 0.170235 0.73631 0.0128188 0.0223145 0.0580984
0 0.697009 0.218921 0.0862985 0.100903 0.0576483
0 0.252384 0.699464 0.0128715 0.0187205 0.0576004
0 0.263158 0.698007 0.0125115 0.0183339 0.0568758
0 0.226059 0.731165 0.0157302 0.0227743 0.0565956
0 0.773938 0.126745 0.140112 0.17752 0.0555468
0 0.620087 0.316916 0.163445 0.250739 0.0552398
0 0.0814681 0.968655 0.0388869 0.056869 0.0544711
0 0.700786 0.221148 0.183868 0.292796 0.0543604
0 0.0495215 0.730066 0.0318722 0.0458852 0.0529144
0 0.790373 0.139182 0.0622002 0.0928833 0.05182
0 0.639429 0.800811 0.0237082 0.0573208 0.0517981
0 0.801727 0.144905 0.157598 0.227657 0.0512466
0 0.986865 0.86243 0.0252375 0.179893 0.0509579
0 0.673509 0.275959 0.230217 0.323957 0.0507873
0 0.146752 0.76783 0.0162191 0.0392597 0.0504678
0 0.752109 0.173282 0.0707097 0.0857154 0.0504238
0 0.168595 0.763735 0.0412053 0.0865953 0.0502238
0 0.703885 0.2187 0.0562381 0.0821104 0.0497458
0 0.156062 0.719997 0.0164857 0.0206774 0.0495379
0 0.620707 0.323319 0.0813992 0.10521 0.0490824
0 0.0129864 0.802854 0.0256222 0.0947005 0.0488627
0 0.338273 0.770813 0.0238428 0.0401018 0.0480345
0 0.236536 0.736995 0.0167382 0.0291024 0.0479789
0 0.116584 0.78452 0.0700012 0.0877304 0.0478058
0 0.610309 0.339304 0.0823968 0.0961177 0.0470092
0 0.0957932 0.733522 0.045409 0.0434153 0.0465512
0 0.0614333 0.777742 0.0274113 0.0621989 0.0454445
0 0.13784 0.78834 0.0296153 0.0700694 0.0445796
0 0.351464 0.779496 0.0310254 0.0444389 0.0438572
0 0.142285 0.739976 0.0200576 0.0218136 0.0437504
0 0.139007 0.925314 0.155492 0.110356 0.0429406
0 0.657787 0.208134 0.285658 0.399183 0.0428056
0 0.4808 0.779387 0.0266142 0.0604587 0.0427288
0 0.0382604 0.964876 0.0733583 0.072123 0.0426306
0 0.12808 0.724566 0.0225925 0.0353692 0.0421558
0 0.337004 0.777102 0.0165948 0.0286392 0.041997
0 0.0733201 0.773833 0.0346102 0.0577589 0.0410199
0 0.679173 0.252485 0.0622058 0.0715519 0.0409741
0 0.731097 0.203067 0.0941216 0.120852 0.0407888
0 0.0596009 0.768469 0.0364318 0.0783347 0.0406852
0 0.636232 0.305575 0.0863075 0.102079 0.0405676
0 0.352525 0.706522 0.0424262 0.0919465 0.040517
0 0.0325214 0.769925 0.0529757 0.0964272 0.0405075
0 0.295753 0.707215 0.0381413 0.0592187 0.0403092
0 0.309191 0.772313 0.0135141 0.0232647 0.040285
0 0.652682 0.784255 0.0347383 0.0617605 0.0399618
0 0.00669092 1.00225 0.0135636 0.0199224 0.039203
0 0.060054 0.79326 0.0162746 0.0403575 0.0390931
0 0.143644 0.740469 0.0370755 0.0483232 0.0389882
0 0.684815 0.234764 0.0779991 0.0977762 0.0389741
0 0.321288 0.756994 0.0196731 0.0326757 0.0387086
0 0.598642 0.770023 0.0795305 0.109373 0.0386677
0 0.19565 0.697963 0.0115939 0.0171031 0.0384214
0 0.572717 0.873884 0.129111 0.175635 0.0381444
0 0.595632 0.357836 0.0796297 0.0985789 0.0379777
0 0.0869447 0.773913 0.0495094 0.0757716 0.0371888
0 0.247779 0.701286 0.0123244 0.0167372 0.0370909
0 0.783435 0.10804 0.105311 0.122554 0.0370123
0 0.0236066 0.804738 0.0420972 0.100736 0.0369385
0 0.982464 0.777865 0.0363739 0.211849 0.0366628
0 0.20377 0.695433 0.012245 0.0148804 0.036547
0 0.255631 0.70138 0.011719 0.0176331 0.0364924
0 0.988432 0.739579 0.0230549 0.196055 0.0358394
0 0.952868 0.799886 0.0955507 0.252191 0.0355629
0 0.0717754 0.79375 0.0256482 0.0642912 0.0351285
0 0.75622 0.115783 0.0900966 0.11624 0.0350355
0 0.28512 0.74516 0.013093 0.0222209 0.0348286
0 0.498019 0.780811 0.065433 0.105252 0.0347362
0 0.0454304 0.727953 0.0383835 0.0620939 0.034507
0 0.107112 0.732122 0.0658913 0.0649626 0.0344171
0 0.628099 0.885319 0.121949 0.177024 0.0341938
0 0.0856741 0.51892 0.176662 0.737445 0.0341654
0 0.188596 0.655237 0.0119411 0.0176993 0.0340226
0 0.484156 0.769079 0.0355773 0.0956955 0.0337627
0 0.646688 0.288146 0.0680993 0.077807 0.0335763
0 0.647102 0.287596 0.0491344 0.0633408 0.033539
0 0.356809 0.771099 0.0248565 0.0569885 0.0331657
0 0.659431 0.774566 0.0472313 0.0721995 0.0331024
0 0.765808 0.168935 0.0943906 0.109095 0.0330683
0 0.685434 0.816098 0.0794559 0.130314 0.0329474
0 0.659588 0.267998 0.0688089 0.0718647 0.0327356
0 0.989562 0.0668593 0.0200308 0.0735585 0.0326699
0 0.455724 0.767322 0.0298522 0.041137 0.032407
0 0.994822 0.676382 0.00953579 0.072329 0.0323011
0 0.677073 0.775704 0.0724524 0.127793 0.0322331
0 0.32262 0.793297 0.0252616 0.04874 0.0320604
0 0.751956 0.21327 0.145813 0.231018 0.0316908
0 0.751104 0.783015 0.213088 0.274133 0.0316234
0 0.72633 0.137546 0.0856745 0.0998528 0.0316133
0 0.5773 0.374238 0.0780563 0.0896227 0.0315694
0 0.541124 0.659064 0.0347417 0.0431129 0.0315299
0 0.47291 0.768684 0.0275995 0.0521903 0.03142
0 0.794955 0.0885787 0.102337 0.108847 0.0311703
0 0.962554 0.756807 0.0732712 0.23792 0.0308324
0 0.187579 0.739946 0.012756 0.0229855 0.0308308
0 0.103996 0.756351 0.0665325 0.0520337 0.0308175
0 0.958133 0.859009 0.0797972 0.163618 0.0308162
0 0.0907691 0.374243 0.143925 0.306183 0.0306788
0 0.00668376 0.684441 0.0153549 0.0551848 0.0304406
0 0.128814 0.800937 0.04642 0.0908703 0.0303508
0 0.58586 0.337511 0.106325 0.134968 0.030192
0 0.0386193 0.563262 0.079518 0.465216 0.0299508
0 0.00438457 0.836531 0.00901754 0.0722178 0.0297159
0 0.960834 0.896306 0.0771935 0.137826 0.0296917
0 0.738547 0.157189 0.305704 0.305158 0.0296152
0 0.567138 0.389877 0.0520565 0.0549439 0.0294458
0 0.535816 0.859033 0.123636 0.188744 0.0294351
0 0.706483 0.237643 0.0902187 0.118487 0.0294086
0 0.801392 0.65893 0.123798 0.0617498 0.0292685
0 0.106127 0.744916 0.0351215 0.0564752 0.0291611
0 0.169298 0.627443 0.0183412 0.0283531 0.0288967
0 0.597341 0.348302 0.119539 0.214814 0.028867
0 0.30533 0.676781 0.0466309 0.0736012 0.028602
0 0.343896 0.690821 0.0222789 0.037724 0.0284645
0 0.710499 0.697966 0.0852209 0.127715 0.0283812
0 0.365752 0.702299 0.0274618 0.0628696 0.0283726
0 0.200427 0.671093 0.0112698 0.0166709 0.0282692
0 0.547262 0.719286 0.123264 0.0582947 0.0280685
0 0.354685 0.723278 0.0365701 0.0725866 0.0279386
0 0.696988 0.728735 0.0909051 0.136791 0.0278657
0 0.266338 0.669152 0.0149394 0.0228505 0.0278371
0 0.263808 0.670791 0.0130099 0.0188397 0.0277165
0 0.686448 0.717617 0.0640325 0.100835 0.0275754
0 0.797602 0.105956 0.0776956 0.0940557 0.0274545
0 0.175646 0.696906 0.0111591 0.0176503 0.0274453
0 0.614363 0.776465 0.0566701 0.0772302 0.0274453
0 0.00895448 0.983413 0.0173042 0.0293877 0.0273975
0 0.0666638 0.797863 0.0213546 0.0627608 0.0273719
0 0.213983 0.696239 0.0120016 0.0152157 0.0272818
0 0.301308 0.675102 0.0204259 0.0240568 0.0271745
0 0.341396 0.779062 0.0249205 0.0448481 0.0270146
0 0.803612 0.650258 0.134767 0.037151 0.0269835
0 0.0296364 0.955165 0.0487027 0.084661 0.026765
0 0.665526 0.770317 0.0620843 0.102119 0.0267136
0 0.612192 0.746804 0.048118 0.075333 0.0266853
0 0.73713 0.270429 0.127177 0.244772 0.0266405
0 0.996101 0.634931 0.00863361 0.101324 0.0265619
0 0.995237 0.612985 0.00974007 0.105958 0.0264143
0 0.63748 0.770918 0.025771 0.0491328 0.0263134
0 0.992788 0.699057 0.0153416 0.095354 0.0261858
0 0.65399 0.310019 0.0988011 0.136511 0.0261827
0 0.815944 0.127121 0.0894487 0.125072 0.0261412
0 0.241006 0.672294 0.0119357 0.0180932 0.0261033
0 0.97277 0.826763 0.052943 0.180648 0.0260496
0 0.756033 0.202599 0.0821305 0.114951 0.0259219
0 0.254982 0.667679 0.0138823 0.0207486 0.0258869
0 0.698755 0.776842 0.0976289 0.161426 0.0257678
0 0.707062 0.818263 0.114038 0.15584 0.0257347
0 0.183234 0.69752 0.00986173 0.0166239 0.0254949
0 0.544949 0.663388 0.0491275 0.0569508 0.0253767
0 0.751862 0.602082 0.0292881 0.0681224 0.0253634
0 0.357215 0.774514 0.0200699 0.0394779 0.0252802
0 0.458841 0.775599 0.0313436 0.0436756 0.0252355
0 0.877613 0.474949 0.042235 0.0607436 0.0252229
0 0.600353 0.713751 0.0411988 0.038825 0.0251914
0 0.944257 0.673437 0.113583 0.0951253 0.0251663
0 0.143015 0.898509 0.129087 0.162014 0.0248779
0 0.208813 0.673096 0.012057 0.0161826 0.0247905
0 0.939274 0.755907 0.121792 0.241161 0.0247214
0 0.0654617 0.816654 0.0157734 0.0503884 0.0246717
0 0.685328 0.31721 0.176411 0.240025 0.0246005
0 0.857151 0.151926 0.152975 0.21614 0.0245275
0 0.0144901 0.822414 0.0287123 0.0795412 0.0244543
0 0.350593 0.679359 0.0402041 0.0763721 0.0244447
0 0.287781 0.577888 0.0303891 0.0347621 0.0243507
0 0.0573743 0.747628 0.0416832 0.0829466 0.0243083
0 0.0380109 0.723827 0.0547583 0.0921344 0.0242786
0 0.827275 0.101615 0.0768269 0.101577 0.0242681
0 0.678945 0.746649 0.0869602 0.141073 0.0242442
0 0.17867 0.764049 0.0416167 0.0634715 0.0239633
0 0.320908 0.686193 0.0593771 0.0897763 0.0238249
0 0.0624003 0.800559 0.0140788 0.0369153 0.0237966
0 0.252137 0.669806 0.0122766 0.0191856 0.0237922
0 0.560409 0.713623 0.0823561 0.0427446 0.0236371
0 0.461188 0.75544 0.0429665 0.0677616 0.0235158
0 0.992708 0.556877 0.0141888 0.118202 0.02348
0 0.714084 0.845406 0.097018 0.128078 0.023403
0 0.842893 0.699295 0.292853 0.147348 0.023192
0 0.726588 0.236628 0.0731428 0.108485 0.0231431
0 0.119692 0.919388 0.111168 0.149264 0.0231157
0 0.680302 0.940675 0.0912487 0.124357 0.0230737
0 0.360503 0.756725 0.0222605 0.0604374 0.0229184
0 0.941496 0.950256 0.0606865 0.0859144 0.022795
0 0.213756 0.960157 0.0484381 0.0583501 0.022753
0 0.812846 0.112078 0.0637359 0.087065 0.022735
0 0.712704 0.67735 0.064949 0.0753251 0.0227346
0 0.318029 0.779409 0.0143533 0.0275601 0.0227016
0 0.791857 0.222036 0.108997 0.195311 0.0226888
0 0.311772 0.630119 0.0424569 0.0518478 0.0226884
0 0.0248972 0.725656 0.051803 0.104628 0.0226753
0 0.832873 0.176308 0.117985 0.206929 0.0226596
0 0.588932 0.745177 0.0945774 0.104592 0.0225954
0 0.827123 0.420756 0.0229445 0.0298509 0.0225324
0 0.80149 0.675598 0.171886 0.0900989 0.0222077
0 0.409419 0.742091 0.0194897 0.050361 0.0221979
0 0.986031 0.680996 0.0283894 0.0896567 0.0220771
