0 0.5625 0.668242 0 0.178917 0.87946
0 0.539683 0.612044 0.0456336 0.14815 0.850557
0 0.5625 0.624507 0 0.11595 0.833923
0 0.5625 0.616719 0 0.064988 0.744927
0 0.525943 0.591837 0.0295092 0.0664666 0.69979
0 0.509 0.589912 0.0164299 0.0389382 0.546009
0 0.5625 0.616063 0 0.0549106 0.384499
0 0.5043 0.589962 0.0227882 0.0410037 0.254163
0 0.5625 0.616184 0 0.0449759 0.250634
0 0.5625 0.599633 0 0.0527395 0.23088
0 0.5625 0.619104 0 0.0593015 0.205998
0 0.506242 0.593293 0.0150134 0.0329878 0.172087
0 0.5625 0.623599 0 0.109545 0.160529
0 0.5625 0.617523 0 0.0369784 0.152664
0 0.499243 0.5903 0.0144736 0.0293239 0.151694
0 0.5625 0.572587 0 0.0251666 0.141592
0 0.5625 0.630792 0 0.108021 0.140651
0 0.496175 0.587725 0.0212181 0.0339438 0.137099
0 0.5625 0.666206 0 0.107414 0.136301
0 0.5625 0.659429 0 0.119923 0.135738
0 0.5625 0.6226 0 0.110922 0.13361
0 0.5625 0.624293 0 0.0917564 0.130704
0 0.5625 0.59481 0 0.0581517 0.129664
0 0.517882 0.590193 0.0154598 0.0419339 0.12439
0 0.5625 0.598638 0 0.0577372 0.121734
0 0.449376 0.585828 0.0248712 0.0361632 0.118681
0 0.5625 0.599588 0 0.0426447 0.115956
0 0.540964 0.591363 0.0430722 0.0671655 0.114509
0 0.5625 0.600403 0 0.0428914 0.111918
0 0.110464 0.163541 0.210934 0.32437 0.111039
0 0.5625 0.591257 0 0.067177 0.102565
0 0.0129768 0.52005 0.0259535 0.0710784 0.101202
0 0.5625 0.608462 0 0.068932 0.100751
0 0.55469 0.558286 0.0156199 0.031788 0.0979494
0 0.5625 0.603714 0 0.0371302 0.0971543
0 0.520809 0.59529 0.0193751 0.0516424 0.0958944
0 0.507349 0.601516 0.0128475 0.0310342 0.0957576
0 0.5625 0.621623 0 0.0765705 0.0946776
0 0.442477 0.590198 0.0381557 0.0350703 0.094393
0 0.477592 0.584137 0.0301682 0.0404034 0.0937242
0 0.114095 0.579677 0.0184947 0.0307094 0.0931704
0 0.521433 0.584167 0.0180446 0.0453342 0.0921202
0 0.451606 0.59139 0.0187509 0.025259 0.0921089
0 0.5625 0.601833 0 0.0384584 0.0906173
0 0.5625 0.672096 0 0.091486 0.0893688
0 0.5625 0.576848 0 0.0324868 0.0882984
0 0.5625 0.609327 0 0.0564156 0.0879411
0 0.5625 0.602078 0 0.056734 0.0868939
0 0.5625 0.60039 0 0.056312 0.0868371
0 0.5625 0.613098 0 0.0304502 0.0846917
0 0.592393 0.571998 0.0228562 0.0338279 0.0831897
0 0.658072 0.583298 0.0549375 0.0825157 0.0820287
0 0.832888 0.592963 0.0467131 0.0417559 0.0819687
0 0.605894 0.595898 0.0153096 0.0410904 0.081777
0 0.980315 0.643069 0.0408821 0.147291 0.0800373
0 0.468393 0.580014 0.0369737 0.0457416 0.0793433
0 0.139074 0.141985 0.016031 0.0235942 0.079135
0 0.713038 0.61543 0.0202586 0.0350758 0.0787131
0 0.452674 0.574305 0.0237001 0.0422018 0.0767445
0 0.773495 0.568676 0.0550622 0.0281672 0.0766342
0 0.756556 0.588281 0.0532413 0.0452829 0.0764998
0 0.112915 0.554033 0.0412467 0.0965086 0.0760876
0 0.622096 0.583691 0.0254575 0.0586 0.0754884
0 0.52461 0.589974 0.017297 0.0367906 0.073107
0 0.159952 0.134428 0.0703384 0.0663293 0.0709118
0 0.0192369 0.526528 0.0397336 0.0770374 0.069755
0 0.573205 0.594502 0.0534401 0.112878 0.0678645
0 0.718707 0.602592 0.02263 0.0265445 0.0677321
0 0.404089 0.586304 0.0360746 0.0338358 0.067706
0 0.447413 0.577393 0.0333985 0.0510273 0.0675135
0 0.785764 0.577768 0.0555891 0.0273055 0.0666059
0 0.833217 0.60318 0.0422787 0.0526015 0.0665551
0 0.855219 0.666721 0.123559 0.149885 0.0659958
0 0.0781407 0.0786053 0.143716 0.167623 0.0659581
0 0.608084 0.588372 0.0161491 0.0309268 0.0646564
0 0.982389 0.586518 0.0382296 0.12652 0.0637381
0 0.600973 0.585841 0.0154547 0.0319845 0.063654
0 0.3924 0.587803 0.0386376 0.0362381 0.063305
0 0.515468 0.587676 0.0123453 0.027361 0.0632595
0 0.112368 0.56026 0.0315169 0.0631002 0.0618568
0 0.975673 0.608947 0.0511015 0.207421 0.0615797
0 0.113845 0.575266 0.0249423 0.0420047 0.0614088
0 0.535263 0.576011 0.017694 0.0317079 0.0599148
0 0.119485 0.561107 0.0291401 0.0767077 0.0591647
0 0.0955489 0.548699 0.0693809 0.101089 0.0591646
0 0.616924 0.583935 0.0149047 0.024264 0.0591177
0 0.973903 0.55725 0.0542593 0.11054 0.0580606
0 0.135615 0.123516 0.0316878 0.0652191 0.0579646
0 0.595276 0.580053 0.0190418 0.0350007 0.0571212
0 0.714037 0.630022 0.0331091 0.0565913 0.0570601
0 0.808335 0.580727 0.040431 0.0263268 0.0569745
0 0.10584 0.538648 0.0499728 0.0719541 0.0568729
0 0.502338 0.59271 0.0161522 0.0262288 0.0567461
0 0.890521 0.576488 0.039452 0.0201525 0.0560193
0 0.381712 0.600044 0.0378946 0.0405632 0.0549302
0 0.638164 0.617707 0.0170829 0.0284348 0.0532532
0 0.490914 0.591508 0.0219908 0.0340474 0.0529422
0 0.0154913 0.540534 0.0297409 0.0811474 0.0527919
0 0.452645 0.597301 0.0178593 0.0294305 0.0521231
0 0.641037 0.596538 0.0438964 0.0847451 0.0519597
0 0.00884917 0.50873 0.0179101 0.0798948 0.0514579
0 0.642501 0.61823 0.0164347 0.0306451 0.0510667
0 0.970404 0.666704 0.0578169 0.143108 0.0508301
0 0.518071 0.607304 0.013064 0.0247684 0.050824
0 0.87287 0.602997 0.072744 0.0487966 0.050813
0 0.137497 0.129314 0.0267149 0.0439688 0.0506131
0 0.111092 0.105533 0.0821705 0.104905 0.0496464
0 0.901901 0.578182 0.0495079 0.0192582 0.0490525
0 0.551622 0.564589 0.0197435 0.0225861 0.048859
0 0.66521 0.591036 0.0733664 0.105414 0.0487902
0 0.991852 0.689932 0.0199255 0.134973 0.0487731
0 0.544162 0.576943 0.0147534 0.0295551 0.0486827
0 0.123925 0.114412 0.0541538 0.0834997 0.048143
0 0.71578 0.606996 0.0163473 0.0220767 0.047136
0 0.103 0.570657 0.0461054 0.0508803 0.0469872
0 0.155824 0.119849 0.0826951 0.0973993 0.0469606
0 0.140744 0.146801 0.017063 0.0218946 0.0461303
0 0.616446 0.607576 0.0166949 0.0323406 0.0458438
0 0.908632 0.580313 0.0381252 0.0177832 0.0456267
0 0.561061 0.556983 0.019811 0.0227453 0.0450508
0 0.481275 0.591397 0.01792 0.0256403 0.04499
0 0.888785 0.571718 0.0615349 0.039726 0.0449456
0 0.709118 0.62077 0.021145 0.0433914 0.0449008
0 0.652893 0.613412 0.0225417 0.0340151 0.0438288
0 0.479446 0.596358 0.0169474 0.0216216 0.0432858
0 0.0724985 0.55533 0.117901 0.117923 0.0430791
0 0.0158672 0.499894 0.0331703 0.15249 0.0430303
0 0.768494 0.573208 0.0300681 0.0197263 0.0429806
0 0.021678 0.560477 0.0428451 0.100821 0.0427132
0 0.493307 0.595207 0.0167739 0.0271701 0.0426581
0 0.867268 0.552927 0.0778252 0.0696805 0.0424629
0 0.442684 0.589539 0.028084 0.0270288 0.0415427
0 0.736133 0.60067 0.0549592 0.057791 0.0412475
0 0.662994 0.584991 0.0269781 0.0292284 0.0411892
0 0.968447 0.618762 0.0632397 0.0718042 0.0410733
0 0.743024 0.588396 0.0240805 0.0215741 0.0409039
0 0.838289 0.591308 0.0273645 0.0289415 0.0405995
0 0.533098 0.606291 0.0326314 0.0844742 0.0404879
0 0.902583 0.57616 0.0607063 0.0376222 0.0403386
0 0.362568 0.610104 0.0365331 0.0433293 0.0399951
0 0.973275 0.593243 0.0520567 0.092247 0.0391001
0 0.0430041 0.530916 0.0652651 0.0703534 0.0388739
0 0.661581 0.585034 0.037093 0.0474004 0.0388104
0 0.115519 0.587413 0.0254314 0.0466708 0.0385367
0 0.727474 0.619914 0.0207289 0.0372532 0.0385225
0 0.822148 0.622148 0.0720009 0.104393 0.038383
0 0.705429 0.61033 0.0373907 0.0470009 0.038377
0 0.862463 0.623576 0.0802013 0.0854776 0.0383137
0 0.384875 0.572241 0.0302916 0.0519541 0.03805
0 0.382757 0.582743 0.034188 0.045005 0.0376626
0 0.373466 0.610748 0.0467375 0.0503966 0.037129
0 0.994181 0.688586 0.012063 0.0733485 0.037034
0 0.99637 0.699598 0.00833015 0.0707456 0.037012
0 0.0936301 0.575759 0.0676711 0.0748144 0.0369351
0 0.131613 0.562821 0.0571 0.094784 0.0368737
0 0.0925675 0.100125 0.108006 0.123188 0.0365983
0 0.688856 0.604584 0.0244493 0.0268267 0.0361471
0 0.538805 0.564649 0.0173881 0.0186895 0.0360992
0 0.626686 0.555502 0.0180185 0.0272476 0.0356004
0 0.980285 0.543606 0.0394045 0.105711 0.0352944
0 0.0643535 0.472606 0.123282 0.213677 0.035008
0 0.590197 0.558833 0.0171974 0.0251437 0.0348242
0 0.621314 0.562887 0.014849 0.0217797 0.0347402
0 0.419024 0.575429 0.0528376 0.056416 0.0347162
0 0.456352 0.577655 0.016118 0.0310616 0.0346596
0 0.765828 0.490056 0.0325885 0.050597 0.0344746
0 0.394958 0.573837 0.0410261 0.056118 0.0342923
0 0.712762 0.602644 0.0237252 0.0357309 0.0339604
0 0.480178 0.579894 0.0196513 0.0342545 0.0337059
0 0.518265 0.618364 0.0130316 0.0252386 0.0333991
0 0.399022 0.594526 0.0413362 0.0413323 0.0332331
0 0.642119 0.587417 0.0187936 0.0291417 0.0331371
0 0.769544 0.566852 0.0322368 0.0275521 0.0329675
0 0.956079 0.684056 0.0802437 0.141536 0.0328518
0 0.407606 0.576451 0.0424118 0.0534156 0.0328215
0 0.327165 0.151435 0.0792064 0.119389 0.032802
0 0.916736 0.580286 0.0443285 0.0211959 0.0320689
0 0.0327246 0.553679 0.0538618 0.111043 0.0315751
0 0.0248638 0.499175 0.0413615 0.141043 0.0313107
0 0.624317 0.61431 0.0157171 0.0274736 0.0312951
0 0.898342 0.561406 0.0675566 0.0546275 0.0312678
0 0.346201 0.606305 0.047587 0.0560155 0.0312303
0 0.102502 0.470629 0.0281914 0.0661134 0.0311864
0 0.565367 0.555021 0.0196578 0.0231055 0.0310459
0 0.10093 0.523586 0.056686 0.122593 0.0310405
0 0.122167 0.577428 0.0412852 0.0714473 0.0303777
0 0.0104529 0.477726 0.0234776 0.140411 0.030304
0 0.159938 0.155516 0.0708997 0.0784514 0.0302002
0 0.115134 0.077988 0.152289 0.16607 0.0300646
0 0.452108 0.578621 0.0177753 0.0317425 0.0300107
0 0.337654 0.577929 0.048136 0.0724228 0.0297786
0 0.963934 0.642529 0.0734394 0.104008 0.0295409
0 0.614601 0.558213 0.0183478 0.0286724 0.029486
0 0.548197 0.600376 0.0604084 0.0963786 0.0293416
0 0.959678 0.874708 0.0809076 0.232232 0.0288795
0 0.802429 0.584711 0.0547541 0.0392804 0.0285395
0 0.151067 0.572096 0.0348662 0.0722436 0.0285231
0 0.602682 0.56623 0.0139743 0.0202431 0.0281307
0 0.0830253 0.520622 0.093796 0.163595 0.0280969
0 0.938042 0.601576 0.10815 0.122584 0.0278785
0 0.742278 0.594636 0.0253794 0.0332766 0.0278355
0 0.585559 0.562793 0.0196722 0.0234585 0.0278097
0 0.534986 0.566962 0.0160631 0.0178591 0.0277157
0 0.592702 0.562763 0.0148232 0.0208126 0.0274658
0 0.673249 0.602426 0.031484 0.0453941 0.0274453
0 0.837194 0.174308 0.0170069 0.0295275 0.0272834
0 0.0997515 0.452246 0.0223144 0.0390992 0.0272723
0 0.485917 0.604246 0.0164969 0.0268187 0.0271812
0 0.893167 0.572148 0.045616 0.0251836 0.0270513
0 0.884925 0.565212 0.0471491 0.0342378 0.0264436
0 0.130827 0.531644 0.0687085 0.161968 0.0261952
0 0.788621 0.564914 0.0588748 0.0323647 0.0261824
0 0.811812 0.652333 0.0776309 0.109737 0.0261336
0 0.0848372 0.122794 0.164135 0.249561 0.0260994
0 0.414512 0.592186 0.0241368 0.0290967 0.0259528
0 0.174293 0.282687 0.0233071 0.0263481 0.0255476
0 0.0229623 0.464459 0.0458029 0.148433 0.0255372
0 0.921731 0.883202 0.147625 0.235246 0.0254383
0 0.528438 0.567241 0.0158064 0.0190766 0.0251887
0 0.272391 0.582785 0.0369199 0.0552808 0.025119
0 0.441383 0.170336 0.0232954 0.0417637 0.0250824
0 0.340052 0.568389 0.0347398 0.0544961 0.02506
0 0.916585 0.782762 0.136979 0.225343 0.0249211
0 0.816655 0.572952 0.0265533 0.0218536 0.0248136
0 0.110082 0.524548 0.0404116 0.0833628 0.0247864
0 0.509096 0.619201 0.0141362 0.0256223 0.0246605
0 0.91179 0.56534 0.0425636 0.041444 0.0246316
0 0.912495 0.184894 0.182272 0.392515 0.0246023
0 0.609585 0.61901 0.0130988 0.0306997 0.0246008
0 0.838034 0.644946 0.0717611 0.111836 0.0245487
0 0.353173 0.581706 0.0471922 0.067477 0.0244801
0 0.377126 0.564452 0.0434155 0.0719246 0.0243269
0 0.632988 0.558732 0.0188813 0.0267273 0.0242752
0 0.810841 0.167491 0.0242709 0.0385 0.0242713
0 0.77937 0.576209 0.124876 0.111144 0.0242296
0 0.762595 0.477035 0.0309299 0.0438367 0.0240681
0 0.0582476 0.51163 0.0912009 0.132416 0.0240483
0 0.766058 0.503495 0.0374503 0.055925 0.0240058
0 0.838586 0.17041 0.0236544 0.0315575 0.0240005
0 0.166109 0.323391 0.022192 0.032624 0.0238257
0 0.913485 0.559925 0.132618 0.122164 0.0237177
0 0.991968 0.754946 0.0201269 0.115108 0.0237129
0 0.703435 0.62247 0.0270817 0.0500997 0.023704
0 0.13258 0.398242 0.0341675 0.0496774 0.0236185
0 0.938145 0.568855 0.121331 0.15878 0.0236096
0 0.320073 0.576479 0.0280869 0.0520811 0.023292
0 0.850125 0.565136 0.0454784 0.0533806 0.023273
0 0.812623 0.442699 0.0287052 0.0393611 0.0229971
0 0.873371 0.58142 0.0791887 0.0616824 0.0229868
0 0.0753566 0.523787 0.128275 0.223462 0.0228432
0 0.322256 0.563506 0.0270626 0.0456747 0.0228184
0 0.440914 0.565163 0.0320912 0.0518975 0.0227715
0 0.444365 0.552531 0.112092 0.135268 0.022728
0 0.465003 0.546691 0.0296106 0.0688459 0.0226485
0 0.64584 0.543327 0.0257298 0.040657 0.0225959
0 0.897246 0.587035 0.0697571 0.0302208 0.0223479
0 0.291429 0.581729 0.0471936 0.057509 0.0219807
0 0.588048 0.618469 0.0409981 0.0991418 0.0219283
0 0.663735 0.532145 0.0374917 0.0575051 0.0214743
0 0.881544 0.890546 0.1744 0.236814 0.0213848
0 0.926908 0.578457 0.0447786 0.031318 0.0212239
0 0.367153 0.0218718 0.0387827 0.0377987 0.0211952
0 0.430953 0.607992 0.0287627 0.0423724 0.0211874
0 0.356519 0.566143 0.0523352 0.0743076 0.0211739
0 0.607204 0.666152 0.0242501 0.0432737 0.0211176
0 0.173909 0.662725 0.0722652 0.126554 0.0209532
0 0.842014 0.174957 0.0254908 0.0348306 0.0209491
0 0.0121535 0.56196 0.0236398 0.0960001 0.0209304
0 0.679597 0.517511 0.030915 0.0574438 0.0208827
0 0.167362 0.810954 0.132335 0.171049 0.0208659
0 0.154342 0.0877821 0.0976831 0.138105 0.0208388
0 0.487626 0.547824 0.0280735 0.0581805 0.0207265
0 0.0579672 0.460758 0.0782408 0.116599 0.0206609
0 0.144132 0.182805 0.0552992 0.0676351 0.0205668
0 0.324528 0.113444 0.0632927 0.0809425 0.0204366
0 0.135437 0.574491 0.0444518 0.0748862 0.0203754
0 0.882688 0.766617 0.142585 0.221379 0.0203226
0 0.766729 0.166568 0.0575337 0.0629398 0.0203134
0 0.939928 0.708685 0.104485 0.0983659 0.0202264
0 0.956549 0.554065 0.0737536 0.0925544 0.0202101
0 0.118489 0.813904 0.157444 0.194657 0.0201815
0 0.920946 0.559239 0.0621328 0.063729 0.0200154
0 0.011515 0.357085 0.0206908 0.0449767 0.0198865
0 0.0599076 0.489155 0.0682448 0.123518 0.0198215
0 0.130667 0.476849 0.046529 0.0867741 0.0196651
0 0.504097 0.568939 0.0153393 0.0272924 0.0195158
0 0.910788 0.585745 0.0436998 0.0246789 0.0190751
0 0.398992 0.794059 0.135491 0.197284 0.0190674
0 0.540965 0.642444 0.0238465 0.0441079 0.0190388
0 0.819952 0.168706 0.0351816 0.0445362 0.0190052
0 0.892687 0.559394 0.10693 0.0819907 0.0189894
0 0.822349 0.565412 0.0301592 0.0320324 0.0189876
0 0.810678 0.566235 0.0237663 0.0217554 0.0189213
0 0.315299 0.570224 0.0429452 0.0568623 0.0188882
0 0.938817 0.624401 0.0654444 0.0687462 0.0187333
0 0.681991 0.634196 0.0376425 0.0481604 0.0187095
0 0.458583 0.552956 0.0197404 0.0429772 0.0186513
0 0.158018 0.672349 0.0353399 0.0544611 0.0186332
0 0.681775 0.578057 0.0405222 0.0459278 0.0185816
0 0.518181 0.278151 0.0209524 0.0396461 0.0183774
