0 0.424691 0.460047 0.0192756 0.0262023 0.658337
0 0.463859 0.457929 0.0195834 0.023567 0.595424
0 0.379427 0.464556 0.0273906 0.0301752 0.445501
0 0.373049 0.466703 0.0228704 0.0294043 0.438517
0 0.364588 0.467304 0.0289835 0.0347159 0.385105
0 0.384574 0.46449 0.0187239 0.0251803 0.368245
0 0.446636 0.456954 0.0144298 0.0185243 0.321512
0 0.44999 0.45654 0.01281 0.0176309 0.27696
0 0.373969 0.46812 0.0155388 0.0234804 0.265718
0 0.443644 0.458244 0.0122862 0.0188881 0.253301
0 0.460862 0.458571 0.0141909 0.0182481 0.251003
0 0.452678 0.457071 0.0104141 0.0172574 0.248353
0 0.387983 0.466298 0.0112674 0.0188622 0.244404
0 0.355975 0.468382 0.0270289 0.0383284 0.22454
0 0.36806 0.462606 0.0379065 0.0446455 0.221531
0 0.455313 0.457047 0.0115221 0.0181936 0.207034
0 0.360255 0.469219 0.0202991 0.0296683 0.20529
0 0.4664 0.459842 0.0136129 0.0168165 0.19665
0 0.377932 0.466326 0.0159176 0.0249246 0.192338
0 0.40719 0.457149 0.013726 0.0214429 0.188583
0 0.350768 0.466365 0.036336 0.0464997 0.181758
0 0.380707 0.468387 0.0141806 0.0214416 0.177646
0 0.423727 0.46007 0.0151453 0.018681 0.174793
0 0.393305 0.466587 0.0148139 0.0223899 0.168168
0 0.450334 0.45884 0.00960426 0.0172343 0.15955
0 0.433914 0.459066 0.00980282 0.0151037 0.159273
0 0.250678 0.497494 0.0354576 0.0336933 0.156303
0 0.457911 0.458904 0.0106561 0.0166677 0.155969
0 0.41301 0.460545 0.0132992 0.0197301 0.150924
0 0.431992 0.460671 0.0121806 0.0168203 0.150892
0 0.416814 0.461414 0.0114151 0.0182629 0.146022
0 0.242114 0.493559 0.0513906 0.0490957 0.14231
0 0.366618 0.471388 0.014754 0.021364 0.137735
0 0.408186 0.453673 0.0113632 0.0183754 0.1348
0 0.421238 0.465755 0.0117806 0.0176131 0.133685
0 0.249136 0.481327 0.0411807 0.0564839 0.0985331
0 0.468399 0.455308 0.0185645 0.0230804 0.092378
0 0.235268 0.502756 0.0674635 0.0744926 0.0902664
0 0.239831 0.479637 0.0553205 0.0711815 0.0820488
0 0.248949 0.506863 0.0406174 0.0438785 0.0799363
0 0.5625 0.398711 0 0.0528897 0.0781751
0 0.438659 0.460947 0.012217 0.0168765 0.0780155
0 0.205237 0.488041 0.129233 0.0993056 0.0776356
0 0.354257 0.469762 0.0211789 0.0238216 0.076742
0 0.340652 0.466085 0.0509857 0.0561671 0.0758716
0 0.255404 0.504496 0.028162 0.0377682 0.073739
0 0.225468 0.494544 0.0569621 0.048304 0.0719683
0 0.467099 0.464445 0.0144142 0.0196598 0.0714021
0 0.256106 0.503116 0.0231018 0.0265821 0.0706403
0 0.459806 0.469681 0.0119068 0.0185942 0.0698183
0 0.324584 0.465271 0.0865961 0.0745897 0.0678627
0 0.214241 0.488035 0.0800154 0.0597383 0.0656478
0 0.225066 0.491425 0.0855896 0.0810415 0.0644647
0 0.463977 0.455283 0.0135347 0.0187441 0.0635738
0 0.327775 0.452229 0.114492 0.0969297 0.062576
0 0.182522 0.483467 0.0881522 0.0686935 0.062352
0 0.805469 0.400792 0.0397356 0.0432358 0.0609732
0 0.0234524 0.542541 0.0467223 0.106969 0.0583066
0 0.0316652 0.53361 0.0636283 0.145438 0.0581203
0 0.471013 0.459312 0.0141959 0.0210932 0.0569593
0 0.865766 0.399254 0.0561831 0.042642 0.0566248
0 0.164476 0.482463 0.0640392 0.0588721 0.0545718
0 0.836618 0.396489 0.0819717 0.0647626 0.0535363
0 0.151223 0.489576 0.0347983 0.0379488 0.0534334
0 0.235018 0.473955 0.0737336 0.101195 0.0528179
0 0.479031 0.461949 0.0199025 0.0278971 0.051639
0 0.0764098 0.507263 0.151556 0.191688 0.0508151
0 0.306044 0.451954 0.129026 0.1182 0.0506162
0 0.114132 0.510396 0.109509 0.109654 0.0494681
0 0.219214 0.511537 0.120255 0.0934436 0.0482205
0 0.288599 0.472772 0.0952408 0.0772462 0.0474606
0 0.397119 0.456418 0.0126183 0.0220486 0.046852
0 0.33815 0.455058 0.06725 0.0778968 0.0464288
0 0.138283 0.483935 0.0517417 0.0484762 0.0462714
0 0.848621 0.42512 0.109559 0.111457 0.0458952
0 0.877682 0.430709 0.164756 0.142828 0.0433763
0 0.101549 0.490808 0.137231 0.118996 0.0430143
0 0.109374 0.532783 0.109042 0.0897128 0.0422526
0 0.119732 0.493029 0.0840892 0.0628142 0.042068
0 0.0331999 0.490296 0.0673437 0.162291 0.0413506
0 0.156847 0.492628 0.0515709 0.0490956 0.0399567
0 0.307307 0.470132 0.0763822 0.0651277 0.039244
0 0.189269 0.50883 0.130788 0.102156 0.0385642
0 0.85264 0.44904 0.154948 0.138886 0.0384962
0 0.0203506 0.507371 0.0412373 0.0754649 0.0381103
0 0.25561 0.468915 0.0495485 0.0755203 0.0379898
0 0.816185 0.416336 0.0652899 0.072464 0.0374842
0 0.026522 0.48986 0.0512144 0.127876 0.0374777
0 0.379113 0.460872 0.0131612 0.0212913 0.037362
0 0.158169 0.517273 0.0833473 0.0918517 0.0368487
0 0.381637 0.454189 0.0158691 0.0251786 0.0366088
0 0.0125052 0.503905 0.0257752 0.0639583 0.0365445
0 0.815329 0.4006 0.0568638 0.0623316 0.0362561
0 0.0282563 0.565881 0.0565638 0.124147 0.0359727
0 0.357343 0.47876 0.0158669 0.0246524 0.0356511
0 0.477864 0.470098 0.019369 0.0245 0.0344103
0 0.888363 0.44887 0.218026 0.198399 0.0342594
0 0.785817 0.415336 0.0712348 0.0653615 0.0342426
0 0.832327 0.469992 0.149808 0.138799 0.0337774
0 0.0466781 0.542551 0.0929272 0.119463 0.0332998
0 0.520043 0.376494 0.0191125 0.0392811 0.0327772
0 0.107457 0.466089 0.171597 0.144762 0.0326837
0 0.208108 0.52294 0.12824 0.136163 0.0322075
0 0.0898366 0.539992 0.0924468 0.0803166 0.0320534
0 0.12933 0.472508 0.10743 0.0917806 0.0319937
0 0.847436 0.388596 0.097629 0.0883542 0.0314845
0 0.140172 0.502555 0.193312 0.182975 0.0310986
0 0.157599 0.476579 0.0806625 0.0803912 0.0307516
0 0.471808 0.444768 0.0154682 0.0238953 0.0306733
0 0.0693669 0.469763 0.131804 0.177626 0.0306077
0 0.0721835 0.530628 0.134307 0.104535 0.0304332
0 0.0398316 0.565808 0.0773746 0.19509 0.030401
0 0.258054 0.453513 0.0681772 0.0952967 0.0300352
0 0.352178 0.494805 0.0308279 0.0397529 0.0297176
0 0.265914 0.505879 0.0476369 0.0507374 0.0291379
0 0.364069 0.442744 0.0459033 0.0779666 0.029088
0 0.135158 0.417413 0.181059 0.202849 0.0288857
0 0.425847 0.464224 0.0115229 0.0180613 0.0287782
0 0.0690499 0.497959 0.120367 0.0909114 0.0287686
0 0.81155 0.474036 0.105718 0.113105 0.0286048
0 0.294425 0.47394 0.0600458 0.0561384 0.0284616
0 0.498101 0.460715 0.0457933 0.0452823 0.0277903
0 0.0998584 0.457651 0.198734 0.236829 0.0273383
0 0.877083 0.391034 0.0936033 0.0779759 0.0272269
0 0.80187 0.402124 0.0582533 0.0653088 0.0270643
0 0.73968 0.390101 0.0339968 0.0300855 0.0270233
0 0.792408 0.401669 0.0559405 0.0506911 0.0269563
0 0.683243 0.536772 0.0656044 0.0719295 0.0269438
0 0.512168 0.434541 0.0639208 0.076946 0.0265079
0 0.864942 0.524341 0.227426 0.237818 0.0263577
0 0.497351 0.440427 0.0584272 0.0700312 0.026272
0 0.104832 0.478698 0.105146 0.087313 0.0260668
0 0.267291 0.484555 0.0551068 0.0448482 0.0260431
0 0.228077 0.522866 0.0769167 0.100561 0.0258319
0 0.901471 0.553246 0.198009 0.23907 0.0255853
0 0.527829 0.433411 0.0431361 0.0666791 0.0252724
0 0.990438 0.832159 0.018644 0.117101 0.0251078
0 0.779072 0.248044 0.049193 0.0720623 0.0250272
0 0.0426271 0.498559 0.0824994 0.0914481 0.0248912
0 0.300303 0.495293 0.0613688 0.0605529 0.0247495
0 0.270202 0.517929 0.028 0.0324202 0.0247396
0 0.0298686 0.59247 0.0609689 0.199211 0.0245453
0 0.794875 0.488974 0.0761432 0.0847369 0.0243316
0 0.371785 0.449705 0.0212045 0.0331798 0.0237433
0 0.163736 0.523363 0.1431 0.12763 0.0236016
0 0.990483 0.862143 0.0184624 0.103649 0.0235944
0 0.49105 0.30137 0.0225118 0.0376956 0.0234557
0 0.976733 0.471757 0.0476917 0.135809 0.0233968
0 0.872349 0.406135 0.0770229 0.0691528 0.0233956
0 0.193634 0.524858 0.10116 0.0915862 0.0232103
0 0.461061 0.460888 0.0100859 0.0168201 0.0230912
0 0.862077 0.451248 0.102528 0.114794 0.023054
0 0.988485 0.807784 0.0219885 0.150957 0.0227575
0 0.0214026 0.480188 0.0428953 0.0936545 0.0223832
0 0.260831 0.493371 0.0573058 0.0502954 0.0223291
0 0.961856 0.836489 0.0700542 0.130389 0.0223014
0 0.398795 0.405374 0.0143826 0.0189541 0.022253
0 0.451654 0.426426 0.0114573 0.0173365 0.0222407
0 0.144417 0.52993 0.0692735 0.0772877 0.0216391
0 0.521568 0.456024 0.0534575 0.0633836 0.0215767
0 0.20936 0.45507 0.115942 0.149525 0.0215407
0 0.784789 0.500172 0.0529354 0.0671545 0.0215248
0 0.917962 0.436639 0.15561 0.145877 0.0214162
0 0.0753206 0.567645 0.139879 0.205865 0.0213508
0 0.224954 0.419205 0.0304943 0.0656757 0.0211607
0 0.981057 0.84917 0.037364 0.128128 0.0211598
0 0.0451633 0.476355 0.0850318 0.0926022 0.0210822
0 0.238635 0.437011 0.0594218 0.11578 0.0210132
0 0.821975 0.388991 0.0739342 0.0857691 0.0209225
0 0.386414 0.469233 0.0124117 0.0187299 0.020889
0 0.896577 0.63212 0.17812 0.20031 0.0207633
0 0.980664 0.812434 0.0382517 0.173098 0.0205189
0 0.445765 0.430021 0.00995235 0.015284 0.0204832
0 0.192212 0.434353 0.152424 0.205072 0.0203541
0 0.776157 0.407019 0.0983421 0.0835476 0.0202811
0 0.0910811 0.413832 0.164281 0.199552 0.0198842
0 0.781226 0.222573 0.0620344 0.121467 0.0198214
0 0.773413 0.194055 0.0262037 0.0500095 0.0197806
0 0.960494 0.465385 0.0774084 0.127783 0.01963
0 0.0332487 0.410704 0.0667785 0.183959 0.0196131
0 0.809136 0.225678 0.112395 0.165909 0.0195491
0 0.0685266 0.461863 0.108666 0.108886 0.0194589
0 0.981318 0.491673 0.0378563 0.110856 0.0192882
0 0.549218 0.464191 0.039719 0.0397226 0.0189347
0 0.747807 0.393213 0.0394618 0.0370793 0.0188473
0 0.538497 0.432619 0.0418526 0.0631042 0.018773
0 0.797485 0.534418 0.137556 0.172298 0.018641
0 0.0461232 0.615841 0.0826934 0.204626 0.0186121
0 0.876393 0.429384 0.0926949 0.10013 0.0185135
0 0.504995 0.373439 0.0287861 0.0482243 0.0184382
0 0.312703 0.25951 0.0280492 0.0435446 0.018325
0 0.561059 0.470929 0.0629069 0.0644393 0.0183215
0 0.520764 0.424381 0.0324499 0.0605614 0.018299
0 0.602144 0.53914 0.0368886 0.0423915 0.0180573
0 0.0525581 0.413574 0.0909102 0.175298 0.0177568
0 0.631317 0.514605 0.0713009 0.0880859 0.0176731
0 0.380536 0.356885 0.0226251 0.03145 0.0176481
0 0.837083 0.3868 0.164998 0.15408 0.0176074
0 0.118908 0.380602 0.172069 0.184128 0.0174812
0 0.185224 0.360526 0.0518177 0.0768639 0.0174777
0 0.70111 0.438937 0.107027 0.0978522 0.0174616
0 0.606743 0.95377 0.0247016 0.0450438 0.0173
0 0.30655 0.535586 0.0525141 0.0622871 0.0170547
0 0.560925 0.46239 0.0532371 0.0451271 0.016961
0 0.689662 0.538021 0.0452726 0.0599022 0.01693
0 0.331516 0.476605 0.0334199 0.0385714 0.0168632
0 0.921311 0.405294 0.133982 0.117342 0.0168388
0 0.79226 0.572124 0.110593 0.122258 0.0168126
0 0.722292 0.442495 0.130835 0.145042 0.016789
0 0.974519 0.551991 0.0508032 0.148671 0.0167847
0 0.890887 0.395671 0.0777113 0.0639359 0.0167592
0 0.526007 0.470516 0.0491854 0.0556936 0.0167352
0 0.0267923 0.442397 0.0523245 0.151377 0.0167076
0 0.989946 0.758742 0.0193001 0.113358 0.0166381
0 0.34798 0.43542 0.050044 0.0752246 0.0166235
0 0.532551 0.460145 0.0405521 0.0504005 0.0166147
0 0.668238 0.708499 0.0246872 0.0346249 0.0165895
0 0.782456 0.427537 0.08603 0.0966682 0.0165865
0 0.664215 0.52347 0.0836135 0.0893513 0.0163298
0 0.0241166 0.341275 0.0464306 0.111412 0.0162884
0 0.573138 0.468618 0.080134 0.078791 0.0161962
0 0.842262 0.472232 0.0833168 0.0787415 0.0161527
0 0.984727 0.443565 0.0308409 0.112333 0.0161509
0 0.415469 0.425621 0.0111897 0.0171942 0.0161244
0 0.274784 0.517926 0.0987675 0.124091 0.0160452
0 0.97919 -0.0121373 0.0413679 0.0446002 0.0160247
0 0.439677 0.430847 0.0106411 0.0151354 0.0159777
0 0.385898 0.388007 0.0261107 0.0375204 0.0159683
0 0.662341 0.0563617 0.0390336 0.0552124 0.0159405
0 0.46824 0.411948 0.0158334 0.0252845 0.0158538
0 0.61252 0.526992 0.0694301 0.0753313 0.0158191
0 0.4497 0.740056 0.0488873 0.0904349 0.0158187
0 0.750676 0.414888 0.0509266 0.0648137 0.0157425
0 0.264306 0.263987 0.0258829 0.0423725 0.015674
0 0.516168 0.394908 0.024009 0.0395232 0.0156667
0 0.915234 0.49536 0.164717 0.178523 0.0156327
0 0.808936 0.511394 0.121797 0.116405 0.0155944
0 0.542263 0.444785 0.0448874 0.0591841 0.0155863
0 0.488672 0.293582 0.0262071 0.0496173 0.0155777
0 0.973209 0.518718 0.0516642 0.132099 0.0155431
0 0.580234 0.443726 0.105282 0.113973 0.0155256
0 0.151999 0.455686 0.105925 0.128808 0.0154329
0 0.982739 0.575689 0.0349876 0.150707 0.015413
0 0.888397 0.393983 0.203665 0.206476 0.0153621
0 0.63479 0.529725 0.0523554 0.0627498 0.0152784
0 0.618824 0.443768 0.0634229 0.0657908 0.0152759
0 0.722381 0.440091 0.0813789 0.0804143 0.0151646
0 0.256231 0.563435 0.0367195 0.0404439 0.0151472
0 0.958217 0.449651 0.0665131 0.0871448 0.0150925
0 0.00566747 0.332707 0.0118873 0.0401053 0.0150722
0 0.529779 0.375686 0.0253893 0.0469098 0.015047
0 0.283028 0.488699 0.0620434 0.0573847 0.0150324
0 0.990949 0.400607 0.0182776 0.060399 0.015003
0 0.956556 0.494145 0.0759249 0.106169 0.0147932
0 0.122673 0.575012 0.138636 0.162106 0.0147884
0 0.955848 0.798791 0.0806038 0.192334 0.0147678
0 0.69502 0.461028 0.0983054 0.0857625 0.0147334
0 0.910354 0.396525 0.0724949 0.0657063 0.0147291
0 0.969549 0.432096 0.0577402 0.104534 0.0146633
0 0.970661 0.613159 0.0544323 0.151411 0.0146388
0 0.992443 0.610098 0.0150333 0.111169 0.0144946
0 0.493735 0.378205 0.0331454 0.0505007 0.0144504
0 0.498538 0.409236 0.0359565 0.0471659 0.0144282
0 0.892059 0.407048 0.0987108 0.0783066 0.0144282
0 0.176758 0.450799 0.102045 0.151097 0.0144155
0 0.118475 0.454802 0.107957 0.108909 0.0143292
0 0.947276 0.682645 0.0964989 0.217915 0.0142773
0 0.986998 0.517052 0.0255482 0.0991714 0.0142732
0 0.288259 0.257381 0.0750455 0.0874243 0.0142566
0 0.810163 0.596269 0.0355336 0.0467061 0.014253
0 0.953764 0.425306 0.061264 0.0802793 0.0141746
0 0.894873 0.613598 0.212821 0.307572 0.0141651
0 0.620326 0.533944 0.0557348 0.0559708 0.0141605
0 0.78441 0.649603 0.197902 0.255336 0.0140679
0 0.945375 0.494608 0.103399 0.136939 0.0140642
0 0.494147 0.712759 0.0298178 0.0423404 0.0140044
0 0.810091 0.577797 0.0740229 0.0945216 0.013992
0 0.749586 0.428052 0.0718493 0.0816627 0.0139873
0 0.79011 0.244503 0.0771841 0.0964014 0.0139601
0 0.591168 0.52261 0.0691941 0.076131 0.013948
0 0.951471 0.817791 0.06488 0.095253 0.0138825
0 0.757497 -0.00653003 0.0652387 0.0484767 0.0138657
0 0.511928 0.467793 0.0327712 0.0384446 0.0138481
0 0.941865 0.637949 0.107701 0.202945 0.0138475
0 0.0801745 0.444747 0.0838609 0.104906 0.0138355
0 0.982884 0.61144 0.0336828 0.151809 0.0138119
0 0.636092 0.544279 0.0429454 0.0496918 0.0137894
0 0.0319728 0.347989 0.06139 0.143391 0.0137262
0 0.212258 0.590271 0.0782337 0.0846624 0.0136921
0 0.785755 -0.00636947 0.070317 0.0499008 0.0136905
0 0.984908 0.742398 0.0315157 0.203348 0.0136833
0 0.990726 0.578061 0.0184877 0.121653 0.0136553
0 0.778804 0.188292 0.0564696 0.109683 0.0135837
0 0.700025 0.526882 0.0741241 0.0751131 0.0135836
0 0.430852 0.429695 0.0118126 0.0165535 0.0135792
0 0.66131 0.0458353 0.0331833 0.0461579 0.0135253
0 0.776558 0.214554 0.0344649 0.0681332 0.0134946
0 0.541784 0.0216683 0.0445104 0.0617098 0.0134811
0 0.983808 0.762208 0.0303076 0.126095 0.0134668
0 0.958888 0.555903 0.0790964 0.179445 0.0134632
