0 0.5625 0.474376 0 0.059962 0.875411
0 0.5625 0.466007 0 0.0749858 0.825361
0 0.5625 0.463624 0 0.0472515 0.654907
0 0.5625 0.456288 0 0.0406633 0.390805
0 0.5625 0.453644 0 0.0309711 0.388876
0 0.5625 0.445671 0 0.0853055 0.356936
0 0.5625 0.444736 0 0.0449085 0.267774
0 0.5625 0.443286 0 0.0506273 0.238422
0 0.5625 0.452721 0 0.0287047 0.220986
0 0.5625 0.457787 0 0.0285175 0.22009
0 0.5625 0.454303 0 0.0469182 0.215398
0 0.5625 0.462379 0 0.0396171 0.210894
0 0.5625 0.440996 0 0.0654687 0.210561
0 0.5625 0.463336 0 0.0294751 0.208196
0 0.5625 0.447087 0 0.0637717 0.206665
0 0.5625 0.460531 0 0.0354257 0.206523
0 0.5625 0.457326 0 0.0323121 0.200232
0 0.5625 0.452071 0 0.0289543 0.175033
0 0.5625 0.438435 0 0.0626432 0.171391
0 0.5625 0.458449 0 0.0286752 0.16427
0 0.5625 0.448127 0 0.0485224 0.162054
0 0.5625 0.463254 0 0.029434 0.160833
0 0.5625 0.42564 0 0.0562143 0.157358
0 0.5625 0.457973 0 0.0235148 0.156749
0 0.5625 0.455279 0 0.0548198 0.15447
0 0.5625 0.453346 0 0.0239219 0.154222
0 0.5625 0.427262 0 0.0728973 0.15187
0 0.0872206 0.465441 0.174441 0.132035 0.144189
0 0.5625 0.453706 0 0.025516 0.142789
0 0.5625 0.425777 0 0.0809638 0.130681
0 0.559042 0.459242 0.00691538 0.0488446 0.124343
0 0.5625 0.469043 0 0.047454 0.12329
0 0.542974 0.441871 0.0390516 0.0853695 0.12288
0 0.5625 0.454556 0 0.0238628 0.119905
0 0.560741 0.442782 0.00351796 0.0801474 0.115869
0 0.5625 0.430458 0 0.0712268 0.11418
0 0.5625 0.454352 0 0.0228044 0.113882
0 0.548808 0.460184 0.0273844 0.0522641 0.113394
0 0.5625 0.462182 0 0.0252612 0.112311
0 0.541844 0.457103 0.041311 0.0623256 0.108021
0 0.5625 0.452797 0 0.0343998 0.10046
0 0.5625 0.458493 0 0.0420599 0.10016
0 0.5625 0.453822 0 0.0746302 0.100063
0 0.5625 0.460199 0 0.0358977 0.100032
0 0.5625 0.452415 0 0.0580593 0.0985677
0 0.5625 0.425595 0 0.0886473 0.0959566
0 0.5625 0.428566 0 0.0895386 0.0950892
0 0.5625 0.457399 0 0.0842625 0.0949925
0 0.5625 0.467101 0 0.0264155 0.0933893
0 0.538888 0.442618 0.0472235 0.0889688 0.0918279
0 0.823154 0.46778 0.0315813 0.0403562 0.0916897
0 0.982843 0.425554 0.035981 0.14891 0.0912195
0 0.774224 0.468226 0.0202447 0.0336251 0.0902093
0 0.645122 0.465562 0.021738 0.0299099 0.0877544
0 0.764536 0.461383 0.0221709 0.0414339 0.0844009
0 0.736091 0.451248 0.06759 0.0975209 0.080849
0 0.762506 0.461417 0.0123233 0.0218876 0.080825
0 0.606626 0.455901 0.0478339 0.0505569 0.0791075
0 0.65658 0.460496 0.0188182 0.0253317 0.0779763
0 0.921176 0.447491 0.0223913 0.0252861 0.0764578
0 0.669488 0.463435 0.0167106 0.024518 0.0762131
0 0.834797 0.470018 0.0157944 0.0259902 0.0733511
0 0.578447 0.464196 0.0238022 0.0328685 0.0729493
0 0.751851 0.460006 0.0479775 0.0676205 0.0719142
0 0.827465 0.473991 0.0330715 0.042813 0.0716779
0 0.414162 0.422077 0.0313346 0.0378482 0.0702376
0 0.938524 0.413697 0.140613 0.0943042 0.0697309
0 0.514493 0.46278 0.0356482 0.0543394 0.0695789
0 0.924826 0.44773 0.0301512 0.0391612 0.06763
0 0.831298 0.470699 0.0181961 0.0291383 0.0668542
0 0.59908 0.434434 0.0677364 0.105783 0.066362
0 0.670101 0.451249 0.0195988 0.027045 0.0659116
0 0.653274 0.463243 0.0310174 0.031888 0.0655284
0 0.942406 0.47443 0.076889 0.0883403 0.0628458
0 0.42958 0.470173 0.103986 0.0916031 0.061554
0 0.330537 0.482111 0.0749459 0.0306553 0.0602102
0 0.00653928 0.647452 0.0137643 0.140265 0.057901
0 0.972433 0.414977 0.0580988 0.111842 0.0556926
0 0.0190371 0.592613 0.0406158 0.185708 0.0534888
0 0.566242 0.432116 0.103027 0.119865 0.0525717
0 0.461064 0.482982 0.0473847 0.059448 0.0523683
0 0.455896 0.491574 0.0355265 0.0427878 0.0523227
0 0.683709 0.447535 0.0156485 0.0226715 0.0521038
0 0.526917 0.45328 0.0552922 0.0775124 0.0514841
0 0.0187259 0.476688 0.0367201 0.0903477 0.0506672
0 0.133213 0.484368 0.0780822 0.0762783 0.0497594
0 0.99231 0.460005 0.0159172 0.0868175 0.0490138
0 0.782933 0.467002 0.0147506 0.0224262 0.0489514
0 0.407043 0.425794 0.043427 0.0504902 0.0479879
0 0.505128 0.462763 0.0568607 0.068128 0.0478953
0 0.85922 0.446584 0.0626558 0.0578233 0.0471166
0 0.985632 0.456156 0.0217691 0.0608674 0.0471132
0 0.448731 0.479462 0.0670515 0.069735 0.0469584
0 0.402616 0.440336 0.0670752 0.0660377 0.0469323
0 0.439542 0.450675 0.121854 0.128782 0.0460769
0 0.9886 0.468556 0.0273041 0.118563 0.0460312
0 0.0358972 0.482427 0.0699123 0.100315 0.0448277
0 0.0122396 0.588863 0.0250979 0.22567 0.044795
0 0.842912 0.454845 0.0510653 0.0561439 0.0426754
0 0.786181 0.464899 0.0202479 0.0276637 0.0423294
0 0.331889 0.499087 0.0884119 0.0585 0.042103
0 0.960024 0.504534 0.0816305 0.133922 0.041963
0 0.0107383 0.646929 0.0217775 0.175374 0.0414091
0 0.625423 0.434762 0.102242 0.116184 0.0411525
0 0.846336 0.440961 0.0746742 0.0604191 0.0402756
0 0.974677 0.266966 0.0516903 0.135783 0.0401152
0 0.394572 0.46199 0.0561469 0.0601175 0.0400574
0 0.117983 0.481154 0.112449 0.0892363 0.0400198
0 0.408257 0.464449 0.0834252 0.0770253 0.039659
0 0.750004 0.446328 0.02123 0.0368163 0.0395148
0 0.950682 0.457591 0.0579794 0.0786557 0.0394013
0 0.914046 0.454818 0.0350422 0.0461089 0.0393645
0 0.925166 0.460307 0.0349707 0.0400992 0.0373385
0 0.973354 0.424335 0.0284094 0.0569064 0.0373149
0 0.386735 0.445928 0.0375062 0.0421668 0.0372711
0 0.778612 0.435872 0.033939 0.0862817 0.0372645
0 0.197289 0.348385 0.0354746 0.0354289 0.0369575
0 0.0831844 0.520613 0.161562 0.188528 0.0368181
0 0.205335 0.495319 0.0576306 0.0309797 0.0364757
0 0.42631 0.441048 0.0748238 0.0826313 0.0364665
0 0.393523 0.486302 0.0549454 0.0739363 0.0358751
0 0.00989605 0.487206 0.0200884 0.0774096 0.0347301
0 0.0166923 0.548441 0.0324371 0.211836 0.0344585
0 0.627759 0.465053 0.0198205 0.0287472 0.0339464
0 0.764469 0.436618 0.0499089 0.102675 0.0339458
0 0.832363 0.477913 0.0234323 0.0380632 0.0335289
0 0.642536 0.471879 0.0184885 0.0288222 0.0333996
0 0.884625 0.409711 0.0319529 0.0352626 0.0330962
0 0.00815984 0.621242 0.0172531 0.159014 0.0326511
0 0.73595 0.416521 0.0635198 0.109417 0.0326259
0 0.976113 0.333512 0.0541031 0.295468 0.0324224
0 0.0330853 0.52163 0.0629512 0.156695 0.0323028
0 0.974144 0.462742 0.0353413 0.0772767 0.0321867
0 0.923968 0.430908 0.0340715 0.040117 0.0321497
0 0.992447 0.495813 0.0164883 0.112696 0.0320446
0 0.896124 0.450115 0.0347685 0.0336605 0.0320427
0 0.533692 0.444777 0.06704 0.114788 0.031763
0 0.933344 0.491048 0.12011 0.164224 0.0314898
0 0.883075 0.47873 0.0976112 0.115331 0.0310804
0 0.428615 0.486464 0.0898909 0.065218 0.0307776
0 0.566094 0.218827 0.024896 0.0422985 0.0304177
0 0.666829 0.485251 0.02161 0.0282098 0.0300603
0 0.812043 0.443086 0.0662787 0.0670983 0.03003
0 0.8972 0.470266 0.0666765 0.0870088 0.0300003
0 0.903071 0.422092 0.0343912 0.0441449 0.0299754
0 0.868765 0.462821 0.069269 0.0651172 0.0299516
0 0.145161 0.486478 0.0629204 0.062926 0.0297711
0 0.416545 0.432604 0.0604949 0.0663269 0.0295509
0 0.0136315 0.674155 0.0281723 0.217052 0.0292735
0 0.786881 0.474284 0.0170914 0.0304382 0.0289702
0 0.619184 0.462501 0.0355511 0.0433076 0.028755
0 0.780386 0.439985 0.0172601 0.0274295 0.0283913
0 0.0219743 0.675189 0.0466684 0.188805 0.0283795
0 0.603623 0.463723 0.0230858 0.0280922 0.0282918
0 0.551629 0.420533 0.0694915 0.137398 0.0282592
0 0.93252 0.427749 0.0501392 0.0561027 0.0281276
0 0.477643 0.466628 0.0833959 0.0898393 0.0277243
0 0.579101 0.47805 0.0227876 0.0345952 0.027652
0 0.610426 0.278994 0.0295607 0.0487022 0.0275705
0 0.206972 0.379566 0.02673 0.0549647 0.0275563
0 0.74238 0.695248 0.0368018 0.0595821 0.0274309
0 0.744869 0.332535 0.0312559 0.0482723 0.0272841
0 0.832099 0.451548 0.0854584 0.0796121 0.027272
0 0.490913 0.45163 0.0946509 0.101757 0.0270931
0 0.159133 0.483785 0.0352382 0.0559041 0.026489
0 0.247274 0.490962 0.0457144 0.0316661 0.0264723
0 0.95303 0.496252 0.0992641 0.2086 0.0263537
0 0.970079 0.481438 0.0617542 0.162013 0.026222
0 0.731948 0.41593 0.0501007 0.0799753 0.0259744
0 0.831419 0.455022 0.0348106 0.042886 0.0259536
0 0.524276 0.473835 0.0203376 0.0280757 0.0259528
0 0.605459 0.414447 0.0595506 0.0857934 0.0257226
0 0.396398 0.450762 0.108816 0.101837 0.0255095
0 0.392115 0.499616 0.049707 0.0527774 0.0255026
0 0.4172 0.421463 0.046859 0.0514106 0.0254263
0 0.0215701 0.533294 0.0448126 0.121541 0.0251677
0 0.224825 0.490545 0.086225 0.0386513 0.0251211
0 0.700664 0.428874 0.0157976 0.0222707 0.0250613
0 0.198269 0.358285 0.0405886 0.0484339 0.0249409
0 0.610135 0.462516 0.0241249 0.0313573 0.0249295
0 0.776796 0.413774 0.0269284 0.0599202 0.0249236
0 0.383438 0.453919 0.0531826 0.0566427 0.024606
0 0.194241 0.481432 0.060192 0.0511409 0.0241802
0 0.0495831 0.471961 0.0894004 0.104194 0.024175
0 0.0652442 0.563942 0.122654 0.24011 0.0238606
0 0.260847 0.478792 0.0714452 0.0533447 0.0238044
0 0.313261 0.47772 0.111613 0.0591198 0.0237771
0 0.992405 0.530797 0.0168818 0.112861 0.0237117
0 0.564636 0.467705 0.0292481 0.0334239 0.0236934
0 0.0266597 0.467115 0.0489508 0.116428 0.023573
0 0.963007 0.531558 0.0710415 0.122935 0.0228715
0 0.0194964 0.640922 0.0390666 0.145881 0.0228181
0 0.90541 0.40529 0.111566 0.142878 0.0227366
0 0.214925 0.481539 0.0738153 0.0492188 0.0222558
0 0.904232 0.402694 0.0613712 0.0678866 0.0220786
0 0.34985 0.506037 0.0590954 0.0512457 0.0218978
0 0.636628 0.478971 0.0388032 0.0573585 0.0217576
0 0.658935 0.414984 0.0513677 0.0682612 0.0217183
0 0.871885 0.498987 0.126735 0.165848 0.0216962
0 0.510479 0.447127 0.0568554 0.0925984 0.0216522
0 0.855348 0.431703 0.099136 0.0773338 0.0215956
0 0.082203 0.48635 0.101754 0.0742597 0.0215922
0 0.991032 0.389663 0.0171268 0.0406495 0.021549
0 0.5185 0.478929 0.0218845 0.0358749 0.0214954
0 0.201545 0.371605 0.0377617 0.0728338 0.0213872
0 0.944257 0.407773 0.0359777 0.0417563 0.0211089
0 0.924012 0.355803 0.0218258 0.0246016 0.0210028
0 0.894847 0.391988 0.0407928 0.0437066 0.0209893
0 0.409165 0.488431 0.0676353 0.0646703 0.0209416
0 0.983128 0.497939 0.0364536 0.149492 0.0209009
0 0.932144 0.399563 0.0269339 0.0301974 0.0208466
0 0.59779 0.484285 0.0280899 0.0417737 0.020786
0 0.765905 0.405609 0.0317343 0.0619687 0.0207104
0 0.849891 0.462987 0.0539928 0.0577844 0.0206403
0 0.00910331 0.507695 0.0183264 0.0904254 0.020542
0 0.1509 0.443672 0.0839654 0.125172 0.020447
0 0.95885 0.400584 0.0720213 0.086485 0.0201553
0 0.179372 0.242636 0.044329 0.0423924 0.0201318
0 0.244527 0.498804 0.0481258 0.0262436 0.0200943
0 0.00920309 0.57182 0.0194266 0.122235 0.0200455
0 0.329473 0.442395 0.145159 0.101681 0.0198387
0 0.00646644 0.688142 0.0143528 0.172291 0.0196414
0 0.984238 0.391039 0.0328588 0.0534741 0.0195567
0 0.182787 0.50855 0.0363042 0.0392982 0.0194744
0 0.288836 0.483831 0.0729155 0.0450737 0.0193988
0 0.0125705 0.533733 0.0245422 0.114463 0.0193713
0 0.456334 0.311182 0.0305205 0.0683753 0.0193448
0 0.934633 0.359244 0.023959 0.0342201 0.0193378
0 0.0143022 0.430659 0.0284128 0.122827 0.0192525
0 0.57626 0.407563 0.132381 0.167002 0.0192522
0 0.364374 0.443352 0.109674 0.078175 0.0192269
0 0.127131 0.416259 0.0983415 0.139203 0.0192017
0 0.529224 0.476029 0.0211892 0.0327615 0.0190347
0 0.913625 0.395023 0.0319483 0.0395325 0.0189964
0 0.864709 0.477984 0.0699078 0.0827178 0.0189524
0 0.975003 0.296712 0.0482698 0.109427 0.01887
0 0.455141 0.4951 0.0241038 0.0310027 0.0188685
0 0.400107 0.424483 0.0596819 0.0684496 0.0186103
0 0.794345 0.441407 0.0563105 0.0740259 0.0186036
0 0.150349 0.469162 0.0576903 0.0880786 0.0185791
0 0.2161 0.515774 0.102054 0.0801356 0.0183745
0 0.696246 0.425697 0.0145517 0.0201727 0.0182342
0 0.0640655 0.435163 0.112701 0.174224 0.01823
0 0.364286 0.446664 0.0759813 0.0642833 0.0181812
0 0.188549 0.422086 0.0532109 0.136557 0.0181515
0 0.0983088 0.588109 0.191752 0.328297 0.0181488
0 0.112555 0.458042 0.11662 0.119691 0.0181143
0 0.942704 0.562017 0.0967339 0.198465 0.0180485
0 0.0894445 0.419601 0.176521 0.234257 0.0179371
0 0.0241312 0.441273 0.0462479 0.128877 0.0178225
0 0.73519 0.369475 0.0390824 0.0592845 0.0177784
0 0.624026 0.414668 0.0776939 0.0926183 0.0177663
0 0.397144 0.419507 0.0855368 0.101708 0.0177433
0 0.210745 0.51592 0.0709851 0.0602971 0.017696
0 0.250346 0.478359 0.0553591 0.0431211 0.0176567
0 0.0480251 0.630593 0.0839284 0.179105 0.0175987
0 0.532773 0.323755 0.0368271 0.065482 0.0175596
0 0.377217 0.502067 0.0713109 0.0536535 0.0175572
0 0.74433 0.360303 0.0440062 0.0689654 0.0175529
0 0.348295 0.458659 0.0962037 0.0523919 0.017476
0 0.874383 0.373154 0.0214634 0.0265526 0.0174234
0 0.3828 0.435847 0.0664492 0.0726252 0.0173331
0 0.767655 0.794957 0.0360137 0.049223 0.0172878
0 0.195874 0.395285 0.0435489 0.102534 0.0170545
0 0.519379 0.495916 0.0178014 0.0277484 0.0170401
0 0.646444 0.414919 0.0626555 0.0841203 0.0170349
0 0.737746 0.666352 0.0488267 0.0995861 0.0168768
0 0.851114 0.500308 0.050699 0.0788051 0.0168591
0 0.912778 0.494319 0.0663948 0.112235 0.0168262
0 0.212222 0.222955 0.017846 0.0339317 0.0166933
0 0.196575 0.502031 0.0499094 0.0328547 0.0166467
0 0.741318 0.33211 0.0424111 0.0682109 0.0165899
0 0.152219 0.529508 0.0489325 0.0669014 0.0165023
0 0.919864 0.578598 0.112778 0.183669 0.0160298
0 0.0329491 0.626734 0.0590802 0.123919 0.0160097
0 0.992116 0.839844 0.0151262 0.088236 0.0159808
0 0.665888 0.471617 0.0176815 0.0283083 0.0159628
0 0.0725126 0.740158 0.106985 0.138906 0.0159112
0 0.186386 0.540725 0.0401206 0.0588352 0.0158959
0 0.978579 -0.0120218 0.0414904 0.0439321 0.0157822
0 0.193435 0.691799 0.0406184 0.0489319 0.015695
0 0.952151 0.605637 0.0941929 0.298524 0.0156516
0 0.115595 0.703728 0.195875 0.302812 0.0156299
0 0.176906 0.454956 0.0572816 0.0954735 0.0156284
0 0.700687 0.747425 0.0575709 0.0939111 0.015613
0 0.97765 0.531559 0.0456953 0.165458 0.0155414
0 0.188035 0.412207 0.0391705 0.111049 0.0155166
0 0.511723 0.476813 0.0271642 0.0375423 0.0155056
0 0.915486 0.632286 0.151521 0.314214 0.0154721
0 0.813491 0.436654 0.101764 0.116744 0.0154493
0 0.988612 0.0857437 0.0230448 0.147976 0.0154334
0 0.235051 0.480424 0.0787347 0.0498628 0.0154244
0 0.42761 0.414307 0.0444973 0.0507467 0.0154235
0 0.550207 0.374311 0.0765819 0.141487 0.0154023
0 0.126238 0.526705 0.0875838 0.104194 0.0154
0 0.44791 0.430071 0.0824435 0.0756101 0.0153859
0 0.735767 0.640238 0.0279177 0.0374145 0.0153422
0 0.666789 0.425039 0.0280375 0.0360201 0.015278
0 0.183682 0.474471 0.0439245 0.0535069 0.0152175
0 0.765399 0.363386 0.0333984 0.0632092 0.0152175
