0 0.322925 0.499693 0.0973362 0.119864 0.912134
0 0.38246 0.497139 0.0413342 0.0832258 0.869862
0 0.456509 0.478937 0.0203512 0.0394346 0.830279
0 0.486235 0.475654 0.0165788 0.0274472 0.778789
0 0.442189 0.484094 0.0211788 0.0477104 0.767117
0 0.422799 0.484131 0.0304145 0.0605727 0.760539
0 0.404853 0.490814 0.0281698 0.0674265 0.720148
0 0.559036 0.470885 0.00692825 0.0617843 0.685758
0 0.467288 0.477281 0.0162374 0.0327599 0.608879
0 0.493936 0.474675 0.0129511 0.0231883 0.605134
0 0.560491 0.484995 0.00401797 0.0534259 0.591257
0 0.505083 0.472989 0.0125166 0.0201607 0.559823
0 0.532254 0.477087 0.0156675 0.0219582 0.506791
0 0.545545 0.475613 0.0107361 0.0220584 0.50252
0 0.553205 0.475234 0.0117358 0.0322707 0.496663
0 0.508648 0.473168 0.0122707 0.0199703 0.49605
0 0.496955 0.474511 0.0108678 0.0204234 0.380658
0 0.500012 0.472946 0.0119364 0.0233109 0.362177
0 0.470438 0.475918 0.0133637 0.0294943 0.347607
0 0.550613 0.477022 0.0112585 0.0278069 0.340353
0 0.478432 0.476914 0.0150556 0.0288664 0.327009
0 0.515583 0.474427 0.0109516 0.0171637 0.319624
0 0.474213 0.478261 0.0149813 0.0302644 0.302933
0 0.482628 0.477817 0.0145132 0.0265082 0.269627
0 0.540172 0.475769 0.010867 0.0189237 0.268815
0 0.542551 0.475808 0.0121737 0.0238894 0.232762
0 0.511781 0.477205 0.0116291 0.0196576 0.226841
0 0.518927 0.477504 0.00994272 0.0168012 0.223002
0 0.557723 0.480345 0.00955491 0.0353772 0.203667
0 0.453044 0.482742 0.0154455 0.0368688 0.203244
0 0.556154 0.481373 0.0126924 0.0329753 0.186556
0 0.468459 0.484356 0.0137875 0.0284469 0.18628
0 0.52715 0.47642 0.012425 0.0194811 0.18494
0 0.558052 0.472508 0.00889688 0.0455173 0.181308
0 0.5625 0.479437 0 0.134487 0.170842
0 0.440356 0.478185 0.0165381 0.0348835 0.158543
0 0.5625 0.475091 0 0.0532672 0.139153
0 0.434288 0.483285 0.0228822 0.0527576 0.124202
0 0.5625 0.475073 0 0.0474473 0.120296
0 0.5625 0.49779 0 0.0922995 0.11329
0 0.5625 0.491378 0 0.0499842 0.10736
0 0.5625 0.477983 0 0.065341 0.100509
0 0.5625 0.486836 0 0.122044 0.10026
0 0.406396 0.494486 0.0201485 0.0562987 0.0987791
0 0.561794 0.460946 0.00141282 0.0394241 0.093068
0 0.5625 0.485509 0 0.0414759 0.0874429
0 0.5625 0.480015 0 0.0384732 0.0820725
0 0.5625 0.475819 0 0.0612272 0.0816423
0 0.434582 0.485782 0.0176489 0.0405454 0.0772514
0 0.421032 0.473873 0.0202701 0.036811 0.0749502
0 0.642957 0.465416 0.0219745 0.0288958 0.0737078
0 0.430097 0.474394 0.0167605 0.033795 0.073427
0 0.910862 0.447839 0.184188 0.193188 0.0687703
0 0.349672 0.493006 0.0475721 0.0936313 0.0681289
0 0.600107 0.490568 0.0175319 0.0348595 0.0661481
0 0.589148 0.490275 0.0194781 0.0351598 0.0641108
0 0.795663 0.495697 0.0481723 0.0619292 0.0635781
0 0.360097 0.493964 0.0415553 0.0979668 0.0626577
0 0.467427 0.572457 0.0233535 0.054835 0.0616618
0 0.974949 0.448148 0.0522976 0.199897 0.0598511
0 0.553274 0.476829 0.00869818 0.0204713 0.0566725
0 0.640842 0.475586 0.0201595 0.0333367 0.0549815
0 0.709518 0.477927 0.075304 0.0706206 0.0524824
0 0.584816 0.487933 0.0141705 0.0306715 0.0521903
0 0.646576 0.461203 0.0248578 0.0292098 0.0516399
0 0.93242 0.479951 0.121533 0.110996 0.0512487
0 0.593018 0.47126 0.0137758 0.0285376 0.0490382
0 0.790813 0.479273 0.0573968 0.0942735 0.0486525
0 0.952563 0.47467 0.0967245 0.13556 0.0478055
0 0.587233 0.482942 0.0273192 0.0431914 0.0472052
0 0.554056 0.467803 0.0100956 0.0221119 0.0447585
0 0.902904 0.481701 0.110668 0.102286 0.044495
0 0.620153 0.473421 0.0434392 0.0556213 0.0439198
0 0.774979 0.473136 0.087641 0.112278 0.0424765
0 0.13225 0.36838 0.25857 0.34529 0.0408115
0 0.545447 0.456249 0.0114594 0.0180942 0.0406389
0 0.776659 0.488349 0.0687997 0.0764436 0.0405999
0 0.3982 0.474953 0.0191063 0.0341868 0.0404835
0 0.49392 0.469893 0.0112552 0.0229226 0.0399451
0 0.484695 0.466459 0.0120134 0.0235386 0.0397462
0 0.303889 0.503953 0.0561871 0.0910703 0.039553
0 0.288732 0.489112 0.0363537 0.0652489 0.0386475
0 0.995216 0.505734 0.00931892 0.0639855 0.0382175
0 0.636926 0.46764 0.0198057 0.0280715 0.0380428
0 0.530286 0.45385 0.0104001 0.0138689 0.0369864
0 0.497035 0.4798 0.0110592 0.0170795 0.0367877
0 0.663852 0.452512 0.0284421 0.0315534 0.0359394
0 0.546656 0.4798 0.0102728 0.0201034 0.0356751
0 0.59424 0.47415 0.0194588 0.0335329 0.03537
0 0.601294 0.490034 0.0270443 0.0418155 0.0350974
0 0.486009 0.48231 0.0120154 0.0181592 0.0350233
0 0.752492 0.479162 0.0857162 0.0813171 0.0349258
0 0.401457 0.491461 0.0183989 0.0478096 0.0348019
0 0.967252 0.459275 0.0597385 0.134995 0.0344931
0 0.701998 0.46725 0.0379625 0.042568 0.0343309
0 0.553299 0.455879 0.0135032 0.0192087 0.0341713
0 0.668164 0.438833 0.0294321 0.0353823 0.0340187
0 0.283542 0.466487 0.031162 0.0469228 0.0339065
0 0.656296 0.486447 0.0618797 0.0830997 0.0331988
0 0.407634 0.478647 0.0160114 0.0380831 0.0330212
0 0.337823 0.456235 0.0458678 0.0392129 0.0329941
0 0.5582 0.457785 0.0124861 0.0245678 0.0326775
0 0.550016 0.456648 0.00920153 0.0152229 0.0325543
0 0.278793 0.472661 0.0294426 0.0466021 0.0321485
0 0.931297 0.491312 0.0732943 0.100438 0.0321261
0 0.758445 0.473513 0.0484047 0.0637789 0.0318418
0 0.797005 0.462076 0.0444522 0.103338 0.0316669
0 0.441385 0.492636 0.0151141 0.037029 0.0314176
0 0.876314 0.466568 0.128949 0.126446 0.0308498
0 0.438135 0.49109 0.0160962 0.0421218 0.0307585
0 0.516132 0.451638 0.0103966 0.0141612 0.0306514
0 0.604226 0.473515 0.0162611 0.0289462 0.0304308
0 0.879905 0.488049 0.1092 0.0877275 0.0300845
0 0.816685 0.480333 0.0827016 0.0885534 0.0299201
0 0.516382 0.383191 0.0184879 0.0193095 0.0298257
0 0.39256 0.471446 0.0202885 0.0397847 0.0295878
0 0.362273 0.485237 0.0285142 0.0569124 0.0290675
0 0.77358 0.471474 0.069475 0.0798946 0.0290526
0 0.472778 0.482701 0.0120044 0.0198852 0.0289331
0 0.802255 0.453502 0.0314448 0.0834036 0.0288755
0 0.523743 0.476104 0.00975847 0.015766 0.0285815
0 0.719946 0.466423 0.0506966 0.0489358 0.0281473
0 0.806557 0.462782 0.0438353 0.115837 0.0279412
0 0.566485 0.453239 0.0192518 0.0236082 0.0272743
0 0.755832 0.456374 0.0297791 0.0384772 0.0267711
0 0.539417 0.480665 0.0108801 0.0166918 0.0266869
0 0.291496 0.440513 0.0446484 0.0708363 0.0262259
0 0.545874 0.405196 0.0116555 0.0174157 0.0258631
0 0.548118 0.468497 0.0100889 0.0220729 0.0253778
0 0.064374 0.202346 0.0415448 0.052001 0.025363
0 0.540915 0.386506 0.0167299 0.0186762 0.0250446
0 0.96853 0.322667 0.0537941 0.0687159 0.0249717
0 0.749207 0.459232 0.0456 0.0468009 0.0248123
0 0.986864 0.522049 0.026635 0.107028 0.0245819
0 0.345016 0.466248 0.0475117 0.0541149 0.0244803
0 0.383744 0.472573 0.0210959 0.0291169 0.0244746
0 0.3604 0.508974 0.0348658 0.073776 0.0243823
0 0.925463 0.499728 0.0546108 0.078618 0.0240039
0 0.4205 0.492627 0.016811 0.0452378 0.0239672
0 0.830056 0.457774 0.127641 0.154789 0.0239388
0 0.638069 0.49483 0.0174521 0.0332457 0.0237613
0 0.597062 0.508539 0.0161695 0.0308797 0.0235687
0 0.282069 0.454168 0.0261289 0.0383893 0.0234989
0 0.0294105 0.428742 0.0602569 0.191978 0.0234005
0 0.408638 0.508024 0.0183818 0.0541348 0.0233
0 0.523432 0.411692 0.0165782 0.0234648 0.0232831
0 0.913251 0.493238 0.0684095 0.0893021 0.0232564
0 0.2538 0.316906 0.0271408 0.0442241 0.0231604
0 0.601159 0.506582 0.0147931 0.0300435 0.0231215
0 0.286309 0.486313 0.026167 0.0491927 0.022985
0 0.500246 0.409566 0.0181668 0.0257136 0.0229505
0 0.509972 0.409206 0.0195784 0.0256189 0.0228146
0 0.0325291 0.272226 0.0605011 0.119656 0.0228059
0 0.98445 0.438089 0.0319525 0.116044 0.0226597
0 0.288916 0.49819 0.025709 0.050979 0.0225758
0 0.616428 0.495196 0.0207038 0.0329585 0.0220263
0 0.534181 0.409509 0.0153338 0.0214692 0.021473
0 0.455356 0.486314 0.0133932 0.0259632 0.0214599
0 0.268321 0.48028 0.0506904 0.0630869 0.0213486
0 0.424975 0.489175 0.0189266 0.0517147 0.0212568
0 0.0506652 0.486302 0.0971396 0.112548 0.0212136
0 0.51349 0.281325 0.0412158 0.0562549 0.0212133
0 0.548624 0.410487 0.0146348 0.0215311 0.0211549
0 0.374264 0.496521 0.0211238 0.0516594 0.0210416
0 0.617661 0.378708 0.0295925 0.0437635 0.0205777
0 0.208965 0.392848 0.114148 0.173048 0.0205078
0 0.030429 0.364658 0.0649484 0.247153 0.0201767
0 0.739233 0.490044 0.0882751 0.0892327 0.0201565
0 0.0578284 0.273784 0.0283816 0.0742293 0.0200419
0 0.282577 0.423709 0.0290807 0.0628941 0.0199712
0 0.646381 0.500306 0.0261564 0.0419483 0.0198925
0 0.675609 0.407147 0.0241563 0.0331991 0.0198032
0 0.962364 0.41399 0.0673914 0.139268 0.0197052
0 0.628951 0.499928 0.0225919 0.0401187 0.0195508
0 0.309589 0.474665 0.0800095 0.0740205 0.0194476
0 0.590748 0.38949 0.0369443 0.0496307 0.0193084
0 0.0572714 0.756256 0.0891709 0.122057 0.0192138
0 0.372726 0.467534 0.0198309 0.027531 0.0192082
0 0.506661 0.451556 0.00974312 0.0137697 0.0189696
0 0.509513 0.544852 0.0267037 0.0652484 0.0189648
0 0.183761 0.0976186 0.0309725 0.0655652 0.0188373
0 0.56194 0.404507 0.0232876 0.0345697 0.0188305
0 0.281689 0.498883 0.0212116 0.0469824 0.0187858
0 0.376218 0.503957 0.0184325 0.0403313 0.0186243
0 0.349446 0.511853 0.0392715 0.0856907 0.0185415
0 0.694909 0.436194 0.0308185 0.037866 0.0184547
0 0.487579 0.402886 0.0182725 0.0276815 0.0183495
0 0.322498 0.453136 0.0595938 0.0400193 0.0182892
0 0.911405 0.293266 0.173885 0.344986 0.0182557
0 0.704426 0.438335 0.0262773 0.0348122 0.0182446
0 0.0286726 0.181733 0.0592354 0.125241 0.0181884
0 0.247207 0.316123 0.0376936 0.0524635 0.0181345
0 0.902197 0.195436 0.189627 0.343794 0.0180548
0 0.0572851 0.442631 0.109012 0.19631 0.0180147
0 0.00842573 0.512826 0.0164254 0.0691483 0.0179282
0 0.499098 0.451415 0.0104959 0.0149769 0.0179277
0 0.559838 0.373988 0.0234265 0.0296141 0.0178168
0 0.336851 0.283402 0.14722 0.257021 0.0177754
0 0.579983 0.447989 0.0227315 0.0279218 0.0176366
0 0.471092 0.268904 0.0202817 0.0338434 0.0175946
0 0.668867 0.410064 0.0300484 0.0411943 0.0175663
0 0.257394 0.31824 0.0408517 0.0590108 0.0175026
0 0.64402 0.489075 0.0247256 0.0429345 0.0174209
0 0.676113 0.710146 0.0476002 0.073452 0.0174208
0 0.97802 0.402336 0.0443729 0.196643 0.0173292
0 0.138698 0.207974 0.257723 0.383405 0.0173201
0 0.330598 0.374144 0.034235 0.0500266 0.0171696
0 0.0347423 0.295327 0.0724867 0.189954 0.0169742
0 0.246884 0.483797 0.0627278 0.0689676 0.0169628
0 0.603848 0.382945 0.0370215 0.0478214 0.0169458
0 0.0188135 0.497913 0.0341006 0.0826243 0.0169275
0 0.0643828 0.237748 0.0470554 0.0983895 0.0166781
0 0.485028 0.270102 0.0456007 0.0701608 0.0165453
0 0.00983693 0.698454 0.0225038 0.144667 0.0164457
0 0.980312 -0.012629 0.0378777 0.0424296 0.0164377
0 0.363487 0.562253 0.026786 0.0502271 0.0163692
0 0.53844 0.283597 0.0501034 0.0662155 0.0163618
0 0.365035 0.499578 0.0253891 0.0705866 0.0163592
0 0.887928 0.546791 0.0736506 0.103945 0.0163346
0 0.00493311 0.524195 0.00986323 0.0458826 0.0162793
0 0.981325 0.314445 0.0346796 0.0873945 0.0162776
0 0.00533645 0.683006 0.0119043 0.102463 0.0162675
0 0.565755 0.489681 0.0153702 0.0283876 0.0162071
0 0.0120014 0.788248 0.0229569 0.0723614 0.0161246
0 0.775159 0.375615 0.0288661 0.0361217 0.0161087
0 0.258551 0.504199 0.0384198 0.057406 0.0160887
0 0.918283 0.540574 0.0875174 0.12102 0.0160586
0 0.353506 0.454422 0.0218338 0.0262249 0.0160583
0 0.716566 0.392736 0.0357675 0.0553261 0.0160563
0 0.967198 0.363823 0.0488075 0.0417319 0.0160362
0 0.920401 0.826234 0.049053 0.0508876 0.0159923
0 0.596165 0.432074 0.0357341 0.060252 0.0159489
0 0.186399 0.383812 0.0479325 0.0614313 0.0159402
0 0.966896 0.524005 0.0602827 0.134242 0.0159069
0 0.714768 0.42234 0.034252 0.0514097 0.0158913
0 0.553023 0.365788 0.0158802 0.0242477 0.0157894
0 0.0552407 0.889641 0.0982551 0.166319 0.0157157
0 0.415153 0.686529 0.0669697 0.0961258 0.0156894
0 0.861152 0.556946 0.0647131 0.106669 0.0155911
0 0.0116584 0.477333 0.0249208 0.104424 0.0155605
0 0.468306 0.3927 0.0225439 0.0345167 0.0155504
0 0.679352 0.463477 0.0821776 0.0890384 0.0154879
0 0.277395 0.417362 0.0206883 0.0531173 0.0154268
0 0.844735 0.472573 0.0752163 0.0948104 0.0154078
0 0.220677 0.431825 0.107823 0.184703 0.0153523
0 0.0973183 0.188754 0.1793 0.248095 0.0153155
0 0.0584641 0.709964 0.0961375 0.160006 0.0153022
0 0.967401 0.353108 0.0705727 0.2586 0.0153014
0 0.0298712 0.500215 0.0545281 0.088103 0.0152966
0 0.484319 0.447737 0.0121718 0.0164483 0.0152822
0 0.0925851 0.488738 0.129256 0.109238 0.0152362
0 0.00456639 0.538762 0.0130323 0.0707307 0.0152355
0 0.673716 0.512704 0.0344103 0.0520878 0.0152242
0 0.955042 0.442402 0.0822346 0.128874 0.0151448
0 0.546503 0.367936 0.0132047 0.0201332 0.0151338
0 0.497324 0.374328 0.0162125 0.0163509 0.0151221
0 0.944126 0.538152 0.0609129 0.103963 0.0151152
0 0.819892 0.720641 0.0804113 0.143161 0.0151144
0 0.616827 0.413926 0.0262249 0.0425051 0.0150817
0 0.0673891 0.203579 0.0514678 0.0707512 0.014972
0 0.696155 0.404817 0.0344107 0.0507554 0.0149551
0 0.4286 0.505081 0.0209885 0.0526639 0.0148935
0 0.75712 0.437905 0.0321892 0.051417 0.0148915
0 0.326912 0.442434 0.0332024 0.0279308 0.0148799
0 0.569066 0.265872 0.0680275 0.0932131 0.0147801
0 0.0115291 0.738881 0.0240609 0.113023 0.0147641
0 0.830537 0.496403 0.0707655 0.0651073 0.0147016
0 0.385302 0.49041 0.0258477 0.0510134 0.0145967
0 0.1869 0.366447 0.0527459 0.077149 0.0145483
0 0.834206 0.459317 0.0764893 0.0995216 0.0145381
0 0.185079 0.120781 0.0329668 0.0747276 0.0145248
0 0.324104 0.519315 0.0657156 0.0787801 0.0144682
0 0.0525901 0.608679 0.0812871 0.170889 0.0144506
0 0.802553 0.542328 0.0349236 0.0641868 0.0144279
0 0.0561137 0.658695 0.0855471 0.151835 0.0144257
0 0.63136 0.375418 0.0325242 0.0480086 0.0144183
0 0.0759613 0.226713 0.0620277 0.0951186 0.0144173
0 0.0770067 0.298433 0.131479 0.179391 0.0143897
0 0.729505 0.534953 0.0528026 0.085086 0.0143739
0 0.661146 0.41813 0.0354882 0.0489352 0.0143422
0 0.0992146 0.259559 0.131745 0.12287 0.0143125
0 0.78414 0.451815 0.0644938 0.100276 0.014294
0 0.458165 0.445858 0.0156493 0.0217391 0.0142401
0 0.0254392 0.512696 0.0543213 0.174419 0.0142106
0 0.338426 0.571751 0.0429167 0.0724012 0.0141357
0 0.46249 0.348619 0.0265027 0.0393933 0.014073
0 0.386799 0.424181 0.0440135 0.058837 0.0139857
0 0.466191 0.267371 0.0425137 0.06595 0.0139816
0 0.01517 0.204331 0.0284442 0.0567875 0.0139777
0 0.834538 0.558718 0.0542833 0.0964173 0.0139487
0 0.6569 0.488708 0.0362954 0.0612608 0.0139055
0 0.877061 0.486191 0.0602221 0.0803326 0.0138739
0 0.899887 0.927557 0.119891 0.133995 0.0138589
0 0.0579336 0.798786 0.093127 0.123759 0.0138535
0 0.383782 0.458682 0.0621547 0.120172 0.0138202
0 0.586018 0.497956 0.0201688 0.0315924 0.0138083
0 0.635313 0.512933 0.0203105 0.0311579 0.0137914
0 0.669324 0.375162 0.0283087 0.0446281 0.013769
0 0.0138313 0.444766 0.0307304 0.157347 0.0137396
0 0.253803 0.333945 0.0262756 0.0523192 0.0137075
