0 0.0985653 0.501227 0.197108 0.216316 0.88873
0 0.598353 0.500343 0.0397923 0.0524265 0.85781
0 0.454485 0.478408 0.0225862 0.0297453 0.843283
0 0.585273 0.488614 0.0337631 0.0497197 0.780515
0 0.564662 0.485484 0.0175635 0.0332016 0.754915
0 0.559133 0.481924 0.0167808 0.0306829 0.722753
0 0.297111 0.489609 0.0600584 0.100345 0.716319
0 0.415495 0.473722 0.0275558 0.0298876 0.645993
0 0.236959 0.496129 0.0848096 0.124389 0.58621
0 0.545621 0.473981 0.0122818 0.0230821 0.556454
0 0.46999 0.47581 0.0135628 0.0246202 0.542653
0 0.497465 0.474928 0.0234258 0.0330251 0.510533
0 0.340201 0.475651 0.0336047 0.0435277 0.478723
0 0.47759 0.47248 0.0145473 0.024979 0.460603
0 0.392645 0.471675 0.0224315 0.0296736 0.455871
0 0.542691 0.472794 0.0118147 0.0221144 0.452751
0 0.367782 0.472106 0.0274952 0.0337724 0.450893
0 0.51671 0.469844 0.0196284 0.0358851 0.429414
0 0.384593 0.471668 0.0351291 0.0339742 0.401277
0 0.533224 0.46409 0.0123368 0.0200434 0.35219
0 0.547796 0.477587 0.0126276 0.0235572 0.351784
0 0.551796 0.479185 0.0128581 0.0246823 0.33504
0 0.474816 0.471666 0.0163231 0.0313221 0.328113
0 0.555029 0.477343 0.0139448 0.029479 0.312965
0 0.517489 0.461973 0.0187336 0.0306152 0.310147
0 0.537696 0.467492 0.0104767 0.0197705 0.287086
0 0.534218 0.460489 0.0113709 0.0181156 0.280016
0 0.262515 0.489223 0.0615757 0.112036 0.272531
0 0.480774 0.470191 0.0120655 0.0222158 0.265178
