0 0.515389 0.551627 0.164205 0.238104 0.910772
0 0.85957 0.521604 0.280763 0.279759 0.897834
0 0.183517 0.496818 0.143157 0.0861328 0.828533
0 0.0431246 0.503729 0.0858738 0.123201 0.818242
0 0.340685 0.501131 0.0808575 0.124441 0.809873
0 0.620981 0.506146 0.0638094 0.0998403 0.684325
0 0.433762 0.483262 0.0497307 0.095865 0.618829
0 0.386684 0.49956 0.0319795 0.0604445 0.600112
0 0.280279 0.486319 0.0649178 0.0504266 0.572261
0 0.400365 0.496262 0.0203631 0.0434035 0.427825
0 0.306607 0.481698 0.0199043 0.0377689 0.320232
0 0.224469 0.48962 0.0854177 0.0705838 0.305737
0 0.0741764 0.491673 0.077887 0.0854789 0.300167
0 0.0599673 0.481907 0.0555786 0.0691523 0.285499
0 0.395614 0.490107 0.0284086 0.058195 0.283206
0 0.405697 0.495223 0.0163809 0.0444255 0.268572
0 0.667631 0.513301 0.0255514 0.0305698 0.267133
0 0.679388 0.513521 0.0375318 0.0347205 0.251464
