0 0.763981 0.540219 0.455074 0.577463 0.867235
0 0.545502 0.494701 0.121282 0.23911 0.861828
0 0.478262 0.460384 0.0456036 0.0818687 0.855814
0 0.0171154 0.544832 0.0341935 0.122545 0.763927
0 0.443342 0.443988 0.0123044 0.0253789 0.720397
0 0.257859 0.476073 0.0548096 0.0641541 0.706564
0 0.325974 0.461286 0.0247906 0.0433033 0.695804
0 0.302266 0.470312 0.0224995 0.0411974 0.676851
0 0.290928 0.472463 0.024615 0.0460646 0.667353
0 0.312571 0.46852 0.0203994 0.0377029 0.635863
0 0.388355 0.447076 0.0157335 0.0260347 0.625147
0 0.451431 0.451882 0.0152751 0.0394721 0.62029
0 0.341476 0.459903 0.0171136 0.0342921 0.587419
0 0.353926 0.458766 0.0157926 0.027346 0.58116
0 0.375697 0.456002 0.0157039 0.0227515 0.566605
0 0.441091 0.441548 0.0116519 0.0229106 0.49662
0 0.402526 0.443213 0.0110069 0.0198503 0.48803
0 0.371154 0.45577 0.0174365 0.0247165 0.437488
0 0.398891 0.447225 0.0107608 0.0187347 0.42824
0 0.410645 0.432911 0.0113976 0.0169942 0.423576
0 0.927082 0.778311 0.145836 0.432305 0.407169
0 0.448585 0.450519 0.0126673 0.0338854 0.39693
0 0.455545 0.454345 0.0163239 0.0499461 0.380933
0 0.401406 0.439585 0.0101404 0.0185798 0.355319
0 0.387497 0.452653 0.0127995 0.0197829 0.352019
0 0.404639 0.438415 0.0100574 0.0171014 0.343242
0 0.400541 0.444876 0.0102976 0.0193251 0.343025
0 0.396404 0.446422 0.0122334 0.0202377 0.341084
0 0.438569 0.441039 0.0113994 0.0205983 0.339089
0 0.285066 0.47386 0.0265831 0.0497823 0.337466
0 0.414383 0.428207 0.0111359 0.016605 0.335224
0 0.378605 0.456281 0.0125192 0.0194438 0.334277
0 0.452997 0.458282 0.0132857 0.0398868 0.318481
0 0.381546 0.454295 0.0128158 0.0194855 0.312226
0 0.405755 0.443721 0.011422 0.0203378 0.306331
0 0.348575 0.459309 0.0161639 0.0292879 0.294755
0 0.407988 0.433719 0.00992479 0.0158759 0.289142
0 0.411734 0.43031 0.00920687 0.0147475 0.286968
0 0.325209 0.45471 0.0338797 0.053285 0.279548
0 0.383803 0.452502 0.0153702 0.0241352 0.273278
0 0.322682 0.466591 0.0202003 0.0340434 0.268277
0 0.329437 0.46348 0.0194386 0.0348068 0.256932
0 0.432723 0.439989 0.00845175 0.0143273 0.254709
