0 0.5625 0.536052 0 0.0734367 0.863464
0 0.5625 0.511263 0 0.0492065 0.859246
0 0.342828 0.528316 0.291437 0.527317 0.848074
0 0.5625 0.541558 0 0.101464 0.840209
0 0.5625 0.514126 0 0.0444601 0.784166
0 0.5625 0.506722 0 0.0501103 0.783423
0 0.5625 0.49942 0 0.036929 0.759887
0 0.5625 0.531609 0 0.0821493 0.758963
0 0.5625 0.535355 0 0.0709031 0.755507
0 0.5625 0.509542 0 0.0460731 0.681986
0 0.492906 0.481407 0.0225426 0.0361878 0.503781
0 0.518411 0.482705 0.0287987 0.0359901 0.401553
0 0.5625 0.514005 0 0.024601 0.3792
0 0.556958 0.500152 0.0110837 0.02778 0.366309
0 0.5625 0.502415 0 0.0356789 0.360075
0 0.5625 0.520687 0 0.0360652 0.356426
0 0.5625 0.500527 0 0.0453273 0.307279
0 0.5625 0.528627 0 0.0511123 0.286014
0 0.5625 0.509618 0 0.0451598 0.2801
0 0.545166 0.49676 0.020577 0.0232201 0.271696
0 0.5625 0.486109 0 0.0278653 0.261243
0 0.5625 0.505028 0 0.0510372 0.241144
0 0.559111 0.504708 0.00677695 0.0246288 0.238434
0 0.5625 0.487845 0 0.0304425 0.238249
0 0.5625 0.509893 0 0.0339547 0.212112
0 0.5625 0.488726 0 0.0454793 0.204609
0 0.545678 0.500666 0.0155849 0.0186292 0.20373
0 0.5625 0.495564 0 0.0210341 0.192773
0 0.5625 0.482067 0 0.0192279 0.192108
0 0.5625 0.491978 0 0.0487857 0.184195
0 0.5625 0.495611 0 0.0247817 0.17918
0 0.5625 0.513269 0 0.0340717 0.175367
0 0.5625 0.511851 0 0.0437233 0.174241
0 0.50678 0.467806 0.0493151 0.0647526 0.173382
0 0.5625 0.497874 0 0.0303034 0.170858
0 0.557676 0.496441 0.00964889 0.0212758 0.170763
0 0.5625 0.487658 0 0.0475165 0.168479
0 0.5625 0.494412 0 0.0276837 0.166861
0 0.553443 0.499945 0.0163714 0.0214631 0.163814
0 0.548839 0.498958 0.0145409 0.0197871 0.162003
0 0.5625 0.504125 0 0.0383686 0.161886
0 0.5625 0.502249 0 0.05143 0.161149
0 0.5625 0.494235 0 0.0281646 0.160914
0 0.5625 0.493318 0 0.0298937 0.157866
0 0.491696 0.477184 0.0176161 0.0270481 0.155306
0 0.5625 0.493864 0 0.0236506 0.149505
0 0.5625 0.498066 0 0.025623 0.149382
0 0.5625 0.493688 0 0.0230498 0.148594
0 0.529703 0.492123 0.0159318 0.0221533 0.148249
0 0.555859 0.497745 0.0132827 0.0224577 0.147771
0 0.772153 0.510116 0.0208096 0.0312267 0.145507
0 0.963237 0.51204 0.0292749 0.0414304 0.144008
0 0.69267 0.482435 0.055407 0.0321793 0.14364
0 0.696197 0.505422 0.0217689 0.0336169 0.142163
0 0.580272 0.499374 0.0149459 0.0254213 0.135761
0 0.536466 0.490755 0.0131568 0.0214434 0.131762
0 0.724013 0.479012 0.0323518 0.0402567 0.130731
0 0.77727 0.510279 0.0137151 0.0237612 0.128209
0 0.900617 0.489576 0.0572103 0.0365974 0.126929
0 0.740352 0.508262 0.0149903 0.030637 0.123327
0 0.637117 0.485598 0.0220286 0.0219189 0.12261
0 0.51186 0.485072 0.0167418 0.0274432 0.120526
0 0.754744 0.511967 0.0253879 0.035632 0.120129
0 0.860987 0.507704 0.0249338 0.0231129 0.11788
0 0.846815 0.525784 0.0330614 0.0465773 0.117502
0 0.933645 0.489168 0.0340538 0.0252253 0.116636
0 0.569895 0.499182 0.0147301 0.0230955 0.116097
0 0.600234 0.495558 0.0172955 0.0250567 0.115678
0 0.853007 0.507342 0.0208656 0.0172397 0.115475
0 0.499836 0.486373 0.0155479 0.0276085 0.114824
0 0.947978 0.4891 0.0404717 0.0288323 0.113687
0 0.858875 0.516885 0.0172808 0.0241488 0.113394
0 0.963878 0.501276 0.0272758 0.0232828 0.113196
0 0.506495 0.485982 0.0150971 0.026443 0.112303
0 0.505917 0.478585 0.0196319 0.0238778 0.11181
0 0.516748 0.486751 0.0173496 0.0284636 0.109855
0 0.519112 0.477111 0.0195983 0.0258449 0.108825
0 0.887763 0.492644 0.0271975 0.0220963 0.108265
0 0.673094 0.507125 0.0170244 0.035945 0.108081
0 0.653325 0.492127 0.0195006 0.0274257 0.107286
0 0.934365 0.494801 0.0272501 0.0173766 0.107001
0 0.9556 0.497723 0.0238977 0.0190711 0.105916
0 0.683531 0.506891 0.0207181 0.0378243 0.105748
0 0.703959 0.501609 0.0195028 0.0292636 0.104815
0 0.523184 0.489236 0.0184187 0.0256565 0.10421
0 0.69987 0.485871 0.026724 0.0207539 0.103142
0 0.595307 0.49835 0.014558 0.0297785 0.102351
0 0.852195 0.510072 0.0272749 0.0244643 0.101253
0 0.48865 0.484202 0.0145298 0.0274722 0.100367
0 0.91657 0.526093 0.042972 0.0541497 0.100252
0 0.771376 0.509806 0.0156342 0.0214922 0.0996466
0 0.715972 0.479243 0.0393447 0.0302804 0.0992864
0 0.0949249 0.415552 0.186153 0.829819 0.0989954
0 0.161674 0.420038 0.315554 0.83038 0.0986773
0 0.871169 0.504378 0.0219244 0.0217108 0.0974208
0 0.711334 0.484496 0.0248613 0.0194305 0.0966647
0 0.734814 0.494153 0.0216263 0.0239582 0.0963416
0 0.728532 0.510853 0.0162027 0.033603 0.0957152
0 0.624043 0.498773 0.0147985 0.0345462 0.0950095
0 0.993888 0.535716 0.0110279 0.0713463 0.093127
0 0.677904 0.501083 0.0252028 0.0292288 0.0926412
0 0.497063 0.479874 0.0134913 0.0310165 0.0911704
0 0.75051 0.501275 0.0336984 0.0432654 0.0906217
0 0.922854 0.483935 0.0884974 0.0764176 0.0895808
0 0.721319 0.491974 0.0281951 0.0352173 0.0891893
0 0.317088 0.114684 0.108767 0.230812 0.0881718
0 0.676725 0.48501 0.0197791 0.0188383 0.0880066
0 0.0604273 0.408567 0.119348 0.776679 0.0877556
0 0.694861 0.49613 0.0195485 0.023558 0.0877147
0 0.118618 0.475391 0.0674547 0.0523323 0.0867152
0 0.767488 0.513733 0.0198561 0.032488 0.0866888
0 0.65914 0.512548 0.0174759 0.0289942 0.0862399
0 0.951216 0.495566 0.0242085 0.0203506 0.0850776
0 0.823129 0.495796 0.0366976 0.0183037 0.0850207
0 0.743655 0.501111 0.0171043 0.0233429 0.0843602
0 0.732421 0.512091 0.0176849 0.0356957 0.0831235
0 0.629819 0.50607 0.0189846 0.0338092 0.0830674
0 0.896352 0.500534 0.021636 0.0175871 0.0826951
0 0.484964 0.489231 0.0124243 0.0351552 0.0806327
0 0.475914 0.46485 0.021139 0.0554296 0.0784601
0 0.199704 0.196263 0.384145 0.417771 0.0783592
0 0.792484 0.499354 0.0290959 0.0211353 0.0783442
0 0.784087 0.518872 0.027365 0.0454289 0.078027
0 0.672066 0.493516 0.0168797 0.0270482 0.0778256
0 0.781966 0.508582 0.023543 0.0321456 0.0777623
0 0.591362 0.501789 0.0161135 0.0271678 0.0762875
0 0.631711 0.495964 0.0177403 0.0273862 0.0744209
0 0.813343 0.492091 0.0498455 0.0170281 0.073607
0 0.858012 0.506829 0.0176336 0.0182021 0.0714822
0 0.967132 0.496584 0.0346413 0.0409507 0.0706183
0 0.852557 0.539456 0.043248 0.0814757 0.070017
0 0.814338 0.518046 0.0862223 0.0549041 0.0696577
0 0.0580113 0.467778 0.0921602 0.0818912 0.0691486
0 0.724159 0.49796 0.0199657 0.0273207 0.068482
0 0.776406 0.515691 0.0181124 0.0344141 0.0684774
0 0.636901 0.496245 0.0214232 0.030529 0.065841
0 0.857752 0.498069 0.0315865 0.03811 0.064834
0 0.909549 0.482718 0.0461876 0.0545213 0.0621345
0 0.977257 0.477414 0.0479755 0.108198 0.0617205
0 0.485774 0.481464 0.0144696 0.0319403 0.0601457
0 0.756369 0.48623 0.0360929 0.0503073 0.0601384
0 0.761663 0.515405 0.020871 0.028242 0.0600129
0 0.486561 0.471901 0.0146356 0.0344945 0.0599535
0 0.0526193 0.442375 0.103347 0.134644 0.059505
0 0.0990444 0.472698 0.0388694 0.0464338 0.0594559
0 0.802822 0.510553 0.0194656 0.0183281 0.0591258
0 0.71219 0.496615 0.0192807 0.0227141 0.0590336
0 0.980774 0.45049 0.038213 0.126069 0.0580697
0 0.300687 0.150397 0.146861 0.290664 0.0537613
0 0.00342953 0.486363 0.00756412 0.0722612 0.0531351
0 0.799707 0.530025 0.0475831 0.073079 0.0529398
0 0.812194 0.494161 0.0398632 0.0263737 0.052288
0 0.0720469 0.472027 0.0655803 0.0628097 0.0522294
0 0.678653 0.477544 0.0209476 0.0168171 0.0522179
0 0.806645 0.49617 0.0301936 0.0151794 0.0520317
0 0.686987 0.479496 0.0216313 0.0153389 0.0516807
0 0.839392 0.498578 0.0209433 0.0140632 0.051314
0 0.0851563 0.471141 0.0393015 0.0539325 0.0512225
0 0.189454 0.55524 0.0439776 0.23741 0.0506578
0 0.050119 0.303771 0.0988999 0.428525 0.0501699
0 0.907193 0.450316 0.0938438 0.0815931 0.0497472
0 0.364134 0.34991 0.243132 0.183472 0.049411
0 0.0343452 0.461123 0.0604964 0.0882414 0.0488119
0 0.192602 0.481094 0.0426427 0.0995449 0.0479803
0 0.846934 0.498733 0.0156561 0.0155303 0.0478173
0 0.485004 0.50543 0.0150968 0.0527513 0.0478135
0 0.526728 0.472965 0.0194205 0.0307788 0.0476559
0 0.982878 0.501346 0.0345659 0.0933436 0.047454
0 0.519204 0.466059 0.0203794 0.0316219 0.0466124
0 0.0735598 0.187311 0.0214477 0.0314644 0.0452528
0 0.962529 0.49161 0.0709681 0.106808 0.0449371
0 0.00552252 0.474183 0.0111914 0.0871434 0.0448617
0 0.880069 0.498742 0.0226198 0.0176935 0.0448383
0 0.859725 0.500604 0.0171837 0.0185632 0.0446664
0 0.711331 0.480347 0.0202837 0.0172112 0.0445717
0 0.139254 0.486877 0.224844 0.649274 0.0432677
0 0.850534 0.553006 0.0703962 0.10318 0.0426265
0 0.080553 0.445723 0.139709 0.123646 0.0425235
0 0.719816 0.513178 0.0258102 0.0393172 0.0419962
0 0.959629 0.451334 0.0867519 0.11691 0.0414124
0 0.0592522 0.183885 0.0430219 0.0406272 0.0409075
0 0.478111 0.45552 0.0144204 0.0376577 0.0407393
0 0.56068 0.476977 0.0184043 0.0231502 0.040679
0 0.556409 0.471361 0.0246549 0.036014 0.0403353
0 0.70917 0.520458 0.0202965 0.0329329 0.0403107
0 0.145872 0.473704 0.0419389 0.0498099 0.0401411
0 0.617492 0.477258 0.0167336 0.0157762 0.0400671
0 0.115249 0.482954 0.093623 0.0694968 0.039284
0 0.192472 0.457318 0.0377181 0.0840193 0.0387255
0 0.474512 0.480326 0.0258807 0.0538481 0.0386187
0 0.336995 0.158136 0.0856462 0.245833 0.0385897
0 0.0506479 0.178394 0.0688904 0.0666204 0.0384465
0 0.722163 0.474815 0.0216612 0.0213696 0.0378955
0 0.0441613 0.160575 0.0401915 0.040293 0.037481
0 0.068052 0.188441 0.0326603 0.036529 0.0373275
0 0.0293116 0.432163 0.0549243 0.11385 0.0372413
0 0.901731 0.532922 0.0322227 0.0613843 0.0372042
0 0.033613 0.162183 0.0571165 0.0602081 0.0363076
0 0.973988 0.43465 0.0536674 0.130075 0.0359693
0 0.502205 0.491446 0.0144989 0.024876 0.0359519
0 0.0640043 0.430431 0.0744061 0.0927293 0.0358995
0 0.480324 0.474658 0.0212521 0.0435642 0.0358793
0 0.824647 0.508685 0.0688839 0.0630381 0.0352451
0 0.930571 0.468633 0.0491098 0.0432036 0.0346115
0 0.0293074 0.527279 0.0538701 0.0463173 0.0345736
0 0.00476683 0.508086 0.0105033 0.0537169 0.0345635
0 0.0843881 0.449033 0.0770925 0.128967 0.0344185
0 0.984923 0.969616 0.0284548 0.0574763 0.0343461
0 0.0432707 0.165275 0.0754383 0.0849195 0.0342899
0 0.918344 0.520785 0.0179407 0.0268527 0.0342217
0 0.199438 0.45282 0.048932 0.106735 0.0338226
0 0.870953 0.442108 0.0383652 0.0523432 0.0337162
0 0.336556 0.17263 0.0319857 0.0800135 0.033644
0 0.178252 0.481021 0.0515911 0.0812271 0.0335831
0 0.79107 0.498784 0.020768 0.0158805 0.0335259
0 0.983872 0.544905 0.0193415 0.0460921 0.0333335
0 0.778081 0.498914 0.0176723 0.0167544 0.0331426
0 0.98291 0.406492 0.035281 0.149316 0.0330813
0 0.397031 0.400005 0.160717 0.185002 0.033025
0 0.76997 0.494263 0.0165978 0.0208393 0.0329071
0 0.884149 0.447824 0.0664654 0.0726702 0.0328213
0 0.717813 0.478096 0.0208116 0.0190609 0.0326759
0 0.581348 0.478935 0.0176118 0.0209178 0.0326599
0 0.332167 0.3243 0.189927 0.110945 0.0325157
0 0.314282 0.347411 0.171661 0.162062 0.0324535
0 0.196051 0.433128 0.0255606 0.0406786 0.0321956
0 0.494478 0.48709 0.014182 0.0233148 0.0320522
0 0.0280998 0.412019 0.0493328 0.0765706 0.0316045
0 0.834693 0.126907 0.0685791 0.108957 0.0309546
0 0.306891 0.292281 0.118746 0.0459855 0.0309116
0 0.0800282 0.432541 0.0529573 0.0866704 0.0305243
0 0.482971 0.535309 0.0156949 0.0585967 0.030347
0 0.47755 0.420275 0.0172358 0.0515453 0.0302559
0 0.00999033 0.460047 0.0195841 0.107107 0.0302453
0 0.463953 0.34939 0.0276972 0.0768904 0.0300854
0 0.971386 0.542581 0.0276022 0.0456247 0.0300516
0 0.194981 0.481338 0.0526858 0.140879 0.0296291
0 0.858879 0.554816 0.0454041 0.0801095 0.0294338
0 0.164689 0.471548 0.0324832 0.0543707 0.0293943
0 0.951856 0.464908 0.0594496 0.0538666 0.0289999
0 0.112742 0.459682 0.0660187 0.0835847 0.0289076
0 0.0433965 0.243518 0.081714 0.310377 0.0288787
0 0.396668 0.355999 0.0897418 0.0901742 0.0287679
0 0.587837 0.476602 0.0170329 0.0193487 0.0286756
0 0.741356 0.197056 0.0266588 0.044472 0.0286272
0 0.319354 0.3842 0.192856 0.208185 0.0283613
0 0.426964 0.761295 0.0699579 0.0623472 0.0277185
0 0.128688 0.935114 0.058926 0.0982376 0.0274764
0 0.701983 0.519058 0.0146191 0.030865 0.0269371
0 0.492066 0.459385 0.0131895 0.0251933 0.0268463
0 0.751166 0.118173 0.0592154 0.0907577 0.0268065
0 0.327965 0.160173 0.0502442 0.116529 0.0267992
0 0.516608 0.457481 0.0180547 0.0275923 0.0266447
0 0.380385 0.288124 0.195163 0.143359 0.0265111
0 0.247592 0.440672 0.220686 0.431771 0.0264728
0 0.184181 0.452424 0.0800003 0.113737 0.0263125
0 0.475004 0.495985 0.026321 0.0679562 0.0262912
0 0.20456 0.428086 0.04713 0.122854 0.0262281
0 0.481104 0.490333 0.0175988 0.0400868 0.0255785
0 0.787252 0.538068 0.0339849 0.078801 0.0254799
0 0.236612 0.130771 0.262136 0.287116 0.0252062
0 0.0450623 0.196453 0.080174 0.136844 0.0250642
0 0.980471 0.975564 0.039925 0.0560437 0.0250521
0 0.0466588 0.487745 0.0940987 0.118828 0.0249595
0 0.00706595 0.131412 0.0145592 0.0615139 0.0247581
0 0.794028 0.59411 0.0755548 0.0856733 0.0247505
0 0.67234 0.400682 0.031638 0.0302653 0.0245211
0 0.191985 0.585512 0.0377503 0.14424 0.0243496
0 0.0542224 0.123267 0.0709106 0.122833 0.0242638
0 0.0474558 0.0995203 0.0946878 0.199086 0.0242079
0 0.100121 0.452664 0.108222 0.100341 0.0241906
0 0.510958 0.456368 0.0170239 0.0245863 0.0238409
0 0.965404 0.431891 0.0716419 0.197249 0.0238336
0 0.796553 0.218661 0.0228317 0.0413334 0.0238038
0 0.667258 0.476109 0.0175848 0.0163002 0.0237987
0 0.393233 0.382573 0.0986239 0.11402 0.0236035
0 0.0718525 0.200353 0.0206302 0.0404797 0.0235271
0 0.16178 0.934686 0.0527161 0.111427 0.023501
0 0.185108 0.956117 0.0468199 0.0689321 0.0232957
0 0.126701 0.465723 0.033067 0.0494683 0.0232656
0 0.358315 0.723573 0.218999 0.130121 0.0232427
0 0.859975 0.439398 0.0466806 0.0593582 0.0232159
0 0.956995 0.605889 0.0922113 0.192143 0.0232064
0 0.525075 0.450161 0.0228893 0.0336793 0.0231861
0 0.0319918 0.500564 0.0653247 0.0919818 0.022978
0 0.964683 0.636434 0.0678165 0.0739954 0.0228381
0 0.224989 0.517685 0.106157 0.230737 0.0228217
0 0.175955 0.54258 0.0546477 0.149095 0.0227692
0 0.871116 0.53704 0.0501509 0.0748001 0.0227126
0 0.14056 0.467723 0.0214123 0.0385822 0.0226884
0 0.81635 0.482832 0.0206522 0.0208813 0.0225716
0 0.278854 0.298515 0.0712148 0.0527018 0.0225178
0 0.241816 0.213853 0.0284654 0.0342838 0.02248
0 0.680004 0.403871 0.0375045 0.0332631 0.0224405
0 0.42291 0.439638 0.117404 0.173439 0.0224353
0 0.0628659 0.169606 0.0311974 0.0412351 0.0223591
0 0.452394 0.339591 0.0491993 0.0944706 0.0223578
0 0.00284284 0.518783 0.00813281 0.0362037 0.0223351
0 0.182993 0.902776 0.0431166 0.0620377 0.022327
0 0.0652135 0.1447 0.0562645 0.104609 0.0222114
