0 0.124056 0.743607 0.0688779 0.0738473 0.682237
0 0.198435 0.7247 0.05873 0.0617157 0.521335
0 0.347393 0.689087 0.0250342 0.024795 0.518979
0 0.363282 0.684273 0.0223353 0.0273799 0.458022
0 0.377313 0.687293 0.0176612 0.0218609 0.45782
0 0.389785 0.686145 0.0153485 0.0225042 0.355111
0 0.382234 0.687695 0.0265336 0.0258503 0.327901
0 0.309184 0.685126 0.0243238 0.0284844 0.303638
0 0.244559 0.692762 0.0372691 0.0460826 0.288529
0 0.277378 0.695208 0.0276942 0.0296336 0.280814
0 0.356311 0.689658 0.0153055 0.0189365 0.263289
0 0.173521 0.729464 0.0380823 0.0525659 0.256202
0 0.378094 0.684453 0.0229075 0.0295923 0.255019
0 0.302547 0.690645 0.020003 0.0246396 0.252146
0 0.344587 0.691214 0.016203 0.0186788 0.243655
0 0.214781 0.719967 0.0392373 0.0457102 0.234401
0 0.364318 0.686589 0.0165841 0.0217011 0.230904
0 0.389185 0.679837 0.0238238 0.036201 0.230224
0 0.331305 0.676102 0.0206388 0.0269229 0.227687
0 0.162389 0.73006 0.0317511 0.0607032 0.220597
0 0.370154 0.687857 0.0164557 0.0216122 0.20868
0 0.339843 0.686844 0.0185286 0.0202057 0.203162
0 0.385144 0.68849 0.0135894 0.019194 0.194829
0 0.208105 0.716789 0.063336 0.0722092 0.191543
0 0.300797 0.692028 0.0151549 0.0192995 0.189308
0 0.380982 0.688022 0.014439 0.0204771 0.184828
0 0.326514 0.688174 0.0151495 0.0183634 0.182005
0 0.278095 0.69536 0.0204492 0.0222785 0.176159
0 0.330363 0.688178 0.0169605 0.0193805 0.174681
0 0.282646 0.693525 0.0411013 0.0367696 0.165631
0 0.190592 0.722394 0.0706516 0.0845937 0.164327
0 0.345302 0.680406 0.0291653 0.0351787 0.147251
0 0.32039 0.688481 0.0149614 0.0187161 0.146006
0 0.303875 0.687144 0.0295508 0.0317347 0.143424
0 0.361756 0.673908 0.0195695 0.0242225 0.135098
0 0.225241 0.710089 0.0611385 0.0699433 0.134148
0 0.357007 0.674295 0.0193415 0.0237749 0.124608
0 0.5625 0.608476 0 0.0975596 0.124377
0 0.250543 0.688634 0.0241612 0.0296902 0.118366
0 0.382614 0.695427 0.0150982 0.023095 0.116373
0 0.257328 0.694683 0.0200906 0.0229685 0.112752
0 0.289316 0.695399 0.0151972 0.0176871 0.112176
0 0.217805 0.700464 0.0834611 0.0825951 0.111813
0 0.270529 0.702328 0.0162435 0.0201987 0.110058
0 0.334705 0.680368 0.0173431 0.0207905 0.102982
0 0.0257678 0.790176 0.0511769 0.099046 0.102159
0 0.124347 0.731691 0.0866435 0.105515 0.1016
0 0.358232 0.697754 0.0143009 0.024991 0.101145
0 0.00664576 0.749865 0.0132915 0.0625119 0.0995525
0 0.157101 0.724301 0.0521293 0.0830244 0.0995116
0 0.281131 0.681058 0.0508316 0.0563127 0.0983191
0 0.309378 0.67773 0.0172529 0.0208287 0.0971314
0 0.869089 0.584757 0.0336973 0.0365249 0.0955455
0 0.275964 0.688688 0.0354524 0.0446832 0.0944579
0 0.273281 0.697653 0.0193883 0.0212536 0.0937368
0 0.804533 0.607009 0.169584 0.108759 0.0923496
0 0.113116 0.75121 0.0474668 0.0563053 0.0907428
0 0.199773 0.703373 0.0856959 0.11466 0.0904844
0 0.0934268 0.755912 0.0324073 0.0555401 0.0899458
0 0.361601 0.681245 0.0157245 0.0213854 0.0889087
0 0.231053 0.703995 0.0195338 0.0246499 0.0875132
0 0.239699 0.68393 0.0502923 0.0609161 0.0849473
0 0.871042 0.596345 0.0506126 0.0641309 0.0803246
0 0.849296 0.603817 0.0813423 0.104146 0.078664
0 0.094902 0.736222 0.0740894 0.100981 0.0731212
0 0.0111128 0.750648 0.0224707 0.059827 0.0715148
0 0.00546869 0.734454 0.0111095 0.0737957 0.0705991
0 0.384122 0.677614 0.0164366 0.0238313 0.0689807
0 0.313704 0.682005 0.0187622 0.021611 0.0670866
0 0.180393 0.73224 0.0223917 0.0337925 0.0645178
0 0.0171292 0.0485463 0.0339465 0.0333344 0.0639651
0 0.09826 0.748048 0.0487708 0.0707852 0.06351
0 0.170307 0.70843 0.0886271 0.113656 0.0624965
0 0.0761083 0.743059 0.0575926 0.081651 0.0623408
0 0.542171 0.65503 0.0741701 0.0587026 0.0618758
0 0.0095473 0.0544228 0.0189249 0.0185825 0.0613476
0 0.228619 0.708274 0.0420267 0.0497771 0.0608959
0 0.390693 0.67423 0.0158831 0.0269856 0.0605058
0 0.563452 0.662906 0.0373369 0.0389233 0.0582322
0 0.859512 0.586638 0.0601545 0.0780929 0.0567461
0 0.020777 0.760467 0.0414974 0.0892241 0.0546639
0 0.0841288 0.75211 0.042871 0.0652886 0.0545494
0 0.915033 0.519848 0.173368 0.297183 0.0540284
0 0.0273159 0.757123 0.0586627 0.127438 0.0539287
0 0.984026 0.590467 0.0314142 0.1395 0.0536762
0 0.0159123 0.0557655 0.0313264 0.0215052 0.0531128
0 0.914421 0.596198 0.167608 0.136857 0.0526171
0 0.737789 0.632023 0.0478496 0.038582 0.0521844
0 0.980532 0.560624 0.0389629 0.194107 0.051355
0 0.383631 0.684875 0.0161415 0.0206221 0.0489811
0 0.183771 0.686829 0.107655 0.125016 0.0484516
0 0.931576 0.565976 0.134838 0.195063 0.0477559
0 0.309643 0.720576 0.0213836 0.0401803 0.0468643
0 0.407978 0.67368 0.0444449 0.0533199 0.0465956
0 0.0362218 0.780015 0.0700268 0.102663 0.0465897
0 0.400721 0.681844 0.0371593 0.0491091 0.0453926
0 0.0239196 0.816223 0.0495355 0.161074 0.0453585
0 0.0207818 0.0548628 0.0222672 0.0182394 0.045319
0 0.412869 0.661598 0.0367803 0.052833 0.0448573
0 0.500943 0.654645 0.0313643 0.0448068 0.0447695
0 0.150486 0.705363 0.104797 0.132566 0.0446051
0 0.0978315 0.757207 0.0189335 0.0370043 0.0445934
0 0.515635 0.654219 0.0391819 0.0513763 0.0442509
0 0.974794 0.530371 0.0498497 0.252257 0.0436298
0 0.302618 0.697839 0.0134923 0.0194726 0.043539
0 0.990089 0.630069 0.021349 0.102265 0.0435008
0 0.40989 0.690549 0.03067 0.0365717 0.0434339
0 0.885249 0.604439 0.0936354 0.104258 0.0430323
0 0.488442 0.655488 0.0488065 0.045703 0.0427879
0 0.159216 0.738672 0.0218621 0.0409722 0.0426624
0 0.0337669 0.73193 0.0679835 0.155536 0.0424452
0 0.212618 0.736732 0.0560134 0.0727836 0.0420299
0 0.0536247 0.642675 0.0309676 0.0563297 0.0415591
0 0.964861 0.433228 0.067223 0.144748 0.041494
0 0.343558 0.696484 0.0142517 0.0183733 0.0412353
0 0.735327 0.64208 0.0283027 0.0249493 0.0408788
0 0.976883 0.447424 0.047822 0.165879 0.0404993
0 0.401586 0.689709 0.0244685 0.0325677 0.0403428
0 0.0197124 0.73838 0.0396629 0.0780338 0.039216
0 0.067579 0.75698 0.0543726 0.0703418 0.0389633
0 0.742426 0.641801 0.0346354 0.027318 0.0387313
0 0.827588 0.579254 0.129463 0.155195 0.038731
0 0.959961 0.616676 0.0800344 0.12753 0.0380156
0 0.0428921 0.693453 0.0717076 0.186943 0.0373122
0 0.016106 0.713471 0.0307999 0.128449 0.0370783
0 0.987778 0.614441 0.0249128 0.142796 0.0365437
0 0.417905 0.651259 0.0475295 0.0633522 0.0363093
0 0.0122046 0.0411844 0.0226963 0.0262516 0.0361029
0 0.4454 0.665175 0.0255057 0.0294014 0.0358946
0 0.0266539 0.70544 0.0520976 0.140565 0.0357942
0 0.992261 0.645385 0.0146416 0.0790179 0.0357229
0 0.220383 0.691441 0.0550221 0.0639961 0.0354262
0 0.0457876 0.82 0.0942959 0.174736 0.0347439
0 0.0135815 0.815488 0.0274004 0.139973 0.0347283
0 0.454855 0.663458 0.034691 0.0341722 0.0344063
0 0.0496774 0.657878 0.0901906 0.237636 0.0340985
0 0.975815 0.498048 0.0474686 0.12884 0.0339952
0 0.543074 0.643838 0.0851338 0.0872684 0.0338454
0 0.0853491 0.754498 0.0302765 0.0471931 0.0336654
0 0.944192 0.503352 0.105911 0.28466 0.0335281
0 0.146481 0.65245 0.0296827 0.0359199 0.0333796
0 0.221267 0.654383 0.0681285 0.0865628 0.0333522
0 0.861148 0.579226 0.0691856 0.144794 0.0333394
0 0.111373 0.714397 0.10048 0.147606 0.0333083
0 0.0334198 0.661192 0.0699341 0.272921 0.0331259
0 0.205558 0.701801 0.0360749 0.0555793 0.0331049
0 0.588149 0.652202 0.0762112 0.0674032 0.0330738
0 0.73784 0.649589 0.020628 0.024173 0.032816
0 0.154559 0.668214 0.0529797 0.063646 0.0324495
0 0.52356 0.638967 0.0566601 0.0813419 0.032169
0 0.229006 0.734323 0.0236452 0.0372676 0.0313862
0 0.00578778 0.0447483 0.0107315 0.0194583 0.0313225
0 0.0677848 0.0396574 0.0648244 0.0453774 0.0310998
0 0.0507662 0.23656 0.0705758 0.0702564 0.0309012
0 0.471956 0.659255 0.0442464 0.0409553 0.0308664
0 0.0577893 0.646906 0.0407709 0.0723161 0.0307802
0 0.602761 0.64993 0.0510632 0.064185 0.0307355
0 0.288265 0.663335 0.0578591 0.075862 0.030275
0 0.0736546 0.727766 0.0702865 0.123077 0.0297746
0 0.0274399 0.857839 0.0574331 0.181776 0.0297591
0 0.757017 0.615739 0.0855797 0.0847426 0.0295252
0 0.792151 0.62999 0.124512 0.063821 0.0294927
0 0.726101 0.641458 0.0421588 0.030728 0.0293959
0 0.573137 0.660211 0.0567499 0.0482196 0.0293008
0 0.986443 0.567607 0.0270575 0.113501 0.0292437
0 0.74788 0.639018 0.0462254 0.0353771 0.0290099
0 0.404931 0.687672 0.0532047 0.069489 0.0286338
0 0.453446 0.65414 0.0538324 0.0531201 0.0284183
0 0.2119 0.718263 0.0259158 0.0388475 0.0283019
0 0.0924932 0.75964 0.0233946 0.0425729 0.0281347
0 0.204038 0.744164 0.0312644 0.0461761 0.0280876
0 0.0254859 0.11126 0.0470665 0.100992 0.0279606
0 0.513675 0.628862 0.0414432 0.0703933 0.0276037
0 0.00458647 0.697579 0.0104924 0.0858531 0.0274468
0 0.984544 0.537231 0.0311569 0.140041 0.027428
0 0.420135 0.767676 0.039079 0.049123 0.0273064
0 0.868285 0.505993 0.257 0.316889 0.0271978
0 0.56346 0.646998 0.0647243 0.0791084 0.0268776
0 0.831286 0.590165 0.118522 0.0910827 0.0267925
0 0.205713 0.649276 0.0704394 0.080825 0.0267863
0 0.0541922 0.740961 0.0693776 0.087099 0.0267594
0 0.438653 0.653058 0.0477204 0.0590555 0.0266895
0 0.792364 0.563962 0.200695 0.191562 0.0265739
0 0.258653 0.168272 0.360171 0.317674 0.0265533
0 0.975617 0.59414 0.047864 0.120026 0.0262724
0 0.328343 0.691629 0.0146205 0.0191537 0.0258942
0 0.754288 0.633836 0.0592462 0.0462435 0.025842
0 0.224242 0.7207 0.0307646 0.0469474 0.0255559
0 0.484451 0.638042 0.0679605 0.0801467 0.0255063
0 0.986301 0.417707 0.0265511 0.111352 0.0254314
0 0.40078 0.632449 0.0267657 0.0655394 0.0245697
0 0.0986615 0.76923 0.0285784 0.0475583 0.024427
0 0.271085 0.660911 0.0726274 0.0927574 0.0242992
0 0.50815 0.627777 0.0337662 0.05557 0.0242837
0 0.142287 0.75996 0.0354986 0.055928 0.0240527
0 0.502524 0.668615 0.0227427 0.0275476 0.0239698
0 0.925163 0.440058 0.143934 0.159437 0.0239386
0 0.641538 0.666231 0.0387965 0.0353708 0.0237869
0 0.00424775 0.648078 0.0096645 0.0543437 0.0233355
0 0.0237535 0.0576898 0.0277127 0.0299167 0.0232803
0 0.970725 0.644241 0.0591053 0.0837779 0.0231999
0 0.0310978 0.465154 0.063572 0.199638 0.0231675
0 0.142346 0.67067 0.0521951 0.0688493 0.0230354
0 0.175414 0.695676 0.0411102 0.0651419 0.0229048
0 0.460526 0.665348 0.0463538 0.0451288 0.0225152
0 0.0941394 0.505161 0.135949 0.171076 0.0224476
0 0.828634 0.16403 0.289374 0.346603 0.0223481
0 0.868648 0.576933 0.0517725 0.0804637 0.0223102
0 0.0241236 0.0408315 0.0405692 0.0449046 0.0221837
0 0.235643 0.663826 0.0502684 0.0699436 0.022152
0 0.401854 0.583824 0.0276808 0.0589381 0.0221199
0 0.283096 0.249061 0.0846367 0.115085 0.0220991
0 0.866233 0.621403 0.0962282 0.106439 0.0220949
0 0.989879 0.652222 0.0221243 0.0733359 0.0220938
0 0.397705 0.574415 0.0241184 0.0490059 0.0219361
0 0.019863 0.843879 0.0404159 0.13154 0.0218474
0 0.971188 0.404543 0.0561804 0.104226 0.0216742
0 0.303191 0.62163 0.044662 0.0581654 0.0216274
0 0.187813 0.646791 0.0613128 0.0671902 0.0215392
0 0.871267 0.521219 0.0936863 0.228158 0.0213827
0 0.970654 0.527476 0.0564823 0.15813 0.0213586
0 0.546866 0.620514 0.0664736 0.105727 0.0213062
0 0.030671 0.558253 0.0506799 0.0647957 0.021255
0 0.717623 0.642124 0.0561526 0.036878 0.0211077
0 0.464015 0.880614 0.0454182 0.0686773 0.0210346
0 0.0677443 0.459115 0.130692 0.204371 0.0208581
0 0.256914 0.226214 0.0389464 0.0525541 0.020731
0 0.0329477 0.821006 0.0640552 0.120494 0.0207085
0 0.0103774 0.0839431 0.0164436 0.031855 0.0206692
0 0.0515647 0.0382097 0.0867434 0.0620987 0.0206402
0 0.108705 0.11738 0.206386 0.290558 0.0205929
0 0.0790626 0.766896 0.0376849 0.0565557 0.0203497
0 0.803089 0.60813 0.0977026 0.0943767 0.020261
0 0.988005 0.396819 0.0238495 0.0918946 0.0201558
0 0.57854 0.623465 0.115814 0.128429 0.0201464
0 0.971216 0.577926 0.0591948 0.185139 0.020126
0 0.637356 0.151204 0.0330131 0.0539332 0.0201242
0 0.0549194 0.59401 0.0996974 0.20579 0.0201227
0 0.55502 0.671469 0.0222443 0.0249588 0.0200921
0 0.210744 0.227195 0.0747998 0.0679134 0.0200108
0 0.217172 0.561951 0.027209 0.0515956 0.0199314
0 0.0289209 0.846789 0.0550257 0.104032 0.0198609
0 0.412113 0.62761 0.0426736 0.08711 0.0196624
0 0.556315 0.586731 0.0333119 0.04782 0.019628
0 0.77659 0.590725 0.155055 0.124747 0.0195974
0 0.417783 0.771593 0.0280998 0.0360477 0.0195404
0 0.0163456 0.580606 0.0327054 0.107748 0.0195245
0 0.501348 0.638753 0.0320141 0.0517727 0.019494
0 0.640384 0.659705 0.0479671 0.0444798 0.0193673
0 0.723194 0.632914 0.0566144 0.0466514 0.0192524
0 0.903178 0.59379 0.118453 0.0971649 0.0191335
0 0.444915 0.692856 0.0323999 0.040044 0.0190507
0 0.399741 0.648913 0.0292813 0.0485567 0.0189485
0 0.934191 0.614179 0.122374 0.117267 0.0189201
0 0.013413 0.145119 0.022319 0.0345838 0.0188799
0 0.395199 0.632978 0.0251397 0.0576886 0.0188766
0 0.710768 0.627846 0.0734721 0.0595162 0.0188743
0 0.960441 0.398924 0.0643536 0.0723388 0.0187772
0 0.426206 0.685594 0.0485153 0.0574609 0.0187295
0 0.99295 0.666364 0.0138277 0.072974 0.0186937
0 0.956793 0.467064 0.0816099 0.129764 0.0186673
0 0.436648 0.684023 0.0350397 0.0425449 0.0185633
0 0.0874509 0.65465 0.1377 0.238029 0.0185361
0 0.403923 0.569662 0.0282085 0.0518603 0.0185067
0 0.111089 0.0436474 0.0256767 0.0248894 0.01849
0 0.6182 0.304339 0.0665617 0.205975 0.0184369
0 0.94528 0.631585 0.0965906 0.0912635 0.0181696
0 0.72099 0.622799 0.0464176 0.0551625 0.018157
0 0.124917 0.675832 0.090067 0.0960026 0.0180644
0 0.259443 0.666367 0.0578826 0.0675755 0.0180531
0 0.0218382 0.520019 0.0410164 0.1272 0.0180428
0 0.94342 0.413704 0.108506 0.107532 0.0179284
0 0.158737 0.171708 0.291613 0.322681 0.0179218
0 0.376128 0.689997 0.0121772 0.0179013 0.0177641
0 0.828973 0.623238 0.0966961 0.0777118 0.0177622
0 0.650709 0.371054 0.0309407 0.055635 0.017742
0 0.0219995 0.648115 0.0437192 0.102752 0.0176661
0 0.0606848 0.505983 0.107463 0.172164 0.0175817
0 0.912053 0.620664 0.0790586 0.0776746 0.0175683
0 0.0284551 0.0200989 0.049564 0.052034 0.0175633
0 0.158163 0.644418 0.0588519 0.059893 0.0175449
0 0.0284461 0.0285993 0.0616508 0.0859456 0.0173884
0 0.319781 0.632752 0.0419252 0.0566753 0.0173848
0 0.101061 0.693447 0.0713341 0.0798777 0.0173172
0 0.00995101 1.00407 0.0187954 0.0260349 0.0171704
0 0.479907 0.882506 0.0400185 0.0542313 0.0171463
0 0.350421 0.64677 0.0135957 0.0199673 0.0171427
0 0.652457 0.374156 0.0233922 0.0315825 0.0170618
0 0.182395 0.888274 0.038549 0.0465544 0.017054
0 0.195249 0.609147 0.0621308 0.0993154 0.0170521
0 0.068219 0.522757 0.0675566 0.0546332 0.0170504
0 0.122347 0.58929 0.127174 0.20742 0.017011
0 0.440827 0.671242 0.0308804 0.0314806 0.0169904
0 0.988918 0.682262 0.0260414 0.122571 0.0169125
0 0.939168 0.448658 0.107973 0.108921 0.0168927
0 0.039758 0.598406 0.0727985 0.174535 0.0168921
0 0.369278 0.64052 0.0443302 0.0640952 0.0168328
0 0.0686944 0.671178 0.0478384 0.0622083 0.0168111
0 0.0613032 0.857354 0.10636 0.161067 0.0167637
0 0.371063 0.585022 0.0537261 0.0813126 0.0167193
