0 0.140901 0.587905 0.0952829 0.108413 0.891283
0 0.535574 0.574638 0.0538516 0.0952823 0.888446
0 0.40153 0.56405 0.0520076 0.0714192 0.82425
0 0.440298 0.538015 0.0165412 0.0250504 0.786496
0 0.5625 0.557545 0 0.139746 0.765841
0 0.455599 0.548735 0.0240919 0.0376658 0.762859
0 0.484963 0.559223 0.0302773 0.0625771 0.719669
0 0.431463 0.528086 0.0128285 0.0225269 0.693199
0 0.50935 0.563282 0.0432033 0.0882747 0.678241
0 0.472638 0.555094 0.0218888 0.0513568 0.582388
0 0.299185 0.539774 0.0888676 0.144504 0.554604
0 0.192879 0.567505 0.0529554 0.0968758 0.54036
0 0.228093 0.575879 0.0302463 0.0596591 0.483183
0 0.405438 0.514655 0.0126593 0.0172728 0.469957
0 0.353071 0.526288 0.0157617 0.0258943 0.410397
0 0.349589 0.528722 0.0186456 0.0274323 0.364564
0 0.380002 0.504394 0.0140119 0.0191441 0.345009
0 0.405858 0.50201 0.0124979 0.020452 0.326892
0 0.428217 0.525977 0.0113645 0.018818 0.318394
0 0.370089 0.509804 0.0155862 0.0224698 0.290321
0 0.425355 0.520013 0.0117643 0.0207297 0.284108
0 0.405855 0.509566 0.0133102 0.0199702 0.277816
0 0.404839 0.506298 0.0114922 0.0154451 0.271967
0 0.346245 0.530737 0.0170232 0.024527 0.25895
0 0.417601 0.504801 0.0101305 0.016079 0.258907
0 0.428934 0.520432 0.0126854 0.0206945 0.258435
0 0.433956 0.530393 0.0106897 0.0193084 0.256222
0 0.445605 0.544296 0.0156954 0.0303421 0.255199
0 0.451351 0.548302 0.0171069 0.0329728 0.245692
0 0.351338 0.529856 0.0131459 0.021716 0.24558
0 0.419013 0.516425 0.0125187 0.0206955 0.244188
0 0.355567 0.521296 0.0143829 0.0260871 0.237839
0 0.376578 0.506966 0.0141494 0.0188078 0.236188
0 0.271738 0.57034 0.0522369 0.0745212 0.2356
0 0.20314 0.570761 0.0446849 0.0851813 0.2353
0 0.443153 0.539397 0.0171199 0.0322617 0.231449
0 0.413232 0.499437 0.0112988 0.0158871 0.222669
0 0.43601 0.532149 0.0142744 0.028856 0.222601
0 0.343352 0.529548 0.0180118 0.0302433 0.216406
0 0.496346 0.565945 0.0232026 0.0732405 0.208554
0 0.423897 0.512618 0.00988073 0.016382 0.207771
0 0.465027 0.551209 0.018373 0.0405435 0.206982
0 0.37367 0.512761 0.0137883 0.0219739 0.203212
0 0.418418 0.508451 0.0095624 0.0147687 0.203041
0 0.361858 0.51852 0.0130095 0.0227713 0.201759
0 0.405492 0.496943 0.0118892 0.0170174 0.201027
0 0.480861 0.557471 0.0187247 0.0502425 0.19345
0 0.34337 0.53805 0.0167841 0.0309875 0.18819
0 0.429243 0.530525 0.0119674 0.0239472 0.186761
0 0.362722 0.523865 0.0138919 0.0228876 0.180456
0 0.45409 0.544385 0.0167784 0.0366842 0.177339
0 0.381163 0.49987 0.0136801 0.0205798 0.175643
0 0.358739 0.526947 0.0130472 0.0250772 0.173449
0 0.416804 0.526326 0.012649 0.0169078 0.166997
0 0.288787 0.56691 0.0891111 0.0954069 0.166565
0 0.307656 0.542069 0.0649582 0.106157 0.16497
0 0.315037 0.562441 0.0555552 0.0669522 0.162354
0 0.447837 0.536455 0.0152128 0.0294197 0.155412
0 0.176376 0.573772 0.0467338 0.0967222 0.152373
0 0.296546 0.517393 0.0692542 0.0979834 0.151261
0 0.372851 0.522463 0.0115053 0.0200397 0.147884
0 0.420534 0.496468 0.0125014 0.0159884 0.147594
0 0.431989 0.535739 0.011179 0.0203863 0.146073
0 0.415439 0.500862 0.0108544 0.015308 0.146038
0 0.166777 0.582049 0.0462266 0.0904335 0.138499
0 0.25887 0.567987 0.054584 0.0865112 0.138493
0 0.22727 0.565814 0.0395001 0.0816221 0.137818
0 0.361183 0.535653 0.0154496 0.0250948 0.134453
0 0.46962 0.554194 0.0154084 0.0399734 0.133288
0 0.37204 0.505282 0.0128346 0.0205054 0.132555
0 0.972484 0.549083 0.0552027 0.124608 0.12952
0 0.488964 0.56008 0.0181005 0.0498211 0.128164
0 0.237167 0.566293 0.0392012 0.0846079 0.125613
0 0.422874 0.508482 0.0102945 0.0165059 0.124174
0 0.376371 0.498701 0.0128148 0.0193679 0.123997
0 0.396901 0.504313 0.012332 0.019273 0.122417
0 0.883732 0.579405 0.0886799 0.0861814 0.122021
0 0.17934 0.564602 0.0679545 0.103948 0.114935
0 0.230509 0.573719 0.0201152 0.0454186 0.111743
0 0.396324 0.49934 0.0130426 0.016238 0.107703
0 0.373867 0.526433 0.0215514 0.0304415 0.101687
0 0.90764 0.574541 0.120193 0.0958416 0.0996266
0 0.0890998 0.609078 0.0352449 0.0704075 0.0987708
0 0.956863 0.55424 0.0835539 0.120344 0.0984354
0 0.669092 0.542124 0.0360449 0.0536931 0.0974829
0 0.984443 0.545926 0.0312586 0.125102 0.0963328
0 0.209356 0.579298 0.0643788 0.0988466 0.0958023
0 0.342374 0.540391 0.0295942 0.0572058 0.0908442
0 0.418205 0.539649 0.014398 0.0191414 0.08934
0 0.873457 0.589789 0.0630924 0.0645961 0.0881455
0 0.095825 0.59092 0.0261777 0.0533003 0.0823638
0 0.24337 0.572341 0.0178599 0.0414439 0.0782322
0 0.237839 0.575021 0.0205894 0.0465092 0.0771137
0 0.079922 0.613077 0.0438218 0.0668827 0.0743345
0 0.945542 0.605091 0.108401 0.168425 0.0732146
0 0.984818 0.516618 0.0305986 0.0659837 0.0731197
0 0.330492 0.555318 0.0361709 0.0611558 0.072429
0 0.672744 0.555469 0.0496819 0.0901741 0.0714151
0 0.47052 0.54409 0.0155586 0.0294619 0.070949
0 0.124687 0.55092 0.114301 0.171787 0.0694986
0 0.427867 0.510635 0.0124139 0.0191076 0.0687319
0 0.365059 0.500303 0.0132051 0.0198278 0.0678765
0 0.440655 0.542432 0.0113383 0.0204296 0.0677443
0 0.251193 0.553938 0.057331 0.101742 0.0674603
0 0.518131 0.56936 0.0465679 0.0922051 0.0669651
0 0.522848 0.554649 0.0667484 0.0912089 0.0668047
0 0.525647 0.538525 0.0542038 0.0585813 0.0659158
0 0.984439 0.498059 0.0314758 0.0634318 0.0644566
0 0.484769 0.55558 0.0171316 0.0372549 0.0633332
0 0.27416 0.578441 0.069557 0.0971218 0.0631473
0 0.486135 0.543821 0.0200064 0.0311749 0.0618041
0 0.15319 0.504826 0.048437 0.045782 0.0616159
0 0.296257 0.493984 0.0646088 0.0550441 0.060615
0 0.234395 0.557601 0.0535116 0.108499 0.0603294
0 0.683095 0.553184 0.0749923 0.105273 0.0600986
0 0.6339 0.557175 0.090235 0.0887158 0.0584
0 0.100104 0.566242 0.0294481 0.0618428 0.057232
0 0.698229 0.55192 0.0441548 0.0950574 0.0571485
0 0.162747 0.543224 0.0636365 0.0777369 0.0564626
0 0.108968 0.575871 0.0398358 0.075923 0.0549346
0 0.00809361 0.599988 0.0159671 0.130341 0.0545591
0 0.219045 0.578514 0.0194535 0.0432762 0.0540866
0 0.107602 0.555532 0.0467498 0.0937833 0.0539759
0 0.862902 0.594017 0.0428301 0.054449 0.0538098
0 0.0938201 0.548946 0.0698046 0.104385 0.0537227
0 0.855214 0.58066 0.102391 0.099984 0.0525395
0 0.434601 0.492926 0.0147857 0.0212601 0.048698
0 0.132356 0.507871 0.0853377 0.0685877 0.0478253
0 0.259552 0.57803 0.0360946 0.0710559 0.0477196
0 0.438723 0.507901 0.0143987 0.0211644 0.0476784
0 0.969949 0.530591 0.0584961 0.0774711 0.0472299
0 0.316747 0.50903 0.0995198 0.0899963 0.0459152
0 0.12469 0.515773 0.115825 0.107017 0.0447819
0 0.424617 0.547096 0.0121218 0.025804 0.0446745
0 0.606263 0.560589 0.0470406 0.0724054 0.0435567
0 0.983437 0.477659 0.0332069 0.111065 0.0431824
0 0.721043 0.562042 0.0760975 0.0910544 0.0427842
0 0.129776 0.546148 0.104819 0.104759 0.042544
0 0.596108 0.559758 0.0356479 0.0669969 0.0423688
0 0.0690742 0.616619 0.0638974 0.0772174 0.0421584
0 0.00629408 0.573653 0.0131514 0.114849 0.0406503
0 0.362632 0.504892 0.0133927 0.0223938 0.0405831
0 0.272873 0.574006 0.0247202 0.0398196 0.039211
0 0.450397 0.549346 0.0120903 0.0257792 0.0389574
0 0.639697 0.55427 0.104097 0.138242 0.0388533
0 0.667132 0.561422 0.0688207 0.113289 0.0381563
0 0.256906 0.550093 0.0285425 0.0721023 0.0375624
0 0.0867521 0.58176 0.0394354 0.0742787 0.0373493
0 0.454627 0.554231 0.0165556 0.0327637 0.0371322
0 0.137143 0.50004 0.102553 0.0958631 0.0368417
0 0.580582 0.56799 0.0292107 0.0434041 0.0362894
0 0.802612 0.56841 0.112455 0.112893 0.0361362
0 0.558133 0.522251 0.0592272 0.0501439 0.0358634
0 0.0499182 0.616387 0.0774933 0.0866863 0.0356632
0 0.494039 0.539664 0.0185436 0.0276914 0.0355976
0 0.0154763 0.589408 0.0301032 0.132444 0.0354928
0 0.0813509 0.546333 0.0468385 0.0902458 0.0348352
0 0.0979846 0.557293 0.10335 0.157164 0.0343788
0 0.407629 0.473769 0.0125805 0.0169181 0.0343725
0 0.0925184 0.605721 0.0505358 0.0849435 0.0342734
0 0.387526 0.475331 0.0103348 0.0162654 0.0341445
0 0.295797 0.802142 0.123695 0.210125 0.034116
0 0.441027 0.519783 0.0147651 0.0171544 0.0340856
0 0.161633 0.503274 0.0735386 0.0697197 0.0339294
0 0.399788 0.476 0.00971777 0.014581 0.0335996
0 0.571102 0.516369 0.0515943 0.0503346 0.0335036
0 0.515268 0.570209 0.0199381 0.0446173 0.0330427
0 0.380274 0.474388 0.0105601 0.0168823 0.0329177
0 0.979615 0.577414 0.040789 0.140735 0.0316612
0 0.0311824 0.612137 0.0591628 0.104156 0.0311778
0 0.580823 0.542203 0.035377 0.050438 0.0311724
0 0.951616 0.644317 0.096102 0.176155 0.0309842
0 0.982127 0.452074 0.0381351 0.151206 0.0309354
0 0.581729 0.51619 0.0361451 0.043569 0.0307636
0 0.00608128 0.549781 0.0128195 0.0773935 0.0306624
0 0.841537 0.589071 0.0749079 0.0761148 0.0299988
0 0.234321 0.920885 0.0465216 0.0775028 0.0298891
0 0.410326 0.475094 0.0095664 0.0152046 0.0295002
0 0.312295 0.580105 0.0320794 0.0476824 0.0292852
0 0.991439 0.575906 0.0183186 0.103833 0.0290047
0 0.203629 0.830825 0.107619 0.202703 0.0289729
0 0.828939 0.581749 0.105848 0.0952752 0.0289141
0 0.578251 0.578532 0.0204987 0.0307204 0.0288554
0 0.00461794 0.0579557 0.00896619 0.0444607 0.0287539
0 0.667042 0.536295 0.0248269 0.042022 0.0286577
0 0.963524 0.58228 0.0717489 0.154896 0.0286405
0 0.010843 0.61951 0.0216043 0.0943434 0.0283405
0 0.612503 0.303945 0.0231323 0.0357904 0.0283293
0 0.188698 0.976704 0.0496723 0.050932 0.0283264
0 0.182423 0.583185 0.0247964 0.0490368 0.0283
0 0.19337 0.553065 0.0407851 0.0644986 0.0280156
0 0.476935 0.545008 0.0223765 0.0406768 0.0279993
0 0.55787 0.576248 0.0540184 0.0794658 0.0279963
0 0.724196 0.544044 0.103533 0.131495 0.0279196
0 0.101972 0.52796 0.0830561 0.119366 0.0278456
0 0.0282894 0.586159 0.0563338 0.122098 0.0277553
0 0.11898 0.59404 0.050251 0.0855167 0.0277224
0 0.863639 0.561202 0.0727936 0.108018 0.027339
0 0.279763 0.754512 0.0651706 0.110969 0.0271849
0 0.96892 0.510443 0.0592674 0.0662884 0.0271451
0 0.371223 0.472491 0.0115702 0.0184105 0.0271268
0 0.352497 0.495803 0.0178482 0.0281003 0.0270406
0 0.167217 0.839143 0.107208 0.159668 0.0269918
0 0.915646 0.617199 0.121698 0.117361 0.0268798
0 0.380619 0.556559 0.0132884 0.0307258 0.0263851
0 0.35676 0.460475 0.0148142 0.0243232 0.0258051
0 0.237296 0.92871 0.0369345 0.0506624 0.0251545
0 0.932713 0.582611 0.143238 0.11551 0.0249705
0 0.619499 0.575718 0.0784706 0.0945947 0.024904
0 0.307535 0.516881 0.0350143 0.0589394 0.0244653
0 0.631973 0.451182 0.0242457 0.033116 0.02442
0 0.839351 0.561067 0.134376 0.136891 0.0242963
0 0.0551213 0.592464 0.0711814 0.0905238 0.0242833
0 0.0382549 0.5884 0.0541039 0.0943738 0.0241099
0 0.661857 0.530926 0.0220105 0.0437675 0.0240526
0 0.976958 0.535262 0.0402412 0.102569 0.0239989
0 0.814062 0.586869 0.0732023 0.0811067 0.0239785
0 0.679833 0.43884 0.0211277 0.0297873 0.0239399
0 0.333899 0.561723 0.019798 0.035553 0.0238942
0 0.792071 0.553551 0.163598 0.139425 0.0235797
0 0.78539 0.568303 0.0841708 0.094615 0.023504
0 0.948372 0.464913 0.101833 0.202373 0.0234679
0 0.0376375 0.1572 0.0810604 0.264961 0.02328
0 0.422917 0.461887 0.018193 0.0290604 0.0232633
0 0.280652 0.481754 0.0331881 0.0300396 0.0232107
0 0.300639 0.739169 0.0917381 0.122067 0.0231716
0 0.193123 0.92436 0.070262 0.104003 0.0228615
0 0.00609033 0.630301 0.0120285 0.0849751 0.0227818
0 0.95461 0.269103 0.0260006 0.0437105 0.0225217
0 0.110567 0.135355 0.0440774 0.0607366 0.022511
0 0.0894344 0.517899 0.0434611 0.0727303 0.0224226
0 0.00487155 0.535984 0.0104586 0.0596692 0.0223194
0 0.0480687 0.566734 0.0433614 0.0727394 0.0222726
0 0.960349 0.464377 0.0822016 0.138135 0.0220466
0 0.688933 0.576603 0.0638196 0.0909438 0.0219407
0 0.134302 0.514251 0.13289 0.198435 0.0218164
0 0.370016 0.40904 0.0174385 0.0204201 0.0216297
0 0.964831 0.491915 0.068469 0.0947539 0.0215417
0 0.32132 0.568963 0.0366953 0.0524444 0.0213182
0 0.9298 0.472749 0.148432 0.246457 0.0211422
0 0.518182 0.526766 0.0254768 0.0251735 0.0209931
0 0.359342 0.409167 0.0176671 0.0234916 0.0208938
0 0.224775 0.850159 0.0367961 0.0654282 0.0208559
0 0.620035 0.532287 0.059287 0.097299 0.0206627
0 0.438209 0.439024 0.0299446 0.0491396 0.0205512
0 0.21647 0.92022 0.0583999 0.0856413 0.0205399
0 0.463878 0.518215 0.0156156 0.0183523 0.0203807
0 0.0285396 0.556464 0.053617 0.0879061 0.0201996
0 0.947991 0.533932 0.0943964 0.0868217 0.0201752
0 0.238661 0.743387 0.0363136 0.0811947 0.0200789
0 0.37893 0.409938 0.0194634 0.0266006 0.0200755
0 0.282945 0.916327 0.0295851 0.044557 0.0199703
0 0.0368127 0.567359 0.0489742 0.0809282 0.0199527
0 0.953446 0.69625 0.0886385 0.145897 0.0199047
0 0.879215 0.60892 0.0873415 0.0943157 0.0198727
0 0.343436 0.400962 0.0232603 0.0381819 0.0197924
0 0.248261 0.933845 0.0450464 0.0518834 0.0197423
0 0.775073 0.578467 0.116579 0.10464 0.0195715
0 0.547879 0.54016 0.0351867 0.0545349 0.0195667
0 0.953457 0.220978 0.0245815 0.0498269 0.0195245
0 0.673171 0.531256 0.0392529 0.078552 0.0194174
0 0.0337967 0.110463 0.0703563 0.202757 0.0194079
0 0.64767 0.523712 0.0921258 0.13708 0.0193466
0 0.733105 0.556496 0.0487994 0.0835351 0.0192816
0 0.986352 0.418877 0.0274504 0.128166 0.0192721
0 0.686395 0.523183 0.0627334 0.126812 0.0191901
0 0.280067 0.522432 0.0307527 0.0603177 0.0191139
0 0.638474 0.448034 0.0327745 0.0404521 0.0188093
0 0.0597203 0.550076 0.0511975 0.0862851 0.0188086
0 0.359928 0.463321 0.0351583 0.0693936 0.0187935
0 0.690064 0.273094 0.0182308 0.0261144 0.0187125
0 0.887353 0.599572 0.119369 0.120953 0.0186336
0 0.463199 0.469352 0.0211293 0.0269554 0.0186239
0 0.395821 0.418142 0.0144251 0.0248809 0.0184776
0 0.613246 0.33762 0.0217509 0.0368983 0.018381
0 0.78843 0.263448 0.0285416 0.0530793 0.018239
0 0.284122 0.371899 0.0186178 0.0313672 0.0181722
0 0.248422 0.538064 0.0391378 0.0676281 0.0181024
0 0.634786 0.457466 0.0286838 0.037702 0.0179908
0 0.168501 0.683903 0.0809667 0.156452 0.0178184
0 0.0245829 0.0899322 0.046941 0.116637 0.017771
0 0.0117393 0.551042 0.0242565 0.111712 0.0177534
0 0.0660567 0.711438 0.10984 0.197857 0.0176626
0 0.226666 0.53739 0.0476332 0.0890088 0.0176095
0 0.680314 0.115552 0.029985 0.0488962 0.0174998
0 0.530701 0.503897 0.019951 0.0405156 0.017449
0 0.240464 0.724874 0.0327768 0.0626173 0.0173701
0 0.0117567 1.00253 0.020298 0.0289198 0.0173674
0 0.276752 0.417103 0.0282303 0.0476282 0.017344
0 0.395028 0.129795 0.102116 0.12824 0.0172851
0 0.953916 0.251622 0.0248156 0.0526111 0.0172793
0 0.229264 0.897071 0.0367758 0.0876309 0.0172111
0 0.868357 0.87308 0.0667526 0.0522266 0.0172065
0 0.374094 0.555803 0.0159928 0.0298337 0.0171415
0 0.40851 0.249547 0.0442939 0.0697772 0.0171293
0 0.235224 0.964022 0.0333353 0.0434779 0.0170131
0 0.201808 0.875963 0.0496875 0.0942481 0.0170091
0 0.0858597 0.918856 0.0645221 0.0880676 0.0169607
0 0.653227 0.717537 0.139107 0.234315 0.0169224
0 0.78059 0.315729 0.0384404 0.0459281 0.0169101
