0 0.41435 0.599921 0.296299 0.593955 0.900924
0 0.5625 0.525679 0 0.151387 0.876581
0 0.5625 0.692379 0 0.522336 0.868336
0 0.275558 0.517434 0.0491333 0.0943873 0.859856
0 0.5625 0.568104 0 0.188837 0.4654
0 0.5625 0.623138 0 0.27325 0.283951
0 0.0071663 0.572558 0.0143326 0.108099 0.213689
0 0.5625 0.495399 0 0.041233 0.166383
0 0.5625 0.481978 0 0.0252196 0.153194
0 0.5625 0.471946 0 0.0301739 0.151198
0 0.5625 0.4799 0 0.0404577 0.107415
0 0.0451274 0.521583 0.0380532 0.0436858 0.106938
0 0.5625 0.476489 0 0.023149 0.106886
0 0.5625 0.490392 0 0.043176 0.0952914
0 0.5625 0.466936 0 0.0349571 0.0856354
0 0.467515 0.489315 0.0355854 0.0439905 0.0839198
0 0.00575257 0.528461 0.0112499 0.0766024 0.0831971
0 0.5625 0.488511 0 0.0443351 0.0803941
0 0.5625 0.620419 0 0.200962 0.0780163
0 0.5625 0.52744 0 0.141325 0.0757911
0 0.5625 0.615252 0 0.312337 0.0755755
0 0.0236015 0.521055 0.0434391 0.0478757 0.0688347
0 0.479465 0.490424 0.0263338 0.0402943 0.0684908
0 0.5625 0.507511 0 0.0659999 0.0682993
0 0.0502401 0.516861 0.0571478 0.054663 0.0664977
0 0.466254 0.500045 0.0276983 0.0348655 0.062973
0 0.5625 0.489916 0 0.0585561 0.0610429
0 0.5625 0.455184 0 0.0314966 0.0589056
0 0.0366744 0.479515 0.0712537 0.135022 0.0577507
0 0.503173 0.327419 0.0723183 0.0307076 0.0575327
0 0.208614 0.497032 0.0166007 0.0227268 0.0568459
0 0.0353322 0.50907 0.0653688 0.0741727 0.0568278
0 0.0542699 0.504043 0.0670087 0.0829094 0.0568198
0 0.0926867 0.517571 0.0277378 0.0474019 0.0547834
0 0.00573881 0.501152 0.0114776 0.110705 0.0538006
0 0.5625 0.473377 0 0.0259487 0.0531228
0 0.5625 0.54003 0 0.12559 0.0527094
0 0.5625 0.312951 0 0.0214246 0.0512127
0 0.5625 0.367454 0 0.0717717 0.0510124
0 0.5625 0.458088 0 0.0470751 0.0494161
0 0.5625 0.446234 0 0.0658893 0.0493948
0 0.212305 0.375489 0.0201941 0.0619987 0.0493719
0 0.51911 0.331764 0.081334 0.0370118 0.0493219
0 0.5625 0.475406 0 0.056083 0.0492222
0 0.109019 0.512353 0.0553129 0.0626921 0.0490319
0 0.5625 0.548486 0 0.0951117 0.0484188
0 0.0363772 0.519822 0.0227379 0.0365812 0.0475902
0 0.0704022 0.495729 0.0826498 0.102714 0.0474823
0 0.0318303 0.536207 0.0431246 0.0620668 0.0474695
0 0.5625 0.44272 0 0.0541389 0.0471333
0 0.694723 0.467813 0.0294272 0.0438479 0.0465377
0 0.483251 0.499822 0.0207837 0.0315509 0.0462974
0 0.670341 0.380733 0.0463289 0.0993231 0.046191
0 0.819398 0.513507 0.0910297 0.115267 0.0449613
0 0.678974 0.387481 0.0659175 0.126212 0.0448884
0 0.0245123 0.475188 0.0470968 0.164301 0.0446494
0 0.00877561 0.482214 0.01777 0.152321 0.0445324
0 0.520337 0.395874 0.267334 0.181035 0.0444998
0 0.699016 0.591382 0.126811 0.199463 0.0428568
0 0.215603 0.497768 0.0259327 0.0298671 0.0426317
0 0.718727 0.465707 0.0229296 0.0268867 0.0420861
0 0.9835 0.409903 0.0341167 0.0579818 0.0414771
0 0.956592 0.493357 0.0855429 0.228629 0.0414263
0 0.923789 0.596096 0.152544 0.340253 0.0414218
0 0.703138 0.456688 0.0360117 0.0677784 0.0413579
0 0.0758049 0.52404 0.0381951 0.0411148 0.0408355
0 0.22231 0.497226 0.0336174 0.0409401 0.0406124
0 0.0127536 0.512955 0.0245745 0.189781 0.0403704
0 0.744714 0.497273 0.0554441 0.0811286 0.0402163
0 0.541029 0.334738 0.146754 0.0515712 0.0397399
0 0.953749 0.617288 0.0902931 0.326093 0.0388805
0 0.482563 0.493971 0.0142228 0.0299935 0.0388793
0 0.740822 0.671489 0.0463646 0.222028 0.0381427
0 0.285125 0.535102 0.0167992 0.0427308 0.0379013
0 0.720583 0.539975 0.0634033 0.153144 0.0378958
0 0.932541 0.515879 0.134396 0.169945 0.0375185
0 0.874344 0.489503 0.0294001 0.0309136 0.0370242
0 0.726838 0.416295 0.0388721 0.0496496 0.036617
0 0.793897 0.524288 0.0971879 0.136151 0.0364266
0 0.461742 0.495636 0.0192518 0.0288037 0.0363157
0 0.715609 0.425656 0.0560261 0.0721185 0.0362762
0 0.883845 0.483235 0.0479563 0.0518974 0.0361349
0 0.211448 0.5112 0.026371 0.0409302 0.0360754
0 0.50991 0.489973 0.0478285 0.0683705 0.0355361
0 0.878674 0.499874 0.0545452 0.0679521 0.0355204
0 0.18778 0.149786 0.012837 0.0246964 0.0345624
0 0.057504 0.535724 0.078819 0.106149 0.034501
0 0.814607 0.619101 0.148711 0.272585 0.034478
0 0.657479 0.363651 0.0278328 0.0574811 0.0344645
0 0.707226 0.50397 0.0261659 0.044156 0.0340866
0 0.249441 0.496745 0.0207359 0.0349126 0.0339327
0 0.749217 0.483144 0.0693211 0.0649983 0.0339198
0 0.524042 0.32777 0.111895 0.0449075 0.0337949
0 0.772437 0.555641 0.0550187 0.0876383 0.0336014
0 0.600656 0.316189 0.0289918 0.0273431 0.0335801
0 0.471866 0.488138 0.0375047 0.0628058 0.0334873
0 0.0126334 0.455061 0.0253198 0.116699 0.0326623
0 0.984711 0.382877 0.0334553 0.102884 0.0325771
0 0.390125 0.150018 0.0214437 0.0381992 0.032298
0 0.861612 0.615371 0.239747 0.304921 0.0322281
0 0.0282327 0.404238 0.0495214 0.0435206 0.0322106
0 0.487253 0.203758 0.0420007 0.0596948 0.0320708
0 0.286252 0.471345 0.0307793 0.0318172 0.0318458
0 0.15352 0.514703 0.0340613 0.046871 0.0318376
0 0.805496 0.499136 0.124233 0.093106 0.0316453
0 0.473842 0.490143 0.0214638 0.0346355 0.0316151
0 0.879969 0.530563 0.127009 0.14194 0.0313564
0 0.585044 0.343222 0.137454 0.0610793 0.0311064
0 0.253493 0.515128 0.0207987 0.0394647 0.0310049
0 0.682443 0.421085 0.0206873 0.0452805 0.0308629
0 0.154626 0.512981 0.0243297 0.0388763 0.0308196
0 0.22943 0.518003 0.0304856 0.0431975 0.0308025
0 0.831819 0.494822 0.0750122 0.0867107 0.0307531
0 0.975734 0.37246 0.0540001 0.21013 0.0307279
0 0.18186 0.519251 0.0267681 0.0452394 0.0306416
0 0.686941 0.428167 0.0152896 0.0293249 0.0305948
0 0.683495 0.421224 0.0161362 0.0338586 0.0305897
0 0.104102 0.496594 0.0821469 0.098074 0.0304987
0 0.412837 0.459445 0.110485 0.104484 0.0304293
0 0.755795 0.471411 0.0751225 0.0509501 0.0299229
0 0.0287642 0.44809 0.0572644 0.112921 0.0298466
0 0.436933 0.472998 0.0638371 0.0675557 0.0298141
0 0.724826 0.619448 0.0699976 0.200492 0.0298097
0 0.215977 0.50013 0.0399222 0.0594622 0.0297968
0 0.905536 0.405075 0.0148743 0.0326907 0.02964
0 0.588627 0.307821 0.0205311 0.0198989 0.0295141
0 0.982498 0.42389 0.0356178 0.0364883 0.0292909
0 0.152249 0.0528109 0.0261899 0.0425419 0.0292652
0 0.978846 0.380015 0.0435484 0.130999 0.029192
0 0.739551 0.460455 0.0625862 0.0486425 0.0290769
0 0.462831 0.528855 0.0299207 0.0373432 0.0290642
0 0.467783 0.384769 0.268953 0.153049 0.0289889
0 0.369192 0.482556 0.0179245 0.0314885 0.0289663
0 0.7165 0.659384 0.112705 0.295541 0.0288807
0 0.514043 0.482779 0.0693049 0.0801226 0.0287151
0 0.498085 0.336973 0.0950031 0.0550678 0.0283944
0 0.223295 0.509909 0.0360836 0.0425774 0.0283536
0 0.683373 0.425483 0.0261938 0.0663343 0.0282205
0 0.673945 0.393588 0.0292477 0.0595502 0.0281834
0 0.0336738 0.548289 0.0288216 0.0406059 0.0280919
0 0.172152 0.513542 0.033517 0.0447344 0.0280879
0 0.187943 0.14022 0.0135335 0.0207174 0.0280786
0 0.973834 0.633584 0.048704 0.312081 0.0279139
0 0.251657 0.526885 0.0164883 0.038797 0.0277553
0 0.435305 0.414847 0.196887 0.171078 0.0277519
0 0.354929 0.774974 0.153273 0.182655 0.027535
0 0.297691 0.466871 0.0182435 0.0253092 0.0275243
0 0.80909 0.680104 0.120643 0.290449 0.0273664
0 0.686092 0.411628 0.0391439 0.0969884 0.0273496
0 0.938404 0.280048 0.122544 0.322217 0.0273135
0 0.481699 0.448155 0.109166 0.105251 0.0272596
0 0.211789 0.493276 0.0237167 0.0358089 0.027155
0 0.943301 0.477477 0.109674 0.0874435 0.027041
0 0.774449 0.657414 0.092625 0.271978 0.0269638
0 0.809598 0.429314 0.0291883 0.0415913 0.0268365
0 0.493698 0.492689 0.0241957 0.043284 0.0267781
0 0.368575 0.0835267 0.0343379 0.0482854 0.0267346
0 0.596292 0.307743 0.0214004 0.0252416 0.0266417
0 0.694975 0.433863 0.0338027 0.0734526 0.026624
0 0.12228 0.501955 0.0898342 0.0905515 0.0266157
0 0.0513024 0.545656 0.0345246 0.0399571 0.0264789
0 0.572588 0.493492 0.0902686 0.084455 0.0264367
0 0.884696 0.548607 0.0996355 0.104538 0.0263885
0 0.8402 0.662963 0.0272104 0.0329487 0.0263279
0 0.197461 0.493752 0.0227633 0.0292194 0.0263244
0 0.906724 0.412682 0.0161606 0.0340433 0.0263214
0 0.98264 0.346756 0.037911 0.179209 0.0262917
0 0.365335 0.0575035 0.0204223 0.0257377 0.0262546
0 0.689543 0.640731 0.125855 0.216747 0.0262475
0 0.265328 0.509576 0.0277537 0.0551586 0.0262472
0 0.779795 0.481375 0.125979 0.0635774 0.0262456
0 0.205721 0.513959 0.0244037 0.0369972 0.0261558
0 0.0770765 0.47323 0.151087 0.161931 0.0261048
0 0.114175 0.47401 0.169419 0.190641 0.0259552
0 0.679865 0.409815 0.0170311 0.0310777 0.025891
0 0.896503 0.807064 0.195214 0.264066 0.0258596
0 0.479466 0.510739 0.0149961 0.0257534 0.0256488
0 0.833259 0.755474 0.147418 0.267567 0.0255895
0 0.12011 0.527367 0.116105 0.188108 0.0255302
0 0.135579 0.506203 0.0358339 0.0459629 0.0255053
0 0.238692 0.481585 0.105712 0.124633 0.0254534
0 0.277886 0.555312 0.0151831 0.0350615 0.0254457
0 0.287308 0.517929 0.0452173 0.1017 0.0254241
0 0.780173 0.47014 0.104059 0.0462405 0.0254079
0 0.89149 0.465153 0.0244616 0.0369364 0.0252951
0 0.469978 0.424555 0.0484754 0.0419448 0.025204
0 0.901756 0.390402 0.0222345 0.0606615 0.0250604
0 0.18138 0.497679 0.0208991 0.0340638 0.0250089
0 0.482239 0.526644 0.030821 0.0375999 0.0249662
0 0.549233 0.321236 0.0786242 0.0354154 0.0249451
0 0.520385 0.452486 0.0815833 0.0882565 0.0247547
0 0.510926 0.172156 0.0187526 0.0383263 0.0247033
0 0.735646 0.701758 0.036389 0.204097 0.0246252
0 0.822793 0.433616 0.0475641 0.0465679 0.0246218
0 0.904017 0.537239 0.173319 0.202615 0.0246139
0 0.383606 0.0870769 0.0221897 0.0382013 0.0245377
0 0.607283 0.318152 0.0430062 0.0349353 0.0245065
0 0.100108 0.479437 0.115404 0.113504 0.0244801
0 0.705474 0.387983 0.0806456 0.104832 0.0244475
0 0.466796 0.508286 0.0187349 0.0266191 0.0243814
0 0.20315 0.495508 0.049852 0.0695137 0.0243616
0 0.868702 0.472966 0.0366261 0.0499049 0.0243565
0 0.393857 0.153709 0.0212562 0.0372158 0.024353
0 0.511325 0.161823 0.0232434 0.0360405 0.0241761
0 0.678166 0.406314 0.0894985 0.180372 0.0240739
0 0.472252 0.30905 0.0270917 0.0215022 0.0239796
0 0.544961 0.434328 0.163644 0.175613 0.0239471
0 0.564057 0.472804 0.0947905 0.102304 0.0238897
0 0.949771 0.40184 0.0990002 0.160062 0.0238816
0 0.365495 0.503777 0.0148402 0.0284171 0.0238298
0 0.648072 0.767304 0.152525 0.213647 0.0238273
0 0.278266 0.462655 0.0587425 0.0678022 0.0236521
0 0.816369 0.445973 0.0845711 0.0942045 0.0236231
0 0.693156 0.460549 0.0172913 0.030075 0.0236045
0 0.839855 0.515223 0.0501892 0.0655078 0.0235129
0 0.984734 0.288078 0.0315586 0.0868665 0.0235029
0 0.510605 0.047088 0.0414851 0.0414583 0.0234343
0 0.740564 0.0791757 0.0216473 0.0296503 0.0233612
0 0.946785 0.4592 0.0976202 0.0896669 0.0233198
0 0.441793 0.499381 0.0191097 0.0270319 0.0232326
0 0.382587 0.270802 0.0337702 0.0825462 0.0232196
0 0.0392027 0.433486 0.0702887 0.0867926 0.0232037
0 0.528088 0.359659 0.122235 0.086726 0.0231576
0 0.717932 0.326169 0.0285766 0.0445781 0.0231472
0 0.508604 0.183512 0.0251941 0.052242 0.0230701
0 0.537796 0.475356 0.0836411 0.0980451 0.0229816
0 0.579984 0.332408 0.106679 0.0444006 0.0229454
0 0.432724 0.490742 0.0169188 0.0202359 0.0229364
0 0.485527 0.299554 0.0404042 0.0237887 0.0229199
0 0.208585 0.464633 0.0166984 0.0254334 0.0228239
0 0.292453 0.452975 0.0235085 0.0324844 0.0227867
0 0.310429 0.808605 0.0833691 0.141434 0.0227722
0 0.00945059 0.416107 0.0190776 0.0505599 0.0226398
0 0.248898 0.792536 0.0637909 0.108899 0.0225726
0 0.181791 0.101504 0.0155955 0.0222925 0.022524
0 0.429773 0.534947 0.0421486 0.0477384 0.0224811
0 0.714592 0.57579 0.0660183 0.176905 0.0224679
0 0.843671 0.496486 0.06273 0.0707977 0.0224159
0 0.51327 0.296533 0.0410036 0.0228054 0.0224111
0 0.677862 0.351892 0.0616109 0.0753349 0.0224078
0 0.673327 0.332438 0.0569825 0.0745671 0.0223986
0 0.272943 0.488515 0.0735916 0.109258 0.0223573
0 0.486774 0.493437 0.016618 0.0346226 0.0223401
0 0.778911 0.568622 0.0433465 0.0632807 0.0222397
0 0.844416 0.654558 0.0427406 0.0466146 0.0220415
0 0.0471497 0.574412 0.058421 0.0969694 0.0220245
0 0.972898 0.557626 0.0492393 0.210469 0.0220234
0 0.819301 0.474082 0.0570032 0.0499348 0.0219946
0 0.964011 0.428233 0.070225 0.0726874 0.0219929
0 0.503674 0.465982 0.0533543 0.0679606 0.021986
0 0.776354 0.710568 0.0636051 0.212684 0.0219575
0 0.794339 0.291736 0.180331 0.295238 0.0219572
0 0.415347 0.347289 0.108921 0.0717226 0.0219165
0 0.170587 0.503887 0.0287384 0.0411551 0.0219069
0 0.256449 0.494144 0.0282558 0.0410642 0.0219035
0 0.940176 0.421138 0.0743116 0.066531 0.0219024
0 0.78382 0.2716 0.0460601 0.0562349 0.0218153
0 0.656839 0.592861 0.0998529 0.107983 0.021786
0 0.690488 0.823406 0.0709795 0.105092 0.02162
0 0.221695 0.520589 0.0497815 0.0582375 0.0215938
0 0.666344 0.557679 0.11507 0.123716 0.0215747
0 0.134956 0.51282 0.0492508 0.0542758 0.0215617
0 0.375626 0.0896019 0.0387773 0.0525865 0.0215282
0 0.787646 0.550189 0.0572261 0.0947873 0.0215198
0 0.507352 0.686774 0.0670692 0.0888775 0.021517
0 0.250305 0.523802 0.023265 0.0507708 0.0214265
0 0.9382 0.387745 0.0707067 0.117535 0.0214203
0 0.219593 0.520756 0.0679986 0.0965306 0.021273
0 0.906501 0.930704 0.164791 0.175277 0.0212039
0 0.191682 0.516545 0.0196299 0.0361348 0.0210951
0 0.511189 0.154797 0.0162354 0.0300723 0.021086
0 0.38059 0.479545 0.0261438 0.0361245 0.0210308
0 0.211903 0.405039 0.0284785 0.0710669 0.0209547
0 0.494341 0.293875 0.024202 0.0214282 0.0209405
0 0.00415523 0.0578458 0.0101203 0.0380685 0.0209191
0 0.613538 0.46626 0.109218 0.12784 0.0208634
0 0.841131 0.448906 0.0696922 0.0827263 0.0208051
0 0.858052 0.656636 0.0634521 0.0637224 0.0208034
0 0.838081 0.802847 0.134567 0.185825 0.0207682
0 0.371211 0.473658 0.0212226 0.0400007 0.0207433
0 0.0912267 0.531573 0.0229793 0.0379016 0.0207136
0 0.153164 0.476331 0.105419 0.129406 0.0206999
0 0.781265 0.318367 0.0422519 0.0924365 0.0206322
0 0.602276 0.358709 0.122634 0.0921706 0.0205868
0 0.923712 0.535757 0.0791983 0.106656 0.0205672
0 0.844783 0.535051 0.0589449 0.0631075 0.0205662
0 0.726939 0.407082 0.0449047 0.0719495 0.0205426
0 0.550028 0.438569 0.0323253 0.0385545 0.020518
0 0.975393 0.439678 0.0463852 0.0400658 0.0205133
0 0.451984 0.323459 0.042937 0.0304275 0.0205123
0 0.951151 0.500027 0.0962275 0.147017 0.0204863
0 0.847182 0.359515 0.120752 0.195016 0.0203877
0 0.242266 0.498281 0.0718054 0.0937426 0.0203659
0 0.139442 0.379407 0.0271567 0.033575 0.0203478
0 0.704642 0.528259 0.0465043 0.0839884 0.0203435
0 0.98016 0.674387 0.0396551 0.258479 0.020164
0 0.180472 0.530992 0.0238368 0.0380895 0.0201631
0 0.782162 0.292529 0.0400282 0.0662233 0.020154
0 0.312252 0.516222 0.0822838 0.110097 0.0201414
0 0.852783 0.481208 0.0435345 0.0499488 0.0201162
