0 0.482045 0.835752 0.0775819 0.111164 0.905157
0 0.229363 0.827445 0.0879679 0.120355 0.869395
0 0.315436 0.800832 0.0239322 0.0445662 0.798388
0 0.444719 0.824336 0.0367444 0.08253 0.780393
0 0.413204 0.811145 0.0206942 0.0417857 0.770967
0 0.398116 0.8039 0.0193282 0.0340652 0.752616
0 0.329583 0.797097 0.0148301 0.0334734 0.728908
0 0.950209 0.880312 0.0991169 0.129426 0.724782
0 0.426168 0.820196 0.0273511 0.0636298 0.664847
0 0.294212 0.806869 0.0299752 0.0769311 0.642939
0 0.33771 0.793863 0.0139627 0.028162 0.604494
0 0.274295 0.81277 0.0347785 0.0917062 0.579575
0 0.340972 0.794477 0.0131952 0.024304 0.567454
0 0.390561 0.799452 0.0146482 0.031929 0.548257
0 0.37877 0.796988 0.0144705 0.0204558 0.515575
0 0.360694 0.800942 0.0123033 0.0185123 0.414479
0 0.375119 0.796796 0.0131781 0.0188158 0.403808
0 0.394695 0.799902 0.018946 0.0341783 0.328695
0 0.305565 0.807189 0.0197611 0.0549155 0.313942
0 0.384033 0.797865 0.011074 0.0217996 0.311674
0 0.344435 0.796699 0.0108177 0.0203657 0.290464
0 0.334409 0.795822 0.0131077 0.0285487 0.274989
0 0.406089 0.808201 0.0167496 0.0339169 0.25561
