0 0.5625 0.492531 0 0.0585634 0.720289
0 0.5625 0.495685 0 0.0338465 0.178492
0 0.5625 0.476121 0 0.0366288 0.164661
0 0.5625 0.49967 0 0.0309564 0.163775
0 0.5625 0.503978 0 0.0347075 0.163405
0 0.5625 0.482589 0 0.044184 0.155126
0 0.5625 0.451191 0 0.0255177 0.126187
0 0.5625 0.507342 0 0.0296916 0.122041
0 0.0264212 0.564553 0.0522917 0.0647012 0.117764
0 0.0361143 0.568763 0.0325482 0.0644651 0.113761
0 0.5625 0.49903 0 0.0256645 0.113661
0 0.174579 0.548412 0.0887404 0.0972872 0.110594
0 0.5625 0.487134 0 0.0465103 0.110013
0 0.5625 0.455878 0 0.0426571 0.109426
0 0.124806 0.531586 0.0284154 0.044183 0.107222
0 0.5625 0.460169 0 0.0541913 0.106332
0 0.157027 0.527139 0.0395633 0.0527344 0.105713
0 0.5625 0.477666 0 0.0678203 0.101335
0 0.5625 0.464237 0 0.0409273 0.0990059
0 0.553095 0.511203 0.0188106 0.0318755 0.0937266
0 0.0336531 0.597414 0.0419002 0.11721 0.0931689
0 0.5625 0.500308 0 0.0341279 0.0929782
0 0.151256 0.539698 0.0430873 0.069434 0.091197
0 0.424501 0.543388 0.0267156 0.0276661 0.0904994
0 0.5625 0.506184 0 0.0346791 0.0889734
0 0.5625 0.506362 0 0.0357454 0.0883659
0 0.5625 0.491621 0 0.0751751 0.0882071
0 0.5625 0.473845 0 0.0943052 0.0879839
0 0.158457 0.523043 0.0291873 0.0391766 0.0876831
0 0.5625 0.468619 0 0.0651887 0.0872523
0 0.326784 0.545638 0.0317918 0.0387596 0.0872094
0 0.2652 0.554252 0.0367939 0.0458961 0.0871894
0 0.5625 0.497646 0 0.0454137 0.0864116
0 0.5625 0.468774 0 0.0300532 0.0859716
0 0.5625 0.580661 0 0.272165 0.0854445
0 0.5625 0.465368 0 0.0652453 0.0842213
0 0.5625 0.501315 0 0.0371462 0.0832017
0 0.33491 0.543102 0.0336695 0.0461261 0.0817537
0 0.5625 0.497572 0 0.0755407 0.0808382
0 0.5625 0.504238 0 0.0226762 0.0799559
0 0.509345 0.520613 0.0284775 0.0363198 0.0789362
0 0.5625 0.493643 0 0.0376734 0.0787505
0 0.5625 0.490012 0 0.0490065 0.0781835
0 0.5625 0.508387 0 0.0450947 0.0774301
0 0.5625 0.48873 0 0.0459678 0.0769379
0 0.5625 0.501472 0 0.0352915 0.076787
0 0.5625 0.503814 0 0.0316205 0.0757521
0 0.5625 0.503294 0 0.0423933 0.0754388
0 0.5625 0.500848 0 0.0266379 0.0747101
0 0.178656 0.539098 0.0751301 0.0682404 0.0745978
0 0.593105 0.509082 0.035234 0.0429622 0.0739263
0 0.833515 0.555708 0.154803 0.197508 0.0733181
0 0.159114 0.557741 0.0625862 0.0951982 0.0725421
0 0.780636 0.477514 0.0687661 0.11553 0.0724875
0 0.195906 0.575251 0.0519484 0.0739404 0.0716511
0 0.66875 0.501058 0.0204228 0.0262973 0.0715635
0 0.173283 0.571506 0.0811893 0.0990293 0.0709666
0 0.650537 0.50356 0.0207592 0.0279348 0.0708923
0 0.011069 0.545641 0.0225581 0.0911068 0.0698803
0 0.553425 0.5171 0.0219464 0.0268079 0.0697918
0 0.153062 0.562063 0.0454345 0.0736972 0.0688503
0 0.977256 0.491552 0.0450398 0.0707972 0.0687836
0 0.674732 0.50116 0.0189251 0.027291 0.0685685
0 0.713016 0.705117 0.0539606 0.0811698 0.0682778
0 0.708952 0.499217 0.0182218 0.0271428 0.0678058
0 0.201612 0.591392 0.0411189 0.0485157 0.0674947
0 0.193551 0.553597 0.054994 0.0698941 0.0668402
0 0.207038 0.542292 0.0838256 0.0785481 0.0655264
0 0.745135 0.500355 0.013832 0.0278314 0.0645021
0 0.829304 0.498507 0.145592 0.213308 0.0624774
0 0.750048 0.492311 0.0180683 0.0445341 0.0617766
0 0.894532 0.447586 0.0144531 0.0223802 0.0615296
0 0.320548 0.542504 0.0357666 0.0480977 0.0611359
0 0.349658 0.533479 0.037431 0.0547013 0.0610592
0 0.0261126 0.531004 0.0518857 0.126938 0.0610102
0 0.533847 0.515228 0.0272589 0.031642 0.0606826
0 0.9876 0.460073 0.0245363 0.0954539 0.0601605
0 0.587352 0.501988 0.0262589 0.0379482 0.0596162
0 0.72381 0.494953 0.0185124 0.0256524 0.0591495
0 0.500653 0.51444 0.0424428 0.0494012 0.0587135
0 0.682937 0.492613 0.0235479 0.0345488 0.0580061
0 0.916609 0.484229 0.0160492 0.0341432 0.0579231
0 0.677063 0.488643 0.0416754 0.0521465 0.0573405
0 0.737912 0.493609 0.0170137 0.0331189 0.0572716
0 0.768451 0.503967 0.0509149 0.0881199 0.0566603
0 0.249352 0.552874 0.043025 0.0473317 0.0565334
0 0.817739 0.524142 0.10221 0.165334 0.0562645
0 0.364782 0.535527 0.0233842 0.0382255 0.0561921
0 0.453197 0.539199 0.0308619 0.0283959 0.0557418
0 0.86778 0.516434 0.100433 0.147498 0.055667
0 0.0455865 0.572335 0.0413622 0.0703862 0.0554675
0 0.0155289 0.533627 0.0313995 0.123019 0.055446
0 0.0272541 0.60017 0.0562323 0.157141 0.055349
0 0.731154 0.49524 0.0189239 0.0349273 0.0552849
0 0.0669171 0.58259 0.0845828 0.0927748 0.0550949
0 0.124407 0.560235 0.0297548 0.0752116 0.0550156
0 0.697788 0.495234 0.0208875 0.0281787 0.0547848
0 0.29024 0.546942 0.0803899 0.0610218 0.054286
0 0.445547 0.541246 0.0256066 0.0276332 0.0538052
0 0.464113 0.509331 0.036045 0.0546756 0.0537869
0 0.822028 0.482491 0.0611397 0.111131 0.0536428
0 0.22802 0.53962 0.042001 0.0680592 0.0535102
0 0.145837 0.513723 0.0780122 0.0881847 0.0531284
0 0.833737 0.463996 0.0388992 0.0661636 0.0520646
0 0.883207 0.479371 0.0386543 0.0597616 0.0513419
0 0.861155 0.488665 0.0859463 0.119126 0.0509256
0 0.811042 0.473984 0.0995132 0.16085 0.0507734
0 0.128157 0.515983 0.0428226 0.0767941 0.0505726
0 0.384688 0.542346 0.0298065 0.03168 0.0504988
0 0.410436 0.541698 0.0289584 0.0299396 0.0495637
0 0.734483 0.461382 0.0613522 0.113913 0.0491307
0 0.459891 0.533998 0.0344252 0.034349 0.0490108
0 0.676411 0.4943 0.0208076 0.0304714 0.0481912
0 0.363516 0.519787 0.0241942 0.044323 0.0479576
0 0.860068 0.541247 0.12669 0.159729 0.047585
0 0.161698 0.503018 0.0816154 0.100131 0.0474313
0 0.872886 0.487381 0.0567333 0.0830532 0.0473731
0 0.96636 0.499299 0.0322538 0.0530045 0.0468653
0 0.932192 0.487615 0.0230312 0.0370772 0.0467893
0 0.186254 0.591344 0.0661217 0.0668162 0.0464878
0 0.0431208 0.605892 0.0494663 0.102114 0.046222
0 0.624758 0.500639 0.0215138 0.0274035 0.0462058
0 0.490573 0.145066 0.0518974 0.0708518 0.0462052
0 0.89963 0.469239 0.0168861 0.0357053 0.0460647
0 0.640101 0.510262 0.0213945 0.027928 0.0459957
0 0.95373 0.466927 0.0843422 0.112691 0.0453592
0 0.3635 0.540146 0.0370095 0.0416169 0.0450194
0 0.85121 0.459547 0.0993874 0.142695 0.0449169
0 0.101722 0.587893 0.156897 0.151182 0.0445411
0 0.17502 0.518946 0.0855438 0.107055 0.044427
0 0.0574481 0.601247 0.0773782 0.114731 0.0443368
0 0.379448 0.539663 0.0440043 0.0515733 0.0439781
0 0.83706 0.450072 0.133056 0.187019 0.0438472
0 0.749148 0.490195 0.0154928 0.0299836 0.0435169
0 0.784441 0.455406 0.0590399 0.102533 0.0427915
0 0.338847 0.533935 0.0507764 0.0651018 0.0423088
0 0.550557 0.520251 0.0172342 0.023363 0.0421998
0 0.0753103 0.584869 0.105057 0.131274 0.0419918
0 0.660452 0.1595 0.0462361 0.0537693 0.0418768
0 0.511379 0.53242 0.0287783 0.0290603 0.0417297
0 0.0188368 0.6092 0.0378412 0.116126 0.0416396
0 0.121211 0.535262 0.0309448 0.0619975 0.0415927
0 0.721864 0.174606 0.0240483 0.033486 0.0411701
0 0.487558 0.525775 0.0293055 0.0370875 0.0410574
0 0.425799 0.511731 0.0524518 0.0831125 0.040748
0 0.645606 0.484625 0.0198753 0.0234333 0.0401631
0 0.972136 0.460287 0.0549183 0.118607 0.0400873
0 0.909564 0.454493 0.0188965 0.0268775 0.0397614
0 0.654728 0.494265 0.0223006 0.027533 0.0396778
0 0.402631 0.511488 0.0651362 0.0866372 0.0394717
0 0.79578 0.516206 0.0884979 0.149578 0.03908
0 0.862173 0.464056 0.0661505 0.0723567 0.0385427
0 0.993406 0.455831 0.0144882 0.0741344 0.0377512
0 0.876146 0.511746 0.0707308 0.117207 0.0373255
0 0.0475889 0.584955 0.0589055 0.113931 0.0366691
0 0.319155 0.539295 0.0589703 0.0599792 0.0365192
0 0.306463 0.545543 0.061111 0.0529016 0.0362808
0 0.609305 0.498372 0.0197818 0.0258339 0.036162
0 0.769229 0.405978 0.0718295 0.181163 0.0358872
0 0.0119359 0.617496 0.0243586 0.119288 0.0357783
0 0.876271 0.558513 0.0905413 0.11144 0.0354475
0 0.768946 0.497954 0.0197244 0.0468631 0.0354311
0 0.429346 0.513826 0.0385738 0.0677974 0.0353291
0 0.97794 0.503193 0.0358786 0.0643027 0.0351571
0 0.957008 0.498768 0.0186432 0.0368366 0.0349968
0 0.759215 0.465864 0.0420656 0.0965297 0.0349926
0 0.730752 0.50801 0.0159835 0.0263006 0.034471
0 0.41735 0.527827 0.048443 0.0504184 0.0344674
0 0.584483 0.505645 0.0178531 0.0281546 0.0343053
0 0.357838 0.422929 0.0323254 0.0324105 0.0342906
0 0.0676308 0.559694 0.0766704 0.0764151 0.0342023
0 0.856922 0.421204 0.0750654 0.119824 0.0339911
0 0.302751 0.528307 0.0540389 0.0800772 0.0338027
0 0.126206 0.506176 0.0565352 0.0989028 0.0335274
0 0.824608 0.603946 0.106081 0.104479 0.0335199
0 0.860815 0.602079 0.111184 0.120084 0.0334726
0 0.591406 0.500885 0.0191811 0.0275085 0.0334628
0 0.468262 0.536509 0.0425026 0.0522986 0.0334306
0 0.851186 0.468077 0.0867439 0.0954629 0.0334174
0 0.0263625 0.477863 0.0511865 0.171589 0.0333582
0 0.507234 0.539047 0.0272597 0.0308834 0.0330703
0 0.079791 0.547335 0.100957 0.079173 0.0330205
0 0.643418 0.474416 0.092085 0.114095 0.0329774
0 0.510748 0.532864 0.0461248 0.0556196 0.032788
0 0.433547 0.526825 0.0451245 0.0487821 0.0327215
0 0.773127 0.522103 0.0447605 0.0965786 0.0326708
0 0.868232 0.628707 0.204353 0.300044 0.0325119
0 0.451298 0.154943 0.109218 0.127044 0.0324938
0 0.905432 0.446514 0.0393559 0.068879 0.0324897
0 0.441491 0.119048 0.0333017 0.0400344 0.0318365
0 0.862601 0.577481 0.167211 0.214713 0.0311798
0 0.29072 0.228254 0.0284575 0.0394979 0.0310628
0 0.682473 0.511423 0.0410192 0.0511541 0.0309064
0 0.0557185 0.488705 0.109119 0.213277 0.0305742
0 0.535744 0.524609 0.02122 0.0285745 0.0304966
0 0.943303 0.496387 0.0228865 0.0399362 0.0304721
0 0.32949 0.513642 0.0723469 0.10699 0.0303521
0 0.621422 0.49942 0.0438306 0.0494868 0.0302394
0 0.340252 0.557514 0.0201938 0.0311051 0.0301932
0 0.480747 0.304701 0.0304964 0.0469186 0.0301689
0 0.990926 0.522904 0.0196463 0.0762943 0.0301309
0 0.403001 0.501469 0.0893974 0.108538 0.030098
0 0.708348 0.269091 0.179718 0.29448 0.0300518
0 0.634033 0.489858 0.0188405 0.0247849 0.0298387
0 0.19748 0.402904 0.0315362 0.0290866 0.0297897
0 0.12487 0.567981 0.108381 0.138008 0.0296705
0 0.676681 0.484038 0.0198951 0.0254946 0.0296448
0 0.759252 0.384134 0.039566 0.0766774 0.0296424
0 0.65031 0.162437 0.0245779 0.0349332 0.029456
0 0.924191 0.491703 0.0196798 0.0381779 0.0293513
0 0.233434 0.554474 0.0510647 0.0551689 0.0292291
0 0.364268 0.503981 0.0270301 0.0609729 0.0291086
0 0.811982 0.451265 0.0637372 0.086705 0.0290577
0 0.953083 0.50166 0.0194954 0.0365945 0.0289531
0 0.831447 0.480698 0.0415331 0.0961922 0.0289086
0 0.226766 0.520258 0.0589827 0.105824 0.028835
0 0.622569 0.260283 0.179887 0.285461 0.0283867
0 0.802362 0.55118 0.0972792 0.161065 0.0283744
0 0.788975 0.172006 0.0307731 0.0329152 0.0283506
0 0.466612 0.124739 0.0678502 0.0844072 0.0283361
0 0.48741 0.139066 0.0646166 0.0973488 0.0282055
0 0.0117214 0.504379 0.0242209 0.137906 0.0279202
0 0.425736 0.150019 0.151699 0.145263 0.0278058
0 0.356349 0.544459 0.0356703 0.0464844 0.0277077
0 0.383716 0.529921 0.0370089 0.0467745 0.0276186
0 0.382591 0.511814 0.0443382 0.0661808 0.0274731
0 0.240248 0.517583 0.0801344 0.120188 0.0272133
0 0.783763 0.516637 0.0513736 0.103968 0.0271202
0 0.922038 0.452905 0.0206148 0.0337445 0.0269368
0 0.843231 0.62051 0.12494 0.13138 0.0268913
0 0.275156 0.507535 0.120644 0.140105 0.0268284
0 0.632302 0.493336 0.0246877 0.0338054 0.0267045
0 0.438092 0.124676 0.0439547 0.0523021 0.0266587
0 0.994183 0.565233 0.0109255 0.0823505 0.0266502
0 0.42976 0.549385 0.0298943 0.0339046 0.0266215
0 0.790001 0.426104 0.0730295 0.122516 0.0265633
0 0.994754 0.581146 0.0101414 0.0641133 0.0264208
0 0.83602 0.505952 0.0345041 0.0763327 0.0263828
0 0.0339738 0.490381 0.0711878 0.223522 0.0262178
0 0.080508 0.556205 0.12233 0.165549 0.0261911
0 0.263635 0.542352 0.0359912 0.0588357 0.0259103
0 0.447939 0.136464 0.0699841 0.0809162 0.0259091
0 0.681453 0.711148 0.111024 0.153939 0.0258458
0 0.156474 0.47161 0.102824 0.0906587 0.0257733
0 0.460458 0.547663 0.0406145 0.037231 0.0257188
0 0.109885 0.495789 0.0328743 0.0705233 0.0255106
0 0.161966 0.583248 0.0488946 0.0792276 0.025495
0 0.35825 0.490326 0.0376192 0.0880106 0.025374
0 0.582101 0.519485 0.0222948 0.0315912 0.0252164
0 0.0305087 0.647853 0.056542 0.228878 0.0251627
0 0.0171047 0.159101 0.0369731 0.111537 0.0250688
0 0.995231 0.52763 0.0105165 0.0708721 0.0248192
0 0.832012 0.456864 0.0546255 0.0857609 0.0248038
0 0.852858 0.550252 0.0602415 0.0887988 0.0245356
0 0.872768 0.638204 0.100776 0.14074 0.0244651
0 0.977723 0.511729 0.0523691 0.131191 0.0244078
0 0.254715 0.574796 0.0273514 0.0404616 0.0243268
0 0.415382 0.548664 0.0295451 0.0310788 0.024028
0 0.83269 0.544273 0.0508331 0.0884912 0.024017
0 0.482722 0.542993 0.023615 0.0313516 0.0237946
0 0.230348 0.488095 0.0431306 0.0700982 0.0237915
0 0.530554 0.530347 0.025379 0.0365307 0.0236045
0 0.984373 0.442006 0.032593 0.132394 0.0235922
0 0.629333 0.520009 0.06403 0.0795926 0.023571
0 0.40812 0.268894 0.0441041 0.0611376 0.0235426
0 0.60611 0.517169 0.0241735 0.034322 0.0235316
0 0.706517 0.520448 0.0182698 0.0279003 0.02346
0 0.722255 0.157837 0.029706 0.0473693 0.0232076
0 0.507556 0.511206 0.0251007 0.0417647 0.0231739
0 0.140706 0.583395 0.102506 0.121608 0.0231129
0 0.527435 0.172356 0.0224735 0.0418794 0.0230422
0 0.767593 0.403255 0.0626856 0.121101 0.0229842
0 0.781738 0.40207 0.0860706 0.22234 0.0229552
0 0.750392 0.520955 0.0349489 0.0723834 0.0229216
0 0.46756 0.296605 0.0570515 0.0641593 0.0228715
0 0.358285 0.555497 0.0241783 0.0369174 0.0228389
0 0.320296 0.217399 0.0896452 0.0850727 0.0228238
0 0.429876 0.49596 0.0902578 0.116106 0.0228113
0 0.85155 0.764037 0.227156 0.313041 0.0227809
0 0.419783 0.270386 0.0752708 0.075875 0.022763
0 0.623829 0.49016 0.0193201 0.028675 0.022727
0 0.0384407 0.450106 0.0700328 0.115805 0.0226875
0 0.380821 0.549152 0.0363396 0.0406128 0.0226705
0 0.30871 0.512425 0.0497831 0.0843722 0.0225985
0 0.112335 0.52746 0.0518356 0.0679839 0.0225439
0 0.346401 0.494882 0.0582633 0.10814 0.0223655
0 0.0391901 0.548871 0.0330296 0.0659382 0.0223612
0 0.374081 0.496836 0.0664772 0.0992544 0.0223023
0 0.596322 0.450649 0.0284693 0.0362321 0.0222617
0 0.585428 0.513409 0.0198076 0.0286807 0.0222449
0 0.356308 0.455332 0.0332197 0.0452951 0.022172
0 0.365809 0.546319 0.0243052 0.0321029 0.0221623
0 0.376948 0.174351 0.26877 0.284601 0.0219517
0 0.460711 0.498157 0.050615 0.0864061 0.0218541
0 0.649009 0.532679 0.0288307 0.0390861 0.021826
0 0.625132 0.627731 0.157357 0.193627 0.021776
0 0.183104 0.498001 0.0913989 0.0962691 0.0216575
0 0.837985 0.224293 0.0296383 0.0494825 0.0216383
0 0.104898 0.809381 0.0860121 0.113015 0.0215637
0 0.910557 0.5788 0.16441 0.216875 0.0215244
