0 0.456383 0.430023 0.0634788 0.0811062 0.871055
0 0.5625 0.448093 0 0.0374457 0.341534
0 0.5625 0.454025 0 0.0509513 0.316968
0 0.424131 0.412956 0.017569 0.0327282 0.265343
0 0.186028 0.3754 0.0434311 0.0488992 0.208753
0 0.157375 0.372018 0.0539867 0.0601835 0.200681
0 0.216193 0.37918 0.0385567 0.0440222 0.199149
0 0.402545 0.403012 0.0276433 0.0369075 0.194572
0 0.17479 0.372493 0.0633037 0.0611366 0.180096
0 0.422628 0.417037 0.0136644 0.0253592 0.179995
0 0.199283 0.378047 0.0364291 0.042346 0.170458
0 0.5625 0.4365 0 0.0501111 0.162037
0 0.5625 0.464047 0 0.0816787 0.156537
0 0.213768 0.374646 0.0490497 0.0577465 0.150046
0 0.427284 0.406703 0.0254152 0.0471621 0.148451
0 0.201323 0.379443 0.05314 0.0530157 0.138596
0 0.498664 0.432558 0.0253937 0.041061 0.13733
0 0.38817 0.404898 0.0333121 0.0412732 0.133055
0 0.420755 0.412466 0.0145828 0.0280029 0.132651
0 0.5625 0.453987 0 0.0544316 0.129097
0 0.22575 0.380023 0.0390319 0.0441045 0.12638
0 0.524666 0.441021 0.0299383 0.0347678 0.122476
0 0.5625 0.430204 0 0.0779168 0.121332
0 0.396667 0.402796 0.0338208 0.0425318 0.119852
0 0.427394 0.415224 0.0141164 0.0266745 0.113516
0 0.5625 0.4453 0 0.02847 0.111292
0 0.238813 0.378874 0.0578939 0.0578928 0.11124
0 0.0376705 0.362554 0.0751382 0.0820556 0.107371
0 0.379457 0.400788 0.0375284 0.04863 0.106905
0 0.401068 0.400342 0.0209959 0.0278089 0.105939
0 0.137522 0.373005 0.0872732 0.072526 0.104922
0 0.5625 0.447569 0 0.0464956 0.101562
0 0.154938 0.367215 0.0820941 0.0785595 0.0963102
0 0.0583759 0.365626 0.0373569 0.0463386 0.0949699
0 0.5625 0.484034 0 0.0831302 0.0936687
0 0.205609 0.367309 0.0690138 0.0770454 0.0931674
0 0.399046 0.405709 0.0223779 0.0291221 0.0924421
0 0.5625 0.437479 0 0.0581359 0.0916718
0 0.5625 0.462845 0 0.0346792 0.0909603
0 0.5625 0.447549 0 0.0604172 0.0897576
0 0.476224 0.433234 0.024595 0.0601018 0.0888138
0 0.411258 0.407932 0.016661 0.0240331 0.0868185
0 0.233334 0.368342 0.0716949 0.0836356 0.0859356
0 0.5625 0.438986 0 0.0635721 0.0849042
0 0.401549 0.412171 0.0383548 0.0471749 0.0846336
0 0.530791 0.43698 0.0395889 0.045659 0.084078
0 0.5625 0.474174 0 0.0840088 0.0839848
0 0.5625 0.464439 0 0.0854735 0.083464
0 0.5625 0.447324 0 0.0787665 0.0833761
0 0.494299 0.427948 0.025538 0.0521926 0.0822131
0 0.795525 0.486345 0.0359252 0.0739299 0.0809285
0 0.686458 0.463872 0.0665529 0.0685518 0.0800256
0 0.415265 0.413578 0.0144528 0.024489 0.0791278
0 0.228014 0.397122 0.0665537 0.0847834 0.0787031
0 0.665209 0.435623 0.0706712 0.0811949 0.0784555
0 0.760095 0.444232 0.0345175 0.0663233 0.0771482
0 0.194491 0.37755 0.0255368 0.0332217 0.0764813
0 0.479713 0.425339 0.0198902 0.0560386 0.0751498
0 0.758984 0.483665 0.0306933 0.0674194 0.0736167
0 0.0214036 0.464287 0.0452751 0.166545 0.0735219
0 0.760198 0.472238 0.0266652 0.0479262 0.0729763
0 0.0696834 0.367564 0.0501046 0.0566828 0.0725742
0 0.116831 0.368093 0.104674 0.0753692 0.0722339
0 0.394151 0.40819 0.0227987 0.0291716 0.0718621
0 0.517829 0.444433 0.0203291 0.0270504 0.068863
0 0.79021 0.450698 0.0561574 0.101589 0.0679033
0 0.0763943 0.364882 0.0710184 0.0758626 0.0678211
0 0.712163 0.457527 0.0623255 0.0677691 0.0678093
0 0.581513 0.432018 0.0239809 0.0477286 0.0665947
0 0.643842 0.431985 0.101077 0.0844605 0.0665121
0 0.994636 0.540827 0.0106131 0.112159 0.0663781
0 0.0555773 0.372912 0.0537656 0.0716667 0.0661143
0 0.727997 0.464955 0.0862156 0.0856728 0.0652591
0 0.408194 0.411411 0.0154046 0.0227166 0.0652423
0 0.449755 0.391019 0.0457842 0.0458292 0.0640211
0 0.75541 0.464105 0.0357306 0.060781 0.0615542
0 0.689696 0.465783 0.0344515 0.0529273 0.0614124
0 0.731118 0.482349 0.0744926 0.0888429 0.0611732
0 0.580671 0.438263 0.036623 0.0521347 0.0611616
0 0.292652 0.383089 0.0543806 0.0723996 0.0597124
0 0.482862 0.432792 0.0131353 0.0294998 0.0576305
0 0.566396 0.431772 0.0376533 0.0512831 0.0565881
0 0.552923 0.433718 0.0551456 0.0551552 0.0564598
0 0.522406 0.425201 0.0402661 0.0606767 0.0559863
0 0.0615709 0.359024 0.0609414 0.0735811 0.0558911
0 0.21304 0.378792 0.0272732 0.0313767 0.0557947
0 0.370477 0.396891 0.0366354 0.0556112 0.0548449
0 0.681491 0.452014 0.0220607 0.0276694 0.0548341
0 0.21315 0.395588 0.0641592 0.0924674 0.0545828
0 0.26296 0.377868 0.0921192 0.0943171 0.0544774
0 0.0260814 0.437608 0.0537859 0.127669 0.0543918
0 0.25682 0.38778 0.0531233 0.0570013 0.054004
0 0.524748 0.439858 0.0206256 0.0259793 0.0538549
0 0.426767 0.403138 0.0182166 0.029077 0.0529521
0 0.479357 0.440316 0.0179573 0.0464289 0.0521669
0 0.68667 0.44475 0.0312555 0.0478166 0.0515657
0 0.599001 0.441245 0.0548693 0.0659865 0.0510576
0 0.261865 0.407436 0.0560779 0.0641714 0.051008
0 0.888361 0.220678 0.228138 0.438938 0.0509154
0 0.650905 0.48208 0.0910102 0.0999499 0.0505339
0 0.018567 0.463329 0.0381063 0.0990463 0.0504899
0 0.836152 0.195591 0.0818523 0.102868 0.0504541
0 0.675519 0.4435 0.0210742 0.0330671 0.0498903
0 0.401079 0.411641 0.0203878 0.02686 0.0492188
0 0.482079 0.417495 0.0143945 0.0314145 0.0481867
0 0.427756 0.410187 0.0173246 0.0276061 0.0474853
0 0.198711 0.389953 0.0217373 0.0299003 0.0471816
0 0.478647 0.423873 0.0137426 0.0278773 0.0471258
0 0.672241 0.411298 0.062521 0.109787 0.0466501
0 0.796665 0.431179 0.0464941 0.0931085 0.0466305
0 0.28325 0.413122 0.0720408 0.0654117 0.0449325
0 0.0330172 0.3811 0.0635106 0.0762452 0.0447093
0 0.622393 0.457723 0.0357722 0.0520292 0.0443514
0 0.592921 0.422561 0.0433832 0.0706768 0.0440563
0 0.801282 0.482396 0.0531188 0.0913486 0.0440383
0 0.506093 0.436392 0.0170379 0.025068 0.0435558
0 0.697599 0.441719 0.0463248 0.0589516 0.042976
0 0.0178291 0.492582 0.0355144 0.16503 0.0429348
0 0.48753 0.422067 0.0171821 0.034358 0.042833
0 0.614145 0.467258 0.0346772 0.0609022 0.0426153
0 0.987285 0.528388 0.0244967 0.145341 0.0423833
0 0.0398755 0.410965 0.0811829 0.16523 0.042077
0 0.994628 0.580839 0.0115192 0.113795 0.0419591
0 0.0458038 0.34768 0.0836617 0.0989041 0.0419324
0 0.661806 0.322321 0.0374236 0.0607219 0.0415375
0 0.405737 0.401565 0.0173862 0.0258251 0.041126
0 0.230903 0.404208 0.095702 0.105273 0.040701
0 0.819341 0.483969 0.0824287 0.101239 0.0406209
0 0.387431 0.394425 0.0477942 0.0649167 0.0406078
0 0.792449 0.452537 0.0756542 0.139375 0.0398045
0 0.492538 0.437235 0.0169652 0.0321583 0.039749
0 0.222943 0.395228 0.0248887 0.0318422 0.0388038
0 0.992471 0.504128 0.0143486 0.123684 0.0384037
0 0.383034 0.406369 0.0240591 0.0342898 0.0379138
0 0.270111 0.421437 0.0624655 0.0648387 0.03787
0 0.480072 0.407946 0.0152443 0.0256258 0.0377544
0 0.0787269 0.348983 0.0914509 0.102648 0.0372836
0 0.171848 0.372689 0.0312764 0.0359775 0.0371514
0 0.668216 0.405767 0.0831391 0.137717 0.0371375
0 0.0101652 0.371731 0.0208606 0.0566237 0.0368471
0 0.81196 0.448128 0.0810398 0.153219 0.0366738
0 0.486373 0.436867 0.0125555 0.0350282 0.0366432
0 0.660041 0.35422 0.0492016 0.126554 0.0365977
0 0.111536 0.344247 0.161735 0.135403 0.0363483
0 0.679681 0.463012 0.0249837 0.0344547 0.0361014
0 0.3496 0.392721 0.0704491 0.0809061 0.0360328
0 0.531421 0.448491 0.0227448 0.0332076 0.035261
0 0.673788 0.442875 0.0297961 0.0409281 0.0350061
0 0.380655 0.409974 0.0506496 0.0604223 0.0348307
0 0.345869 0.404147 0.0486578 0.057748 0.0347228
0 0.545011 0.419352 0.078797 0.0844671 0.0347005
0 0.171004 0.394148 0.110221 0.112553 0.0344901
0 0.472605 0.399752 0.0252703 0.0429285 0.0341211
0 0.676407 0.480484 0.0827982 0.11557 0.0337344
0 0.499553 0.438894 0.0173677 0.0277605 0.0333748
0 0.322338 0.415656 0.0401439 0.0436695 0.0333192
0 0.202759 0.350671 0.0983638 0.121364 0.0331867
0 0.493795 0.425888 0.0173505 0.0331267 0.0330118
0 0.0135031 0.3827 0.0263932 0.0633743 0.032912
0 0.302711 0.412799 0.0502534 0.0491105 0.0327016
0 0.572603 0.442677 0.0361051 0.0574526 0.0325195
0 0.150349 0.387174 0.087113 0.108866 0.0324716
0 0.991651 0.561961 0.0167286 0.102069 0.031964
0 0.33182 0.412738 0.0447486 0.0521141 0.0318928
0 0.179709 0.35269 0.085013 0.108659 0.0318223
0 0.211172 0.408199 0.0500945 0.0811913 0.0314525
0 0.512793 0.434476 0.0249878 0.0349726 0.0313752
0 0.170997 0.360397 0.0504094 0.0683373 0.0310605
0 0.983136 0.498614 0.0330461 0.130629 0.0306619
0 0.726916 0.434545 0.10807 0.107089 0.0303617
0 0.0564193 0.433824 0.104866 0.12531 0.0301842
0 0.430337 0.405124 0.0170245 0.0277376 0.0297665
0 0.717643 0.495149 0.079206 0.114186 0.0292075
0 0.560989 0.417975 0.054001 0.079568 0.0291894
0 0.427358 0.421245 0.0125432 0.0292637 0.0290507
0 0.115165 0.41113 0.15392 0.157189 0.0289926
0 0.29958 0.427964 0.0618392 0.0578666 0.0288514
0 0.221282 0.373357 0.0317059 0.0386099 0.0285954
0 0.599181 0.465121 0.0568473 0.0712327 0.0285708
0 0.650787 0.403682 0.11125 0.174634 0.028501
0 0.344755 0.30631 0.0291003 0.0520156 0.0283261
0 0.0808132 0.436257 0.155637 0.184908 0.028155
0 0.561734 0.419982 0.0921735 0.103632 0.0278191
0 0.0203902 0.421372 0.0383206 0.132158 0.0273007
0 0.705986 0.42304 0.078741 0.136513 0.0267755
0 0.456852 0.373006 0.0434788 0.0702154 0.0266493
0 0.980002 0.526207 0.0395161 0.129232 0.0265247
0 0.338915 0.371799 0.124757 0.148854 0.0264335
0 0.226099 0.351062 0.0792725 0.114421 0.0262954
0 0.10998 0.304048 0.196375 0.240891 0.026217
0 0.283465 0.371146 0.0759161 0.110154 0.026175
0 0.846865 0.196719 0.0493982 0.0728669 0.0260612
0 0.395477 0.416081 0.0202671 0.0289105 0.0258547
0 0.474987 0.381488 0.0185164 0.0275436 0.02576
0 0.769027 0.490906 0.0834977 0.108055 0.0253423
0 0.949561 0.512046 0.0991098 0.15969 0.0253405
0 0.139187 0.350992 0.0938558 0.112749 0.0252582
0 0.04011 0.295122 0.0799316 0.183017 0.0251663
0 0.332268 0.379795 0.0770045 0.0919867 0.025072
0 0.72431 0.180969 0.207213 0.283857 0.0250065
0 0.980308 0.715277 0.0384499 0.278318 0.0248797
0 0.990087 0.117575 0.0187805 0.152044 0.0244748
0 0.558519 0.442655 0.0449356 0.0559027 0.0243739
0 0.345807 0.316496 0.0357298 0.0627147 0.0238724
0 0.622505 0.317005 0.0342433 0.0535378 0.0237417
0 0.682406 0.414882 0.0442735 0.0661318 0.0236942
0 0.497619 0.420403 0.0194042 0.030829 0.0236513
0 0.725372 0.154633 0.0829767 0.118505 0.023527
0 0.963478 0.130088 0.0669926 0.273917 0.023453
0 0.625198 0.40971 0.0669368 0.131168 0.0232576
0 0.692461 0.476331 0.0278178 0.0399454 0.0231532
0 0.524513 0.417124 0.0249247 0.0395437 0.023111
0 0.99252 0.132852 0.0141569 0.125983 0.0231099
0 0.907808 0.121299 0.181286 0.255796 0.0230871
0 0.573 0.415462 0.0427794 0.0765279 0.0227821
0 0.828856 0.191602 0.0577206 0.0871296 0.0227615
0 0.71555 0.28615 0.144069 0.293864 0.0226988
0 0.316052 0.395935 0.0417386 0.0546691 0.0226982
0 0.317884 0.430356 0.0495347 0.0590745 0.0226676
0 0.180076 0.401678 0.0392132 0.055258 0.0226038
0 0.986884 0.673177 0.0286169 0.265096 0.0224814
0 0.447762 0.39482 0.0207212 0.0239114 0.0222894
0 0.98369 0.786495 0.0321688 0.185366 0.0221243
0 0.124138 0.390921 0.0992733 0.111096 0.0220827
0 0.75898 0.435391 0.052553 0.110283 0.0219348
0 0.814538 0.420792 0.0721722 0.110387 0.0219029
0 0.51617 0.417971 0.0337743 0.0553491 0.0218793
0 0.991795 0.591042 0.017079 0.122581 0.021789
0 0.883284 0.485711 0.0823797 0.117752 0.0216054
0 0.0804054 0.297965 0.141036 0.198731 0.0211094
0 0.825153 0.451484 0.0676128 0.113024 0.0210498
0 0.556857 0.329786 0.0230857 0.0421313 0.0208588
0 0.160405 0.416755 0.083221 0.106003 0.0208091
0 0.840659 0.480659 0.0931941 0.114407 0.0205424
0 0.304179 0.375647 0.0799203 0.100694 0.0205393
0 0.57758 0.450041 0.0202903 0.0307344 0.0204584
0 0.529125 0.415621 0.0468725 0.0726388 0.0203934
0 0.0409462 0.444516 0.0706818 0.104276 0.0203681
0 0.750954 0.493398 0.0717637 0.104876 0.0202634
0 0.799816 0.166052 0.227653 0.29341 0.019949
0 0.992527 0.465546 0.0145443 0.0855893 0.0199248
0 0.0538089 0.392479 0.0809297 0.102693 0.019823
0 0.659624 0.413807 0.0495368 0.0787638 0.0197539
0 0.812731 0.124304 0.0472352 0.0908405 0.019714
0 0.994386 0.14268 0.0114405 0.0868891 0.0196982
0 0.467758 0.142968 0.0694648 0.103315 0.01966
0 0.991552 0.603625 0.0185741 0.197765 0.019472
0 0.455427 0.409779 0.0455995 0.0720295 0.019245
0 0.649762 0.343693 0.0765539 0.128139 0.0192426
0 0.662588 0.324372 0.114136 0.201339 0.0191558
0 0.277066 0.436929 0.0718074 0.0803098 0.0190979
0 0.984134 0.452899 0.0309437 0.154247 0.018967
0 0.979996 0.560147 0.0410099 0.101505 0.0188427
0 0.36592 0.412033 0.0215675 0.0357545 0.0187524
0 0.726345 0.495394 0.118736 0.148758 0.0187292
0 0.979601 -0.0184562 0.0400654 0.0378261 0.0187291
0 0.812199 0.335399 0.0457699 0.0821595 0.018689
0 0.619939 0.151699 0.023883 0.0464459 0.0184697
0 0.945848 0.46048 0.105389 0.184058 0.0184622
0 0.715052 0.394159 0.056725 0.0933222 0.0183694
0 0.558217 0.273275 0.0441904 0.0514272 0.0182889
0 0.680073 0.398963 0.0302782 0.0595192 0.0182672
0 0.352544 0.309171 0.0312497 0.0537016 0.0182593
0 0.972504 0.782029 0.0528488 0.16968 0.0182465
0 0.619988 0.490093 0.0427002 0.0660505 0.0181816
0 0.421935 0.426738 0.0149356 0.0296965 0.0181486
0 0.840828 0.450098 0.109678 0.15588 0.0181279
0 0.115975 0.346431 0.0917648 0.101955 0.0180904
0 0.616356 0.410295 0.0526543 0.0966518 0.01808
0 0.827263 0.356414 0.0964396 0.273481 0.0180705
0 0.630236 0.344744 0.061056 0.118989 0.0180527
0 0.962234 0.383002 0.0627054 0.0791566 0.0180462
0 0.55231 0.266675 0.0271239 0.0453864 0.0180152
0 0.796986 0.117933 0.0348453 0.0655153 0.0180059
0 0.0240255 0.219364 0.044944 0.111367 0.0180038
0 0.375677 0.349595 0.0221247 0.0363029 0.0179784
0 0.765871 0.261534 0.116898 0.234216 0.0179496
0 0.65669 0.48646 0.0300316 0.0451044 0.0178814
0 0.989958 0.770269 0.0200001 0.161737 0.0176996
0 0.528 0.379644 0.0507938 0.0861484 0.0176877
0 0.0894719 0.428425 0.123382 0.128007 0.017664
0 0.254578 0.429387 0.051385 0.0674486 0.0176583
0 0.603905 0.410031 0.0604587 0.088657 0.0176552
0 0.862269 0.340868 0.161108 0.303128 0.0174818
0 0.697201 0.325528 0.0359179 0.053044 0.0173466
0 0.0451488 0.485346 0.0817129 0.170358 0.017346
0 0.622391 0.345211 0.0458762 0.0886442 0.0172776
0 0.944918 0.550176 0.104313 0.180795 0.0172099
0 0.542498 0.464447 0.0286391 0.0446618 0.017204
0 0.438222 0.373503 0.0287402 0.0384971 0.0171654
0 0.544015 0.385565 0.0324471 0.055896 0.0171316
0 0.640407 0.381276 0.0842449 0.152875 0.0171238
0 0.0341466 0.212248 0.0489546 0.076757 0.0171234
0 0.562559 0.329687 0.0307369 0.0537867 0.0170371
0 0.133188 0.0423533 0.121577 0.120914 0.0169629
0 0.958709 0.424224 0.082682 0.181063 0.0168994
0 0.593814 0.456716 0.0396347 0.0492208 0.0166948
0 0.994469 0.163033 0.0111525 0.0741027 0.0166712
0 0.980906 0.111782 0.0364948 0.179358 0.0166694
0 0.147742 0.209638 0.246778 0.379863 0.016652
