0 0.5625 0.547762 0 0.110694 0.91683
0 0.5625 0.54979 0 0.155578 0.911771
0 0.359119 0.590362 0.11771 0.142426 0.907245
0 0.500436 0.570477 0.120858 0.197566 0.903391
0 0.5625 0.564648 0 0.269525 0.885355
0 0.236877 0.599772 0.100709 0.109552 0.861772
0 0.118331 0.618542 0.194717 0.177399 0.855277
0 0.5625 0.640777 0 0.415514 0.820545
0 0.288549 0.584578 0.0493346 0.0895817 0.805802
0 0.420627 0.560581 0.0415187 0.0692403 0.792699
0 0.55906 0.542248 0.00687933 0.0662597 0.648948
0 0.5625 0.542848 0 0.0898833 0.609394
0 0.0190419 0.685146 0.0380837 0.176424 0.493088
0 0.443105 0.550212 0.0166725 0.068354 0.343898
0 0.556272 0.524798 0.0124568 0.0582816 0.325506
0 0.550315 0.501884 0.024371 0.0615128 0.31967
0 0.436278 0.553679 0.0204453 0.0588001 0.237515
0 0.555622 0.530809 0.0137563 0.0389556 0.186595
0 0.44579 0.53843 0.0169848 0.0618609 0.173604
0 0.306896 0.557808 0.0175338 0.0291383 0.173425
0 0.554899 0.521206 0.0152023 0.0469555 0.171091
0 0.442826 0.545524 0.0139906 0.0431473 0.166287
0 0.304631 0.563735 0.0192461 0.0390904 0.164102
0 0.0091586 0.703066 0.0183172 0.130886 0.152296
0 0.445109 0.530731 0.0138384 0.0337656 0.149738
0 0.557937 0.538304 0.00912623 0.0629847 0.149495
0 0.5625 0.531515 0 0.0626927 0.140794
0 0.437331 0.535184 0.01591 0.0301759 0.135962
0 0.262278 0.592243 0.0533007 0.0929451 0.128498
0 0.431964 0.536535 0.0154792 0.0260701 0.127935
0 0.439319 0.551296 0.0131598 0.0427036 0.126006
0 0.0151367 0.657727 0.0290138 0.200895 0.122954
0 0.436667 0.552358 0.0136775 0.0335286 0.118505
0 0.439639 0.546576 0.0130403 0.0251085 0.118392
0 0.401785 0.551744 0.0235211 0.0531885 0.111623
0 0.024417 0.64383 0.0487653 0.226029 0.103237
0 0.439925 0.540054 0.0142933 0.0314632 0.102751
0 0.0103542 0.627314 0.0203868 0.114681 0.0997136
0 0.42002 0.551823 0.0170712 0.0323666 0.0907837
0 0.550483 0.520127 0.015505 0.0286546 0.0845331
0 0.433258 0.554973 0.0165557 0.0385637 0.0818892
0 0.00698848 0.610474 0.013977 0.0847816 0.0792396
0 0.010802 0.588883 0.0216039 0.31715 0.0783357
0 0.447109 0.520477 0.013645 0.0229103 0.0777586
0 0.0418755 0.668101 0.0823534 0.192399 0.074545
0 0.409246 0.553799 0.0223512 0.043001 0.0741171
0 0.556074 0.517003 0.0128512 0.0291595 0.0708598
0 0.21332 0.594997 0.0614847 0.0898385 0.069923
0 0.392319 0.548697 0.0383931 0.0557364 0.0688651
0 0.428095 0.536795 0.0154108 0.0243141 0.0680666
0 0.392064 0.559831 0.04943 0.0775399 0.0667578
0 0.49232 0.469783 0.0541245 0.0286602 0.0662141
0 0.563936 0.54156 0.0147132 0.0489968 0.0658812
0 0.0153532 0.615387 0.0301952 0.113736 0.0652601
0 0.300027 0.568681 0.0292067 0.0511532 0.0643985
0 0.311794 0.556105 0.0181914 0.0271671 0.0643464
0 0.418022 0.541482 0.0183691 0.0255384 0.0641683
0 0.306843 0.571545 0.0171933 0.0411309 0.0639828
0 0.419673 0.561139 0.0201413 0.0456456 0.0625813
0 0.406613 0.566589 0.0218553 0.0497548 0.0625491
0 0.44237 0.56265 0.0121398 0.0468997 0.0612983
0 0.584046 0.519712 0.0172817 0.0380741 0.0610849
0 0.561221 0.531113 0.0155252 0.0341647 0.0598385
0 0.417933 0.569942 0.0214581 0.0460876 0.0593102
0 0.920992 0.723376 0.158045 0.238384 0.0559507
0 0.519242 0.499877 0.0733277 0.0570297 0.0555048
0 0.294209 0.589244 0.0311316 0.0747452 0.0551049
0 0.00716908 0.556897 0.0155868 0.184835 0.052982
0 0.370884 0.54693 0.0778187 0.05379 0.0523249
0 0.540865 0.511623 0.0161347 0.0230256 0.0518114
0 0.489532 0.503458 0.0615816 0.0670865 0.0517937
0 0.460586 0.585042 0.0458402 0.118012 0.0503539
0 0.403616 0.539489 0.0187885 0.0267233 0.0502188
0 0.473479 0.498449 0.0258296 0.0231414 0.0492767
0 0.251288 0.599624 0.063963 0.0966715 0.0491395
0 0.0216721 0.613033 0.0411647 0.136902 0.049031
0 0.484319 0.177967 0.039002 0.0527251 0.0476228
0 0.55199 0.487094 0.0282755 0.0270605 0.0474628
0 0.545814 0.0332303 0.245636 0.127867 0.0473613
0 0.056573 0.633436 0.0847461 0.175542 0.046528
0 0.311481 0.547566 0.0227884 0.0271936 0.0456809
0 0.00526968 0.723163 0.010873 0.10889 0.0453471
0 0.131035 0.300303 0.0763947 0.109553 0.0448319
0 0.398376 0.534768 0.0270594 0.03712 0.0448269
0 0.293314 0.55539 0.0240242 0.0265286 0.0445722
0 0.940262 0.542866 0.117324 0.124947 0.0444463
0 0.319632 0.541707 0.0372561 0.0444275 0.043685
0 0.576391 0.518403 0.0219144 0.0363498 0.0434994
0 0.444068 0.522671 0.013378 0.0190481 0.0434902
0 0.193841 0.568986 0.0366278 0.0477328 0.0432981
0 0.29811 0.558645 0.0299331 0.0419001 0.0430698
0 0.621786 0.548947 0.0381489 0.133031 0.0428903
0 0.572518 0.523431 0.0149826 0.0351399 0.0428792
0 0.493988 0.480551 0.0657619 0.0374374 0.0427346
0 0.17145 0.612625 0.0923502 0.137691 0.0419726
0 0.0369813 0.628857 0.069429 0.169993 0.0418394
0 0.191828 0.607953 0.0532167 0.0980176 0.0411958
0 0.559611 0.519635 0.0353419 0.0781685 0.0411728
0 0.948041 0.524846 0.0970455 0.0928231 0.0403711
0 0.0086207 0.516126 0.017686 0.210705 0.0403205
0 0.449145 0.535889 0.0277706 0.0695777 0.0399541
0 0.298695 0.575364 0.039465 0.0815588 0.0390913
0 0.548125 0.499211 0.0250282 0.0283902 0.0390531
0 0.679955 0.52947 0.0371997 0.112532 0.0388995
0 0.029871 0.418894 0.0599834 0.280051 0.0387716
0 0.823147 0.513412 0.0900911 0.16077 0.0385539
0 0.989965 0.418213 0.0204273 0.0684132 0.0382326
0 0.874495 0.643309 0.0710846 0.23906 0.038215
0 0.0230694 0.533837 0.0484956 0.384791 0.0380838
0 0.690228 0.40728 0.0279377 0.0527373 0.0377107
0 0.70883 0.594392 0.102728 0.198735 0.0377063
0 0.441976 0.574492 0.0127631 0.0352503 0.03746
0 0.974044 0.447438 0.0484274 0.0674746 0.0372637
0 0.622411 0.524321 0.0383187 0.0800902 0.0368269
0 0.347312 0.543158 0.0718596 0.0453637 0.0356832
0 0.942197 0.535081 0.110601 0.206414 0.0351021
0 0.870077 0.67625 0.056753 0.195613 0.0349209
0 0.498132 0.495266 0.0851576 0.0530721 0.0346201
0 0.453491 0.540168 0.0378763 0.101771 0.0340474
0 0.0169113 0.586968 0.0328756 0.140595 0.0339302
0 0.982822 0.418141 0.0356354 0.0726874 0.0338593
0 0.968153 0.69018 0.0584661 0.329359 0.0338388
0 0.370979 0.547269 0.0197801 0.0249169 0.0336371
0 0.942896 0.0772638 0.0547468 0.0857277 0.033231
0 0.437197 0.521205 0.014009 0.0181474 0.0331532
0 0.395547 0.533351 0.0199007 0.0244264 0.0330568
0 0.299513 0.571644 0.0212639 0.0331878 0.03286
0 0.0726804 0.652067 0.106095 0.148807 0.0327442
0 0.0622267 0.696805 0.108147 0.160917 0.0326328
0 0.0811437 0.615382 0.117478 0.156083 0.0322017
0 0.306197 0.600977 0.018282 0.0420899 0.0320823
0 0.0118961 0.705673 0.0241908 0.191658 0.0318042
0 0.424564 0.592456 0.019725 0.0389996 0.0317595
0 0.686187 0.5994 0.0653503 0.170416 0.0315693
0 0.125058 0.576954 0.141963 0.0913325 0.0310385
0 0.488438 0.170628 0.0277013 0.0423174 0.0310241
0 0.678178 0.562154 0.078621 0.192745 0.0309683
0 0.86574 0.592027 0.0559925 0.158511 0.0308334
0 0.977265 0.714746 0.0439833 0.265453 0.0307915
0 0.531737 0.584349 0.0490354 0.11445 0.0304295
0 0.683752 0.478112 0.034094 0.0523332 0.0304024
0 0.420741 0.57233 0.0140738 0.0337152 0.030391
0 0.0367049 0.321601 0.0704796 0.126989 0.0302127
0 0.952516 0.50113 0.0918369 0.120297 0.0301452
0 0.0283979 0.341644 0.0533268 0.134691 0.0298783
0 0.055507 0.454027 0.105491 0.359646 0.0298003
0 0.585121 0.557336 0.0151649 0.0517673 0.0294284
0 0.90436 0.601761 0.145013 0.170148 0.0294082
0 0.538717 0.476269 0.0183691 0.0182577 0.0293668
0 0.00857455 0.313272 0.0185521 0.0739953 0.0293495
0 0.967357 0.395705 0.0698572 0.191465 0.0293011
0 0.453724 0.578662 0.0261784 0.0976967 0.0292079
0 0.0994682 0.590884 0.120728 0.113175 0.0291949
0 0.462445 0.0532323 0.0552381 0.0726573 0.0291946
0 0.0214936 0.316894 0.0417825 0.112296 0.0291092
0 0.44925 0.603885 0.020338 0.040198 0.0287948
0 0.758234 0.190163 0.0432412 0.0653172 0.0282277
0 0.527876 0.626851 0.0629634 0.0703111 0.0279846
0 0.531689 0.496584 0.0341518 0.0357462 0.0279675
0 0.548388 0.556211 0.0252515 0.0761151 0.0277457
0 0.416917 0.619746 0.0241691 0.0445051 0.0276333
0 0.922504 0.949559 0.143204 0.15093 0.0276079
0 0.869835 0.566472 0.0464926 0.0991805 0.0275963
0 0.3224 0.571924 0.0482457 0.0814593 0.0272417
0 0.187583 0.568851 0.0341582 0.0374499 0.0270854
0 0.385099 0.528063 0.0324432 0.0300574 0.0267791
0 0.973776 0.464415 0.0515308 0.0785675 0.0267524
0 0.128756 0.601712 0.0571217 0.0927286 0.0266737
0 0.273551 0.569329 0.0273518 0.0420826 0.0264938
0 0.534742 0.0389921 0.105683 0.0808211 0.0264569
0 0.657557 0.49533 0.0542611 0.0598924 0.0263653
0 0.835859 0.62083 0.0742227 0.21992 0.0262303
0 0.9768 0.404025 0.045219 0.0833099 0.0260293
0 0.285198 0.549936 0.022637 0.0356229 0.0260234
0 0.559793 0.468879 0.029349 0.0644623 0.0259588
0 0.0473313 0.518663 0.086005 0.394289 0.0259405
0 0.141232 0.565433 0.0857311 0.0671969 0.0259239
0 0.573496 0.485099 0.0296707 0.0331323 0.0258817
0 0.935779 0.585519 0.121107 0.167135 0.025782
0 0.112839 0.606429 0.0797636 0.115899 0.0254781
0 0.560734 0.493278 0.0279094 0.0259073 0.0253765
0 0.0857778 0.263054 0.166812 0.227379 0.0252359
0 0.283046 0.587693 0.0252961 0.0481105 0.0252188
0 0.893376 0.311483 0.02216 0.0321723 0.0250322
0 0.926158 0.836296 0.151845 0.299351 0.0250254
0 0.310476 0.544488 0.0300197 0.0548665 0.0249354
0 0.547186 0.0130026 0.206828 0.0944255 0.0246153
0 0.0451986 0.404137 0.0836098 0.257989 0.0245602
0 0.281558 0.559595 0.0430658 0.0491974 0.0245085
0 0.976136 0.503386 0.0485237 0.132633 0.0244838
0 0.916642 0.555772 0.154667 0.130275 0.0244504
0 0.914138 0.542699 0.113212 0.0966554 0.0244497
0 0.666396 0.475247 0.0622704 0.0480271 0.0244237
0 0.633161 0.548955 0.0479798 0.129896 0.0244042
0 0.590148 0.0350778 0.153853 0.092238 0.0240665
0 0.17666 0.560618 0.0339357 0.0401279 0.024043
0 0.169744 0.641774 0.0789343 0.121138 0.0240301
0 0.0141226 0.548689 0.0285779 0.186655 0.0240005
0 0.782612 0.500026 0.154465 0.13083 0.0238858
0 0.931161 0.268962 0.145592 0.258536 0.0237624
0 0.496822 0.518509 0.0962835 0.0915214 0.0237561
0 0.555002 0.61951 0.0159111 0.0285629 0.0237052
0 0.280214 0.554327 0.0248174 0.0261207 0.0236937
0 0.891705 0.306979 0.0293781 0.0446871 0.0236775
0 0.601756 0.505009 0.0218586 0.0267259 0.0235749
0 0.915516 0.632173 0.115546 0.101943 0.0234727
0 0.646155 0.58221 0.0389675 0.0928938 0.0234454
0 0.879529 0.743496 0.0711962 0.168917 0.0232566
0 0.951541 0.469351 0.0869169 0.0838464 0.0231489
0 0.142369 0.583443 0.0920613 0.0936001 0.0231124
0 0.966061 0.482472 0.061051 0.0995912 0.0230362
0 0.669297 0.586065 0.0369401 0.123664 0.0230216
0 0.968044 0.426334 0.0525183 0.0736975 0.0229822
0 0.765923 0.77642 0.154536 0.23565 0.0228209
0 0.297015 0.589009 0.0187406 0.0613124 0.0227624
0 0.961 0.623989 0.0677639 0.390759 0.0227571
0 0.986272 0.504772 0.0278275 0.115235 0.0227302
0 0.620141 0.0314786 0.0960306 0.0835471 0.0226194
0 0.536218 0.503297 0.0314174 0.0409027 0.022607
0 0.961397 0.541191 0.0726704 0.152006 0.0225696
0 0.492916 0.636925 0.0472605 0.0662526 0.0225405
0 0.0169145 0.506541 0.0337752 0.240515 0.0225223
0 0.327984 0.523322 0.0413774 0.0456991 0.0224914
0 0.0628898 0.594434 0.0818898 0.104621 0.0224675
0 0.632494 0.587947 0.033978 0.0822318 0.0224446
0 0.891625 0.626307 0.111221 0.175405 0.0224182
0 0.0898049 0.280901 0.0717141 0.128903 0.0224169
0 0.461213 0.479639 0.0173759 0.0224609 0.0222831
0 0.180751 0.623601 0.0701412 0.102942 0.0221046
0 0.521415 0.469338 0.0223542 0.0221314 0.0220379
0 0.895408 0.529815 0.0707251 0.0818991 0.0219989
0 0.262774 0.563195 0.0301015 0.0370558 0.021942
0 0.984482 0.816981 0.0302042 0.187234 0.0218792
0 0.93635 0.513771 0.0606159 0.0567495 0.0218
0 0.90548 0.658658 0.133067 0.166617 0.0217722
0 0.636214 0.506254 0.0425279 0.0566399 0.0216091
0 0.465302 0.612661 0.0503155 0.100087 0.0214684
0 0.833496 0.550519 0.0801734 0.188111 0.0213527
0 0.53657 0.53146 0.0420235 0.0834957 0.0212797
0 0.0959351 0.567522 0.106602 0.0702135 0.0212079
0 0.575666 0.0549855 0.200351 0.12801 0.0211627
0 0.347181 0.57218 0.0905901 0.100022 0.021057
0 0.904052 0.539307 0.097649 0.154546 0.0209483
0 0.813603 0.540883 0.0849991 0.118143 0.0208126
0 0.82296 0.480622 0.080744 0.0865419 0.0206324
0 0.497008 0.45839 0.0284594 0.0262016 0.0205787
0 0.926551 0.184266 0.155906 0.295961 0.0205587
0 0.179948 0.560264 0.0234783 0.0297718 0.0204842
0 0.695145 0.567235 0.084706 0.221931 0.0203562
0 0.808252 0.61254 0.110792 0.181401 0.0202711
0 0.281412 0.622557 0.0287352 0.0619086 0.0202594
0 0.664674 0.564759 0.0372443 0.124481 0.0202429
0 0.890331 0.593409 0.0970825 0.127119 0.0201664
0 0.111546 0.634031 0.0882983 0.133237 0.0201582
0 0.967345 0.422973 0.0370413 0.05039 0.0201247
0 0.534244 0.61456 0.0485671 0.0743674 0.0201123
0 0.506863 0.775026 0.0716978 0.120286 0.0200987
0 0.489852 0.607402 0.107983 0.110977 0.0200083
0 0.364545 0.519359 0.0418082 0.028388 0.0199432
0 0.835888 0.263802 0.166199 0.228555 0.0198978
0 0.749376 0.192103 0.056546 0.087113 0.0198714
0 0.978951 0.541281 0.041641 0.141775 0.0198489
0 0.0916389 0.704169 0.103987 0.131254 0.019772
0 0.703376 0.497246 0.0704195 0.112087 0.0197574
0 0.420817 0.252851 0.156811 0.205601 0.0197349
0 0.755098 0.598772 0.181473 0.189796 0.0197098
0 0.842752 0.505086 0.0506765 0.120531 0.0197092
0 0.392113 0.512567 0.0227501 0.0372678 0.019574
0 0.866946 0.531269 0.0508854 0.101806 0.0195664
0 0.926699 0.665861 0.0976931 0.108934 0.0195661
0 0.141403 0.298834 0.049342 0.0752986 0.0195547
0 0.164649 0.577216 0.0949356 0.0953609 0.0195106
0 0.173052 0.56876 0.0596575 0.0597859 0.0195028
0 0.610268 0.504349 0.0198724 0.026211 0.0194891
0 0.49431 0.154418 0.0345519 0.0610953 0.0194389
0 0.676545 0.579105 0.0544983 0.166839 0.0192476
0 0.94154 0.484997 0.0768288 0.0778529 0.0191745
0 0.442377 0.600071 0.0129888 0.0346202 0.0191726
0 0.504253 0.635779 0.107958 0.0721024 0.0191141
0 0.405469 0.589136 0.0256746 0.0589624 0.0190296
0 0.94226 0.798761 0.110483 0.214864 0.0190241
0 0.504269 0.470763 0.0327853 0.0246807 0.0190063
0 0.340006 0.592061 0.074607 0.121434 0.0189934
0 0.41384 0.514398 0.0168959 0.0201375 0.0189858
0 0.496807 0.157892 0.0189538 0.0311901 0.0189811
0 0.684103 0.439377 0.0525833 0.069166 0.0188922
0 0.104586 0.296518 0.089003 0.129818 0.0188846
0 0.546454 0.133326 0.0474844 0.0688074 0.0188594
0 0.98984 0.52053 0.0212313 0.112438 0.0188553
0 0.553194 0.162623 0.0422873 0.0647543 0.0188432
0 0.444575 0.0739851 0.0195296 0.0311582 0.0188281
0 0.480371 0.535763 0.0707334 0.110507 0.0188069
0 0.111545 0.353393 0.207222 0.372894 0.0187713
0 0.49554 0.158397 0.0238571 0.0422932 0.0186595
0 0.47322 0.173698 0.0508686 0.0663208 0.0185595
0 0.891397 0.562423 0.0872356 0.112384 0.0185053
0 0.457184 -0.00383444 0.0557467 0.0428961 0.0184282
0 0.479682 0.160333 0.0632526 0.0820448 0.018307
0 0.558154 0.0356937 0.0777495 0.0649101 0.0182216
0 0.786452 0.260721 0.159497 0.21834 0.0182062
