0 0.247148 0.597664 0.426669 0.586108 0.913453
0 0.490246 0.495657 0.124766 0.159053 0.896044
0 0.5625 0.605861 0 0.504514 0.891315
0 0.033723 0.450407 0.0637853 0.0688854 0.738198
0 0.184682 0.406992 0.156307 0.182224 0.551333
0 0.369148 0.448584 0.0939559 0.145145 0.428652
0 0.0912698 0.453106 0.0428205 0.0522044 0.426116
0 0.428548 0.480236 0.0350551 0.0856604 0.344802
0 0.080283 0.45164 0.0407546 0.0574198 0.327798
0 0.126246 0.453483 0.0304739 0.0390847 0.311883
0 0.0145603 0.452557 0.0291206 0.0636203 0.310149
0 0.00852974 0.453413 0.0170595 0.0647493 0.303397
0 0.215843 0.37934 0.0871771 0.116992 0.294187
0 0.3882 0.456158 0.0532659 0.125589 0.200806
0 0.064986 0.449223 0.0663619 0.0706462 0.200173
0 0.406521 0.48401 0.0213243 0.0625736 0.195879
0 0.364023 0.423734 0.0915484 0.097148 0.17678
0 0.0482262 0.452124 0.043359 0.0535251 0.172693
0 0.399088 0.477421 0.0358979 0.0810198 0.167141
0 0.554638 0.510342 0.015725 0.08688 0.163694
0 0.162004 0.455401 0.025602 0.0331657 0.159857
0 0.0855721 0.454759 0.0265612 0.0386336 0.157386
0 0.135548 0.455081 0.0511099 0.0748832 0.151444
0 0.249404 0.375809 0.157255 0.133289 0.146615
0 0.11497 0.454197 0.0183059 0.0323332 0.145552
0 0.183168 0.390846 0.130956 0.122369 0.139917
0 0.102764 0.465133 0.0181596 0.026284 0.137783
0 0.0036599 0.452803 0.00731981 0.0512913 0.137101
0 0.5625 0.606789 0 0.32248 0.130907
0 0.55842 0.513447 0.00815959 0.0867916 0.128881
0 0.130293 0.445942 0.0447496 0.0501233 0.128619
0 0.5625 0.510072 0 0.0727527 0.128192
0 0.130478 0.461976 0.0430986 0.0551374 0.127634
0 0.0847302 0.438604 0.0601065 0.0895059 0.127143
0 0.104459 0.459676 0.0185456 0.0277512 0.126547
0 0.5625 0.646649 0 0.348735 0.124885
0 0.5625 0.524262 0 0.126297 0.119418
0 0.5625 0.711465 0 0.19754 0.117826
0 0.293229 0.422837 0.248948 0.222444 0.115676
0 0.143673 0.43305 0.075743 0.117516 0.115409
0 0.119413 0.452794 0.0197686 0.0278113 0.114746
0 0.218553 0.354717 0.0858051 0.0729237 0.110081
0 0.284521 0.408428 0.0854865 0.0482753 0.105931
0 0.168354 0.449906 0.0394403 0.0405456 0.105238
0 0.0902358 0.455798 0.0211551 0.0314871 0.104402
0 0.5625 0.553365 0 0.188622 0.104095
0 0.104519 0.447268 0.034082 0.0512014 0.10357
0 0.427443 0.507189 0.0342753 0.0875142 0.103535
0 0.42091 0.4903 0.0293028 0.0784746 0.101597
0 0.379277 0.435218 0.063397 0.0960298 0.100698
0 0.284824 0.394233 0.0939399 0.072884 0.0997833
0 0.136013 0.467964 0.0737079 0.0763108 0.0995942
0 0.294909 0.418972 0.111031 0.0576614 0.0935619
0 0.710957 0.37172 0.0859509 0.041536 0.0888011
0 0.434768 0.479168 0.0492886 0.101542 0.0887374
0 0.979727 0.520287 0.0391556 0.129577 0.0883088
0 0.592053 0.518956 0.0368411 0.111554 0.0878574
0 0.2836 0.371546 0.102002 0.123716 0.0877504
0 0.427081 0.499811 0.0553883 0.12265 0.0871274
0 0.252987 0.403333 0.194377 0.124723 0.0860712
0 0.0106851 0.435108 0.0221539 0.0802194 0.0856947
0 0.174088 0.437977 0.0501596 0.0622993 0.0852638
0 0.110792 0.456049 0.0177178 0.0312677 0.0849678
0 0.0064547 0.452861 0.0137156 0.0300185 0.0833918
0 0.990738 0.622664 0.0184752 0.222595 0.0829754
0 0.978072 0.545613 0.0435354 0.196018 0.0817616
0 0.360098 0.428364 0.114901 0.203132 0.0811991
0 0.144126 0.40469 0.0643677 0.115856 0.0807078
0 0.00435308 0.430239 0.0092017 0.0376152 0.0794569
0 0.347206 0.401644 0.0635745 0.0612655 0.0794456
0 0.986993 0.787034 0.0262407 0.336605 0.0793247
0 0.160083 0.443414 0.058501 0.0735002 0.0791552
0 0.101267 0.438005 0.0549704 0.0864929 0.0788512
0 0.992064 0.579688 0.0159098 0.165617 0.0779243
0 0.985275 0.494519 0.0292564 0.121696 0.0775699
0 0.748761 0.259151 0.0188403 0.0273912 0.0774381
0 0.160751 0.39754 0.0902883 0.105148 0.0767061
0 0.423723 0.497208 0.0172485 0.0418098 0.076081
0 0.231694 0.428122 0.0205064 0.024039 0.074754
0 0.559724 0.515819 0.0233342 0.0797896 0.0746013
0 0.207985 0.402228 0.0819846 0.0846452 0.0739499
0 0.21426 0.411016 0.0750229 0.0586702 0.0721772
0 0.986918 0.569688 0.0279413 0.233059 0.0697392
0 0.372106 0.478626 0.0987454 0.112958 0.0691649
0 0.712502 0.392178 0.130916 0.0743223 0.0686383
0 0.991483 0.761129 0.0178995 0.225533 0.0685469
0 0.342596 0.393677 0.0792676 0.123784 0.0676464
0 0.749647 0.260149 0.0270509 0.0349569 0.0673456
0 0.894197 0.457225 0.209146 0.213039 0.0666141
0 0.395332 0.482888 0.0524978 0.116544 0.0658502
0 0.593004 0.496898 0.0257254 0.0532516 0.0650418
0 0.621064 0.42872 0.0269958 0.06506 0.0645915
0 0.156696 0.46225 0.0392137 0.0465327 0.064046
0 0.605019 0.505551 0.0585164 0.105679 0.0637196
0 0.00949982 0.450239 0.0150038 0.0422081 0.0629892
0 0.600686 0.48907 0.043057 0.0886351 0.0614959
0 0.227448 0.347917 0.0673395 0.0528828 0.0614819
0 0.217053 0.422569 0.0544316 0.0373463 0.0614801
0 0.193933 0.433383 0.0914897 0.0667692 0.0611387
0 0.0487204 0.443454 0.0884802 0.0958141 0.0605614
0 0.12038 0.459429 0.019468 0.0258397 0.0601701
0 0.128746 0.412818 0.109461 0.135224 0.0592512
0 0.522799 0.430142 0.109931 0.190483 0.0589834
0 0.409781 0.492068 0.0149669 0.0400756 0.05756
0 0.409953 0.47347 0.0160931 0.0513021 0.0565634
0 0.156393 0.457704 0.0222716 0.0299266 0.0560141
0 0.968909 0.525649 0.059251 0.165489 0.0557319
0 0.555224 0.510256 0.0210546 0.0822608 0.0553161
0 0.328784 0.364597 0.059282 0.0719176 0.0548253
0 0.969998 0.521651 0.061953 0.30689 0.054658
0 0.703194 0.411972 0.175172 0.112233 0.0533297
0 0.42294 0.505623 0.0154435 0.0287275 0.0530688
0 0.715918 0.36317 0.074072 0.031502 0.0522796
0 0.628162 0.421315 0.0429379 0.0767882 0.0521539
0 0.521908 0.386767 0.0961427 0.104531 0.0518424
0 0.00769176 0.427772 0.0160507 0.0398358 0.051517
0 0.0674797 0.640823 0.0780122 0.262765 0.0512037
0 0.976689 0.607362 0.0494387 0.215348 0.0500469
0 0.554816 0.521302 0.0151637 0.0464039 0.0498161
0 0.21816 0.34046 0.103503 0.0758327 0.0497534
0 0.424826 0.521038 0.0220185 0.0470375 0.0495744
0 0.965297 0.413814 0.0708023 0.144722 0.04946
0 0.364533 0.43549 0.0616419 0.0560424 0.0492183
0 0.31086 0.40288 0.0394577 0.0551278 0.0490534
0 0.215879 0.324604 0.0687418 0.0481683 0.0489654
0 0.979371 0.82484 0.0396954 0.330406 0.0487609
0 0.610214 0.469106 0.0548903 0.134884 0.048565
0 0.237286 0.44816 0.18452 0.267982 0.0477506
0 0.449506 0.479073 0.0515118 0.110324 0.0474927
0 0.360569 0.392535 0.100674 0.146288 0.0472029
0 0.1283 0.681728 0.18216 0.379643 0.047132
0 0.286073 0.359765 0.0755574 0.0985363 0.0470245
0 0.791331 0.431616 0.331333 0.164781 0.0469887
0 0.968832 0.734947 0.0586624 0.414547 0.0468874
0 0.425977 0.535993 0.0289913 0.0569397 0.0466899
0 0.0948084 0.425139 0.0705311 0.113942 0.0466775
0 0.891367 0.520445 0.214262 0.374496 0.0465999
0 0.258655 0.412748 0.0580184 0.0427151 0.0463601
0 0.0261331 0.435262 0.0526505 0.0822943 0.0460983
0 0.174909 0.452214 0.103663 0.107666 0.0453914
0 0.604465 0.462009 0.0386464 0.089832 0.0453542
0 0.719635 0.371889 0.126509 0.0485814 0.0451044
0 0.246095 0.383911 0.0538548 0.0726257 0.0450499
0 0.325811 0.391373 0.0465087 0.0814028 0.044872
0 0.957775 0.579106 0.0879852 0.304789 0.0447759
0 0.955063 0.348208 0.08655 0.272824 0.0438196
0 0.319199 0.418718 0.0206141 0.0285338 0.0433683
0 0.0817861 0.463171 0.0284045 0.0450687 0.0429588
0 0.230692 0.429953 0.139195 0.181119 0.042725
0 0.886037 0.423223 0.190284 0.136306 0.0426982
0 0.970136 0.455656 0.0598375 0.175682 0.0426766
0 0.209341 0.431759 0.0642221 0.037939 0.0421165
0 0.310698 0.41816 0.0267315 0.0248759 0.0420782
0 0.901154 0.349134 0.199001 0.287006 0.0416337
0 0.947154 0.494963 0.110783 0.267872 0.0411863
0 0.982333 0.475067 0.0368216 0.117486 0.041115
0 0.0540504 0.457558 0.0240669 0.0360029 0.0408512
0 0.395257 0.439286 0.0405117 0.11343 0.0404337
0 0.708377 0.240291 0.09174 0.118527 0.039995
0 0.0909511 0.476522 0.0276583 0.0467653 0.0397269
0 0.0292979 0.47343 0.056447 0.112907 0.0395366
0 0.391375 0.507283 0.0858497 0.127188 0.0393655
0 0.74066 0.260788 0.0392317 0.0404261 0.0391688
0 0.0198961 0.457921 0.0225598 0.0406455 0.0391444
0 0.175583 0.315976 0.0210077 0.0273435 0.0382834
0 0.180921 0.340746 0.0322685 0.0389006 0.0380926
0 0.83959 0.36223 0.0823923 0.0291034 0.0379306
0 0.620382 0.442116 0.047767 0.102526 0.0375859
0 0.241326 0.481745 0.0582281 0.0762826 0.0374846
0 0.452774 0.459971 0.0525367 0.0756304 0.0374453
0 0.616923 0.490302 0.0844043 0.115757 0.0369947
0 0.690282 0.372954 0.0437778 0.0304615 0.036528
0 0.0475116 0.667954 0.0883052 0.276066 0.0363358
0 0.314055 0.384281 0.0397549 0.0985898 0.0360379
0 0.264908 0.370157 0.0587437 0.0615685 0.0358194
0 0.851798 0.362018 0.129565 0.0334658 0.0354695
0 0.343287 0.489161 0.061973 0.0847748 0.0350636
0 0.490773 0.424228 0.13555 0.171791 0.0350216
0 0.193358 0.468692 0.115686 0.101862 0.0349432
0 0.416903 0.528549 0.029616 0.0543365 0.0347447
0 0.0317114 0.498643 0.0652957 0.108875 0.0347405
0 0.151342 0.471736 0.0319597 0.0458021 0.0344698
0 0.214469 0.321633 0.0319434 0.0322394 0.0344684
0 0.683965 0.434291 0.161838 0.145663 0.034086
0 0.338311 0.423236 0.0228948 0.0241861 0.034082
0 0.195556 0.478906 0.0811402 0.0958191 0.0339785
0 0.218123 0.480149 0.0955382 0.0967156 0.0338548
0 0.348591 0.479682 0.0869754 0.0969018 0.0336564
0 0.368411 0.372195 0.0833314 0.102137 0.0336138
0 0.957072 0.501645 0.0830946 0.171294 0.0336087
0 0.257826 0.330673 0.0174057 0.0203789 0.0335823
0 0.947468 0.568243 0.0967592 0.208599 0.0335454
0 0.744995 0.300912 0.0187059 0.0202148 0.0331022
0 0.222332 0.43151 0.0372588 0.0298212 0.0330774
0 0.868584 0.390225 0.144686 0.070148 0.0330087
0 0.0977173 0.705336 0.121832 0.362833 0.0328036
0 0.616838 0.442427 0.0361762 0.0784387 0.0327362
0 0.641723 0.414959 0.0764633 0.0934267 0.0327159
0 0.833341 0.293491 0.305862 0.244829 0.0326866
0 0.283031 0.347052 0.0655028 0.0642978 0.032436
0 0.980028 0.390088 0.0394011 0.127674 0.032316
0 0.28322 0.461977 0.157344 0.237079 0.0322399
0 0.686998 0.316718 0.172772 0.259711 0.0322218
0 0.714011 0.432989 0.234842 0.171538 0.032218
0 0.524136 0.591333 0.0865351 0.157344 0.0321941
0 0.308218 0.413727 0.0339946 0.0350276 0.0320792
0 0.493356 0.394155 0.168439 0.209417 0.0319561
0 0.434222 0.415771 0.0529618 0.112391 0.0318841
0 0.0883664 0.627165 0.102273 0.268677 0.0318231
0 0.224107 0.336614 0.0317385 0.02892 0.0316558
0 0.471397 0.444644 0.0642861 0.0551309 0.0315199
0 0.722326 0.28122 0.20706 0.167617 0.0313837
0 0.194901 0.435742 0.0577694 0.0351568 0.0312322
0 0.780236 0.0687111 0.14596 0.142764 0.0311365
0 0.0204114 0.471911 0.0231765 0.0417098 0.031089
0 0.958092 0.237986 0.086657 0.0648546 0.0310014
0 0.184922 0.362076 0.147011 0.147199 0.030745
0 0.743157 0.188097 0.309894 0.255735 0.0306789
0 0.282158 0.322167 0.0438134 0.0341137 0.0305438
0 0.630197 0.427013 0.0612476 0.109732 0.0304677
0 0.389252 0.34024 0.0340478 0.0436974 0.0302373
0 0.435786 0.467072 0.0349196 0.0925182 0.0301963
0 0.161271 0.351299 0.0587455 0.0576651 0.0299852
0 0.982327 0.730847 0.0375011 0.199443 0.0299327
0 0.729436 0.259689 0.0565886 0.0570531 0.0299139
0 0.980583 0.219044 0.0394293 0.0420277 0.0298925
0 0.382096 0.507825 0.117202 0.172586 0.029828
0 0.587925 0.536093 0.0254164 0.088783 0.0298234
0 0.251007 0.470159 0.0872424 0.0988448 0.0297486
0 0.266158 0.484204 0.0759292 0.082619 0.0293684
0 0.0215896 0.427083 0.0231577 0.0281445 0.0293387
0 0.949097 0.593157 0.0736248 0.111141 0.0293001
0 0.934569 0.59071 0.130527 0.268791 0.0292632
0 0.834395 0.46205 0.297833 0.20901 0.029006
0 0.243837 0.426018 0.0232247 0.0225917 0.0289486
0 0.931463 0.427035 0.131744 0.186468 0.0288434
0 0.0756474 0.423423 0.0866944 0.119903 0.0288339
0 0.950303 0.245089 0.0635342 0.0426185 0.028812
0 0.74195 0.324331 0.0246478 0.0279312 0.0285908
0 0.282769 0.467987 0.0869194 0.114378 0.0285744
0 0.380647 0.364013 0.0547075 0.0820936 0.0284029
0 0.145885 0.348654 0.071836 0.0669108 0.0284012
0 0.0538369 0.680584 0.0569473 0.207102 0.0282604
0 0.547506 0.458402 0.0777584 0.184317 0.0280824
0 0.496904 0.378155 0.0992686 0.0864086 0.0280377
0 0.862513 0.369101 0.151028 0.0392387 0.0279567
0 0.977116 0.681299 0.0469433 0.236318 0.0279137
0 0.692537 0.257521 0.149757 0.173585 0.0276759
0 0.522324 0.362924 0.0927804 0.0721577 0.0274572
0 0.778911 0.0854005 0.19901 0.201793 0.0274134
0 0.667735 0.192827 0.209974 0.246475 0.0273873
0 0.255515 0.423951 0.0293838 0.0248505 0.0270714
0 0.424923 0.433095 0.0555863 0.142201 0.0270166
0 0.578882 0.562098 0.0129114 0.0403676 0.0269951
0 0.420989 0.457135 0.0375495 0.0802509 0.0269913
0 0.482267 0.573534 0.0996292 0.18605 0.0269811
0 0.912236 0.436583 0.102852 0.132421 0.0268774
0 0.987891 0.815661 0.024489 0.192083 0.0268456
0 0.956664 0.672914 0.0895573 0.340678 0.0268075
0 0.101191 0.509948 0.052272 0.084314 0.0266606
0 0.424594 0.471977 0.0209481 0.0617122 0.0264832
0 0.196462 0.313914 0.0194892 0.0208592 0.0263203
0 0.968531 0.843511 0.0645756 0.282798 0.0261329
0 0.771341 0.39329 0.245337 0.0875815 0.0260446
0 0.622524 0.437702 0.0732765 0.156347 0.0260254
0 0.877824 0.373046 0.110343 0.0345103 0.0259712
0 0.811565 0.201225 0.336337 0.319576 0.0258814
0 0.0297011 0.712262 0.0549 0.291849 0.025819
0 0.496697 0.442858 0.0984694 0.0545574 0.0257877
0 0.867312 0.607701 0.0812603 0.0885964 0.0257837
0 0.681192 0.376778 0.0323725 0.0290352 0.0257429
0 0.127321 0.338467 0.037445 0.0402253 0.0257296
0 0.574191 0.545267 0.0207318 0.0541497 0.0257048
0 0.945198 0.471343 0.0905472 0.163409 0.0256369
0 0.0727343 0.625116 0.0806322 0.161275 0.0256033
0 0.945702 0.400156 0.0312481 0.046661 0.025567
0 0.647053 0.485177 0.153045 0.236749 0.0255374
0 0.253604 0.336314 0.0201969 0.0220017 0.0255193
0 0.236826 0.337054 0.0278852 0.0245868 0.0254645
0 0.958886 0.378014 0.0791502 0.0923553 0.0253987
0 0.174689 0.475318 0.0758179 0.0888068 0.02537
0 0.93917 0.249982 0.0459505 0.0319152 0.0253386
0 0.562865 0.69067 0.0303283 0.0386934 0.0253274
0 0.400925 0.409906 0.0416994 0.134973 0.0253078
0 0.554283 0.551194 0.0181368 0.0528027 0.0253003
0 0.596858 0.44158 0.0892467 0.198025 0.025231
0 0.95683 0.600274 0.0803841 0.153943 0.0251239
0 0.910029 0.524069 0.163939 0.253076 0.024807
0 0.524577 0.716121 0.0887769 0.154486 0.0246347
0 0.523843 0.488689 0.0594337 0.13715 0.0246002
0 0.606441 0.442605 0.0632832 0.111697 0.0245616
0 0.478712 0.463706 0.100574 0.0929807 0.0244204
0 0.0463917 0.337687 0.0427368 0.0608005 0.0243368
0 0.0476847 0.466549 0.0372189 0.0638143 0.0242684
0 0.218453 0.499635 0.193271 0.220829 0.0242066
0 0.294129 0.420731 0.0531653 0.0336058 0.0241865
0 0.986662 0.36876 0.0268827 0.0807009 0.0241006
0 0.275525 0.423383 0.0483985 0.0305152 0.024053
0 0.444813 0.406256 0.0593328 0.100375 0.0238247
0 0.85664 0.0598291 0.0505932 0.0433347 0.0236271
