0 0.5625 0.643865 0 0.0621195 0.823331
0 0.5625 0.63878 0 0.0263265 0.781625
0 0.465021 0.671735 0.0207578 0.0359623 0.738463
0 0.508273 0.664039 0.0231828 0.0292801 0.651646
0 0.479061 0.667936 0.0216645 0.0340597 0.628727
0 0.5625 0.645431 0 0.0207091 0.574685
0 0.5625 0.636193 0 0.0175902 0.523696
0 0.497801 0.66645 0.0215367 0.0312706 0.521249
0 0.435579 0.672567 0.043291 0.0531873 0.486023
0 0.5625 0.635306 0 0.0177027 0.45643
0 0.5625 0.649736 0 0.0208493 0.360655
0 0.5625 0.645319 0 0.0211126 0.351252
0 0.5625 0.641688 0 0.0259204 0.282035
0 0.5625 0.644274 0 0.0207063 0.281764
0 0.5625 0.646751 0 0.0229995 0.270935
0 0.521865 0.661383 0.0212254 0.0283533 0.263455
0 0.5625 0.640513 0 0.0427293 0.248452
0 0.5625 0.634675 0 0.0183028 0.23849
0 0.5625 0.637133 0 0.0142481 0.238404
0 0.5625 0.633915 0 0.0191011 0.235037
0 0.501944 0.6666 0.0193533 0.0277349 0.232542
0 0.528195 0.659334 0.0225908 0.0297748 0.218944
0 0.514876 0.664065 0.0186987 0.0247696 0.218044
0 0.524774 0.664538 0.0148674 0.0230778 0.21646
0 0.5625 0.634525 0 0.0199 0.213989
0 0.5625 0.645043 0 0.0177138 0.210457
0 0.468763 0.671723 0.0173115 0.0307605 0.208092
0 0.5625 0.633117 0 0.0216238 0.199667
0 0.474562 0.669468 0.0181932 0.027651 0.19442
0 0.5625 0.63722 0 0.0192668 0.193957
0 0.5625 0.639887 0 0.0204045 0.191838
0 0.555111 0.649969 0.0147784 0.0271077 0.191761
0 0.562036 0.654313 0.000928307 0.0195352 0.183298
0 0.458426 0.672281 0.0196821 0.0362322 0.18304
0 0.549618 0.649969 0.0257639 0.0319209 0.182377
0 0.5625 0.635832 0 0.0194767 0.181387
0 0.5625 0.640826 0 0.0198883 0.178696
0 0.5625 0.641442 0 0.0187991 0.177065
0 0.5625 0.650374 0 0.0178791 0.175168
0 0.5625 0.636493 0 0.015749 0.169143
0 0.5625 0.644283 0 0.0193211 0.167984
0 0.5625 0.637592 0 0.0159054 0.167684
0 0.44547 0.673629 0.0244301 0.0414934 0.165046
0 0.537563 0.654129 0.0249074 0.0316372 0.158133
0 0.452774 0.672993 0.0214172 0.0404907 0.158119
0 0.505708 0.666306 0.0158069 0.0241625 0.156462
0 0.5625 0.646103 0 0.0164884 0.154739
0 0.5625 0.636616 0 0.014179 0.153836
0 0.510415 0.663308 0.016266 0.0224213 0.150267
0 0.5625 0.640206 0 0.0175997 0.149323
0 0.635126 0.638844 0.0109128 0.0150807 0.147423
0 0.461771 0.672934 0.017678 0.0281509 0.147122
0 0.491589 0.669698 0.016192 0.0246248 0.146133
0 0.563887 0.655451 0.0149281 0.0202495 0.145385
0 0.413881 0.673778 0.0893453 0.0684767 0.142899
0 0.683823 0.637359 0.0129952 0.0209084 0.135166
0 0.570764 0.650594 0.0125065 0.0161921 0.128799
0 0.387006 0.675021 0.0524408 0.0635652 0.111771
0 0.711391 0.64147 0.0146494 0.0275547 0.108227
0 0.670772 0.6332 0.0141711 0.0234517 0.105981
0 0.615502 0.632565 0.0143618 0.0202473 0.10452
0 0.591897 0.640593 0.0127275 0.0187883 0.103891
0 0.627275 0.63798 0.0132832 0.0167286 0.0930384
0 0.465632 0.677028 0.016265 0.0277147 0.0927884
0 0.68834 0.638504 0.0129109 0.0207924 0.0768792
0 0.716453 0.644073 0.0156754 0.0281167 0.0750654
0 0.426258 0.671534 0.0264818 0.0399293 0.0711237
0 0.545302 0.652757 0.0199394 0.0234227 0.0643229
0 0.59899 0.633583 0.0132612 0.018456 0.0638648
0 0.593504 0.632645 0.0124626 0.0189685 0.0626848
0 0.442271 0.68076 0.0215343 0.0351518 0.0611152
0 0.418103 0.672517 0.0478821 0.0559168 0.0577092
0 0.445218 0.686699 0.0259745 0.0371116 0.056432
0 0.882935 0.546073 0.0261223 0.0261693 0.0555566
0 0.839437 0.582588 0.107749 0.112377 0.0546573
0 0.710246 0.646758 0.0150789 0.0268931 0.0541096
0 0.421437 0.652772 0.0929131 0.112461 0.0530262
0 0.334639 0.60045 0.0393177 0.0390654 0.0526951
0 0.817227 0.509555 0.0310637 0.0434001 0.0469244
0 0.697221 0.625717 0.0141984 0.0268663 0.0457925
0 0.731068 0.630622 0.0570963 0.0829618 0.0441322
0 0.705002 0.648313 0.0199195 0.0306248 0.0439977
0 0.497497 0.669753 0.0143096 0.0239642 0.0428787
0 0.385173 0.657817 0.0850488 0.110619 0.0428244
0 0.365689 0.634677 0.116926 0.13178 0.0412835
0 0.883965 0.555839 0.0355728 0.0446032 0.0399945
0 0.885095 0.564279 0.0593657 0.0742204 0.0395511
0 0.888652 0.544874 0.0329304 0.0324784 0.0395133
0 0.584782 0.630634 0.0151507 0.0219602 0.0391245
0 0.874923 0.550257 0.041671 0.0383198 0.0383123
0 0.861736 0.572043 0.0794277 0.0868031 0.038294
0 0.43398 0.680784 0.0229044 0.0354101 0.0381713
0 0.765344 0.651394 0.0185367 0.0278711 0.0367707
0 0.513391 0.666731 0.0128485 0.0200148 0.0364552
0 0.899834 0.548593 0.0543682 0.046648 0.0354205
0 0.793287 0.605246 0.0562309 0.0725529 0.0347199
0 0.304569 0.932019 0.0429378 0.0601763 0.0341297
0 0.107802 0.701372 0.199933 0.183221 0.0339607
0 0.845892 0.594792 0.0750505 0.0863653 0.0339196
0 0.512785 0.655244 0.0152539 0.0206768 0.0336459
0 0.689002 0.632654 0.01489 0.0246662 0.0334168
0 0.641559 0.61158 0.010355 0.0150083 0.0328673
0 0.813841 0.609251 0.0492541 0.0659404 0.032655
0 0.836319 0.606959 0.0531292 0.0700104 0.0325413
0 0.781199 0.606251 0.0389757 0.0607817 0.0324909
0 0.338578 0.610955 0.0468026 0.0561595 0.0324065
0 0.375458 0.672401 0.0571164 0.0720718 0.0322258
0 0.295604 0.662169 0.140001 0.205434 0.0317943
0 0.633162 0.610506 0.010545 0.0151574 0.0313597
0 0.336131 0.640369 0.147692 0.190688 0.0308077
0 0.650708 0.61121 0.00925045 0.014269 0.0305283
0 0.147243 0.700436 0.152478 0.149937 0.0300134
0 0.482042 0.673095 0.0159556 0.028107 0.0299903
0 0.909589 0.547862 0.0778151 0.0579967 0.0291591
0 0.782763 0.613006 0.055432 0.0733278 0.028793
0 0.979646 0.962709 0.0478634 0.0726885 0.0287047
0 0.655029 0.609338 0.0102862 0.0158697 0.0287024
0 0.81621 0.600565 0.0731187 0.0820031 0.0283763
0 0.782226 0.58802 0.0278704 0.0359304 0.0278861
0 0.756474 0.646711 0.0207608 0.0311919 0.0277181
0 0.312885 0.695865 0.0621421 0.0602555 0.0275052
0 0.898236 0.574784 0.100578 0.100965 0.0274885
0 0.859677 0.552075 0.0740284 0.0638675 0.0274834
0 0.346385 0.650718 0.0679445 0.0922252 0.0273486
0 0.761545 0.639096 0.0174971 0.0265731 0.0271926
0 0.692562 0.578555 0.0318562 0.0529688 0.0271622
0 0.742992 0.630016 0.0305871 0.0447649 0.0270672
0 0.310682 0.612462 0.0928758 0.111995 0.0266938
0 0.563223 0.612414 0.0522587 0.0803959 0.0265919
0 0.340022 0.668196 0.041984 0.053475 0.0265334
0 0.986461 0.603798 0.0266439 0.0907183 0.0263514
0 0.790064 0.594412 0.0420923 0.0532231 0.0261927
0 0.775437 0.649877 0.023513 0.0321354 0.026176
0 0.332434 0.638463 0.0586975 0.0977909 0.0261173
0 0.349244 0.627852 0.073667 0.095243 0.0261052
0 0.392771 0.697192 0.09401 0.13166 0.0260904
0 0.305701 0.926295 0.0334896 0.0454934 0.0260167
0 0.251749 0.893038 0.122929 0.141993 0.0259476
0 0.846183 0.625498 0.0659651 0.0792704 0.0259296
0 0.289956 0.705403 0.115483 0.124353 0.0259259
0 0.578142 0.637682 0.0164316 0.0211795 0.0259073
0 0.603515 0.651354 0.0110946 0.0151093 0.0256788
0 0.415512 0.705768 0.0620281 0.0837763 0.0255799
0 0.985141 0.571938 0.0294239 0.0881516 0.0254542
0 0.820467 0.520792 0.0445747 0.0499369 0.0254263
0 0.858482 0.534379 0.075646 0.0796746 0.0252244
0 0.831424 0.631777 0.0478848 0.0674918 0.0251165
0 0.101872 0.754318 0.192767 0.17982 0.0250707
0 0.818293 0.528593 0.0356604 0.0443941 0.0249229
0 0.869885 0.538013 0.0525196 0.0613491 0.0248176
0 0.0514681 0.760517 0.100101 0.179949 0.0247721
0 0.296715 0.597836 0.11985 0.159208 0.024635
0 0.640484 0.640572 0.0111086 0.0168314 0.0245632
0 0.0494181 0.913091 0.0856262 0.152826 0.0240249
0 0.609792 0.604098 0.0113028 0.016738 0.0238251
0 0.291654 0.740078 0.125155 0.132423 0.0237803
0 0.660858 0.53323 0.0231076 0.0379437 0.0235727
0 0.288246 0.935709 0.0685149 0.0882506 0.0233904
0 0.926197 0.566196 0.117226 0.102828 0.0233754
0 0.771428 0.635386 0.0369954 0.0462396 0.0232823
0 0.658503 0.60401 0.0137683 0.0246062 0.02328
0 0.307779 0.648325 0.10429 0.132744 0.0232736
0 0.55142 0.611453 0.0545697 0.0900649 0.0231986
0 0.882389 0.539329 0.0376968 0.0439941 0.0231824
0 0.765899 0.6233 0.0613726 0.0898202 0.0231502
0 0.601947 0.603348 0.0128344 0.0195546 0.0230545
0 0.757116 0.670342 0.0221729 0.0358579 0.0229354
0 0.411125 0.614396 0.0658531 0.120732 0.0229208
0 0.322964 0.95849 0.106545 0.120377 0.0228411
0 0.286675 0.930656 0.0424675 0.0598187 0.0225614
0 0.367956 0.587893 0.129303 0.18186 0.0225346
0 0.31585 0.924295 0.0312611 0.0405033 0.0224577
0 0.387485 0.703547 0.0414816 0.0634554 0.0224015
0 0.312908 0.680688 0.0829487 0.0800861 0.0223685
0 0.342558 0.684813 0.045894 0.0590499 0.0223511
0 0.892187 0.608058 0.088991 0.0922782 0.0222191
0 0.892443 0.8523 0.088648 0.162639 0.0221739
0 0.663468 0.637148 0.00924006 0.0149145 0.0219843
0 0.22508 0.841114 0.0969908 0.133644 0.0219742
0 0.990318 0.650759 0.0194851 0.11315 0.0219483
0 0.275508 0.93523 0.0860216 0.109536 0.0219344
0 0.261498 0.70883 0.0598384 0.0597904 0.0218707
0 0.983881 0.632562 0.0337502 0.105995 0.0218637
0 0.327784 0.920829 0.0239097 0.0340571 0.0218139
0 0.115409 0.649397 0.223318 0.287632 0.0216769
0 0.804173 0.584644 0.0706865 0.097428 0.0214619
0 0.423383 0.687456 0.0657812 0.08869 0.0214024
0 0.0496947 0.864227 0.0901775 0.187592 0.0213937
0 0.993135 0.76886 0.0139629 0.151384 0.0209911
0 0.98593 0.978315 0.0267729 0.0363871 0.0209465
0 0.924189 0.553068 0.15271 0.195584 0.0206938
0 0.519039 0.59769 0.0446916 0.0837218 0.0206608
0 0.245749 0.847236 0.0960475 0.128301 0.0206217
0 0.0578129 0.70228 0.110817 0.19142 0.0205518
0 0.912607 0.533864 0.0951508 0.0904141 0.0205369
0 0.0309195 0.786416 0.0637017 0.178527 0.0202841
0 0.0106141 1.0038 0.0197421 0.0291594 0.0202128
0 0.858691 0.605275 0.0831188 0.0977375 0.020197
0 0.74105 0.624459 0.0804847 0.11348 0.02016
0 0.765892 0.626098 0.0335498 0.0449845 0.0201515
0 0.16374 0.726104 0.118148 0.121049 0.0198066
0 0.339377 0.896452 0.0881592 0.125546 0.0197
0 0.811151 0.635287 0.0554966 0.0648098 0.0195991
0 0.0719493 0.801557 0.133268 0.190035 0.0192476
0 0.421915 0.691799 0.0238389 0.0380727 0.0192153
0 0.50807 0.591181 0.0335174 0.0703266 0.0191868
0 0.295363 0.771611 0.122998 0.122946 0.0190924
0 0.234635 0.676394 0.158051 0.2271 0.0190771
0 0.804657 0.621445 0.062625 0.0731762 0.0190508
0 0.227286 0.965399 0.0394179 0.0531401 0.0189779
0 0.990191 0.684785 0.0228142 0.160403 0.0188387
0 0.992643 0.670985 0.0147741 0.107311 0.0186931
0 0.611417 0.642471 0.0108485 0.0155746 0.0186008
0 0.537603 0.608446 0.04566 0.0815621 0.0185764
0 0.587485 0.592563 0.0185984 0.0306636 0.018524
0 0.829763 0.611272 0.103481 0.12085 0.0184438
0 0.174389 0.672749 0.116914 0.151928 0.0183087
0 0.212453 0.663609 0.128892 0.156681 0.0182982
0 0.109156 1.00355 0.0676485 0.0391115 0.0182617
0 0.0377698 0.889089 0.0757897 0.180005 0.0182555
0 0.244473 0.940594 0.106097 0.107083 0.0182443
0 0.260935 0.74455 0.072163 0.099182 0.0181001
0 0.667793 0.537787 0.0235483 0.0407063 0.0180658
0 0.777837 0.592962 0.0372727 0.0504662 0.0180251
0 0.195228 0.693372 0.0993331 0.120146 0.0179919
0 0.182844 0.711041 0.0861376 0.101495 0.0179853
0 0.862586 0.691059 0.0842264 0.100715 0.0179147
0 0.908025 0.596259 0.114131 0.11859 0.0178337
0 0.416625 0.920539 0.100624 0.167204 0.0176464
0 0.336629 0.861728 0.0909214 0.114184 0.0176292
0 0.339913 0.700251 0.0468669 0.0566113 0.017554
0 0.669682 0.59242 0.0300853 0.0541274 0.0174709
0 0.633207 0.537553 0.0235136 0.0377277 0.0170851
0 0.124564 0.948933 0.177665 0.126436 0.017019
0 0.774734 0.70088 0.0327567 0.0515396 0.0170144
0 0.0830175 1.00316 0.0715523 0.0408449 0.0169428
0 0.0786736 0.635513 0.146128 0.225371 0.0167764
0 0.572864 0.752086 0.0422742 0.0494529 0.016731
0 0.993178 0.720846 0.014138 0.137319 0.0166917
0 0.304121 0.651167 0.0912829 0.0809547 0.0166255
0 0.276976 0.789412 0.103449 0.120572 0.0166083
0 0.0179278 0.80256 0.0357104 0.165871 0.0165947
0 0.981901 0.530688 0.0362045 0.111971 0.0165253
0 0.193631 0.731311 0.067874 0.0802233 0.0165037
0 0.21175 0.787737 0.0717992 0.0922394 0.0164995
0 0.260104 0.959461 0.0506085 0.0692593 0.0164002
0 0.295025 1.01185 0.040062 0.0396937 0.0163625
0 0.221713 0.885295 0.101847 0.129381 0.0163589
0 0.169973 0.736342 0.0842159 0.087206 0.0163324
0 0.281643 0.697759 0.110245 0.0764572 0.0162967
0 0.350814 0.714858 0.0372096 0.0544001 0.0162832
0 0.237312 0.955731 0.0798543 0.0938439 0.0162785
0 0.288288 0.952561 0.114933 0.127879 0.0162622
0 0.963332 0.878026 0.0544745 0.122168 0.0162431
0 0.393917 0.446914 0.0247254 0.0432443 0.0161982
0 0.844381 0.684255 0.0796684 0.103333 0.0161385
0 0.0254676 0.790677 0.0488278 0.118796 0.016108
0 0.929397 0.537646 0.114686 0.1154 0.0160623
0 0.0487061 0.951231 0.0786155 0.0925327 0.0160436
0 0.371993 0.622381 0.0692576 0.0887539 0.0160238
0 0.329429 0.940236 0.0334125 0.0521964 0.0160116
0 0.233646 0.694774 0.0990247 0.0981526 0.0159522
0 0.924712 0.690523 0.116401 0.142189 0.0158969
0 0.905076 0.868812 0.0634705 0.145595 0.0158733
0 0.64723 0.540846 0.0213044 0.0356644 0.0158615
0 0.371041 0.54774 0.104007 0.181253 0.015783
0 0.153618 0.647826 0.129497 0.179901 0.0157416
0 0.384112 0.844688 0.0523955 0.0742808 0.0157156
0 0.310957 0.859557 0.106978 0.117087 0.0156434
0 0.0159015 0.854975 0.0325556 0.143557 0.0155666
0 0.270936 0.718653 0.0910969 0.0856367 0.0155596
0 0.146997 0.883792 0.250483 0.255443 0.0155493
0 0.841328 0.513683 0.0870081 0.075239 0.0155476
0 0.149197 0.876495 0.0955512 0.141321 0.0155093
0 0.257636 0.759697 0.0594586 0.0854492 0.0155004
0 0.253087 0.626672 0.166903 0.18417 0.015484
0 0.986003 0.791477 0.0299202 0.199137 0.0154825
0 0.864441 0.627111 0.0503954 0.0625388 0.0154112
0 0.864322 0.630792 0.0727241 0.0733263 0.0153553
0 0.21293 0.941403 0.0856092 0.0927456 0.015345
0 0.0292701 0.736908 0.0544521 0.124071 0.0153178
0 0.962674 0.84086 0.0612864 0.140028 0.0153086
0 0.28034 1.01231 0.0353724 0.0377692 0.015211
0 0.620479 0.532514 0.0240905 0.0367517 0.0151777
0 0.979745 0.831593 0.039185 0.192852 0.0151749
0 0.543992 0.565658 0.0309083 0.0468073 0.0151179
0 0.282361 0.899748 0.115512 0.137308 0.0150635
0 0.900764 0.624148 0.097464 0.0865227 0.0150631
0 0.348806 0.695026 0.0484941 0.0594449 0.015038
0 0.306913 1.01239 0.0357803 0.0371714 0.0150345
0 0.917747 0.63829 0.120885 0.14288 0.0150268
0 0.093728 0.952692 0.045303 0.061989 0.0149801
0 0.064061 1.00226 0.0796622 0.0451255 0.01497
0 0.978193 -0.0119769 0.0426931 0.0443489 0.0149679
0 0.130231 0.960662 0.0957902 0.0764097 0.0149533
0 0.138106 0.823303 0.238525 0.285168 0.0149474
0 0.9775 0.583407 0.0445585 0.0869629 0.0149414
0 0.66876 0.155011 0.212156 0.323699 0.0149221
0 0.409124 0.844804 0.0603511 0.0829678 0.0149058
0 0.975546 0.620894 0.0485844 0.0955887 0.0148885
