0 0.5625 0.334708 0 0.150056 0.903036
0 0.5625 0.342128 0 0.268163 0.867843
0 0.389924 0.391124 0.239159 0.356553 0.86584
0 0.54105 0.310884 0.0429006 0.0886254 0.862733
0 0.5625 0.394764 0 0.178881 0.834596
0 0.562053 0.307607 0.000894785 0.130586 0.600067
0 0.506153 0.28157 0.0262237 0.0508088 0.578864
0 0.531016 0.286927 0.0434174 0.0805295 0.531322
0 0.495687 0.31865 0.0339346 0.107344 0.381646
0 0.489732 0.265856 0.0180694 0.0278035 0.300474
0 0.491156 0.271515 0.0228664 0.0343297 0.229215
0 0.48524 0.270087 0.0194803 0.0312225 0.228362
0 0.502841 0.2764 0.020185 0.0383226 0.217525
0 0.493467 0.269677 0.0140084 0.0237763 0.197885
0 0.561042 0.302407 0.00291672 0.142679 0.197743
0 0.498903 0.273698 0.0130063 0.0237384 0.193758
0 0.527244 0.298358 0.0327855 0.0823957 0.19196
0 0.495324 0.276836 0.012525 0.026703 0.18959
0 0.485751 0.26564 0.0146517 0.0222314 0.186573
0 0.5625 0.268054 0 0.0548476 0.186014
0 0.506867 0.28477 0.0168537 0.0425671 0.176259
0 0.286286 0.270472 0.0298974 0.047563 0.175956
0 0.5625 0.283063 0 0.0816735 0.155328
0 0.499832 0.29297 0.0210689 0.0630408 0.146723
0 0.556935 0.310308 0.0111308 0.109859 0.144792
0 0.483475 0.262511 0.0132754 0.0217413 0.14067
0 0.292796 0.259101 0.0432774 0.0709672 0.138985
0 0.209717 0.25768 0.0205675 0.0261982 0.124755
0 0.484406 0.316784 0.0543997 0.121854 0.124065
0 0.515501 0.291311 0.0176744 0.0496184 0.117781
0 0.5625 0.394511 0 0.175195 0.115864
0 0.198288 0.256054 0.0418924 0.0356462 0.110186
0 0.491176 0.261595 0.0132495 0.0200342 0.109152
0 0.5625 0.257012 0 0.13054 0.106108
0 0.5625 0.381645 0 0.133884 0.099651
0 0.5625 0.279594 0 0.0362837 0.0982952
0 0.5625 0.353057 0 0.0923244 0.0971838
0 0.302141 0.248386 0.0482353 0.0798599 0.0941164
0 0.5625 0.291824 0 0.113423 0.0913723
0 0.5625 0.34045 0 0.127311 0.0887341
0 0.5625 0.276153 0 0.0289326 0.088628
0 0.309483 0.233439 0.0326233 0.0503144 0.0870776
0 0.5625 0.281305 0 0.0428573 0.0864714
0 0.477771 0.259671 0.0335876 0.0541826 0.086239
0 0.5625 0.396348 0 0.172907 0.0839406
0 0.5625 0.294239 0 0.0479154 0.0837948
0 0.5625 0.269668 0 0.0652773 0.0830345
0 0.10758 0.479224 0.0304809 0.0281297 0.0821353
0 0.510964 0.274609 0.019802 0.0342606 0.0808105
0 0.284943 0.283843 0.0208186 0.0279087 0.0773898
0 0.525322 0.270618 0.0269354 0.0346174 0.0753925
0 0.961401 0.281814 0.0794744 0.165597 0.0750796
0 0.749848 0.282113 0.0127104 0.0317064 0.0729131
0 0.599242 0.314058 0.0897171 0.132515 0.071924
0 0.572641 0.327777 0.0250178 0.100413 0.0716534
0 0.21013 0.265239 0.020543 0.0314945 0.0715493
0 0.600263 0.276578 0.0486515 0.105726 0.0709234
0 0.76217 0.29707 0.0348293 0.0660346 0.0703975
0 0.992175 0.338937 0.0155437 0.0708887 0.0700125
0 0.761303 0.316494 0.0304363 0.0862384 0.0697238
0 0.289791 0.28156 0.0188406 0.0293621 0.069717
0 0.583619 0.261137 0.0215089 0.0342338 0.0691718
0 0.285448 0.276543 0.0251259 0.0339002 0.0676211
0 0.857243 0.391797 0.037149 0.0888315 0.0655503
0 0.750505 0.277531 0.0109853 0.0197941 0.0650824
0 0.99329 0.304557 0.0134876 0.0655521 0.0644632
0 0.568158 0.276459 0.0161757 0.0351743 0.0637058
0 0.487705 0.255145 0.0152448 0.0218374 0.0630136
0 0.471596 0.253833 0.0238071 0.023796 0.0629652
0 0.989652 0.414898 0.0201509 0.155932 0.0626595
0 0.946008 0.289421 0.0457317 0.0408468 0.0624721
0 0.9306 0.368917 0.107159 0.126981 0.0618735
0 0.551941 0.274303 0.0201682 0.0343831 0.0616538
0 0.759476 0.264989 0.0321005 0.035057 0.0612578
0 0.234266 0.254025 0.0195642 0.0335521 0.0611318
0 0.518066 0.293932 0.0225054 0.0665249 0.0610339
0 0.943333 0.331326 0.101793 0.0527856 0.0604348
0 0.314534 0.253859 0.0641542 0.0827359 0.0595073
0 0.959148 0.280074 0.0734097 0.069524 0.0588988
0 0.309868 0.214321 0.0370336 0.0434145 0.0574426
0 0.138758 0.52577 0.0309761 0.0318934 0.0571119
0 0.226685 0.270259 0.0345103 0.0459713 0.0566113
0 0.502239 0.297086 0.0133399 0.0345969 0.0563956
0 0.190804 0.26228 0.0294647 0.0433931 0.0560362
0 0.567284 0.265557 0.0175811 0.0264142 0.0559005
0 0.522592 0.305204 0.0154877 0.0457963 0.0557959
0 0.953711 0.394933 0.0866444 0.168615 0.0549622
0 0.958749 0.310181 0.0804113 0.0744779 0.0540218
0 0.675626 0.180346 0.0301461 0.0548988 0.0534809
0 0.389735 0.207142 0.0322696 0.025871 0.0530266
0 0.964641 0.273543 0.0594757 0.110378 0.0528841
0 0.503938 0.30943 0.0180682 0.0594256 0.0528671
0 0.934275 0.323295 0.0598059 0.0420262 0.0526522
0 0.364674 0.183236 0.0357302 0.0674468 0.052612
0 0.577449 0.262715 0.021368 0.0313203 0.0517481
0 0.767349 0.320312 0.0428346 0.110527 0.0505409
0 0.232565 0.282034 0.0224587 0.042789 0.0504542
0 0.756314 0.329259 0.0262685 0.123334 0.0502262
0 0.500541 0.253356 0.0172009 0.0187199 0.0501348
0 0.283642 0.25027 0.0531035 0.0889111 0.0500398
0 0.464725 0.307976 0.0983647 0.170233 0.0499337
0 0.749769 0.283241 0.0102331 0.023568 0.0498863
0 0.482753 0.256072 0.0129184 0.0221637 0.0496777
0 0.235865 0.262351 0.0223438 0.0421874 0.0495683
0 0.458368 0.277749 0.0781125 0.10992 0.0493364
0 0.98031 0.424336 0.0405455 0.14707 0.0486576
0 0.366296 0.196507 0.0402671 0.0443774 0.0481554
0 0.862436 0.384366 0.0348982 0.0672139 0.0479973
0 0.606369 0.285064 0.0882073 0.134083 0.0474384
0 0.3233 0.207129 0.0297088 0.0302354 0.04725
0 0.443174 0.226747 0.0427083 0.0292735 0.0467118
0 0.879083 0.390157 0.0792538 0.10225 0.0460677
0 0.983557 0.354016 0.0319387 0.0891052 0.045875
0 0.265686 0.259729 0.0574707 0.0639987 0.0454541
0 0.392632 0.201905 0.0240293 0.0299763 0.0449413
0 0.782472 0.330186 0.0690955 0.143129 0.0445218
0 0.751055 0.266145 0.0149719 0.0265948 0.0441551
0 0.464075 0.254828 0.0462832 0.0555523 0.0434915
0 0.390369 0.220644 0.0336793 0.0247397 0.0431461
0 0.161886 0.265419 0.0376239 0.062705 0.042442
0 0.320261 0.225599 0.0408456 0.050017 0.0421637
0 0.286662 0.296572 0.0212957 0.0401888 0.0417073
0 0.570177 0.340803 0.0174064 0.0566007 0.0415125
0 0.94272 0.294086 0.056333 0.05667 0.0414172
0 0.920301 0.507689 0.137047 0.24245 0.0410558
0 0.974635 0.254261 0.0509979 0.124228 0.0409536
0 0.933462 0.308502 0.123833 0.174119 0.0405688
0 0.769116 0.359202 0.0468702 0.0935104 0.0402885
0 0.614902 0.261147 0.0700474 0.0952833 0.0402629
0 0.939071 0.284163 0.0359581 0.0453461 0.0402581
0 0.978429 0.34079 0.0420223 0.0640854 0.0402478
0 0.189733 0.251694 0.0239016 0.0354823 0.0401314
0 0.151848 0.524562 0.0279909 0.0308801 0.0400364
0 0.764638 0.25613 0.0467189 0.053793 0.0398558
0 0.9854 0.307253 0.0287966 0.0725817 0.0397441
0 0.380991 0.242171 0.0651681 0.0599802 0.0393749
0 0.445126 0.242329 0.0586192 0.0487776 0.0393617
0 0.447745 0.252662 0.0702808 0.0709315 0.0390727
0 0.350779 0.258239 0.127559 0.0962727 0.0389863
0 0.201788 0.246129 0.03704 0.0471089 0.0389345
0 0.00720075 0.315045 0.0143869 0.0918077 0.0389128
0 0.776042 0.281969 0.0626822 0.0515389 0.0386043
0 0.66734 0.212487 0.117454 0.124117 0.0385831
0 0.390033 0.238821 0.0436139 0.048365 0.0385489
0 0.00819015 0.328067 0.0164654 0.0541064 0.0383989
0 0.833495 0.345132 0.0817265 0.117023 0.0383164
0 0.517693 0.308457 0.0189825 0.0453537 0.0381921
0 0.599884 0.328575 0.0616994 0.0887981 0.0381373
0 0.546498 0.267372 0.0198806 0.0271569 0.0380089
0 0.404134 0.21075 0.036381 0.0339124 0.0379646
0 0.318617 0.23665 0.0498317 0.055494 0.0378349
0 0.171025 0.447772 0.0354935 0.04612 0.0377998
0 0.404233 0.254673 0.0732769 0.0788087 0.0371694
0 0.966451 0.252796 0.0673065 0.267747 0.0370518
0 0.43792 0.202714 0.0476986 0.0449237 0.0362827
0 0.207235 0.252266 0.0281877 0.0372352 0.0362004
0 0.791956 0.314304 0.0946095 0.108238 0.0359567
0 0.735889 0.214111 0.097581 0.0906847 0.035903
0 0.334219 0.235765 0.0375349 0.0367064 0.0358933
0 0.186921 0.26503 0.0509905 0.0725146 0.0357693
0 0.206952 0.265923 0.0197646 0.0250503 0.0356277
0 0.213777 0.269597 0.0193821 0.0267966 0.035544
0 0.616436 0.349271 0.073715 0.110905 0.0355037
0 0.653552 0.20649 0.0957122 0.0943644 0.0353573
0 0.512843 0.252596 0.0180162 0.0200109 0.035252
0 0.851556 0.368596 0.0440046 0.0865467 0.0349668
0 0.570586 0.311461 0.0188746 0.0627022 0.0349444
0 0.372361 0.252675 0.0879777 0.0831877 0.0348713
0 0.00878577 0.283516 0.0179082 0.0936701 0.0348579
0 0.0216167 0.263712 0.0416467 0.0897603 0.0347235
0 0.909121 0.311116 0.0810308 0.0764767 0.0345436
0 0.198455 0.233133 0.0435367 0.0666487 0.034531
0 0.474162 0.335213 0.0794481 0.167899 0.0341977
0 0.739749 0.266854 0.0283616 0.0458219 0.0338805
0 0.308917 0.219758 0.0280306 0.0296037 0.033741
0 0.0139772 0.275026 0.0280478 0.0977286 0.0337084
0 0.381543 0.227373 0.0458547 0.0372902 0.0335764
0 0.0884776 0.480211 0.0384558 0.0405107 0.033261
0 0.912432 0.354446 0.113885 0.101729 0.0331951
0 0.166435 0.280175 0.0298851 0.0537648 0.0329729
0 0.805286 0.290572 0.119273 0.0651336 0.0327225
0 0.742911 0.236991 0.05783 0.0648803 0.0327093
0 0.398354 0.201745 0.0343995 0.0346205 0.0325322
0 0.52623 0.300679 0.0190737 0.0613775 0.0324705
0 0.341711 0.19775 0.0247601 0.0335794 0.0322096
0 0.923705 0.326744 0.0722345 0.0582689 0.031958
0 0.808831 0.361604 0.0818336 0.0933473 0.0317087
0 0.612666 0.296177 0.0682865 0.0992697 0.0314117
0 0.682617 0.188018 0.0766033 0.0724494 0.0312572
0 0.321242 0.930024 0.187617 0.140267 0.0312274
0 0.180922 0.268173 0.0151097 0.0279235 0.0312211
0 0.42436 0.243855 0.109347 0.0621074 0.0307334
0 0.960415 0.42853 0.0773956 0.113286 0.0306695
0 0.612611 0.234811 0.0624411 0.0772029 0.0305827
0 0.435682 0.191481 0.0543531 0.0710717 0.0305239
0 0.685997 0.244195 0.11784 0.0736061 0.0304291
0 0.194204 0.260893 0.0222789 0.0285977 0.0303017
0 0.631513 0.303427 0.107657 0.176526 0.0302902
0 0.88433 0.320138 0.03354 0.0523179 0.0299264
0 0.287074 0.289387 0.0168985 0.0329132 0.0297824
0 0.583434 0.340053 0.0242643 0.0582596 0.0297526
0 0.456322 0.224783 0.0210654 0.0225016 0.0295692
0 0.972503 0.893997 0.0516476 0.123758 0.0295209
0 0.649152 0.19601 0.0385575 0.033775 0.0294575
0 0.419905 0.284246 0.139055 0.130372 0.0293254
0 0.366705 0.216969 0.0388527 0.0381447 0.0292291
0 0.927777 0.294922 0.0522243 0.0502713 0.0290226
0 0.155371 0.264413 0.0251261 0.0513082 0.0288444
0 0.720638 0.342404 0.0607976 0.135772 0.0287602
0 0.734611 0.196338 0.0912722 0.0650651 0.0286861
0 0.705004 0.277251 0.0958113 0.136053 0.0284752
0 0.680491 0.641403 0.028659 0.079122 0.0284362
0 0.743234 0.32498 0.0259647 0.0920207 0.0284283
0 0.328872 0.225408 0.0338796 0.0326822 0.028428
0 0.233728 0.285655 0.0168762 0.0298563 0.0280999
0 0.841218 0.394877 0.0813749 0.107534 0.0279864
0 0.259718 0.240649 0.0380151 0.0636148 0.0279679
0 0.0221357 0.259687 0.0486536 0.151894 0.0278379
0 0.727641 0.326296 0.043252 0.120559 0.0278192
0 0.0126793 0.308474 0.0253029 0.0956609 0.0277989
0 0.737686 0.30674 0.0244114 0.0639065 0.0277147
0 0.86675 0.33234 0.0223467 0.0352783 0.0277016
0 0.305648 0.481107 0.0692048 0.154568 0.0276609
0 0.65007 0.263387 0.158103 0.223274 0.0276366
0 0.727612 0.243168 0.0540658 0.054321 0.0275296
0 0.605236 0.972071 0.160512 0.114829 0.0275176
0 0.907993 0.29313 0.0422337 0.0510745 0.0275039
0 0.757956 0.358583 0.0223619 0.0572728 0.0274722
0 0.938142 0.412588 0.0821072 0.123148 0.0274643
0 0.384037 0.196469 0.0311973 0.0375841 0.0273148
0 0.117936 0.277012 0.0353302 0.0538476 0.027216
0 0.937861 0.230136 0.129041 0.243356 0.0270303
0 0.919401 0.650912 0.146117 0.300861 0.0270245
0 0.732957 0.347068 0.0377923 0.110338 0.0269163
0 0.321879 0.27265 0.0728514 0.110008 0.0268968
0 0.18902 0.231026 0.0317118 0.0534752 0.0268107
0 0.991965 0.442145 0.0166178 0.131041 0.0267212
0 0.905347 0.404579 0.0855318 0.125131 0.0266258
0 0.576742 0.339082 0.0233779 0.0797063 0.0265258
0 0.747517 0.253987 0.0375018 0.0344131 0.0265095
0 0.705932 0.217947 0.08015 0.0712377 0.026405
0 0.84184 0.295344 0.0615538 0.062165 0.0262287
0 0.107404 0.286843 0.020879 0.0334039 0.0261694
0 0.629783 0.146777 0.0243597 0.0291662 0.0261206
0 0.118075 0.506434 0.0540027 0.053617 0.0261072
0 0.393184 0.197922 0.0185161 0.0276759 0.0257997
0 0.863239 0.314528 0.0337212 0.0622975 0.0256497
0 0.293351 0.266219 0.0155896 0.0348547 0.0256412
0 0.140292 0.540876 0.0301345 0.0436997 0.0255374
0 0.237162 0.249148 0.01852 0.0362586 0.0254472
0 0.15996 0.281273 0.0427532 0.0641087 0.0254067
0 0.907142 0.277978 0.0282934 0.0345952 0.0252584
0 0.0110175 0.235223 0.0263367 0.139795 0.0251653
0 0.724729 0.193251 0.0622581 0.0410015 0.0251278
0 0.683073 0.181974 0.0502818 0.0605234 0.0249931
0 0.961164 0.508929 0.0785133 0.234011 0.0247429
0 0.525796 0.252536 0.0198357 0.0243532 0.0245163
0 0.800112 0.278154 0.0966153 0.0482295 0.024292
0 0.480238 0.223207 0.0122214 0.018897 0.0241793
0 0.321816 0.211503 0.0219201 0.0249278 0.0241137
0 0.432712 0.17475 0.0473638 0.0709476 0.0240949
0 0.582207 0.871287 0.0678266 0.0588367 0.0239968
0 0.428677 0.22319 0.0280077 0.0332411 0.0239069
0 0.110821 0.287464 0.0294066 0.0421841 0.0238733
0 0.266262 0.279446 0.0408285 0.0545824 0.0237056
0 0.870115 0.332174 0.0183189 0.0275545 0.0236211
0 0.18278 0.279825 0.0193424 0.0332718 0.0235282
0 0.87172 0.321296 0.0172461 0.0300225 0.0234731
0 0.326042 0.200735 0.0221039 0.0290449 0.0232678
0 0.878881 0.36702 0.0587461 0.0899976 0.0231032
0 0.37662 0.27395 0.149571 0.120087 0.0230903
0 0.0289926 0.276442 0.053721 0.0993584 0.0229931
0 0.848421 0.334879 0.0540667 0.0916914 0.0229778
0 0.967072 0.87588 0.0394476 0.0784029 0.0229666
0 0.658529 0.185547 0.0573219 0.0628559 0.0229647
0 0.875201 0.323614 0.0233837 0.0397029 0.0229527
0 0.638918 0.244246 0.0981516 0.0709988 0.0227259
0 0.0997913 0.509297 0.0809586 0.0850113 0.0226215
0 0.945038 0.865258 0.0644508 0.0831358 0.0226063
0 0.79821 0.382958 0.0712782 0.097388 0.0223559
0 0.295162 0.166413 0.0300188 0.055019 0.0221653
0 0.691726 0.189614 0.105497 0.0901437 0.0221312
0 0.154044 0.539591 0.0310404 0.0452828 0.0219451
0 0.630792 0.365176 0.11565 0.210489 0.0215634
0 0.60809 0.372047 0.0804106 0.138762 0.0215611
0 0.365236 0.219534 0.0759027 0.105243 0.021357
0 0.636593 0.974556 0.102792 0.0676319 0.0213458
0 0.281712 0.329081 0.0259134 0.0626296 0.021262
0 0.30022 0.312643 0.0423591 0.116305 0.0212475
0 0.712549 0.364033 0.0705658 0.120511 0.0212442
0 0.896032 0.321223 0.0555014 0.0603344 0.0211541
0 0.326761 0.188757 0.0212355 0.0372683 0.0210855
0 0.223552 0.28444 0.0222612 0.0355681 0.0208413
0 0.0241518 0.21769 0.0477331 0.116215 0.0208075
0 0.583647 0.251628 0.0200533 0.0244992 0.0207617
0 0.368655 0.492817 0.160955 0.144844 0.0207256
0 0.624016 0.221089 0.0562362 0.0832513 0.0206796
0 0.367347 0.106392 0.0276194 0.0567971 0.0206456
0 0.991438 0.605149 0.0169039 0.110715 0.020596
0 0.954816 0.100088 0.0246119 0.0384794 0.0204808
