0 0.867564 0.510975 0.171133 0.186719 0.900605
0 0.952285 0.536655 0.0954254 0.337392 0.857273
0 0.573403 0.448351 0.0212324 0.0310477 0.774642
0 0.639735 0.44911 0.024177 0.0339998 0.774587
0 0.582433 0.438612 0.0171305 0.0280899 0.712665
0 0.304721 0.46627 0.168069 0.130778 0.648957
0 0.0720866 0.521111 0.144173 0.206513 0.563744
0 0.592341 0.430866 0.0135993 0.022424 0.537642
0 0.589991 0.433521 0.0148928 0.0252896 0.49273
0 0.415686 0.475208 0.0591875 0.0588947 0.449644
0 0.689209 0.453941 0.0222331 0.0309519 0.41975
0 0.57882 0.441545 0.0181809 0.0289296 0.379182
0 0.427057 0.475856 0.0383348 0.052478 0.368037
0 0.571086 0.452153 0.0175104 0.0224253 0.258731
