0 0.5625 0.546727 0 0.250466 0.770065
0 0.5625 0.478494 0 0.0630168 0.644754
0 0.5625 0.469862 0 0.0381235 0.601437
0 0.5625 0.46103 0 0.0348645 0.550575
0 0.481554 0.419553 0.013911 0.0184013 0.499285
0 0.419308 0.432055 0.0164087 0.0251275 0.405829
0 0.428615 0.42063 0.0147321 0.0254866 0.366618
0 0.462597 0.42099 0.0200614 0.025998 0.323438
0 0.286706 0.391008 0.0190602 0.0244229 0.323028
0 0.23878 0.393544 0.0199441 0.0261973 0.307875
0 0.175947 0.398002 0.0281724 0.0267308 0.280386
0 0.067239 0.401237 0.0442412 0.0348552 0.257776
0 0.5625 0.496148 0 0.0551871 0.249957
0 0.246329 0.394433 0.0242567 0.0257675 0.249724
0 0.5625 0.483669 0 0.0484762 0.245565
0 0.5625 0.440183 0 0.0288441 0.243248
0 0.5625 0.477214 0 0.0689334 0.234509
0 0.0653949 0.392677 0.038748 0.0267423 0.23438
0 0.430533 0.41578 0.0111016 0.0187402 0.223876
0 0.464613 0.417256 0.0161944 0.0209657 0.222187
0 0.417114 0.4361 0.0134432 0.0189679 0.213748
0 0.42872 0.424838 0.0125072 0.0214736 0.212899
0 0.245142 0.389767 0.0314309 0.0359512 0.212427
0 0.120173 0.401646 0.0301915 0.0247549 0.206275
0 0.424977 0.428501 0.0126656 0.0209382 0.203525
0 0.0362396 0.387025 0.0185465 0.0176565 0.198392
0 0.248671 0.39589 0.0166471 0.0201026 0.197957
0 0.165228 0.398028 0.0412512 0.0320073 0.195896
0 0.219509 0.395213 0.0176965 0.020304 0.188594
0 0.435006 0.405903 0.0148679 0.0211491 0.187722
0 0.0407729 0.386881 0.0258875 0.0224673 0.182789
0 0.151633 0.398214 0.0335791 0.0298736 0.182051
0 0.286576 0.388998 0.0149646 0.0174144 0.180374
0 0.475774 0.417701 0.013086 0.0171185 0.178552
0 0.24989 0.399822 0.0180209 0.0202926 0.178126
0 0.181457 0.399208 0.0185377 0.0216031 0.176424
0 0.273876 0.399688 0.0279656 0.0392626 0.175716
0 0.5625 0.441252 0 0.0286738 0.173344
0 0.5625 0.447536 0 0.0418903 0.17167
0 0.236718 0.396656 0.0154503 0.0202711 0.1705
0 0.48105 0.422665 0.0116289 0.0150111 0.169586
0 0.130219 0.3993 0.0386366 0.029792 0.168362
0 0.5625 0.45825 0 0.046777 0.167877
0 0.259567 0.386184 0.0520016 0.0488357 0.166332
0 0.5625 0.497854 0 0.0649278 0.165186
0 0.5625 0.459435 0 0.0257303 0.162977
0 0.0236862 0.424358 0.0473725 0.183291 0.161898
0 0.5625 0.424257 0 0.0324055 0.157585
0 0.16969 0.39659 0.0196665 0.0242016 0.156905
0 0.431523 0.427316 0.0119616 0.0185769 0.156223
0 0.0638522 0.407105 0.055878 0.0424004 0.154775
0 0.92836 0.457627 0.0712 0.0602803 0.154549
0 0.508926 0.422251 0.0239407 0.0238791 0.154091
0 0.764439 0.470612 0.0398603 0.050883 0.150541
0 0.0765998 0.406517 0.0354692 0.0267775 0.15015
0 0.432304 0.408455 0.0143086 0.0194173 0.149907
0 0.428925 0.430228 0.0116103 0.0202768 0.148444
0 0.0201828 0.371886 0.0404155 0.0450785 0.145806
0 0.0673221 0.393903 0.0264358 0.0187924 0.145558
0 0.904103 0.469443 0.0446108 0.0527881 0.144312
0 0.173751 0.399231 0.019424 0.0213305 0.142265
0 0.715518 0.439179 0.0436663 0.0353461 0.140853
0 0.268531 0.414055 0.0207047 0.0287906 0.139949
0 0.765709 0.446786 0.0215337 0.0250793 0.139817
0 0.022675 0.462222 0.0449833 0.112326 0.137784
0 0.727774 0.440869 0.0278152 0.0216596 0.136736
0 0.122329 0.40014 0.0226882 0.0194485 0.135932
0 0.120314 0.406272 0.0370175 0.0331509 0.135916
0 0.244572 0.395567 0.0166292 0.02197 0.134623
0 0.434728 0.416983 0.0114257 0.0188166 0.133336
0 0.757049 0.446219 0.0382187 0.03052 0.133186
0 0.442465 0.406582 0.0151839 0.0168411 0.133041
0 0.0270586 0.389171 0.0336901 0.0275747 0.132165
0 0.459855 0.419541 0.0126913 0.0176069 0.130606
0 0.471626 0.416207 0.0136228 0.0188217 0.13039
0 0.566043 0.423632 0.0375182 0.036446 0.130359
0 0.0984588 0.394635 0.0703649 0.0476279 0.129609
0 0.486231 0.421721 0.0128695 0.0171976 0.129506
0 0.408615 0.435274 0.0218662 0.032931 0.127162
0 0.294661 0.444102 0.0407784 0.0407161 0.125838
0 0.223596 0.39566 0.0153691 0.0199848 0.12468
0 0.50723 0.414378 0.0386439 0.0390822 0.124106
0 0.118446 0.40254 0.0229182 0.0183491 0.122908
0 0.795605 0.473052 0.0303046 0.0360984 0.122813
0 0.0618792 0.382228 0.0492568 0.0438992 0.121952
0 0.847937 0.469772 0.0695545 0.0564706 0.11964
0 0.110285 0.405558 0.0527699 0.0371415 0.119638
0 0.125507 0.402918 0.023265 0.0205961 0.118967
0 0.289616 0.421304 0.0324785 0.0315797 0.11852
0 0.886856 0.470601 0.0468079 0.0526408 0.117898
0 0.0418844 0.456357 0.0806604 0.12223 0.117717
0 0.108078 0.396566 0.0514198 0.0378501 0.117243
0 0.0394209 0.403478 0.0421428 0.0482068 0.117027
0 0.0671477 0.388695 0.0278382 0.0240208 0.115045
0 0.702995 0.441321 0.0197437 0.0246988 0.114212
0 0.821404 0.461767 0.0858721 0.0594012 0.113986
0 0.488432 0.419786 0.0215913 0.0207823 0.113573
0 0.414054 0.428826 0.0171815 0.0257601 0.113362
0 0.411442 0.439989 0.0211166 0.0332633 0.113003
0 0.988911 0.425672 0.0215832 0.0516135 0.112674
0 0.477506 0.408204 0.0135886 0.0165135 0.111834
0 0.233035 0.395558 0.0188693 0.024865 0.110638
0 0.586088 0.417601 0.0599616 0.0531565 0.108886
0 0.14342 0.384077 0.0379719 0.0446637 0.108707
0 0.364062 0.384242 0.0144027 0.0166701 0.107832
0 0.020291 0.370955 0.0407489 0.0780529 0.107601
0 0.296322 0.415834 0.0291569 0.0368149 0.10703
0 0.0764813 0.403887 0.0225742 0.018935 0.106492
0 0.893698 0.466747 0.0395018 0.0417276 0.105732
0 0.029479 0.410008 0.0521442 0.0687266 0.105231
0 0.492964 0.42217 0.0139466 0.0163692 0.105028
0 0.29784 0.401714 0.0514246 0.0501229 0.10495
0 0.123289 0.393565 0.0370427 0.0385663 0.103396
0 0.175288 0.404424 0.020462 0.0213295 0.103223
0 0.574424 0.427322 0.0537999 0.046336 0.102924
0 0.237299 0.389291 0.0158325 0.0211997 0.102894
0 0.0404909 0.379756 0.0274502 0.0313799 0.1027
0 0.525365 0.414703 0.0220228 0.0343068 0.102477
0 0.0691409 0.40188 0.0337539 0.0254892 0.101683
0 0.0571139 0.406462 0.0297877 0.0293727 0.101472
0 0.993949 0.410169 0.0116575 0.0296176 0.1008
0 0.338744 0.388656 0.0226127 0.0237688 0.0999836
0 0.940847 0.449317 0.0972591 0.0797535 0.099973
0 0.81779 0.471625 0.0268793 0.0286473 0.0993116
0 0.239311 0.401947 0.0158844 0.0208561 0.0992365
0 0.590371 0.429444 0.0446144 0.0442276 0.0992027
0 0.129846 0.408264 0.0390445 0.0350232 0.0988857
0 0.861765 0.465382 0.0571184 0.0492634 0.0988772
0 0.248602 0.401152 0.0133315 0.0156886 0.098353
0 0.0191022 0.388672 0.0366285 0.053963 0.0981866
0 0.851884 0.490673 0.113547 0.0923811 0.0974727
0 0.825085 0.521592 0.10269 0.116226 0.097077
0 0.294103 0.392549 0.0367845 0.0372183 0.0965406
0 0.245032 0.388585 0.0185681 0.0234573 0.0963101
0 0.084563 0.406833 0.0186255 0.0208749 0.0961831
0 0.0972235 0.385987 0.0879351 0.0818126 0.0960448
0 0.286913 0.454128 0.0613183 0.0577117 0.0952384
0 0.294914 0.432588 0.0420682 0.0527497 0.0931862
0 0.154776 0.400647 0.0225289 0.0202401 0.0926021
0 0.791828 0.467049 0.0283023 0.0264597 0.092443
0 0.172661 0.387352 0.0392343 0.0449639 0.0924121
0 0.508375 0.426768 0.0179602 0.0170125 0.0916709
0 0.165405 0.399525 0.0194453 0.0219521 0.0907221
0 0.361772 0.381056 0.0170331 0.0182273 0.0905646
0 0.412982 0.406987 0.0152369 0.0153159 0.0902845
0 0.367373 0.395619 0.013602 0.0183041 0.0896122
0 0.137012 0.399115 0.0250108 0.0220359 0.0893107
0 0.465343 0.428789 0.0147085 0.022457 0.0887219
0 0.54253 0.418254 0.0409178 0.0404637 0.0881311
0 0.131793 0.389691 0.0343086 0.0343649 0.0877583
0 0.273413 0.401464 0.0151456 0.0195092 0.0872228
0 0.144136 0.398456 0.0229518 0.0247381 0.0867583
0 0.277566 0.405115 0.0176765 0.019427 0.0859944
0 0.336704 0.399655 0.0225174 0.0261934 0.0858332
0 0.0589616 0.388286 0.0236249 0.0185125 0.0856098
0 0.931312 0.66761 0.138517 0.244817 0.0855431
0 0.337088 0.370662 0.0264975 0.0330823 0.0853357
0 0.598815 0.420361 0.040929 0.0452057 0.0852738
0 0.278148 0.440418 0.0513446 0.0755775 0.0852291
0 0.555373 0.415522 0.05247 0.0531851 0.0841126
0 0.765715 0.452221 0.0190574 0.0231628 0.0839069
0 0.427925 0.406243 0.0137145 0.016209 0.083872
0 0.0172498 0.420375 0.0330835 0.0687846 0.0838046
0 0.896099 0.46047 0.0540337 0.0509882 0.0836359
0 0.114619 0.406998 0.0364358 0.0257835 0.0830288
0 0.970821 0.444159 0.0604073 0.0680148 0.0828141
0 0.473365 0.406398 0.0139717 0.0166913 0.0823847
0 0.371821 0.38027 0.0302796 0.0211448 0.082308
0 0.544788 0.4115 0.0559608 0.053894 0.0817559
0 0.0625622 0.397518 0.0270953 0.0219621 0.0812743
0 0.717207 0.443073 0.0273444 0.0220764 0.0809655
0 0.480359 0.41313 0.0142957 0.0194478 0.0809609
0 0.196025 0.400553 0.0165823 0.0177472 0.080772
0 0.514849 0.426053 0.0195231 0.0205592 0.0806817
0 0.0523051 0.433781 0.105455 0.159368 0.0802023
0 0.297724 0.417645 0.0484838 0.0707703 0.080202
0 0.306947 0.380177 0.0468976 0.0471303 0.0796497
0 0.908672 0.453665 0.0206352 0.0192049 0.0794004
0 0.510569 0.421602 0.0160691 0.0188963 0.0788999
0 0.265331 0.423895 0.0317312 0.0464795 0.0788341
0 0.437554 0.381471 0.0318099 0.0429608 0.0783202
0 0.433073 0.414253 0.0122821 0.0182832 0.0776221
0 0.703323 0.44985 0.0150438 0.024015 0.076643
0 0.802092 0.48684 0.0430111 0.0637824 0.0762687
0 0.434946 0.427495 0.0125651 0.0187381 0.0754365
0 0.278015 0.389379 0.0187503 0.0221485 0.0751651
0 0.800038 0.478399 0.0344479 0.0448453 0.0751351
0 0.792076 0.472211 0.0196505 0.030323 0.0743767
0 0.368441 0.404901 0.0168272 0.0180018 0.0741083
0 0.907827 0.451769 0.0300081 0.0287048 0.0737062
0 0.933975 0.494198 0.0953022 0.104376 0.0737062
0 0.554199 0.428894 0.0159966 0.0192657 0.0732824
0 0.104095 0.40562 0.0226551 0.0207253 0.0728883
0 0.517136 0.422146 0.016085 0.0204444 0.0725069
0 0.659927 0.43181 0.0427776 0.0392704 0.0720724
0 0.408064 0.438283 0.034426 0.044731 0.0718375
0 0.943863 0.467021 0.0896805 0.0775019 0.0715649
0 0.357462 0.426793 0.0955153 0.0849305 0.0710277
0 0.676663 0.434435 0.0302965 0.0320839 0.0710179
0 0.338179 0.410479 0.0313139 0.0407026 0.0709478
0 0.549981 0.43223 0.0345043 0.0341834 0.0703793
0 0.301812 0.387088 0.0323123 0.0410122 0.0697702
0 0.749192 0.443214 0.0375445 0.0289738 0.0693642
0 0.36854 0.375607 0.0233219 0.0275206 0.0691038
0 0.64974 0.424808 0.024365 0.0328061 0.0681286
0 0.381799 0.40954 0.0259496 0.0346407 0.0679142
0 0.368124 0.386885 0.0264856 0.0209373 0.0676232
0 0.311512 0.369687 0.0355177 0.0398343 0.0673541
0 0.582162 0.426528 0.0198122 0.0205727 0.0660811
0 0.0283965 0.470877 0.0569847 0.30926 0.0660277
0 0.233116 0.437548 0.0900736 0.114663 0.0657118
0 0.212469 0.399568 0.0178473 0.0182011 0.0655038
0 0.992136 0.413478 0.0167482 0.0402351 0.064886
0 0.358417 0.391427 0.0305171 0.0259061 0.0644253
0 0.34453 0.413948 0.0446403 0.0496472 0.0641157
0 0.537042 0.429432 0.0335072 0.0418159 0.0637483
0 0.91709 0.465907 0.0319363 0.0427511 0.0636304
0 0.23201 0.38963 0.0152894 0.0183598 0.0633448
0 0.982957 0.433457 0.033313 0.0570101 0.0631813
0 0.977824 0.465933 0.0394995 0.104846 0.0631248
0 0.911591 0.473874 0.0212038 0.0265195 0.0625483
0 0.650239 0.436227 0.0324214 0.0442462 0.0624749
0 0.469177 0.424918 0.0124614 0.0192137 0.0624396
0 0.966247 0.460428 0.0684109 0.0775716 0.06196
0 0.27378 0.417787 0.0405759 0.0457179 0.061908
0 0.365945 0.391404 0.0152349 0.0200266 0.0612865
0 0.585875 0.423055 0.0328543 0.0315921 0.0609646
0 0.0546167 0.429918 0.078642 0.0826731 0.0609584
0 0.951413 0.434129 0.0971981 0.109501 0.0606896
0 0.596849 0.425267 0.0204941 0.0225182 0.0598558
0 0.699852 0.444655 0.0135678 0.0213824 0.0597375
0 0.900301 0.464387 0.0189482 0.0240667 0.0597077
0 0.0914524 0.364302 0.105507 0.103627 0.0596763
0 0.353456 0.420254 0.063924 0.0735803 0.0596522
0 0.507008 0.411329 0.0164145 0.0199468 0.0596473
0 0.0176631 0.386307 0.018744 0.0301879 0.059355
0 0.587494 0.429602 0.0288771 0.0290698 0.059035
0 0.700009 0.434895 0.0200209 0.0264861 0.0587284
0 0.550939 0.441739 0.0270545 0.0366386 0.0585958
0 0.582686 0.430946 0.070293 0.0722139 0.0585053
0 0.62722 0.435012 0.0435962 0.0483938 0.0582797
0 0.805427 0.488043 0.033112 0.0424295 0.0581258
0 0.555646 0.435604 0.0216455 0.0277223 0.0577128
0 0.901349 0.456601 0.0359352 0.0385286 0.0575732
0 0.0929212 0.438549 0.136399 0.132074 0.0575647
0 0.610978 0.427976 0.0628671 0.0605096 0.0574139
0 0.371676 0.388404 0.0400413 0.0285622 0.0573881
0 0.719327 0.202079 0.116316 0.167293 0.0573219
0 0.559614 0.426156 0.0201142 0.022821 0.0572417
0 0.576983 0.432005 0.0292618 0.0350318 0.0565294
0 0.265455 0.407598 0.0145903 0.0162561 0.0560993
0 0.511457 0.424153 0.025813 0.0329769 0.0553582
0 0.0509022 0.479329 0.0944047 0.233759 0.0552765
0 0.860908 0.511304 0.0514824 0.0505998 0.0548649
0 0.640385 0.432881 0.0337179 0.0410727 0.0548364
0 0.448445 0.347828 0.052734 0.0665686 0.0540334
0 0.912728 0.532701 0.124804 0.18991 0.0538094
0 0.553971 0.440981 0.0159537 0.0196864 0.053572
0 0.373647 0.436167 0.0760773 0.0868567 0.0529556
0 0.294175 0.429752 0.0289843 0.0367624 0.0526831
0 0.511151 0.40867 0.017487 0.0217819 0.0525263
0 0.79282 0.46512 0.0341396 0.0382707 0.052351
0 0.551923 0.437441 0.0157041 0.0185209 0.0519534
0 0.577309 0.427554 0.0185883 0.0213537 0.0519061
0 0.576833 0.423635 0.0339126 0.0306316 0.0517327
0 0.986849 0.451096 0.0270844 0.0885214 0.0515852
0 0.805495 0.457863 0.0602011 0.0594299 0.0513714
0 0.863739 0.456977 0.0747242 0.0696274 0.0504852
0 0.181881 0.364076 0.053729 0.0769814 0.0493222
0 0.756911 0.445065 0.0212048 0.021778 0.0487499
0 0.0715011 0.421165 0.0551674 0.0616432 0.0479681
0 0.101 0.430641 0.0938583 0.0889183 0.0473861
0 0.963131 0.413786 0.0677551 0.147097 0.0472191
0 0.0536624 0.381965 0.0448941 0.112331 0.0470746
0 0.797273 0.512342 0.101099 0.147413 0.0468968
0 0.373693 0.4175 0.0578196 0.0650069 0.0468218
0 0.342107 0.377128 0.0192348 0.0237314 0.0467009
0 0.620431 0.4197 0.0694977 0.0714271 0.0466428
0 0.497266 0.407221 0.0149988 0.0201202 0.0463275
0 0.706704 0.454006 0.0158155 0.0267028 0.0459955
0 0.977022 0.66816 0.0441519 0.237353 0.0458465
0 0.228948 0.453375 0.0743915 0.0798066 0.0457389
0 0.0724975 0.378832 0.0330003 0.038588 0.0453465
0 0.749778 0.203946 0.181683 0.189466 0.0450796
0 0.67321 0.440722 0.039144 0.0429043 0.044827
0 0.0853199 0.426612 0.0647408 0.0717316 0.0447539
0 0.46712 0.449687 0.0159713 0.0319739 0.0446416
0 0.944679 0.67735 0.109458 0.364371 0.0445892
0 0.384721 0.380422 0.0220376 0.0242888 0.0444781
0 0.83011 0.512135 0.0637096 0.0905739 0.0444277
0 0.889141 0.463948 0.0184242 0.0239464 0.044373
0 0.0405707 0.284352 0.0827751 0.530288 0.0443351
0 0.297321 0.453112 0.0418252 0.0459048 0.0440652
0 0.651612 0.446836 0.0313185 0.0486988 0.0440301
0 0.033502 0.365419 0.0572548 0.30244 0.0439786
0 0.871444 0.361108 0.0393427 0.0591206 0.0439393
0 0.992444 0.400703 0.0144344 0.0458131 0.0436968
0 0.122622 0.36566 0.0868205 0.0982695 0.0435008
0 0.190506 0.443992 0.102805 0.107245 0.0431224
0 0.183852 0.470505 0.0850307 0.0691528 0.0430701
