0 0.440723 0.58428 0.0204557 0.0265869 0.737185
0 0.605112 0.59404 0.0590683 0.0467117 0.6316
0 0.499894 0.58735 0.0667223 0.0434052 0.549685
0 0.563427 0.58353 0.0336553 0.0396973 0.49707
0 0.675503 0.591459 0.0773994 0.0550037 0.450745
0 0.521756 0.587788 0.0284006 0.0368364 0.399964
0 0.590929 0.589588 0.0330085 0.0367888 0.312262
0 0.747018 0.593968 0.0799641 0.0546315 0.309117
0 0.652729 0.589784 0.0312393 0.0366124 0.307709
0 0.475281 0.584694 0.0218997 0.0275406 0.293863
0 0.485456 0.58679 0.0401608 0.0350055 0.276839
0 0.757702 0.589938 0.0551718 0.0438865 0.252136
