0 0.435136 0.757708 0.254728 0.484585 0.892058
0 0.5625 0.685595 0 0.291554 0.86973
0 0.206581 0.595139 0.255232 0.380127 0.771906
0 0.526101 0.613131 0.0590056 0.0522574 0.352986
0 0.354554 0.672037 0.065299 0.121308 0.287083
0 0.443112 0.618176 0.0224123 0.0365594 0.224065
0 0.514874 0.580232 0.0351797 0.0309218 0.207124
0 0.444561 0.612008 0.0197887 0.027656 0.200051
0 0.05909 0.665356 0.0566513 0.0408081 0.188428
0 0.506173 0.60786 0.106849 0.0669239 0.186623
0 0.36767 0.651571 0.0946681 0.162008 0.173385
0 0.00535424 0.675784 0.0106174 0.0566312 0.172147
0 0.529497 0.645876 0.0660068 0.155558 0.165521
0 0.432563 0.623471 0.0438915 0.0400773 0.161492
0 0.5625 0.677284 0 0.0737057 0.160118
0 0.371509 0.628194 0.0965443 0.103033 0.157336
0 0.375175 0.664973 0.0316703 0.0750932 0.14798
0 0.529747 0.629036 0.0655068 0.0783227 0.143976
0 0.378659 0.659103 0.0214319 0.0570228 0.14339
0 0.436812 0.628383 0.0327366 0.0333665 0.143039
0 0.067839 0.604894 0.13512 0.183999 0.141837
0 0.44067 0.626756 0.0243659 0.0250968 0.140554
0 0.353157 0.649004 0.0579887 0.0781046 0.132421
0 0.0109013 0.675036 0.0207023 0.0541176 0.130983
0 0.0911694 0.662182 0.182339 0.316024 0.125619
0 0.364971 0.591561 0.112429 0.273546 0.120659
0 0.52042 0.591376 0.052017 0.0661907 0.120163
0 0.116276 0.672958 0.0607497 0.0491514 0.119276
0 0.392595 0.628682 0.0531387 0.0690209 0.115568
0 0.0669578 0.658197 0.0813287 0.0561582 0.114486
0 0.479969 0.581959 0.0946904 0.11448 0.112338
0 0.561995 0.685375 0.00101061 0.100335 0.111395
0 0.516383 0.586667 0.0303325 0.0255772 0.108484
0 0.422683 0.619826 0.0308196 0.0429611 0.107859
0 0.425384 0.626921 0.0499788 0.0591647 0.1046
0 0.429173 0.637393 0.0484128 0.0518957 0.104396
0 0.515212 0.602752 0.0689115 0.0677842 0.103074
0 0.515585 0.577907 0.028873 0.0218814 0.102372
0 0.0284459 0.673429 0.0520799 0.0591751 0.100752
0 0.0143616 0.665916 0.0279268 0.0710264 0.100365
0 0.476973 0.565991 0.0507679 0.0986859 0.100104
0 0.00841806 0.626574 0.0160038 0.142961 0.0993196
0 0.00565814 0.655372 0.0113163 0.0921822 0.097446
0 0.344513 0.590739 0.0448353 0.0446466 0.096926
0 0.5625 0.684001 0 0.0904961 0.095412
0 0.381751 0.651893 0.0318394 0.0652882 0.0939341
0 0.0382481 0.633205 0.0764962 0.190233 0.0935426
0 0.098924 0.664239 0.112159 0.0762817 0.0906049
0 0.433237 0.637784 0.0248412 0.0178084 0.0900126
0 0.477725 0.588817 0.0507296 0.0924048 0.0896117
0 0.487599 0.567168 0.0535179 0.0657661 0.0884351
0 0.0939155 0.743169 0.187666 0.175517 0.0881401
0 0.528663 0.630963 0.0636462 0.0304631 0.0858295
0 0.477648 0.606587 0.0568721 0.0634872 0.0851208
0 0.120083 0.663667 0.0652926 0.0773989 0.0840665
0 0.333911 0.678663 0.0464746 0.115601 0.0831605
0 0.439586 0.636419 0.0216829 0.0178098 0.0829683
0 0.444406 0.619916 0.0178452 0.0229827 0.0817239
0 0.139323 0.6671 0.0433297 0.0656291 0.0813357
0 0.53529 0.602938 0.075187 0.121402 0.0790895
0 0.345756 0.556813 0.0619272 0.114127 0.0788413
0 0.342797 0.5694 0.0796676 0.232837 0.0783186
0 0.434844 0.594129 0.0395599 0.0490626 0.0778642
0 0.543872 0.623691 0.0320562 0.0330719 0.0766532
0 0.297264 0.987695 0.024723 0.0193273 0.0764591
0 0.279079 0.986794 0.0264765 0.022531 0.0763938
0 0.302733 0.985435 0.0142103 0.0202191 0.0750498
0 0.314146 0.690736 0.0430133 0.104534 0.0742857
0 0.427502 0.627437 0.0253309 0.026393 0.0733545
0 0.410839 0.572597 0.057319 0.111871 0.0712705
0 0.049044 0.667847 0.0360088 0.0383778 0.0711978
0 0.00708602 0.5952 0.0146054 0.0874215 0.0707897
0 0.380632 0.590135 0.0950696 0.136401 0.0703705
0 0.363364 0.68027 0.0497966 0.0912503 0.0702409
0 0.00674442 0.570372 0.0138109 0.046485 0.0701455
0 0.475266 0.549534 0.0396677 0.0675093 0.0697786
0 0.611431 0.6821 0.0537972 0.0728088 0.069068
0 0.538393 0.614751 0.0428957 0.0474419 0.0688818
0 0.24689 0.652063 0.174065 0.249524 0.06636
0 0.0780872 0.564313 0.149828 0.316795 0.0654793
0 0.511461 0.591477 0.142519 0.130922 0.0653083
0 0.341149 0.520511 0.0737088 0.129633 0.0644513
0 0.642986 0.695854 0.0254797 0.0768665 0.0641507
0 0.572169 0.683614 0.0779431 0.115005 0.0636024
0 0.537533 0.63344 0.0447868 0.0231719 0.0634989
0 0.126864 0.681817 0.0859801 0.111792 0.0621064
0 0.397609 0.568151 0.0984161 0.127508 0.0619907
0 0.392972 0.59126 0.0772 0.0983663 0.0618907
0 0.564393 0.676774 0.108088 0.142434 0.0614382
0 0.519006 0.598385 0.0191617 0.0199719 0.0602357
0 0.362719 0.936695 0.105361 0.124038 0.059688
0 0.635557 0.682729 0.0294671 0.0738259 0.0590419
0 0.400974 0.60393 0.103636 0.160781 0.0579128
0 0.0213496 0.648526 0.0391266 0.0988482 0.0577164
0 0.442441 0.597357 0.0463386 0.0598961 0.0568862
0 0.311112 0.666753 0.0501653 0.152718 0.0568496
0 0.333796 0.588183 0.0272876 0.0423851 0.0566741
0 0.531003 0.609581 0.016147 0.0287639 0.0555168
0 0.0131181 0.625359 0.0266192 0.153922 0.0555094
0 0.631272 0.696545 0.0575096 0.105296 0.0555094
0 0.298225 0.675921 0.0744831 0.15078 0.0546906
0 0.321773 0.700275 0.0282175 0.0742864 0.0546674
0 0.356686 0.570185 0.064636 0.136153 0.0529471
0 0.627079 0.683582 0.0355204 0.0719671 0.0528473
0 0.00651892 0.922868 0.0127419 0.1231 0.0519913
0 0.338179 0.666356 0.0793449 0.157848 0.0518366
0 0.0546568 0.574706 0.0974244 0.108837 0.0516428
0 0.42255 0.594232 0.0380757 0.0702747 0.0514791
0 0.524679 0.63078 0.170012 0.211272 0.0511879
0 0.410092 0.637944 0.0187214 0.0210977 0.0508422
0 0.0108979 0.696512 0.0222037 0.0721119 0.050813
0 0.59251 0.697357 0.0362775 0.0804031 0.0507243
0 0.0942665 0.672047 0.0194388 0.0298965 0.0505581
0 0.385455 0.657838 0.0191402 0.028554 0.0496825
0 0.550036 0.666403 0.100025 0.0941377 0.0494552
0 0.444827 0.568277 0.0656313 0.12162 0.0490219
0 0.375518 0.674637 0.0181866 0.0352083 0.0489528
0 0.100792 0.610279 0.125508 0.178201 0.048685
0 0.0808715 0.651765 0.0584805 0.0677131 0.0486134
0 0.417096 0.621739 0.143854 0.201305 0.0481687
0 0.460835 0.620002 0.0226818 0.0284055 0.0457575
0 0.409979 0.632007 0.0326805 0.037699 0.0455379
0 0.303538 0.975079 0.0129028 0.0337753 0.0450516
0 0.565489 0.638696 0.0256616 0.0433527 0.0447633
0 0.261584 0.693526 0.141855 0.180696 0.0447517
0 0.472942 0.614578 0.0900873 0.0666719 0.044337
0 0.0057376 0.557275 0.0113381 0.0353229 0.0442337
0 0.150049 0.756968 0.0812335 0.114513 0.0442281
0 0.387996 0.654846 0.0278725 0.0392472 0.0435297
0 0.0764879 0.878009 0.151051 0.246997 0.0431586
0 0.114721 0.687247 0.0926118 0.0798968 0.0423743
0 0.0265743 0.727572 0.0513865 0.122215 0.0422286
0 0.133106 0.653602 0.0660307 0.0891998 0.0420188
0 0.559471 0.635207 0.0651872 0.120734 0.0417773
0 0.0426308 0.647826 0.0540963 0.0705891 0.0416894
0 0.65177 0.680366 0.0265684 0.0803641 0.0416577
0 0.300636 0.989392 0.0162217 0.0190455 0.041284
0 0.996369 0.630256 0.00738449 0.0561482 0.0410875
0 0.890161 0.659597 0.0820511 0.138326 0.0403983
0 0.231265 0.703421 0.125614 0.151675 0.0400038
0 0.582218 0.658235 0.0229958 0.0460147 0.0393824
0 0.0565944 0.543939 0.0936563 0.0594745 0.039371
0 0.574989 0.661826 0.0353408 0.0501197 0.0388477
0 0.0604034 0.799574 0.121447 0.197707 0.0385197
0 0.0447886 0.71265 0.0927078 0.151254 0.0382958
0 0.545757 0.620616 0.028816 0.0533495 0.0382101
0 0.5561 0.627267 0.0207973 0.0349918 0.0381167
0 0.380926 0.54717 0.120877 0.205036 0.0380427
0 0.372528 0.683007 0.0234797 0.0469728 0.0379384
0 0.132594 0.621847 0.105293 0.22068 0.0379366
0 0.139432 0.573577 0.137137 0.291273 0.0378263
0 0.923325 0.64923 0.14969 0.16898 0.0371118
0 0.0431242 0.860456 0.0860077 0.243493 0.0371102
0 0.552504 0.622029 0.0173481 0.0312331 0.0368015
0 0.457058 0.488475 0.0215975 0.0326377 0.0364971
0 0.00800285 0.593183 0.0171441 0.144892 0.0362222
0 0.993654 0.674482 0.0119268 0.136619 0.036204
0 0.448072 0.635769 0.0180098 0.0195361 0.0359661
0 0.535025 0.655959 0.0867048 0.0927561 0.0353215
0 0.334168 0.569777 0.0419172 0.127551 0.0350979
0 0.0826998 0.687882 0.109841 0.0778068 0.0349756
0 0.378473 0.682734 0.109464 0.171311 0.0347763
0 0.400148 0.657785 0.0295071 0.036724 0.0347356
0 0.534572 0.638391 0.0628995 0.0438655 0.0345986
0 0.460089 0.88001 0.296417 0.22801 0.0345496
0 0.548186 0.687936 0.0925574 0.0979794 0.0345338
0 0.0717179 0.617299 0.0931913 0.145265 0.0344042
0 0.645729 0.688758 0.0301945 0.112459 0.0338441
0 0.0400216 0.595683 0.0827852 0.136675 0.0336978
0 0.995023 0.6584 0.00944824 0.101688 0.0335309
0 0.528536 0.556493 0.0212417 0.0273499 0.0334491
0 0.990615 0.6583 0.0193459 0.145977 0.0334336
0 0.157331 0.667795 0.0428007 0.0778391 0.0333328
0 0.339792 0.568289 0.125802 0.294127 0.032868
0 0.134713 0.709497 0.0855314 0.147466 0.0325332
0 0.124226 0.737238 0.12797 0.153158 0.0324683
0 0.384115 0.67505 0.023882 0.0369299 0.0322638
0 0.0340193 0.749677 0.0647042 0.123618 0.0322355
0 0.148908 0.646264 0.0401508 0.0889823 0.0322299
0 0.656413 0.652109 0.0280472 0.109516 0.0321346
0 0.453336 0.673787 0.174019 0.335858 0.032084
0 0.389838 0.675839 0.133609 0.237941 0.0318323
0 0.401139 0.66354 0.115779 0.16181 0.0317717
0 0.41313 0.678589 0.0730422 0.0868971 0.0317346
0 0.448449 0.524411 0.106021 0.152317 0.0311071
0 0.995788 0.617161 0.00828896 0.0644041 0.0308657
0 0.969261 0.800455 0.060635 0.239561 0.0304442
0 0.189551 0.376041 0.19199 0.137008 0.0303514
0 0.607042 0.638037 0.0798064 0.147629 0.0303507
0 0.164493 0.522059 0.183598 0.224335 0.0302196
0 0.477046 0.615946 0.0391243 0.0308129 0.0301782
0 0.0774032 0.676491 0.0580815 0.0535876 0.0301146
0 0.993787 0.877631 0.0127577 0.150405 0.030019
0 0.338937 0.61147 0.0401666 0.0673661 0.0299519
0 0.375941 0.84428 0.123776 0.295418 0.0298105
0 0.456898 0.512695 0.0967321 0.104171 0.0289171
0 0.325975 0.531921 0.0559943 0.168513 0.0286514
0 0.17566 0.777751 0.0231504 0.0635011 0.0285684
0 0.343702 0.691072 0.049183 0.09421 0.0285576
0 0.752253 0.597362 0.126978 0.106654 0.0284976
0 0.00907557 0.747863 0.0182213 0.101286 0.0283609
0 0.213017 0.767489 0.0735006 0.0699181 0.027951
0 0.606463 0.627284 0.0494324 0.0678152 0.0279189
0 0.10406 0.608837 0.0702616 0.143815 0.0276403
0 0.0157781 0.881992 0.0309046 0.222717 0.027613
0 0.15979 0.775235 0.0564497 0.0732544 0.0275728
0 0.9923 0.631726 0.0167732 0.12103 0.0274041
0 0.177443 0.48141 0.194948 0.150754 0.0272419
0 0.785003 0.622002 0.0792428 0.14563 0.0270112
0 0.8345 0.399097 0.0154131 0.0265053 0.0269993
0 0.0951195 0.587141 0.102358 0.11652 0.0269054
0 0.537723 0.707755 0.162366 0.305174 0.0268874
0 0.0262113 0.713802 0.0336536 0.0979028 0.0268814
0 0.233959 0.991081 0.0182672 0.0188327 0.0268577
0 0.704708 0.589673 0.0866833 0.0912049 0.0268446
0 0.204987 0.693264 0.0993232 0.13537 0.0268094
0 0.413007 0.709278 0.0697539 0.0933345 0.0267759
0 0.462475 0.519868 0.0371097 0.0589985 0.0266285
0 0.676636 0.625223 0.0471725 0.13305 0.0265389
0 0.317362 0.57231 0.0411853 0.182173 0.0264741
0 0.195566 0.78059 0.0526497 0.063562 0.0263685
0 0.878612 0.643668 0.0541573 0.081617 0.0263264
0 0.538561 0.642688 0.0437289 0.0326147 0.0260665
0 0.987079 0.83318 0.0257992 0.21371 0.0260416
0 0.28698 0.700575 0.0409589 0.0966668 0.0259498
0 0.970064 0.875813 0.0604128 0.220662 0.0257295
0 0.23584 0.973597 0.0645457 0.061485 0.0257052
0 0.991603 0.826419 0.017074 0.177965 0.0256942
0 0.36707 0.54976 0.0756773 0.1287 0.0256678
0 0.756658 0.488716 0.0243508 0.0344053 0.0256086
0 0.304578 0.992377 0.0155496 0.0192195 0.0256004
0 0.545014 0.598798 0.0166422 0.0324721 0.0255017
0 0.679111 0.59689 0.0397114 0.0852664 0.0254353
0 0.625742 0.648216 0.0835355 0.136136 0.0253998
0 0.429953 0.711354 0.061454 0.0795768 0.0251908
0 0.518516 0.545645 0.0320409 0.0409207 0.0250428
0 0.9938 0.710803 0.0120136 0.117086 0.0249186
0 0.241316 0.444975 0.164688 0.0943371 0.0249129
0 0.506847 0.618974 0.0602105 0.0528907 0.0248021
0 0.499163 0.669732 0.201809 0.330439 0.0247676
0 0.989326 0.876718 0.0223293 0.200707 0.0247139
0 0.950698 0.786308 0.0807623 0.140342 0.0247107
0 0.458425 0.697114 0.0518435 0.0713009 0.02457
0 0.278867 0.707513 0.0546289 0.128938 0.0245028
0 0.99523 0.600951 0.00933113 0.0772469 0.0244654
0 0.0605088 0.731532 0.107208 0.101006 0.024452
0 0.609365 0.711143 0.0470897 0.108845 0.0243584
0 0.206586 0.396785 0.0826489 0.0515731 0.0242601
0 0.963367 0.16374 0.0688553 0.297226 0.0242404
0 0.643733 0.713923 0.0210144 0.0679208 0.0242382
0 0.632226 0.636669 0.027018 0.0648908 0.0241131
0 0.908489 0.125213 0.163228 0.290837 0.0240879
0 0.601039 0.615069 0.0595982 0.0983403 0.0240322
0 0.281531 0.988831 0.0171439 0.0161031 0.0239097
0 0.64737 0.643752 0.037839 0.1151 0.0238896
0 0.193509 0.797591 0.0366936 0.0394051 0.0238499
0 0.54732 0.606522 0.112227 0.15361 0.0237907
0 0.293938 0.666378 0.0494448 0.134191 0.0236359
0 0.394502 0.550126 0.0776694 0.118663 0.0236324
0 0.0639002 0.701728 0.107716 0.116177 0.0234484
0 0.465614 0.494814 0.0296665 0.0332045 0.0234434
0 0.0905366 0.552725 0.102627 0.0788203 0.0234217
0 0.558266 0.587084 0.0213369 0.0387449 0.0233157
0 0.7407 0.730003 0.174219 0.189894 0.0233143
0 0.95727 0.666379 0.0829905 0.147444 0.0232162
0 0.654583 0.701202 0.0285628 0.092957 0.0231725
0 0.59002 0.923001 0.109276 0.13806 0.023151
0 0.0983208 0.769613 0.0822243 0.104578 0.0231451
0 0.932874 0.333857 0.0217194 0.0341483 0.0230087
0 0.314387 0.611789 0.0375101 0.155844 0.0229343
0 0.849406 0.683278 0.0493395 0.0936409 0.0228887
0 0.688102 0.58886 0.0483348 0.0806132 0.0228748
0 0.42811 0.6714 0.165979 0.254575 0.0228266
0 0.863203 0.688218 0.0389606 0.0767046 0.0228178
0 0.810991 0.705413 0.0407385 0.163674 0.0227996
0 0.205929 0.382835 0.103103 0.083267 0.0227417
0 0.308557 0.572068 0.0513859 0.21018 0.022737
0 0.64587 0.648692 0.0298005 0.0870944 0.0226728
0 0.443518 0.686408 0.0646399 0.0835215 0.0224269
0 0.988414 0.68221 0.0230003 0.14015 0.0223566
0 0.298227 0.966349 0.0206513 0.0490421 0.0223388
0 0.0835636 0.751482 0.100372 0.10471 0.0222544
0 0.401397 0.698847 0.0629147 0.0903129 0.0221259
0 0.971129 0.682306 0.0566214 0.126157 0.0220458
0 0.601953 0.741639 0.0702452 0.164669 0.0220326
0 0.138458 0.615215 0.0675819 0.152429 0.0219266
0 0.271569 0.708525 0.0923103 0.143784 0.0217682
0 0.0870791 0.412679 0.17083 0.416234 0.0217668
0 0.555707 0.520295 0.0216323 0.0307467 0.0217337
0 0.714915 0.492499 0.0307227 0.0650052 0.0216665
0 0.873953 0.668611 0.0798113 0.124527 0.0215868
0 0.927218 0.786842 0.132318 0.157384 0.0215776
0 0.36841 0.735994 0.0885798 0.203655 0.0215602
0 0.988489 0.747139 0.0246662 0.236817 0.0215321
0 0.973605 0.819983 0.0509935 0.148851 0.0215112
0 0.463715 0.639407 0.0278629 0.0264043 0.0214327
0 0.881995 0.693168 0.0642996 0.0765957 0.0212815
0 0.0786102 0.70153 0.0708102 0.0821333 0.0212688
0 0.272327 0.989704 0.0159846 0.0172799 0.0211502
0 0.298655 0.632846 0.0661888 0.22889 0.0211277
