0 0.0947899 0.464556 0.189428 0.573318 0.832498
0 0.45803 0.482484 0.0171872 0.0254819 0.803254
0 0.478215 0.477851 0.0199892 0.0308444 0.788163
0 0.430902 0.482366 0.0191396 0.0315154 0.415385
0 0.496169 0.474913 0.0163243 0.0275693 0.288336
0 0.499877 0.475916 0.0145105 0.0276051 0.257399
0 0.516409 0.469173 0.0298939 0.0356235 0.19097
0 0.494851 0.474997 0.0113475 0.0217167 0.176478
0 0.526251 0.466161 0.0155916 0.0265793 0.167983
0 0.491052 0.478757 0.0122375 0.0212933 0.161304
0 0.524262 0.468287 0.0206916 0.033901 0.156465
0 0.491259 0.471154 0.0127435 0.0230909 0.155912
0 0.430033 0.485049 0.0150094 0.0228462 0.148569
0 0.483981 0.47634 0.0115167 0.0180601 0.136287
0 0.49789 0.475449 0.0110702 0.0220461 0.130207
0 0.469714 0.481887 0.0131928 0.019865 0.129011
0 0.525304 0.470769 0.013065 0.0232949 0.128321
0 0.477084 0.478813 0.015617 0.023224 0.120943
0 0.499395 0.483475 0.0143695 0.02219 0.119849
0 0.459536 0.479085 0.0136423 0.0211052 0.116083
0 0.514416 0.47181 0.0130473 0.0240428 0.111543
0 0.509894 0.471202 0.0151992 0.0269973 0.105405
0 0.497428 0.457985 0.0157998 0.0260332 0.105044
0 0.428142 0.481892 0.0276603 0.037591 0.104283
0 0.509572 0.478104 0.0145129 0.0240139 0.100338
0 0.446516 0.482708 0.0138083 0.022728 0.0935561
0 0.529577 0.464647 0.0195272 0.0335618 0.0897502
0 0.434237 0.482494 0.0149456 0.0246355 0.0818626
0 0.365069 0.477358 0.0797919 0.0886312 0.0804458
0 0.522295 0.479501 0.0134418 0.0190523 0.0679456
0 0.422701 0.493598 0.0242822 0.032963 0.0641811
0 0.463421 0.477379 0.0132106 0.0203215 0.0599861
0 0.338707 0.475839 0.0725805 0.0910294 0.0579731
0 0.0955522 0.575836 0.190462 0.343105 0.0548925
0 0.5625 0.443054 0 0.11853 0.0531475
0 0.353573 0.48617 0.0559755 0.0694524 0.0518514
0 0.43224 0.475102 0.0183576 0.0322607 0.0513067
0 0.393999 0.4946 0.0298692 0.0362717 0.0498675
0 0.390016 0.50143 0.0303959 0.0350358 0.0493077
0 0.5625 0.445468 0 0.0891597 0.0487375
0 0.425463 0.490222 0.0151233 0.0213329 0.0462996
0 0.37708 0.49069 0.0529319 0.05264 0.0452816
0 0.544306 0.443096 0.0363874 0.0856563 0.04407
0 0.381537 0.498841 0.0451496 0.0432961 0.0437567
0 0.546635 0.464141 0.0317297 0.0454417 0.0430497
0 0.349943 0.463253 0.100002 0.118518 0.0414998
0 0.318205 0.476422 0.0717749 0.0847173 0.0403107
0 0.266784 0.341664 0.0171278 0.0462997 0.0384425
0 0.42192 0.474873 0.0335382 0.0495508 0.0378487
0 0.480948 0.455862 0.0123397 0.0159166 0.0369409
0 0.534042 0.470728 0.0179382 0.026667 0.0367428
0 0.782667 0.170177 0.130907 0.224457 0.0358991
0 0.66353 0.419607 0.163864 0.24862 0.0356496
0 0.567631 0.457363 0.0604744 0.0816615 0.0349944
0 0.378501 0.465475 0.0974429 0.0989443 0.0349126
0 0.563442 0.437897 0.0711049 0.113129 0.0347606
0 0.413706 0.491554 0.0303164 0.0321875 0.0346034
0 0.474701 0.45576 0.0111661 0.0170921 0.0343319
0 0.0274382 0.196836 0.0410022 0.0553367 0.033556
0 0.383616 0.478961 0.0587927 0.0704218 0.0335341
0 0.622724 0.424532 0.0532221 0.138905 0.0334836
0 0.0543011 0.315957 0.103209 0.256107 0.0334243
0 0.647153 0.439005 0.072231 0.1105 0.0332316
0 0.395253 0.499531 0.0190275 0.0242132 0.031412
0 0.497367 0.223884 0.0189145 0.0315289 0.0307682
0 0.0927182 0.647904 0.184653 0.200013 0.0302149
0 0.493707 0.456178 0.0137393 0.0187707 0.0298818
0 0.484326 0.456458 0.0122949 0.0157544 0.0294852
0 0.582235 0.425859 0.0701031 0.130383 0.029363
0 0.921633 0.475051 0.152183 0.174491 0.0288227
0 0.632293 0.537229 0.109493 0.181849 0.0281311
0 0.417115 0.503599 0.0232811 0.0301395 0.0281254
0 0.503825 0.457651 0.0132827 0.0218545 0.0275577
0 0.06492 0.409543 0.125135 0.445656 0.0273055
0 0.612575 0.459998 0.0547219 0.0678508 0.0272322
0 0.656052 0.53133 0.0985646 0.182949 0.0272314
0 0.522583 0.44966 0.0187143 0.0366309 0.0269785
0 0.405241 0.459976 0.0734927 0.106311 0.0268034
0 0.302177 0.474209 0.0701628 0.0789201 0.0264731
0 0.47241 0.170007 0.0236749 0.042475 0.0264035
0 0.644041 0.405539 0.0794919 0.180353 0.0260411
0 0.705337 0.284756 0.270294 0.393181 0.0254271
0 0.519424 0.453444 0.0130615 0.0241487 0.0254148
0 0.0873399 0.321589 0.151813 0.236928 0.0254017
0 0.03123 0.198731 0.0514891 0.0746693 0.025182
0 0.630072 0.502395 0.0471225 0.0423238 0.0250314
0 0.37104 0.445874 0.104003 0.155803 0.0249587
0 0.457773 0.447976 0.0153375 0.0235309 0.024555
0 0.503931 0.0686495 0.0266307 0.041334 0.0244299
0 0.599476 0.419426 0.064189 0.151815 0.0241704
0 0.42156 0.299389 0.0172383 0.0305307 0.0236044
0 0.298874 0.478982 0.045767 0.0731839 0.0235623
0 0.670022 0.395242 0.0253017 0.0593665 0.0234327
0 0.745192 0.178907 0.147602 0.251647 0.0229674
0 0.414081 0.207664 0.0226309 0.0409589 0.0221733
0 0.0551579 0.800098 0.0844439 0.146117 0.0218373
0 0.441241 0.428437 0.0269501 0.0551292 0.0216412
0 0.0968748 0.689284 0.143724 0.115495 0.0213828
0 0.573289 0.429721 0.0465776 0.104834 0.0210438
0 0.341771 0.307427 0.0205694 0.0341955 0.0210041
0 0.676058 0.392861 0.0271617 0.0461437 0.0209668
0 0.219147 0.157477 0.0239844 0.0391406 0.0209501
0 0.985127 0.502983 0.0314327 0.12437 0.0209185
0 0.970304 0.476931 0.0560671 0.157838 0.0208926
0 0.462952 0.385612 0.0208757 0.0263867 0.0208622
0 0.488824 0.456543 0.0129136 0.0183406 0.0207374
0 0.622314 0.394886 0.079838 0.182941 0.0205806
0 0.810676 0.321109 0.372982 0.479624 0.0205363
0 0.63343 0.522194 0.0518704 0.0673396 0.0205313
0 0.673762 0.364026 0.139782 0.24441 0.0205203
0 0.422528 0.300122 0.0244867 0.0369759 0.0204212
0 0.462451 0.368677 0.0280035 0.0431842 0.0203382
0 0.459182 0.37743 0.029343 0.0387532 0.0202909
0 0.0388018 0.27674 0.0689371 0.264207 0.0195172
0 0.576157 0.49602 0.0270299 0.0298481 0.0193586
0 0.0415519 0.257214 0.081396 0.152133 0.0193489
0 0.615683 0.510349 0.0592158 0.0747643 0.0193329
0 0.968088 0.509127 0.0621704 0.128349 0.0191861
0 0.762836 0.110577 0.0695612 0.0927013 0.0191524
0 0.659684 0.378762 0.0410244 0.0866024 0.0189746
0 0.576008 0.498983 0.0445554 0.0630527 0.0189665
0 0.160539 0.631876 0.0588678 0.169527 0.0189304
0 0.504971 0.0616848 0.0432216 0.0693466 0.018911
0 0.567774 0.476907 0.0457859 0.0569004 0.0188955
0 0.630591 0.476282 0.0428062 0.0693469 0.0188577
0 0.659107 0.42525 0.0699815 0.116709 0.0188564
0 0.463827 0.489131 0.0124366 0.0181343 0.0186651
0 0.0584493 0.847421 0.0962716 0.185367 0.0185722
0 0.359598 0.236463 0.0271266 0.0376277 0.0185627
0 0.799053 0.207147 0.138102 0.24768 0.0184203
0 0.954967 0.831587 0.0906769 0.276074 0.0183896
0 0.615044 0.401108 0.0402607 0.122573 0.0182876
0 0.667507 0.396089 0.0984098 0.177283 0.0180617
0 0.61529 0.499035 0.0355447 0.0367163 0.0180495
0 0.417242 0.266703 0.036746 0.0530262 0.0179067
0 0.49506 0.464242 0.0117985 0.018876 0.0178853
0 0.272361 0.499811 0.0440791 0.046905 0.0178063
0 0.622865 0.369044 0.141924 0.238265 0.0177996
0 0.159109 0.591313 0.0547059 0.179275 0.0177056
0 0.781409 0.114427 0.0738987 0.0932718 0.0175647
0 0.432265 0.528417 0.0309129 0.0516449 0.0175117
0 0.470399 0.174558 0.0350514 0.0633989 0.0175074
0 0.0397478 0.814841 0.0818412 0.254734 0.0174398
0 0.4071 1.00933 0.0360999 0.0400896 0.0174342
0 0.642049 0.560466 0.0622483 0.083128 0.0173764
0 0.110978 0.792698 0.104192 0.124269 0.0173323
0 0.287827 0.467119 0.0425974 0.0799129 0.0173273
0 0.602122 0.493034 0.0220865 0.0294423 0.0173029
0 0.933747 0.476417 0.107158 0.136326 0.0172609
0 0.0801899 0.821032 0.13716 0.263764 0.0172448
0 0.366806 1.00641 0.0341889 0.0415646 0.017235
0 0.379639 1.00804 0.0345888 0.0406321 0.0172073
0 0.675898 0.452043 0.0616333 0.104412 0.0170961
0 0.972097 0.638106 0.0533377 0.132836 0.0170803
0 0.650411 0.367253 0.10656 0.212781 0.0170404
0 0.430835 0.0926117 0.0425297 0.0747897 0.0170102
0 0.394396 1.00972 0.0356405 0.0397797 0.0169913
0 0.0436685 0.251366 0.0657051 0.101838 0.0169813
0 0.0845098 0.7927 0.104987 0.133845 0.0169702
0 0.327986 0.454198 0.087799 0.114207 0.0169208
0 0.662864 0.564423 0.0516823 0.0736318 0.0168652
0 0.644206 0.537152 0.0459062 0.0800175 0.0168418
0 0.721549 0.636702 0.11062 0.153768 0.0167515
0 0.603099 0.458862 0.0266395 0.0485704 0.0167169
0 0.923673 0.825885 0.14536 0.280694 0.0166992
0 0.557865 0.488361 0.0246744 0.0311185 0.0166828
0 0.272777 0.479747 0.066532 0.0725551 0.0166432
0 0.915117 0.650601 0.14438 0.141768 0.0165294
0 0.888188 0.449106 0.209058 0.169891 0.0165159
0 0.472402 0.486456 0.010442 0.0170398 0.0164273
0 0.117977 0.440048 0.117087 0.0834753 0.0164223
0 0.755233 0.402377 0.294142 0.366475 0.0164222
0 0.434381 0.10702 0.0419792 0.0814069 0.0163667
0 0.0884397 0.844378 0.112046 0.172727 0.0163551
0 0.665249 0.466732 0.081006 0.109988 0.0162953
0 0.521919 0.38598 0.0222056 0.0359288 0.0162737
0 0.133948 0.497457 0.108868 0.146333 0.0162509
0 0.159718 0.522926 0.0541872 0.148963 0.016214
0 0.974287 0.879819 0.0487205 0.169968 0.0161599
0 0.447476 0.374612 0.0370108 0.0516309 0.0161129
0 0.365648 0.520099 0.110037 0.146292 0.01609
0 0.281375 0.4907 0.0548102 0.0583547 0.0160873
0 0.419555 1.00975 0.0361093 0.0395516 0.0160788
0 0.593513 0.451927 0.0324469 0.0555319 0.0160473
0 0.950028 0.499691 0.0953405 0.142174 0.0160094
0 0.528185 0.390386 0.0277559 0.0482647 0.0160092
0 0.0567258 0.709905 0.0798015 0.088757 0.0159994
0 0.443521 1.00975 0.0341145 0.0392695 0.0159242
0 0.383802 0.544606 0.0504027 0.0704005 0.0158583
0 0.502792 0.226029 0.0289179 0.0402832 0.0158563
0 0.29172 0.467151 0.106593 0.131532 0.0158024
0 0.258347 0.499551 0.0488973 0.0454967 0.0157595
0 0.431645 1.01034 0.0342316 0.0387843 0.0157498
0 0.495871 0.0626934 0.0527318 0.0800985 0.0157174
0 0.986053 0.475257 0.0276892 0.140863 0.0156647
0 0.0486189 0.68109 0.089139 0.128758 0.0155492
0 0.267252 0.365441 0.0190354 0.0529321 0.0155036
0 0.0223076 0.187013 0.0464636 0.0854859 0.0155
0 0.60471 0.485089 0.0253183 0.0336408 0.0154204
0 0.187749 0.305217 0.0385747 0.0503338 0.0153676
0 0.155398 0.477644 0.0578181 0.131097 0.0153216
0 0.718455 0.35418 0.17282 0.214821 0.0151546
0 0.364072 0.231505 0.0367537 0.0509385 0.0150762
0 0.355552 1.00859 0.0358498 0.0414113 0.0149969
0 0.242243 0.460083 0.124747 0.178278 0.0149717
0 0.241298 0.483469 0.0793819 0.0795381 0.0148321
0 0.123727 0.633705 0.0944109 0.108812 0.0147794
0 0.977071 0.522332 0.0478828 0.116446 0.0147644
0 0.455236 1.00967 0.0340631 0.0388473 0.0147368
0 0.978006 0.454335 0.043601 0.169842 0.0147294
0 0.621039 0.55588 0.0732131 0.106965 0.0147258
0 0.72626 0.536568 0.176106 0.294383 0.0146987
0 0.0197077 0.715993 0.0345203 0.076162 0.0146163
0 0.0466784 0.892666 0.0853056 0.170734 0.0145948
0 0.490351 0.390246 0.0247274 0.0342178 0.0145574
0 0.583736 0.494415 0.0244672 0.029858 0.0144598
0 0.656983 -0.00834225 0.0693077 0.0491239 0.0143905
0 0.19317 0.306014 0.0251598 0.0347922 0.0143697
0 0.696815 0.386956 0.137784 0.210552 0.0143563
0 0.0417672 0.365346 0.0704059 0.330361 0.01433
0 0.162889 0.691893 0.0455871 0.0939646 0.0143289
0 0.421989 0.314524 0.0186886 0.0397755 0.0143164
0 0.610984 0.618299 0.0652348 0.0975279 0.0142602
0 0.63319 -0.00906762 0.0664027 0.047833 0.0142567
0 0.719952 0.117685 0.0966115 0.153503 0.0141912
0 0.64175 0.512413 0.0631721 0.0870889 0.0141803
0 0.131467 0.530905 0.108655 0.241237 0.0141601
0 0.775464 0.0944224 0.0439067 0.0591279 0.0141441
0 0.499434 0.465044 0.0121359 0.0205282 0.014135
0 0.723179 0.127119 0.259154 0.348735 0.014069
0 0.683348 -0.00836946 0.0692369 0.0490929 0.0140435
0 0.132941 0.788782 0.0693439 0.0890182 0.0140303
0 0.822676 0.107421 0.066662 0.0979057 0.0140019
0 0.959624 0.458124 0.0717314 0.150339 0.0139744
0 0.129177 0.521364 0.0914762 0.106583 0.0139736
0 0.222486 0.485594 0.0753002 0.0854554 0.0139448
0 0.799139 0.110938 0.0955802 0.112183 0.0139412
0 0.470147 1.00893 0.0343687 0.0392922 0.0139393
0 0.0979074 0.475843 0.174251 0.264167 0.0139076
0 0.39752 0.533853 0.0207685 0.0316482 0.0138221
0 0.390891 0.541454 0.0238877 0.0398709 0.0138044
0 0.121466 0.332517 0.0597361 0.10195 0.0137832
0 0.664318 0.535124 0.0549648 0.0939064 0.0137627
0 0.0568781 0.269734 0.0478917 0.0643402 0.0137266
0 0.481522 0.485125 0.0122282 0.0178707 0.0136889
0 0.428217 0.354921 0.029623 0.0539026 0.013648
0 0.988726 0.963597 0.022632 0.064553 0.0136396
0 0.762249 -0.00765212 0.0848958 0.052894 0.0136111
0 0.559041 -0.00952091 0.0532578 0.0430036 0.0135673
0 0.987791 0.915161 0.0235912 0.11405 0.013536
0 0.707571 -0.00892832 0.0730732 0.0485116 0.0135107
0 0.11864 0.569211 0.137653 0.280592 0.0134955
0 0.455946 0.489471 0.0123933 0.0183545 0.0134669
0 0.988705 0.891868 0.0220013 0.0989071 0.013404
0 0.431899 0.136552 0.0481207 0.0932412 0.0133931
0 0.578319 0.480138 0.0408345 0.0497787 0.0133634
0 0.486024 0.0978368 0.0819041 0.124617 0.0133191
0 0.239493 0.502939 0.0687668 0.0757466 0.0133139
0 0.185151 0.520744 0.0348513 0.105038 0.0133044
0 0.568235 0.408532 0.0837824 0.129033 0.0132379
0 0.734735 -0.00793743 0.0822431 0.0518278 0.013231
0 0.0722391 0.618128 0.137979 0.286443 0.0131501
0 0.480314 1.01021 0.0364392 0.0400262 0.0131398
0 0.279422 0.461299 0.0375483 0.0699231 0.0131337
0 0.365243 0.551067 0.0652172 0.0921533 0.0131041
0 0.49443 1.00953 0.0406444 0.0420093 0.0130832
0 0.97979 -0.0117729 0.0400362 0.0442467 0.0130698
0 0.843307 0.101093 0.0689676 0.111332 0.0130399
0 0.141374 0.700577 0.067963 0.0885754 0.0130265
0 0.948241 0.449002 0.0984459 0.188941 0.0130263
0 0.583816 -0.00942552 0.057099 0.044302 0.013013
0 0.365423 0.252909 0.0510543 0.084213 0.0129997
0 0.341795 1.01003 0.0341673 0.0381487 0.0129881
0 0.810018 0.139829 0.162735 0.179724 0.012978
0 0.576363 0.294696 0.116203 0.224472 0.0129778
0 0.179857 0.549467 0.0307754 0.11887 0.0129433
0 0.784566 0.495629 0.058746 0.0510342 0.0128788
0 0.98651 0.537875 0.0301523 0.105667 0.0128264
0 0.609602 -0.00902081 0.0624512 0.0471482 0.0128151
0 0.954819 0.631221 0.08813 0.190516 0.0127887
0 0.143311 0.636901 0.0873693 0.16511 0.0127871
0 0.507944 0.389487 0.0234651 0.035242 0.012777
0 0.529098 0.844233 0.0184121 0.0296956 0.0127217
0 0.49447 0.484148 0.0112108 0.0183294 0.0127134
0 0.729571 0.395627 0.133842 0.168779 0.0126757
0 0.817131 0.220379 0.12591 0.180939 0.012635
0 0.601585 0.397911 0.0329831 0.0912805 0.0126222
0 0.483031 0.399946 0.0183827 0.025022 0.012597
0 0.908821 0.376562 0.0536303 0.0711745 0.0125938
0 0.112348 0.725378 0.0805778 0.0719013 0.0125916
0 0.516558 0.07324 0.0628201 0.0781733 0.0125687
0 0.0124609 0.652889 0.0246208 0.0864208 0.0125653
0 0.131915 0.456701 0.0924037 0.0834322 0.0125496
0 0.780357 0.482712 0.0730121 0.066549 0.0125167
0 0.30672 0.557719 0.0557648 0.088598 0.0125162
0 0.985701 0.850434 0.0275614 0.12027 0.0125129
0 0.430174 0.367722 0.0326856 0.0575541 0.0125003
0 0.120806 0.615034 0.0780451 0.0866097 0.0124909
0 0.0507875 0.297485 0.0795744 0.121694 0.0124792
0 0.987417 0.521268 0.0245104 0.0987833 0.0124661
