0 0.0844027 0.417816 0.168805 0.151772 0.867788
0 0.54861 0.432826 0.0277809 0.167106 0.861973
0 0.253947 0.395875 0.11155 0.135236 0.66589
0 0.5625 0.477612 0 0.169443 0.587094
0 0.5625 0.433453 0 0.13379 0.450207
0 0.174279 0.400822 0.0775306 0.10621 0.41121
0 0.538534 0.411933 0.029649 0.112544 0.254273
0 0.162054 0.403604 0.0529402 0.0913219 0.219261
0 0.539263 0.382801 0.0280296 0.0484766 0.218756
0 0.5625 0.481523 0 0.151469 0.218444
0 0.19005 0.405096 0.0613164 0.1016 0.20766
0 0.5625 0.44684 0 0.0918401 0.195562
0 0.541644 0.379719 0.041711 0.063883 0.183666
0 0.538472 0.361916 0.048055 0.0636271 0.18288
0 0.5625 0.482717 0 0.15501 0.175312
0 0.176477 0.409449 0.0392886 0.0864936 0.174492
0 0.254361 0.350559 0.0925166 0.048184 0.159829
0 0.5625 0.483626 0 0.117927 0.154276
0 0.534929 0.361866 0.0551429 0.0734461 0.152574
0 0.534724 0.422516 0.0205724 0.0967958 0.151457
0 0.526985 0.408703 0.039465 0.116546 0.148004
0 0.541701 0.402141 0.0415984 0.124462 0.146824
0 0.496796 0.37036 0.0829864 0.0767008 0.14503
0 0.5625 0.48847 0 0.140605 0.144061
0 0.537241 0.356472 0.0505173 0.0538591 0.141705
0 0.501077 0.407694 0.0917265 0.147844 0.135322
0 0.5625 0.452899 0 0.0944738 0.131902
0 0.511456 0.382532 0.102088 0.107952 0.118587
0 0.318507 0.413878 0.0286716 0.0661809 0.116309
0 0.538636 0.381712 0.0477279 0.101876 0.106801
0 0.5625 0.436492 0 0.153137 0.102987
0 0.5625 0.419755 0 0.175753 0.100601
0 0.275106 0.394536 0.0701496 0.103156 0.0999235
0 0.5625 0.449168 0 0.0907846 0.0990816
0 0.146488 0.401662 0.081746 0.108601 0.0987785
0 0.5625 0.423266 0 0.174384 0.0958728
0 0.5625 0.456051 0 0.208678 0.0945089
0 0.206623 0.408424 0.062273 0.106546 0.0923325
0 0.28776 0.40035 0.0473284 0.0893955 0.0908188
0 0.5625 0.43607 0 0.12286 0.0888086
0 0.546672 0.42032 0.0316565 0.136167 0.0887366
0 0.5625 0.443308 0 0.117594 0.0863566
0 0.311073 0.411193 0.0406714 0.0755307 0.084008
0 0.0413327 0.409535 0.0752541 0.132494 0.0820723
0 0.5625 0.411521 0 0.323065 0.0819875
0 0.5625 0.423217 0 0.162446 0.0813974
0 0.429681 0.423265 0.21058 0.181488 0.0805273
0 0.264045 0.374271 0.0910488 0.094755 0.0796482
0 0.476068 0.417312 0.131009 0.166774 0.0783006
0 0.231062 0.403237 0.0963189 0.114464 0.0747778
0 0.0121044 0.408657 0.024028 0.127113 0.0747225
0 0.298209 0.407891 0.0341643 0.0765862 0.0741577
0 0.975496 0.503182 0.0483259 0.118956 0.0739985
0 0.610156 0.458161 0.116667 0.112573 0.0736753
0 0.00854544 0.42283 0.0178726 0.1131 0.0731457
0 0.769117 0.400905 0.218919 0.236609 0.071933
0 0.127135 0.410855 0.0906521 0.125859 0.0674851
0 0.277659 0.364767 0.131772 0.102148 0.0663014
0 0.90947 0.488234 0.0800459 0.123633 0.0653531
0 0.177032 0.413995 0.100199 0.139448 0.0643843
0 0.657246 0.421549 0.0524009 0.135879 0.0639207
0 0.0392246 0.384524 0.0752304 0.0754326 0.0637545
0 0.023392 0.417388 0.0461671 0.129492 0.0629627
0 0.630133 0.424872 0.084157 0.151816 0.0627265
0 0.489112 0.429128 0.0869047 0.164707 0.0626189
0 0.280434 0.387464 0.109467 0.136616 0.0618046
0 0.155706 0.404173 0.116823 0.127537 0.0611968
0 0.618814 0.399892 0.140445 0.11469 0.0581923
0 0.848489 0.458476 0.207331 0.169831 0.0568273
0 0.608676 0.393453 0.216914 0.130599 0.0558318
0 0.664164 0.452456 0.0317371 0.0891059 0.0546989
0 0.0402802 0.370594 0.0705924 0.0503086 0.0546003
0 0.506294 0.476121 0.0369119 0.0611638 0.0532831
0 0.936146 0.549728 0.132514 0.277727 0.0529431
0 0.573456 0.389747 0.0738961 0.0738907 0.0526872
0 0.609427 0.391951 0.106013 0.0816557 0.05114
0 0.502784 0.445523 0.054166 0.11993 0.0508273
0 0.576302 0.33247 0.195684 0.123688 0.0503268
0 0.892427 0.477115 0.144236 0.158439 0.0500027
0 0.341043 0.407284 0.0632155 0.0781815 0.0491682
0 0.00893319 0.384007 0.0181146 0.0926793 0.0484243
0 0.303833 0.365678 0.0652592 0.10722 0.048126
0 0.853122 0.45545 0.13823 0.126933 0.0474786
0 0.0149301 0.432754 0.0303462 0.129691 0.0460556
0 0.823189 0.406869 0.202964 0.217522 0.044929
0 0.537679 0.437015 0.0186691 0.0477196 0.0446011
0 0.322651 0.40453 0.0438814 0.0884914 0.0444519
0 0.640118 0.400192 0.0651837 0.0927152 0.0432474
0 0.93089 0.643922 0.140808 0.40864 0.0430343
0 0.563371 0.447742 0.0478509 0.118307 0.0428482
0 0.624559 0.473188 0.0882675 0.0798149 0.0422824
0 0.583907 0.365186 0.106823 0.0496579 0.0417195
0 0.251727 0.337554 0.0898707 0.0486799 0.0417058
0 0.891108 0.484456 0.0641869 0.130578 0.0410551
0 0.00839138 0.448974 0.0168825 0.107066 0.0404489
0 0.643606 0.443511 0.0521355 0.104264 0.0397735
0 0.915193 0.428679 0.161438 0.24913 0.0395851
0 0.276668 0.419764 0.101569 0.111522 0.0394374
0 0.631211 0.379918 0.068087 0.0567975 0.038918
0 0.92537 0.50381 0.122439 0.136148 0.0388097
0 0.647694 0.466906 0.0534097 0.0760401 0.0382662
0 0.242483 0.420952 0.106925 0.103421 0.0376623
0 0.652974 0.39073 0.0496697 0.0768385 0.0371471
0 0.0546925 0.424638 0.111996 0.132066 0.0366873
0 0.508104 0.493101 0.0257816 0.0349871 0.0366397
0 0.795745 0.444883 0.124115 0.124291 0.0366117
0 0.055656 0.371756 0.102419 0.0598974 0.0365293
0 0.822765 0.450632 0.126059 0.108979 0.036495
0 0.169319 0.420648 0.0442668 0.0866726 0.0364637
0 0.549055 0.442273 0.044504 0.133526 0.0356155
0 0.545667 0.447347 0.0225391 0.0497284 0.0352275
0 0.468826 0.384742 0.128 0.10197 0.0349956
0 0.977216 0.423274 0.0461039 0.189047 0.034077
0 0.986366 0.419051 0.0276247 0.136126 0.0340353
0 0.673647 0.411608 0.0588625 0.116894 0.0334813
0 0.807858 0.360118 0.190518 0.180527 0.0330292
0 0.91918 0.461266 0.114567 0.171167 0.0329849
0 0.0320446 0.439172 0.0637369 0.110877 0.0321553
0 0.956835 0.427827 0.084997 0.187976 0.0318783
0 0.112974 0.428231 0.110879 0.114916 0.0314774
0 0.348667 0.399894 0.0843544 0.107348 0.0312093
0 0.301159 0.421604 0.0680071 0.108796 0.0310351
0 0.756104 0.442321 0.110718 0.130672 0.0307182
0 0.643456 0.363289 0.0594105 0.0486292 0.0295206
0 0.621203 0.365665 0.0936171 0.0514569 0.0294672
0 0.393547 0.419932 0.136848 0.143793 0.0293533
0 0.0585784 0.395545 0.120491 0.102797 0.0292159
0 0.382244 0.283335 0.0276621 0.0787339 0.0291776
0 0.122188 0.374778 0.0777096 0.0570169 0.0291297
0 0.135457 0.390144 0.120279 0.116257 0.0289884
0 0.60159 0.167978 0.205402 0.273127 0.0286555
0 0.653668 0.366567 0.0420836 0.0468519 0.0280899
0 0.655789 0.456961 0.0340874 0.0604068 0.027735
0 0.220606 0.424377 0.0642821 0.0937141 0.0277304
0 0.00634471 0.367574 0.0135532 0.0781383 0.0276818
0 0.1188 0.390652 0.0725331 0.0831377 0.027588
0 0.835855 0.430376 0.124966 0.117187 0.02726
0 0.00489949 0.450544 0.0118111 0.108083 0.0269699
0 0.472753 0.452159 0.110928 0.135886 0.0267013
0 0.987992 0.527378 0.0258215 0.115563 0.0261655
0 0.381517 0.296204 0.0245886 0.0501818 0.0260318
0 0.397826 0.410633 0.0284939 0.0487148 0.0260221
0 0.0763216 0.429979 0.0563391 0.0952916 0.0257679
0 0.994361 0.525286 0.0115038 0.0767499 0.0257154
0 0.983997 0.379574 0.0318296 0.108053 0.0255615
0 0.976165 0.383402 0.0479174 0.121214 0.0255441
0 0.742685 0.452413 0.0746983 0.107742 0.0248436
0 0.396626 0.40146 0.0242065 0.0478714 0.0247334
0 0.927771 0.613776 0.12022 0.286493 0.0243508
0 0.506559 0.48078 0.0315954 0.0379389 0.0242556
0 0.671387 0.468651 0.0166588 0.0476206 0.0242349
0 0.659517 0.471544 0.026377 0.0532949 0.0242209
0 0.502579 0.527048 0.0251801 0.0241074 0.0240717
0 0.229323 0.366668 0.129357 0.16511 0.0238849
0 0.706733 0.3761 0.0857268 0.209435 0.0235517
0 0.446798 0.470598 0.131122 0.12319 0.0235326
0 0.431256 0.387165 0.182869 0.113885 0.0234887
0 0.568589 0.454405 0.0767505 0.107666 0.0233335
0 0.182522 0.437936 0.0343525 0.0608075 0.0230102
0 0.426528 0.307114 0.176418 0.323734 0.0227709
0 0.444358 0.368802 0.0427618 0.0578896 0.0225519
0 0.564108 0.298734 0.193028 0.192967 0.0224632
0 0.161969 0.442577 0.0352799 0.0559306 0.0222926
0 0.500578 0.484718 0.0463343 0.0499955 0.0221395
0 0.0125529 0.356046 0.0255621 0.0888234 0.0219657
0 0.65791 0.162169 0.208361 0.248809 0.0216365
0 0.493661 0.462343 0.0633798 0.0886674 0.0215714
0 0.956169 0.532661 0.0869076 0.151814 0.0213561
0 0.482893 0.400409 0.0966801 0.108834 0.0212385
0 0.640264 0.480605 0.0515208 0.0645457 0.020927
0 0.189455 0.353109 0.0307559 0.0323464 0.0208979
0 0.483781 0.35179 0.050034 0.0433813 0.0208974
0 0.90131 0.574779 0.136777 0.376476 0.0204151
0 0.531194 0.340803 0.0461698 0.0446564 0.0203442
0 0.940563 0.425692 0.110653 0.121459 0.0203078
0 0.838667 0.39097 0.0971976 0.0928074 0.0203028
0 0.0869635 0.445461 0.0530871 0.0698243 0.0200632
0 0.962653 0.552697 0.0652216 0.214061 0.019984
0 0.391724 0.382087 0.0348755 0.06674 0.0197667
0 0.381895 0.25618 0.0295388 0.106828 0.0197383
0 0.156656 0.359774 0.101321 0.164336 0.0196964
0 0.105152 0.350056 0.146257 0.165369 0.019617
0 0.67925 0.351437 0.0739329 0.131945 0.0195975
0 0.522506 0.0671952 0.0590154 0.0940559 0.0195968
0 0.0707707 0.338568 0.103253 0.139865 0.0195362
0 0.603202 0.473872 0.0745892 0.0749743 0.0193969
0 0.324184 0.462108 0.0263797 0.041727 0.0193763
0 0.741979 0.377831 0.108413 0.209111 0.0192795
0 0.750765 0.400418 0.103776 0.132423 0.0192692
0 0.376079 0.385033 0.0622474 0.089942 0.0191862
0 0.950365 0.387558 0.0965651 0.116534 0.0190541
0 0.17543 0.36287 0.0494516 0.0485536 0.0190175
0 0.197114 0.348041 0.0355468 0.0455566 0.0189395
0 0.558268 0.345727 0.112996 0.0874916 0.0188817
0 0.105291 0.363051 0.0486861 0.038736 0.0188238
0 0.21935 0.332192 0.0888563 0.063744 0.0188176
0 0.93112 0.207157 0.143704 0.306864 0.0186739
0 0.375691 0.405669 0.0539824 0.0656629 0.018588
0 0.438363 0.376497 0.0393743 0.0468905 0.0183025
0 0.0523761 0.462965 0.0901641 0.0690328 0.0180469
0 0.506845 0.342264 0.0757336 0.115627 0.0180144
0 0.0521657 0.852568 0.0999925 0.194557 0.0179585
0 0.614649 0.353072 0.113333 0.0602646 0.017947
0 0.675356 0.469956 0.0284217 0.0601642 0.0178045
0 0.497071 0.537663 0.0302949 0.0238174 0.0178025
0 0.84821 0.51635 0.150583 0.199543 0.0177246
0 0.663763 0.516227 0.0272682 0.0429704 0.0176844
0 0.0817213 0.359369 0.0741019 0.046386 0.0176633
0 0.393495 0.37656 0.0849051 0.0858337 0.0175934
0 0.327263 0.433563 0.0288161 0.0581136 0.0174916
0 0.522929 0.307803 0.0576415 0.0733797 0.0174269
0 0.566757 0.0631282 0.0479663 0.0806632 0.0173914
0 0.425603 0.211268 0.162806 0.336891 0.0173738
0 0.19294 0.359134 0.0945292 0.143106 0.0173643
0 0.985836 0.341859 0.0281864 0.0934758 0.0171888
0 0.407583 0.381768 0.0481006 0.0644639 0.0171494
0 0.602021 0.0506834 0.0925943 0.110436 0.0170617
0 0.337831 0.43574 0.0602925 0.106257 0.0170308
0 0.511039 0.51484 0.0258529 0.0275226 0.0169806
0 0.626159 0.517576 0.0416621 0.0636729 0.0169546
0 0.21814 0.452633 0.0565759 0.0913094 0.0169063
0 0.310388 0.347809 0.0613453 0.086634 0.016704
0 0.676104 0.325628 0.116904 0.244094 0.0166622
0 0.47692 0.481612 0.0719513 0.0621841 0.0166097
0 0.353513 0.452102 0.0575551 0.0833343 0.0165808
0 0.85825 0.422519 0.0967546 0.0947844 0.0165804
0 0.666743 0.486592 0.0139343 0.0314284 0.0165566
0 0.581282 0.0637736 0.0609326 0.0861855 0.016501
0 0.961458 0.366359 0.0713707 0.104717 0.0164918
0 0.45811 0.435203 0.11242 0.108673 0.0164866
0 0.263889 0.471752 0.0905968 0.119829 0.0164404
0 0.372842 0.447644 0.0995304 0.131057 0.0164246
0 0.323966 0.630704 0.0828697 0.128922 0.0163913
0 0.545016 0.231022 0.0269785 0.056256 0.0163745
0 0.87991 0.42905 0.103866 0.116823 0.0163442
0 0.47276 0.320807 0.136872 0.258265 0.0163391
0 0.619676 0.0687174 0.0709117 0.0906073 0.0160878
0 0.509365 0.291199 0.0780778 0.146425 0.0160724
0 0.162015 0.373857 0.0619015 0.0604006 0.0160261
0 0.977775 0.345598 0.0454891 0.117951 0.0159582
0 0.672969 0.477678 0.0989208 0.158856 0.0159259
0 0.452242 0.381149 0.0615876 0.0501884 0.0158426
0 0.674357 0.509102 0.0291142 0.0522379 0.0156944
0 0.508083 0.545275 0.033241 0.0504913 0.0156923
0 0.70047 0.292658 0.0399769 0.0629722 0.0156856
0 0.27497 0.34621 0.0941103 0.112991 0.0156389
0 0.533578 0.509305 0.0247967 0.047179 0.0155874
0 0.317708 0.0984076 0.0258948 0.0446759 0.0155352
0 0.521111 0.475222 0.138028 0.252513 0.0154875
0 0.808731 0.399853 0.145259 0.130044 0.0153924
0 0.109954 0.458078 0.0940098 0.107245 0.01539
0 0.693382 0.469573 0.0597051 0.0793413 0.0153303
0 0.980779 -0.0126191 0.0371271 0.042145 0.0153219
0 0.354361 0.417914 0.07025 0.0845968 0.0153067
0 0.785153 -0.00891376 0.0748506 0.0476745 0.0153053
0 0.779591 0.420101 0.106589 0.132667 0.0153026
0 0.379395 0.200177 0.0332608 0.0659271 0.0152253
0 0.544035 0.343331 0.0762407 0.0611375 0.0151185
0 0.0788566 0.467783 0.0555953 0.0519469 0.0150715
0 0.658333 -0.0107481 0.0741128 0.045352 0.0150539
0 0.188418 0.339428 0.0388374 0.0484743 0.0150529
0 0.0130067 0.796421 0.0248502 0.0772076 0.0150394
0 0.632715 -0.0105319 0.068938 0.0447197 0.0150381
0 0.105905 0.496748 0.141101 0.191527 0.0149576
0 0.685902 -0.0111125 0.074651 0.04416 0.0149467
0 0.39228 0.206297 0.0364402 0.065713 0.0149422
0 0.382953 0.301392 0.037664 0.0731071 0.0149216
0 0.55497 0.232088 0.0347644 0.0572899 0.014873
0 0.468569 0.48864 0.101296 0.0745191 0.014856
0 0.305112 0.315611 0.0655669 0.0960763 0.0148389
0 0.826514 0.374455 0.107587 0.101745 0.0147942
0 0.00736102 0.335209 0.0139193 0.0621759 0.0147089
0 0.629598 0.318693 0.0767993 0.0718522 0.0146515
0 0.754275 0.360953 0.0923439 0.106196 0.0146163
0 0.484979 0.283876 0.0525024 0.170427 0.0145845
0 0.251686 0.314161 0.0923881 0.0822902 0.0145609
0 0.029144 0.341722 0.0509677 0.058208 0.0145029
0 0.0117107 0.33825 0.0265217 0.161149 0.0144474
0 0.880152 0.707822 0.104397 0.210172 0.0143465
0 0.735104 -0.0105836 0.0819439 0.0462172 0.0143175
0 0.379932 0.266138 0.0460452 0.123985 0.0142945
0 0.401858 0.434768 0.0438806 0.0820289 0.0142625
0 0.605251 0.527196 0.0499452 0.0827408 0.0142549
0 0.395538 0.424114 0.0277677 0.0588003 0.0142078
0 0.0423915 0.462197 0.0640472 0.1164 0.0141757
0 0.368211 0.271558 0.0629065 0.195169 0.0141754
0 0.382694 0.212712 0.029857 0.0607223 0.0141697
0 0.739164 0.166873 0.219913 0.259719 0.0141431
0 0.709784 -0.0106207 0.07956 0.0455173 0.0141209
0 0.196972 0.353654 0.0275267 0.0322534 0.0140877
0 0.585546 -0.00966825 0.064552 0.0445726 0.0140872
0 0.176468 0.432614 0.0204873 0.0403239 0.0140708
0 0.67576 0.378123 0.0531609 0.0600196 0.0140648
0 0.424889 0.413152 0.0540761 0.0592255 0.0140527
0 0.721418 0.346343 0.116612 0.240963 0.0140025
0 0.809071 -0.00804137 0.0777674 0.0497801 0.0139655
0 0.710481 0.37981 0.0845221 0.115846 0.0139649
0 0.137475 0.459687 0.0551206 0.0736899 0.0139585
0 0.807022 0.248613 0.043719 0.044831 0.0139381
0 0.93181 0.359128 0.0773453 0.0933551 0.0138929
