0 0.5625 0.596288 0 0.148276 0.92949
0 0.284635 0.572742 0.0731163 0.10072 0.895225
0 0.0412227 0.632217 0.0822475 0.209913 0.894385
0 0.145286 0.60548 0.139167 0.153671 0.85786
0 0.5625 0.570813 0 0.132384 0.819355
0 0.229631 0.590852 0.0657054 0.103837 0.795316
0 0.511383 0.552061 0.0260633 0.0529171 0.745465
0 0.5543 0.572868 0.0164002 0.0820817 0.737474
0 0.451007 0.552989 0.0169888 0.0209718 0.673584
0 0.406927 0.556875 0.0228214 0.0307014 0.663735
0 0.5625 0.6773 0 0.340903 0.648964
0 0.333234 0.568849 0.0343368 0.0714732 0.642778
0 0.419402 0.55622 0.0171991 0.0254005 0.641166
0 0.527717 0.560428 0.0275609 0.0579605 0.611201
0 0.360318 0.563282 0.0266899 0.0598701 0.591686
0 0.490182 0.550844 0.0221153 0.0376304 0.585066
0 0.378781 0.560129 0.021158 0.0479757 0.55846
0 0.544361 0.565564 0.0315151 0.0700419 0.546805
0 0.34954 0.564001 0.0317482 0.0642495 0.462121
0 0.465447 0.547436 0.0132875 0.0200604 0.459074
0 0.366684 0.560012 0.0227973 0.0580683 0.339131
0 0.503698 0.55409 0.0155511 0.0425663 0.311472
0 0.384874 0.55382 0.0252421 0.0472388 0.291508
0 0.421702 0.556738 0.012357 0.0211209 0.285777
0 0.485834 0.550568 0.0162237 0.0328676 0.281672
0 0.494972 0.550388 0.0138751 0.0371419 0.26739
0 0.459872 0.550816 0.00936766 0.0145696 0.256848
0 0.421136 0.549761 0.0185246 0.0343431 0.241832
0 0.371566 0.562752 0.0178845 0.051264 0.224552
0 0.457085 0.551544 0.0149661 0.0196528 0.219605
0 0.511712 0.558638 0.0171594 0.0453804 0.216733
0 0.468696 0.545852 0.0120294 0.0204191 0.214691
0 0.461578 0.548804 0.0110839 0.0199148 0.209445
0 0.518745 0.561568 0.0200497 0.0491523 0.199764
0 0.524391 0.560699 0.0182291 0.0525423 0.198154
0 0.480765 0.548627 0.0116428 0.0206771 0.198091
0 0.463313 0.552366 0.0126188 0.0201736 0.19626
0 0.445794 0.554095 0.0123644 0.017765 0.194745
0 0.409717 0.557226 0.014082 0.0250195 0.193991
0 0.475219 0.548339 0.0116109 0.0189748 0.193928
0 0.490585 0.549593 0.0150983 0.0307922 0.187708
0 0.439219 0.55669 0.0150502 0.0241242 0.185332
0 0.436195 0.555423 0.0140479 0.0208715 0.180281
0 0.345291 0.554971 0.0472596 0.08658 0.17708
0 0.398418 0.558607 0.0173357 0.0352253 0.165733
0 0.39304 0.561746 0.0162262 0.0293691 0.15707
0 0.542947 0.55957 0.0391067 0.085263 0.15333
0 0.324213 0.564116 0.0448732 0.0840028 0.150616
0 0.376679 0.56446 0.0146976 0.0406911 0.150524
0 0.47621 0.544301 0.011014 0.0194598 0.150506
0 0.498717 0.547526 0.0113674 0.0287503 0.136057
0 0.583308 0.583467 0.0300991 0.0912587 0.135028
0 0.242525 0.591195 0.0385375 0.0824759 0.133997
0 0.363786 0.549015 0.0409868 0.0837793 0.13341
0 0.381839 0.564736 0.0140211 0.0378267 0.133331
0 0.528775 0.56403 0.0168753 0.0497065 0.126762
0 0.355012 0.56676 0.0189039 0.0572777 0.124561
0 0.581306 0.570653 0.0431085 0.110427 0.118987
0 0.502679 0.546701 0.0147501 0.0336857 0.115183
0 0.512402 0.542881 0.0216644 0.0378176 0.107494
0 0.357124 0.56627 0.0166504 0.0403447 0.107463
0 0.600872 0.571653 0.0583969 0.120994 0.106041
0 0.30371 0.568144 0.0400456 0.0853765 0.102732
0 0.463529 0.544321 0.0132282 0.0205079 0.0956128
0 0.508604 0.550188 0.0158098 0.0350286 0.0886765
0 0.946132 0.596902 0.107619 0.280867 0.0853803
0 0.541285 0.569637 0.0196437 0.058434 0.0850971
0 0.22418 0.577332 0.0816494 0.140544 0.0808104
0 0.98997 0.498135 0.0206318 0.0460389 0.0779508
0 0.948511 0.553158 0.103343 0.162362 0.0758708
0 0.571868 0.560444 0.0498863 0.103256 0.0719879
0 0.990531 0.483894 0.0180111 0.0366776 0.0704501
0 0.955481 0.525009 0.0846361 0.0989682 0.068008
0 0.837101 0.567653 0.113046 0.0985731 0.0663247
0 0.948096 0.563237 0.103956 0.0963841 0.0629944
0 0.521562 0.544124 0.0207061 0.0355539 0.0629238
0 0.505445 0.560733 0.0160036 0.0373968 0.0609691
0 0.328157 0.570657 0.0211676 0.0599426 0.0600816
0 0.256094 0.575568 0.0533943 0.110086 0.0576664
0 0.98604 0.506461 0.029516 0.0652594 0.0572666
0 0.502642 0.560631 0.01263 0.0301221 0.0571587
0 0.943626 0.605303 0.112173 0.159558 0.0555033
0 0.118888 0.610577 0.0868828 0.14085 0.0548944
0 0.968627 0.51421 0.0623398 0.073145 0.0517679
0 0.569673 0.572393 0.0197339 0.0603052 0.0515192
0 0.427044 0.555398 0.0141778 0.0228437 0.0497257
0 0.331573 0.572572 0.0168739 0.0430957 0.0493949
0 0.599449 0.546868 0.0492692 0.0740757 0.0488424
0 0.86475 0.562666 0.130907 0.123705 0.0484386
0 0.485553 0.556972 0.0126004 0.0230195 0.0475362
0 0.640553 0.586089 0.0743153 0.132221 0.0461309
0 0.794996 0.569104 0.0870742 0.0913315 0.0454363
0 0.215923 0.591506 0.0586201 0.113352 0.044588
0 0.187794 0.596015 0.0589603 0.127527 0.043864
0 0.378956 0.541942 0.0250172 0.0452955 0.0434827
0 0.809245 0.574567 0.0640217 0.0719219 0.0422397
0 0.432552 0.5443 0.0158314 0.0214039 0.0419876
0 0.635928 0.516506 0.0509214 0.0292601 0.0413249
0 0.860759 0.576683 0.0857082 0.0820972 0.0408314
0 0.386575 0.546633 0.0180005 0.0289301 0.0399721
0 0.989238 0.477789 0.0225733 0.0508753 0.0399493
0 0.398622 0.545352 0.0172414 0.0241423 0.0397954
0 0.939821 0.526134 0.123249 0.431901 0.0385042
0 0.622229 0.58518 0.0471956 0.121665 0.038031
0 0.47436 0.55074 0.00896597 0.0150693 0.0379725
0 0.645556 0.533131 0.0475728 0.0508306 0.0377849
0 0.774449 0.571261 0.0559813 0.0752297 0.037518
0 0.334049 0.572347 0.0233271 0.0562744 0.0371761
0 0.930958 0.592844 0.088085 0.0929422 0.0368343
0 0.407912 0.561506 0.0156316 0.0244347 0.0366202
0 0.896435 0.555315 0.20407 0.165041 0.0363376
0 0.202387 0.59297 0.0471317 0.112391 0.0362844
0 0.981621 0.533135 0.038411 0.120752 0.0359744
0 0.0961711 0.610265 0.0511598 0.132728 0.0357825
0 0.973935 0.612154 0.0497139 0.200104 0.0357239
0 0.552582 0.570168 0.0183801 0.065357 0.0355199
0 0.321156 0.546418 0.0292297 0.0504795 0.0346853
0 0.829362 0.560996 0.142484 0.130453 0.0340231
0 0.320535 0.582605 0.0247559 0.0521434 0.0337805
0 0.912044 0.590449 0.157403 0.307174 0.0333894
0 0.534341 0.548642 0.0209079 0.0373504 0.0332983
0 0.988429 0.444514 0.0235781 0.0789444 0.0332418
0 0.196873 0.593431 0.0257015 0.0661019 0.0325426
0 0.36177 0.540046 0.0335213 0.0598845 0.0325268
0 0.973978 0.56723 0.0526108 0.151898 0.0321593
0 0.16626 0.588751 0.0902775 0.109097 0.0317495
0 0.987932 0.464005 0.0261477 0.0778973 0.0316285
0 0.888796 0.585719 0.0820208 0.111425 0.0315886
0 0.0871264 0.593849 0.0724481 0.125154 0.0313754
0 0.239912 0.575777 0.0591923 0.122001 0.0306659
0 0.681726 0.549632 0.0987283 0.0548235 0.0302455
0 0.929826 0.864996 0.0306499 0.0353872 0.030003
0 0.131451 0.624865 0.065486 0.0989333 0.0298566
0 0.787879 0.493545 0.0775836 0.124627 0.0297709
0 0.78252 0.468211 0.067745 0.0766008 0.0295554
0 0.415027 0.543794 0.015811 0.0220137 0.0292531
0 0.172313 0.56299 0.0679318 0.0585351 0.0290447
0 0.579391 0.58642 0.0172885 0.0624233 0.0287393
0 0.218144 0.879598 0.0323798 0.0411068 0.0286133
0 0.890101 0.525477 0.186843 0.30653 0.0285574
0 0.498955 0.556235 0.0117133 0.0248227 0.0285519
0 0.349579 0.538401 0.0448886 0.0849045 0.0285292
0 0.0265809 0.61249 0.05202 0.193936 0.0283689
0 0.038344 0.660973 0.0769283 0.134992 0.0282901
0 0.503224 0.894551 0.0185801 0.045047 0.028252
0 0.987066 0.437255 0.0269835 0.13123 0.0282238
0 0.781793 0.454008 0.0594361 0.0513485 0.0279582
0 0.531345 0.552097 0.0260187 0.0564729 0.0278028
0 0.810892 0.516204 0.127349 0.167948 0.0277057
0 0.422204 0.544886 0.0152202 0.0237324 0.0276498
0 0.0245431 0.567299 0.0482363 0.0863945 0.0272069
0 0.646534 0.513603 0.0310583 0.0227868 0.027082
0 0.10852 0.593082 0.0681851 0.10841 0.0270703
0 0.938764 0.655016 0.107177 0.214553 0.0266932
0 0.658949 0.555182 0.0892649 0.0651038 0.0266802
0 0.761316 0.569134 0.0581448 0.0744331 0.0266308
0 0.743638 0.565323 0.0399606 0.0624914 0.0266075
0 0.628512 0.526086 0.0620667 0.0439555 0.026374
0 0.624163 0.540782 0.0711172 0.0676427 0.0261087
0 0.115049 0.629218 0.0722016 0.100092 0.0259732
0 0.0135195 0.520409 0.0291084 0.0754723 0.0256697
0 0.226908 0.558116 0.0586135 0.0839895 0.0256439
0 0.458074 0.554217 0.0108691 0.0152269 0.0250815
0 0.149188 0.567216 0.126028 0.0725567 0.0250382
0 0.911254 0.57861 0.061908 0.0589669 0.0249703
0 0.983784 0.719304 0.0313753 0.212001 0.0247278
0 0.311492 0.543798 0.0288969 0.0504198 0.0246889
0 0.0188035 0.630501 0.0352292 0.193932 0.0241436
0 0.0698916 0.894582 0.0663079 0.0929862 0.0241432
0 0.708275 0.594188 0.080476 0.137011 0.0241176
0 0.89035 0.577177 0.06143 0.0608348 0.0240969
0 0.0638095 0.624012 0.0421629 0.140492 0.0236258
0 0.942352 0.799622 0.0963297 0.205394 0.0234877
0 0.0488826 0.505401 0.0948015 0.167694 0.0234053
0 0.00593224 0.843911 0.0120559 0.0655699 0.023233
0 0.852089 0.525179 0.196629 0.190247 0.0232298
0 0.212753 0.56167 0.0440222 0.0654635 0.0226788
0 0.114259 0.652315 0.0903942 0.124571 0.0226699
0 0.928531 0.569987 0.0928623 0.0750098 0.0225827
0 0.701507 0.843865 0.0980697 0.1108 0.0225754
0 0.617278 0.601871 0.0332988 0.0885757 0.022458
0 0.074863 0.627713 0.0358908 0.100302 0.0224513
0 0.76955 0.563349 0.0388741 0.0599797 0.0224248
0 0.980679 0.671291 0.0400469 0.267791 0.0222951
0 0.330569 0.824759 0.135982 0.194783 0.0220834
0 0.0381591 0.897722 0.0712388 0.112035 0.0220546
0 0.449428 0.555764 0.0115556 0.0168354 0.0220179
0 0.940983 0.850994 0.073871 0.0930976 0.0220038
0 0.530472 0.582288 0.0176505 0.0453254 0.0219815
0 0.53151 0.189848 0.030226 0.0505828 0.021891
0 0.709619 0.544778 0.0481132 0.0409819 0.0215113
0 0.63687 0.504884 0.0381075 0.0272119 0.0212737
0 0.173193 0.542146 0.120651 0.111564 0.021262
0 0.981824 0.395684 0.0312571 0.0933335 0.0211493
0 0.0758483 0.562304 0.101399 0.125033 0.0210678
0 0.948622 0.846077 0.0939676 0.133885 0.0209727
0 0.194455 0.576593 0.0462308 0.0798214 0.0206914
0 0.901146 0.688578 0.0540939 0.229336 0.0206901
0 0.373023 0.549251 0.016355 0.031291 0.020645
0 0.913886 0.663008 0.0744381 0.241466 0.0206445
0 0.444442 0.477846 0.0422299 0.0696021 0.0204861
0 0.794497 0.787663 0.20766 0.22418 0.0204239
0 0.716112 0.60604 0.0521151 0.0911511 0.0203519
0 0.965745 0.453044 0.0733049 0.165779 0.0202911
0 0.07585 0.90761 0.149198 0.220632 0.0202876
0 0.122113 0.557252 0.0943914 0.106165 0.0201175
0 0.408344 0.481254 0.0499081 0.0797888 0.019946
0 0.273797 0.525688 0.0474151 0.072333 0.0198581
0 0.560511 0.511744 0.0251577 0.0525414 0.0198524
0 0.948184 0.861231 0.0621824 0.0635032 0.0198343
0 0.384025 0.867643 0.0232849 0.0314085 0.0197301
0 0.00785201 0.865241 0.0153774 0.0710256 0.0194425
0 0.548218 0.546003 0.0230626 0.041457 0.0193323
0 0.224987 0.599209 0.0416537 0.092956 0.0193134
0 0.0271226 0.885542 0.0496649 0.0990219 0.0192873
0 0.33449 0.541583 0.0294396 0.0553952 0.019274
0 0.723035 0.801123 0.171406 0.199744 0.0192181
0 0.0545143 0.792521 0.0805775 0.117717 0.0192125
0 0.431029 0.482756 0.0514188 0.0729925 0.0191262
0 0.265587 0.583833 0.0379656 0.0785581 0.0190961
0 0.0555746 0.548148 0.096778 0.143262 0.0190297
0 0.971987 0.717142 0.0538414 0.21569 0.0190063
0 0.984898 0.40392 0.0334953 0.146533 0.0187976
0 0.987294 0.754501 0.0250553 0.174269 0.0187492
0 0.709235 0.673052 0.0625999 0.0764289 0.018713
0 0.80424 0.503124 0.0869621 0.0935056 0.0186153
0 0.929986 0.855474 0.0970247 0.121724 0.0185987
0 0.221757 0.541366 0.0552971 0.063913 0.0184522
0 0.988454 0.803415 0.0219915 0.0723029 0.0184233
0 0.0161218 0.902486 0.0313699 0.0752236 0.0183734
0 0.81163 0.526937 0.0993151 0.117389 0.018285
0 0.931689 0.735431 0.083605 0.209048 0.0182759
0 0.251762 0.584139 0.0211101 0.0454059 0.0182204
0 0.0915825 0.572407 0.0416459 0.0650094 0.0181888
0 0.0633873 0.898403 0.114886 0.124858 0.0180721
0 0.96856 0.669323 0.0601984 0.259678 0.0180437
0 0.0140283 0.884435 0.0278236 0.0753849 0.0180139
0 0.621157 0.501526 0.0342127 0.0308178 0.0178664
0 0.978372 -0.0160054 0.0419216 0.039815 0.0177565
0 0.273661 0.826012 0.133067 0.210664 0.0177344
0 0.0115075 0.662009 0.0227883 0.121878 0.0176386
0 0.945402 0.46815 0.114689 0.219359 0.0175808
0 0.80204 0.90359 0.0358856 0.0517766 0.0175554
0 0.976513 0.480026 0.0464878 0.0757149 0.0175378
0 0.9067 0.597459 0.0706984 0.111707 0.0175111
0 0.474215 0.499316 0.0194396 0.0327196 0.0174965
0 0.0387656 0.573483 0.0781097 0.0898826 0.017389
0 0.208927 0.646535 0.0272016 0.0611292 0.0173561
0 0.0819003 0.586518 0.0551794 0.0950337 0.0172903
0 0.923435 0.86689 0.0442911 0.0479492 0.0172632
0 0.609591 0.648421 0.0325748 0.0780914 0.017193
0 0.00850663 0.838879 0.0188706 0.0652812 0.0171759
0 0.290519 0.526793 0.0403463 0.0469009 0.0171219
0 0.0614728 0.9039 0.0493234 0.066708 0.017087
0 0.901523 0.868316 0.120308 0.116837 0.0170796
0 0.717235 0.56896 0.0621252 0.0846214 0.01705
0 0.460426 0.489477 0.030835 0.0542902 0.017033
0 0.449307 0.55038 0.0104908 0.016321 0.017019
0 0.336581 0.805964 0.04849 0.0903408 0.0169753
0 0.761606 0.445311 0.033835 0.0412547 0.0168827
0 0.598189 0.509785 0.0272135 0.0332846 0.0168394
0 0.246087 0.517269 0.0548138 0.0849055 0.0166933
0 0.921121 0.611448 0.071023 0.122996 0.0166497
0 0.0209285 0.901975 0.039194 0.10782 0.0165501
0 0.974086 0.801563 0.0488018 0.150002 0.0165483
0 0.123639 0.890283 0.0704833 0.0930932 0.0165467
0 0.00568759 0.815763 0.0124107 0.0875276 0.0165048
0 0.892454 0.905651 0.127004 0.154097 0.016492
0 0.878627 0.643122 0.0982416 0.169367 0.016421
0 0.265893 0.597875 0.0818278 0.132064 0.0163577
0 0.278787 0.593694 0.0347157 0.056781 0.0162637
0 0.535101 0.895854 0.0361239 0.0530204 0.0161903
0 0.367219 0.804789 0.121074 0.156215 0.0161799
0 0.931637 0.855057 0.0463305 0.064788 0.0161673
0 0.00854123 0.889909 0.0166461 0.0764845 0.0161
0 0.502975 0.866882 0.0204994 0.0387987 0.0160791
0 0.218328 0.516004 0.0825603 0.119879 0.0159362
0 0.229331 0.814665 0.133554 0.194382 0.0159158
0 0.639049 0.648844 0.0488955 0.0895959 0.0158675
0 0.609026 0.4409 0.0242391 0.0382344 0.0157602
0 0.382103 0.557033 0.0155986 0.0330603 0.0157342
0 0.26956 0.544762 0.0633039 0.0791934 0.0157234
0 0.868003 0.874043 0.0910021 0.0951224 0.015578
0 0.968787 0.395603 0.0602993 0.157457 0.0155679
0 0.110312 0.56941 0.0676673 0.0815988 0.0155605
0 0.108403 0.867186 0.0304061 0.0465552 0.0154164
0 0.141247 0.899699 0.039326 0.0479941 0.0154086
0 0.685538 0.536401 0.0563271 0.0393429 0.0153951
0 0.487591 0.500334 0.0177714 0.0266938 0.015386
0 0.184246 0.659449 0.0572707 0.0939188 0.0153839
0 0.177563 0.551037 0.0479221 0.0470491 0.015378
0 0.31307 0.527091 0.0314892 0.0537271 0.0153685
0 0.976554 0.854515 0.0448874 0.0963794 0.0153367
0 0.832813 0.491871 0.161419 0.186448 0.0153366
0 0.00798779 0.685106 0.0160778 0.100671 0.0153138
0 0.894054 0.837638 0.108154 0.114155 0.0151278
0 0.503841 0.858184 0.0239923 0.045865 0.0151256
0 0.350794 0.488507 0.0393286 0.0732188 0.0150816
0 0.0896206 0.879152 0.0561948 0.0710849 0.0150568
0 0.982352 0.837022 0.035964 0.117147 0.0150497
