0 0.5625 0.5203 0 0.102381 0.908375
0 0.5625 0.540154 0 0.11327 0.907248
0 0.5625 0.568861 0 0.163623 0.875699
0 0.5625 0.596773 0 0.349973 0.85233
0 0.5625 0.511176 0 0.0604258 0.73686
0 0.5625 0.520334 0 0.0652551 0.70008
0 0.556961 0.508663 0.0110788 0.0288261 0.343904
0 0.551151 0.505789 0.0226973 0.0341566 0.282764
0 0.498194 0.476712 0.0189461 0.0204986 0.234297
0 0.493636 0.47921 0.0279231 0.0261763 0.233302
0 0.462025 0.501703 0.0264407 0.0261048 0.196487
0 0.548689 0.504966 0.022282 0.0284209 0.194278
0 0.508739 0.452482 0.0284292 0.0359098 0.177204
0 0.507976 0.484695 0.0624533 0.054364 0.164811
0 0.510928 0.460687 0.0443554 0.0538307 0.162183
0 0.5625 0.523366 0 0.0851724 0.156912
0 0.5625 0.521568 0 0.0550732 0.140484
0 0.518977 0.488343 0.0403443 0.041018 0.138448
0 0.456517 0.50229 0.0172342 0.021661 0.138132
0 0.5625 0.707819 0 0.212978 0.134021
0 0.545691 0.505258 0.014857 0.0223109 0.133682
0 0.5625 0.514906 0 0.0467514 0.131021
0 0.5625 0.548004 0 0.123933 0.126275
0 0.402111 0.485948 0.0337292 0.0532326 0.121867
0 0.500435 0.480946 0.015008 0.0165955 0.121362
0 0.544045 0.499873 0.0191116 0.0268517 0.116063
0 0.5625 0.53332 0 0.0998714 0.113046
0 0.495333 0.488955 0.0495319 0.0433184 0.111952
0 0.470043 0.494199 0.0456871 0.0393043 0.106833
0 0.5625 0.519675 0 0.0531591 0.106804
0 0.541194 0.500249 0.0167234 0.0217493 0.102349
0 0.5625 0.504529 0 0.0849421 0.101777
0 0.5625 0.564952 0 0.141713 0.0969777
0 0.499131 0.476005 0.026119 0.0274063 0.0965499
0 0.507684 0.448193 0.0233768 0.0258082 0.0958357
0 0.5625 0.619707 0 0.366714 0.094593
0 0.562419 0.504151 0.000161505 0.0329129 0.0915766
0 0.501203 0.467958 0.0198953 0.0230833 0.0902641
0 0.176908 0.473983 0.102198 0.111492 0.0901664
0 0.46069 0.493052 0.0292738 0.0400667 0.0896822
0 0.5625 0.618683 0 0.334796 0.0887385
0 0.389941 0.483861 0.0435149 0.0563662 0.0879033
0 0.5625 0.668779 0 0.271893 0.0850128
0 0.176537 0.446992 0.0863155 0.0618465 0.0813952
0 0.5625 0.530517 0 0.0842226 0.081054
0 0.534156 0.495612 0.0138862 0.0187095 0.0783143
0 0.507484 0.465492 0.0178061 0.0224756 0.0781066
0 0.528782 0.493642 0.0193625 0.0260663 0.0774474
0 0.5625 0.604813 0 0.381018 0.0757985
0 0.48217 0.492401 0.0172283 0.0203729 0.0756716
0 0.97881 0.712358 0.0416483 0.204925 0.0752463
0 0.564846 0.5134 0.0149405 0.0314813 0.0721285
0 0.41134 0.485445 0.0550097 0.0567133 0.0693758
0 0.502512 0.472709 0.0188977 0.0195703 0.0681726
0 0.49104 0.487842 0.0330724 0.028242 0.065076
0 0.188482 0.465203 0.0732069 0.0854925 0.0642618
0 0.498322 0.487379 0.0135323 0.0167972 0.0623019
0 0.558241 0.497032 0.0179718 0.0358548 0.0622773
0 0.452881 0.48511 0.0320916 0.0543666 0.0617344
0 0.531209 0.501193 0.0209268 0.023452 0.0613739
0 0.990882 0.751546 0.0178671 0.247653 0.0608455
0 0.190171 0.451076 0.0577108 0.055289 0.0605115
0 0.467684 0.500458 0.0227188 0.0230934 0.0603807
0 0.700989 0.503034 0.040311 0.0395002 0.0599831
0 0.110906 0.462458 0.232743 0.192001 0.0595386
0 0.512625 0.445142 0.0192188 0.0278549 0.0572075
0 0.519648 0.489344 0.027133 0.034841 0.056745
0 0.204803 0.481783 0.0692503 0.0953642 0.0564069
0 0.486874 0.486917 0.0183415 0.0213192 0.0561371
0 0.936175 0.678371 0.131656 0.224636 0.055901
0 0.965524 0.5598 0.0671444 0.216585 0.055292
0 0.511728 0.49939 0.0163224 0.0223587 0.0550657
0 0.0357766 0.445835 0.0705977 0.130819 0.052681
0 0.720121 0.500414 0.0368007 0.0362184 0.0517841
0 0.493583 0.483337 0.0218572 0.0229663 0.0506799
0 0.181792 0.398486 0.114357 0.0982029 0.0497754
0 0.506695 0.426407 0.0313169 0.0468611 0.0496792
0 0.526126 0.489733 0.0248675 0.0279513 0.0496565
0 0.982047 0.611809 0.0366056 0.266191 0.0489478
0 0.506486 0.446779 0.0143486 0.019622 0.0486849
0 0.817574 0.605022 0.126973 0.220543 0.0485769
0 0.485736 0.469896 0.0748199 0.0709997 0.0485109
0 0.423403 0.48746 0.0513399 0.0479125 0.0481033
0 0.966129 0.705154 0.0632925 0.186797 0.0479501
0 0.163555 0.448364 0.0679187 0.0509761 0.0478433
0 0.401802 0.487757 0.0248949 0.0423338 0.0478132
0 0.443387 0.488687 0.0486298 0.0507793 0.0463138
0 0.396135 0.486292 0.020704 0.0427105 0.0462076
0 0.723904 0.522497 0.054972 0.0696629 0.0460618
0 0.23354 0.499278 0.0295658 0.0549082 0.0457692
0 0.160397 0.459853 0.0651952 0.0564762 0.0450188
0 0.494959 0.472746 0.020385 0.028982 0.0443793
0 0.483424 0.485761 0.0196086 0.0262636 0.0440666
0 0.472649 0.499391 0.0155519 0.0196762 0.0439403
0 0.468461 0.505429 0.0170564 0.0239657 0.0435655
0 0.0663118 0.855976 0.116711 0.216459 0.0432299
0 0.223823 0.484985 0.0571109 0.0959023 0.0431068
0 0.642323 0.527827 0.0446618 0.0879893 0.0427963
0 0.407498 0.471139 0.0468884 0.0878699 0.0421637
0 0.981533 0.528577 0.0374445 0.245485 0.0420671
0 0.158817 0.49244 0.0886744 0.101335 0.0417527
0 0.0548917 0.473982 0.109008 0.204897 0.0416707
0 0.124389 0.420302 0.236925 0.162189 0.041499
0 0.756861 0.52416 0.109317 0.0768116 0.0410437
0 0.759507 0.550486 0.103272 0.12402 0.0406024
0 0.782927 0.569294 0.0619767 0.152563 0.040154
0 0.450086 0.497613 0.0188754 0.028221 0.0398531
0 0.0500814 0.433334 0.102253 0.128799 0.0392415
0 0.778848 0.597037 0.0786976 0.168329 0.039206
0 0.551178 0.501202 0.0168864 0.0234483 0.0384163
0 0.151169 0.396877 0.17599 0.124479 0.0381773
0 0.985438 0.75123 0.0295828 0.268102 0.0380622
0 0.0479651 0.877867 0.0932626 0.205399 0.0376968
0 0.322245 0.477119 0.130829 0.110882 0.0365757
0 0.987056 0.586406 0.0252731 0.21009 0.0363331
0 0.381875 0.482263 0.0654041 0.0684612 0.0361641
0 0.385233 0.421625 0.0184602 0.0259421 0.0359561
0 0.751147 0.562732 0.0800619 0.17343 0.0357865
0 0.839274 0.586633 0.153116 0.278482 0.035635
0 0.5835 0.499355 0.016837 0.0316633 0.0356296
0 0.0307008 0.506386 0.06389 0.206362 0.0356089
0 0.675485 0.499514 0.0563412 0.050505 0.0353406
0 0.801108 0.586346 0.0970699 0.176014 0.0349327
0 0.586954 0.496473 0.0179876 0.0310443 0.0342461
0 0.957043 0.597513 0.0783411 0.185697 0.0339277
0 0.361637 0.46944 0.0675612 0.0630854 0.0334402
0 0.552065 0.402291 0.0325652 0.040621 0.0333688
0 0.708973 0.499956 0.0256542 0.0271795 0.0333633
0 0.98643 0.501999 0.026697 0.183432 0.0333542
0 0.307526 0.460296 0.159646 0.157401 0.0330526
0 0.0121382 0.407631 0.0262491 0.0595979 0.0329186
0 0.94817 0.694306 0.0975468 0.173811 0.0327232
0 0.778621 0.526206 0.0673826 0.0706073 0.0320483
0 0.422769 0.471873 0.0803064 0.0951202 0.0317257
0 0.939725 0.463387 0.106919 0.0842107 0.0312176
0 0.232389 0.470235 0.0724144 0.125053 0.0311575
0 0.500635 0.449548 0.0151929 0.0206269 0.0308312
0 0.320282 0.464186 0.0997302 0.0863903 0.0306475
0 0.941674 0.729982 0.116111 0.251119 0.0305182
0 0.970772 0.509867 0.057198 0.189557 0.0303447
0 0.730091 0.586889 0.0765157 0.123663 0.0302566
0 0.789142 0.509553 0.0443363 0.0381274 0.0300771
0 0.719227 0.497109 0.0235611 0.024196 0.0299734
0 0.612547 0.510222 0.0346333 0.0808124 0.0299511
0 0.411717 0.490263 0.0216825 0.0350004 0.029916
0 0.944679 0.49676 0.0999285 0.163932 0.0298
0 0.617442 0.456334 0.0718395 0.0860995 0.0296707
0 0.952982 0.657912 0.0809238 0.220442 0.0293295
0 0.0521943 0.344005 0.107465 0.0862043 0.0288959
0 0.259507 0.290549 0.0192461 0.0321481 0.0288465
0 0.622089 0.543569 0.049692 0.119077 0.028515
0 0.941287 0.574122 0.114542 0.175931 0.0284916
0 0.979979 0.493161 0.0401611 0.149498 0.0284102
0 0.701165 0.34907 0.0176383 0.0298122 0.0283951
0 0.901898 0.496867 0.18219 0.147578 0.0283719
0 0.480026 0.49669 0.014502 0.018187 0.0281275
0 0.554845 0.423246 0.0419474 0.0626045 0.0279359
0 0.610065 0.489476 0.0199884 0.0337096 0.0278825
0 0.607865 0.465426 0.0415068 0.0933689 0.0278341
0 0.985081 0.439628 0.0294764 0.0708832 0.0277686
0 0.567074 0.500255 0.0170346 0.0263083 0.0275049
0 0.137568 0.472182 0.032195 0.043915 0.0274364
0 0.389842 0.440548 0.0243839 0.0418133 0.0273496
0 0.202413 0.401723 0.0738273 0.0801815 0.0271849
0 0.601644 0.498282 0.0178209 0.0357957 0.0270695
0 0.952038 0.371982 0.0597759 0.114117 0.0270372
0 0.0447956 0.460055 0.0808166 0.0907791 0.0269332
0 0.243375 0.488736 0.0541358 0.0987592 0.0268755
0 0.198137 0.446283 0.0815187 0.111371 0.0268101
0 0.69669 0.494994 0.0255322 0.0273691 0.0267857
0 0.121008 0.360564 0.094821 0.0701714 0.0267418
0 0.494481 0.300686 0.0578073 0.0507923 0.0266615
0 0.401874 0.498232 0.0226076 0.0385082 0.0263709
0 0.806073 0.640149 0.0670083 0.154509 0.0257733
0 0.158028 0.387471 0.126205 0.0893423 0.0257524
0 0.260442 0.296303 0.0288966 0.0386047 0.0254253
0 0.989921 0.455021 0.0211977 0.0823846 0.0252707
0 0.888836 0.468387 0.14112 0.0873889 0.0252306
0 0.856514 0.48498 0.11562 0.109733 0.0252157
0 0.911408 0.68189 0.091415 0.174056 0.0251326
0 0.466028 0.459789 0.0288522 0.0409759 0.0250008
0 0.0169973 0.467216 0.0326352 0.117361 0.024938
0 0.962263 0.43894 0.0660788 0.0577287 0.0248706
0 0.011773 0.381713 0.0233751 0.0410333 0.0246687
0 0.78449 0.60238 0.0464121 0.183788 0.0245417
0 0.0282279 0.345277 0.0542941 0.0740457 0.0245233
0 0.812153 0.554387 0.0918934 0.153034 0.0244942
0 0.136895 0.499339 0.0781539 0.093419 0.0243309
0 0.110106 0.501947 0.0969101 0.105296 0.0243268
0 0.236515 0.436291 0.0869005 0.144216 0.0241313
0 0.365235 0.489358 0.0864179 0.0880163 0.0238471
0 0.700258 0.363941 0.0186446 0.0356577 0.0238445
0 0.133948 0.486012 0.0455228 0.0638173 0.0238206
0 0.662873 0.479871 0.0276263 0.0268052 0.0237254
0 0.242451 0.514891 0.0443097 0.0801479 0.0236156
0 0.48327 0.297145 0.0362296 0.0383497 0.0235893
0 0.848749 0.509293 0.0989321 0.110486 0.0235646
0 0.285862 0.440005 0.0977687 0.132496 0.0234768
0 0.0138018 0.350267 0.0282423 0.0585672 0.023353
0 0.264117 0.486128 0.0782948 0.111198 0.0231489
0 0.0277516 0.517831 0.0546275 0.144518 0.0230594
0 0.262604 0.401487 0.0497464 0.0566873 0.0229517
0 0.968537 0.470945 0.0624163 0.100702 0.0227893
0 0.89192 0.452693 0.116837 0.066317 0.0227732
0 0.0182204 0.848474 0.0383212 0.230512 0.0227411
0 0.0587105 0.37824 0.106084 0.16521 0.0225878
0 0.657076 0.504551 0.0207236 0.034154 0.0225702
0 0.545056 0.381984 0.0231368 0.0287921 0.022558
0 0.0903612 0.851122 0.131209 0.181546 0.022521
0 0.443354 0.495646 0.0257995 0.0286603 0.0225081
0 0.303954 0.502249 0.127027 0.121825 0.0224863
0 0.338688 0.466936 0.0710812 0.0694378 0.022363
0 0.505895 0.497965 0.0156308 0.0185469 0.0223316
0 0.323509 0.433909 0.129286 0.142786 0.0222249
0 0.136902 0.434877 0.111952 0.0968423 0.0221815
0 0.0136692 0.426383 0.0269938 0.0998828 0.0221505
0 0.834656 0.563507 0.116869 0.158839 0.0220446
0 0.956916 0.828404 0.0855562 0.245048 0.0219953
0 0.069665 0.348266 0.0750666 0.0599826 0.0219888
0 0.255074 0.514921 0.0530371 0.0842207 0.021962
0 0.883327 0.487379 0.103214 0.103817 0.0218885
0 0.836018 0.642002 0.127174 0.222919 0.0218873
0 0.633549 0.475111 0.039503 0.0405842 0.0218161
0 0.713243 0.487248 0.0249638 0.0329791 0.0218071
0 0.0148575 0.509004 0.029161 0.154631 0.0217834
0 0.293993 0.402353 0.0618072 0.0693359 0.0216833
0 0.118737 0.478192 0.0668061 0.0643726 0.0216725
0 0.703379 0.36694 0.0230808 0.0463816 0.0215824
0 0.664497 0.473005 0.0347001 0.0311612 0.0215183
0 0.02219 0.419501 0.0417718 0.0845945 0.0215155
0 0.59037 0.500534 0.0181413 0.0334397 0.0211748
0 0.924304 0.551429 0.108946 0.160488 0.0211057
0 0.379549 0.286035 0.0270815 0.0238392 0.0210954
0 0.515867 0.376332 0.0382799 0.0437926 0.0210575
0 0.5698 0.320014 0.127771 0.204575 0.0210475
0 0.74955 0.584116 0.0597425 0.127263 0.0210254
0 0.0450194 0.495973 0.0837754 0.129279 0.0210237
0 0.707139 0.39428 0.0282513 0.035082 0.0210191
0 0.434578 0.506101 0.024746 0.0355776 0.0209771
0 0.845004 0.481355 0.0754894 0.0880213 0.0209502
0 0.921621 0.477626 0.123385 0.1024 0.0207867
0 0.362728 0.503211 0.0691359 0.0850114 0.0207835
0 0.0736432 0.516228 0.14183 0.199974 0.0207377
0 0.504701 0.38075 0.0442482 0.0495399 0.0207069
0 0.238481 0.403392 0.0729728 0.0864311 0.0206992
0 0.0602054 0.452496 0.0719204 0.0740967 0.0206175
0 0.0959448 0.348937 0.0424497 0.0413369 0.0205853
0 0.334767 0.500837 0.116308 0.119703 0.0204287
0 0.137348 0.375492 0.104165 0.0703131 0.0204105
0 0.718837 0.396412 0.033626 0.0344554 0.020392
0 0.920615 0.855941 0.157313 0.260906 0.0203598
0 0.48737 0.397896 0.0547361 0.082777 0.0203409
0 0.489108 0.306313 0.0432705 0.0393516 0.0203168
0 0.475428 0.295644 0.0273702 0.0304185 0.0202633
0 0.920727 0.451943 0.0924482 0.0608394 0.0202603
0 0.0508167 0.808866 0.0909905 0.260691 0.0202517
0 0.859714 0.419325 0.048855 0.0374521 0.0202056
0 0.929585 0.289589 0.128676 0.231771 0.0200697
0 0.986463 0.397138 0.0259518 0.0748041 0.0199928
0 0.251684 0.425946 0.0698786 0.102423 0.0198428
0 0.602687 0.463727 0.0414513 0.0600477 0.019803
0 0.886408 0.517656 0.107986 0.135327 0.0197921
0 0.809771 0.481917 0.0786904 0.0838437 0.0197886
0 0.354613 0.456453 0.125702 0.131535 0.0197868
0 0.922338 0.51817 0.0839058 0.127223 0.0196178
0 0.773759 0.489603 0.12935 0.15346 0.0196107
0 0.562142 0.437961 0.0619156 0.0922562 0.0195855
0 0.957579 0.382304 0.0865726 0.19958 0.0195697
0 0.467736 0.471147 0.017253 0.0259589 0.019565
0 0.92183 0.621433 0.12402 0.212114 0.0194795
0 0.752708 0.508021 0.0569473 0.0410103 0.0194231
0 0.447111 0.504154 0.0167685 0.0227802 0.0192878
0 0.0741021 0.431554 0.106436 0.114412 0.0191914
0 0.992889 0.808695 0.0148104 0.161087 0.0191798
0 0.373347 0.330905 0.0523748 0.0602946 0.0190679
0 0.974459 0.449109 0.0495953 0.0585072 0.0190608
0 0.0757935 0.503854 0.120936 0.120181 0.0190572
0 0.884663 0.572299 0.0777723 0.133809 0.0190452
0 0.491295 0.380374 0.0357809 0.0441881 0.0189387
0 0.865852 0.461822 0.0915085 0.0698823 0.0189272
0 0.786656 0.643718 0.0391837 0.0930998 0.0187548
0 0.904492 0.589498 0.0896122 0.146114 0.0187544
0 0.947057 0.519428 0.10091 0.26625 0.0187255
0 0.23334 0.384135 0.0569982 0.0618317 0.0187202
0 0.871442 0.44612 0.0990765 0.0622044 0.0186993
0 0.114557 0.380569 0.229013 0.152128 0.0186769
0 0.88966 0.551428 0.105246 0.160487 0.0186257
0 0.684866 0.54988 0.050633 0.0989441 0.0185376
0 0.506477 0.338221 0.038158 0.0310514 0.0185164
0 0.692931 0.24955 0.0246839 0.0428766 0.0184621
0 0.654243 0.477151 0.0403153 0.0298982 0.0183612
0 0.382639 0.51249 0.0283528 0.0440793 0.0183163
0 0.546852 0.430233 0.0296682 0.0490058 0.018293
0 0.851539 0.536511 0.119999 0.148399 0.0179935
0 0.773948 0.508139 0.0613044 0.0408891 0.0179198
0 0.775693 0.782879 0.11917 0.208062 0.017847
0 0.35513 0.420379 0.0660062 0.0639248 0.0177708
0 0.820326 0.281415 0.209334 0.25232 0.017719
0 0.627774 0.136846 0.0270006 0.0321539 0.0176887
0 0.0910559 0.468457 0.0718618 0.0751703 0.0175678
0 0.5625 0.5203 0 0.102381 0.908375
0 0.5625 0.540154 0 0.11327 0.907248
0 0.5625 0.568861 0 0.163623 0.875699
0 0.5625 0.596773 0 0.349973 0.85233
0 0.5625 0.511176 0 0.0604258 0.73686
0 0.5625 0.520334 0 0.0652551 0.70008
0 0.556961 0.508663 0.0110788 0.0288261 0.343904
0 0.551151 0.505789 0.0226973 0.0341566 0.282764
0 0.498194 0.476712 0.0189461 0.0204986 0.234297
0 0.493636 0.47921 0.0279231 0.0261763 0.233302
0 0.462025 0.501703 0.0264407 0.0261048 0.196487
0 0.548689 0.504966 0.022282 0.0284209 0.194278
0 0.508739 0.452482 0.0284292 0.0359098 0.177204
0 0.507976 0.484695 0.0624533 0.054364 0.164811
0 0.510928 0.460687 0.0443554 0.0538307 0.162183
0 0.5625 0.523366 0 0.0851724 0.156912
0 0.5625 0.521568 0 0.0550732 0.140484
0 0.518977 0.488343 0.0403443 0.041018 0.138448
0 0.456517 0.50229 0.0172342 0.021661 0.138132
0 0.5625 0.707819 0 0.212978 0.134021
0 0.545691 0.505258 0.014857 0.0223109 0.133682
0 0.5625 0.514906 0 0.0467514 0.131021
0 0.5625 0.548004 0 0.123933 0.126275
0 0.402111 0.485948 0.0337292 0.0532326 0.121867
0 0.500435 0.480946 0.015008 0.0165955 0.121362
0 0.544045 0.499873 0.0191116 0.0268517 0.116063
0 0.5625 0.53332 0 0.0998714 0.113046
0 0.495333 0.488955 0.0495319 0.0433184 0.111952
0 0.470043 0.494199 0.0456871 0.0393043 0.106833
0 0.5625 0.519675 0 0.0531591 0.106804
0 0.541194 0.500249 0.0167234 0.0217493 0.102349
0 0.5625 0.504529 0 0.0849421 0.101777
0 0.5625 0.564952 0 0.141713 0.0969777
0 0.499131 0.476005 0.026119 0.0274063 0.0965499
0 0.507684 0.448193 0.0233768 0.0258082 0.0958357
0 0.5625 0.619707 0 0.366714 0.094593
0 0.562419 0.504151 0.000161505 0.0329129 0.0915766
0 0.501203 0.467958 0.0198953 0.0230833 0.0902641
0 0.176908 0.473983 0.102198 0.111492 0.0901664
0 0.46069 0.493052 0.0292738 0.0400667 0.0896822
0 0.5625 0.618683 0 0.334796 0.0887385
0 0.389941 0.483861 0.0435149 0.0563662 0.0879033
0 0.5625 0.668779 0 0.271893 0.0850128
0 0.176537 0.446992 0.0863155 0.0618465 0.0813952
0 0.5625 0.530517 0 0.0842226 0.081054
0 0.534156 0.495612 0.0138862 0.0187095 0.0783143
0 0.507484 0.465492 0.0178061 0.0224756 0.0781066
0 0.528782 0.493642 0.0193625 0.0260663 0.0774474
0 0.5625 0.604813 0 0.381018 0.0757985
0 0.48217 0.492401 0.0172283 0.0203729 0.0756716
0 0.97881 0.712358 0.0416483 0.204925 0.0752463
0 0.564846 0.5134 0.0149405 0.0314813 0.0721285
0 0.41134 0.485445 0.0550097 0.0567133 0.0693758
0 0.502512 0.472709 0.0188977 0.0195703 0.0681726
0 0.49104 0.487842 0.0330724 0.028242 0.065076
0 0.188482 0.465203 0.0732069 0.0854925 0.0642618
0 0.498322 0.487379 0.0135323 0.0167972 0.0623019
0 0.558241 0.497032 0.0179718 0.0358548 0.0622773
0 0.452881 0.48511 0.0320916 0.0543666 0.0617344
0 0.531209 0.501193 0.0209268 0.023452 0.0613739
0 0.990882 0.751546 0.0178671 0.247653 0.0608455
0 0.190171 0.451076 0.0577108 0.055289 0.0605115
0 0.467684 0.500458 0.0227188 0.0230934 0.0603807
0 0.700989 0.503034 0.040311 0.0395002 0.0599831
0 0.110906 0.462458 0.232743 0.192001 0.0595386
0 0.512625 0.445142 0.0192188 0.0278549 0.0572075
0 0.519648 0.489344 0.027133 0.034841 0.056745
0 0.204803 0.481783 0.0692503 0.0953642 0.0564069
0 0.486874 0.486917 0.0183415 0.0213192 0.0561371
0 0.936175 0.678371 0.131656 0.224636 0.055901
0 0.965524 0.5598 0.0671444 0.216585 0.055292
0 0.511728 0.49939 0.0163224 0.0223587 0.0550657
0 0.0357766 0.445835 0.0705977 0.130819 0.052681
0 0.720121 0.500414 0.0368007 0.0362184 0.0517841
0 0.493583 0.483337 0.0218572 0.0229663 0.0506799
0 0.181792 0.398486 0.114357 0.0982029 0.0497754
0 0.506695 0.426407 0.0313169 0.0468611 0.0496792
0 0.526126 0.489733 0.0248675 0.0279513 0.0496565
0 0.982047 0.611809 0.0366056 0.266191 0.0489478
0 0.506486 0.446779 0.0143486 0.019622 0.0486849
0 0.817574 0.605022 0.126973 0.220543 0.0485769
0 0.485736 0.469896 0.0748199 0.0709997 0.0485109
0 0.423403 0.48746 0.0513399 0.0479125 0.0481033
0 0.966129 0.705154 0.0632925 0.186797 0.0479501
0 0.163555 0.448364 0.0679187 0.0509761 0.0478433
0 0.401802 0.487757 0.0248949 0.0423338 0.0478132
0 0.443387 0.488687 0.0486298 0.0507793 0.0463138
0 0.396135 0.486292 0.020704 0.0427105 0.0462076
0 0.723904 0.522497 0.054972 0.0696629 0.0460618
0 0.23354 0.499278 0.0295658 0.0549082 0.0457692
0 0.160397 0.459853 0.0651952 0.0564762 0.0450188
0 0.494959 0.472746 0.020385 0.028982 0.0443793
0 0.483424 0.485761 0.0196086 0.0262636 0.0440666
0 0.472649 0.499391 0.0155519 0.0196762 0.0439403
0 0.468461 0.505429 0.0170564 0.0239657 0.0435655
0 0.0663118 0.855976 0.116711 0.216459 0.0432299
0 0.223823 0.484985 0.0571109 0.0959023 0.0431068
0 0.642323 0.527827 0.0446618 0.0879893 0.0427963
0 0.407498 0.471139 0.0468884 0.0878699 0.0421637
0 0.981533 0.528577 0.0374445 0.245485 0.0420671
0 0.158817 0.49244 0.0886744 0.101335 0.0417527
0 0.0548917 0.473982 0.109008 0.204897 0.0416707
0 0.124389 0.420302 0.236925 0.162189 0.041499
0 0.756861 0.52416 0.109317 0.0768116 0.0410437
0 0.759507 0.550486 0.103272 0.12402 0.0406024
0 0.782927 0.569294 0.0619767 0.152563 0.040154
0 0.450086 0.497613 0.0188754 0.028221 0.0398531
0 0.0500814 0.433334 0.102253 0.128799 0.0392415
0 0.778848 0.597037 0.0786976 0.168329 0.039206
0 0.551178 0.501202 0.0168864 0.0234483 0.0384163
0 0.151169 0.396877 0.17599 0.124479 0.0381773
0 0.985438 0.75123 0.0295828 0.268102 0.0380622
0 0.0479651 0.877867 0.0932626 0.205399 0.0376968
0 0.322245 0.477119 0.130829 0.110882 0.0365757
0 0.987056 0.586406 0.0252731 0.21009 0.0363331
0 0.381875 0.482263 0.0654041 0.0684612 0.0361641
0 0.385233 0.421625 0.0184602 0.0259421 0.0359561
0 0.751147 0.562732 0.0800619 0.17343 0.0357865
0 0.839274 0.586633 0.153116 0.278482 0.035635
0 0.5835 0.499355 0.016837 0.0316633 0.0356296
0 0.0307008 0.506386 0.06389 0.206362 0.0356089
0 0.675485 0.499514 0.0563412 0.050505 0.0353406
0 0.801108 0.586346 0.0970699 0.176014 0.0349327
0 0.586954 0.496473 0.0179876 0.0310443 0.0342461
0 0.957043 0.597513 0.0783411 0.185697 0.0339277
0 0.361637 0.46944 0.0675612 0.0630854 0.0334402
0 0.552065 0.402291 0.0325652 0.040621 0.0333688
0 0.708973 0.499956 0.0256542 0.0271795 0.0333633
0 0.98643 0.501999 0.026697 0.183432 0.0333542
0 0.307526 0.460296 0.159646 0.157401 0.0330526
0 0.0121382 0.407631 0.0262491 0.0595979 0.0329186
0 0.94817 0.694306 0.0975468 0.173811 0.0327232
0 0.778621 0.526206 0.0673826 0.0706073 0.0320483
0 0.422769 0.471873 0.0803064 0.0951202 0.0317257
0 0.939725 0.463387 0.106919 0.0842107 0.0312176
0 0.232389 0.470235 0.0724144 0.125053 0.0311575
0 0.500635 0.449548 0.0151929 0.0206269 0.0308312
0 0.320282 0.464186 0.0997302 0.0863903 0.0306475
0 0.941674 0.729982 0.116111 0.251119 0.0305182
0 0.970772 0.509867 0.057198 0.189557 0.0303447
0 0.730091 0.586889 0.0765157 0.123663 0.0302566
0 0.789142 0.509553 0.0443363 0.0381274 0.0300771
0 0.719227 0.497109 0.0235611 0.024196 0.0299734
0 0.612547 0.510222 0.0346333 0.0808124 0.0299511
0 0.411717 0.490263 0.0216825 0.0350004 0.029916
0 0.944679 0.49676 0.0999285 0.163932 0.0298
0 0.617442 0.456334 0.0718395 0.0860995 0.0296707
0 0.952982 0.657912 0.0809238 0.220442 0.0293295
0 0.0521943 0.344005 0.107465 0.0862043 0.0288959
0 0.259507 0.290549 0.0192461 0.0321481 0.0288465
0 0.622089 0.543569 0.049692 0.119077 0.028515
0 0.941287 0.574122 0.114542 0.175931 0.0284916
0 0.979979 0.493161 0.0401611 0.149498 0.0284102
0 0.701165 0.34907 0.0176383 0.0298122 0.0283951
0 0.901898 0.496867 0.18219 0.147578 0.0283719
0 0.480026 0.49669 0.014502 0.018187 0.0281275
0 0.554845 0.423246 0.0419474 0.0626045 0.0279359
0 0.610065 0.489476 0.0199884 0.0337096 0.0278825
0 0.607865 0.465426 0.0415068 0.0933689 0.0278341
0 0.985081 0.439628 0.0294764 0.0708832 0.0277686
0 0.567074 0.500255 0.0170346 0.0263083 0.0275049
0 0.137568 0.472182 0.032195 0.043915 0.0274364
0 0.389842 0.440548 0.0243839 0.0418133 0.0273496
0 0.202413 0.401723 0.0738273 0.0801815 0.0271849
0 0.601644 0.498282 0.0178209 0.0357957 0.0270695
0 0.952038 0.371982 0.0597759 0.114117 0.0270372
0 0.0447956 0.460055 0.0808166 0.0907791 0.0269332
0 0.243375 0.488736 0.0541358 0.0987592 0.0268755
0 0.198137 0.446283 0.0815187 0.111371 0.0268101
0 0.69669 0.494994 0.0255322 0.0273691 0.0267857
0 0.121008 0.360564 0.094821 0.0701714 0.0267418
0 0.494481 0.300686 0.0578073 0.0507923 0.0266615
0 0.401874 0.498232 0.0226076 0.0385082 0.0263709
0 0.806073 0.640149 0.0670083 0.154509 0.0257733
0 0.158028 0.387471 0.126205 0.0893423 0.0257524
0 0.260442 0.296303 0.0288966 0.0386047 0.0254253
0 0.989921 0.455021 0.0211977 0.0823846 0.0252707
0 0.888836 0.468387 0.14112 0.0873889 0.0252306
0 0.856514 0.48498 0.11562 0.109733 0.0252157
0 0.911408 0.68189 0.091415 0.174056 0.0251326
0 0.466028 0.459789 0.0288522 0.0409759 0.0250008
0 0.0169973 0.467216 0.0326352 0.117361 0.024938
0 0.962263 0.43894 0.0660788 0.0577287 0.0248706
0 0.011773 0.381713 0.0233751 0.0410333 0.0246687
0 0.78449 0.60238 0.0464121 0.183788 0.0245417
0 0.0282279 0.345277 0.0542941 0.0740457 0.0245233
0 0.812153 0.554387 0.0918934 0.153034 0.0244942
0 0.136895 0.499339 0.0781539 0.093419 0.0243309
0 0.110106 0.501947 0.0969101 0.105296 0.0243268
0 0.236515 0.436291 0.0869005 0.144216 0.0241313
0 0.365235 0.489358 0.0864179 0.0880163 0.0238471
0 0.700258 0.363941 0.0186446 0.0356577 0.0238445
0 0.133948 0.486012 0.0455228 0.0638173 0.0238206
0 0.662873 0.479871 0.0276263 0.0268052 0.0237254
0 0.242451 0.514891 0.0443097 0.0801479 0.0236156
0 0.48327 0.297145 0.0362296 0.0383497 0.0235893
0 0.848749 0.509293 0.0989321 0.110486 0.0235646
0 0.285862 0.440005 0.0977687 0.132496 0.0234768
0 0.0138018 0.350267 0.0282423 0.0585672 0.023353
0 0.264117 0.486128 0.0782948 0.111198 0.0231489
0 0.0277516 0.517831 0.0546275 0.144518 0.0230594
0 0.262604 0.401487 0.0497464 0.0566873 0.0229517
0 0.968537 0.470945 0.0624163 0.100702 0.0227893
0 0.89192 0.452693 0.116837 0.066317 0.0227732
0 0.0182204 0.848474 0.0383212 0.230512 0.0227411
0 0.0587105 0.37824 0.106084 0.16521 0.0225878
0 0.657076 0.504551 0.0207236 0.034154 0.0225702
0 0.545056 0.381984 0.0231368 0.0287921 0.022558
0 0.0903612 0.851122 0.131209 0.181546 0.022521
0 0.443354 0.495646 0.0257995 0.0286603 0.0225081
0 0.303954 0.502249 0.127027 0.121825 0.0224863
0 0.338688 0.466936 0.0710812 0.0694378 0.022363
0 0.505895 0.497965 0.0156308 0.0185469 0.0223316
0 0.323509 0.433909 0.129286 0.142786 0.0222249
0 0.136902 0.434877 0.111952 0.0968423 0.0221815
0 0.0136692 0.426383 0.0269938 0.0998828 0.0221505
0 0.834656 0.563507 0.116869 0.158839 0.0220446
0 0.956916 0.828404 0.0855562 0.245048 0.0219953
0 0.069665 0.348266 0.0750666 0.0599826 0.0219888
0 0.255074 0.514921 0.0530371 0.0842207 0.021962
0 0.883327 0.487379 0.103214 0.103817 0.0218885
0 0.836018 0.642002 0.127174 0.222919 0.0218873
0 0.633549 0.475111 0.039503 0.0405842 0.0218161
0 0.713243 0.487248 0.0249638 0.0329791 0.0218071
0 0.0148575 0.509004 0.029161 0.154631 0.0217834
0 0.293993 0.402353 0.0618072 0.0693359 0.0216833
0 0.118737 0.478192 0.0668061 0.0643726 0.0216725
0 0.703379 0.36694 0.0230808 0.0463816 0.0215824
0 0.664497 0.473005 0.0347001 0.0311612 0.0215183
0 0.02219 0.419501 0.0417718 0.0845945 0.0215155
0 0.59037 0.500534 0.0181413 0.0334397 0.0211748
0 0.924304 0.551429 0.108946 0.160488 0.0211057
0 0.379549 0.286035 0.0270815 0.0238392 0.0210954
0 0.515867 0.376332 0.0382799 0.0437926 0.0210575
0 0.5698 0.320014 0.127771 0.204575 0.0210475
0 0.74955 0.584116 0.0597425 0.127263 0.0210254
0 0.0450194 0.495973 0.0837754 0.129279 0.0210237
0 0.707139 0.39428 0.0282513 0.035082 0.0210191
0 0.434578 0.506101 0.024746 0.0355776 0.0209771
0 0.845004 0.481355 0.0754894 0.0880213 0.0209502
0 0.921621 0.477626 0.123385 0.1024 0.0207867
0 0.362728 0.503211 0.0691359 0.0850114 0.0207835
0 0.0736432 0.516228 0.14183 0.199974 0.0207377
0 0.504701 0.38075 0.0442482 0.0495399 0.0207069
0 0.238481 0.403392 0.0729728 0.0864311 0.0206992
0 0.0602054 0.452496 0.0719204 0.0740967 0.0206175
0 0.0959448 0.348937 0.0424497 0.0413369 0.0205853
0 0.334767 0.500837 0.116308 0.119703 0.0204287
0 0.137348 0.375492 0.104165 0.0703131 0.0204105
0 0.718837 0.396412 0.033626 0.0344554 0.020392
0 0.920615 0.855941 0.157313 0.260906 0.0203598
0 0.48737 0.397896 0.0547361 0.082777 0.0203409
0 0.489108 0.306313 0.0432705 0.0393516 0.0203168
0 0.475428 0.295644 0.0273702 0.0304185 0.0202633
0 0.920727 0.451943 0.0924482 0.0608394 0.0202603
0 0.0508167 0.808866 0.0909905 0.260691 0.0202517
0 0.859714 0.419325 0.048855 0.0374521 0.0202056
0 0.929585 0.289589 0.128676 0.231771 0.0200697
0 0.986463 0.397138 0.0259518 0.0748041 0.0199928
0 0.251684 0.425946 0.0698786 0.102423 0.0198428
0 0.602687 0.463727 0.0414513 0.0600477 0.019803
0 0.886408 0.517656 0.107986 0.135327 0.0197921
0 0.809771 0.481917 0.0786904 0.0838437 0.0197886
0 0.354613 0.456453 0.125702 0.131535 0.0197868
0 0.922338 0.51817 0.0839058 0.127223 0.0196178
0 0.773759 0.489603 0.12935 0.15346 0.0196107
0 0.562142 0.437961 0.0619156 0.0922562 0.0195855
0 0.957579 0.382304 0.0865726 0.19958 0.0195697
0 0.467736 0.471147 0.017253 0.0259589 0.019565
0 0.92183 0.621433 0.12402 0.212114 0.0194795
0 0.752708 0.508021 0.0569473 0.0410103 0.0194231
0 0.447111 0.504154 0.0167685 0.0227802 0.0192878
0 0.0741021 0.431554 0.106436 0.114412 0.0191914
0 0.992889 0.808695 0.0148104 0.161087 0.0191798
0 0.373347 0.330905 0.0523748 0.0602946 0.0190679
0 0.974459 0.449109 0.0495953 0.0585072 0.0190608
0 0.0757935 0.503854 0.120936 0.120181 0.0190572
0 0.884663 0.572299 0.0777723 0.133809 0.0190452
0 0.491295 0.380374 0.0357809 0.0441881 0.0189387
0 0.865852 0.461822 0.0915085 0.0698823 0.0189272
0 0.786656 0.643718 0.0391837 0.0930998 0.0187548
0 0.904492 0.589498 0.0896122 0.146114 0.0187544
0 0.947057 0.519428 0.10091 0.26625 0.0187255
0 0.23334 0.384135 0.0569982 0.0618317 0.0187202
0 0.871442 0.44612 0.0990765 0.0622044 0.0186993
0 0.114557 0.380569 0.229013 0.152128 0.0186769
0 0.88966 0.551428 0.105246 0.160487 0.0186257
0 0.684866 0.54988 0.050633 0.0989441 0.0185376
0 0.506477 0.338221 0.038158 0.0310514 0.0185164
0 0.692931 0.24955 0.0246839 0.0428766 0.0184621
0 0.654243 0.477151 0.0403153 0.0298982 0.0183612
0 0.382639 0.51249 0.0283528 0.0440793 0.0183163
0 0.546852 0.430233 0.0296682 0.0490058 0.018293
0 0.851539 0.536511 0.119999 0.148399 0.0179935
0 0.773948 0.508139 0.0613044 0.0408891 0.0179198
0 0.775693 0.782879 0.11917 0.208062 0.017847
0 0.35513 0.420379 0.0660062 0.0639248 0.0177708
0 0.820326 0.281415 0.209334 0.25232 0.017719
0 0.627774 0.136846 0.0270006 0.0321539 0.0176887
0 0.0910559 0.468457 0.0718618 0.0751703 0.0175678
