0 0.0540735 0.732552 0.107855 0.137647 0.882892
0 0.2702 0.782159 0.225736 0.344916 0.85345
0 0.172487 0.702594 0.0653664 0.13432 0.82594
0 0.5625 0.730485 0 0.0779098 0.368402
0 0.0283788 0.693449 0.0565459 0.118795 0.323447
0 0.466385 0.699073 0.0394755 0.053499 0.290069
0 0.543092 0.719547 0.0388168 0.0730352 0.274578
0 0.0310357 0.671558 0.0620714 0.0737894 0.267154
0 0.5625 0.727337 0 0.0686846 0.234891
0 0.543404 0.720981 0.0381927 0.0847877 0.225482
0 0.5625 0.736662 0 0.0696111 0.220942
0 0.56044 0.721205 0.0041193 0.0756146 0.217016
0 0.455895 0.696576 0.0615316 0.0598036 0.216359
0 0.491242 0.698998 0.0872203 0.0642318 0.197026
0 0.526825 0.711256 0.0358315 0.0504913 0.168922
0 0.446756 0.696377 0.0425992 0.0512897 0.156182
0 0.5625 0.705549 0 0.134408 0.151486
0 0.5625 0.972302 0 0.0542455 0.149937
0 0.0528552 0.660098 0.0312882 0.0318794 0.147986
0 0.156874 0.710026 0.0370134 0.115726 0.143776
0 0.150575 0.701018 0.0265541 0.0918337 0.141708
0 0.0443692 0.661827 0.0497979 0.0387331 0.134519
0 0.147875 0.686517 0.019627 0.0604046 0.134213
0 0.0143107 0.697462 0.028034 0.103255 0.129925
0 0.5625 0.737499 0 0.0716968 0.118603
0 0.535424 0.719056 0.0535295 0.0670929 0.115193
0 0.5625 0.738736 0 0.0525403 0.114201
0 0.462448 0.678288 0.0600878 0.091207 0.112377
0 0.490568 0.681481 0.0970286 0.0987489 0.111915
0 0.0247706 0.630795 0.0491314 0.0479295 0.109121
0 0.0170661 0.716179 0.0341321 0.133366 0.107647
0 0.559834 0.710306 0.00533276 0.109476 0.104467
0 0.0108791 0.713031 0.0217582 0.10834 0.0964851
0 0.0293331 0.642366 0.0562792 0.0807989 0.0960968
0 0.5625 0.738171 0 0.109814 0.0902294
0 0.435524 0.697036 0.0504628 0.056723 0.0873001
0 0.543656 0.695937 0.0376888 0.145846 0.081648
0 0.5625 0.736524 0 0.105073 0.0800139
0 0.5625 0.717968 0 0.119436 0.0797507
0 0.5625 0.739037 0 0.0896578 0.0789451
0 0.514341 0.72081 0.0596211 0.0924283 0.0770279
0 0.466228 0.70753 0.0268979 0.0387061 0.0763875
0 0.5625 0.730465 0 0.0431754 0.0735845
0 0.383907 0.703827 0.0289416 0.0324839 0.0734824
0 0.5625 0.737062 0 0.101134 0.0725594
0 0.5625 0.724613 0 0.080855 0.0719153
0 0.15128 0.675938 0.0285857 0.0734992 0.0708703
0 0.181073 0.664089 0.0449167 0.067131 0.0705489
0 0.172369 0.673365 0.0578121 0.0865852 0.0694997
0 0.450047 0.67127 0.076416 0.113367 0.069471
0 0.0358358 0.723928 0.0703484 0.136146 0.0688294
0 0.625681 0.693516 0.0847003 0.181028 0.067074
0 0.371871 0.6979 0.0244748 0.0430383 0.0651876
0 0.640779 0.690006 0.0473027 0.0931841 0.0651091
0 0.523783 0.698042 0.0516597 0.0875685 0.0650663
0 0.0255096 0.619039 0.0534874 0.0590598 0.0645479
0 0.733168 0.747864 0.0289191 0.0874873 0.0638859
0 0.365198 0.674465 0.026821 0.0665664 0.0635092
0 0.697855 0.731535 0.0488935 0.0920653 0.0627507
0 0.0389616 0.631015 0.0780888 0.0883434 0.062538
0 0.0337866 0.697399 0.0615655 0.0767256 0.0620708
0 0.808739 0.156719 0.343132 0.363824 0.0614271
0 0.547219 0.705307 0.0795196 0.101666 0.0613041
0 0.393288 0.706966 0.0412128 0.0346739 0.0611832
0 0.965675 0.433827 0.0682394 0.235908 0.0597412
0 0.423006 0.698369 0.0562783 0.0522189 0.0581312
0 0.188028 0.634588 0.0458366 0.0547675 0.0577021
0 0.652221 0.686725 0.0335499 0.0845175 0.0570233
0 0.0138398 0.744294 0.027527 0.125527 0.056897
0 0.607916 0.68138 0.110316 0.130541 0.0563983
0 0.360091 0.662621 0.0223331 0.0569591 0.0561961
0 0.674003 0.717391 0.0828054 0.143288 0.0561918
0 0.36769 0.695853 0.0261465 0.0584485 0.0554265
0 0.0723159 0.672972 0.0461768 0.0551941 0.0548341
0 0.787576 0.972414 0.0584232 0.050907 0.0546434
0 0.679648 0.710679 0.135932 0.149465 0.0543367
0 0.0293487 0.620805 0.0602055 0.261415 0.0543217
0 0.182504 0.647736 0.0514736 0.0747105 0.0515057
0 0.412494 0.679668 0.0919338 0.10334 0.0496996
0 0.978659 0.737797 0.0396809 0.168838 0.0494106
0 0.469914 0.712476 0.0197834 0.037311 0.0478336
0 0.588409 0.680939 0.0624619 0.0902044 0.0475393
0 0.507694 0.70645 0.0767132 0.0722272 0.0475041
0 0.750645 0.738204 0.0831424 0.107338 0.0451556
0 0.597336 0.727919 0.0356177 0.0669883 0.0444881
0 0.960852 0.476042 0.0810781 0.339981 0.0443726
0 0.530953 0.72175 0.0272836 0.0554023 0.0442811
0 0.122541 0.700588 0.0410393 0.0588323 0.0439555
0 0.462022 0.659027 0.072895 0.148572 0.0427239
0 0.568435 0.723017 0.0215842 0.0465944 0.0425098
0 0.905611 0.668995 0.0390139 0.0704298 0.0423737
0 0.85312 0.974635 0.0906263 0.043945 0.042331
0 0.979924 0.702324 0.0349815 0.0920702 0.0421035
0 0.582982 0.67142 0.159488 0.20882 0.0420305
0 0.551327 0.684753 0.0970706 0.11806 0.041907
0 0.989967 0.747442 0.0185696 0.16002 0.0418784
0 0.763661 0.73985 0.130793 0.122063 0.0416043
0 0.950467 0.265782 0.100525 0.484877 0.0414074
0 0.374618 0.704947 0.0388497 0.0742364 0.0412343
0 0.625004 0.654957 0.0773649 0.101984 0.0412003
0 0.490807 0.664917 0.114877 0.156921 0.0411806
0 0.109811 0.650355 0.0298065 0.0869898 0.0411521
0 0.724634 0.761193 0.0369311 0.0689234 0.0410697
0 0.0279268 0.615022 0.0552369 0.102434 0.0409496
0 0.734721 0.770476 0.0253735 0.059314 0.0408847
0 0.994008 0.769332 0.011524 0.120549 0.0398404
0 0.0375613 0.65476 0.0664337 0.087553 0.0397835
0 0.302651 0.654439 0.117151 0.0895996 0.0394177
0 0.186365 0.720981 0.0475511 0.114813 0.0390108
0 0.736108 0.97708 0.0707352 0.0571794 0.0387636
0 0.971744 0.639073 0.0528147 0.27342 0.0385219
0 0.12801 0.676273 0.0332992 0.0475092 0.0385064
0 0.187961 0.664813 0.0761351 0.124816 0.0384187
0 0.409118 0.728909 0.0876158 0.0924367 0.0384095
0 0.13551 0.670404 0.0321248 0.0553127 0.038296
0 0.967911 0.395413 0.0650848 0.145334 0.038296
0 0.88765 0.0956527 0.201402 0.217703 0.0377802
0 0.522347 0.736929 0.046519 0.100572 0.0373279
0 0.991012 0.588902 0.0155499 0.146407 0.0372157
0 0.283253 0.603606 0.0356618 0.0259667 0.0372135
0 0.36066 0.667991 0.0171289 0.040496 0.037106
0 0.0280081 0.548176 0.0542065 0.107446 0.0369587
0 0.963501 0.592166 0.0717022 0.228373 0.0362978
0 0.275887 0.598135 0.0425984 0.0315961 0.0361629
0 0.718835 0.214074 0.144941 0.225123 0.0360836
0 0.0825294 0.721144 0.0517064 0.110063 0.0359617
0 0.373785 0.699495 0.0179397 0.0333286 0.0358503
0 0.543102 0.733024 0.0770423 0.1142 0.0358121
0 0.0851129 0.681856 0.0315991 0.042609 0.0351785
0 0.866988 0.794979 0.0763012 0.0841482 0.0347181
0 0.872755 0.748646 0.0908668 0.116826 0.034183
0 0.0906851 0.685347 0.0298703 0.0391499 0.0339302
0 0.944811 0.713693 0.109676 0.203051 0.033346
0 0.613297 0.759977 0.0281269 0.0621921 0.0333211
0 0.0250152 0.744275 0.0492065 0.121941 0.0332937
0 0.355595 0.655746 0.024799 0.056283 0.0331161
0 0.36509 0.69055 0.0203897 0.0442139 0.0331
0 0.394944 0.690866 0.0385192 0.0506263 0.0328387
0 0.112081 0.658853 0.0261518 0.060019 0.0324842
0 0.121998 0.663402 0.0279704 0.0525842 0.0324205
0 0.926901 0.215695 0.140127 0.418308 0.0324078
0 0.122406 0.683757 0.0401985 0.0520416 0.0321507
0 0.087579 0.712437 0.0404445 0.0810968 0.031945
0 0.369197 0.683116 0.0201995 0.0418522 0.0317691
0 0.392584 0.726572 0.0417229 0.0654678 0.0317517
0 0.683903 0.127126 0.185 0.220622 0.03167
0 0.710689 0.263115 0.151853 0.237975 0.0313805
0 0.282574 0.621089 0.0580823 0.0264924 0.0312915
0 0.118962 0.71279 0.0543798 0.0769488 0.0309918
0 0.965399 0.580139 0.0623577 0.14453 0.030916
0 0.147905 0.719497 0.0162434 0.0573747 0.0308951
0 0.650238 0.751545 0.0213176 0.0632628 0.0307385
0 0.273752 0.695151 0.187992 0.1679 0.030596
0 0.106413 0.686938 0.0298644 0.0368543 0.0305677
0 0.342518 0.662896 0.0578272 0.0881317 0.0305654
0 0.292659 0.638994 0.105186 0.0561762 0.030472
0 0.380017 0.718 0.0252821 0.0516446 0.030346
0 0.00846112 0.764609 0.0197218 0.113645 0.030332
0 0.803812 0.729604 0.182447 0.163058 0.0302544
0 0.781384 0.110435 0.198556 0.231613 0.0300315
0 0.478048 0.0900414 0.0230309 0.0391096 0.0300272
0 0.376062 0.707493 0.0175303 0.0355331 0.029904
0 0.348811 0.690148 0.0625193 0.119834 0.0298432
0 0.880898 0.782443 0.0616167 0.0562473 0.0296238
0 0.210849 0.834572 0.100923 0.2028 0.0295969
0 0.266146 0.602252 0.0551311 0.0390493 0.0295968
0 0.911315 0.979932 0.0632139 0.0322737 0.0294503
0 0.101253 0.65727 0.0394926 0.0877986 0.0294151
0 0.410396 0.721616 0.0681687 0.0612844 0.0292283
0 0.330763 0.604654 0.03014 0.0363438 0.0290314
0 0.155777 0.665769 0.0362703 0.0798537 0.029006
0 0.649233 0.632832 0.0411647 0.0850126 0.0289259
0 0.0186226 0.0896105 0.0350385 0.0565271 0.0287827
0 0.268853 0.591685 0.0579541 0.0528906 0.0286137
0 0.684379 0.665158 0.134597 0.24243 0.0285412
0 0.470621 0.600353 0.0379893 0.0485201 0.028441
0 0.0783239 0.966284 0.0555051 0.0626492 0.0281914
0 0.0308886 0.53476 0.0652118 0.289245 0.0281735
0 0.958658 0.189681 0.0779598 0.326184 0.0281065
0 0.416718 0.659008 0.0415522 0.0762625 0.0278832
0 0.985976 0.812038 0.0254852 0.0786346 0.0278769
0 0.511308 0.734881 0.0458451 0.0931517 0.027833
0 0.150426 0.487903 0.0227161 0.0376466 0.0275562
0 0.775166 0.760221 0.115986 0.113513 0.0273329
0 0.276554 0.648732 0.0885871 0.0759435 0.0273249
0 0.456619 0.718076 0.0225404 0.0363066 0.0271204
0 0.848537 0.794702 0.0786282 0.0878983 0.027097
0 0.0600351 0.673994 0.108872 0.141479 0.0270834
0 0.845609 0.769032 0.132345 0.137147 0.0270706
0 0.819711 0.0941875 0.137343 0.191007 0.0270627
0 0.40197 0.681 0.0574762 0.0788762 0.0270314
0 0.906974 0.96865 0.118548 0.0598075 0.0269624
0 0.884547 0.181405 0.215111 0.371216 0.0268062
0 0.367163 0.717363 0.0299592 0.0864385 0.0267665
0 0.143423 0.255315 0.278004 0.507453 0.0266801
0 0.0479631 0.624687 0.066529 0.12659 0.0266592
0 0.21503 0.671927 0.0870843 0.128334 0.0266453
0 0.867443 0.0582618 0.174457 0.1381 0.0266146
0 0.980591 0.601557 0.036562 0.181996 0.0266096
0 0.867705 0.77555 0.0734104 0.0811117 0.0265561
0 0.766316 0.975981 0.0865213 0.0570114 0.0265224
0 0.972411 0.710897 0.053792 0.235889 0.0265216
0 0.976705 0.414699 0.0452332 0.180662 0.0261878
0 0.897516 0.673356 0.0572796 0.0916778 0.0261407
0 0.876834 0.81083 0.0722857 0.0865424 0.0261228
0 0.0245424 0.574963 0.0454592 0.172557 0.0261227
0 0.980305 0.77536 0.0419735 0.140518 0.0261086
0 0.151044 0.729383 0.0231118 0.0572781 0.0260522
0 0.530336 0.664735 0.146935 0.188342 0.0260225
0 0.944974 0.682967 0.104133 0.0937554 0.0259088
0 0.464601 0.608514 0.0465337 0.0595256 0.0258296
0 0.370851 0.462684 0.0221376 0.0357519 0.0258177
0 0.836258 0.800898 0.0550461 0.0716158 0.0257435
0 0.605632 0.964958 0.0469835 0.0596188 0.025493
0 0.0134751 0.0858538 0.027805 0.0412179 0.0254878
0 0.122017 0.65879 0.0559976 0.11114 0.025439
0 0.118022 0.670822 0.0361935 0.0771386 0.0253566
0 0.197486 0.874045 0.0790152 0.179566 0.0253477
0 0.0690778 0.647022 0.0817035 0.105973 0.0252793
0 0.99632 0.795953 0.00887165 0.0735686 0.0252038
0 0.992663 0.631949 0.0147734 0.158537 0.0249242
0 0.673119 0.683083 0.0781083 0.0959516 0.0249107
0 0.0467233 0.786848 0.0792822 0.146074 0.0248314
0 0.361244 0.684541 0.0267923 0.0546882 0.0247593
0 0.743575 0.183309 0.254553 0.302263 0.0247147
0 0.392297 0.11681 0.0273995 0.0485346 0.0246716
0 0.407514 0.649394 0.0319505 0.05799 0.0246164
0 0.656946 0.606365 0.0233505 0.0330733 0.0245428
0 0.4507 0.715273 0.0397777 0.059355 0.02443
0 0.601152 0.655054 0.0650579 0.0909702 0.0244272
0 0.576536 0.118177 0.135885 0.203973 0.0243421
0 0.201477 0.699888 0.0757499 0.118338 0.0242519
0 0.279773 0.632171 0.0893116 0.0433525 0.0242206
0 0.25778 0.635486 0.112752 0.059093 0.0241894
0 0.32309 0.605299 0.023344 0.0278937 0.0241669
0 0.16483 0.729826 0.0450213 0.0988888 0.024148
0 0.797542 0.221231 0.272284 0.388404 0.0241445
0 0.264353 0.668947 0.140708 0.118122 0.024118
0 0.343304 0.631853 0.0321907 0.0424842 0.024117
0 0.313077 0.616669 0.033975 0.0294253 0.0240056
0 0.370381 0.705328 0.0193018 0.040193 0.0239981
0 0.0483535 0.578663 0.090736 0.188892 0.023957
0 0.711392 0.169973 0.137558 0.180741 0.0239089
0 0.947372 0.616587 0.107819 0.223361 0.0238355
0 0.965832 0.842632 0.0640911 0.0697296 0.0236141
0 0.28346 0.594743 0.0316672 0.0339702 0.0236072
0 0.184679 0.93254 0.106828 0.150313 0.0235727
0 0.332402 0.646275 0.0518332 0.064419 0.0234596
0 0.213652 0.93682 0.0923755 0.108698 0.023445
0 0.442562 0.7088 0.0438895 0.0650914 0.023361
0 0.299247 0.695157 0.0884993 0.127559 0.0233221
0 0.121005 0.95826 0.0960371 0.101228 0.0233115
0 0.656539 0.615126 0.0277497 0.0438121 0.0231763
0 0.356427 0.670668 0.0331718 0.0729714 0.0231258
0 0.911316 0.705047 0.0437651 0.10862 0.0229468
0 0.779253 0.702758 0.0320676 0.0475088 0.0229394
0 0.015921 0.306887 0.0256667 0.0321737 0.0229024
0 0.392742 0.127911 0.0219109 0.0323292 0.022879
0 0.261766 0.881226 0.180069 0.17034 0.022866
0 0.272095 0.616571 0.0585546 0.0307001 0.0228407
0 0.377929 0.668472 0.0266989 0.045153 0.0228273
0 0.680158 0.954686 0.145521 0.121933 0.022824
0 0.848035 0.742302 0.0778086 0.11916 0.022677
0 0.620678 0.760057 0.0310175 0.0713899 0.0226443
0 0.326898 0.619319 0.0334691 0.0330368 0.0225257
0 0.955347 0.0665604 0.0874861 0.170086 0.0224617
0 0.0957138 0.706856 0.0391169 0.0641957 0.0223194
0 0.0132696 0.109077 0.0256402 0.0458465 0.0222786
0 0.953513 0.113248 0.089155 0.27715 0.0222438
0 0.299668 0.606167 0.0264288 0.0224806 0.0222401
0 0.107219 0.724842 0.018848 0.0377179 0.0222305
0 0.891338 0.98051 0.0765707 0.031477 0.0222105
0 0.944263 0.433598 0.111808 0.48039 0.0221953
0 0.175412 0.722124 0.0392064 0.0977717 0.0221576
0 0.750304 0.711582 0.0678628 0.0675569 0.0220298
0 0.821163 0.0717133 0.103445 0.136431 0.0220114
0 0.851681 0.770253 0.073167 0.0786882 0.0219502
0 0.990279 0.81747 0.0168955 0.0447278 0.0218875
0 0.206697 0.224811 0.0418029 0.0666791 0.0217504
0 0.0958339 0.696519 0.0325328 0.0445341 0.0217497
0 0.921982 0.981655 0.0438868 0.0247494 0.0216866
0 0.36859 0.667068 0.0638062 0.10613 0.0216601
0 0.613687 0.55764 0.0604313 0.0958355 0.0216487
0 0.114039 0.545497 0.0231833 0.0405445 0.0216135
0 0.204094 0.625681 0.0477932 0.0380113 0.0216059
0 0.723792 0.696105 0.0577181 0.112239 0.0215835
0 0.0863572 0.697883 0.0359721 0.0560731 0.0214919
0 0.950618 0.831042 0.0866312 0.0738293 0.0214509
0 0.191091 0.696196 0.0471881 0.102066 0.0214364
0 0.352773 0.644916 0.0189183 0.034115 0.0211869
0 0.454384 0.611734 0.0447018 0.0631629 0.0211598
0 0.347363 0.627661 0.0380316 0.0719451 0.0211408
0 0.8307 0.768116 0.0608576 0.0737222 0.0210748
0 0.105483 0.629123 0.0307015 0.0609252 0.0210224
0 0.616717 0.89302 0.0799174 0.140038 0.0210093
0 0.947175 0.346377 0.105869 0.261789 0.0209669
0 0.0172321 0.304867 0.0356149 0.119584 0.0209581
0 0.636088 0.899554 0.14439 0.206586 0.0209215
0 0.706666 0.695194 0.0733763 0.126335 0.0208839
0 0.9656 0.749221 0.0656839 0.160079 0.0207747
