0 0.362997 0.622723 0.0182102 0.024865 0.228471
0 0.0532153 0.591882 0.0342494 0.0373242 0.185503
0 0.475683 0.640456 0.022917 0.0270722 0.171526
0 0.364134 0.626477 0.0235355 0.0343219 0.167039
0 0.493086 0.644537 0.0512753 0.0391438 0.166818
0 0.354406 0.622299 0.0356491 0.0333524 0.153904
0 0.037965 0.58675 0.0661483 0.0452199 0.145707
0 0.370283 0.632038 0.0270611 0.0333265 0.137171
0 0.0512762 0.584836 0.0423471 0.0490229 0.136536
0 0.00906487 0.588949 0.0181297 0.0291662 0.136042
0 0.0266644 0.59268 0.0425237 0.0314864 0.130885
0 0.516008 0.648775 0.0279437 0.0283802 0.130497
0 0.552024 0.659183 0.0209516 0.0316105 0.125023
0 0.531213 0.654318 0.0512518 0.0385153 0.124842
0 0.549384 0.657595 0.0202218 0.0281148 0.123295
0 0.449449 0.616697 0.0515889 0.0599111 0.119577
0 0.436412 0.61383 0.0295043 0.0460269 0.113876
0 0.478074 0.645752 0.019386 0.0202652 0.113057
0 0.552366 0.661702 0.0202682 0.0634409 0.112733
0 0.469659 0.635653 0.0144294 0.018653 0.108099
0 0.475496 0.640105 0.017938 0.0199529 0.10773
0 0.485994 0.646417 0.0349102 0.0320395 0.102973
0 0.433028 0.623411 0.0214995 0.0341165 0.100912
0 0.453456 0.627501 0.0529025 0.0502313 0.0996564
0 0.511064 0.648015 0.0165166 0.021896 0.0987221
0 0.0379702 0.573477 0.0686668 0.0817505 0.0955064
0 0.471084 0.639491 0.0143831 0.0186235 0.0954834
0 0.375489 0.633108 0.0163748 0.0223465 0.095019
0 0.341486 0.626589 0.0142674 0.0213954 0.0939571
0 0.467853 0.632922 0.019232 0.0223739 0.0930098
0 0.346074 0.62567 0.0187265 0.0237429 0.0913662
0 0.492813 0.632903 0.059392 0.0619902 0.0909607
0 0.548751 0.658258 0.0145314 0.0212756 0.0909315
0 0.366249 0.618354 0.0301966 0.0343984 0.0903977
0 0.5625 0.677884 0 0.0351196 0.0898707
0 0.355202 0.623929 0.0217626 0.0222903 0.0869174
0 0.441087 0.620405 0.0358238 0.0527607 0.0861667
0 0.0535263 0.600628 0.0291745 0.0235133 0.084312
0 0.439222 0.596102 0.0171799 0.0234298 0.0796518
0 0.529801 0.643698 0.0542958 0.0552454 0.0796158
0 0.0137394 0.587551 0.023827 0.0300008 0.0790525
0 0.374409 0.628935 0.0151541 0.0200105 0.0790056
0 0.388666 0.626863 0.026991 0.0281211 0.0783455
0 0.0244921 0.582765 0.0449881 0.0463166 0.0742718
0 0.404725 0.633735 0.0584412 0.0422284 0.0734242
0 0.376198 0.638072 0.0136528 0.0215566 0.0724832
0 0.520619 0.644148 0.0492746 0.0463947 0.0700627
0 0.0314851 0.600922 0.0569153 0.0496425 0.0698519
0 0.5625 0.672092 0 0.0520543 0.069758
0 0.0607461 0.58235 0.0574465 0.0635831 0.0693978
0 0.427604 0.627855 0.0135179 0.0209056 0.0689432
0 0.371978 0.623683 0.0370643 0.0379889 0.0681349
0 0.378254 0.622915 0.0164807 0.021465 0.0679951
0 0.429483 0.623811 0.0146426 0.0233767 0.0675318
0 0.559911 0.657312 0.0370971 0.0387979 0.067465
0 0.544922 0.654552 0.0222482 0.0261241 0.0673785
0 0.106693 0.551598 0.0226312 0.0297412 0.0668056
0 0.62078 0.675501 0.0402321 0.0413222 0.065707
0 0.0743703 0.576887 0.077343 0.0788077 0.0656574
0 0.0587338 0.59935 0.0209932 0.0222288 0.0652749
0 0.355845 0.63122 0.0327824 0.0361426 0.0645458
0 0.0497797 0.595419 0.0268276 0.0213949 0.0611333
0 0.432982 0.623995 0.0168308 0.0254723 0.0606869
0 0.0483637 0.59912 0.0390792 0.0377664 0.0600767
0 0.635743 0.6777 0.0415389 0.044008 0.0587624
0 0.500896 0.64545 0.0260519 0.0258569 0.0572186
0 0.342478 0.624588 0.0338253 0.0361767 0.0566726
0 0.517513 0.637032 0.079786 0.0713339 0.0547723
0 0.0169023 0.593719 0.0276722 0.0295146 0.0542159
0 0.068677 0.565038 0.111 0.101004 0.0538983
0 0.463311 0.630839 0.0216776 0.0272119 0.0535705
0 0.357694 0.626512 0.0135462 0.0188445 0.0507578
0 0.381807 0.629668 0.0190142 0.0213844 0.0483757
0 0.350205 0.62066 0.0222182 0.0268678 0.0481184
0 0.446511 0.603666 0.0364929 0.0464296 0.0480739
0 0.432745 0.617063 0.0172245 0.0284731 0.0471338
0 0.646745 0.677419 0.0557784 0.049801 0.046779
0 0.400697 0.623821 0.056634 0.0478528 0.0458505
0 0.0372619 0.605799 0.0341412 0.0362289 0.0444794
0 0.530217 0.651746 0.0188033 0.0205583 0.0441925
0 0.447329 0.625136 0.0238887 0.0288872 0.0441653
0 0.507262 0.650536 0.0175414 0.0207767 0.0441355
0 0.00923427 0.577719 0.0161589 0.0259328 0.0434272
0 0.449642 0.456086 0.0312342 0.0506605 0.043128
0 0.34979 0.634786 0.0182445 0.0212674 0.04276
0 0.0484384 0.602961 0.0283659 0.0240159 0.0416651
0 0.366006 0.460459 0.0150557 0.0252458 0.0416269
0 0.0883292 0.561082 0.0517709 0.0551602 0.0407661
0 0.0173731 0.608892 0.0295184 0.0478478 0.0407541
0 0.385328 0.631336 0.0167348 0.0199598 0.0403622
0 0.0992235 0.550789 0.0343253 0.0390852 0.0401397
0 0.589686 0.645863 0.107724 0.0935318 0.0397622
0 0.476543 0.50647 0.0194841 0.0307905 0.039586
0 0.0312637 0.615692 0.0683416 0.10063 0.0391403
0 0.0203851 0.579615 0.0307399 0.0397129 0.0390836
0 0.00908215 0.596987 0.015879 0.0325645 0.0388086
0 0.423782 0.466743 0.0134278 0.0215262 0.0386669
0 0.393267 0.615223 0.0264608 0.0348851 0.035815
0 0.403592 0.391405 0.0636147 0.0754011 0.035277
0 0.379653 0.624652 0.0217878 0.0274513 0.0352066
0 0.389615 0.436789 0.0637535 0.0878286 0.0345981
0 0.0400532 0.582979 0.0442155 0.0483438 0.0344654
0 0.119692 0.570919 0.0857008 0.0917732 0.0343451
0 0.0296398 0.644054 0.0589518 0.136933 0.0341351
0 0.521854 0.656592 0.0186631 0.0227552 0.0341002
0 0.627988 0.693211 0.0251895 0.0379097 0.0336156
0 0.0158156 0.608387 0.0291713 0.0731862 0.0332938
0 0.093059 0.550585 0.0501359 0.0534241 0.0326614
0 0.569278 0.661431 0.0469474 0.0449952 0.0326558
0 0.10896 0.54629 0.13256 0.149968 0.0324134
0 0.553921 0.640628 0.0307189 0.0430482 0.0313067
0 0.42896 0.640109 0.0147078 0.0201165 0.0312587
0 0.471602 0.631341 0.0197456 0.0261986 0.0310551
0 0.375804 0.615726 0.0168372 0.0238324 0.0309319
0 0.514056 0.52386 0.0213603 0.0340129 0.0304706
0 0.565749 0.648429 0.0551251 0.0636506 0.0294828
0 0.569685 0.277502 0.0249134 0.041716 0.0293261
0 0.435313 0.609085 0.0180906 0.0277384 0.0291796
0 0.629036 0.69926 0.0375212 0.0679499 0.0287104
0 0.398823 0.415664 0.0770382 0.129214 0.0284812
0 0.089443 0.595956 0.117486 0.0991099 0.02769
0 0.441831 0.457822 0.0458092 0.0567213 0.0276457
0 0.525196 0.638172 0.0333554 0.0388692 0.0274791
0 0.511794 0.517522 0.0194651 0.0320438 0.0273158
0 0.653163 0.670058 0.0744982 0.0740606 0.0268528
0 0.511435 0.534953 0.0275628 0.0443365 0.0264492
0 0.108103 0.556603 0.0513264 0.0639196 0.0261431
0 0.59114 0.60208 0.113598 0.170954 0.02594
0 0.273668 0.556417 0.0232422 0.0285048 0.0256439
0 0.407931 0.631029 0.023354 0.0235916 0.0248197
0 0.491533 0.614478 0.0796352 0.111419 0.0246974
0 0.473591 0.503372 0.0168303 0.0277942 0.0241904
0 0.988201 0.695882 0.0247734 0.0824305 0.0240464
0 0.969399 0.691659 0.0594149 0.0943832 0.0238468
0 0.0837356 0.546286 0.0892265 0.102428 0.0230862
0 0.0358058 0.550632 0.0703607 0.128908 0.0228655
0 0.776681 0.712539 0.0789821 0.0645103 0.0223723
0 0.423294 0.454495 0.0232124 0.0426217 0.0223613
0 0.0460041 0.753086 0.0890092 0.19314 0.0222302
0 0.41537 0.598717 0.035458 0.052011 0.0221179
0 0.366904 0.634613 0.0189353 0.0249786 0.0220987
0 0.94947 0.451625 0.096999 0.145281 0.0220204
0 0.41491 0.444205 0.0259838 0.0563251 0.0219704
0 0.365075 0.46937 0.0156758 0.0276663 0.021537
0 0.119474 0.545533 0.056507 0.0618451 0.0214698
0 0.335037 0.626309 0.0353042 0.0460684 0.0210564
0 0.370108 0.450642 0.023251 0.038356 0.0210367
0 0.045925 0.636738 0.0628472 0.0860221 0.0210086
0 0.382164 0.641018 0.0192146 0.0228046 0.0209206
0 0.0500388 0.882989 0.0813468 0.137858 0.0208798
0 0.448563 0.46352 0.0251639 0.0410124 0.0208494
0 0.422055 0.488954 0.0154784 0.0236164 0.0208474
0 0.635481 0.705672 0.0535985 0.0868169 0.0208265
0 0.165219 0.602657 0.0442591 0.0536162 0.0205184
0 0.138751 0.931125 0.0637794 0.0915065 0.0205149
0 0.126413 0.2682 0.246968 0.453841 0.0204661
0 0.457806 0.600196 0.0249138 0.0386332 0.0204134
0 0.333021 0.619905 0.0656479 0.063225 0.0203399
0 0.466068 0.607187 0.0195096 0.0296312 0.0203058
0 0.962547 0.467679 0.0689573 0.158634 0.020289
0 0.373767 0.642576 0.016272 0.024642 0.0201959
0 0.0519005 0.926237 0.0868804 0.142282 0.0200244
0 0.47976 0.519627 0.0288428 0.0479417 0.0199876
0 0.363213 0.458816 0.0219651 0.0312592 0.0199795
0 0.0800937 0.62869 0.0924841 0.104487 0.0197518
0 0.675236 0.667917 0.103445 0.0836052 0.019377
0 0.0660061 0.606654 0.139858 0.194821 0.0193527
0 0.461433 0.593816 0.0363083 0.0587429 0.0192883
0 0.152659 0.57824 0.0768847 0.0750841 0.0191527
0 0.478685 0.489956 0.0229089 0.0327718 0.0191289
0 0.216286 0.578709 0.144285 0.126064 0.0190393
0 0.0793941 0.502419 0.140362 0.219469 0.0188974
0 0.366597 0.630016 0.015704 0.0244232 0.018687
0 0.165533 0.585173 0.0354061 0.0464483 0.0186777
0 0.565583 0.688077 0.0373563 0.0562766 0.0186768
0 0.0484656 0.70981 0.0961218 0.198297 0.0186145
0 0.545492 0.671376 0.0209855 0.0307535 0.0184446
0 0.412397 0.382762 0.0536527 0.0605482 0.018409
0 0.228128 0.709509 0.0649017 0.0569258 0.0181943
0 0.556575 0.675962 0.0285941 0.0380394 0.01811
0 0.0531245 0.830523 0.082426 0.156639 0.0180313
0 0.0162084 0.631202 0.0308107 0.0965762 0.0179844
0 0.053619 0.550474 0.0723354 0.110694 0.0179797
0 0.271063 0.586811 0.0554552 0.0815177 0.0179591
0 0.379477 0.444562 0.0379301 0.0599984 0.0177586
0 0.797568 0.715448 0.0354215 0.0328188 0.0176463
0 0.162208 0.92328 0.0489301 0.0702133 0.0176407
0 0.924487 0.166641 0.15164 0.308668 0.0176276
0 0.0730938 0.339893 0.136289 0.220094 0.0175766
0 0.413083 0.470505 0.0493647 0.0441412 0.0175305
0 0.611672 0.573308 0.15235 0.19988 0.0175019
0 0.391142 0.450488 0.0584688 0.0536537 0.0175004
0 0.121014 0.599079 0.112514 0.098061 0.0174632
0 0.615593 0.718525 0.0566724 0.0968238 0.0172737
0 0.201966 0.703152 0.0521711 0.0542674 0.0172329
0 0.588445 0.843339 0.0725302 0.116069 0.0171823
0 0.108839 0.63162 0.137101 0.13157 0.0171761
0 0.1263 0.54345 0.101693 0.106289 0.0170101
0 0.569846 0.576978 0.0797544 0.125904 0.0169684
0 0.478293 0.584554 0.0529787 0.089355 0.0169493
0 0.18087 0.587372 0.0713251 0.0879009 0.0169151
0 0.955567 0.169887 0.0900213 0.256243 0.0168627
0 0.434614 0.466519 0.0396955 0.0488347 0.0168099
0 0.0856272 1.00371 0.0598765 0.040025 0.0167887
0 0.977794 0.465374 0.0440796 0.14484 0.0167773
0 0.681677 0.788619 0.0735506 0.107935 0.0167203
0 0.285883 0.570246 0.0502195 0.0614582 0.0166437
0 0.446881 0.643286 0.0173288 0.0213599 0.0166408
0 0.242336 0.577261 0.09913 0.102131 0.0165536
0 0.708965 0.790587 0.0636073 0.0884588 0.0165172
0 0.653318 0.719877 0.0477759 0.0733136 0.0165116
0 0.918794 0.444798 0.137988 0.142069 0.0164806
0 0.706053 0.836311 0.0589501 0.0816847 0.016473
0 0.958375 0.127166 0.0761395 0.167002 0.0164572
0 0.496695 0.582998 0.0636939 0.0951853 0.0163564
0 0.501514 0.520904 0.0436142 0.0582186 0.0162516
0 0.980189 -0.0150526 0.0391716 0.0415323 0.0161998
0 0.341498 0.609274 0.050646 0.0607958 0.0161966
0 0.526905 0.565006 0.121982 0.179843 0.0161838
0 0.754492 0.722663 0.111777 0.0999158 0.0161832
0 0.111467 1.00432 0.0571044 0.0393292 0.016181
0 0.394403 0.472255 0.0608953 0.0553007 0.0161706
0 0.336557 0.630293 0.0235152 0.0331046 0.0161626
0 0.505424 0.5722 0.0438754 0.0709091 0.0161308
0 0.322596 0.635899 0.0474533 0.0525469 0.0160292
0 0.103454 0.850716 0.073738 0.083037 0.0159015
0 0.950145 0.689378 0.086838 0.08584 0.0157624
0 0.0948095 0.352321 0.190768 0.375635 0.0157205
0 0.0612933 0.609638 0.0423239 0.0475283 0.0157136
0 0.450067 0.485995 0.0296858 0.0426399 0.0156695
0 0.270633 0.567315 0.0371798 0.0478097 0.0155461
0 0.255178 0.558539 0.063042 0.0612414 0.0155213
0 0.0559357 0.519004 0.102682 0.185692 0.0154984
0 0.97491 0.659808 0.051136 0.147607 0.0154781
0 0.198947 0.69057 0.0403341 0.0447328 0.0153658
0 0.133164 0.788907 0.0640916 0.0694066 0.0152845
0 0.265462 0.556457 0.0391349 0.0412276 0.015244
0 0.0791566 0.592433 0.0802003 0.0713732 0.0152185
0 0.0788579 0.841772 0.081431 0.106931 0.0152067
0 0.949069 0.501324 0.097373 0.191983 0.0151757
0 0.130148 0.479995 0.115092 0.163344 0.0151544
0 0.263428 0.568962 0.0516474 0.0609638 0.0151419
0 0.104775 0.497055 0.0771389 0.114992 0.0150969
0 0.322474 0.606579 0.0588224 0.06451 0.0150871
0 0.0794889 0.970235 0.0755324 0.0730338 0.0150534
0 0.105968 0.970649 0.0713066 0.0724311 0.0150214
0 0.196367 0.539097 0.151751 0.144905 0.0149842
0 0.51445 0.78281 0.0910725 0.12377 0.0149829
0 0.565446 0.560735 0.0563454 0.0916073 0.0149824
0 0.176612 0.586051 0.0540665 0.0673892 0.0149161
0 0.283679 0.636206 0.0453521 0.0534872 0.0149015
0 0.191584 0.530704 0.205047 0.215166 0.014861
0 0.657749 0.686174 0.0941487 0.0840851 0.0147445
0 0.13654 0.418514 0.098401 0.138204 0.0147191
0 0.223996 0.719981 0.0795893 0.0663155 0.014713
0 0.56772 0.611904 0.087102 0.122395 0.0145481
0 0.107818 0.785147 0.0728201 0.0866023 0.0145258
0 0.408691 0.645934 0.0267358 0.0282489 0.0144636
0 0.136494 0.592768 0.0826035 0.0776277 0.0144279
0 0.151607 0.540597 0.122607 0.12657 0.0143178
0 0.610752 0.403753 0.0475383 0.0622389 0.0143113
0 0.974101 0.503703 0.0496418 0.173271 0.0142939
0 0.0319444 1.01431 0.0585329 0.038196 0.0142671
0 0.460766 0.680439 0.0303439 0.0451248 0.0142638
0 0.16664 0.398947 0.0538377 0.0822219 0.0142303
0 0.984831 0.658483 0.0304888 0.119136 0.014226
0 0.270854 0.603907 0.163126 0.162975 0.0142236
0 0.0569955 0.645665 0.0911765 0.0988466 0.0141992
0 0.976333 0.708344 0.0464827 0.0803682 0.0141916
0 0.188623 0.880419 0.0520674 0.0721717 0.0141786
0 0.366136 0.494416 0.0191689 0.0338002 0.0141305
0 0.0221004 0.543741 0.0445599 0.111964 0.0141262
0 0.130149 0.453264 0.225464 0.336082 0.0141235
0 0.0150526 0.827035 0.0299908 0.108521 0.0140822
0 0.629178 0.76576 0.0611126 0.127619 0.0140515
0 0.0543961 0.967409 0.0844803 0.0859295 0.0139931
0 0.418806 0.393016 0.0597986 0.0707767 0.0139735
0 0.435347 0.491835 0.0313888 0.0413573 0.0139619
0 0.590252 0.49189 0.0775492 0.118084 0.0138891
0 0.132724 0.633272 0.118797 0.112384 0.0138229
0 0.699335 0.688774 0.129241 0.101447 0.0137758
0 0.974031 0.343526 0.0468658 0.126265 0.0137341
0 0.68418 0.833579 0.0696076 0.0995326 0.0137292
0 0.46104 0.786604 0.0650084 0.105702 0.0137025
0 0.14734 0.928472 0.0476861 0.0627012 0.0136885
0 0.0771563 0.768133 0.0861663 0.126594 0.0136753
0 0.190586 0.600597 0.0900441 0.0985188 0.0136752
0 0.752697 0.700527 0.125251 0.101748 0.0136688
0 0.0151368 0.870431 0.0306012 0.0942861 0.0136303
0 0.569132 0.554994 0.0943997 0.179796 0.0135856
0 0.0612206 1.0024 0.0779899 0.0487328 0.0134976
0 0.161687 0.882305 0.0562802 0.0842982 0.0134962
0 0.454239 0.492747 0.0271228 0.0374527 0.0134946
0 0.232163 0.689601 0.0651493 0.0636317 0.0134551
0 0.966886 0.892659 0.0719839 0.191836 0.0134215
0 0.203381 1.01432 0.0456272 0.0369483 0.0134089
0 0.951461 0.620273 0.095929 0.194905 0.0133924
0 0.138664 0.728179 0.0900829 0.10176 0.0133803
0 0.462261 0.464026 0.0391426 0.0480843 0.01336
0 0.787541 0.713492 0.0534908 0.0427977 0.0133409
