0 0.206298 0.807342 0.0328385 0.0396149 0.755638
0 0.124968 0.824473 0.0421678 0.0431235 0.736436
0 0.247614 0.79615 0.0302975 0.0379152 0.587272
0 0.23068 0.801414 0.0252073 0.0362417 0.582302
0 0.274637 0.791918 0.0197005 0.0302994 0.43715
0 0.292129 0.797303 0.0429334 0.0439907 0.369261
0 0.241298 0.795473 0.0370811 0.0446433 0.364661
0 0.253501 0.797832 0.0189107 0.0307388 0.288134
0 0.00643764 0.810079 0.0128753 0.034061 0.269674
0 0.302948 0.797998 0.0254311 0.0383364 0.256159
0 0.492663 0.790055 0.0542261 0.0541378 0.249252
0 0.287022 0.776803 0.0462388 0.0719096 0.196233
0 0.221946 0.804467 0.0215923 0.0338355 0.193362
0 0.278113 0.786384 0.0235087 0.03815 0.175504
0 0.267508 0.79442 0.0158636 0.0255 0.166701
0 0.240525 0.803259 0.0160878 0.0268519 0.158743
0 0.305273 0.797359 0.0178996 0.0302233 0.158179
0 0.258799 0.79401 0.0208271 0.0322562 0.156597
0 0.225552 0.801725 0.0173246 0.0279388 0.145092
0 0.4578 0.776127 0.120847 0.0934643 0.140165
0 0.5625 0.611093 0 0.383642 0.135274
0 0.00461998 0.80925 0.00923996 0.0282182 0.131995
0 0.236511 0.801226 0.0181004 0.0266668 0.1317
0 0.26268 0.793246 0.0165181 0.0240414 0.129574
0 0.308203 0.801978 0.0173127 0.0289644 0.128452
0 0.0133666 0.828091 0.0267331 0.069406 0.123924
0 0.266407 0.786099 0.0191649 0.0265303 0.123413
0 0.261041 0.798347 0.01369 0.0219767 0.115514
0 0.410003 0.794644 0.0310894 0.0449785 0.114401
0 0.506779 0.786377 0.0831225 0.0661875 0.113973
0 0.206814 0.809329 0.0211723 0.028952 0.112768
0 0.277829 0.795712 0.0171673 0.0298748 0.111522
0 0.301604 0.79914 0.0159278 0.0241845 0.111441
0 0.291905 0.793081 0.0161771 0.0238324 0.106785
0 0.5625 0.710523 0 0.181458 0.106588
0 0.218077 0.807015 0.0187363 0.0288018 0.105924
0 0.287255 0.797546 0.0170449 0.0275723 0.101831
0 0.200665 0.809039 0.0231044 0.0344377 0.0983571
0 0.441293 0.785646 0.0815909 0.0686522 0.094259
0 0.113554 0.824963 0.0217604 0.030286 0.0897823
0 0.198822 0.80824 0.0162287 0.0268094 0.0891882
0 0.23106 0.807391 0.0198006 0.0299893 0.0846324
0 0.0337743 0.834245 0.0564808 0.0707972 0.0832659
0 0.527196 0.751269 0.04595 0.10994 0.0815728
0 0.0138764 0.813634 0.0276396 0.0454241 0.0795763
0 0.122105 0.823923 0.0313271 0.0330719 0.078244
0 0.310388 0.798843 0.025395 0.0358622 0.0781784
0 0.453802 0.749323 0.128444 0.147962 0.0780992
0 0.5625 0.628925 0 0.343185 0.0774052
0 0.404666 0.78895 0.0399432 0.0551592 0.0771177
0 0.251378 0.788532 0.0174585 0.0270014 0.0765715
0 0.870338 0.607097 0.230111 0.345201 0.0759571
0 0.223527 0.820159 0.0188002 0.0280514 0.0748103
0 0.509785 0.766003 0.0842515 0.105225 0.0719405
0 0.393306 0.788229 0.0417415 0.0533629 0.0693208
0 0.486449 0.768376 0.070035 0.106598 0.0692097
0 0.439256 0.717515 0.166376 0.223707 0.0689023
0 0.316271 0.793158 0.0353235 0.0426497 0.0666171
0 0.381842 0.783384 0.0223277 0.0387687 0.0653235
0 0.611717 0.703188 0.135471 0.232234 0.0652595
0 0.197124 0.812875 0.014335 0.0254754 0.0625026
0 0.29056 0.770656 0.0259843 0.0453488 0.0605268
0 0.417904 0.78253 0.0522455 0.0762894 0.0600187
0 0.242502 0.788302 0.0189877 0.0263906 0.0595863
0 0.385178 0.793887 0.0306976 0.049626 0.0594324
0 0.285626 0.776386 0.0365111 0.0543847 0.0569401
0 0.491701 0.804434 0.0584544 0.0791431 0.056526
0 0.0123722 0.818794 0.0210927 0.0324922 0.0565199
0 0.815413 0.722096 0.200444 0.182394 0.0556006
0 0.117483 0.829291 0.0214017 0.0293347 0.0533826
0 0.0253767 0.805549 0.0506661 0.0675412 0.0531716
0 0.174858 0.812363 0.0424401 0.0445567 0.0523843
0 0.403491 0.780612 0.0514429 0.0733615 0.0518423
0 0.134972 0.828638 0.024747 0.0363754 0.050738
0 0.311275 0.786395 0.0365927 0.0597566 0.0505561
0 0.0350228 0.80684 0.0769057 0.0819606 0.049252
0 0.19188 0.816544 0.0211833 0.0247357 0.0487654
0 0.0177067 0.795083 0.0379043 0.0590037 0.0485641
0 0.138419 0.822981 0.0186463 0.0293511 0.048283
0 0.944582 0.67263 0.116459 0.246178 0.0480308
0 0.861707 0.702826 0.100745 0.136924 0.0463112
0 0.861657 0.886299 0.272323 0.244557 0.0457334
0 0.128311 0.82395 0.0192264 0.030473 0.0452421
0 0.535433 0.773561 0.0339066 0.0600923 0.0451883
0 0.838194 0.625349 0.147399 0.199331 0.0450871
0 0.599668 0.661109 0.109201 0.129389 0.0446092
0 0.0418979 0.693492 0.0875917 0.259919 0.0444691
0 0.844547 0.669597 0.0448034 0.0477492 0.04335
0 0.53166 0.787504 0.039957 0.0461024 0.0430336
0 0.103072 0.738119 0.0295362 0.0311517 0.0429383
0 0.0321324 0.800825 0.0544274 0.050333 0.042852
0 0.0309459 0.789739 0.0636129 0.0718196 0.0425805
0 0.382536 0.791507 0.0471001 0.0623769 0.0423825
0 0.0293569 0.657432 0.0572926 0.20134 0.0421106
0 0.711746 0.463025 0.291315 0.225288 0.0412207
0 0.831842 0.67492 0.163187 0.180019 0.0411492
0 0.350591 0.796273 0.0957485 0.0759416 0.0411486
0 0.970829 0.70824 0.0575735 0.180566 0.0410393
0 0.958444 0.743666 0.0823816 0.144202 0.0397825
0 0.199402 0.802421 0.0208064 0.0288788 0.0395147
0 0.0150665 0.619551 0.0298479 0.131953 0.0392379
0 0.113043 0.829417 0.042852 0.0545002 0.0392002
0 0.294532 0.764959 0.0188504 0.0327789 0.0389463
0 0.859158 0.669708 0.072794 0.0607457 0.0389193
0 0.236425 0.787769 0.0184529 0.0245829 0.0387048
0 0.816518 0.614706 0.0838537 0.125553 0.0385712
0 0.0106854 0.751029 0.0237712 0.184928 0.0383994
0 0.868158 0.663774 0.0947197 0.082595 0.0380885
0 0.408474 0.795284 0.0224015 0.0316471 0.0374941
0 0.956387 0.783192 0.0916462 0.353152 0.0371544
0 0.955312 0.674713 0.0868998 0.124235 0.0370079
0 0.508356 0.809417 0.0863386 0.0936991 0.0365752
0 0.951461 0.539966 0.0954962 0.217777 0.0363422
0 0.0975962 0.796269 0.0332866 0.0310625 0.036295
0 0.724321 0.677021 0.024276 0.0536702 0.0358153
0 0.586776 0.507252 0.0397068 0.0650724 0.0356485
0 0.641075 0.682642 0.185465 0.218523 0.0355759
0 0.15376 0.817905 0.0514709 0.0467382 0.0351381
0 0.892574 0.683753 0.142267 0.171476 0.0351307
0 0.664766 0.435534 0.177233 0.153792 0.0344299
0 0.0479244 0.754311 0.0977701 0.17276 0.0343317
0 0.288891 0.767232 0.0205621 0.0331331 0.0339514
0 0.825402 0.660599 0.0678007 0.0590194 0.0338259
0 0.0904598 0.800243 0.0542628 0.0514359 0.0335316
0 0.792146 0.625896 0.0313035 0.054336 0.0332133
0 0.300496 0.7845 0.0234571 0.0364782 0.0331124
0 0.962451 0.644641 0.0744856 0.064987 0.0329405
0 0.42172 0.771568 0.0671762 0.101322 0.0326663
0 0.412244 0.799862 0.0199389 0.0342716 0.0326473
0 0.862508 0.641567 0.109873 0.100964 0.0326427
0 0.950174 0.703374 0.0976892 0.400335 0.0326153
0 0.879157 0.651064 0.0750553 0.0707512 0.0322187
0 0.119006 0.845881 0.0194367 0.0389776 0.0321946
0 0.769626 0.53811 0.262171 0.243293 0.0321603
0 0.101983 0.802848 0.0262451 0.0277646 0.0320499
0 0.109101 0.792331 0.027205 0.0365358 0.0318418
0 0.481572 0.573301 0.0217093 0.0265906 0.0316111
0 0.803045 0.624701 0.0576481 0.0820181 0.0312572
0 0.0475586 0.786889 0.0831737 0.0726997 0.0312138
0 0.0831678 0.809837 0.057495 0.0676178 0.0309102
0 0.529479 0.720271 0.0489194 0.182267 0.030752
0 0.503264 0.718381 0.0981622 0.191036 0.0306174
0 0.594141 0.505261 0.0574013 0.0787635 0.030521
0 0.98333 0.711184 0.0333744 0.15078 0.0304046
0 0.0116371 0.651214 0.0238568 0.133573 0.0296857
0 0.867642 0.81097 0.275999 0.370377 0.0293101
0 0.813265 0.645896 0.076326 0.0801071 0.0291282
0 0.847683 0.565945 0.152698 0.193155 0.0290769
0 0.7391 0.667509 0.0554841 0.0767892 0.0289481
0 0.103339 0.760694 0.0395629 0.0670673 0.0287777
0 0.988001 0.726599 0.0242319 0.12915 0.0286536
0 0.00788357 0.701231 0.0165581 0.0871179 0.0284878
0 0.458556 0.796584 0.10174 0.0841361 0.0283261
0 0.591583 0.745883 0.0942568 0.142111 0.0283161
0 0.57981 0.511591 0.0270154 0.0506996 0.0283021
0 0.335647 0.787348 0.076881 0.0655557 0.0282012
0 0.27945 0.765071 0.0195939 0.0275216 0.0281552
0 0.789918 0.636541 0.0387537 0.0701317 0.0280746
0 0.0401768 0.707254 0.0793503 0.140015 0.028058
0 0.971567 0.669597 0.0577297 0.120835 0.0277392
0 0.068907 0.685825 0.127788 0.192443 0.0276862
0 0.966213 0.517369 0.0669149 0.203544 0.0275166
0 0.650768 0.510288 0.19729 0.244564 0.0274157
0 0.178407 0.805912 0.0228874 0.0253866 0.02737
0 0.111445 0.952613 0.0571069 0.0888784 0.0272517
0 0.31638 0.806957 0.0275423 0.0335222 0.0272441
0 0.203097 0.788041 0.0266939 0.03767 0.0269949
0 0.164575 0.810572 0.0427752 0.0433473 0.0269425
0 0.951553 0.464984 0.0970343 0.48463 0.0266952
0 0.0264274 0.858589 0.0507453 0.0917113 0.026595
0 0.405763 0.698506 0.102815 0.188091 0.0265063
0 0.527829 0.843271 0.107803 0.154516 0.0264646
0 0.103543 0.733977 0.0387131 0.0483002 0.0264632
0 0.0171188 0.849711 0.036615 0.103884 0.0263841
0 0.0682717 0.785246 0.0825738 0.0656737 0.02638
0 0.245349 0.76439 0.015771 0.0222148 0.0263654
0 0.668288 0.654014 0.046673 0.131822 0.0263294
0 0.405629 0.511589 0.027546 0.0387627 0.0261253
0 0.791885 0.656555 0.118836 0.130009 0.0261109
0 0.971492 0.756512 0.0558212 0.145779 0.0258506
0 0.0875804 0.704382 0.0868436 0.125479 0.025679
0 0.782161 0.68344 0.225006 0.277901 0.0256156
0 0.345466 0.787466 0.0407771 0.0491116 0.0255923
0 0.0537586 0.741107 0.0509237 0.0597855 0.0255692
0 0.0729902 0.677933 0.14771 0.283461 0.0253363
0 0.842218 0.432718 0.083182 0.0840466 0.0252766
0 0.045155 0.796547 0.0566914 0.0527032 0.0251824
0 0.633574 0.457597 0.132607 0.192087 0.0251299
0 0.854943 0.618017 0.12972 0.147451 0.0250828
0 0.238332 0.748286 0.0428851 0.0694622 0.0249086
0 0.0253507 0.610306 0.0492053 0.208002 0.0247659
0 0.0483206 0.83732 0.0558759 0.066959 0.0247494
0 0.398058 0.627192 0.0576847 0.0495276 0.0244596
0 0.38131 0.776629 0.0170492 0.0337138 0.0243812
0 0.78497 0.45157 0.0516168 0.067021 0.02431
0 0.97821 0.416729 0.0437601 0.112395 0.0241841
0 0.866168 0.731592 0.104165 0.118112 0.0241719
0 0.483016 0.820307 0.0375462 0.0636356 0.0240765
0 0.0950863 0.726002 0.0546716 0.0712792 0.0240587
0 0.888757 0.641142 0.0518473 0.0539429 0.0239873
0 0.808659 0.664631 0.0666561 0.0622609 0.0239844
0 0.105988 0.767628 0.050515 0.0913686 0.0239649
0 0.543305 0.777633 0.0658309 0.0742177 0.0238328
0 0.525377 0.796588 0.0548183 0.0568622 0.0237173
0 0.935713 0.744981 0.124321 0.215955 0.0236695
0 0.929563 0.844506 0.128062 0.296678 0.0236408
0 0.483566 0.563541 0.0374031 0.0390954 0.0235492
0 0.0679461 0.741499 0.0416865 0.0493878 0.0234249
0 0.780074 0.637024 0.0587861 0.094863 0.0232796
0 0.791049 0.661597 0.0470531 0.0618439 0.0231635
0 0.20621 0.615674 0.0555557 0.0690245 0.0231548
0 0.808573 0.625104 0.119164 0.152536 0.0231548
0 0.961659 0.573373 0.0759853 0.178139 0.0231307
0 0.254836 0.767677 0.0136 0.0195872 0.0229405
0 0.663842 0.632906 0.0455238 0.0860129 0.022924
0 0.377312 0.775462 0.02536 0.0478897 0.0228919
0 0.86623 0.521554 0.196687 0.267094 0.0228476
0 0.0491973 0.612848 0.0929852 0.215471 0.0226959
0 0.959171 0.628298 0.0738482 0.076691 0.0226691
0 0.925128 0.901665 0.147221 0.189933 0.0226541
0 0.480706 0.688549 0.154005 0.244107 0.0226137
0 0.748186 0.655492 0.0704576 0.0945398 0.0226045
0 0.779891 0.684511 0.138318 0.162535 0.0225558
0 0.0356611 0.631226 0.0663813 0.120226 0.0225494
0 0.684474 0.656372 0.0757338 0.152294 0.0224956
0 0.388101 0.775954 0.0210586 0.0411748 0.0224899
0 0.919347 0.412339 0.0524925 0.104958 0.0224828
0 0.324191 0.778707 0.0479396 0.0687112 0.0224114
0 0.917905 0.492786 0.052672 0.0849506 0.0224048
0 0.785575 0.619137 0.0550653 0.0933567 0.0223451
0 0.691058 0.695634 0.0773259 0.161138 0.0223449
0 0.383947 0.837427 0.0366525 0.0546967 0.022328
0 0.0780466 0.7645 0.094346 0.100293 0.022326
0 0.840202 0.429258 0.158963 0.110092 0.0222618
0 0.777191 0.657941 0.0672702 0.080119 0.0222186
0 0.274924 0.795139 0.0132311 0.0202123 0.0222066
0 0.937709 0.695959 0.0719288 0.120872 0.0221168
0 0.761643 0.64387 0.104765 0.137688 0.022113
0 0.838961 0.695076 0.079434 0.116982 0.0221118
0 0.0497861 0.711764 0.0590479 0.094219 0.0220635
0 0.809479 0.597843 0.160347 0.174414 0.0217883
0 0.0644599 0.715436 0.045184 0.069288 0.0214838
0 0.112375 0.692809 0.0366534 0.0620845 0.0214813
0 0.835933 0.904395 0.182867 0.186491 0.0214438
0 0.356955 0.786934 0.0705891 0.0674133 0.0214333
0 0.608961 0.458672 0.0857202 0.1638 0.0214057
0 0.302416 0.650143 0.0242955 0.0410667 0.0213796
0 0.0881582 0.663733 0.0955788 0.108954 0.0212329
0 0.644012 0.634218 0.0904941 0.100849 0.0212232
0 0.974216 0.394042 0.0528162 0.126605 0.0211221
0 0.823949 0.675394 0.0871306 0.0849099 0.021064
0 0.556543 0.734276 0.0552856 0.122021 0.0209647
0 0.987503 0.758791 0.0246748 0.123101 0.0208628
0 0.353751 0.831737 0.0461745 0.0617416 0.0208423
0 0.27258 0.768138 0.0167704 0.024046 0.0208176
0 0.107078 0.720874 0.0528419 0.0907512 0.020772
0 0.0896919 0.947874 0.081306 0.106219 0.0207704
0 0.487826 0.570609 0.0309053 0.0337121 0.0206579
0 0.101167 0.829826 0.0632552 0.0589155 0.020616
0 0.953387 0.855862 0.0927883 0.249496 0.0202921
0 0.849022 0.403529 0.184245 0.156771 0.0202515
0 0.963703 0.375961 0.0696596 0.138521 0.0202012
0 0.447116 0.561549 0.0570868 0.0716294 0.0201256
0 0.4051 0.730804 0.122384 0.159162 0.0201244
0 0.0845733 0.897215 0.0997194 0.181413 0.0200777
0 0.504354 0.828612 0.0588176 0.0972176 0.0200474
0 0.339645 0.764077 0.0209287 0.0478941 0.0200419
0 0.93367 0.579327 0.0997366 0.191666 0.0200198
0 0.125679 0.605677 0.0329193 0.0562165 0.0199635
0 0.504994 0.541909 0.16718 0.213694 0.0199366
0 0.456744 0.569108 0.0641026 0.0582092 0.0199102
0 0.0552416 0.681758 0.0423135 0.0659634 0.0198053
0 0.112652 0.675499 0.0301912 0.0440423 0.0197633
0 0.017936 0.715059 0.0334825 0.124058 0.0197214
0 0.652926 0.418548 0.126636 0.12451 0.0197102
0 0.981198 0.433067 0.0395626 0.0630716 0.019671
0 0.979617 0.614227 0.0367847 0.0691738 0.0196401
0 0.405706 0.834228 0.0331512 0.0496952 0.0196287
0 0.564739 0.516397 0.137484 0.179341 0.0196126
0 0.981797 0.53215 0.0354263 0.163459 0.0195232
0 0.788734 0.398756 0.0296865 0.0401627 0.0193967
0 0.714691 0.686012 0.0484406 0.12383 0.0193783
0 0.755778 0.755448 0.277673 0.291117 0.0193224
0 0.170597 0.791708 0.0279036 0.0332842 0.0192848
0 0.876983 0.616741 0.0831696 0.128876 0.019152
0 0.723173 0.65956 0.0600437 0.108828 0.0191411
0 0.846361 0.741701 0.138347 0.147625 0.0190155
0 0.982715 0.451198 0.0349356 0.0724892 0.0190065
0 0.878075 0.682451 0.0732939 0.12905 0.0189239
0 0.541665 0.727886 0.0776246 0.184669 0.0189011
0 0.731232 0.646161 0.0911668 0.137644 0.0188651
0 0.270866 0.795487 0.0132794 0.0209457 0.0188441
0 0.681319 0.773502 0.0568476 0.0757363 0.0188276
0 0.0258275 0.607701 0.0471071 0.116079 0.0187953
0 0.467951 0.572418 0.0421879 0.0394167 0.0186952
0 0.769167 0.59665 0.125346 0.162415 0.0186892
0 0.979008 0.491976 0.0431873 0.161495 0.0186677
0 0.272834 0.723152 0.0589907 0.117325 0.0186622
0 0.733698 0.673316 0.0565726 0.116366 0.0186347
0 0.0794382 0.79069 0.056436 0.0470817 0.0185936
