0 0.519835 0.625967 0.0438843 0.0614662 0.890413
0 0.468695 0.615972 0.0356333 0.0425502 0.837685
0 0.110424 0.621207 0.0709826 0.0695914 0.457938
0 0.167511 0.618744 0.0603749 0.0472872 0.426692
0 0.0383332 0.631933 0.0762164 0.0869264 0.367247
0 0.123462 0.62138 0.0495662 0.0618089 0.296585
0 0.0146528 0.631304 0.0293055 0.0842911 0.29024
0 0.0538385 0.627487 0.0623039 0.0687383 0.289048
0 0.085434 0.625733 0.0423605 0.0563428 0.253792
0 0.159055 0.630013 0.081541 0.0734374 0.253139
0 0.0958521 0.622107 0.0571205 0.0641108 0.242354
0 0.247529 0.609898 0.036114 0.039188 0.241304
0 0.504596 0.592228 0.0148982 0.0199096 0.230027
0 0.49614 0.593413 0.014033 0.0193581 0.206129
0 0.5625 0.586915 0 0.127754 0.189816
0 0.51893 0.589493 0.0181599 0.0205638 0.179841
0 0.180154 0.602855 0.0457849 0.0575223 0.173054
0 0.0575109 0.629549 0.0908023 0.08578 0.172732
0 0.510198 0.594286 0.0141292 0.018784 0.172058
0 0.0986314 0.627292 0.0957754 0.0920083 0.160646
0 0.5625 0.598944 0 0.0981122 0.159001
0 0.5625 0.595933 0 0.0921704 0.145969
0 0.5625 0.589857 0 0.113675 0.144474
0 0.507854 0.590649 0.0126939 0.018143 0.144264
0 0.512618 0.591404 0.0130424 0.0167557 0.140233
0 0.515775 0.592112 0.0165894 0.0196453 0.134562
0 0.361767 0.60438 0.0225297 0.0198233 0.128549
0 0.5625 0.561477 0 0.0798583 0.127119
0 0.508521 0.596927 0.0127518 0.0180579 0.1268
0 0.0169006 0.641149 0.0338011 0.128268 0.12451
0 0.1391 0.654208 0.12949 0.136456 0.119653
0 0.5625 0.5894 0 0.122278 0.118342
0 0.499348 0.600966 0.012471 0.0215553 0.116531
0 0.495478 0.60566 0.0169125 0.0295071 0.112663
0 0.0729273 0.617129 0.0944287 0.0921485 0.10947
0 0.522006 0.586519 0.0119405 0.016053 0.109438
0 0.266541 0.605676 0.0603334 0.0527276 0.103184
0 0.5625 0.582217 0 0.143946 0.102788
0 0.50088 0.609774 0.0131359 0.0247164 0.102411
0 0.360265 0.616927 0.034119 0.0406352 0.102142
0 0.500922 0.588228 0.0127587 0.0180784 0.0998713
0 0.129145 0.629289 0.0938691 0.0984362 0.0994414
0 0.239314 0.615511 0.0240981 0.030594 0.0984609
0 0.231367 0.612229 0.0398008 0.0415703 0.0983607
0 0.5625 0.587965 0 0.130609 0.0971961
0 0.0421009 0.670659 0.0842018 0.188397 0.095333
0 0.468341 0.599403 0.0422516 0.0756672 0.0949871
0 0.443138 0.6027 0.0231906 0.032002 0.0948181
0 0.415825 0.601591 0.0169206 0.026848 0.0947978
0 0.183592 0.615737 0.0272913 0.0295077 0.0944573
0 0.0105975 0.617021 0.0220672 0.0934959 0.0938831
0 0.248948 0.602737 0.0423081 0.0564749 0.0938713
0 0.0822066 0.606808 0.126655 0.125422 0.0936563
0 0.497369 0.589664 0.01181 0.0182911 0.0934047
0 0.0424772 0.61027 0.0860027 0.145441 0.0923003
0 0.512983 0.58747 0.0127504 0.0169145 0.0881433
0 0.0459354 0.642529 0.101962 0.124162 0.0877381
0 0.522136 0.592188 0.0145792 0.0181071 0.0871495
0 0.537949 0.618422 0.0118783 0.0263485 0.0852557
0 0.277878 0.605684 0.0436446 0.0478447 0.0848671
0 0.492087 0.586752 0.0211341 0.0299733 0.083439
0 0.472136 0.603161 0.0289707 0.0426383 0.0813622
0 0.697238 0.573915 0.102782 0.0961586 0.0803885
0 0.482979 0.605376 0.0150224 0.0234557 0.0801382
0 0.852123 0.593789 0.0766624 0.0800267 0.0784772
0 0.360261 0.608741 0.0283656 0.0255411 0.0778828
0 0.73535 0.59541 0.096262 0.102613 0.0772833
0 0.197566 0.600992 0.0706518 0.0745312 0.0771775
0 0.168941 0.609626 0.0802959 0.0756015 0.0742937
0 0.163017 0.641534 0.0892496 0.116278 0.0741259
0 0.963609 0.556362 0.0684135 0.0867794 0.0728102
0 0.798273 0.599861 0.0804547 0.0845465 0.0715099
0 0.09781 0.6796 0.188766 0.226843 0.0704662
0 0.227235 0.627931 0.0532341 0.0656515 0.0704277
0 0.506505 0.584972 0.0127954 0.0192318 0.0699603
0 0.666628 0.59243 0.0429301 0.0984412 0.0699457
0 0.674645 0.57769 0.0495597 0.0836145 0.0698946
0 0.235455 0.620715 0.0332213 0.042802 0.0695839
0 0.137228 0.606241 0.137313 0.123531 0.0692199
0 0.975816 0.545684 0.0480764 0.0950954 0.0674421
0 0.820651 0.594371 0.0736893 0.0855999 0.0666606
0 0.971349 0.617104 0.0566797 0.132722 0.066506
0 0.337776 0.616958 0.0289577 0.0302395 0.0662707
0 0.791934 0.576135 0.187008 0.137297 0.0649435
0 0.232604 0.617041 0.052282 0.053687 0.0637354
0 0.531576 0.600627 0.0160041 0.0234394 0.0636785
0 0.936637 0.591412 0.126573 0.106578 0.0626781
0 0.524454 0.607755 0.0145736 0.0249384 0.0615832
0 0.706141 0.557241 0.100718 0.0686273 0.061139
0 0.456888 0.610153 0.0174621 0.0281004 0.0608972
0 0.364563 0.599715 0.0246378 0.0240573 0.0604185
0 0.856223 0.530875 0.0418755 0.0454898 0.0601606
0 0.746721 0.602984 0.161065 0.130758 0.0599835
0 0.457173 0.618265 0.0157674 0.0263156 0.0598131
0 0.896118 0.594512 0.083338 0.08311 0.0584829
0 0.551423 0.604134 0.0228494 0.0363746 0.0584146
0 0.218158 0.610445 0.0693448 0.0642776 0.0584005
0 0.93035 0.55683 0.0306425 0.0364482 0.0569574
0 0.167091 0.592698 0.0928201 0.108714 0.0565219
0 0.479643 0.583637 0.0389638 0.0629893 0.0561417
0 0.243891 0.608596 0.0249909 0.0327173 0.0560642
0 0.486687 0.610692 0.0131334 0.024287 0.0559714
0 0.0761892 0.64479 0.0927807 0.117843 0.0555624
0 0.175327 0.609953 0.0272654 0.034153 0.0547354
0 0.412634 0.597411 0.0239009 0.0387845 0.0545959
0 0.683648 0.56191 0.0621703 0.0661649 0.054567
0 0.477086 0.611947 0.0193777 0.0253029 0.0545352
0 0.9761 0.510132 0.050786 0.198109 0.0543671
0 0.982749 0.617701 0.0356874 0.151798 0.0541514
0 0.951404 0.536256 0.0908648 0.112224 0.0535033
0 0.190868 0.63039 0.0519983 0.0632741 0.0531904
0 0.255657 0.615327 0.025693 0.0300702 0.0530147
0 0.911143 0.577577 0.173169 0.146182 0.0526377
0 0.950856 0.616528 0.0940662 0.127895 0.0524456
0 0.981938 0.511142 0.0368423 0.153758 0.0523775
0 0.449184 0.600602 0.0210785 0.034171 0.0522398
0 0.315172 0.612434 0.0351172 0.0347101 0.0515334
0 0.178823 0.586612 0.0547012 0.0909315 0.0513604
0 0.584624 0.598715 0.0303203 0.0508042 0.0510108
0 0.863428 0.557862 0.0746769 0.0813862 0.0507631
0 0.562742 0.608822 0.019798 0.0350042 0.0506331
0 0.926646 0.576843 0.0545143 0.072398 0.0503664
0 0.773853 0.532169 0.0431717 0.0463048 0.0499296
0 0.257659 0.608071 0.0231898 0.0330705 0.0496487
0 0.473697 0.595372 0.0187683 0.0291621 0.0492154
0 0.838552 0.601976 0.110167 0.0915691 0.0474121
0 0.595513 0.599528 0.0383901 0.0563678 0.0471459
0 0.440405 0.597568 0.0226943 0.0355748 0.0470475
0 0.94349 0.507512 0.109093 0.221283 0.0459653
0 0.663369 0.58479 0.0746952 0.125101 0.045659
0 0.48784 0.606527 0.0140906 0.0204781 0.045604
0 0.260548 0.597015 0.0667593 0.0775443 0.0454643
0 0.313403 0.601191 0.031551 0.0330879 0.045001
0 0.604418 0.603772 0.0317782 0.0520012 0.0436397
0 0.827469 0.564132 0.129792 0.101275 0.0435515
0 0.432982 0.59274 0.023955 0.0461184 0.0434312
0 0.853965 0.567344 0.0525595 0.0578149 0.0433639
0 0.542657 0.60213 0.0176397 0.0296806 0.0431266
0 0.0330235 0.589668 0.0685014 0.139138 0.0430433
0 0.00751702 0.595639 0.0162691 0.0561901 0.0429139
0 0.874917 0.544429 0.0862818 0.0825974 0.0428472
0 0.775546 0.559594 0.0425465 0.0372156 0.042437
0 0.445776 0.607689 0.0175231 0.0272413 0.0418213
0 0.874539 0.580826 0.0964405 0.0779067 0.0416353
0 0.0139488 0.589345 0.0298249 0.0894574 0.041477
0 0.888923 0.547472 0.119608 0.10646 0.0414518
0 0.760159 0.56409 0.0867332 0.0884499 0.0413288
0 0.930373 0.550393 0.0381439 0.0508358 0.0412632
0 0.758681 0.541505 0.0678469 0.0661309 0.0409867
0 0.958794 0.511993 0.078933 0.171194 0.0403586
0 0.343037 0.614466 0.0291816 0.0275625 0.0401332
0 0.792595 0.544561 0.0899253 0.069427 0.0400346
0 0.111301 0.644751 0.0935048 0.114641 0.039879
0 0.733343 0.60816 0.0719564 0.0781574 0.0397061
0 0.270195 0.611241 0.0303044 0.0387694 0.038901
0 0.899926 0.53063 0.0911362 0.107953 0.0388406
0 0.920073 0.660885 0.165966 0.188739 0.0384269
0 0.249505 0.622898 0.0260383 0.032653 0.037575
0 0.798229 0.578592 0.0876551 0.0964374 0.0373696
0 0.950343 0.653594 0.0976143 0.209411 0.0373287
0 0.844107 0.61316 0.17036 0.142967 0.0373023
0 0.351666 0.622004 0.0431327 0.0459011 0.0372618
0 0.0587628 0.588134 0.118122 0.195568 0.0369816
0 0.374975 0.614121 0.0320124 0.0358026 0.0367172
0 0.404067 0.598852 0.0376441 0.0442273 0.0364507
0 0.328976 0.620853 0.0405355 0.0350965 0.0357972
0 0.553295 0.610591 0.0153084 0.0262485 0.0356825
0 0.313162 0.594213 0.0370188 0.0447159 0.0356233
0 0.637638 0.603657 0.0387814 0.0681069 0.0351295
0 0.0193875 0.677505 0.0401947 0.200843 0.0350536
0 0.81188 0.574137 0.0591614 0.0778277 0.0349299
0 0.641138 0.6108 0.0273791 0.0626996 0.0345609
0 0.886648 0.609968 0.14983 0.124079 0.0345091
0 0.910178 0.515685 0.169775 0.226779 0.0344804
0 0.401008 0.608446 0.0309218 0.0393577 0.0340104
0 0.784356 0.536367 0.0608403 0.0586576 0.0339787
0 0.45595 0.598958 0.0336644 0.0523187 0.0338435
0 0.44411 0.594125 0.02735 0.0495814 0.0337996
0 0.983228 0.463911 0.0335005 0.152587 0.0335092
0 0.839698 0.581492 0.0968887 0.108013 0.0334289
0 0.106142 0.595047 0.169174 0.177987 0.0331886
0 0.908362 0.721469 0.176131 0.363296 0.0331856
0 0.340136 0.625564 0.0424821 0.0488506 0.0331774
0 0.808638 0.610096 0.14409 0.130554 0.0330921
0 0.433568 0.606865 0.0176373 0.024727 0.0330492
0 0.921632 0.545789 0.0492556 0.0640606 0.0327104
0 0.416808 0.609856 0.0177126 0.0254629 0.032663
0 0.241821 0.627196 0.0261771 0.0335568 0.0324654
0 0.553504 0.599312 0.0149667 0.0289084 0.0321721
0 0.372011 0.613469 0.0201044 0.02489 0.0321368
0 0.93435 0.390407 0.131456 0.398869 0.0319247
0 0.987137 0.637397 0.0265083 0.132624 0.0319232
0 0.804393 0.544955 0.0630667 0.0525604 0.0318414
0 0.546584 0.610938 0.0209497 0.0353356 0.031834
0 0.834137 0.542021 0.0911057 0.070694 0.0316073
0 0.264327 0.602706 0.0353119 0.0458169 0.031226
0 0.182134 0.648112 0.0697215 0.119819 0.0311458
0 0.675167 0.555282 0.0450703 0.0519654 0.0307543
0 0.972141 0.661858 0.0537876 0.236187 0.0307283
0 0.0485327 0.72073 0.0908947 0.274787 0.0300145
0 0.539439 0.628139 0.0158202 0.0274753 0.0297251
0 0.628128 0.588866 0.0614349 0.106236 0.0295926
0 0.795568 0.529258 0.194709 0.169374 0.0294484
0 0.276777 0.619439 0.0243588 0.0307012 0.0291618
0 0.904042 0.560523 0.0874783 0.0670405 0.0291361
0 0.933107 0.511424 0.0831291 0.152189 0.029064
0 0.452159 0.513478 0.0325665 0.045998 0.0289342
0 0.608434 0.59843 0.0406932 0.0706702 0.0286161
0 0.204658 0.601832 0.0521401 0.0573687 0.0285632
0 0.629734 0.615581 0.0308128 0.0504992 0.0284749
0 0.622434 0.605334 0.0420721 0.0684309 0.0282787
0 0.569034 0.602144 0.0182025 0.0374704 0.0281978
0 0.652776 0.565293 0.081573 0.15386 0.0280371
0 0.88081 0.510606 0.105966 0.141736 0.0279239
0 0.559031 0.611759 0.0157012 0.0271444 0.027873
0 0.192699 0.640218 0.0296391 0.0572127 0.0278561
0 0.548188 0.572677 0.0189606 0.0309222 0.0278239
0 0.33599 0.594112 0.0328272 0.0378215 0.0276765
0 0.0586513 0.764682 0.122538 0.264179 0.0271278
0 0.757816 0.528046 0.0570754 0.0499515 0.0265927
0 0.261905 0.599669 0.0237927 0.0341537 0.0264101
0 0.622 0.611572 0.067809 0.0985401 0.026017
0 0.94395 0.642186 0.118474 0.130684 0.025983
0 0.1721 0.561703 0.0659155 0.0778761 0.0259396
0 0.428688 0.621422 0.0356747 0.0490153 0.0257317
0 0.919851 0.609422 0.130518 0.117773 0.0255444
0 0.828449 0.488886 0.078109 0.10011 0.0255192
0 0.650304 0.581846 0.0571319 0.104338 0.0254411
0 0.482404 0.587476 0.0187126 0.0297456 0.0252771
0 0.871638 0.515397 0.167423 0.194151 0.0252014
0 0.193481 0.610167 0.0262712 0.0327827 0.0251295
0 0.915457 0.509813 0.0608887 0.137967 0.0250697
0 0.0344721 0.758724 0.0733395 0.235359 0.0250215
0 0.416769 0.602212 0.0236862 0.037802 0.0249809
0 0.797502 0.53022 0.10621 0.095804 0.0247236
0 0.352182 0.6286 0.0236475 0.0310972 0.0246737
0 0.712977 0.538477 0.0961586 0.0788627 0.0245805
0 0.980927 0.66322 0.0396255 0.169273 0.0244332
0 0.830424 0.626097 0.115478 0.116484 0.0243447
0 0.16007 0.538847 0.0369637 0.0370243 0.024283
0 0.585104 0.580783 0.0165773 0.0325633 0.0242206
0 0.613726 0.613348 0.0386064 0.0534654 0.0238479
0 0.633054 0.565816 0.0877188 0.135235 0.0238087
0 0.937842 0.7026 0.124504 0.284106 0.0236826
0 0.543764 0.617473 0.0192714 0.025928 0.0236577
0 0.823588 0.517455 0.0610825 0.0677761 0.0235411
0 0.831454 0.511063 0.181824 0.156882 0.0234825
0 0.557468 0.578811 0.0507198 0.0702555 0.0234218
0 0.826999 0.49211 0.0521006 0.0640538 0.0232678
0 0.540696 0.573415 0.0162479 0.0256789 0.0231433
0 0.338779 0.625552 0.0592316 0.0679308 0.0230797
0 0.717141 0.652955 0.109524 0.171531 0.0230475
0 0.552143 0.619719 0.0160871 0.0239906 0.0228362
0 0.691151 0.660535 0.0995786 0.15471 0.022798
0 0.748854 0.645862 0.125465 0.191734 0.0227586
0 0.429594 0.627955 0.0202612 0.0302118 0.0226863
0 0.646354 0.617168 0.0354888 0.0638073 0.0225651
0 0.218377 0.660788 0.0563885 0.0973733 0.0224277
0 0.293735 0.616554 0.0223385 0.031011 0.0223368
0 0.656167 0.556309 0.0520983 0.0672835 0.0223354
0 0.917854 0.462175 0.0363348 0.063805 0.0222747
0 0.966096 0.418604 0.0633829 0.310871 0.0222244
0 0.404458 0.610542 0.0174005 0.0230922 0.0221041
0 0.315523 0.626116 0.0378531 0.0413703 0.0220498
0 0.024448 0.589051 0.04062 0.168231 0.0219975
0 0.575953 0.619343 0.0667277 0.0833367 0.021779
0 0.182563 0.69773 0.0486771 0.0803187 0.0216062
0 0.927351 0.468355 0.0582098 0.0975516 0.0215747
0 0.103051 0.77446 0.170213 0.295372 0.0213836
0 0.024511 0.728519 0.0477727 0.265131 0.0211098
0 0.605362 0.634768 0.0410942 0.0605453 0.0209273
0 0.854019 0.710219 0.17871 0.284762 0.0207427
0 0.183148 0.566933 0.0789974 0.119633 0.0207367
0 0.243161 0.530444 0.0290535 0.043457 0.0206862
0 0.0496007 0.57207 0.070549 0.0973076 0.0204851
0 0.852861 0.505069 0.061294 0.0872153 0.0201788
0 0.962928 0.461699 0.0676372 0.149535 0.020156
0 0.75924 0.823676 0.114666 0.217003 0.0201522
0 0.978162 0.718903 0.0440275 0.270334 0.020122
0 0.974043 0.443882 0.0500135 0.13561 0.0201127
0 0.576002 0.589269 0.0161336 0.0344888 0.0200878
0 0.364011 0.616732 0.0232918 0.0296243 0.0200332
0 0.14432 0.535704 0.0501807 0.048435 0.0200289
0 0.580609 0.590956 0.0319286 0.0458498 0.0199411
0 0.794762 0.514821 0.2535 0.233957 0.0197319
0 0.960103 0.659921 0.0762646 0.151358 0.0197267
0 0.0727923 0.568626 0.0999197 0.122409 0.0196931
0 0.259355 0.624751 0.0386967 0.0503335 0.0196744
0 0.402463 0.598661 0.0200669 0.0300108 0.0196262
0 0.459802 0.568743 0.0488678 0.0894026 0.0195839
0 0.103212 0.605563 0.0706651 0.068654 0.0195425
0 0.949867 0.350234 0.0958973 0.283273 0.0195043
0 0.786328 0.655556 0.101441 0.132744 0.0194781
0 0.913672 0.466235 0.0493565 0.0862417 0.0194593
0 0.140252 0.50813 0.0392488 0.0546009 0.0192715
0 0.813588 0.498586 0.0819438 0.0896438 0.0191701
0 0.989248 0.66622 0.0222168 0.135959 0.0190641
0 0.185491 0.930921 0.0533473 0.0824753 0.0188574
0 0.114453 0.6029 0.0868051 0.101452 0.018821
0 0.0632741 0.678165 0.0844058 0.146084 0.0186313
