0 0.5625 0.772292 0 0.0917937 0.902047
0 0.529412 0.758697 0.0661767 0.0887171 0.876787
0 0.106367 0.844369 0.212735 0.296718 0.87303
0 0.560504 0.76119 0.00399117 0.0572903 0.744114
0 0.5625 0.748301 0 0.0304845 0.626616
0 0.5625 0.749756 0 0.0537184 0.601351
0 0.5625 0.749052 0 0.0335229 0.582768
0 0.5625 0.744987 0 0.0290304 0.57348
0 0.5625 0.802518 0 0.232805 0.55822
0 0.5625 0.748481 0 0.0397954 0.468831
0 0.5625 0.742421 0 0.0259777 0.444961
0 0.5625 0.748258 0 0.0367972 0.43205
0 0.5625 0.746363 0 0.0581243 0.35138
0 0.5625 0.756761 0 0.057392 0.319208
0 0.5625 0.749654 0 0.0271442 0.289273
0 0.5625 0.750623 0 0.028029 0.287725
0 0.5625 0.74554 0 0.0204336 0.283808
0 0.5625 0.745543 0 0.021942 0.275256
0 0.5625 0.745836 0 0.0252725 0.266666
0 0.5625 0.748984 0 0.02344 0.236661
0 0.5625 0.855396 0 0.120926 0.219943
0 0.5625 0.750185 0 0.0317203 0.214281
0 0.5625 0.749239 0 0.0208479 0.202691
0 0.5625 0.743987 0 0.026532 0.189067
0 0.5625 0.744449 0 0.025502 0.183911
0 0.5625 0.752186 0 0.0402664 0.161671
0 0.5625 0.748372 0 0.0295936 0.161619
0 0.5625 0.747148 0 0.0238313 0.157947
0 0.5625 0.75113 0 0.0276464 0.146287
0 0.5625 0.757438 0 0.045618 0.139228
0 0.5625 0.740299 0 0.0323591 0.134987
0 0.505553 0.746839 0.0241835 0.0520703 0.130023
0 0.5625 0.746161 0 0.0325353 0.129932
0 0.5625 0.753196 0 0.0426259 0.128221
0 0.5625 0.72631 0 0.0301598 0.125984
0 0.5625 0.755573 0 0.0323073 0.118126
0 0.5625 0.741117 0 0.0719454 0.114202
0 0.5625 0.765401 0 0.078294 0.109364
0 0.5625 0.842547 0 0.138549 0.107099
0 0.5625 0.749787 0 0.067373 0.105967
0 0.5625 0.755291 0 0.124837 0.0986128
0 0.5625 0.785445 0 0.12172 0.0890843
0 0.5625 0.81101 0 0.0516195 0.0882702
0 0.5625 0.761558 0 0.0405867 0.0790257
0 0.5625 0.854651 0 0.124122 0.0745988
0 0.5625 0.753593 0 0.146337 0.0740153
0 0.5625 0.747147 0 0.0592792 0.0730103
0 0.5625 0.802965 0 0.0753272 0.0718287
0 0.5625 0.835501 0 0.158853 0.0688416
0 0.5625 0.737537 0 0.0359558 0.0684521
0 0.925049 0.771106 0.150333 0.163224 0.0676913
0 0.863664 0.862371 0.103773 0.087096 0.0667202
0 0.973502 0.819671 0.0545853 0.212963 0.0643752
0 0.743645 0.723327 0.027122 0.0224786 0.0643673
0 0.977154 0.767948 0.046706 0.167376 0.0628552
0 0.748014 0.738297 0.0581447 0.0578998 0.0624387
0 0.960045 0.780603 0.0785103 0.189944 0.0609678
0 0.905043 0.772841 0.0626068 0.114371 0.0584331
0 0.611473 0.739551 0.023468 0.0374301 0.0566081
0 0.979628 0.835001 0.0409147 0.164194 0.0564976
0 0.825603 0.752539 0.0848437 0.100514 0.0560955
0 0.806007 0.775824 0.0857595 0.10657 0.0558173
0 0.896925 0.823978 0.137668 0.165701 0.0556557
0 0.807818 0.754632 0.053583 0.0835327 0.0551682
0 0.951538 0.815723 0.094343 0.219425 0.0535034
0 0.867066 0.79509 0.0825857 0.103563 0.0531767
0 0.877295 0.761777 0.114838 0.14128 0.0530739
0 0.859411 0.809901 0.11985 0.191343 0.0530511
0 0.801637 0.742189 0.041419 0.0588979 0.0526643
0 0.931428 0.872581 0.156929 0.0814573 0.051211
0 0.722878 0.74462 0.0147276 0.0289334 0.0511218
0 0.915573 0.74714 0.0304991 0.0538462 0.0504457
0 0.699297 0.762324 0.0177419 0.0296631 0.0500585
0 0.98361 0.788365 0.0343208 0.165492 0.0499013
0 0.964897 0.862867 0.0672234 0.104187 0.0489128
0 0.570944 0.756904 0.0219897 0.0415809 0.0488557
0 0.522216 0.750213 0.056706 0.0703656 0.0483287
0 0.983228 0.743546 0.0347391 0.124815 0.0471298
0 0.715099 0.733257 0.0195346 0.0249117 0.0469655
0 0.786715 0.739799 0.0317328 0.0499966 0.0467479
0 0.904846 0.901352 0.179076 0.220397 0.0466036
0 0.946507 0.891066 0.0984749 0.0568359 0.0463669
0 0.928759 0.758318 0.0581112 0.0935964 0.0462179
0 0.981538 0.865185 0.0381815 0.103766 0.044576
0 0.921347 0.738254 0.037347 0.0518373 0.0441931
0 0.69133 0.765784 0.0233714 0.0371355 0.0430702
0 0.562591 0.762098 0.0254403 0.0656623 0.0423299
0 0.0345355 0.905799 0.069685 0.173095 0.0422526
0 0.578427 0.759051 0.0213036 0.0415894 0.0419993
0 0.792997 0.751348 0.0388691 0.0629517 0.0418554
0 0.833802 0.826105 0.147883 0.178554 0.0411036
0 0.964133 0.735787 0.0673096 0.104582 0.0410316
0 0.80123 0.768108 0.0542355 0.0840212 0.0407679
0 0.420357 0.939685 0.24074 0.127906 0.0407599
0 0.865623 0.822781 0.069688 0.0848024 0.0403997
0 0.856962 0.848341 0.0758778 0.0891713 0.0399226
0 0.90244 0.879199 0.13759 0.0743893 0.0397493
0 0.502628 0.757423 0.0191925 0.0450226 0.0391077
0 0.850993 0.779275 0.100212 0.122823 0.0388877
0 0.577562 0.743542 0.0244993 0.0393831 0.0387744
0 0.599221 0.734927 0.0374694 0.0585622 0.0386581
0 0.743917 0.747137 0.0203965 0.0313633 0.0382514
0 0.798502 0.738149 0.0556009 0.0807471 0.0370396
0 0.56843 0.768782 0.0190681 0.0420125 0.036698
0 0.703195 0.765908 0.0394158 0.0606803 0.0347298
0 0.957113 0.489665 0.0849197 0.300655 0.034315
0 0.985109 0.6906 0.0293903 0.0414854 0.0342402
0 0.773238 0.754123 0.0363229 0.0649243 0.0340628
0 0.76309 0.78073 0.0190374 0.0388138 0.0336614
0 0.931425 0.732941 0.0565102 0.0682749 0.0335801
0 0.954808 0.615867 0.0909834 0.436854 0.03312
0 0.959032 0.514463 0.0801659 0.143694 0.0329752
0 0.509475 0.753725 0.025382 0.0506295 0.0315044
0 0.0176184 0.880659 0.0352835 0.180708 0.0301078
0 0.944903 0.699084 0.109715 0.291292 0.0292513
0 0.682623 0.720913 0.0117099 0.0167065 0.0289555
0 0.483662 0.751263 0.0316386 0.0555172 0.028251
0 0.909133 0.698345 0.18612 0.395854 0.0282251
0 0.686089 0.748643 0.00982132 0.0176437 0.0281594
0 0.385662 0.9376 0.147765 0.123214 0.0280608
0 0.98653 0.882377 0.028438 0.0656928 0.0279235
0 0.961146 0.557572 0.0737036 0.308972 0.0278571
0 0.120012 0.745035 0.128785 0.0915376 0.027836
0 0.0132173 0.84701 0.0267449 0.17257 0.0273563
0 0.671852 0.750576 0.0116515 0.0185413 0.0273517
0 0.803481 0.80972 0.12375 0.160574 0.0272071
0 0.108174 0.765306 0.196638 0.135661 0.0271143
0 0.008476 0.90208 0.0170695 0.165445 0.0267905
0 0.902611 0.741302 0.067415 0.0904144 0.0263873
0 0.270321 0.742592 0.0862306 0.0894955 0.0263236
0 0.950502 0.726182 0.101016 0.0861564 0.0259222
0 0.676268 0.720961 0.0128282 0.0173126 0.0257044
0 0.194274 0.740364 0.072248 0.0952265 0.0256378
0 0.850719 0.731766 0.101498 0.111559 0.0254686
0 0.838042 0.869611 0.0571568 0.0690606 0.0249522
0 0.657115 0.753574 0.013585 0.0206619 0.0246348
0 0.830605 0.808708 0.1001 0.134902 0.0245967
0 0.973822 0.888749 0.0478601 0.0588109 0.0245587
0 0.372615 0.9573 0.125097 0.0894109 0.0244259
0 0.687863 0.724634 0.0141025 0.0197257 0.0243579
0 0.986346 0.674868 0.0282019 0.0448372 0.0235085
0 0.423124 0.845608 0.0438615 0.0811654 0.0235074
0 0.76841 0.78199 0.0177296 0.0345267 0.0232578
0 0.97991 0.703712 0.0400566 0.0483305 0.0232206
0 0.185845 0.88393 0.0515637 0.131669 0.0231628
0 0.00594706 0.923794 0.0122247 0.13498 0.0228409
0 0.425985 0.849939 0.0352075 0.0531901 0.0227773
0 0.950962 0.913358 0.0927759 0.0569351 0.0227695
0 0.133843 0.730682 0.0929249 0.0722843 0.0223985
0 0.278675 0.662974 0.072457 0.0608533 0.0221743
0 0.770783 0.766689 0.0277816 0.0584391 0.0221239
0 0.451448 0.666054 0.0550494 0.0717181 0.022119
0 0.930611 0.451889 0.138981 0.245666 0.0216749
0 0.561334 0.748345 0.0376019 0.0557037 0.021553
0 0.886322 0.914911 0.135942 0.158949 0.0215475
0 0.838008 0.840554 0.0750944 0.135817 0.0212286
0 0.0752652 0.905788 0.133152 0.174151 0.0209403
0 0.937774 0.934855 0.119922 0.133841 0.0207924
0 0.20497 0.745295 0.0537771 0.0736762 0.0207471
0 0.407973 0.844779 0.0675597 0.106583 0.0207215
0 0.984251 0.62127 0.0334568 0.171369 0.0206891
0 0.532138 0.957148 0.0897348 0.0803462 0.0206285
0 0.485418 0.743727 0.0670516 0.10229 0.020594
0 0.176789 0.84024 0.0661272 0.159326 0.0205184
0 0.0552161 0.657455 0.104169 0.139508 0.0202838
0 0.00412852 0.979753 0.015955 0.0465054 0.0202656
0 0.306614 0.647093 0.0486643 0.0608465 0.0201659
0 0.597353 0.942587 0.144494 0.131999 0.0199802
0 0.0135314 0.692329 0.0280866 0.073959 0.0197797
0 0.940163 0.504852 0.105701 0.231481 0.0197603
0 0.592764 0.762503 0.0188302 0.0358561 0.0197494
0 0.592165 0.845962 0.0807146 0.170102 0.0197095
0 0.0128019 0.738609 0.0274805 0.087676 0.019634
0 0.599918 0.704029 0.0556612 0.0884969 0.0194939
0 0.747961 0.753626 0.0502106 0.0745416 0.0194451
0 0.651795 0.755799 0.0140676 0.0222655 0.0193442
0 0.859265 0.487192 0.248586 0.303986 0.0193156
0 0.516622 0.725421 0.0282551 0.048023 0.0192814
0 0.446371 0.949717 0.188061 0.0976237 0.0190168
0 0.00648027 0.941507 0.0126758 0.078638 0.018787
0 0.742045 0.716274 0.0230889 0.0252072 0.0187515
0 0.763085 0.725573 0.0324619 0.0400965 0.018684
0 0.187957 0.768074 0.0552793 0.0910895 0.0185757
0 0.969353 0.530973 0.0559534 0.142308 0.018446
0 0.0483316 0.661411 0.0843969 0.0879502 0.01839
0 0.373349 0.88728 0.117348 0.14839 0.0182715
0 0.0588453 0.6212 0.10979 0.179728 0.0181183
0 0.344697 0.889691 0.103853 0.146912 0.0181038
0 0.75673 0.62117 0.0283031 0.0388594 0.0180673
0 0.0149448 0.785664 0.0288879 0.131917 0.017978
0 0.583691 0.742422 0.026119 0.0396774 0.017947
0 0.657547 0.719471 0.0137777 0.0192018 0.0179423
0 0.168711 0.906068 0.0658635 0.121831 0.0178839
0 0.785839 0.786316 0.0769218 0.111408 0.0178778
0 0.933494 0.644292 0.1247 0.329662 0.017847
0 0.698966 0.682102 0.0363729 0.0657809 0.0177286
0 0.959511 0.490363 0.068527 0.0928907 0.0177236
0 0.726382 0.680121 0.0250554 0.0373726 0.0177215
0 0.0301935 0.665254 0.0582933 0.0879454 0.0176658
0 0.490767 0.724227 0.0378491 0.0542786 0.0175859
0 0.170872 0.744378 0.0765909 0.0841024 0.0174686
0 0.224103 0.867608 0.0789327 0.153145 0.0174339
0 0.703136 0.713393 0.0209496 0.0316311 0.0173575
0 0.316409 0.657372 0.0470121 0.0562101 0.0172025
0 0.333632 0.934546 0.195886 0.149009 0.0171609
0 0.520867 0.986099 0.0207005 0.0185388 0.0170674
0 0.472948 0.751849 0.0620447 0.0858422 0.0170473
0 0.372787 0.847745 0.10995 0.131254 0.0170124
0 0.937901 0.372102 0.0477924 0.058913 0.0168147
0 0.888764 0.717908 0.148286 0.211053 0.0167352
0 0.792707 0.724535 0.0555691 0.0838916 0.0166518
0 0.16402 0.842986 0.0976587 0.208646 0.0165274
0 0.3561 0.917994 0.123138 0.147107 0.0165168
0 0.390626 0.800078 0.0767295 0.101385 0.0164964
0 0.955829 0.372169 0.0671421 0.0656763 0.0164838
0 0.205793 0.852171 0.0424396 0.104116 0.0164836
0 0.976408 0.547172 0.0425817 0.128083 0.0163186
0 0.734776 0.716124 0.0218297 0.0240121 0.0162935
0 0.148196 0.728629 0.0586463 0.0588364 0.0162843
0 0.987592 0.935662 0.0253675 0.0315687 0.0162463
0 0.812793 0.72799 0.0664116 0.0916122 0.0162396
0 0.956377 0.411141 0.0955536 0.434844 0.0162363
0 0.71964 0.655843 0.0310963 0.0489964 0.0161611
0 0.488715 0.956676 0.0931948 0.0741236 0.0161344
0 0.392772 0.875098 0.0997616 0.12378 0.015917
0 0.118942 0.99098 0.0838226 0.0548457 0.0159095
0 0.22846 0.950488 0.124759 0.130969 0.0158507
0 0.357831 0.837284 0.216811 0.306696 0.0158017
0 0.212854 0.773743 0.0412675 0.0696252 0.015786
0 0.1671 0.778195 0.0899125 0.134943 0.0157358
0 0.427248 0.669956 0.0658739 0.0599394 0.0157225
0 0.0171999 0.681206 0.0349094 0.0626386 0.0156714
0 0.959863 0.473414 0.0583296 0.0753285 0.0156227
0 0.836979 0.888522 0.0554691 0.0460471 0.0156183
0 0.711495 0.845956 0.0532487 0.0902981 0.0156104
0 0.298992 0.657083 0.0600893 0.0618025 0.0154777
0 0.903327 0.374718 0.0350996 0.0604494 0.0154716
0 0.754495 0.639917 0.0378419 0.0614961 0.0154482
0 0.0959891 0.984705 0.0921302 0.067324 0.0154361
0 0.986064 0.513543 0.0277575 0.118223 0.0154286
0 0.74939 0.703488 0.0303485 0.0391115 0.0154012
0 0.441443 0.676481 0.0452705 0.0445538 0.0153823
0 0.7097 0.434877 0.0249899 0.0454024 0.0153671
0 0.465539 0.69724 0.0539015 0.0630567 0.0153668
0 0.783097 0.723988 0.0464512 0.0691301 0.0152871
0 0.986576 0.653991 0.0286406 0.0808649 0.0152567
0 0.723344 0.844533 0.0465874 0.0839432 0.0152335
0 0.266101 0.76259 0.0751253 0.0974096 0.0150207
0 0.435202 0.900301 0.245801 0.195657 0.0150054
0 0.938045 0.556976 0.092688 0.219185 0.0149885
0 0.368199 0.798041 0.08471 0.104301 0.0149623
0 0.905104 0.429618 0.141857 0.178939 0.0149518
0 0.979294 0.572874 0.037825 0.122975 0.0149398
0 0.228886 0.905049 0.0852932 0.154329 0.0148997
0 0.635152 0.755456 0.0145885 0.0244191 0.0148527
0 0.849949 0.923681 0.0771778 0.115309 0.0148415
0 0.568722 0.734105 0.0278825 0.0385215 0.0148375
0 0.275323 1.01548 0.0617501 0.0351196 0.0148317
0 0.932261 0.359197 0.0343313 0.0524767 0.014829
0 0.351091 0.667 0.07059 0.0562261 0.0147855
0 0.429094 0.657618 0.090652 0.0885851 0.0147849
0 0.813629 0.931123 0.0254509 0.0338801 0.0147788
0 0.72951 0.64968 0.0417568 0.0594174 0.0147352
0 0.709755 0.712606 0.0253441 0.0358161 0.0146898
0 0.923602 0.387942 0.0847298 0.0995086 0.0146764
0 0.787005 0.787799 0.0486638 0.069783 0.0146711
0 0.201804 0.889587 0.0505104 0.120798 0.0146701
0 0.968826 0.46892 0.0580114 0.124405 0.0146512
0 0.424011 0.867018 0.0464624 0.0671851 0.0146462
0 0.173659 0.735142 0.0432631 0.0554157 0.014641
0 0.495255 0.763057 0.0526814 0.0726296 0.0145502
0 0.222026 0.726355 0.0851135 0.13117 0.0145272
0 0.585351 0.70152 0.0734681 0.103291 0.0145198
0 0.877716 0.723195 0.092148 0.090885 0.0145081
0 0.336939 0.65524 0.0764075 0.0714588 0.0144848
0 0.642523 0.713983 0.0195161 0.0278564 0.0144178
0 0.918789 0.731837 0.0277031 0.0446633 0.0143685
0 0.979874 -0.0129782 0.0387123 0.0429331 0.0143495
0 0.165229 0.945136 0.06142 0.0810822 0.0143406
0 0.0509229 0.694938 0.0870021 0.10005 0.0142977
0 0.507027 0.716605 0.0326965 0.052025 0.0142089
0 0.159153 0.730489 0.0388379 0.0497264 0.0141861
0 0.346162 0.845795 0.10475 0.134221 0.0141756
0 0.971441 0.389015 0.0515039 0.0979793 0.0141699
0 0.711374 0.7595 0.0176044 0.0316288 0.0141435
0 0.447347 0.756528 0.0464148 0.0686317 0.0140766
0 0.470743 0.772265 0.0679272 0.0813646 0.0140743
0 0.708865 0.65728 0.0244856 0.0386478 0.0140429
0 0.534927 0.796236 0.105586 0.15148 0.014042
0 0.189065 0.846714 0.0400439 0.109742 0.0140339
0 0.327632 0.958635 0.077248 0.0751219 0.0140326
0 0.448205 0.752307 0.066352 0.0927939 0.0140303
0 0.139888 0.712197 0.10961 0.1088 0.0140237
0 0.662879 0.721536 0.0188795 0.0311796 0.0140154
0 0.684958 0.66024 0.0221766 0.0305988 0.0139787
0 0.047659 0.757518 0.0889141 0.0903427 0.0139306
0 0.695097 0.660925 0.0244147 0.0337836 0.0139116
0 0.621425 0.756429 0.0155159 0.0294498 0.0138789
0 0.623345 0.707469 0.042793 0.0591483 0.0138525
0 0.953584 0.302254 0.0959826 0.363628 0.0138303
