0 0.45078 0.476657 0.22344 0.381091 0.888741
0 0.196032 0.41455 0.249102 0.275457 0.86254
0 0.32864 0.358701 0.0469279 0.0558216 0.862491
0 0.5625 0.455694 0 0.101239 0.848219
0 0.5625 0.397408 0 0.0512639 0.54751
0 0.5625 0.396289 0 0.053391 0.473753
0 0.38007 0.361352 0.0244289 0.0354342 0.363962
0 0.559489 0.401835 0.00602112 0.0567191 0.332076
0 0.5625 0.384975 0 0.0479161 0.312639
0 0.5625 0.406299 0 0.0511695 0.259944
0 0.5625 0.399071 0 0.0546885 0.217511
0 0.5625 0.466 0 0.0650875 0.202972
0 0.5625 0.372703 0 0.0357686 0.202053
0 0.369338 0.356586 0.0285635 0.0379517 0.195909
0 0.5625 0.435965 0 0.0583384 0.194421
0 0.5625 0.434041 0 0.0627797 0.193538
0 0.5625 0.407437 0 0.0595645 0.177296
0 0.381869 0.358444 0.0195963 0.0264789 0.174477
0 0.375874 0.357087 0.0207605 0.0269199 0.171177
0 0.5625 0.384871 0 0.0289889 0.169483
0 0.368306 0.355075 0.0208838 0.0306668 0.158297
0 0.5625 0.448306 0 0.103764 0.157583
0 0.528656 0.374795 0.0676878 0.0942837 0.154487
0 0.5625 0.374024 0 0.0256968 0.150717
0 0.5625 0.402821 0 0.041457 0.149596
0 0.5625 0.374049 0 0.277635 0.133364
0 0.559443 0.393061 0.00611482 0.0499639 0.132826
0 0.378177 0.365255 0.018345 0.029988 0.131993
0 0.5625 0.394035 0 0.0419968 0.131945
0 0.373639 0.367202 0.0333224 0.0492071 0.131272
0 0.5625 0.400584 0 0.038135 0.127278
0 0.5625 0.443811 0 0.0386973 0.125412
0 0.5625 0.394848 0 0.0358829 0.121311
0 0.519274 0.335558 0.0456036 0.0237368 0.119853
0 0.477785 0.307807 0.0459425 0.0428268 0.116008
0 0.5625 0.417317 0 0.0376613 0.115543
0 0.525446 0.356343 0.0572419 0.0586879 0.114899
0 0.5625 0.381956 0 0.0263647 0.112978
0 0.5625 0.36361 0 0.0196428 0.109607
0 0.5625 0.396319 0 0.0392502 0.107629
0 0.5625 0.391168 0 0.0279284 0.106092
0 0.5625 0.404064 0 0.0292541 0.10523
0 0.5625 0.383507 0 0.0229829 0.104895
0 0.562376 0.390618 0.000248051 0.0231296 0.104285
0 0.5625 0.402893 0 0.0384441 0.102493
0 0.554825 0.393279 0.015349 0.0658375 0.102482
0 0.5625 0.403358 0 0.193531 0.100446
0 0.48403 0.307535 0.0760003 0.0395161 0.0987674
0 0.561687 0.384032 0.00162687 0.0276701 0.0982328
0 0.371491 0.358817 0.0149941 0.0239034 0.0976107
0 0.627003 0.40065 0.0186952 0.0382611 0.094655
0 0.631083 0.386614 0.0288124 0.0749297 0.0930707
0 0.485354 0.314169 0.0987263 0.0585392 0.0922664
0 0.56487 0.396502 0.0138861 0.0313811 0.0896022
0 0.941248 0.4396 0.126818 0.133534 0.0891938
0 0.867659 0.43908 0.0423641 0.0515714 0.0875134
0 0.543333 0.382002 0.0811772 0.104602 0.0869875
0 0.387902 0.357305 0.026615 0.0403748 0.0858021
0 0.394198 0.355139 0.0416052 0.0528514 0.0848943
0 0.591025 0.392631 0.0154449 0.0260535 0.084242
0 0.572105 0.411487 0.0215846 0.0394666 0.0833144
0 0.923956 0.367372 0.149361 0.272338 0.083302
0 0.991232 0.469517 0.0158485 0.0536734 0.0812543
0 0.480981 0.352701 0.148362 0.128467 0.0795669
0 0.615741 0.39266 0.014881 0.0315359 0.0780715
0 0.615825 0.392808 0.0440074 0.0609231 0.0769029
0 0.30164 0.360966 0.0209269 0.0400782 0.0758005
0 0.368728 0.364267 0.0180092 0.0285827 0.0754449
0 0.509578 0.328931 0.034487 0.0195213 0.074588
0 0.732 0.450688 0.0714703 0.0926557 0.0737581
0 0.900417 0.434869 0.103194 0.0754694 0.0733606
0 0.392513 0.351195 0.025219 0.0352882 0.0703197
0 0.702643 0.403074 0.0334631 0.0369251 0.06808
0 0.515491 0.358389 0.102797 0.0949229 0.0674761
0 0.515781 0.324684 0.0416205 0.0297895 0.0666952
0 0.411004 0.345881 0.0738558 0.0681764 0.0659989
0 0.860358 0.450349 0.026404 0.0365539 0.0648489
0 0.881405 0.438678 0.0686914 0.0643465 0.0645079
0 0.996153 0.464876 0.00884552 0.0499702 0.0644054
0 0.521099 0.351093 0.0479356 0.0384481 0.0613831
0 0.855821 0.448977 0.0194996 0.030434 0.0593426
0 0.717195 0.427724 0.0507922 0.0541283 0.0579967
0 0.920506 0.425789 0.129416 0.0588575 0.0571588
0 0.518475 0.333278 0.0292235 0.0202378 0.0571441
0 0.563093 0.348179 0.0670386 0.0858601 0.0566175
0 0.909303 0.419792 0.126842 0.0964078 0.0563972
0 0.73109 0.413596 0.0647623 0.0634799 0.0562504
0 0.975175 0.319503 0.0500885 0.166656 0.0559637
0 0.564402 0.405452 0.0168114 0.0366959 0.0546422
0 0.305208 0.357032 0.0169233 0.0316806 0.0542768
0 0.965481 0.460014 0.0709419 0.0887607 0.0538745
0 0.520064 0.326232 0.0207479 0.0185263 0.053127
0 0.696489 0.411507 0.026404 0.0446423 0.0528587
0 0.598615 0.409245 0.0169432 0.0306086 0.052662
0 0.584728 0.369286 0.016318 0.0246379 0.0526287
0 0.53105 0.38076 0.0859632 0.135763 0.0525323
0 0.0935963 0.935129 0.182908 0.127102 0.0524774
0 0.495453 0.321847 0.0669619 0.0361754 0.0518014
0 0.487215 0.348715 0.0902008 0.082074 0.0495369
0 0.410121 0.344144 0.0155464 0.0204643 0.0493594
0 0.424711 0.355663 0.0913256 0.0671331 0.0476003
0 0.527662 0.335953 0.0203695 0.0235028 0.046724
0 0.286169 0.347911 0.0382377 0.0640267 0.0464657
0 0.278603 0.339875 0.0588854 0.0856556 0.0464568
0 0.640077 0.406306 0.0337275 0.0476025 0.0455446
0 0.676568 0.403495 0.0645146 0.0575581 0.0452751
0 0.508495 0.339712 0.0998104 0.0743845 0.0452636
0 0.611194 0.448624 0.0336656 0.0828312 0.0450839
0 0.364712 0.360224 0.0186246 0.0276359 0.0449237
0 0.442677 0.335387 0.131705 0.0906465 0.0436052
0 0.484323 0.382034 0.179905 0.193456 0.043498
0 0.633477 0.35504 0.0202374 0.0475188 0.0434115
0 0.630862 0.415152 0.0205421 0.0399595 0.0433182
0 0.395441 0.340211 0.0228512 0.0335956 0.043059
0 0.631207 0.373214 0.0235223 0.0565713 0.0429637
0 0.497509 0.325537 0.0964672 0.0978916 0.0428789
0 0.989745 0.0429079 0.0199556 0.0873148 0.0420058
0 0.676186 0.282379 0.107168 0.202503 0.0417539
0 0.935968 0.407028 0.138206 0.0962917 0.0416304
0 0.636767 0.314335 0.023704 0.0595782 0.0412177
0 0.648775 0.237278 0.0224102 0.0283572 0.0404387
0 0.0949859 0.317154 0.0286077 0.0671648 0.0403985
0 0.455579 0.351174 0.119705 0.0821053 0.0400955
0 0.688988 0.397215 0.0405741 0.0524254 0.0400114
0 0.311189 0.361034 0.0188341 0.0324932 0.039981
0 0.641742 0.244854 0.0404362 0.0482576 0.0397927
0 0.580137 0.403569 0.0161482 0.0320201 0.0395001
0 0.647082 0.400029 0.0588312 0.0744481 0.0393082
0 0.077117 0.355343 0.0309171 0.0478192 0.0390792
0 0.996524 0.480295 0.00851994 0.0636281 0.0388777
0 0.346613 0.357474 0.0134675 0.0281095 0.0388609
0 0.407684 0.337663 0.0431178 0.0395762 0.0383273
0 0.301511 0.357933 0.0160285 0.0292976 0.0382766
0 0.945469 0.504718 0.117037 0.201933 0.0382348
0 0.746036 0.431999 0.0600892 0.0787574 0.0379123
0 0.746179 0.408042 0.0637691 0.102425 0.0378652
0 0.454547 0.318635 0.07347 0.0407713 0.0372835
0 0.291615 0.35397 0.030369 0.0555641 0.037066
0 0.638508 0.409518 0.016801 0.0287391 0.037008
0 0.374125 0.330844 0.0467328 0.0729917 0.036279
0 0.0801817 0.34424 0.0345348 0.0633674 0.0359756
0 0.87796 0.228243 0.214624 0.449529 0.0359579
0 0.989504 0.911187 0.0198624 0.0933246 0.0355502
0 0.75775 0.43869 0.0662916 0.0701404 0.0355452
0 0.644901 0.304674 0.0345342 0.0727582 0.0355117
0 0.977189 0.401644 0.042098 0.102259 0.0354488
0 0.844999 0.443027 0.0393993 0.0453778 0.0354216
0 0.444685 0.29761 0.0473712 0.0494633 0.0353916
0 0.426207 0.342214 0.0436867 0.0304954 0.0349968
0 0.758034 0.423562 0.0768546 0.0887866 0.0348013
0 0.510136 0.383628 0.0919891 0.107342 0.0347741
0 0.303176 0.366701 0.0164237 0.0329469 0.0347093
0 0.395479 0.37929 0.0451974 0.0794362 0.0346466
0 0.57887 0.372403 0.0171334 0.0245783 0.0342308
0 0.33543 0.339796 0.0547733 0.0771151 0.0340666
0 0.433879 0.332386 0.0353115 0.0218488 0.0340112
0 0.634908 0.301987 0.0300143 0.0692756 0.0338555
0 0.813558 0.301083 0.0271158 0.0419436 0.0336907
0 0.881916 0.416329 0.0764515 0.103078 0.0331068
0 0.449325 0.307591 0.0588094 0.0410052 0.0330905
0 0.764575 0.258989 0.0875934 0.0756713 0.0329853
0 0.720409 0.404856 0.0473639 0.0475392 0.0329182
0 0.409677 0.346488 0.0461934 0.0425208 0.0328349
0 0.8167 0.122853 0.0222157 0.0513857 0.0327632
0 0.777286 0.434997 0.108811 0.0857576 0.0326099
0 0.705623 0.209425 0.0431946 0.0572381 0.0325926
0 0.735687 0.399557 0.0419472 0.0464883 0.0324462
0 0.637764 0.375406 0.0207146 0.0393229 0.0319652
0 0.0511524 0.667509 0.104285 0.215315 0.0319346
0 0.0759801 0.316704 0.0428741 0.0751015 0.0318292
0 0.691293 0.219786 0.06806 0.0808206 0.0314101
0 0.330493 0.379226 0.0252026 0.0480187 0.0311964
0 0.651972 0.311652 0.0252184 0.0433778 0.0311672
0 0.379585 0.421029 0.0688724 0.164223 0.0307512
0 0.336432 0.356313 0.0189996 0.0336626 0.0304902
0 0.435997 0.3271 0.0550973 0.0285061 0.030357
0 0.359037 0.412036 0.0540608 0.124635 0.0300116
0 0.0567233 0.316505 0.0578198 0.0666421 0.029984
0 0.440585 0.312146 0.0353125 0.0294135 0.0299278
0 0.724118 0.405967 0.0221434 0.0256111 0.0298119
0 0.0131101 0.562695 0.0271174 0.142407 0.0295207
0 0.65145 0.297149 0.0347983 0.0744665 0.0294313
0 0.265194 0.343479 0.0711381 0.094815 0.0293703
0 0.977266 0.358613 0.0487364 0.110408 0.029148
0 0.956253 0.332606 0.0854301 0.158311 0.0291295
0 0.620775 0.524394 0.02042 0.0512902 0.0290248
0 0.301091 0.347381 0.0262151 0.0530877 0.0289669
0 0.753552 0.380219 0.0722019 0.0941116 0.028942
0 0.323353 0.3458 0.0214355 0.0376962 0.0289309
0 0.573876 0.426774 0.0208009 0.0486237 0.0289265
0 0.827347 0.440107 0.0848413 0.106972 0.0286725
0 0.98834 0.927284 0.0236355 0.132053 0.0282758
0 0.434526 0.363891 0.118863 0.0944955 0.0282691
0 0.0634371 0.304956 0.0405637 0.0519721 0.028039
0 0.456373 0.291916 0.0761592 0.0628319 0.0279318
0 0.986896 0.49218 0.0261175 0.0956813 0.0279069
0 0.266553 0.325016 0.05448 0.0679038 0.0278896
0 0.0852829 0.325312 0.042657 0.0777787 0.0276868
0 0.104014 0.320988 0.0467942 0.0802946 0.0275802
0 0.754032 0.317112 0.0682836 0.0889524 0.0274292
0 0.722814 0.402051 0.105278 0.123502 0.027357
0 0.573604 0.321296 0.0810722 0.119138 0.0273399
0 0.0212382 0.304582 0.0399953 0.0696891 0.0272972
0 0.977322 0.283227 0.0481636 0.0876305 0.0272809
0 0.549104 0.456219 0.0658364 0.190512 0.0272749
0 0.0619693 0.841415 0.0694881 0.0862715 0.027164
0 0.0323022 0.308563 0.0465641 0.0660583 0.0269597
0 0.701484 0.428713 0.0839018 0.0829762 0.0269452
0 0.593008 0.414215 0.018617 0.0442612 0.0269268
0 0.250697 0.613616 0.0129292 0.0287989 0.0268855
0 0.614628 0.340195 0.053983 0.083803 0.0266751
0 0.83535 0.333392 0.049971 0.0702405 0.0265435
0 0.150867 0.301497 0.0840222 0.0511848 0.0263947
0 0.864752 0.409211 0.0831726 0.124241 0.0262969
0 0.815805 0.333812 0.058671 0.0875505 0.0262947
0 0.494165 0.387016 0.0566832 0.077606 0.0262432
0 0.441812 0.282421 0.0391195 0.0435496 0.0260959
0 0.315066 0.354958 0.0197377 0.0324258 0.0259525
0 0.0877468 0.841121 0.0432339 0.0712806 0.0258081
0 0.646626 0.254279 0.0344564 0.0635048 0.0257988
0 0.635779 0.388995 0.0202563 0.0491252 0.025753
0 0.0683732 0.833521 0.0891043 0.132126 0.0256808
0 0.802624 0.3119 0.0398546 0.0459084 0.0255801
0 0.848625 0.33433 0.053474 0.0726941 0.0255556
0 0.992025 0.510894 0.0173269 0.0921767 0.0254024
0 0.0102548 0.306585 0.0192475 0.0564395 0.0253986
0 0.0993512 0.366113 0.0537422 0.130592 0.0253197
0 0.816246 0.112605 0.0304285 0.0668307 0.0252885
0 0.575958 0.406488 0.0160369 0.0401637 0.0252862
0 0.911747 0.588247 0.167703 0.247531 0.0251514
0 0.722738 0.643716 0.124359 0.268031 0.0251397
0 0.547148 0.394368 0.0445227 0.0789921 0.0249928
0 0.697485 0.423044 0.0176184 0.0314913 0.0248645
0 0.734379 0.40263 0.0287399 0.0339897 0.0248578
0 0.38183 0.379207 0.0277434 0.0448276 0.0248411
0 0.366201 0.376655 0.0235095 0.0395397 0.0247566
0 0.651302 0.224889 0.0356095 0.0715633 0.0246241
0 0.793838 0.312329 0.0303635 0.0444656 0.0245441
0 0.366236 0.292743 0.0306131 0.0535583 0.0244085
0 0.752248 0.263104 0.0537296 0.0570492 0.0243899
0 0.901842 0.510132 0.162394 0.210543 0.0243664
0 0.0165254 0.605985 0.0337925 0.198276 0.0243093
0 0.980154 0.516014 0.0416744 0.142662 0.0242226
0 0.677656 0.211536 0.071797 0.0842794 0.0242135
0 0.676672 0.23276 0.0919176 0.105258 0.0241585
0 0.437236 0.276599 0.0335078 0.0376178 0.0240991
0 0.551983 0.354492 0.0175082 0.0203678 0.0240159
0 0.940629 0.373554 0.130222 0.104357 0.02396
0 0.326989 0.510432 0.031499 0.0464055 0.0239092
0 0.331114 0.216267 0.0207171 0.0341034 0.0238439
0 0.0262307 0.258759 0.0484921 0.0725151 0.023819
0 0.633183 0.416594 0.0153502 0.0311891 0.0237862
0 0.471583 0.296416 0.0714342 0.0637068 0.0237858
0 0.544775 0.410895 0.0526179 0.114251 0.0237044
0 0.270432 0.428945 0.0956802 0.186455 0.0236984
0 0.66395 0.304424 0.0397911 0.0626485 0.0236505
0 0.127654 0.364973 0.091195 0.159923 0.0236193
0 0.567178 0.42537 0.0199087 0.0594037 0.0236098
0 0.0647586 0.628499 0.112313 0.245876 0.0235973
0 0.760817 0.352514 0.0583308 0.0608925 0.0235719
0 0.387328 0.441914 0.0796791 0.0944231 0.0235591
0 0.725097 0.276981 0.18592 0.194177 0.0235315
0 0.989686 0.0778516 0.0210482 0.0961848 0.0234715
0 0.723154 0.479283 0.0945233 0.13234 0.0233357
0 0.0301924 0.285165 0.0635849 0.130332 0.0233155
0 0.63993 0.295591 0.050131 0.101999 0.0232944
0 0.249948 0.332975 0.100243 0.0919576 0.0232731
0 0.750552 0.190827 0.233903 0.307525 0.0231208
0 0.326691 0.487325 0.0355931 0.0710589 0.0230711
0 0.300595 0.36777 0.026053 0.0486563 0.0229556
0 0.0874235 0.350671 0.0378903 0.0746813 0.0229225
0 0.731418 0.508371 0.102455 0.20451 0.0228146
0 0.00671966 0.270407 0.016876 0.0744026 0.0227815
0 0.380519 0.425794 0.0677139 0.0917391 0.0225853
0 0.909167 0.618141 0.17534 0.417198 0.0224895
0 0.273823 0.48582 0.0738648 0.105896 0.0223781
0 0.664766 0.325081 0.045819 0.0882596 0.0223313
0 0.794182 0.523759 0.115131 0.115726 0.0222957
0 0.282797 0.3271 0.0364597 0.0644273 0.0222905
0 0.387067 0.484817 0.0976335 0.260338 0.0222794
0 0.4115 0.371799 0.0818478 0.103855 0.0222673
0 0.821115 0.208171 0.273451 0.412793 0.0221797
0 0.0144218 0.205135 0.0277871 0.0713559 0.0221155
0 0.671897 0.379146 0.0323918 0.0678206 0.0220582
0 0.87997 0.353877 0.0417864 0.0479782 0.0220488
0 0.531271 0.402617 0.0721398 0.110098 0.0220047
0 0.36819 0.407053 0.0444029 0.0612934 0.0219442
0 0.75052 0.292845 0.0572807 0.0843574 0.0218569
0 0.00669523 0.198527 0.0134683 0.0780824 0.0218318
0 0.983793 0.471387 0.0352716 0.0652034 0.0218123
0 0.894154 0.357015 0.0504869 0.0437612 0.0217877
0 0.923138 0.376083 0.0910604 0.0724947 0.0217742
0 0.134467 0.310056 0.0848165 0.0735455 0.0216927
0 0.339156 0.428225 0.069014 0.172179 0.0216827
0 0.655199 0.329008 0.0291359 0.0597431 0.0216449
0 0.611484 0.300079 0.0372313 0.0531848 0.0216439
0 0.465621 0.197738 0.0237697 0.0340616 0.0216396
0 0.622634 0.305021 0.044215 0.0674802 0.0215994
0 0.243656 0.270919 0.0333183 0.038975 0.021574
0 0.106706 0.818683 0.192012 0.364555 0.0215332
