0 0.588728 0.496782 0.0590369 0.0858008 0.911082
0 0.0655748 0.572359 0.13112 0.204397 0.889074
0 0.504203 0.488397 0.0278504 0.0408727 0.814198
0 0.406185 0.488407 0.0173513 0.0375604 0.802021
0 0.420483 0.486398 0.0188814 0.0329753 0.7909
0 0.394602 0.491367 0.0214057 0.0442015 0.78519
0 0.361214 0.494648 0.0382427 0.0629208 0.750634
0 0.319653 0.508706 0.0501001 0.0752423 0.732063
0 0.548075 0.487336 0.0196343 0.0445006 0.723028
0 0.383159 0.493133 0.0208816 0.0480898 0.685894
0 0.53688 0.485637 0.014729 0.0320504 0.636781
0 0.346457 0.503524 0.0283355 0.0623472 0.631718
0 0.523293 0.483463 0.0166299 0.0264621 0.559294
0 0.56002 0.490336 0.0230759 0.0552405 0.550104
0 0.184724 0.542946 0.123891 0.137473 0.498306
0 0.488548 0.484267 0.0125214 0.0249876 0.470509
0 0.273535 0.520787 0.0607533 0.0869895 0.459359
0 0.160768 0.547568 0.0800439 0.131437 0.322906
0 0.544393 0.487747 0.0156112 0.0383945 0.315491
0 0.401141 0.490267 0.0178544 0.0419479 0.30856
0 0.53087 0.484308 0.0125927 0.0287704 0.303206
0 0.220688 0.538074 0.0605144 0.104486 0.297697
0 0.471995 0.486678 0.0199076 0.0272108 0.284599
0 0.477624 0.478318 0.0169692 0.0253903 0.273215
