0 0.239179 0.423655 0.0318106 0.0402237 0.930027
0 0.216077 0.404036 0.0238298 0.0271207 0.859757
0 0.130352 0.40707 0.0209077 0.0263417 0.840595
0 0.295747 0.427343 0.0359787 0.0376073 0.831659
0 0.101709 0.397112 0.0149338 0.0189352 0.684544
0 0.287059 0.423812 0.0296048 0.0357733 0.644761
0 0.0133653 0.406032 0.0267307 0.0377305 0.539475
0 0.0523605 0.403312 0.0163984 0.0228532 0.49616
0 0.0697019 0.399649 0.0135997 0.0183239 0.467478
0 0.0481868 0.403739 0.0235413 0.0251235 0.462096
0 0.0368568 0.403281 0.0173889 0.0225679 0.39544
0 0.0261049 0.421644 0.0273661 0.037062 0.386637
0 0.280194 0.40663 0.041691 0.0634194 0.335511
0 0.126116 0.391832 0.0177221 0.0223196 0.323826
0 0.0413209 0.405473 0.019396 0.0225733 0.305231
0 0.283297 0.4177 0.0321083 0.0414094 0.288702
0 0.269652 0.415546 0.0237353 0.0381914 0.27173
0 0.0488756 0.40317 0.0159023 0.0193229 0.247862
0 0.175295 0.377315 0.0161744 0.0212012 0.239486
0 0.0166562 0.406147 0.0240425 0.0265967 0.227623
0 0.00796109 0.413802 0.0154954 0.0333164 0.227173
0 0.0301538 0.414682 0.0204676 0.0251063 0.22165
0 0.0250718 0.401733 0.0171699 0.0230818 0.200324
0 0.0297203 0.408788 0.0146364 0.0197129 0.200199
0 0.0637862 0.402198 0.0161338 0.017946 0.197888
0 0.0450832 0.406507 0.0151152 0.0204569 0.197694
0 0.128618 0.397989 0.0200762 0.020044 0.190368
0 0.122514 0.396428 0.014168 0.0209843 0.190023
0 0.300616 0.429645 0.0235578 0.029634 0.186521
0 0.00452903 0.411972 0.00905805 0.0306008 0.177197
0 0.281572 0.42572 0.0168723 0.0308673 0.175736
0 0.26538 0.421042 0.0161851 0.0269838 0.171302
0 0.17702 0.379558 0.0211615 0.027368 0.164545
0 0.0590905 0.400209 0.0142223 0.0180819 0.163987
0 0.0653308 0.398976 0.0120096 0.0173888 0.150196
0 0.219398 0.404884 0.0185323 0.0201675 0.145748
0 0.223596 0.40642 0.0203718 0.0226497 0.145744
0 0.0556506 0.404026 0.0145309 0.0193726 0.14212
0 0.126514 0.386648 0.016251 0.0158134 0.141268
0 0.0389842 0.412785 0.0166148 0.0228726 0.138959
0 0.288256 0.405354 0.0570266 0.0765706 0.138131
0 0.0520601 0.408286 0.013944 0.0202134 0.136201
0 0.213407 0.40666 0.0146355 0.0201887 0.135333
0 0.17363 0.380527 0.0141405 0.0169041 0.130713
0 0.0764792 0.399192 0.0152171 0.021466 0.13027
0 0.280119 0.420599 0.0150778 0.0237267 0.129005
0 0.11082 0.399543 0.0148217 0.0181035 0.128068
0 0.110769 0.392575 0.0146805 0.0187252 0.125512
0 0.4501 0.362754 0.10572 0.0993472 0.124338
0 0.422199 0.373369 0.048122 0.0714763 0.11097
0 0.255982 0.419516 0.0129601 0.0251714 0.107571
0 0.233052 0.410144 0.0146174 0.0209673 0.103041
0 0.429393 0.368911 0.065238 0.0945229 0.102566
0 0.226272 0.409331 0.0130076 0.0227692 0.101182
0 0.479306 0.343002 0.165998 0.144907 0.093356
0 0.377368 0.39887 0.0486996 0.0271864 0.0930962
0 0.201134 0.403852 0.0176402 0.0215357 0.0930181
0 0.200179 0.395266 0.017401 0.0198152 0.091535
0 0.214274 0.40216 0.0130159 0.019799 0.0900774
0 0.308727 0.42814 0.0166906 0.0265589 0.0881708
0 0.263685 0.416076 0.0188299 0.0271109 0.0876702
0 0.41165 0.38498 0.0277873 0.0435896 0.0871385
0 0.227795 0.413085 0.0144875 0.023543 0.0869821
0 0.289186 0.425627 0.0163249 0.0255541 0.0868842
0 0.139655 0.38817 0.0159605 0.0182097 0.0862783
0 0.107447 0.371517 0.0252198 0.032702 0.085851
0 0.37202 0.388247 0.0438936 0.0320495 0.0835554
0 0.172987 0.382949 0.0178396 0.0229016 0.082997
0 0.185248 0.387278 0.0232094 0.0235257 0.082354
0 0.32668 0.407845 0.037789 0.0369013 0.0798537
0 0.379178 0.381582 0.0596878 0.0472471 0.0785854
0 0.378996 0.415239 0.0562602 0.0474213 0.0785786
0 0.365298 0.395921 0.0304598 0.0223794 0.0729051
0 0.130909 0.398978 0.0132088 0.0163955 0.0723987
0 0.135194 0.395455 0.0166899 0.0198987 0.0714159
0 0.171054 0.387784 0.0153442 0.0187192 0.0688078
0 0.529221 0.342708 0.0585152 0.060263 0.0682266
0 0.155527 0.392472 0.018315 0.021438 0.0660407
0 0.283614 0.420344 0.0189863 0.0263567 0.065486
0 0.377646 0.379445 0.0744289 0.0778925 0.0626479
0 0.458955 0.360207 0.0734512 0.0636936 0.0622185
0 0.240061 0.415854 0.0142685 0.0242667 0.0611837
0 0.208068 0.409328 0.013127 0.0209834 0.0601679
0 0.532653 0.318734 0.262872 0.210638 0.0600421
0 0.484865 0.362793 0.0315451 0.0399513 0.0600406
0 0.0680339 0.403507 0.0130538 0.0200312 0.0598169
0 0.549497 0.332344 0.0746201 0.083233 0.0590215
0 0.273574 0.406784 0.0264307 0.0408264 0.0579594
0 0.813074 0.158145 0.349035 0.300749 0.0569037
0 0.450848 0.389143 0.110059 0.164169 0.0562159
0 0.330572 0.413045 0.0492949 0.0477022 0.0557672
0 0.254468 0.40953 0.0156293 0.0216498 0.0553947
0 0.537862 0.346466 0.0377827 0.0429244 0.0549709
0 0.259472 0.41606 0.0156285 0.0231088 0.0532299
0 0.313333 0.407239 0.0434263 0.0448356 0.0529547
0 0.0994043 0.398936 0.0116786 0.0177835 0.0515437
0 0.538787 0.336116 0.0520322 0.0674152 0.0515285
0 0.321111 0.418436 0.0267514 0.0334662 0.0505209
0 0.277771 0.42828 0.0149009 0.0254579 0.0502007
0 0.539785 0.31864 0.0915896 0.106168 0.0497424
0 0.315803 0.422327 0.054805 0.054076 0.0494933
0 0.970148 0.538357 0.0609301 0.106019 0.0469122
0 0.392793 0.412012 0.0474604 0.0577165 0.0468128
0 0.550671 0.343768 0.0555171 0.0536039 0.0460363
0 0.142308 0.411276 0.0187269 0.0280263 0.0455043
0 0.173955 0.405278 0.0319625 0.0422928 0.0452533
0 0.478977 0.354681 0.0621671 0.0657249 0.0452391
0 0.10143 0.397975 0.0118081 0.0127921 0.0442083
0 0.496571 0.358077 0.0484179 0.0491687 0.043983
0 0.423834 0.390816 0.0555476 0.124557 0.0436092
0 0.128592 0.405288 0.0139463 0.0169944 0.0434234
0 0.309686 0.408781 0.0316505 0.0298023 0.0417463
0 0.490411 0.370729 0.153505 0.10119 0.041428
0 0.318818 0.416421 0.0168369 0.0223712 0.0411045
0 0.519021 0.339153 0.0808694 0.0918456 0.0408054
0 0.145903 0.398696 0.0166476 0.0205927 0.0401386
0 0.00992133 0.421574 0.0134931 0.0238265 0.0400605
0 0.285983 0.4108 0.0211239 0.0302694 0.0393265
0 0.400463 0.369867 0.0992996 0.0928216 0.0387224
0 0.407909 0.390738 0.0187894 0.0334319 0.038434
0 0.339276 0.384884 0.0545757 0.0442202 0.0376664
0 0.958659 0.538316 0.0818987 0.129398 0.0373681
0 0.0795079 0.401006 0.0128464 0.0193042 0.036841
0 0.519118 0.360112 0.0557719 0.0416314 0.036675
0 0.303703 0.43347 0.0190578 0.0265785 0.036318
0 0.6544 0.305697 0.0900312 0.0839217 0.0361679
0 0.905254 0.204132 0.0944008 0.121363 0.0360219
0 0.420629 0.399826 0.046297 0.0793533 0.0351639
0 0.96654 0.509143 0.0637581 0.147292 0.0347565
0 0.443862 0.402563 0.0766171 0.114718 0.033791
0 0.026296 0.424912 0.0208396 0.0269419 0.0334605
0 0.937582 0.52342 0.0903545 0.115525 0.0332483
0 0.669953 0.309346 0.0550056 0.0638366 0.0330404
0 0.951275 0.53796 0.0515343 0.0648872 0.0328801
0 0.415004 0.416294 0.0388869 0.0709083 0.0327643
0 0.760753 0.289846 0.053254 0.0461762 0.032169
0 0.181569 0.393016 0.0159668 0.0188944 0.0314898
0 0.981986 0.521723 0.034832 0.127193 0.0311331
0 0.95531 0.489024 0.088797 0.206586 0.030903
0 0.190967 0.39356 0.0154973 0.0193976 0.0307966
0 0.125183 0.407977 0.0130238 0.0185147 0.0305804
0 0.711765 0.187553 0.428784 0.288494 0.0304302
0 0.681577 0.311516 0.0326223 0.0485755 0.0303534
0 0.491433 0.39744 0.148425 0.172193 0.0302125
0 0.977713 0.54888 0.0427231 0.110447 0.030086
0 0.384225 0.417759 0.0694836 0.0706354 0.0288567
0 0.891003 0.149022 0.214709 0.261865 0.0287387
0 0.464426 0.344945 0.0789596 0.0755702 0.0278368
0 0.643769 0.298939 0.127448 0.126653 0.0277991
0 0.350452 0.410733 0.0212301 0.0269953 0.0277981
0 0.562121 0.188336 0.278484 0.318491 0.02777
0 0.130809 0.40807 0.0150459 0.0200604 0.0275912
0 0.986457 0.503308 0.026437 0.131557 0.0274382
0 0.00561876 0.379953 0.010406 0.0251899 0.026906
0 0.42085 0.347809 0.0522036 0.0802507 0.0263111
0 0.3561 0.412017 0.0236761 0.0301561 0.0262667
0 0.910565 0.510046 0.172107 0.173747 0.0259161
0 0.446795 0.417027 0.0568058 0.0879707 0.0255988
0 0.370478 0.411368 0.0262226 0.0313889 0.0254531
0 0.56821 0.326996 0.0551509 0.0713424 0.0252782
0 0.496841 0.33166 0.0738299 0.0916692 0.025261
0 0.019736 0.353458 0.0163324 0.025661 0.0249324
0 0.2037 0.311528 0.0265215 0.0348154 0.0247832
0 0.140381 0.420721 0.0206487 0.0259321 0.0247781
0 0.0660552 0.387346 0.0116348 0.0150056 0.0247315
0 0.317705 0.390059 0.0529369 0.0474347 0.0243828
0 0.0430696 0.387567 0.0125481 0.0154607 0.0243666
0 0.364547 0.407478 0.0307748 0.0291317 0.0234047
0 0.934128 0.543397 0.130905 0.168264 0.023238
0 0.6348 0.297777 0.0835632 0.103237 0.0232322
0 0.473502 0.366529 0.0444653 0.0439659 0.0231519
0 0.176871 0.41135 0.0209876 0.0294883 0.023028
0 0.544936 0.370555 0.0485912 0.0498244 0.0229954
0 0.0547896 0.335196 0.0203172 0.0226251 0.0228843
0 0.738602 0.292885 0.0809605 0.0714901 0.0228231
0 0.280138 0.373901 0.0651362 0.117755 0.0225885
0 0.577523 0.324039 0.0764656 0.0861075 0.0225545
0 0.510837 0.296161 0.0638382 0.0658005 0.0225189
0 0.986955 0.559154 0.0256863 0.0956141 0.022484
0 0.0961952 0.388386 0.0125234 0.015398 0.0224479
0 0.611065 0.296694 0.153822 0.146132 0.0223709
0 0.675914 0.293433 0.0585514 0.0814949 0.0223473
0 0.456283 0.335177 0.059893 0.0577452 0.022291
0 0.614947 0.25898 0.0357907 0.0591066 0.0217043
0 0.979088 0.479281 0.041044 0.162781 0.0216964
0 0.0855109 0.38766 0.0124525 0.0143584 0.0215611
0 0.825265 0.204336 0.0708191 0.127393 0.0213823
0 0.989528 0.34777 0.0213058 0.139003 0.0213375
0 0.983463 0.3342 0.0334074 0.156113 0.0209394
0 0.933324 0.587168 0.126146 0.180902 0.0204893
0 0.529369 0.353717 0.0446827 0.0362714 0.0204502
0 0.0202513 0.388554 0.0141867 0.0202336 0.0200484
0 0.117045 0.344651 0.015841 0.0228431 0.0200463
0 0.576369 0.287291 0.127587 0.144452 0.0200431
0 0.459117 0.433391 0.081758 0.159293 0.0199863
0 0.197666 0.408322 0.015792 0.0211589 0.0199808
0 0.967333 0.445655 0.061149 0.253601 0.0199029
0 0.711335 0.2949 0.0695268 0.0744857 0.0196698
0 0.960441 0.40841 0.0784905 0.271509 0.0196312
0 0.21848 0.414576 0.0123938 0.0196596 0.0196038
0 0.964394 0.575593 0.0665846 0.130464 0.0195848
0 0.98815 0.473822 0.0233345 0.129222 0.0194833
0 0.979481 0.36982 0.0402323 0.134016 0.019386
0 0.967302 0.449801 0.0615664 0.147854 0.0193229
0 0.166071 0.238594 0.15856 0.289719 0.0192002
0 0.134857 0.415762 0.0136245 0.0209795 0.0190889
0 0.03057 0.387495 0.0139775 0.0171618 0.0190753
0 0.94438 0.552007 0.0811745 0.0906202 0.0190385
0 0.107945 0.34953 0.0159715 0.0217259 0.0190176
0 0.0869422 0.611758 0.0746914 0.115197 0.0189834
0 0.972151 0.332496 0.0520048 0.15125 0.0189669
0 0.983077 0.0912603 0.0326042 0.137559 0.0189006
0 0.255953 0.190521 0.198415 0.309009 0.0188645
0 0.468602 0.168929 0.188261 0.275218 0.0186748
0 0.605751 0.318991 0.0782449 0.0840965 0.0186644
0 0.435681 0.421039 0.0908065 0.162733 0.0185992
0 0.327404 0.42454 0.0195118 0.0275152 0.0184734
0 0.409115 0.373952 0.0427547 0.0595627 0.0181546
0 0.909492 0.456416 0.174021 0.232418 0.0181187
0 0.0433584 0.33585 0.0240858 0.02898 0.0179495
0 0.111523 0.614671 0.0646411 0.0831842 0.0178676
0 0.209349 0.387685 0.0142238 0.0150315 0.0178259
0 0.527075 0.414386 0.0722013 0.0987028 0.0177725
0 0.691883 0.297055 0.0496766 0.0823577 0.0177045
0 0.763934 0.146254 0.203508 0.177915 0.0176806
0 0.398834 0.336866 0.0905087 0.121256 0.0176768
0 0.556697 0.426042 0.0413464 0.0666904 0.0176063
0 0.20549 0.214462 0.185363 0.323993 0.0175149
0 0.774255 0.287658 0.050551 0.0507027 0.0175011
0 0.531625 0.365953 0.0345143 0.0364697 0.0174906
0 0.0748357 0.387342 0.0118573 0.0161408 0.0174695
0 0.307813 0.348454 0.0803721 0.125549 0.0174456
0 0.977397 0.423675 0.0450111 0.15572 0.0174206
0 0.0643262 0.612979 0.0936257 0.172345 0.0174092
0 0.0982542 0.347262 0.0178294 0.0234244 0.017374
0 0.471578 0.401678 0.0598537 0.0903207 0.017273
0 0.497524 0.269205 0.0397958 0.0416343 0.0170473
0 0.98892 0.4244 0.0223101 0.114355 0.0170462
0 0.798587 0.91174 0.043793 0.0551993 0.01694
0 0.126752 0.414922 0.0156677 0.0239009 0.0168419
0 0.888339 0.479235 0.129384 0.174476 0.0167692
0 0.315574 0.375095 0.0353319 0.0419996 0.0167495
0 0.016665 0.738927 0.0342987 0.153657 0.0167006
0 0.0292732 0.330633 0.0433018 0.0619156 0.0166743
0 0.618882 0.316577 0.0583403 0.070882 0.0166593
0 0.375353 0.294878 0.139498 0.213334 0.0166339
0 0.494236 0.285083 0.0353633 0.0412343 0.0165928
0 0.477275 0.444972 0.0586841 0.102589 0.0165851
0 0.972298 0.0251791 0.0286222 0.0370236 0.0165599
0 0.952016 0.477524 0.0782814 0.130384 0.0165365
0 0.629619 0.25968 0.0713168 0.0815489 0.0164539
0 0.612356 0.279705 0.0378011 0.0627616 0.0163614
0 0.121949 0.287057 0.0328737 0.0457437 0.0163329
0 0.963067 0.356372 0.0704874 0.198293 0.0163318
0 0.662283 0.27721 0.104132 0.117356 0.0163226
0 0.116992 0.424599 0.0297756 0.0432442 0.0163038
0 0.976444 0.939493 0.0435331 0.0925215 0.0162933
0 0.588404 0.338151 0.0674874 0.0623962 0.0162841
0 0.0853157 0.344129 0.0177126 0.0223091 0.0162679
0 0.146749 0.425575 0.0166872 0.0233485 0.0162568
0 0.071329 0.340912 0.0167836 0.0197771 0.0162481
0 0.988981 0.395202 0.0220312 0.109965 0.0162165
0 0.130057 0.291733 0.0285335 0.0368924 0.016083
0 0.484055 0.397413 0.0375182 0.0615868 0.0160513
0 0.0450324 0.412917 0.0154449 0.0229969 0.015971
0 0.467041 0.297353 0.117224 0.159492 0.015957
0 0.990921 0.578837 0.0178381 0.0970565 0.0159534
0 0.696133 0.2748 0.0702424 0.0779399 0.0159516
0 0.381687 0.566091 0.0421878 0.048882 0.0158647
0 0.44798 0.276632 0.106813 0.163318 0.0157651
0 0.991778 0.313422 0.0169191 0.108351 0.0157276
0 0.673878 0.320509 0.045789 0.0563238 0.0156674
0 0.575762 0.448683 0.0594604 0.0761715 0.0156647
0 0.133181 0.344813 0.0259713 0.0374416 0.0156074
0 0.377038 0.424562 0.0826846 0.10802 0.0156062
0 0.174734 0.414715 0.0158147 0.0206615 0.015488
0 0.970468 0.400609 0.0562595 0.141388 0.015395
0 0.807814 0.851631 0.0330149 0.0490031 0.0153835
0 0.22095 0.315682 0.0503201 0.059055 0.0153221
0 0.343721 0.425982 0.0195675 0.0288641 0.0153208
0 0.658944 0.266061 0.318704 0.228241 0.0152992
0 0.976004 0.289955 0.0419508 0.098585 0.0152677
0 0.432581 0.33309 0.0572039 0.0686016 0.0152155
0 0.503911 0.456435 0.0596825 0.0864285 0.0152063
0 0.542714 0.28623 0.0394517 0.0489015 0.0151996
0 0.931824 0.542386 0.0763651 0.0869353 0.0151784
0 0.984546 0.18547 0.031579 0.119308 0.0151551
0 0.969881 0.17395 0.0668085 0.208498 0.0151153
0 0.426885 0.162387 0.0248816 0.0393726 0.0150861
0 0.970582 0.605896 0.0556591 0.159614 0.0150303
0 0.714225 0.121616 0.378006 0.316445 0.0148965
0 0.0295724 0.490209 0.0634168 0.122807 0.0148496
0 0.475419 0.276406 0.0585567 0.0596111 0.0148446
0 0.291918 0.358899 0.0739258 0.0882212 0.014816
0 0.959322 0.425533 0.0731298 0.143938 0.0147479
0 0.456059 0.512931 0.0560446 0.0816449 0.0147419
0 0.20399 0.295686 0.0288566 0.0430988 0.0146832
0 0.953481 0.622578 0.09014 0.198746 0.0146649
0 0.906059 0.206845 0.0677452 0.092737 0.0146032
0 0.527632 0.289425 0.0493516 0.061385 0.0145606
