0 0.0876509 0.706146 0.175302 0.469543 0.811427
0 0.341491 0.561425 0.108752 0.180426 0.743101
0 0.205605 0.597441 0.09551 0.123488 0.66725
0 0.451994 0.556018 0.0262265 0.0331117 0.454781
0 0.267008 0.581566 0.0520119 0.0945819 0.434805
0 0.408271 0.563666 0.0365171 0.0808731 0.427004
0 0.482224 0.551877 0.0169189 0.0241511 0.410635
0 0.493478 0.551623 0.0221451 0.024549 0.350168
0 0.428765 0.56384 0.0206741 0.044645 0.330445
0 0.462328 0.553521 0.0237535 0.0317856 0.323798
0 0.224575 0.593828 0.059215 0.113753 0.273498
0 0.406293 0.55149 0.0455911 0.10947 0.263948
0 0.499708 0.550499 0.0194437 0.024636 0.253555
