0 0.173894 0.512029 0.0920899 0.120015 0.880663
0 0.0407756 0.529119 0.0812779 0.117363 0.869282
0 0.419148 0.489683 0.0252786 0.0358415 0.767398
0 0.458665 0.499715 0.0413454 0.0461489 0.729958
0 0.37878 0.48692 0.0205901 0.0287983 0.716763
0 0.485264 0.494193 0.0264433 0.0433294 0.64461
0 0.114968 0.516053 0.0450129 0.0758915 0.617292
0 0.399472 0.487916 0.014942 0.0249724 0.585364
0 0.081823 0.518369 0.0236037 0.0743059 0.474536
0 0.340148 0.48326 0.0213887 0.0271167 0.374982
0 0.354162 0.48244 0.0176853 0.0278447 0.267397
0 0.0940685 0.518097 0.0385229 0.0777908 0.262251
