0 0.556976 0.54299 0.0110475 0.130387 0.871149
0 0.158986 0.603513 0.152009 0.144336 0.805722
0 0.337705 0.543898 0.058894 0.0685876 0.76071
0 0.508786 0.53702 0.0160425 0.0272654 0.681059
0 0.267068 0.568397 0.0807036 0.0988042 0.676172
0 0.480693 0.494321 0.0117107 0.0186835 0.670966
0 0.5625 0.709497 0 0.400841 0.607805
0 0.424811 0.539914 0.0257594 0.0345215 0.537704
0 0.547496 0.533411 0.030007 0.0686143 0.498184
0 0.37075 0.536823 0.0240453 0.0517728 0.492701
0 0.439761 0.509675 0.0146615 0.0222238 0.48281
0 0.456963 0.488309 0.0134896 0.0202418 0.453248
0 0.396068 0.53448 0.0296701 0.0508539 0.393885
0 0.537901 0.532998 0.0228719 0.0540887 0.361471
0 0.509251 0.512467 0.0193275 0.0282483 0.358092
0 0.480076 0.490211 0.0123527 0.0182283 0.340823
0 0.44683 0.49663 0.0137774 0.0221387 0.315417
0 0.442471 0.506067 0.0154665 0.0216345 0.311526
0 0.44637 0.501631 0.0114181 0.0177567 0.305668
0 0.452901 0.494732 0.0124781 0.0171991 0.289402
0 0.361993 0.538429 0.0334517 0.0551136 0.287221
0 0.449039 0.496451 0.0119076 0.0183428 0.282516
0 0.451723 0.501863 0.0118988 0.0179457 0.266618
0 0.480639 0.498004 0.0100256 0.0143205 0.252698
0 0.501965 0.505498 0.0114839 0.017961 0.251717
0 0.393069 0.547001 0.0221857 0.034777 0.249282
0 0.530832 0.534238 0.0186803 0.0398888 0.239692
0 0.42889 0.537393 0.0182244 0.0268664 0.225519
0 0.509592 0.518799 0.0217146 0.0328506 0.225188
0 0.434692 0.513831 0.0153392 0.0221425 0.222081
0 0.481976 0.488306 0.0112015 0.0155564 0.219808
0 0.502618 0.515027 0.0126656 0.019568 0.212295
0 0.445546 0.505454 0.0134707 0.0192368 0.20864
0 0.437841 0.516537 0.0141495 0.0201893 0.203617
0 0.552247 0.533575 0.0205054 0.0807092 0.202424
0 0.429873 0.521476 0.0160264 0.0255302 0.201483
0 0.492973 0.493122 0.010109 0.0154598 0.199727
0 0.461368 0.501131 0.0112911 0.0189501 0.199435
0 0.303362 0.55233 0.0214804 0.0492004 0.195889
0 0.239164 0.576478 0.0663215 0.102579 0.187085
0 0.281167 0.566132 0.0516449 0.0853215 0.185339
0 0.504868 0.518837 0.0132187 0.0231616 0.183376
0 0.497465 0.498053 0.0120406 0.0175462 0.183086
0 0.462322 0.493016 0.0117451 0.0172653 0.182435
0 0.393804 0.549238 0.0172927 0.0260459 0.178385
0 0.519531 0.53747 0.0124223 0.0330645 0.177923
0 0.50882 0.523886 0.0135643 0.0324695 0.17778
0 0.495817 0.492137 0.00925989 0.0150593 0.177664
0 0.49335 0.503349 0.0130802 0.0210637 0.171961
0 0.227185 0.583433 0.0532407 0.0995048 0.171208
0 0.475849 0.474625 0.0109506 0.015728 0.167293
0 0.428042 0.544462 0.0185983 0.0257992 0.167241
0 0.396695 0.542599 0.0180951 0.0304667 0.166126
0 0.431261 0.530478 0.0182076 0.0275221 0.164918
0 0.374927 0.544129 0.0169364 0.0369051 0.16384
0 0.475256 0.495895 0.0101737 0.0161057 0.161479
0 0.404756 0.53883 0.0153745 0.0275814 0.161091
0 0.42498 0.517014 0.0166288 0.0242803 0.159518
0 0.480168 0.485962 0.0116386 0.015057 0.159433
0 0.419094 0.534741 0.0169746 0.0278788 0.158773
0 0.391277 0.52181 0.0465263 0.0809124 0.149585
0 0.350267 0.538454 0.0550952 0.0708984 0.149152
0 0.388502 0.549459 0.0175073 0.0272561 0.147617
0 0.518751 0.526881 0.0144523 0.0281019 0.145987
0 0.489212 0.502114 0.0102142 0.0170816 0.145415
0 0.37799 0.537171 0.0176103 0.0383601 0.136611
0 0.547651 0.537071 0.018075 0.0514038 0.128234
0 0.56188 0.541623 0.0264802 0.0982018 0.123683
0 0.435987 0.52992 0.0141342 0.022028 0.123392
0 0.386415 0.536242 0.0171637 0.0338994 0.122741
0 0.483253 0.476888 0.0111545 0.0150037 0.121772
0 0.321179 0.545526 0.0420235 0.0661185 0.117925
0 0.499932 0.496203 0.0120645 0.0182453 0.117618
0 0.491363 0.477249 0.00994949 0.013568 0.116218
0 0.383035 0.541286 0.0143554 0.029823 0.115907
0 0.568858 0.532405 0.0397251 0.10814 0.111712
0 0.529121 0.536983 0.0146377 0.0286925 0.111586
0 0.407184 0.544081 0.0139907 0.0224944 0.109067
0 0.545464 0.522893 0.0427744 0.0967958 0.108181
0 0.37617 0.527688 0.0263587 0.057052 0.106073
0 0.369024 0.547311 0.0178534 0.0383332 0.10231
0 0.496149 0.474992 0.0125856 0.0178535 0.101516
0 0.468945 0.476556 0.0100426 0.0155129 0.100074
0 0.88489 0.774755 0.0926662 0.222774 0.0991423
0 0.453922 0.49971 0.0101296 0.0171351 0.0987278
0 0.508638 0.533305 0.013035 0.02131 0.0983021
0 0.541321 0.540204 0.0166789 0.0396355 0.0974747
0 0.406699 0.521903 0.0213435 0.0339686 0.0960432
0 0.200962 0.59974 0.0769666 0.117793 0.0955776
0 0.296296 0.564858 0.0274176 0.0705546 0.0949849
0 0.461488 0.477378 0.0108755 0.0157637 0.0903108
0 0.909555 0.761093 0.13872 0.271389 0.090183
0 0.508372 0.541409 0.0128378 0.020364 0.0834017
0 0.493881 0.468783 0.0222471 0.0350756 0.0825815
0 0.457833 0.529917 0.0133691 0.0224603 0.0746019
0 0.0471524 0.636598 0.0944191 0.167288 0.0743121
0 0.503878 0.500302 0.0125739 0.0233934 0.0729682
0 0.826282 0.433246 0.288223 0.33459 0.0727695
0 0.312994 0.550009 0.0169998 0.0295848 0.0716599
0 0.303738 0.555301 0.0162126 0.0359711 0.0716219
0 0.397741 0.52272 0.0190865 0.0305172 0.0702145
0 0.536196 0.526721 0.0145926 0.0399147 0.069835
0 0.50346 0.496638 0.0158222 0.0232794 0.0685018
0 0.431304 0.531151 0.0117652 0.0188947 0.0646333
0 0.0243285 0.632533 0.0476595 0.132691 0.0636598
0 0.480321 0.506986 0.0102301 0.0164844 0.0623058
0 0.939956 0.650904 0.116413 0.312825 0.0606167
0 0.228404 0.591308 0.0786756 0.11378 0.0603954
0 0.051219 0.698067 0.0978635 0.273627 0.0597913
0 0.30918 0.550491 0.0164169 0.0342459 0.059252
0 0.434336 0.500343 0.0140593 0.0186874 0.0590986
0 0.862995 0.755838 0.142331 0.280881 0.0582407
0 0.954224 0.735019 0.0852512 0.356706 0.0580622
0 0.858538 0.803601 0.127189 0.17895 0.0579817
0 0.228891 0.57119 0.0416202 0.0763451 0.0546027
0 0.329385 0.902953 0.0132113 0.0256468 0.0544149
0 0.409441 0.55658 0.0152452 0.0215901 0.0542149
0 0.181175 0.606865 0.0661181 0.100982 0.0535893
0 0.552939 0.542914 0.0170527 0.0612038 0.05316
0 0.477602 0.500354 0.0106109 0.017996 0.0529039
0 0.533077 0.523469 0.0166264 0.0392274 0.052663
0 0.459009 0.476309 0.00995989 0.0146476 0.0524254
0 0.0591418 0.631539 0.0883683 0.106204 0.0494145
0 0.442005 0.516418 0.0118708 0.0181962 0.0494092
0 0.532182 0.539568 0.0129397 0.0332058 0.0491175
0 0.969272 0.786328 0.0610943 0.291963 0.048679
0 0.477511 0.455175 0.00969629 0.0150269 0.0486702
0 0.978576 0.593955 0.0440561 0.20084 0.0481347
0 0.378966 0.52454 0.0182981 0.0298999 0.0467325
0 0.0306002 0.661042 0.0584926 0.217289 0.046566
0 0.373236 0.524513 0.0168555 0.0281497 0.0464845
0 0.470912 0.450968 0.00943098 0.0150618 0.0457262
0 0.0122288 0.625756 0.0244666 0.148047 0.0454281
0 0.0665816 0.625928 0.124989 0.198424 0.0452451
0 0.881771 0.795141 0.0826761 0.144806 0.0448477
0 0.297585 0.547912 0.027446 0.058544 0.0443878
0 0.664495 0.535115 0.0490089 0.0780859 0.0437483
0 0.816648 0.563694 0.108694 0.0959574 0.0431776
0 0.216201 0.598571 0.0860839 0.143903 0.0431624
0 0.552355 0.523375 0.0303153 0.0777187 0.0424947
0 0.31079 0.556748 0.0181509 0.0345453 0.042137
0 0.480839 0.454383 0.00986652 0.0152513 0.0415892
0 0.0681297 0.623009 0.0658622 0.0711183 0.0409779
0 0.61211 0.544494 0.0559404 0.106871 0.0403799
0 0.979903 0.75901 0.0409565 0.217093 0.0392797
0 0.186508 0.575983 0.0906733 0.0837859 0.03849
0 0.925257 0.686219 0.171549 0.189105 0.0382282
0 0.966481 0.617604 0.0635523 0.199035 0.0371644
0 0.97212 0.715286 0.05481 0.205954 0.03526
0 0.979115 0.646684 0.0440231 0.231584 0.0349899
0 0.988906 0.735986 0.0222219 0.173693 0.0348752
0 0.303512 0.543546 0.0156346 0.0312937 0.0346958
0 0.00915853 0.599704 0.019646 0.125205 0.0345376
0 0.551194 0.524922 0.0219468 0.0571409 0.0344443
0 0.45265 0.42491 0.0153451 0.0251213 0.0344387
0 0.985955 0.775334 0.0275736 0.217438 0.034434
0 0.258191 0.598748 0.0946172 0.143605 0.0342546
0 0.116778 0.594853 0.0635876 0.108135 0.0342524
0 0.671458 0.526776 0.038471 0.0689345 0.0340679
0 0.0542963 0.60636 0.0969674 0.131001 0.0338861
0 0.1665 0.585528 0.123667 0.105785 0.0335667
0 0.165441 0.625765 0.0796726 0.0881196 0.0334864
0 0.299445 0.562044 0.0169011 0.0478074 0.0334682
0 0.967665 0.67577 0.0614582 0.21301 0.0332381
0 0.936877 0.644643 0.128616 0.158845 0.033192
0 0.0412825 0.739314 0.0767236 0.274186 0.0331399
0 0.981812 0.544467 0.0385677 0.111781 0.0329547
0 0.850017 0.853412 0.11495 0.146556 0.0326955
0 0.980668 0.697158 0.0400028 0.20672 0.0326219
0 0.774939 0.455505 0.190731 0.260579 0.0322924
0 0.93659 0.803708 0.12495 0.283714 0.0322147
0 0.950188 0.596284 0.0978516 0.167634 0.0320131
0 0.329739 0.895533 0.0143979 0.0267051 0.0316825
0 0.0178585 0.609784 0.0350188 0.178741 0.0316206
0 0.907365 0.684499 0.109979 0.139723 0.0315327
0 0.027972 0.600629 0.0524179 0.127791 0.0314587
0 0.354781 0.546327 0.0195178 0.0421376 0.0313873
0 0.0973493 0.663855 0.131021 0.186334 0.0312951
0 0.0459531 0.58127 0.0928664 0.246334 0.0310326
0 0.973555 0.563634 0.0524094 0.140264 0.0308193
0 0.98008 0.815773 0.0393492 0.221656 0.0305248
0 0.950775 0.692877 0.0933058 0.218453 0.0304317
0 0.0599584 0.750615 0.12144 0.283521 0.0303075
0 0.802664 0.536051 0.129647 0.137177 0.0301925
0 0.0542522 0.902845 0.0989581 0.155692 0.0295724
0 0.853404 0.558822 0.150209 0.13042 0.0293604
0 0.729935 0.464083 0.0939659 0.188663 0.0288297
0 0.483859 0.451566 0.0125069 0.0196153 0.0286618
0 0.203964 0.554342 0.107028 0.129618 0.0282329
0 0.897922 0.573029 0.178207 0.186265 0.0281713
0 0.498093 0.529306 0.0124119 0.0202859 0.0281401
0 0.871792 0.536014 0.192096 0.163232 0.0279533
0 0.522151 0.453713 0.0337332 0.0684465 0.0279182
0 0.15647 0.571068 0.105749 0.0744462 0.0275061
0 0.849595 0.699791 0.127745 0.250092 0.0274191
0 0.432557 0.389281 0.0253029 0.0409108 0.0273077
0 0.129306 0.949899 0.0631293 0.0817229 0.0272589
0 0.211331 0.55585 0.0545777 0.0654882 0.0272074
0 0.955489 0.562015 0.0856886 0.14157 0.0270772
0 0.322921 0.537291 0.0311871 0.0461393 0.0270237
0 0.434788 0.456255 0.014666 0.0230509 0.0270211
0 0.175895 0.643585 0.129449 0.170472 0.0269231
0 0.802405 0.501722 0.154042 0.201907 0.0268114
0 0.961028 0.759304 0.0722031 0.201373 0.026495
0 0.554312 0.54928 0.0160039 0.0363918 0.0263189
0 0.146989 0.610667 0.0951202 0.118167 0.0261271
0 0.728446 0.435073 0.0726713 0.10409 0.0261127
0 0.91971 0.650477 0.13665 0.116983 0.0260412
0 0.889976 0.68774 0.0754059 0.106642 0.0259758
0 0.542507 0.476983 0.0369312 0.0906162 0.0257058
0 0.456589 0.52339 0.0108593 0.0179882 0.0255761
0 0.832289 0.574231 0.0856707 0.0814948 0.0253856
0 0.983956 0.520551 0.0326092 0.0841194 0.0252774
0 0.32427 0.522727 0.0187145 0.0365456 0.0252581
0 0.878023 0.809682 0.0677206 0.105558 0.0251864
0 0.409145 0.496739 0.0155127 0.0231297 0.0250683
0 0.637104 0.500482 0.0639856 0.0888316 0.0249899
0 0.94606 0.80422 0.0907417 0.158433 0.0246752
0 0.969104 0.837402 0.0581987 0.183153 0.0246053
0 0.324939 0.552996 0.0266305 0.0395163 0.024588
0 0.622085 0.527192 0.049181 0.0847281 0.0243837
0 0.986691 0.837382 0.0262234 0.188656 0.0242856
0 0.859761 0.606302 0.111453 0.13896 0.0235001
0 0.369342 0.128403 0.0274465 0.0409819 0.0230849
0 0.0615173 0.533956 0.11936 0.307844 0.0229636
0 0.567457 0.552288 0.0319699 0.0917862 0.0229189
0 0.00791636 0.668629 0.016706 0.130459 0.0225253
0 0.489036 0.901928 0.00998573 0.0163169 0.0221223
0 0.771133 0.533584 0.0755142 0.108459 0.0218946
0 0.316969 0.566741 0.0376173 0.0657294 0.0218927
0 0.512805 0.540019 0.0127069 0.0214472 0.0217759
0 0.334285 0.497371 0.0711776 0.11761 0.0217716
0 0.0540885 0.848207 0.0920953 0.146619 0.0217571
0 0.812245 0.195745 0.273824 0.353774 0.0216814
0 0.139427 0.658024 0.123213 0.142057 0.0216128
0 0.778437 0.523297 0.113706 0.137224 0.021462
0 0.199514 0.552037 0.0518974 0.0536908 0.0212827
0 0.0658721 0.607657 0.0825649 0.0996329 0.021279
0 0.127539 0.603511 0.0903044 0.135531 0.0212557
0 0.787324 0.551277 0.1021 0.0988859 0.0211653
0 0.976053 0.522718 0.0486044 0.102007 0.0210546
0 0.939864 0.739582 0.111455 0.180194 0.0209851
0 0.168103 0.551466 0.134335 0.145591 0.0209326
0 0.00538563 0.729389 0.0124858 0.142448 0.0207586
0 0.593893 0.172756 0.130758 0.227409 0.0206232
0 0.615559 0.511137 0.0515333 0.0813258 0.0205671
0 0.93947 0.768594 0.0907818 0.151453 0.0203532
0 0.144324 0.548086 0.0932149 0.115755 0.020303
0 0.551706 0.480123 0.0464486 0.117275 0.0202492
0 0.855809 0.672317 0.188369 0.324203 0.0202297
0 0.871264 0.825531 0.0546055 0.0822556 0.0201933
0 0.625987 0.541102 0.0396871 0.0789045 0.0201462
0 0.94184 0.837486 0.100095 0.146455 0.0200866
0 0.539744 0.449993 0.0396338 0.0875192 0.0199458
0 0.0219763 0.670887 0.0429332 0.181701 0.0198924
0 0.828516 0.343828 0.308169 0.41626 0.0197766
0 0.335453 0.527239 0.068455 0.102833 0.0196068
0 0.0629249 0.892513 0.119716 0.223187 0.0195701
0 0.655139 0.51475 0.063421 0.100477 0.0195102
0 0.2856 0.538381 0.0346994 0.0499014 0.0193555
0 0.11896 0.425437 0.0215291 0.031223 0.0193497
0 0.422997 0.381557 0.0242843 0.0414211 0.0193266
0 0.0891066 0.709636 0.0942054 0.177925 0.0192243
0 0.632497 0.554705 0.0269722 0.0558679 0.019088
0 0.363935 0.587032 0.0232487 0.036451 0.0190558
0 0.807815 0.777679 0.233382 0.245368 0.0190054
0 0.862366 0.806836 0.0814421 0.137878 0.0189938
0 0.983479 0.494788 0.03438 0.0975358 0.0189864
0 0.72092 0.351348 0.0380631 0.0629187 0.0189515
0 0.505979 0.429923 0.0251518 0.0495559 0.0188945
0 0.117259 0.451656 0.0215188 0.0371028 0.0188397
0 0.208886 0.643654 0.0839346 0.150208 0.0188174
0 0.159771 0.463895 0.0223153 0.0355283 0.0187741
0 0.737206 0.49655 0.112582 0.171397 0.0187405
0 0.906952 0.810488 0.122116 0.136858 0.0186401
0 0.260177 0.659097 0.0679536 0.130581 0.018635
0 0.696094 0.0955259 0.0703824 0.104437 0.0185518
0 0.411379 0.425494 0.0251996 0.0364879 0.0184938
0 0.292094 0.446827 0.024745 0.0399873 0.0184586
0 0.732694 0.444366 0.0444551 0.0720564 0.0184576
0 0.913496 0.521736 0.165727 0.191924 0.018405
0 0.675483 0.510787 0.0355268 0.0732974 0.0183995
0 0.197246 0.621917 0.0670657 0.0938333 0.0183515
0 0.235711 0.647902 0.0713628 0.146044 0.018238
0 0.24196 0.537548 0.0362576 0.0619399 0.0180657
0 0.700807 0.515712 0.0832327 0.128267 0.0180608
0 0.0342386 0.562431 0.0618106 0.12498 0.0180244
0 0.699321 0.549547 0.0891891 0.103194 0.0177981
0 0.517423 0.408801 0.0290698 0.0545793 0.0177899
0 0.836207 0.87684 0.154657 0.195275 0.0176717
0 0.116629 0.437176 0.0221488 0.0347546 0.0175983
0 0.35355 0.51051 0.0602449 0.0952045 0.0175427
0 0.560748 0.511481 0.0481458 0.0935032 0.0174158
0 0.826817 0.457446 0.225696 0.25612 0.0173681
0 0.913098 0.771152 0.106961 0.15724 0.0172918
0 0.573304 0.128118 0.116394 0.20673 0.017259
0 0.184067 0.395945 0.0288832 0.0577705 0.0172261
0 0.55973 0.560417 0.0149821 0.0418256 0.0171802
0 0.797638 0.792595 0.107895 0.151108 0.0171237
0 0.480931 0.375586 0.034649 0.0627697 0.0171021
