0 0.410174 0.524632 0.0638995 0.0997834 0.84389
0 0.5625 0.562559 0 0.625167 0.838384
0 0.560204 0.498786 0.00459151 0.0523392 0.766219
0 0.5625 0.516532 0 0.293303 0.753677
0 0.332959 0.532828 0.137362 0.160709 0.745688
0 0.49551 0.504757 0.0273258 0.0443349 0.722449
0 0.5625 0.488416 0 0.10129 0.597011
0 0.533162 0.497979 0.0211775 0.0322107 0.585274
0 0.48134 0.507793 0.0293007 0.052249 0.580718
0 0.467871 0.509279 0.0356337 0.0640049 0.566228
0 0.516544 0.500404 0.0247359 0.0385786 0.546616
0 0.144598 0.589939 0.279892 0.291097 0.532727
0 0.441029 0.51008 0.0503479 0.0840703 0.498723
0 0.5625 0.49706 0 0.0506326 0.463379
0 0.5625 0.498333 0 0.0518778 0.450198
0 0.0272222 0.696083 0.0544443 0.279396 0.374732
0 0.510264 0.498642 0.0255692 0.0465219 0.34848
0 0.537824 0.497649 0.0149803 0.0276255 0.287466
0 0.5625 0.491706 0 0.0690659 0.269431
0 0.525843 0.500141 0.0195911 0.0340874 0.268808
0 0.5625 0.486982 0 0.0766325 0.247568
0 0.506588 0.503346 0.0184202 0.0402769 0.247268
0 0.377011 0.532903 0.0556463 0.109785 0.243561
0 0.187827 0.607574 0.19313 0.242005 0.239572
0 0.0538602 0.642259 0.106799 0.327111 0.23232
0 0.226328 0.581112 0.120145 0.181376 0.226307
0 0.0954861 0.623492 0.190972 0.248215 0.224286
0 0.5625 0.490365 0 0.0597859 0.22418
0 0.5625 0.501939 0 0.0409888 0.223728
0 0.5625 0.546226 0 0.224503 0.21526
0 0.543008 0.49894 0.0154064 0.0276588 0.205863
0 0.5625 0.4967 0 0.112612 0.188794
0 0.364587 0.527961 0.0811542 0.138199 0.187426
0 0.5625 0.502198 0 0.0393438 0.187298
0 0.479995 0.510176 0.0192553 0.0471033 0.183193
0 0.5625 0.508253 0 0.137196 0.183141
0 0.5625 0.499213 0 0.0371679 0.177837
0 0.518647 0.499822 0.0160734 0.0342163 0.17292
0 0.5625 0.496416 0 0.042659 0.169364
0 0.5625 0.532696 0 0.168946 0.166837
0 0.0198064 0.725633 0.0392075 0.234705 0.166096
0 0.5625 0.483388 0 0.0889221 0.164101
0 0.54771 0.494135 0.0224898 0.0331974 0.162651
0 0.325743 0.551528 0.100356 0.121419 0.159082
0 0.528656 0.501155 0.0145905 0.0262891 0.158029
0 0.0718506 0.684209 0.143701 0.325755 0.143504
0 0.420214 0.524761 0.0427558 0.0831069 0.14341
0 0.242799 0.59369 0.0857515 0.150519 0.141764
0 0.497091 0.502006 0.0183243 0.0373022 0.134117
0 0.5625 0.495844 0 0.0324701 0.126944
0 0.636454 0.510795 0.0510798 0.104742 0.118739
0 0.554868 0.496563 0.0199679 0.0355848 0.114546
0 0.209054 0.561113 0.157548 0.254217 0.111383
0 0.739451 0.559432 0.0910707 0.202749 0.110827
0 0.563629 0.498163 0.0150513 0.0241173 0.10607
0 0.583874 0.498375 0.0156707 0.0265567 0.101153
0 0.70461 0.49113 0.0849158 0.237555 0.0981316
0 0.281333 0.554992 0.166464 0.212601 0.0980751
0 0.0371927 0.660107 0.0726069 0.238824 0.0980541
0 0.812641 0.503076 0.196322 0.358976 0.0960006
0 0.552342 0.49914 0.0147357 0.0283123 0.0953068
0 0.0173668 0.754405 0.0350109 0.157736 0.0950671
0 0.491879 0.499279 0.0157333 0.0320097 0.0891384
0 0.0713097 0.56886 0.143279 0.330876 0.0883216
0 0.958637 0.693027 0.0798534 0.381171 0.0867652
0 0.514709 0.493594 0.0179734 0.0360117 0.084895
0 0.158466 0.638043 0.102173 0.21062 0.0847133
0 0.0650779 0.624075 0.108035 0.18982 0.0837303
0 0.470736 0.501229 0.0198118 0.0418699 0.0835881
0 0.0218716 0.654592 0.0440044 0.233859 0.0833628
0 0.460067 0.514752 0.0220089 0.0547447 0.0806161
0 0.889929 0.484241 0.221572 0.405889 0.0792731
0 0.560397 0.495462 0.0127408 0.0258848 0.0787531
0 0.343432 0.517666 0.105395 0.123704 0.0785574
0 0.30235 0.54336 0.0880996 0.151922 0.0764292
0 0.338761 0.556916 0.0652754 0.0995054 0.0729414
0 0.353332 0.55248 0.0552684 0.103539 0.0702524
0 0.105976 0.613958 0.113458 0.177645 0.0695575
0 0.68949 0.474425 0.0516448 0.136626 0.0694737
0 0.204008 0.615437 0.13191 0.202632 0.0691059
0 0.614366 0.481974 0.0212061 0.0474175 0.0681729
0 0.686692 0.562135 0.0430562 0.11651 0.0661258
0 0.567334 0.502458 0.0186152 0.0318559 0.0655857
0 0.605752 0.478932 0.0210991 0.0383322 0.065513
0 0.115188 0.673994 0.239917 0.384918 0.065493
0 0.75991 0.541033 0.064234 0.194597 0.0639714
0 0.551771 0.488028 0.0185064 0.0297896 0.0634476
0 0.752925 0.474134 0.105256 0.23666 0.0631156
0 0.713122 0.465063 0.0702922 0.174265 0.0629215
0 0.459188 0.498035 0.0225215 0.0465804 0.062878
0 0.726853 0.576461 0.0568444 0.169807 0.0609575
0 0.598508 0.477237 0.0212215 0.0319728 0.0594353
0 0.868946 0.217243 0.2561 0.378683 0.0594281
0 0.0567046 0.662854 0.104626 0.192282 0.0592658
0 0.707876 0.58172 0.0632799 0.144081 0.0588975
0 0.761505 0.450927 0.0966173 0.155531 0.0573948
0 0.255978 0.574539 0.0812275 0.155004 0.0570343
0 0.442273 0.50767 0.0262151 0.0448464 0.0570296
0 0.861804 0.594687 0.233461 0.296877 0.0544709
0 0.587969 0.487728 0.03424 0.0606936 0.0539049
0 0.865045 0.709918 0.232538 0.327728 0.0535668
0 0.0822356 0.606777 0.0692685 0.148999 0.0533831
0 0.971034 0.754257 0.0563253 0.279365 0.0532953
0 0.0287677 0.754643 0.0588699 0.193149 0.052896
0 0.851322 0.448937 0.207914 0.33279 0.0519143
0 0.179856 0.638849 0.0886661 0.189199 0.0519127
0 0.432548 0.506516 0.0789916 0.10711 0.0505981
0 0.139732 0.656128 0.0924958 0.161977 0.0503685
0 0.587677 0.500701 0.0205114 0.0331655 0.0503397
0 0.730403 0.414235 0.0287157 0.0511391 0.049776
0 0.360004 0.496327 0.054037 0.0741313 0.0492329
0 0.762713 0.500485 0.0645596 0.168983 0.0489232
0 0.847587 0.544211 0.197795 0.241394 0.0488318
0 0.809153 0.575347 0.142687 0.360183 0.0487973
0 0.725673 0.423731 0.0421923 0.0686735 0.0473654
0 0.723266 0.455912 0.04588 0.1357 0.0471357
0 0.130237 0.620852 0.128482 0.203183 0.0469753
0 0.0457835 0.700803 0.100553 0.23766 0.046753
0 0.696731 0.43819 0.0377542 0.0706242 0.0461349
0 0.38801 0.499006 0.108539 0.134402 0.0459501
0 0.311429 0.511741 0.0963206 0.0990051 0.0457149
0 0.135498 0.489721 0.259125 0.462552 0.0454292
0 0.50716 0.531043 0.0210678 0.04397 0.044975
0 0.162017 0.664551 0.0514168 0.128872 0.0448715
0 0.0400681 0.601121 0.0792625 0.246909 0.0444853
0 0.768636 0.417677 0.0830708 0.0890405 0.0434709
0 0.276051 0.538641 0.107514 0.165386 0.0430738
0 0.720932 0.594895 0.0452279 0.113594 0.0429214
0 0.0248301 0.605514 0.0483255 0.244304 0.042851
0 0.967834 0.59149 0.06036 0.334426 0.0424058
0 0.0399092 0.492775 0.0841939 0.424011 0.0419605
0 0.752417 0.597546 0.0528449 0.208865 0.0415211
0 0.073342 0.634132 0.0637329 0.137411 0.0414502
0 0.804458 0.513636 0.0947802 0.127704 0.0396721
0 0.781964 0.501212 0.102214 0.187662 0.0395136
0 0.241845 0.554524 0.0792026 0.146694 0.0387848
0 0.928758 0.662088 0.142923 0.398805 0.038778
0 0.948787 0.750647 0.103849 0.241521 0.0381166
0 0.0757297 0.666981 0.0533605 0.105132 0.038097
0 0.0946603 0.664172 0.0896453 0.146158 0.0372887
0 0.30677 0.560116 0.0723617 0.110806 0.0371235
0 0.0571955 0.583116 0.115813 0.202885 0.0369697
0 0.592746 0.478187 0.019113 0.0251156 0.0368517
0 0.0108981 0.780606 0.021964 0.107195 0.0367317
0 0.921121 0.385739 0.157798 0.291975 0.0361113
0 0.0291948 0.548906 0.0528432 0.335938 0.036008
0 0.450539 0.516789 0.0222928 0.0611651 0.0357669
0 0.395741 0.506475 0.0356309 0.0619721 0.0356412
0 0.947526 0.589394 0.10485 0.373604 0.0354064
0 0.286764 0.567667 0.0803327 0.12857 0.0352423
0 0.450664 0.495002 0.0264231 0.0414239 0.0347979
0 0.220493 0.624122 0.104168 0.150534 0.0346656
0 0.265041 0.614882 0.0379887 0.0857934 0.0345825
0 0.903562 0.571023 0.197182 0.363133 0.0345124
0 0.957613 0.164849 0.0827551 0.208668 0.0344891
0 0.737887 0.611951 0.0483348 0.145091 0.0337586
0 0.219681 0.504967 0.149669 0.283208 0.0337367
0 0.629599 0.471604 0.03265 0.0689585 0.0334066
0 0.164785 0.674581 0.038753 0.0999586 0.0333466
0 0.740898 0.453839 0.0636004 0.137855 0.0331498
0 0.981967 0.538312 0.0377485 0.155974 0.032948
0 0.880522 0.30951 0.238875 0.448573 0.0328264
0 0.129905 0.675051 0.139015 0.229739 0.0327332
0 0.968872 0.52271 0.0599943 0.161162 0.0322671
0 0.634447 0.529865 0.0692132 0.133788 0.0318064
0 0.785597 0.599128 0.0983951 0.25478 0.031636
0 0.574081 0.500583 0.0286073 0.0400327 0.0315384
0 0.98953 0.538318 0.0214756 0.124092 0.0314433
0 0.832039 0.1895 0.217128 0.282839 0.0312229
0 0.37482 0.499869 0.043973 0.0768222 0.0309157
0 0.725203 0.768492 0.141251 0.230241 0.0308569
0 0.474016 0.514799 0.0199233 0.049353 0.0305231
0 0.941559 0.494935 0.11491 0.346143 0.0304995
0 0.940437 0.77912 0.0735298 0.146295 0.0303836
0 0.977611 0.814581 0.0450226 0.158331 0.0300681
0 0.26353 0.59658 0.0534831 0.130124 0.0297327
0 0.301653 0.487753 0.13567 0.215181 0.0291406
0 0.174223 0.578338 0.123804 0.218568 0.0284331
0 0.0846513 0.491743 0.160713 0.42492 0.0283426
0 0.670581 0.470931 0.0605328 0.135756 0.0278783
0 0.796955 0.477289 0.0983104 0.167939 0.027818
0 0.982691 0.594005 0.0365633 0.172286 0.027688
0 0.447959 0.465841 0.0270281 0.0526466 0.0275612
0 0.777788 0.660127 0.0650475 0.169376 0.0273228
0 0.972387 0.556368 0.0535454 0.151648 0.0272953
0 0.275434 0.496801 0.134766 0.259236 0.0272834
0 0.989163 0.57249 0.02255 0.131769 0.0271313
0 0.436693 0.53549 0.0383874 0.0884874 0.0270367
0 0.70148 0.425752 0.0350791 0.0560843 0.027024
0 0.788975 0.551874 0.0981058 0.140289 0.0269502
0 0.796967 0.668051 0.104756 0.244202 0.0268065
0 0.2566 0.624773 0.175301 0.275936 0.0267038
0 0.533478 0.476125 0.0153663 0.0226491 0.0264833
0 0.0789122 0.678478 0.0793287 0.137471 0.0264368
0 0.894137 0.366552 0.203643 0.202851 0.0262118
0 0.28949 0.512706 0.0660602 0.099731 0.0261471
0 0.987377 0.501955 0.025387 0.152011 0.0259602
0 0.968188 0.495069 0.0590546 0.279948 0.0259273
0 0.770958 0.398398 0.0618987 0.0504826 0.0257705
0 0.563896 0.472666 0.02562 0.0334104 0.0254178
0 0.295654 0.842072 0.0244471 0.0374812 0.0253556
0 0.891392 0.305212 0.19656 0.206092 0.0253118
0 0.649987 0.455047 0.0589291 0.0885245 0.02531
0 0.547407 0.473739 0.0186268 0.0265218 0.0253098
0 0.987912 0.81638 0.0237265 0.147796 0.0253078
0 0.954153 0.236106 0.0917416 0.270042 0.0253027
0 0.958369 0.352675 0.0729008 0.264523 0.025149
0 0.750886 0.631281 0.0273441 0.124731 0.0250733
0 0.53025 0.477089 0.014432 0.0190698 0.025053
0 0.841561 0.545493 0.0275621 0.0348951 0.0248278
0 0.443331 0.486708 0.0524204 0.100181 0.0246235
0 0.354117 0.55087 0.107328 0.170389 0.0244731
0 0.982977 0.790167 0.0315811 0.177758 0.0242363
0 0.878823 0.394872 0.0982368 0.164874 0.0241309
0 0.956766 0.576331 0.0812958 0.17093 0.0240209
0 0.258949 0.523467 0.0799483 0.136497 0.0238543
0 0.826493 0.516799 0.0776468 0.0962229 0.0238402
0 0.953508 0.539558 0.0866232 0.138286 0.0236919
0 0.104595 0.753025 0.118355 0.177527 0.0236509
0 0.969578 0.594616 0.0589458 0.174523 0.0236474
0 0.977598 0.636877 0.0445341 0.228923 0.0235585
0 0.78287 0.406784 0.110889 0.0907553 0.0235341
0 0.827675 0.431015 0.0961351 0.127549 0.0232858
0 0.516993 0.477956 0.0162744 0.0200419 0.0231657
0 0.676833 0.445786 0.0424653 0.0619037 0.0231327
0 0.876524 0.609193 0.0754299 0.0974587 0.0230526
0 0.81534 0.538791 0.0837011 0.0871464 0.0229059
0 0.810204 0.353177 0.114274 0.137053 0.0228392
0 0.431004 0.490009 0.0288664 0.0341911 0.0227429
0 0.958629 0.436626 0.074678 0.32181 0.022675
0 0.816651 0.451124 0.0885601 0.133643 0.0224084
0 0.887778 0.146055 0.222745 0.343506 0.0223981
0 0.963522 0.853573 0.0764683 0.205852 0.0223667
0 0.110152 0.794382 0.18381 0.386187 0.0223439
0 0.299674 0.403393 0.102031 0.162026 0.0223284
0 0.417523 0.487561 0.024776 0.0308189 0.0221012
0 0.88125 0.346678 0.0770752 0.0780227 0.0220965
0 0.125087 0.319513 0.230813 0.428306 0.022095
0 0.508196 0.476964 0.0154252 0.020777 0.0220877
0 0.353354 0.470811 0.107371 0.1409 0.0220008
0 0.510415 0.506609 0.0146342 0.0311136 0.021904
0 0.0447353 0.749406 0.0775804 0.231907 0.0217354
0 0.674693 0.560569 0.0862635 0.19456 0.021722
0 0.819662 0.42028 0.070673 0.101622 0.0216987
0 0.0144838 0.562584 0.0274462 0.158586 0.021644
0 0.914069 0.770432 0.0948349 0.176 0.0215886
0 0.40512 0.54883 0.053898 0.110226 0.0214969
0 0.498541 0.510498 0.0163581 0.0363183 0.0213742
0 0.248453 0.623781 0.0647881 0.0906588 0.0213108
0 0.187772 0.748553 0.18927 0.264327 0.0211462
0 0.788026 0.587272 0.0876575 0.16944 0.0211033
0 0.970681 0.307254 0.0532412 0.231228 0.0209522
0 0.822699 0.485514 0.0933522 0.129132 0.0208984
0 0.957778 0.504347 0.0770916 0.146847 0.0208918
0 0.26301 0.367672 0.0415431 0.0662466 0.0208828
0 0.894605 0.74186 0.179063 0.225592 0.02082
0 0.956146 0.0771374 0.0856688 0.178606 0.0207595
0 0.98264 0.480584 0.036261 0.159072 0.020649
0 0.659222 0.52256 0.046911 0.123737 0.0206449
0 0.206518 0.551899 0.115376 0.166698 0.0206444
0 0.0370848 0.549541 0.0698776 0.178119 0.0205438
0 0.926987 0.252451 0.132542 0.230941 0.0205006
0 0.0559146 0.486602 0.107114 0.276055 0.0204309
0 0.6239 0.52305 0.0389976 0.0842719 0.0203359
0 0.401943 0.484976 0.0619573 0.0964297 0.0200413
0 0.899077 0.397369 0.0859583 0.151294 0.0199798
0 0.395043 0.440089 0.0560372 0.0915621 0.0199668
0 0.842039 0.416064 0.0838211 0.110742 0.0199115
0 0.0765617 0.77041 0.139582 0.248125 0.0198705
0 0.960433 0.782118 0.0726875 0.175877 0.0197859
0 0.965812 0.480633 0.0654787 0.155064 0.0195957
0 0.152378 0.680129 0.0653466 0.1083 0.0195587
0 0.977884 0.303665 0.0442036 0.16436 0.0193944
0 0.837668 0.528578 0.0582705 0.0798313 0.0193938
0 0.143796 0.579711 0.109544 0.198843 0.0193877
0 0.28386 0.839458 0.0517861 0.0633748 0.0193391
0 0.388334 0.46575 0.0323043 0.0468358 0.0192782
0 0.870671 0.333296 0.0924149 0.0827355 0.0192262
0 0.746567 0.404682 0.0507382 0.0547455 0.0190444
0 0.985552 0.633918 0.0289511 0.198238 0.0190375
0 0.915407 0.209164 0.162963 0.244535 0.0188986
0 0.0158346 0.824129 0.0334356 0.216895 0.0188146
0 0.799655 0.429973 0.0850024 0.106038 0.0187705
0 0.326894 0.607957 0.0923264 0.139106 0.0185845
0 0.172138 0.49324 0.173274 0.205579 0.018495
0 0.0649712 0.711413 0.0750957 0.144628 0.0184942
0 0.265188 0.400028 0.0746433 0.140765 0.0183273
0 0.854496 0.574659 0.0387474 0.0535542 0.0181964
0 0.520502 0.506029 0.0150035 0.0274949 0.0181797
0 0.781373 0.39199 0.0764557 0.0617791 0.0180755
0 0.74898 0.666289 0.0877137 0.190383 0.018019
0 0.262988 0.383576 0.0528389 0.0974942 0.0179832
0 0.867613 0.583302 0.0596056 0.0713629 0.0179239
0 0.863388 0.430264 0.0960594 0.127238 0.0178855
0 0.861531 0.597656 0.05623 0.0785913 0.0178115
0 0.831854 0.335213 0.101373 0.0922742 0.017768
0 0.363902 0.615235 0.0682357 0.113279 0.0176279
0 0.503955 0.354941 0.0288587 0.0461482 0.0176105
0 0.941553 0.320928 0.112956 0.265711 0.0176075
0 0.39973 0.475474 0.033043 0.0460706 0.017568
