0 0.349472 0.51081 0.0771222 0.097292 0.918018
0 0.5625 0.518263 0 0.0808005 0.89451
0 0.463251 0.501725 0.0654341 0.0928553 0.84004
0 0.537419 0.487985 0.0174994 0.0240408 0.786365
0 0.5625 0.493081 0 0.0382491 0.755262
0 0.561587 0.488896 0.00182528 0.024688 0.73251
0 0.5625 0.498254 0 0.0422453 0.654724
0 0.5625 0.506224 0 0.0516149 0.627163
0 0.558148 0.487481 0.00870476 0.0195369 0.594787
0 0.398751 0.498904 0.0491398 0.0791015 0.551368
0 0.559532 0.488718 0.00593619 0.0235703 0.475176
0 0.426725 0.494937 0.0227439 0.0608202 0.372884
0 0.550687 0.48649 0.0105809 0.0165499 0.366967
0 0.0144972 0.549098 0.0289945 0.113735 0.365802
0 0.5625 0.489718 0 0.0278603 0.360477
0 0.5625 0.490907 0 0.0319135 0.35248
0 0.553029 0.48581 0.01105 0.0180036 0.346097
0 0.5625 0.492376 0 0.0348657 0.324407
0 0.49474 0.492919 0.0170918 0.0453298 0.308809
0 0.504312 0.485565 0.0178677 0.0270976 0.2761
0 0.5625 0.497657 0 0.0383864 0.274796
0 0.518731 0.485138 0.0144181 0.0190841 0.272465
0 0.514962 0.484905 0.0192354 0.0225611 0.267985
0 0.485325 0.493803 0.0292624 0.0600421 0.254234
0 0.555658 0.485808 0.0113678 0.0189225 0.23661
0 0.5625 0.506048 0 0.103048 0.226
0 0.5625 0.472761 0 0.171059 0.217005
0 0.500461 0.484537 0.0171621 0.03621 0.216822
0 0.537675 0.487269 0.012018 0.0160385 0.197668
0 0.5625 0.502015 0 0.10713 0.195663
0 0.498129 0.491223 0.0125564 0.0276381 0.194543
0 0.49062 0.489531 0.0248027 0.0608185 0.191966
0 0.533467 0.487127 0.0117724 0.0179562 0.189582
0 0.497119 0.496388 0.0125367 0.0265271 0.187046
0 0.0121267 0.526873 0.0238952 0.134106 0.186024
0 0.432842 0.492755 0.031494 0.071557 0.185016
0 0.5625 0.499904 0 0.0323734 0.174456
0 0.527862 0.486717 0.0123325 0.0193854 0.172741
0 0.502613 0.491052 0.0148205 0.0280819 0.160262
0 0.51991 0.488649 0.0133366 0.0174488 0.145964
0 0.5625 0.506954 0 0.0608539 0.13904
0 0.510665 0.489371 0.0147568 0.0287731 0.138788
0 0.378065 0.488836 0.0625529 0.0799224 0.136443
0 0.5625 0.476658 0 0.0354235 0.127449
0 0.5625 0.476931 0 0.156232 0.12318
0 0.424608 0.50228 0.0158782 0.0518963 0.122296
0 0.428506 0.48289 0.0303132 0.0736056 0.107725
0 0.5625 0.507605 0 0.0412962 0.106195
0 0.5625 0.49088 0 0.0298559 0.0964066
0 0.5625 0.467632 0 0.190245 0.0937074
0 0.48858 0.501152 0.0178408 0.0317306 0.0935649
0 0.0202313 0.537703 0.0408692 0.147466 0.0923688
0 0.605233 0.496457 0.0188548 0.031297 0.0870065
0 0.429507 0.495772 0.0155224 0.0365205 0.0863732
0 0.417626 0.504523 0.0185941 0.0384727 0.0777303
0 0.374987 0.463938 0.0475779 0.0412524 0.0770302
0 0.514144 0.47593 0.0217467 0.040125 0.0768223
0 0.416848 0.487962 0.0385473 0.0828386 0.0758794
0 0.393765 0.492135 0.0724554 0.0988088 0.0705428
0 0.562285 0.500858 0.0161348 0.0372676 0.0704569
0 0.42697 0.501675 0.0139775 0.0343436 0.0702138
0 0.552374 0.478319 0.0111366 0.0156314 0.0701849
0 0.973189 0.500932 0.053302 0.106628 0.0688795
0 0.437492 0.484392 0.0446877 0.0831694 0.0644798
0 0.449282 0.501126 0.0409441 0.0771685 0.0638318
0 0.507532 0.479024 0.0136529 0.0212865 0.0625451
0 0.528346 0.478501 0.0124956 0.0186378 0.0623179
0 0.501869 0.479046 0.0138333 0.0241223 0.0618214
0 0.025876 0.557339 0.0590512 0.0892513 0.058457
0 0.494009 0.497758 0.0130392 0.0296083 0.0570599
0 0.375889 0.501982 0.0385551 0.0783059 0.0555385
0 0.924568 0.488107 0.0309507 0.0617561 0.0549285
0 0.448628 0.486231 0.0558941 0.0895197 0.0514419
0 0.583189 0.475779 0.017864 0.0196713 0.0503544
0 0.0378467 0.566121 0.0428585 0.0632536 0.0490807
0 0.414503 0.498973 0.0242061 0.0465161 0.046335
0 0.0410504 0.539347 0.0798037 0.131331 0.0450471
0 0.320092 0.503466 0.0269645 0.0551823 0.0449542
0 0.571975 0.47696 0.0159161 0.0209855 0.0445502
0 0.920822 0.479099 0.0214188 0.0507212 0.0437156
0 0.061112 0.564251 0.0572625 0.0583817 0.043416
0 0.905895 0.507031 0.0243946 0.0527339 0.0419875
0 0.91912 0.496965 0.0273273 0.0746415 0.0408855
0 0.0439061 0.565306 0.0677104 0.0733168 0.039576
0 0.026064 0.49444 0.0519581 0.249935 0.0389605
0 0.313269 0.484539 0.0269598 0.0454282 0.0382503
0 0.524282 0.485914 0.011957 0.0183278 0.0373082
0 0.911487 0.494964 0.0239378 0.0573939 0.0366877
0 0.0551693 0.459608 0.102702 0.265417 0.036489
0 0.590969 0.474272 0.0157339 0.018384 0.0363194
0 0.331842 0.511641 0.0399671 0.0716197 0.0362955
0 0.434852 0.502072 0.0155277 0.0340207 0.0362054
0 0.0997522 0.694014 0.0836167 0.0580205 0.0357736
0 0.0470906 0.510343 0.0906095 0.200345 0.0354212
0 0.391917 0.50349 0.020523 0.0548251 0.0353395
0 0.0722023 0.557774 0.0556364 0.0591253 0.0342766
0 0.421854 0.480742 0.0210341 0.034445 0.0338756
0 0.416313 0.453914 0.0428315 0.0883658 0.0333416
0 0.00965765 0.486754 0.0216348 0.150719 0.0332396
0 0.564669 0.479188 0.0134846 0.0204325 0.0331664
0 0.910067 0.520826 0.040283 0.0745583 0.0323875
0 0.211896 0.521949 0.0381358 0.047469 0.0323764
0 0.0140149 0.579169 0.0277776 0.198702 0.0315936
0 0.362199 0.460844 0.0480831 0.0389182 0.0314284
0 0.539814 0.492542 0.0161001 0.0218047 0.031177
0 0.413138 0.509877 0.019137 0.0411276 0.03065
0 0.716975 0.395734 0.0217041 0.0358671 0.0306306
0 0.00465757 0.869286 0.00892996 0.0595942 0.029288
0 0.669646 0.538281 0.0219782 0.0363916 0.0286804
0 0.29298 0.50556 0.0573475 0.0737122 0.0283016
0 0.0694868 0.537588 0.0827489 0.104918 0.028199
0 0.87015 0.458829 0.179644 0.196451 0.0281819
0 0.657981 0.546236 0.0224718 0.0466719 0.0277746
0 0.689939 0.538137 0.037021 0.0462588 0.0276998
0 0.25964 0.502002 0.060299 0.0673264 0.0276507
0 0.384015 0.508237 0.0201466 0.0416929 0.0272186
0 0.0823976 0.554458 0.0407115 0.05691 0.0270021
0 0.0856883 0.362411 0.0358588 0.0499708 0.0269535
0 0.220227 0.217277 0.0470228 0.0448526 0.0268932
0 0.685181 0.512105 0.0390999 0.0558046 0.0266782
0 0.377882 0.506801 0.0224634 0.0644686 0.0265375
0 0.318019 0.48383 0.04113 0.0615017 0.0264693
0 0.952932 0.426805 0.094282 0.285853 0.0260016
0 0.914637 0.485881 0.0303123 0.0671472 0.025728
0 0.864037 0.490308 0.0379196 0.0603491 0.0251416
0 0.214205 0.528141 0.0665873 0.104094 0.0249814
0 0.0871769 0.425092 0.154921 0.178769 0.0249214
0 0.618234 0.50186 0.0263008 0.0404787 0.0247884
0 0.334368 0.487797 0.0629284 0.0752597 0.0245822
0 0.397274 0.455391 0.0926408 0.121211 0.0245504
0 0.360738 0.485776 0.108389 0.119037 0.024371
0 0.263565 0.195069 0.0511603 0.0797685 0.0241413
0 0.384799 0.529551 0.0209105 0.0451496 0.0239096
0 0.376977 0.482708 0.0318832 0.0461487 0.0237768
0 0.90387 0.533065 0.0383461 0.0554042 0.0236584
0 0.680375 0.575131 0.0273537 0.0462702 0.0232405
0 0.0182037 0.481864 0.0371342 0.199193 0.0231789
0 0.0109129 0.56652 0.0210764 0.0871791 0.0231195
0 0.609032 0.52019 0.015854 0.0374559 0.0230419
0 0.401343 0.504005 0.0205659 0.0473281 0.0228847
0 0.963029 0.438783 0.0745724 0.108031 0.0228507
0 0.706827 0.50979 0.064127 0.07407 0.0228225
0 0.955068 0.520045 0.0726398 0.0895669 0.0228024
0 0.252294 0.210987 0.029321 0.0439739 0.0226696
0 0.3622 0.434791 0.0506924 0.0582151 0.0226679
0 0.470909 0.45309 0.0652819 0.0975213 0.0223998
0 0.219517 0.511931 0.0410505 0.0626424 0.0223811
0 0.55775 0.443823 0.0113746 0.018571 0.0223025
0 0.498382 0.398519 0.0343818 0.0598485 0.0220723
0 0.0283504 0.601948 0.0474846 0.171627 0.0220573
0 0.0930334 0.364306 0.0548958 0.056232 0.0219286
0 0.56964 0.441569 0.0108999 0.0175211 0.0219148
0 0.307433 0.481138 0.0416657 0.0659134 0.021833
0 0.879905 0.448865 0.0938604 0.130421 0.020998
0 0.575164 0.442805 0.0130024 0.0192442 0.0209175
0 0.190216 0.51978 0.0687333 0.0736883 0.0209173
0 0.993883 0.464085 0.0120157 0.0500757 0.0209043
0 0.95524 0.345109 0.0904852 0.326296 0.0208826
0 0.00495433 0.845152 0.00969898 0.0522361 0.0207281
0 0.859874 0.49512 0.0215469 0.048542 0.0206392
0 0.0951479 0.374464 0.071641 0.0746242 0.0206176
0 0.0137079 0.368386 0.0276097 0.0629246 0.020506
0 0.370803 0.711748 0.0699895 0.0975411 0.0204361
0 0.206501 0.217023 0.0750019 0.0552821 0.0203952
0 0.902523 0.373689 0.0305317 0.0379527 0.0202459
0 0.521749 0.431218 0.0148669 0.028054 0.0201072
0 0.709885 0.480405 0.0513702 0.0584401 0.0200453
0 0.869495 0.51124 0.0439198 0.0706737 0.0198872
0 0.220687 0.171026 0.162173 0.19035 0.0198759
0 0.907269 0.471672 0.0291979 0.0878148 0.0198722
0 0.509758 0.409817 0.0232934 0.0397029 0.0198686
0 0.715183 0.396346 0.0299391 0.0476593 0.0198501
0 0.972474 0.408398 0.0513699 0.250354 0.0198115
0 0.0763762 0.366367 0.0582924 0.0652169 0.0197979
0 0.900999 0.497153 0.0264366 0.0622378 0.0197651
0 0.37543 0.443021 0.0493134 0.0531274 0.0197113
0 0.538513 0.448172 0.010484 0.0188539 0.0196456
0 0.507427 0.383873 0.0313864 0.0654391 0.0195971
0 0.97658 0.437884 0.0419626 0.0850034 0.0195722
0 0.0520373 0.388588 0.0989183 0.132719 0.0195702
0 0.660439 0.53179 0.0426639 0.0714751 0.0195241
0 0.236132 0.176844 0.0994623 0.129962 0.0195128
0 0.515227 0.38587 0.0240637 0.0500053 0.019502
0 0.497913 0.384431 0.039239 0.0785942 0.0193767
0 0.54131 0.448673 0.0107611 0.0185371 0.0193304
0 0.693687 0.495266 0.048736 0.0612673 0.0192692
0 0.98673 0.521018 0.021604 0.0596989 0.0192674
0 0.920715 0.519832 0.0599327 0.0860652 0.0192656
0 0.234971 0.507185 0.0659703 0.0742458 0.0190781
0 0.992389 0.528174 0.0137579 0.0652879 0.018903
0 0.941255 0.526889 0.0670786 0.0758529 0.0188643
0 0.294556 0.487625 0.0464057 0.075094 0.018751
0 0.865965 0.495446 0.026301 0.0536192 0.0187423
0 0.694315 0.485268 0.0683852 0.076333 0.0184279
0 0.618131 0.49112 0.0221983 0.0277056 0.0183407
0 0.927083 0.334459 0.137732 0.328675 0.0183299
0 0.891023 0.535226 0.0395969 0.0465602 0.0183025
0 0.271567 0.862644 0.0153546 0.024212 0.0182893
0 0.00747474 0.845042 0.015853 0.049605 0.0182885
0 0.585794 0.343283 0.0376619 0.0468793 0.0181471
0 0.655651 0.50587 0.0602971 0.0803355 0.0177739
0 0.382526 0.452522 0.0285617 0.0421204 0.0176725
0 0.238226 0.211879 0.0444839 0.0566084 0.0175815
0 0.169248 0.222481 0.0274913 0.0276874 0.0175747
0 0.779889 0.458963 0.165841 0.1879 0.0172656
0 0.715295 0.445737 0.0444368 0.0790001 0.0171678
0 0.0111528 0.876051 0.022034 0.0698732 0.0169819
0 0.168907 0.520301 0.105853 0.0987544 0.0169271
0 0.0723195 0.32931 0.0267883 0.0256857 0.0169223
0 0.00538786 0.902367 0.011701 0.0746126 0.0168661
0 0.994121 0.440329 0.0118418 0.0393778 0.0168293
0 0.488056 0.526896 0.0230912 0.0432263 0.0168198
0 0.0480935 0.573218 0.0395472 0.0576523 0.0168059
0 0.0704193 0.544073 0.0461891 0.0719184 0.0166848
0 0.101707 0.555593 0.0608014 0.0673118 0.0165971
0 0.202227 0.519106 0.0467573 0.0597812 0.0165774
0 0.585671 0.43901 0.0185419 0.0273847 0.0164013
0 0.437861 0.452832 0.0364381 0.0524017 0.0163438
0 0.210775 0.540897 0.0312293 0.0461857 0.0162323
0 0.555284 0.371898 0.0314982 0.051185 0.0161516
0 0.8873 0.511024 0.0414255 0.0577891 0.0161239
0 0.0456189 0.587317 0.0506506 0.0882569 0.0160997
0 0.253951 0.194516 0.0610466 0.0999275 0.016096
0 0.320903 0.401723 0.0328161 0.0600421 0.0160737
0 0.0705754 0.27594 0.0306449 0.0444368 0.0160665
0 0.703495 0.490827 0.0528537 0.0556708 0.0159615
0 0.32791 0.551525 0.0237636 0.0411363 0.0158297
0 0.20172 0.197863 0.0965468 0.0950632 0.0157311
0 0.676769 0.549727 0.0237775 0.0340898 0.0157
0 0.28798 0.538861 0.052575 0.0814372 0.0155558
0 0.375723 0.841125 0.0182598 0.0307158 0.0154986
0 0.713892 0.410098 0.0346546 0.0622201 0.0154373
0 0.315489 0.716317 0.0624781 0.0856845 0.0152995
0 0.0748532 0.601777 0.0717531 0.0977919 0.0152203
0 0.115237 0.534598 0.151114 0.175982 0.0151083
0 0.0314861 0.373788 0.0540411 0.0536181 0.0150906
0 0.456106 0.447526 0.0426391 0.0573264 0.0150266
0 0.540855 0.843336 0.0200546 0.0313453 0.0150161
0 0.347314 0.426355 0.0555051 0.0725329 0.0149704
0 0.677071 0.523575 0.0322582 0.0583272 0.0149685
0 0.540456 0.380221 0.0297439 0.054271 0.014966
0 0.415538 0.33758 0.146193 0.294476 0.0149618
0 0.031506 0.32453 0.0569621 0.0685014 0.0148989
0 0.985177 0.559174 0.0311995 0.113301 0.0148915
0 0.488653 0.377236 0.0422988 0.0727921 0.0148613
0 0.566596 0.369583 0.0284041 0.0471019 0.0148511
0 0.319819 0.528395 0.0172574 0.0381872 0.0147969
0 0.066893 0.636695 0.0991223 0.144828 0.0147629
0 0.828802 0.477839 0.0700148 0.0939952 0.0147625
0 0.306835 0.382755 0.0209478 0.0406426 0.0147249
0 0.882887 0.606983 0.0416395 0.0523257 0.0147116
0 0.546475 0.44514 0.0170241 0.0246045 0.014663
0 0.56176 0.359143 0.0258124 0.0305309 0.0146084
0 0.731016 0.509159 0.0683221 0.0793126 0.0145885
0 0.285641 0.480226 0.0392216 0.0686685 0.0145715
0 0.602015 0.427843 0.0249058 0.0353493 0.0145686
0 0.310482 0.39621 0.0218916 0.0494882 0.0145523
0 0.106092 0.294783 0.0285642 0.054078 0.0145412
0 0.61967 0.182421 0.164462 0.251332 0.0145405
0 0.0153867 1.00976 0.028443 0.0322483 0.0145133
0 0.883389 0.498938 0.0386833 0.0655574 0.0144128
0 0.647883 0.525224 0.0491368 0.063946 0.0144029
0 0.269358 0.546481 0.0574165 0.0782067 0.0143761
0 0.359864 0.556773 0.0419566 0.0775687 0.0143259
0 0.0415748 0.45876 0.0751398 0.168552 0.0143012
0 0.0700492 0.376779 0.0772445 0.082211 0.0142725
0 0.336269 0.456864 0.0517038 0.0524088 0.0142333
0 0.978766 -0.012924 0.0413561 0.0433984 0.0141581
0 0.239669 0.421053 0.0200346 0.0314744 0.014119
0 0.349348 0.461408 0.0714241 0.0902333 0.0140825
0 0.583547 0.140833 0.106871 0.140806 0.0140376
0 0.543799 0.74396 0.0519993 0.10176 0.0140323
0 0.248881 0.509593 0.0623298 0.068251 0.0140288
0 0.0161351 0.318661 0.0296237 0.0647863 0.014001
0 0.230244 0.000599702 0.0823851 0.0623924 0.0139505
0 0.922625 0.462597 0.0234224 0.0487838 0.0139435
0 0.0212311 0.369652 0.0386144 0.0441531 0.0138765
0 0.30983 0.409119 0.0256081 0.0609169 0.0138214
0 0.536493 0.760685 0.0475287 0.0869166 0.0137592
0 0.929579 0.85841 0.0291615 0.0403515 0.0137257
0 0.104344 0.392582 0.0458098 0.0594158 0.0137194
0 0.0446248 0.316366 0.0779981 0.121409 0.0137003
0 0.328611 0.457533 0.0582053 0.0995118 0.0136946
0 0.909578 0.178855 0.175757 0.302631 0.0136659
0 0.113413 0.396322 0.0339689 0.0488843 0.0136538
0 0.182696 0.223978 0.0383455 0.0296271 0.0136533
0 0.909546 0.370264 0.0348043 0.0434079 0.0136408
0 0.0725168 0.321422 0.0263766 0.0311353 0.0136293
0 0.724599 0.390842 0.0346735 0.0518095 0.0135831
0 0.891461 0.537016 0.0484743 0.0701955 0.0135695
0 0.603295 0.513694 0.0169343 0.0397198 0.013564
0 0.164083 0.529744 0.127757 0.179159 0.0135094
0 0.0854531 0.658209 0.0999385 0.106006 0.01348
0 0.668415 0.547008 0.0169512 0.0299845 0.0134335
0 0.264001 0.256495 0.0424193 0.0409542 0.013417
0 0.253826 -0.0020797 0.0766438 0.058571 0.0134137
0 0.703023 0.395775 0.0449628 0.0558275 0.0134039
0 0.1136 0.406886 0.029298 0.0389541 0.0133667
0 0.737679 0.46223 0.127911 0.166733 0.0133637
0 0.415118 0.170603 0.20346 0.28018 0.0133399
