0 0.166651 0.602704 0.0656947 0.0592183 0.888712
0 0.0719103 0.591922 0.120716 0.134563 0.877872
0 0.214455 0.596172 0.0434679 0.0503181 0.854643
0 0.438272 0.564354 0.0186212 0.0262721 0.77364
0 0.542083 0.570967 0.0386724 0.0620156 0.755267
0 0.508276 0.566155 0.0217981 0.0373413 0.751702
0 0.87515 0.587419 0.24912 0.406325 0.739513
0 0.522206 0.568495 0.0166648 0.0442015 0.720649
0 0.365098 0.56794 0.017604 0.0230855 0.610647
0 0.495124 0.561871 0.0152372 0.0271293 0.590269
0 0.406835 0.564098 0.0133464 0.0195421 0.553888
0 0.45252 0.562765 0.0133853 0.0199751 0.552855
0 0.468095 0.557851 0.0163719 0.0213996 0.551605
0 0.486333 0.560256 0.0155206 0.0245138 0.549412
0 0.679603 0.599598 0.157946 0.17401 0.531932
0 0.550345 0.579399 0.0334592 0.0666372 0.494313
0 0.422972 0.562495 0.0138289 0.0181154 0.485474
0 0.587319 0.579768 0.0551875 0.089847 0.481745
0 0.350273 0.571519 0.0183984 0.0261541 0.465855
0 0.338972 0.570984 0.0341219 0.0333103 0.424995
0 0.368133 0.568583 0.0137003 0.0199368 0.345415
0 0.426271 0.562332 0.010991 0.016556 0.333576
0 0.483584 0.557807 0.0127895 0.0222607 0.327426
0 0.480963 0.559298 0.0122705 0.0215637 0.303262
0 0.445796 0.563345 0.0146392 0.0219705 0.299512
0 0.490365 0.560464 0.015387 0.0257158 0.292648
0 0.391792 0.565035 0.0140881 0.0186873 0.284123
0 0.498469 0.565001 0.0136642 0.0281323 0.263305
0 0.574608 0.577885 0.0498085 0.0841039 0.250745
