0 0.444125 0.358002 0.0219345 0.0298519 0.701613
0 0.31887 0.375006 0.0246667 0.0272009 0.481616
0 0.424402 0.356442 0.0149366 0.0246583 0.347013
0 0.339641 0.370154 0.0159813 0.0226017 0.329245
0 0.408281 0.356133 0.0249489 0.0316696 0.302373
0 0.351492 0.364756 0.01775 0.0252223 0.289016
0 0.432989 0.357706 0.01087 0.0194166 0.274673
0 0.466763 0.355892 0.0168462 0.0223039 0.270865
0 0.330287 0.372234 0.0157933 0.0223683 0.257415
0 0.333752 0.371299 0.0156821 0.022844 0.249286
0 0.325655 0.373378 0.030229 0.0299187 0.247199
0 0.435804 0.356886 0.0170295 0.0265562 0.238503
0 0.427889 0.356873 0.0128733 0.021127 0.231964
0 0.541261 0.370095 0.0424781 0.0509959 0.221187
0 0.53481 0.367426 0.0307053 0.0443748 0.214179
0 0.346402 0.368087 0.0178097 0.0228428 0.20306
0 0.409401 0.358641 0.0199127 0.023206 0.182864
0 0.305502 0.376921 0.020861 0.0266249 0.172484
0 0.338229 0.373884 0.0139363 0.0201725 0.171979
0 0.449583 0.357746 0.0132967 0.0232439 0.171665
0 0.342867 0.368405 0.0147899 0.0199864 0.168646
0 0.463576 0.358452 0.0130794 0.0196503 0.168188
0 0.430798 0.353232 0.0138883 0.0219703 0.163657
0 0.376117 0.360567 0.0168561 0.0260657 0.162085
0 0.310387 0.37803 0.0177806 0.0233711 0.155744
0 0.354933 0.36012 0.0174081 0.0263576 0.149369
0 0.447019 0.355084 0.0134246 0.0208669 0.148037
0 0.400768 0.361059 0.0140999 0.0223333 0.138579
0 0.471241 0.356217 0.0201874 0.0268587 0.137957
0 0.378551 0.355216 0.0212417 0.029742 0.134862
0 0.373063 0.354747 0.0240414 0.0334331 0.133674
0 0.460162 0.357997 0.0139812 0.0197851 0.132468
0 0.393314 0.355942 0.0203497 0.0306046 0.131403
0 0.363328 0.369863 0.0154082 0.0210688 0.129818
0 0.44119 0.355104 0.0121615 0.0200894 0.129318
0 0.288331 0.3745 0.0283071 0.0351221 0.127745
0 0.49669 0.357106 0.0178062 0.0239715 0.120762
0 0.424282 0.357963 0.0120326 0.0182512 0.120638
0 0.131727 0.386272 0.0270741 0.0369914 0.117518
0 0.526312 0.367353 0.0161332 0.035739 0.113005
0 0.368324 0.356672 0.018036 0.0268934 0.105305
0 0.506474 0.358917 0.0206562 0.0267842 0.104743
0 0.5625 0.387932 0 0.0419622 0.103899
0 0.372404 0.361077 0.0139033 0.0217112 0.0958066
0 0.324359 0.385779 0.0171214 0.0211322 0.0918647
0 0.454591 0.358205 0.0116868 0.0189624 0.0892905
0 0.513894 0.358078 0.0187719 0.0292127 0.0865499
0 0.384834 0.358927 0.0183464 0.0252772 0.0848742
0 0.451168 0.364026 0.0126764 0.0269435 0.0829689
0 0.499423 0.362879 0.019445 0.0281979 0.0822694
0 0.512954 0.364299 0.0210194 0.0308162 0.0815911
0 0.12635 0.384378 0.0167516 0.0277234 0.0789652
0 0.171623 0.374207 0.0340951 0.0435456 0.0789489
0 0.445327 0.360542 0.0130582 0.0204776 0.0763692
0 0.352886 0.364748 0.0124042 0.0176296 0.0740208
0 0.519855 0.363396 0.0158364 0.0302033 0.073067
0 0.141137 0.387812 0.0429003 0.0465082 0.0727564
0 0.615159 0.384045 0.050406 0.0572945 0.0726902
0 0.292842 0.375354 0.0192215 0.0299438 0.0707515
0 0.508217 0.352808 0.0195993 0.0318435 0.0684936
0 0.281579 0.370191 0.0336329 0.0378078 0.0674908
0 0.126159 0.377946 0.0247189 0.039219 0.0673407
0 0.357433 0.373784 0.0173712 0.0264644 0.0649602
0 0.533204 0.369585 0.0189562 0.0348104 0.0627376
0 0.515955 0.369555 0.0254875 0.0368078 0.0617426
0 0.119079 0.382047 0.0258114 0.0338808 0.0616103
0 0.270533 0.360902 0.0411129 0.0507004 0.0612978
0 0.124297 0.38603 0.0245561 0.032435 0.0610709
0 0.334002 0.366438 0.0138452 0.0196966 0.058959
0 0.130311 0.380986 0.0197431 0.0309263 0.0581707
0 0.407357 0.359679 0.013448 0.0184829 0.0569904
0 0.181797 0.372465 0.0340839 0.050385 0.0559944
0 0.257167 0.363101 0.0299661 0.0445973 0.0555827
0 0.607561 0.38003 0.0272621 0.0431313 0.0551934
0 0.492334 0.361171 0.0146949 0.0232149 0.0549444
0 0.542168 0.367311 0.0279525 0.0505959 0.0494086
0 0.589054 0.342608 0.0589625 0.125467 0.0475435
0 0.442764 0.344149 0.0145891 0.0183647 0.0472759
0 0.424792 0.344862 0.012724 0.0204813 0.0467927
0 0.295936 0.381166 0.0233719 0.0287326 0.0465587
0 0.153527 0.380817 0.0494559 0.0502265 0.0465477
0 0.535038 0.360791 0.0198375 0.0375342 0.0464532
0 0.309301 0.376922 0.023159 0.0331234 0.0458752
0 0.457011 0.343895 0.0131771 0.0194061 0.045618
0 0.0664054 0.383995 0.0194627 0.0303382 0.0455023
0 0.187912 0.367049 0.0243699 0.0402269 0.0449471
0 0.214324 0.363163 0.0225503 0.0576446 0.0438644
0 0.242215 0.366975 0.030805 0.0479286 0.0436944
0 0.524494 0.37759 0.0163936 0.0341428 0.0430714
0 0.0672406 0.397335 0.0273106 0.0300089 0.0426718
0 0.165314 0.381433 0.0535463 0.0565631 0.0425324
0 0.659849 0.326434 0.0458475 0.136433 0.042509
0 0.121901 0.391073 0.0166787 0.0261518 0.0424063
0 0.285113 0.381471 0.0264085 0.0381324 0.042223
0 0.432844 0.343788 0.0132258 0.0182415 0.0421446
0 0.624097 0.389013 0.0780443 0.0665026 0.0419191
0 0.0800791 0.382839 0.0249874 0.0283574 0.0413237
0 0.263199 0.37596 0.0351871 0.0450993 0.0409633
0 0.439444 0.344623 0.0128565 0.018846 0.0408921
0 0.542302 0.343853 0.0416554 0.0885186 0.0404594
0 0.233929 0.371686 0.027524 0.0493808 0.0403533
0 0.374453 0.364328 0.0148961 0.0213366 0.0402297
0 0.249701 0.366356 0.0308585 0.0442273 0.0401382
0 0.217052 0.378957 0.0327243 0.0523421 0.0392031
0 0.594117 0.358831 0.0421563 0.0851507 0.0391958
0 0.231831 0.367301 0.0678152 0.095345 0.039059
0 0.0949599 0.382953 0.029656 0.032978 0.0388881
0 0.586081 0.315813 0.0430236 0.0621342 0.0388788
0 0.600354 0.345887 0.0382959 0.112859 0.038854
0 0.576159 0.37286 0.0393399 0.0578623 0.0383999
0 0.551101 0.375977 0.0207316 0.0391789 0.0377366
0 0.581812 0.355142 0.0394976 0.0834529 0.0369027
0 0.186448 0.381597 0.0335046 0.05014 0.0364965
0 0.0675169 0.39017 0.0260684 0.0303736 0.0362257
0 0.0756569 0.398193 0.0392595 0.0326589 0.0356639
0 0.624367 0.367748 0.043705 0.0599872 0.0356015
0 0.206935 0.364043 0.0342335 0.064197 0.0355022
0 0.466432 0.342463 0.0145165 0.0229391 0.0353347
0 0.669024 0.324705 0.0350735 0.154826 0.0347414
0 0.0848966 0.390082 0.0392233 0.0332851 0.0334022
0 0.4284 0.362633 0.0114934 0.0192545 0.032805
0 0.630252 0.353964 0.0358912 0.066055 0.0327588
0 0.132258 0.374527 0.0305934 0.0533083 0.0326026
0 0.00557814 0.417804 0.0112989 0.0764021 0.0325426
0 0.519782 0.382079 0.0343078 0.0535119 0.0321029
0 0.606567 0.358309 0.0308837 0.0712638 0.0316055
0 0.799717 0.258794 0.0669869 0.114243 0.0313818
0 0.585995 0.30087 0.0414944 0.0430567 0.0312075
0 0.668389 0.301098 0.024409 0.0816303 0.0309825
0 0.433932 0.361843 0.0097599 0.0188654 0.0307894
0 0.532961 0.326758 0.0161287 0.0348417 0.0307647
0 0.126066 0.392449 0.015503 0.0258603 0.0306453
0 0.0894586 0.395359 0.0526936 0.0380456 0.030425
0 0.693279 0.365487 0.0259167 0.0826966 0.0294727
0 0.559342 0.375008 0.0165569 0.0375424 0.0294644
0 0.635211 0.342567 0.0352707 0.0840132 0.0292099
0 0.880119 0.358913 0.0356943 0.062608 0.0289242
0 0.569702 0.356092 0.0404179 0.0932857 0.0286132
0 0.547121 0.354782 0.025042 0.0497641 0.0283198
0 0.6032 0.372082 0.0313994 0.0660442 0.0280555
0 0.886181 0.326832 0.0224293 0.0667739 0.0280288
0 0.408717 0.341991 0.0181895 0.0274477 0.0279103
0 0.991838 0.325578 0.016313 0.100964 0.0276956
0 0.889009 0.315856 0.0176607 0.0582467 0.0274965
0 0.992649 0.347399 0.0146326 0.0942986 0.0273058
0 0.99137 0.403442 0.0168457 0.0897269 0.0272461
0 0.678294 0.295503 0.0260277 0.0979042 0.0270981
0 0.55888 0.38517 0.0163913 0.0350983 0.0270765
0 0.646533 0.324287 0.07315 0.143744 0.026699
0 0.968508 0.410547 0.0557121 0.0658323 0.0263616
0 0.100797 0.372883 0.0321415 0.0523102 0.0261621
0 0.60967 0.39376 0.0292083 0.0484138 0.0260395
0 0.882953 0.33989 0.0273926 0.0752831 0.0258989
0 0.459455 0.602493 0.0347383 0.0500091 0.0256441
0 0.989917 0.274062 0.0205189 0.142579 0.0255612
0 0.0683287 0.407843 0.0396212 0.0411862 0.0253552
0 0.0295123 0.238386 0.0514277 0.107968 0.0252619
0 0.802189 0.303617 0.0719659 0.166745 0.0251069
0 0.956688 0.0826446 0.0706808 0.0801146 0.0250076
0 0.324898 0.360698 0.0196148 0.0260496 0.0249847
0 0.615593 0.338554 0.0552293 0.120621 0.0248022
0 0.221625 0.385961 0.0266034 0.0444781 0.0247548
0 0.91154 0.313342 0.0545979 0.0882559 0.0247034
0 0.694237 0.649795 0.137563 0.132241 0.0246041
0 0.118038 0.400169 0.0205594 0.0291439 0.0241366
0 0.968956 0.0761049 0.0618914 0.122936 0.0240178
0 0.0783275 0.371171 0.0276638 0.0482319 0.0238266
0 0.336306 0.298148 0.0376719 0.0794377 0.0237201
0 0.993802 0.378064 0.0127106 0.0973158 0.0234767
0 0.122902 0.370248 0.032256 0.0550606 0.0233367
0 0.149669 0.391343 0.0291675 0.0411767 0.0233066
0 0.699975 0.370316 0.0373613 0.076334 0.0232282
0 0.80623 0.294199 0.0613462 0.114528 0.0228671
0 0.12878 0.363091 0.023943 0.0347193 0.0227727
0 0.156205 0.362163 0.0590668 0.0855059 0.0223995
0 0.513916 0.300176 0.0325099 0.0562071 0.0221436
0 0.757385 0.305884 0.151259 0.212073 0.0219331
0 0.706661 0.314461 0.0650595 0.177163 0.0219132
0 0.879127 0.281286 0.0445881 0.148586 0.0218002
0 0.186628 0.358788 0.0396613 0.0657788 0.0217377
0 0.395149 0.338957 0.0187549 0.0299624 0.0217137
0 0.00557795 0.44988 0.0117075 0.0957702 0.021599
0 0.923524 0.268805 0.135685 0.232342 0.0215518
0 0.413275 0.362441 0.0148098 0.0212783 0.0215216
0 0.984748 0.407869 0.0302927 0.0826576 0.0215006
0 0.988143 0.34326 0.0222853 0.0830293 0.0213156
0 0.110006 0.397554 0.0293969 0.0356627 0.0211251
0 0.976734 0.329594 0.0467407 0.117046 0.0210215
0 0.604371 0.406908 0.0362976 0.0715197 0.0209017
0 0.703318 0.344314 0.0567935 0.122515 0.0208091
0 0.0771629 0.414285 0.0528384 0.0614002 0.0206871
0 0.54288 0.403582 0.0259748 0.0446743 0.0206306
0 0.0109458 0.407348 0.0219907 0.0961387 0.0205338
0 0.385185 0.363044 0.0152297 0.0216688 0.0204931
0 0.984685 0.0740387 0.0307608 0.101179 0.0204865
0 0.98921 0.227583 0.021138 0.0968031 0.0204679
0 0.0234639 0.418467 0.0447966 0.0627798 0.0204578
0 0.207304 0.388275 0.0335296 0.0485656 0.0203275
0 0.629191 0.406901 0.0632421 0.0864253 0.0202916
0 0.505702 0.307332 0.0297482 0.0513535 0.0202909
0 0.819995 0.274085 0.0372444 0.0908801 0.0202592
0 0.20667 0.251778 0.0299088 0.0497411 0.0202307
0 0.341934 0.306409 0.031993 0.0603967 0.0201512
0 0.807567 0.313812 0.0509218 0.0814445 0.0201312
0 0.984485 0.252228 0.0298592 0.111352 0.020021
0 0.968319 0.312402 0.0597723 0.148726 0.0200068
0 0.484315 0.321582 0.0227762 0.0381996 0.0199143
0 0.0660888 0.420146 0.0462455 0.0648328 0.0198883
0 0.552989 0.303894 0.0406254 0.0578932 0.0197738
0 0.43384 0.308222 0.0141056 0.0215725 0.0196927
0 0.251187 0.377452 0.0290412 0.0422195 0.019655
0 0.987516 0.31621 0.0263052 0.14202 0.0195887
0 0.175258 0.361721 0.0442346 0.06838 0.0194804
0 0.981277 0.351178 0.035973 0.0687087 0.0194265
0 0.983407 0.265622 0.0321167 0.188444 0.0194213
0 0.539341 0.230992 0.0287073 0.045824 0.0193331
0 0.00945421 0.425898 0.0188792 0.094637 0.0193324
0 0.708514 0.367733 0.0575591 0.0951031 0.0192476
0 0.784394 0.303327 0.100877 0.185781 0.0192188
0 0.72378 0.309061 0.0869817 0.192946 0.0191821
0 0.690187 0.281751 0.0322083 0.0978408 0.0190924
0 0.776142 0.249331 0.0906114 0.113593 0.0190842
0 0.0305728 0.251134 0.0245804 0.0525837 0.0189978
0 0.605272 0.327132 0.046729 0.0908876 0.0189576
0 0.068828 0.378695 0.0208559 0.0357942 0.0188862
0 0.448979 0.30322 0.0155972 0.0259053 0.0187883
0 0.0180487 0.23145 0.0314883 0.100478 0.018766
0 0.883206 0.30728 0.0282743 0.0807675 0.01866
0 0.65755 0.297936 0.0444455 0.112752 0.0184876
0 0.0399808 0.418938 0.0261276 0.0416341 0.0184549
0 0.42456 0.312387 0.0132128 0.0211394 0.018375
0 0.766084 0.46844 0.0980311 0.0583307 0.0183654
0 0.0751467 0.350427 0.0351983 0.0679391 0.018329
0 0.888854 0.365833 0.0494114 0.081876 0.0182911
0 0.220942 0.264175 0.0275705 0.0395724 0.0182651
0 0.452296 0.300749 0.0173965 0.0289604 0.0180977
0 0.989245 0.383574 0.0240177 0.112334 0.0180819
0 0.170349 0.392023 0.0466972 0.0563546 0.0180125
0 0.492007 0.377979 0.0166796 0.0291887 0.0179571
0 0.0237 0.406546 0.0456282 0.104178 0.0178258
0 0.690628 0.265169 0.0274653 0.064106 0.0177502
0 0.262627 0.397294 0.0376064 0.0551409 0.0177072
0 0.6888 0.31769 0.0459939 0.168677 0.0176642
0 0.61203 0.411939 0.0573362 0.0987245 0.0176172
0 0.18374 0.396066 0.0412509 0.0623344 0.0175912
0 0.00610579 0.394989 0.013021 0.0797785 0.0175879
0 0.526693 0.296626 0.0365772 0.0619668 0.0175832
0 0.371895 0.32513 0.023785 0.0407003 0.017548
0 0.140162 0.40499 0.0246507 0.0346001 0.0175441
0 0.754019 0.357398 0.0576547 0.0958893 0.0174446
0 0.30879 0.349807 0.0309737 0.0477713 0.0174196
0 0.7887 0.241314 0.0493784 0.081762 0.0173435
0 0.528211 0.488315 0.0859814 0.156096 0.0172701
0 0.47016 0.103418 0.0305178 0.0562797 0.0172261
0 0.890185 0.287357 0.050572 0.135534 0.0172049
0 0.638865 0.360589 0.0528178 0.0870921 0.0171586
0 0.780883 0.477525 0.108851 0.0878523 0.0171529
0 0.6852 0.272939 0.0297142 0.0789601 0.0170495
0 0.892803 0.39299 0.0559143 0.0794156 0.0170254
0 0.54493 0.298035 0.0404882 0.0620656 0.0170014
0 0.691892 0.626164 0.184444 0.20202 0.0169806
0 0.851132 0.261399 0.0436296 0.112506 0.0169602
0 0.982051 0.659427 0.0350231 0.175178 0.0167729
0 0.980707 0.274248 0.03701 0.124968 0.0167362
0 0.847963 0.28801 0.0574078 0.121265 0.0167276
0 0.980199 0.0575297 0.038652 0.0915441 0.0166791
0 0.405114 0.363438 0.0142585 0.0217939 0.0165562
0 0.357682 0.319516 0.022848 0.0421121 0.0164952
0 0.9752 0.400789 0.0448111 0.0733169 0.0164703
0 0.887921 0.337083 0.0381996 0.0955911 0.0164632
0 0.792361 0.285319 0.0492686 0.106717 0.0164409
0 0.705982 0.280865 0.0590323 0.117308 0.0163756
0 0.639005 0.364479 0.0826683 0.0994313 0.0163227
0 0.979241 0.78101 0.0406666 0.0912372 0.0163195
0 0.830674 0.293307 0.0740869 0.134071 0.0163152
0 0.98691 0.04732 0.0250177 0.0687902 0.0162893
0 0.0751678 0.315758 0.0271454 0.0349641 0.0162878
0 0.0245766 0.439711 0.0534019 0.135832 0.0162672
0 0.871649 0.0348175 0.0420134 0.0563042 0.0161096
0 0.0521216 0.403786 0.0231304 0.0353345 0.0160704
0 0.695583 0.124137 0.0235143 0.0525704 0.0160601
0 0.469671 0.365461 0.0149052 0.0237685 0.0160567
0 0.334563 0.247706 0.031053 0.0574931 0.0159454
0 0.0183255 0.43106 0.0338194 0.0838468 0.0159342
0 0.898168 0.371654 0.0723452 0.0992011 0.0159281
0 0.327593 0.304038 0.0440665 0.0839688 0.0158985
0 0.0110072 0.371705 0.0235148 0.131105 0.0158174
0 0.849831 0.330384 0.0827927 0.120422 0.0157971
0 0.98002 0.424205 0.0362877 0.103643 0.0157936
0 0.980678 0.240474 0.0335344 0.0723818 0.0157439
0 0.468908 0.288901 0.0232543 0.0379935 0.0157439
0 0.753523 0.254733 0.079318 0.111816 0.0157328
0 0.0132718 0.248975 0.0251919 0.0916433 0.0156962
0 0.983219 -0.013909 0.0376543 0.043473 0.0156912
0 0.222624 0.396387 0.0224548 0.0317886 0.0156544
0 0.956786 0.266748 0.0791004 0.218 0.0156246
0 0.989157 0.423665 0.0243229 0.108738 0.0156104
0 0.579145 0.39911 0.0373883 0.061119 0.0155987
0 0.973888 0.0973177 0.0479715 0.103965 0.0154301
0 0.923631 0.299838 0.107769 0.191373 0.0154031
