0 0.392963 0.624399 0.0260949 0.03794 0.760809
0 0.376413 0.625843 0.0139304 0.0235296 0.584643
0 0.109472 0.606552 0.0581716 0.0493979 0.553965
0 0.333779 0.623612 0.016398 0.0201757 0.485544
0 0.391856 0.614144 0.0263185 0.0505689 0.415978
0 0.353076 0.623225 0.0132514 0.0165342 0.328479
0 0.445561 0.624286 0.0203914 0.0245258 0.250279
0 0.356387 0.622163 0.0163766 0.0193643 0.223106
0 0.391793 0.604007 0.0239132 0.0315444 0.220297
0 0.393858 0.628543 0.0186171 0.0271641 0.218304
0 0.06913 0.606921 0.0404839 0.037124 0.193732
0 0.373671 0.625966 0.0131268 0.0203827 0.187319
0 0.439196 0.62351 0.0322674 0.0318881 0.186003
0 0.364813 0.622398 0.0125131 0.01941 0.159817
0 0.341202 0.62372 0.0123809 0.0166467 0.153697
0 0.0236143 0.621749 0.0472286 0.0449873 0.153405
0 0.443982 0.623037 0.015765 0.0189019 0.146637
0 0.474402 0.622617 0.0328035 0.0269758 0.143844
0 0.359942 0.626505 0.0109736 0.0172479 0.141755
0 0.453282 0.622143 0.039182 0.0315362 0.140016
0 0.481262 0.623755 0.0260774 0.0242583 0.139431
0 0.5625 0.610968 0 0.0337803 0.128695
0 0.170174 0.617071 0.0294178 0.0332614 0.126627
0 0.399181 0.626725 0.0136588 0.0224437 0.126048
0 0.0548378 0.608669 0.0573168 0.0463434 0.12078
0 0.344464 0.625346 0.0122702 0.0170722 0.120513
0 0.0141215 0.628006 0.0282429 0.0363135 0.120042
0 0.110793 0.612405 0.0709084 0.0735402 0.117646
0 0.224569 0.597952 0.0281446 0.0293573 0.113429
0 0.474908 0.622708 0.01555 0.0217032 0.111448
0 0.5625 0.590664 0 0.0682685 0.107449
0 0.312195 0.61359 0.0210351 0.0207608 0.10492
0 0.0713648 0.596991 0.0483891 0.0577344 0.104468
0 0.403898 0.615764 0.0275028 0.049166 0.102361
0 0.336028 0.622801 0.0129853 0.0161931 0.102306
0 0.5625 0.605505 0 0.0415781 0.0989957
0 0.404284 0.626101 0.0132671 0.0209169 0.0987616
0 0.0398881 0.602523 0.0786578 0.0827498 0.0979443
0 0.159629 0.611714 0.0430522 0.0445458 0.0947435
0 0.5625 0.599905 0 0.0428504 0.0935003
0 0.319794 0.616638 0.0164688 0.0204158 0.0924781
0 0.409791 0.626505 0.0254942 0.0349906 0.0924259
0 0.432875 0.626308 0.0158067 0.0208446 0.0909477
0 0.478248 0.623422 0.0165483 0.0194591 0.0900577
0 0.5625 0.600628 0 0.0435615 0.0865678
0 0.450495 0.623295 0.0163878 0.0192 0.0819003
0 0.0497796 0.649802 0.0995593 0.158063 0.0813035
0 0.182837 0.617247 0.0579031 0.0449855 0.0800335
0 0.0900432 0.610067 0.0216869 0.0294284 0.0788973
0 0.126446 0.603673 0.109835 0.0759348 0.0786387
0 0.582071 0.629985 0.0586731 0.0561352 0.0776171
0 0.409798 0.618343 0.0212757 0.0376157 0.0775822
0 0.046803 0.618469 0.0780032 0.0628109 0.0762389
0 0.492105 0.62256 0.039273 0.0273155 0.0758762
0 0.0251267 0.665117 0.0537076 0.130946 0.0744801
0 0.461815 0.624378 0.0301322 0.0271199 0.0744564
0 0.150115 0.600944 0.0662635 0.0660287 0.0735372
0 0.0248468 0.636235 0.0527694 0.0897775 0.0730769
0 0.462259 0.62662 0.018529 0.0222098 0.0728148
0 0.0891621 0.596665 0.0863994 0.074112 0.0679132
0 0.488109 0.622985 0.0239961 0.0249899 0.066883
0 0.0994603 0.617137 0.0404361 0.050237 0.0666803
0 0.52438 0.625873 0.031644 0.0276388 0.0663336
0 0.0157896 0.602972 0.0328596 0.0857057 0.0657808
0 0.40205 0.619856 0.0147869 0.0249073 0.0653224
0 0.41781 0.606661 0.0140643 0.0207205 0.064504
0 0.134435 0.607266 0.0690923 0.0595614 0.0642295
0 0.941039 0.601487 0.0255043 0.0291679 0.0630357
0 0.425933 0.622314 0.013552 0.0232861 0.062467
0 0.920503 0.585138 0.157089 0.0947041 0.0621208
0 0.285632 0.594329 0.0785474 0.0619587 0.061095
0 0.227213 0.585014 0.0393681 0.0536346 0.0609762
0 0.377572 0.61334 0.0133282 0.0193896 0.0607123
0 0.307022 0.614594 0.037203 0.027533 0.0585907
0 0.053432 0.587369 0.080069 0.081957 0.0583234
0 0.0294563 0.589726 0.0609995 0.0894551 0.0582515
0 0.98207 0.589585 0.0300331 0.088932 0.0569906
0 0.294415 0.607456 0.0645679 0.0520747 0.0567743
0 0.0120707 0.638189 0.0251456 0.0577693 0.0546856
0 0.297136 0.60741 0.0534675 0.0374146 0.0545909
0 0.598642 0.637663 0.0527004 0.0586084 0.0531192
0 0.0100145 0.562343 0.019687 0.0372861 0.0525095
0 0.502402 0.624014 0.0198748 0.0250623 0.0522997
0 0.177447 0.598309 0.0766827 0.0793967 0.052282
0 0.418382 0.602006 0.0129174 0.0183486 0.0522157
0 0.513117 0.624971 0.0276787 0.0249232 0.0514022
0 0.154556 0.620907 0.0545332 0.0594377 0.0509806
0 0.0162972 0.582461 0.03393 0.0615127 0.0505478
0 0.642417 0.636455 0.086847 0.0797301 0.0494507
0 0.544488 0.627238 0.030487 0.0280277 0.0493362
0 0.611008 0.640674 0.030032 0.0462517 0.0491932
0 0.495135 0.620592 0.0234509 0.0266883 0.0490882
0 0.49389 0.629173 0.0187835 0.0207073 0.0482805
0 0.363881 0.612442 0.01333 0.0175147 0.0479929
0 0.571507 0.627424 0.0378279 0.0330858 0.0478031
0 0.588878 0.644317 0.0627966 0.0583539 0.0477863
0 0.953468 0.595687 0.0448723 0.0437832 0.0459641
0 0.111822 0.593842 0.0671054 0.083581 0.0448889
0 0.0450577 0.581703 0.0910009 0.12705 0.044645
0 0.728579 0.663687 0.122918 0.0772236 0.044638
0 0.014978 0.667243 0.0316992 0.13579 0.0446158
0 0.14447 0.614368 0.0807455 0.0821309 0.0444629
0 0.166494 0.623326 0.0287441 0.037519 0.0441733
0 0.0816284 0.606114 0.0337645 0.033758 0.0440033
0 0.745273 0.664649 0.0846858 0.0579831 0.0431251
0 0.785785 0.638137 0.148012 0.106035 0.0428841
0 0.558682 0.629115 0.0358793 0.0301134 0.0425392
0 0.130486 0.629616 0.0946674 0.105289 0.042107
0 0.190086 0.62154 0.0698475 0.0649654 0.0419246
0 0.691224 0.646934 0.0474989 0.0414126 0.0417803
0 0.961843 0.624385 0.0758154 0.117401 0.041573
0 0.222177 0.603084 0.0244253 0.0243939 0.0412652
0 0.309016 0.962033 0.0430719 0.0620604 0.0411611
0 0.663788 0.646728 0.101074 0.062896 0.0410233
0 0.385449 0.627104 0.0122645 0.0195056 0.0409349
0 0.775267 0.654723 0.118181 0.0828327 0.0409318
0 0.607091 0.631818 0.043625 0.0623488 0.0402806
0 0.883669 0.595187 0.11063 0.0609195 0.0397809
0 0.983686 0.617898 0.0318274 0.0586385 0.0395227
0 0.994762 0.626129 0.0103653 0.0423217 0.0391866
0 0.575951 0.61972 0.0703887 0.0624575 0.038974
0 0.841232 0.602597 0.039048 0.0263762 0.0385913
0 0.928012 0.68791 0.140179 0.215848 0.0381934
0 0.0977258 0.609747 0.0256392 0.0276309 0.0381232
0 0.225132 0.587309 0.0338267 0.0366705 0.0376762
0 0.989646 0.588923 0.0190903 0.0623403 0.0374859
0 0.479765 0.614337 0.0209756 0.0250492 0.0372489
0 0.945215 0.585106 0.0938805 0.0782634 0.0369009
0 0.757318 0.67815 0.085961 0.080728 0.0361983
0 0.1887 0.59162 0.10038 0.10215 0.0350735
0 0.593662 0.624837 0.0523558 0.0556324 0.0350297
0 0.153174 0.636217 0.0582222 0.0683305 0.0348273
0 0.0977861 0.625595 0.0552304 0.07084 0.0345174
0 0.0916458 0.61659 0.0269216 0.0375157 0.0341276
0 0.0678998 0.615382 0.0345689 0.0355925 0.0341061
0 0.285885 0.624209 0.100801 0.10126 0.0339847
0 0.607233 0.649758 0.0347009 0.0512308 0.0339359
0 0.324309 0.632417 0.0219863 0.0237938 0.0334892
0 0.364589 0.900044 0.0328373 0.0895099 0.0332187
0 0.249458 0.552773 0.0230057 0.0316515 0.0328785
0 0.00652542 0.552281 0.0119717 0.0288687 0.0327649
0 0.778609 0.617153 0.135967 0.0918418 0.0326756
0 0.699594 0.66219 0.0620094 0.0607966 0.0326693
0 0.738501 0.6411 0.105856 0.0921669 0.0326592
0 0.761663 0.65711 0.0929796 0.0633771 0.0321492
0 0.21227 0.585617 0.0377601 0.0419969 0.032101
0 0.970976 0.644204 0.0555628 0.0817281 0.0316189
0 0.951699 0.646824 0.0921494 0.0859372 0.0315634
0 0.951064 0.641566 0.0978439 0.151504 0.0313298
0 0.918156 0.646386 0.168641 0.186619 0.0311273
0 0.0616137 0.678695 0.130493 0.248904 0.031045
0 0.95906 0.582629 0.0820517 0.135902 0.0303121
0 0.507646 0.621871 0.0339677 0.0294135 0.0302713
0 0.530339 0.618114 0.0663427 0.0436779 0.0302562
0 0.688359 0.636984 0.0494212 0.0435092 0.0301709
0 0.705434 0.95401 0.0441329 0.0714103 0.0299887
0 0.135068 0.639089 0.0527843 0.0808531 0.0297465
0 0.190773 0.637224 0.0810421 0.0935973 0.029652
0 0.697338 0.960276 0.0294115 0.0480574 0.0296176
0 0.831747 0.634029 0.0901574 0.0705794 0.029552
0 0.555909 0.62111 0.0550921 0.045158 0.029333
0 0.822015 0.622501 0.0568108 0.0459511 0.0293293
0 0.67023 0.627185 0.104971 0.0941345 0.0291836
0 0.870106 0.649075 0.144116 0.125726 0.0291343
0 0.356149 0.625385 0.0111404 0.0163202 0.0289886
0 0.841317 0.661155 0.113307 0.0866166 0.0287763
0 0.913078 0.590257 0.0993904 0.0627096 0.0285877
0 0.882826 0.610957 0.120713 0.0873828 0.0285712
0 0.358209 0.847731 0.0619024 0.178826 0.0285434
0 0.357743 0.61097 0.0130512 0.0166274 0.0283851
0 0.0663401 0.778511 0.13546 0.347629 0.0274034
0 0.944829 0.63037 0.0718101 0.0650806 0.0271225
0 0.159399 0.588851 0.0645689 0.0785667 0.0270792
0 0.270615 0.586828 0.0701449 0.0521962 0.0270624
0 0.129008 0.602597 0.0352436 0.0404805 0.0268204
0 0.807688 0.625008 0.0836782 0.0627142 0.0262968
0 0.120156 0.601442 0.0456958 0.0479268 0.0262244
0 0.0786205 0.884041 0.14106 0.208267 0.0260616
0 0.36151 0.923374 0.0381836 0.111034 0.0258797
0 0.0268589 0.558247 0.0493818 0.0805756 0.0258168
0 0.71565 0.951787 0.0693913 0.0900313 0.0257498
0 0.222051 0.624824 0.0366046 0.0421748 0.0256779
0 0.839681 0.567608 0.262134 0.171276 0.0255387
0 0.337321 0.625378 0.0114346 0.0150208 0.0255022
0 0.790524 0.632882 0.185439 0.155602 0.0253806
0 0.151788 0.654946 0.0880718 0.131335 0.0253505
0 0.314199 0.607183 0.0166309 0.0205636 0.0251341
0 0.396653 0.669073 0.0251721 0.0474609 0.0250693
0 0.0414703 0.562678 0.0674688 0.0911224 0.0250472
0 0.321661 0.609209 0.0122766 0.0162168 0.0247987
0 0.277216 0.56526 0.0539987 0.050123 0.0246732
0 0.865459 0.687015 0.135773 0.140792 0.0242665
0 0.522319 0.6524 0.0258783 0.0330063 0.0242273
0 0.0614155 0.570701 0.0693135 0.108938 0.0239258
0 0.359989 0.552091 0.041259 0.0693766 0.0238209
0 0.00976872 0.692735 0.0236462 0.118025 0.0235926
0 0.341002 0.777076 0.0941861 0.206435 0.0234531
0 0.371397 0.545985 0.0258441 0.0379206 0.023407
0 0.964194 0.672472 0.0704779 0.115687 0.0231422
0 0.113259 0.616501 0.0406125 0.0531424 0.0229629
0 0.858966 0.636896 0.0910299 0.0772919 0.0228882
0 0.871704 0.613561 0.0886128 0.0583889 0.0228575
0 0.373697 0.520521 0.0234751 0.0305529 0.0227882
0 0.32308 0.579374 0.0292443 0.0354424 0.0227214
0 0.348159 0.552297 0.0387463 0.0745746 0.0225955
0 0.864316 0.586755 0.076273 0.0604099 0.0224339
0 0.0526348 0.756552 0.0991832 0.246373 0.0223402
0 0.373733 0.552422 0.022769 0.0291788 0.0223358
0 0.957574 0.676416 0.0817499 0.199407 0.02232
0 0.843839 0.689242 0.0998239 0.102853 0.0222068
0 0.838685 0.621461 0.0646565 0.0428864 0.0220655
0 0.780942 0.586975 0.135089 0.0941921 0.0220246
0 0.843455 0.676774 0.0905529 0.0627571 0.0219326
0 0.511248 0.597392 0.0261653 0.0323087 0.0218495
0 0.799852 0.659281 0.1139 0.0882063 0.0217791
0 0.897838 0.584332 0.202989 0.157571 0.0217277
0 0.0832408 0.584876 0.0620025 0.0722393 0.0216296
0 0.337044 0.896319 0.07551 0.167549 0.0215697
0 0.531388 0.627779 0.0224524 0.0251434 0.0215678
0 0.35043 0.628355 0.0111095 0.0172854 0.0215214
0 0.827726 0.607169 0.0365183 0.0269824 0.0214924
0 0.340288 0.845522 0.0842235 0.214398 0.0214803
0 0.323899 0.94935 0.0584022 0.0895781 0.0213775
0 0.202647 0.63016 0.0696227 0.0738163 0.0213692
0 0.946629 0.707681 0.105202 0.125737 0.0212168
0 0.336567 0.547073 0.0405932 0.0802684 0.0211459
0 0.897858 0.578723 0.0996855 0.0815913 0.0210772
0 0.539399 0.642216 0.0347105 0.0353999 0.0210765
0 0.778047 0.701872 0.136404 0.174607 0.0210614
0 0.366714 0.794917 0.0267228 0.0671092 0.0208848
0 0.866351 0.600772 0.0687897 0.0404018 0.0208534
0 0.270414 0.554029 0.039093 0.038667 0.0207504
0 0.84105 0.57882 0.17181 0.0959923 0.0205128
0 0.0566112 0.518737 0.110566 0.220757 0.0204803
0 0.707283 0.935659 0.0666191 0.1112 0.0204472
0 0.93313 0.765385 0.128047 0.220945 0.0203104
0 0.174193 0.661276 0.0864498 0.120447 0.0202483
0 0.214581 0.618932 0.0665276 0.0807984 0.0201962
0 0.367525 0.517361 0.027422 0.0345444 0.0201737
0 0.289102 0.54042 0.0372602 0.0474579 0.0200322
0 0.0733324 0.349217 0.0617063 0.0818743 0.019986
0 0.222757 0.563689 0.123099 0.13152 0.0199777
0 0.00906566 0.701131 0.0182147 0.0793408 0.0199187
0 0.419842 0.627255 0.0128384 0.0219545 0.0198876
0 0.897904 0.723575 0.177428 0.193615 0.0198453
0 0.307071 0.622555 0.0202536 0.0211443 0.0197888
0 0.550045 0.671464 0.0343601 0.0461219 0.0197792
0 0.691904 0.965436 0.041727 0.0617545 0.0197347
0 0.968586 0.523287 0.0622499 0.120094 0.0197
0 0.354494 0.944468 0.0461193 0.100969 0.0196254
0 0.734874 0.5775 0.051154 0.0463509 0.0196213
0 0.0432461 0.366523 0.0565045 0.0813626 0.0193788
0 0.286348 0.632069 0.0551528 0.0574191 0.019316
0 0.337004 0.609919 0.00994611 0.0149366 0.0191183
0 0.693799 0.935798 0.050709 0.0999656 0.0190646
0 0.852055 0.700011 0.16983 0.205407 0.018903
0 0.846132 0.722651 0.0880695 0.0927828 0.0188314
0 0.619224 0.631584 0.067015 0.0828972 0.0188138
0 0.738087 0.610342 0.11069 0.105286 0.0187626
0 0.773973 0.690938 0.102015 0.0923545 0.0186681
0 0.98783 0.547874 0.024683 0.101205 0.0186462
0 0.737743 0.685969 0.0917958 0.0765041 0.0185744
0 0.813635 0.608012 0.0636402 0.0393305 0.0184052
0 0.611821 0.656627 0.0217666 0.0349711 0.0184022
0 0.357273 0.516078 0.0327727 0.0426927 0.0181214
0 0.343551 0.514266 0.0281572 0.0460742 0.0180471
0 0.917996 0.556807 0.163561 0.131846 0.0178453
0 0.683372 0.955567 0.0486938 0.079686 0.0178431
0 0.0153341 1.00262 0.0284453 0.0407447 0.017774
0 0.181416 0.562715 0.160743 0.160053 0.0177091
0 0.0322771 0.366428 0.0374671 0.0713812 0.0177061
0 0.605088 0.678882 0.0301692 0.0370902 0.0176126
0 0.367828 1.00303 0.0467279 0.0331524 0.0175974
0 0.180419 0.565005 0.0717484 0.0876453 0.0175186
0 0.278358 0.574397 0.125933 0.137921 0.0173302
0 0.0444969 0.812719 0.0808148 0.231716 0.0173072
0 0.252764 0.540291 0.0205131 0.0296277 0.017122
0 0.298654 0.612978 0.0292049 0.0290866 0.0171115
0 0.258844 0.619911 0.046681 0.0612695 0.0170957
0 0.210295 0.557805 0.0262434 0.0342931 0.0170803
0 0.365708 0.883696 0.0236328 0.0397658 0.0169827
0 0.795497 0.818059 0.215407 0.322912 0.0169361
0 0.979136 0.780643 0.041621 0.153798 0.016928
0 0.917448 0.639874 0.0710733 0.0588065 0.0169178
0 0.0261302 0.705904 0.052319 0.128611 0.0169054
0 0.172641 0.920589 0.0428663 0.0591941 0.0168435
0 0.952753 0.75297 0.0844261 0.152374 0.0166825
0 0.111399 0.570387 0.0661891 0.0713667 0.0166221
0 0.818983 0.676904 0.0755917 0.0596991 0.0165316
0 0.859725 0.718026 0.11528 0.142242 0.0165042
0 0.0155089 0.559751 0.0300134 0.050621 0.0164674
0 0.709754 0.620188 0.111595 0.106347 0.0164652
0 0.280477 0.537181 0.0295378 0.0390706 0.0164446
0 0.676209 0.663922 0.0803748 0.0847578 0.0164253
0 0.732332 0.629984 0.175222 0.147302 0.0164104
0 0.125901 0.619573 0.0355237 0.0474659 0.0162691
0 0.319465 0.547357 0.0356135 0.0754061 0.0162668
0 0.96895 0.697121 0.0626003 0.131928 0.0161528
0 0.845308 0.745408 0.0785175 0.0751322 0.0161261
0 0.0922999 0.695642 0.100728 0.154954 0.0160536
