0 0.40409 0.347119 0.0342048 0.0516754 0.866412
0 0.12251 0.347249 0.0941429 0.055525 0.797511
0 0.383982 0.33281 0.0147508 0.0205471 0.69578
0 0.361388 0.330425 0.0152771 0.0196761 0.613132
0 0.311163 0.333733 0.0279638 0.0328812 0.606388
0 0.346071 0.330473 0.0129081 0.0177866 0.494479
0 0.0514917 0.343597 0.0658336 0.0543324 0.402177
0 0.535936 0.305229 0.0146347 0.0205397 0.400276
0 0.464878 0.334891 0.0169037 0.0215825 0.364896
0 0.0415348 0.341227 0.0809498 0.0695623 0.254328
0 0.536815 0.313216 0.0197119 0.0325962 0.212689
0 0.534791 0.310036 0.0149448 0.0211475 0.189321
0 0.37721 0.332859 0.0120011 0.0166289 0.185572
0 0.3853 0.329686 0.0112409 0.0165022 0.185532
0 0.357614 0.331231 0.0138019 0.0151138 0.183531
0 0.381654 0.331722 0.0124307 0.0163861 0.174868
0 0.387951 0.328226 0.0130903 0.0168026 0.165903
0 0.547566 0.304469 0.0137326 0.0192042 0.164864
0 0.543792 0.305366 0.011492 0.0170028 0.164441
0 0.349662 0.330803 0.0123622 0.0161279 0.163551
0 0.545439 0.305696 0.020753 0.0263501 0.160785
0 0.306391 0.332913 0.0389912 0.0419846 0.157499
0 0.40212 0.323669 0.0221238 0.0223172 0.154516
0 0.418687 0.329244 0.0113194 0.0168096 0.153706
0 0.364972 0.331511 0.0125554 0.0169479 0.153617
0 0.310157 0.333282 0.0221537 0.0248316 0.152775
0 0.545539 0.308105 0.012781 0.0173706 0.14872
0 0.539046 0.305507 0.0118908 0.0168519 0.146467
0 0.541629 0.307048 0.0124462 0.0176185 0.145668
0 0.138104 0.344186 0.0651405 0.0478266 0.145491
0 0.416378 0.326423 0.0124641 0.0164033 0.145256
0 0.394036 0.328067 0.012762 0.0186751 0.139868
0 0.540056 0.316167 0.0278172 0.0407882 0.137194
0 0.552041 0.304651 0.0194052 0.0248723 0.13268
0 0.00668299 0.353467 0.0125381 0.0724634 0.130025
0 0.403164 0.330847 0.0121121 0.0187256 0.128635
0 0.417053 0.332807 0.0120671 0.0195666 0.124543
0 0.361416 0.329347 0.0113848 0.0142882 0.123155
0 0.271357 0.329246 0.0388526 0.0397014 0.119816
0 0.479798 0.334638 0.0430996 0.0317128 0.11916
0 0.418401 0.324948 0.0100344 0.0139081 0.114655
0 0.548967 0.305589 0.0267218 0.0352713 0.113414
0 0.536677 0.299889 0.0120327 0.0173666 0.111733
0 0.328581 0.331088 0.0218282 0.0227404 0.109297
0 0.0824596 0.349286 0.0473925 0.0519596 0.108957
0 0.413919 0.321262 0.0122499 0.0163534 0.108422
0 0.413893 0.333808 0.0136273 0.0224524 0.107406
0 0.0216533 0.350034 0.0398232 0.0753238 0.106492
0 0.405334 0.320959 0.0147238 0.0143103 0.105718
0 0.33787 0.329989 0.0125766 0.0165992 0.105482
0 0.41073 0.321554 0.0144083 0.014816 0.102933
0 0.0853271 0.352829 0.0351784 0.0411803 0.0990913
0 0.411108 0.332194 0.0123147 0.0207531 0.0989186
0 0.3912 0.328433 0.0141122 0.0208574 0.096314
0 0.152272 0.345332 0.03967 0.041698 0.0953806
0 0.392904 0.321932 0.0122722 0.016489 0.0934194
0 0.615941 0.30075 0.0432004 0.0362419 0.0919975
0 0.323151 0.331892 0.0205665 0.026961 0.0908342
0 0.130929 0.286713 0.0484607 0.0375874 0.0896865
0 0.551112 0.299966 0.0132854 0.0163066 0.0887151
0 0.488325 0.332763 0.0519277 0.0434693 0.0879311
0 0.419005 0.337585 0.0116306 0.0228291 0.0868694
0 0.428305 0.332789 0.0143991 0.0174405 0.0856349
0 0.547932 0.314059 0.0166162 0.0203076 0.0845018
0 0.295541 0.33575 0.0612626 0.0582439 0.0819387
0 0.539118 0.32288 0.0178748 0.0225083 0.0798347
0 0.121411 0.286739 0.0333791 0.0291825 0.0779519
0 0.0805528 0.353457 0.0225446 0.0296045 0.0774326
0 0.539606 0.299678 0.0112092 0.0143116 0.0764549
0 0.529899 0.319408 0.0160242 0.0204235 0.0755209
0 0.5466 0.312866 0.0416881 0.048632 0.0754242
0 0.575493 0.303557 0.0706457 0.0494555 0.0744581
0 0.598834 0.296522 0.0778029 0.066932 0.0710995
0 0.420381 0.331733 0.0157605 0.0217529 0.0708512
0 0.460623 0.333045 0.0186478 0.025028 0.0706087
0 0.230546 0.31799 0.0723181 0.0608809 0.0687483
0 0.903766 0.227165 0.0956394 0.0711979 0.0680932
0 0.530279 0.310196 0.0124636 0.0196916 0.0660538
0 0.0540445 0.328702 0.0749238 0.098939 0.0656145
0 0.919645 0.237684 0.146554 0.0954604 0.0655169
0 0.467002 0.337152 0.0114657 0.0159965 0.0631253
0 0.0858561 0.357903 0.0255684 0.0283233 0.0630203
0 0.276341 0.334261 0.0506585 0.0521544 0.0625257
0 0.076978 0.351019 0.0172537 0.0268155 0.0620506
0 0.0829805 0.343846 0.0879084 0.0821955 0.0618835
0 0.449129 0.330131 0.024564 0.0253627 0.0612019
0 0.454569 0.328457 0.0275236 0.0269178 0.0607199
0 0.572577 0.314025 0.0821817 0.0620882 0.0605712
0 0.126462 0.295221 0.0678166 0.0580266 0.0604566
0 0.217406 0.31669 0.0386884 0.0463309 0.0597393
0 0.345696 0.321818 0.0129759 0.0176358 0.0589231
0 0.469514 0.329459 0.0191144 0.0224863 0.0582842
0 0.526663 0.309501 0.0225326 0.0274536 0.0577335
0 0.210174 0.319814 0.0619544 0.059492 0.0573586
0 0.363543 0.322604 0.0118362 0.0139735 0.0561401
0 0.936303 0.229398 0.102153 0.0872404 0.0559804
0 0.923839 0.221874 0.0718708 0.0666396 0.0559778
0 0.353749 0.326896 0.0129779 0.0192783 0.055702
0 0.297946 0.331621 0.0192377 0.0258614 0.0549639
0 0.690315 0.27431 0.0360957 0.0473413 0.0549245
0 0.071175 0.352856 0.0295557 0.0349751 0.0549085
0 0.011631 0.323038 0.0230074 0.10648 0.0543142
0 0.921983 0.278493 0.158325 0.190903 0.0537754
0 0.495367 0.326769 0.0409696 0.0464452 0.0536306
0 0.570082 0.29907 0.0366624 0.036731 0.0533968
0 0.869869 0.235961 0.186152 0.0927768 0.0529269
0 0.544206 0.311263 0.0135129 0.0175935 0.0527097
0 0.684032 0.281255 0.0574271 0.0612979 0.052237
0 0.460021 0.345183 0.0173259 0.0242088 0.0515259
0 0.25156 0.321489 0.0539927 0.0552876 0.0510943
0 0.16162 0.35042 0.0206851 0.025247 0.0508555
0 0.369608 0.334605 0.0119783 0.018393 0.0502539
0 0.489524 0.332736 0.0161406 0.0190269 0.0496305
0 0.500929 0.344326 0.0323476 0.0282137 0.0494123
0 0.505698 0.32118 0.042168 0.0471714 0.0490676
0 0.119136 0.306224 0.0794922 0.0748688 0.0483262
0 0.290563 0.332836 0.0216454 0.0246401 0.0482277
0 0.0936851 0.320224 0.0977984 0.0933012 0.0481987
0 0.264402 0.327852 0.0287085 0.0333 0.0461235
0 0.0154756 0.365817 0.0317058 0.0867561 0.0456288
0 0.357298 0.32175 0.0127505 0.0155125 0.045595
0 0.325538 0.340037 0.022951 0.0296399 0.0452464
0 0.542397 0.319386 0.0142782 0.020705 0.0447186
0 0.396029 0.335917 0.0125168 0.0187953 0.0446073
0 0.534523 0.324482 0.013668 0.0183821 0.0438465
0 0.034919 0.316299 0.0697926 0.109577 0.0432978
0 0.157019 0.346015 0.0254283 0.033429 0.0426765
0 0.69061 0.285852 0.0338394 0.0426552 0.0425984
0 0.034292 0.877706 0.065945 0.126934 0.0425773
0 0.395252 0.271585 0.0399526 0.045072 0.0424414
0 0.54341 0.313127 0.0237702 0.0264059 0.0419552
0 0.90919 0.215472 0.0669992 0.0517147 0.041565
0 0.926549 0.192327 0.143861 0.1635 0.0414832
0 0.263995 0.335618 0.0227502 0.0275068 0.041007
0 0.473959 0.306452 0.0361987 0.0513558 0.0408243
0 0.875985 0.274559 0.224413 0.179437 0.0407463
0 0.576301 0.288255 0.101004 0.083115 0.0405217
0 0.868384 0.18066 0.22371 0.193088 0.0403583
0 0.50021 0.337891 0.0241049 0.023618 0.0402527
0 0.985388 0.169777 0.0284075 0.0705842 0.039621
0 0.497698 0.327546 0.0165308 0.0180387 0.0396137
0 0.122667 0.363996 0.108632 0.0950274 0.0390364
0 0.942239 0.187294 0.113783 0.112801 0.038391
0 0.107946 0.340342 0.0979792 0.0811815 0.0383684
0 0.774419 0.243556 0.0417405 0.0497547 0.0377865
0 0.976385 0.202371 0.0455557 0.112303 0.0373111
0 0.640465 0.292292 0.0614353 0.0487763 0.0370611
0 0.403194 0.272597 0.038663 0.0532952 0.036966
0 0.656673 0.285671 0.0827826 0.0614677 0.0367412
0 0.951374 0.247436 0.0941664 0.115911 0.0366184
0 0.288291 0.164871 0.0240741 0.0300556 0.0358674
0 0.816237 0.243495 0.101798 0.0751868 0.0346592
0 0.140781 0.286469 0.0300355 0.0378835 0.0346146
0 0.436043 0.316977 0.0131858 0.0179507 0.0345388
0 0.509084 0.338643 0.0188509 0.0198044 0.0345215
0 0.239064 0.2847 0.126689 0.133654 0.0344268
0 0.378831 0.2769 0.0225998 0.0280827 0.0342985
0 0.628239 0.295829 0.0575601 0.0497763 0.0342315
0 0.980372 0.25137 0.0404152 0.12305 0.034147
0 0.0388593 0.373164 0.0698077 0.126214 0.0339458
0 0.753139 0.226174 0.088765 0.111358 0.0338796
0 0.198076 0.31948 0.0759646 0.0707751 0.0338526
0 0.0145839 0.37381 0.0281781 0.141505 0.0336845
0 0.923971 0.194931 0.08657 0.0860352 0.0334321
0 0.815976 0.172267 0.209039 0.213491 0.0332055
0 0.041663 0.357325 0.0694319 0.0682203 0.0331477
0 0.804754 0.241258 0.073691 0.0548985 0.0327755
0 0.976115 0.16843 0.0451157 0.0929436 0.0327067
0 0.689615 0.660697 0.0248035 0.0318695 0.0325636
0 0.574199 0.284343 0.0601265 0.0666672 0.0323155
0 0.550226 0.320323 0.0263143 0.033757 0.0321718
0 0.571572 0.286217 0.0315368 0.0368834 0.0320286
0 0.80106 0.252728 0.0956175 0.0800678 0.0319956
0 0.146228 0.321709 0.0628043 0.072363 0.0318606
0 0.545123 0.291581 0.0150303 0.0285446 0.0318477
0 0.963444 0.275286 0.0669209 0.165634 0.031775
0 0.964608 0.190099 0.0679987 0.118892 0.0316842
0 0.712797 0.287731 0.0984838 0.101234 0.0315264
0 0.702624 0.27708 0.0643714 0.0572472 0.0309486
0 0.273773 0.326089 0.0217895 0.0288946 0.0305232
0 0.392994 0.337933 0.0159061 0.0333501 0.0303441
0 0.966018 0.159444 0.0663107 0.124374 0.030333
0 0.36129 0.238746 0.0193029 0.025138 0.0301838
0 0.775534 0.262323 0.0417159 0.0421004 0.0301385
0 0.964054 0.221792 0.0697683 0.106251 0.0301362
0 0.929531 0.33176 0.146577 0.278243 0.0301123
0 0.831418 0.177854 0.286586 0.261401 0.0299765
0 0.886082 0.241086 0.117296 0.0922688 0.0299174
0 0.752141 0.247847 0.0817185 0.0714682 0.0297953
0 0.433095 0.318983 0.0140149 0.0184286 0.0295645
0 0.601079 0.307468 0.0660346 0.0529505 0.0294562
0 0.614235 0.289794 0.0554629 0.051804 0.0294058
0 0.619349 0.308503 0.033153 0.0360698 0.029202
0 0.192031 0.328823 0.0610325 0.0534442 0.0290153
0 0.714421 0.288554 0.0827718 0.0670667 0.0289568
0 0.769673 0.266916 0.0321245 0.0296703 0.0289461
0 0.280096 0.340286 0.0746177 0.081918 0.0283602
0 0.0859346 0.313983 0.118121 0.129066 0.0282929
0 0.844436 0.242829 0.0423567 0.039717 0.0282386
0 0.928973 0.256626 0.110067 0.125775 0.028223
0 0.983928 0.221826 0.03307 0.112304 0.0281926
0 0.00828729 0.379372 0.0167618 0.0994035 0.0274525
0 0.0964837 0.357273 0.0307639 0.0324356 0.0272658
0 0.858088 0.233671 0.0943583 0.0720285 0.0271996
0 0.345048 0.261973 0.036416 0.0527827 0.0271379
0 0.28657 0.353325 0.025657 0.0356044 0.0271208
0 0.744336 0.267093 0.0745852 0.0560442 0.0263891
0 0.734134 0.251087 0.114886 0.0932885 0.0261945
0 0.542261 0.341625 0.0222464 0.0318304 0.0259933
0 0.824424 0.224438 0.0888269 0.0840677 0.0259481
0 0.32367 0.253079 0.0545995 0.0906375 0.0257468
0 0.506502 0.348896 0.0188608 0.0230355 0.0255775
0 0.359846 0.272486 0.0183696 0.0211056 0.0254965
0 0.0531938 0.369174 0.0647482 0.0937385 0.0254963
0 0.134611 0.356915 0.0696339 0.0647124 0.0254333
0 0.0087807 0.305173 0.0177257 0.0840738 0.0253919
0 0.59631 0.278069 0.0843757 0.0887761 0.0253587
0 0.759497 0.26828 0.0373094 0.0339848 0.0253276
0 0.256055 0.329275 0.0371178 0.0438021 0.0253041
0 0.116347 0.28182 0.0258513 0.0311306 0.025296
0 0.825598 0.241051 0.0574835 0.0413531 0.0251753
0 0.801326 0.276806 0.100147 0.0934322 0.0248599
0 0.803044 0.218184 0.170214 0.143229 0.0247847
0 0.893344 0.255791 0.123067 0.138526 0.0247737
0 0.16393 0.341794 0.027683 0.0335511 0.0245298
0 0.158232 0.359387 0.0261206 0.0333272 0.0244903
0 0.774495 0.228216 0.0629909 0.0902531 0.0243977
0 0.289213 0.182476 0.0203801 0.036703 0.0243702
0 0.947052 0.153812 0.100626 0.166726 0.0243371
0 0.789394 0.258532 0.0623072 0.0520831 0.0243244
0 0.294609 0.211135 0.0269432 0.045378 0.0243217
0 0.539277 0.262185 0.0176289 0.0328518 0.0242969
0 0.737196 0.288289 0.0882674 0.0659826 0.0242744
0 0.160041 0.304818 0.0941002 0.0792048 0.0240186
0 0.514936 0.238048 0.0274146 0.0530839 0.0237812
0 0.695412 0.268 0.0474813 0.0633662 0.0236925
0 0.829176 0.279523 0.138398 0.137233 0.0236844
0 0.493246 0.196375 0.0281839 0.0447611 0.023537
0 0.982372 0.156091 0.0344973 0.103659 0.0234769
0 0.790221 0.224792 0.0908627 0.100696 0.0232987
0 0.328225 0.0604956 0.0225826 0.0409706 0.0232674
0 0.959862 0.835907 0.0738829 0.209018 0.023194
0 0.522682 0.277194 0.0265979 0.0385411 0.0231315
0 0.211874 0.309661 0.0507065 0.052354 0.0229995
0 0.0249699 0.38723 0.0516846 0.140277 0.0229602
0 0.636516 0.277012 0.135178 0.093946 0.0226936
0 0.48919 0.149913 0.0170523 0.0274668 0.0225215
0 0.334261 0.316534 0.0219943 0.0258776 0.0224274
0 0.69775 0.293018 0.0468227 0.0674451 0.0220219
0 0.957743 0.317233 0.0793331 0.239857 0.0219126
0 0.605704 0.327046 0.0353589 0.0438495 0.0217386
0 0.35339 0.332407 0.011099 0.0170209 0.0216688
0 0.343868 0.21726 0.0382427 0.0589288 0.0215759
0 0.0575191 0.853164 0.105534 0.170407 0.0215482
0 0.595117 0.316752 0.0345962 0.0377668 0.0215227
0 0.981279 0.290907 0.0391531 0.136478 0.0213044
0 0.384107 0.234078 0.0319457 0.0428084 0.0212679
0 0.357608 0.234443 0.0173824 0.0272213 0.0211576
0 0.74708 0.175793 0.111544 0.213701 0.0211204
0 0.410141 0.346577 0.018694 0.0361293 0.0210171
0 0.907097 0.200193 0.077289 0.0813877 0.0209345
0 0.542455 0.257237 0.0237184 0.0420971 0.0208385
0 0.84179 0.254855 0.0437794 0.0435062 0.0206912
0 0.945249 0.291176 0.106345 0.146869 0.0204178
0 0.626711 0.336733 0.0365089 0.0435889 0.020254
0 0.355665 0.170934 0.0192956 0.0304072 0.0201284
0 0.757066 0.28535 0.0467338 0.0483229 0.019969
0 0.789557 0.296014 0.0863995 0.101168 0.0199449
0 0.987065 0.270374 0.0270969 0.112906 0.0199261
0 0.706611 0.740877 0.041785 0.0701063 0.0199174
0 0.236511 0.304084 0.0772491 0.0959215 0.0198846
0 0.953234 0.186681 0.0870811 0.1568 0.0198504
0 0.100056 0.296268 0.0851094 0.0737765 0.0195236
0 0.308183 0.248162 0.056518 0.0842415 0.0194538
0 0.661125 0.268192 0.0825741 0.0815396 0.0192869
0 0.39696 0.233346 0.029989 0.0374948 0.0192849
0 0.333243 0.215584 0.0347406 0.0603701 0.019274
0 0.22196 0.536155 0.1202 0.179452 0.0188708
0 0.495518 0.25747 0.050027 0.0674149 0.0188338
0 0.508881 0.160038 0.0348866 0.0509226 0.0187636
0 0.548945 0.250488 0.0350083 0.0624117 0.0187526
0 0.166314 0.348444 0.0278787 0.0278103 0.0186826
0 0.835758 0.27371 0.0673954 0.0739243 0.0186576
0 0.977563 0.369857 0.0455112 0.232802 0.0186344
0 0.306311 0.311068 0.0271552 0.0388976 0.0186247
0 0.729428 0.309565 0.0957266 0.102636 0.0185311
0 0.9807 -0.0134944 0.0394072 0.0438528 0.0184131
0 0.732245 0.22156 0.0790192 0.128537 0.0183557
0 0.613728 0.288465 0.0388872 0.0406052 0.018326
0 0.492552 0.343077 0.0219562 0.0262182 0.018228
0 0.506039 0.362369 0.0198361 0.0262024 0.0182052
0 0.725821 0.747907 0.0583491 0.100663 0.0180773
0 0.519742 0.339352 0.0170579 0.0217091 0.018019
0 0.143812 0.278513 0.0347092 0.0474764 0.0179745
0 0.761848 0.299629 0.0580062 0.0821237 0.017883
0 0.939776 0.821416 0.123851 0.29768 0.0178259
0 0.734345 0.220442 0.113947 0.148789 0.0176489
0 0.0805137 0.879919 0.126855 0.151276 0.0176341
0 0.0476977 0.817135 0.0827203 0.155391 0.0176298
0 0.0913526 0.701884 0.0437341 0.0668958 0.017611
