0 0.214681 0.566231 0.205551 0.225953 0.923361
0 0.515322 0.508637 0.0446997 0.0569875 0.919252
0 0.389647 0.503522 0.0421759 0.0615864 0.894557
0 0.486216 0.494003 0.022189 0.0327789 0.834303
0 0.451703 0.494029 0.0265184 0.0425235 0.828509
0 0.434313 0.496478 0.0126596 0.0205961 0.519745
0 0.470317 0.495878 0.0122712 0.019789 0.511042
0 0.417006 0.496359 0.0129762 0.0186891 0.463127
0 0.190829 0.465555 0.0826931 0.0525297 0.335454
0 0.431783 0.498066 0.0103416 0.0164534 0.3292
0 0.43017 0.495731 0.0114657 0.0182961 0.274988
0 0.413895 0.496417 0.010951 0.0176669 0.239245
0 0.408144 0.495689 0.0105136 0.0212527 0.234369
0 0.422331 0.497991 0.0112459 0.0173219 0.21678
0 0.435953 0.494216 0.0106157 0.0167564 0.215533
0 0.411383 0.496796 0.0101644 0.0176503 0.200271
0 0.461324 0.495159 0.0115186 0.0200838 0.194537
0 0.472573 0.493819 0.0104517 0.0199327 0.190663
0 0.485118 0.493524 0.0162647 0.0244869 0.177835
0 0.475419 0.493751 0.0134915 0.0227612 0.15837
0 0.423772 0.492189 0.0103925 0.0196046 0.156068
0 0.480677 0.492549 0.0138355 0.0227051 0.154958
0 0.45241 0.492493 0.0111139 0.016507 0.150893
0 0.192584 0.453083 0.0784133 0.0270509 0.150646
0 0.495695 0.491894 0.0123941 0.0218516 0.148574
0 0.492152 0.494053 0.0115005 0.0236285 0.13284
0 0.439665 0.498262 0.0106158 0.0194322 0.117425
0 0.478809 0.488046 0.0139593 0.0236331 0.115024
0 0.128773 0.511149 0.023623 0.0308399 0.113318
0 0.0708342 0.458099 0.0533461 0.0290749 0.107091
0 0.412992 0.498728 0.014291 0.024075 0.105321
0 0.424492 0.480257 0.0187657 0.0315213 0.103218
0 0.465586 0.496827 0.00962257 0.0184271 0.103148
0 0.5625 0.228448 0 0.116856 0.0966443
0 0.0748282 0.420021 0.042739 0.0800129 0.0943563
0 0.0290651 0.45448 0.0499616 0.0443884 0.0942514
0 0.55745 0.159645 0.0101008 0.31929 0.0919584
0 0.131433 0.505082 0.0278819 0.0324787 0.0854378
0 0.173581 0.48273 0.109894 0.0867794 0.0829324
0 0.0511114 0.478671 0.0991266 0.0725442 0.0808936
0 0.200587 0.458253 0.0951875 0.0712759 0.0787263
0 0.548426 0.311816 0.0281487 0.0600224 0.0756532
0 0.0493528 0.456173 0.0949906 0.0431662 0.0744448
0 0.498643 0.495831 0.0158285 0.0259326 0.0728019
0 0.0702107 0.427609 0.0576228 0.100572 0.0692562
0 0.201117 0.447244 0.0772241 0.0331556 0.0689986
0 0.510349 0.499941 0.0325815 0.0419097 0.0685615
0 0.5625 0.287135 0 0.130117 0.0684527
0 0.397583 0.482889 0.0152701 0.0239641 0.0683368
0 0.5625 0.220647 0 0.0648934 0.067395
0 0.00928168 0.455518 0.020337 0.034038 0.0673925
0 0.203984 0.436669 0.0785852 0.0550521 0.0640589
0 0.653777 0.249128 0.191296 0.160309 0.0634481
0 0.0265425 0.442625 0.0520667 0.0574515 0.0602334
0 0.580626 0.253195 0.0280357 0.0649999 0.0599966
0 0.202214 0.4572 0.0888426 0.0392342 0.0589639
0 0.12707 0.505838 0.0220355 0.0223139 0.0571118
0 0.322484 0.483877 0.0440432 0.0306611 0.0560514
0 0.201842 0.474742 0.115002 0.0770257 0.0556675
0 0.0303508 0.483562 0.0606579 0.0766322 0.0554743
0 0.639592 0.219755 0.108899 0.0818271 0.0550941
0 0.615149 0.237835 0.111768 0.106688 0.0548907
0 0.0842141 0.460709 0.0628722 0.0433699 0.0545718
0 0.635939 0.197421 0.148963 0.189772 0.0544733
0 0.0444526 0.442278 0.0863949 0.0791122 0.0544369
0 0.153672 0.494471 0.0747314 0.0620296 0.0541317
0 0.27216 0.326531 0.0295984 0.0534334 0.0536406
0 0.372123 0.493696 0.0106698 0.0249647 0.0532174
0 0.0807736 0.489236 0.119474 0.0715307 0.0502714
0 0.469299 0.478458 0.0110547 0.0165923 0.049022
0 0.332246 0.484243 0.0301713 0.0276309 0.0489865
0 0.476532 0.477455 0.0113344 0.0172741 0.0475918
0 0.283803 0.492788 0.0490427 0.0507717 0.0474516
0 0.665945 0.328495 0.175823 0.198494 0.047281
0 0.142513 0.24737 0.267405 0.398438 0.0468437
0 0.689607 0.493266 0.0441746 0.0248867 0.0468374
0 0.577694 0.261194 0.0206262 0.0452699 0.0465345
0 0.16797 0.504209 0.114995 0.108603 0.0458375
0 0.661457 0.227966 0.0565484 0.0458878 0.0458373
0 0.445849 0.497267 0.0164478 0.0275682 0.0450899
0 0.536813 0.504963 0.0144333 0.0244586 0.0442614
0 0.128079 0.535703 0.0345561 0.0822038 0.0441653
0 0.0176027 0.480486 0.0348759 0.0721877 0.0438844
0 0.101515 0.506493 0.0726281 0.0426054 0.0433858
0 0.421157 0.476532 0.0104659 0.0150254 0.0432292
0 0.0919395 0.429957 0.0762157 0.11183 0.0429776
0 0.409511 0.470926 0.0144129 0.0217337 0.0418877
0 0.543765 0.267919 0.0264708 0.0418635 0.0417968
0 0.0882099 0.480405 0.0665456 0.0657055 0.0407252
0 0.591582 0.248429 0.0490458 0.0766832 0.0405418
0 0.63342 0.209864 0.0812052 0.0539124 0.0399308
0 0.263015 0.319781 0.0450639 0.0660834 0.0397756
0 0.609138 0.0477832 0.0951306 0.111789 0.0397414
0 0.0312811 0.427319 0.0597006 0.092722 0.0395194
0 0.556697 0.267031 0.0498798 0.0919089 0.0390859
0 0.118098 0.516314 0.0388923 0.0394301 0.0387958
0 0.34661 0.481196 0.0345396 0.0348162 0.038653
0 0.458054 0.475965 0.0124533 0.0153093 0.0379714
0 0.374431 0.501596 0.0121423 0.0226409 0.0378117
0 0.180181 0.44545 0.120347 0.0834249 0.0375235
0 0.428583 0.163482 0.0561689 0.055221 0.0373758
0 0.346845 0.426679 0.0276698 0.035688 0.0372784
0 0.721453 0.282925 0.0600203 0.0794886 0.0371535
0 0.472706 0.475948 0.0128164 0.0161417 0.0370817
0 0.307662 0.331304 0.0322472 0.0382398 0.0369461
0 0.15956 0.465406 0.141293 0.120787 0.0366352
0 0.419223 0.474592 0.0109825 0.0145323 0.0363473
0 0.287885 0.506014 0.0482749 0.0716298 0.0362959
0 0.576981 0.271834 0.0223371 0.0498549 0.0362204
0 0.267786 0.483155 0.0577883 0.0619916 0.0361731
0 0.370381 0.494618 0.011515 0.0188868 0.0360949
0 0.378934 0.139576 0.246729 0.229297 0.0360356
0 0.238089 0.487834 0.12303 0.073267 0.035656
0 0.388254 0.0904471 0.333535 0.277828 0.0355916
0 0.49697 0.50345 0.0133001 0.0294159 0.0353886
0 0.668413 0.228798 0.155164 0.0975186 0.0351285
0 0.50799 0.487774 0.0198151 0.0207111 0.0350771
0 0.349882 0.438909 0.0319223 0.0390973 0.0346875
0 0.119896 0.435393 0.134734 0.116209 0.0346347
0 0.370521 0.498121 0.0199921 0.0264267 0.0343894
0 0.683914 0.270427 0.119002 0.100011 0.0343681
0 0.248121 0.315428 0.0672281 0.0772754 0.0343605
0 0.380998 0.497669 0.0204931 0.0308628 0.0342983
0 0.625205 0.0465904 0.0670915 0.0941144 0.0341236
0 0.146539 0.470827 0.10871 0.0932011 0.0336576
0 0.0690025 0.502939 0.126141 0.0842698 0.0335345
0 0.638574 0.0460758 0.0474085 0.0833074 0.0330496
0 0.425398 0.476356 0.00988073 0.0142466 0.0327152
0 0.556541 0.294225 0.0419819 0.0684445 0.0327029
0 0.408665 0.497927 0.0137566 0.0324513 0.0326829
0 0.686324 0.498081 0.052971 0.0315708 0.0326321
0 0.761424 0.166942 0.363769 0.340963 0.0325878
0 0.293952 0.496638 0.0275774 0.0282268 0.031923
0 0.6145 0.223292 0.137961 0.261733 0.031247
0 0.568215 0.464255 0.0544957 0.0742601 0.0312264
0 0.27301 0.272903 0.128999 0.235929 0.0307708
0 0.33937 0.422493 0.027452 0.0340459 0.0307263
0 0.742142 0.488695 0.0213064 0.0293594 0.0304246
0 0.375598 0.470031 0.0188832 0.027277 0.0301887
0 0.52904 0.508667 0.0136271 0.0261348 0.0298625
0 0.603578 0.246841 0.07671 0.0818066 0.0297158
0 0.526931 0.497628 0.0255443 0.0357254 0.0296901
0 0.388791 0.490126 0.0297134 0.0392238 0.0294783
0 0.285653 0.491319 0.0351154 0.0394962 0.0294388
0 0.377543 0.436587 0.0348572 0.0452421 0.0294091
0 0.625323 0.105734 0.154483 0.225216 0.0290678
0 0.305582 0.331134 0.0395907 0.0523371 0.029051
0 0.35046 0.475415 0.0322874 0.0353322 0.0289431
0 0.309415 0.50297 0.0254868 0.0341804 0.0289168
0 0.744439 0.495371 0.0152024 0.0233253 0.0287365
0 0.221655 0.434356 0.059173 0.0461066 0.0286747
0 0.3402 0.501532 0.0253313 0.0287521 0.0284893
0 0.561959 0.477855 0.0465811 0.0423585 0.0282076
0 0.580538 0.269523 0.0530995 0.0963197 0.0281726
0 0.657134 0.202371 0.0943697 0.071679 0.028132
0 0.64376 0.190915 0.0696925 0.0503473 0.0280637
0 0.354517 0.482071 0.0256436 0.0241604 0.0277899
0 0.345014 0.375726 0.0215015 0.0295164 0.0276463
0 0.254436 0.462694 0.0307916 0.0317202 0.0275602
0 0.0553002 0.391396 0.112654 0.174094 0.0273057
0 0.407483 0.432408 0.0139997 0.0187884 0.0272683
0 0.20971 0.257723 0.177828 0.271376 0.0272034
0 0.371736 0.428364 0.0312916 0.0373379 0.0271544
0 0.462047 0.446732 0.0113209 0.0170517 0.0271366
0 0.467717 0.44401 0.00974913 0.0166634 0.0270296
0 0.371486 0.503891 0.0120274 0.0226935 0.0269309
0 0.549674 0.263833 0.0385643 0.0490331 0.0269207
0 0.135827 0.53752 0.0497602 0.100251 0.0268408
0 0.230264 0.445367 0.0471605 0.0341192 0.0266664
0 0.815307 0.274755 0.31511 0.382028 0.0265768
0 0.297309 0.270119 0.0218708 0.0322665 0.0263284
0 0.421295 0.442175 0.0128899 0.0171601 0.0262725
0 0.153713 0.54723 0.0830102 0.132025 0.0262115
0 0.478197 0.433004 0.0158284 0.0253214 0.025889
0 0.368546 0.37583 0.0289158 0.0373017 0.0257093
0 0.27627 0.482602 0.0384858 0.0471809 0.0255467
0 0.646323 0.24821 0.201955 0.331557 0.0253824
0 0.342407 0.464893 0.0264143 0.0321336 0.0252972
0 0.571968 0.474424 0.0434361 0.0458456 0.0252886
0 0.719493 0.486077 0.0620703 0.0456357 0.0251954
0 0.0371258 0.498551 0.0703183 0.0814102 0.0250498
0 0.621956 0.279463 0.111079 0.0952835 0.0246825
0 0.376205 0.51018 0.0136498 0.0251361 0.0246256
0 0.285577 0.336325 0.0300758 0.0521002 0.0244689
0 0.279392 0.489957 0.0670082 0.0690149 0.0244523
0 0.717268 0.473906 0.0689071 0.0664947 0.0244382
0 0.488705 0.476577 0.013251 0.0167286 0.0242472
0 0.309044 0.482239 0.0545797 0.0417957 0.0242263
0 0.396019 0.410496 0.025394 0.030544 0.0238935
0 0.589145 0.30139 0.0296148 0.093926 0.0238747
0 0.247962 0.45562 0.0709049 0.0596309 0.0237512
0 0.515808 0.360389 0.0490536 0.0856863 0.0236186
0 0.586896 0.0443715 0.0707814 0.0945921 0.0236101
0 0.732752 0.489827 0.037188 0.0367662 0.0235939
0 0.598319 0.183386 0.126838 0.182588 0.0235002
0 0.302708 0.51367 0.0236966 0.0399573 0.023474
0 0.333729 0.491444 0.0200661 0.0221452 0.023472
0 0.274306 0.344225 0.0232257 0.0435183 0.0232816
0 0.563073 0.444306 0.0420284 0.047938 0.0232789
0 0.323002 0.49281 0.0370047 0.0310351 0.0231814
0 0.318489 0.492431 0.0241131 0.021548 0.0231243
0 0.606238 0.279437 0.0582053 0.0765319 0.0231171
0 0.45133 0.443333 0.0130595 0.0183499 0.0230061
0 0.460787 0.53989 0.0191482 0.0372729 0.0229831
0 0.110472 0.462229 0.0838059 0.0748321 0.0229101
0 0.736846 0.482239 0.0296863 0.0403006 0.0229045
0 0.414474 0.555247 0.0237068 0.0431315 0.0228673
0 0.679517 0.213265 0.0576948 0.0622736 0.0227211
0 0.600593 0.0725543 0.130985 0.149171 0.0226994
0 0.280627 0.347046 0.0184719 0.0352405 0.0225753
0 0.331126 0.47194 0.0839834 0.0960327 0.0224791
0 0.251717 0.447484 0.0281339 0.0291233 0.0224569
0 0.587503 0.448768 0.0189142 0.0320992 0.0223471
0 0.0218615 0.508334 0.0435052 0.0698814 0.0223326
0 0.354168 0.505771 0.0165491 0.023182 0.0223261
0 0.557823 0.0453272 0.0257771 0.0501724 0.0222184
0 0.564093 0.0464127 0.0308462 0.0573495 0.0221956
0 0.359627 0.504279 0.0190317 0.0264932 0.022188
0 0.172071 0.607589 0.10608 0.13184 0.0220761
0 0.436036 0.441778 0.0143125 0.0179225 0.0220416
0 0.844495 0.465761 0.0774828 0.056611 0.0219734
0 0.357942 0.375378 0.0326857 0.0397499 0.0218819
0 0.5512 0.516263 0.0252696 0.0339894 0.0218557
0 0.39083 0.119816 0.0342799 0.0489034 0.0218287
0 0.127883 0.451624 0.0964739 0.106673 0.0217915
0 0.685104 0.130455 0.174473 0.268031 0.021743
0 0.78164 0.474587 0.0739193 0.0549482 0.0216784
0 0.367435 0.123141 0.060358 0.0559541 0.0215674
0 0.371999 0.0648537 0.223166 0.191317 0.02134
0 0.669914 0.179915 0.156585 0.170163 0.0213276
0 0.557028 0.334913 0.0488317 0.111748 0.0211565
0 0.301078 0.547897 0.0262008 0.0533429 0.021108
0 0.321404 0.363877 0.0389101 0.0519814 0.0210529
0 0.303022 0.504589 0.0207831 0.0289831 0.0210043
0 0.623511 0.316097 0.089493 0.130292 0.0209562
0 0.435158 0.127156 0.0231965 0.0254376 0.0209404
0 0.574374 0.164105 0.194447 0.288638 0.0209006
0 0.555399 0.412835 0.0362883 0.0766527 0.0208596
0 0.567131 0.300613 0.0478127 0.092068 0.0207843
0 0.582066 0.462931 0.0237838 0.0363782 0.0207484
0 0.0174079 1.00951 0.0311627 0.0339976 0.0206756
0 0.690602 0.48635 0.0366771 0.02768 0.0204787
0 0.59409 0.214775 0.0623166 0.0776945 0.0203887
0 0.665681 0.405976 0.186017 0.222845 0.020308
0 0.554917 0.505552 0.0311934 0.0348358 0.0202895
0 0.574615 0.309728 0.0405466 0.0919102 0.0202648
0 0.345298 0.491622 0.0190362 0.0206474 0.0202014
0 0.375486 0.40733 0.0263213 0.0312904 0.0201447
0 0.472078 0.0704297 0.165533 0.178939 0.0199226
0 0.550261 0.334191 0.0381856 0.0651349 0.0198616
0 0.0627873 0.409086 0.0536194 0.0691091 0.0198092
0 0.558442 0.361854 0.0533845 0.139705 0.0198046
0 0.00365637 0.533155 0.0122168 0.0462067 0.0197665
0 0.278701 0.619097 0.0574888 0.0800745 0.019685
0 0.70234 0.28246 0.0966641 0.0851393 0.0196765
0 0.286243 0.531016 0.0618677 0.127226 0.0196689
0 0.706687 0.225514 0.160061 0.100196 0.0196589
0 0.665618 0.0451929 0.0514976 0.0840326 0.0196402
0 0.555752 0.463248 0.0404312 0.0578264 0.0196208
0 0.594896 0.274537 0.0449547 0.0775566 0.0195628
0 0.688245 0.479925 0.0441934 0.0381997 0.019481
0 0.336698 0.159755 0.220999 0.222383 0.0194789
0 0.192891 0.497103 0.104529 0.0866141 0.0193899
0 0.287018 0.463358 0.04252 0.0423925 0.0193795
0 0.473489 0.502697 0.0108118 0.0193256 0.0193576
0 0.525765 0.0578902 0.0469357 0.0673539 0.0193153
0 0.611974 0.0333181 0.0693855 0.0690676 0.0193124
0 0.386071 0.146025 0.0372196 0.054352 0.0191542
0 0.0972469 0.309174 0.181083 0.314148 0.0191288
0 0.319867 0.479686 0.0244884 0.0254077 0.0191159
0 0.375333 0.155984 0.0551616 0.0599615 0.0190978
0 0.368953 0.149071 0.0719963 0.0802733 0.0190968
0 0.176 0.417295 0.111516 0.0646594 0.0190756
0 0.220398 0.504471 0.0849168 0.0766539 0.018991
0 0.0671946 0.529235 0.14021 0.179702 0.0188339
0 0.0296133 0.394912 0.054282 0.0931375 0.0187392
0 0.295682 0.48522 0.0538752 0.0434321 0.0187296
0 0.461715 0.505003 0.0130355 0.0209618 0.0187179
0 0.444498 0.116309 0.0374573 0.0500098 0.0187159
0 0.04916 0.521894 0.0981612 0.151403 0.0186464
0 0.370307 0.398376 0.0258655 0.0307989 0.0186363
0 0.246763 0.337774 0.0705031 0.0832865 0.0185828
0 0.271152 0.560754 0.0856782 0.175374 0.018453
0 0.449626 0.504873 0.0128878 0.0210904 0.018348
0 0.743606 0.28189 0.0761754 0.0821236 0.0183303
0 0.144005 0.503638 0.0425237 0.0476966 0.0182492
0 0.575423 0.505854 0.0299834 0.0331384 0.0181801
0 0.499266 0.415664 0.0213098 0.0379144 0.0180257
0 0.557641 0.0598747 0.0213758 0.0420817 0.0179969
0 0.485741 0.36236 0.0343023 0.0469882 0.0179813
0 0.52188 0.093101 0.0550787 0.0731621 0.0179557
0 0.297102 0.504057 0.0292108 0.0382941 0.0178613
0 0.282313 0.114182 0.0241851 0.039632 0.0178124
0 0.227527 0.427821 0.0331532 0.0446255 0.0178121
0 0.493468 0.421203 0.0177554 0.0308597 0.0177417
0 0.538825 0.523908 0.0168658 0.0286469 0.0176317
0 0.346336 0.403535 0.0194842 0.0274684 0.0175562
0 0.5919 0.0241236 0.0556446 0.0494932 0.0174013
0 0.0599696 0.892344 0.101235 0.154973 0.0173233
0 0.495765 0.37183 0.0270602 0.0399548 0.0172699
