0 0.42586 0.485187 0.0675329 0.0896922 0.868433
0 0.159337 0.618236 0.318602 0.357308 0.836232
0 0.455792 0.461335 0.0316626 0.0525135 0.635423
0 0.482759 0.441568 0.0185325 0.0294673 0.586059
0 0.47491 0.451155 0.0175684 0.0347382 0.519572
0 0.514498 0.43314 0.0198227 0.02775 0.497635
0 0.46797 0.450611 0.0256954 0.0452684 0.465114
0 0.49583 0.436838 0.0149573 0.0228995 0.457029
0 0.457303 0.440882 0.0356596 0.0657184 0.421236
0 0.520113 0.428443 0.0141129 0.0221954 0.41705
0 0.507146 0.433408 0.015592 0.0242589 0.38948
0 0.47907 0.446041 0.0171212 0.0304033 0.30287
0 0.51662 0.438129 0.01686 0.0282873 0.285635
0 0.48958 0.438626 0.0155048 0.024783 0.264622
