0 0.54941 0.427465 0.0261796 0.0735357 0.932652
0 0.26791 0.457449 0.158602 0.191195 0.926648
0 0.503867 0.446826 0.0762606 0.102954 0.879478
0 0.458091 0.422635 0.045667 0.0731722 0.868876
0 0.5625 0.411841 0 0.0479891 0.73587
0 0.0202456 0.573796 0.0404912 0.41372 0.578667
0 0.0735534 0.42243 0.0267431 0.0353995 0.510564
0 0.5625 0.419842 0 0.0390004 0.488131
0 0.5625 0.41628 0 0.0449769 0.45177
0 0.5625 0.41751 0 0.0577053 0.447778
0 0.5625 0.412523 0 0.0377664 0.439366
0 0.339361 0.440184 0.0345523 0.0739933 0.407978
0 0.5625 0.41373 0 0.0475034 0.376703
0 0.0990427 0.401384 0.0236397 0.0283953 0.345264
0 0.34948 0.402095 0.0385365 0.0410395 0.343783
0 0.114229 0.406701 0.0270753 0.0261721 0.340813
0 0.0623978 0.421403 0.046938 0.0384824 0.322076
0 0.332967 0.390258 0.0698472 0.0674499 0.317072
0 0.5625 0.418583 0 0.0270964 0.311007
0 0.124244 0.402681 0.0426382 0.0308087 0.306305
0 0.105172 0.400658 0.0324822 0.0320121 0.287397
0 0.170494 0.403341 0.0307157 0.0286697 0.286444
0 0.5625 0.418347 0 0.0612773 0.257184
0 0.0175254 0.416458 0.0350508 0.0879822 0.25704
0 0.128612 0.397858 0.0373545 0.0271162 0.249737
0 0.5625 0.415235 0 0.0474152 0.245534
0 0.0131241 0.402171 0.0262479 0.0561031 0.243234
0 0.331182 0.427843 0.0523914 0.100969 0.218243
0 0.0990025 0.407135 0.0188564 0.0223659 0.215938
0 0.5625 0.413292 0 0.0313986 0.212985
0 0.5625 0.414014 0 0.0382677 0.207665
0 0.071694 0.41717 0.0204751 0.0271077 0.203261
0 0.0958941 0.402519 0.0190018 0.0225079 0.196479
0 0.5625 0.410045 0 0.0279653 0.186647
0 0.112532 0.411713 0.0202863 0.0222076 0.17482
0 0.5625 0.418081 0 0.0327305 0.167219
0 0.0428046 0.419239 0.0257134 0.0326207 0.164326
0 0.5625 0.410084 0 0.0359561 0.163999
0 0.177076 0.404281 0.0201702 0.0258777 0.163948
0 0.5625 0.407507 0 0.0300964 0.163219
0 0.131535 0.395511 0.0261772 0.0224933 0.160384
0 0.130466 0.40261 0.024136 0.0214339 0.159114
0 0.5625 0.414444 0 0.0365216 0.157719
0 0.103336 0.403708 0.0225025 0.02306 0.155617
0 0.5625 0.422059 0 0.0346987 0.155017
0 0.5625 0.415384 0 0.036423 0.153832
0 0.0761024 0.418862 0.0202169 0.025963 0.149504
0 0.0753979 0.403396 0.0214363 0.0195585 0.146922
0 0.5625 0.41749 0 0.0365945 0.146921
0 0.105319 0.411617 0.0178873 0.023411 0.146574
0 0.136855 0.397692 0.0219862 0.0210086 0.142979
0 0.178903 0.403147 0.0369437 0.0326568 0.141303
0 0.790866 0.41565 0.0210714 0.0349752 0.141263
0 0.487944 0.397355 0.0285358 0.0288238 0.137347
0 0.62396 0.41981 0.0315312 0.0304103 0.136205
0 0.639522 0.4231 0.0272172 0.0284825 0.134941
0 0.537502 0.422219 0.0206174 0.0421987 0.134827
0 0.59706 0.421376 0.0200966 0.0313767 0.134588
0 0.801068 0.401653 0.0211446 0.0359903 0.134041
0 0.0861237 0.405732 0.0178047 0.0213135 0.129839
0 0.13771 0.402097 0.0249802 0.0228369 0.128159
0 0.613552 0.295286 0.0391968 0.0285328 0.127545
0 0.150086 0.40119 0.0181887 0.0225131 0.12725
0 0.146187 0.395016 0.0183722 0.0239213 0.127009
0 0.817401 0.416241 0.0331526 0.0466067 0.12335
0 0.118214 0.402751 0.0221829 0.0203159 0.123253
0 0.533386 0.416986 0.0216544 0.0379354 0.121939
0 0.736069 0.417776 0.0333917 0.0480328 0.121176
0 0.740889 0.411915 0.0197929 0.0325076 0.120797
0 0.0113926 0.400885 0.0211984 0.0413356 0.120467
0 0.605228 0.418013 0.0175079 0.0227923 0.118474
0 0.829794 0.420906 0.0568136 0.0617665 0.117032
0 0.615373 0.30293 0.0329155 0.0264331 0.116864
0 0.0728045 0.406101 0.0199879 0.0174165 0.116394
0 0.14923 0.393444 0.0262378 0.0310813 0.115667
0 0.759677 0.4151 0.0284568 0.0382666 0.111189
0 0.11028 0.401938 0.0210207 0.0218031 0.109665
0 0.048826 0.417557 0.0177377 0.0264244 0.108729
0 0.72267 0.408079 0.0203094 0.0328507 0.108593
0 0.812121 0.413839 0.0247469 0.0385881 0.108029
0 0.651516 0.286537 0.035422 0.028857 0.107482
0 0.692219 0.416121 0.0338021 0.0490551 0.107477
0 0.744347 0.407523 0.0177032 0.0249439 0.106082
0 0.788682 0.385801 0.0456132 0.0715806 0.103939
0 0.485115 0.392332 0.0212684 0.0218772 0.102633
0 0.0211203 0.394039 0.0434671 0.0584941 0.10226
0 0.642878 0.288186 0.0497059 0.0333908 0.100551
0 0.00915305 0.39597 0.0157468 0.0302027 0.0957997
0 0.753326 0.414822 0.0213855 0.0349476 0.0950965
0 0.8043 0.41479 0.0156353 0.0254013 0.0924199
0 0.0321325 0.407699 0.0226037 0.0303711 0.0911881
0 0.566571 0.302132 0.0495498 0.0312784 0.0899384
0 0.501319 0.398056 0.0542091 0.0359058 0.0885244
0 0.181788 0.393 0.0451098 0.0521694 0.088106
0 0.356606 0.406687 0.0243017 0.0307389 0.0876106
0 0.762139 0.413218 0.0171429 0.0285995 0.0871077
0 0.0732187 0.430471 0.0203583 0.0335114 0.0855001
0 0.73579 0.40777 0.0180102 0.0251127 0.085486
0 0.0664621 0.41045 0.0192863 0.0215224 0.0852677
0 0.168496 0.404905 0.0185527 0.0214114 0.0843389
0 0.537716 0.416879 0.0174559 0.0292438 0.0833877
0 0.291645 0.390407 0.102089 0.0795687 0.0797648
0 0.768125 0.413137 0.0174433 0.0321835 0.0796146
0 0.0271993 0.379378 0.0542027 0.100296 0.0792161
0 0.0229819 0.437079 0.0450811 0.096268 0.0791434
0 0.156292 0.409923 0.0205616 0.0261988 0.0787082
0 0.0166532 0.381976 0.0373268 0.0789502 0.078166
0 0.576977 0.299807 0.0498228 0.0316814 0.077966
0 0.614054 0.417463 0.0195333 0.0235162 0.0777504
0 0.0207315 0.631914 0.0382292 0.2523 0.0772958
0 0.553423 0.303739 0.0504577 0.0338654 0.0768951
0 0.173926 0.407258 0.0175264 0.0236953 0.0767725
0 0.197366 0.401729 0.017822 0.034647 0.0756613
0 0.621615 0.420007 0.0235229 0.0244382 0.0753329
0 0.584344 0.430774 0.0338168 0.0564142 0.0735199
0 0.4619 0.203329 0.0156086 0.0354451 0.0725303
0 0.600942 0.297049 0.0535298 0.0311707 0.0710091
0 0.775668 0.415497 0.0207767 0.0294328 0.0708049
0 0.0863476 0.428739 0.0215243 0.0376233 0.0690219
0 0.787638 0.402629 0.0424725 0.0593193 0.0685491
0 0.557175 0.426239 0.0407123 0.0591059 0.0679575
0 0.808158 0.386848 0.0130976 0.0199242 0.0676469
0 0.645466 0.423017 0.0164038 0.0241719 0.0674345
0 0.80566 0.425499 0.0189559 0.0312208 0.067012
0 0.589185 0.300769 0.0545282 0.0310185 0.0663212
0 0.164214 0.39809 0.0387195 0.0360548 0.0661113
0 0.1257 0.410827 0.0255264 0.0215104 0.0657679
0 0.193292 0.40723 0.0150244 0.0269531 0.0655476
0 0.48795 0.403437 0.0226271 0.0281342 0.0647543
0 0.663631 0.307799 0.0501616 0.0454782 0.0641484
0 0.44007 0.423231 0.0131157 0.0356208 0.0639303
0 0.198195 0.401473 0.0383729 0.0558881 0.0630877
0 0.76417 0.420907 0.021146 0.0361938 0.0625515
0 0.615748 0.427865 0.0551787 0.0516332 0.0616599
0 0.666781 0.420327 0.0282653 0.0299399 0.059574
0 0.0478731 0.423068 0.0507488 0.059327 0.0593379
0 0.388914 0.400623 0.0440108 0.0545846 0.0584011
0 0.595468 0.418177 0.0293671 0.0397623 0.0582397
0 0.537735 0.436847 0.0155957 0.0412832 0.0580142
0 0.273677 0.357944 0.0226233 0.018637 0.0576988
0 0.318544 0.447671 0.0598248 0.152015 0.0576776
0 0.123465 0.387614 0.0205944 0.0152825 0.0575608
0 0.438541 0.411424 0.0234268 0.0506404 0.0573317
0 0.381357 0.400063 0.0369181 0.0454277 0.0571038
0 0.695423 0.408829 0.0514376 0.0684007 0.0562793
0 0.139971 0.388387 0.0197428 0.0168388 0.0561276
0 0.813873 0.424726 0.0260395 0.042183 0.0556447
0 0.0231394 0.725634 0.0451902 0.280512 0.0555839
0 0.114576 0.387131 0.0191152 0.0154628 0.0555361
0 0.443407 0.419833 0.0181924 0.0484519 0.0549592
0 0.0144226 0.458641 0.0284465 0.109886 0.0548653
0 0.319837 0.409244 0.0712313 0.104396 0.0547753
0 0.192253 0.399171 0.0249227 0.0400153 0.0542001
0 0.139529 0.411191 0.0230812 0.022002 0.0529319
0 0.538553 0.425174 0.015441 0.0271141 0.0518019
0 0.433427 0.41456 0.0187762 0.0375124 0.0511581
0 0.851727 0.432943 0.0321171 0.0506195 0.0496082
0 0.14453 0.388755 0.0177647 0.0177572 0.0492105
0 0.354716 0.400225 0.0216075 0.0271026 0.0484701
0 0.350016 0.403087 0.0228271 0.0278603 0.0484216
0 0.193879 0.414616 0.014367 0.0307418 0.04831
0 0.633793 0.404639 0.0666198 0.0734796 0.048139
0 0.64933 0.419586 0.0171931 0.0232282 0.0480401
0 0.491258 0.39802 0.0266214 0.021204 0.0477926
0 0.361786 0.41148 0.0184256 0.0277729 0.0465029
0 0.521533 0.708147 0.00129213 0.00252092 0.0460429
0 0.303224 0.382874 0.0673847 0.0589408 0.0457373
0 0.6324 0.283786 0.0787914 0.0496968 0.0453075
0 0.564736 0.291941 0.0621873 0.0548858 0.0452936
0 0.707351 0.111327 0.0417391 0.0669155 0.0447923
0 0.411682 0.356745 0.0185359 0.0270888 0.0446706
0 0.343425 0.431681 0.0169401 0.0436983 0.044575
0 0.0252829 0.480394 0.040783 0.380097 0.0445361
0 0.682849 0.25206 0.0187403 0.020769 0.043892
0 0.597442 0.428831 0.0189415 0.0296967 0.0438615
0 0.679098 0.258597 0.0273576 0.029115 0.0432466
0 0.442148 0.43508 0.0125637 0.0302264 0.0430869
0 0.347907 0.421305 0.0197781 0.0377129 0.0427492
0 0.361609 0.406063 0.0338273 0.0405814 0.0427002
0 0.674439 0.415192 0.0170575 0.0245644 0.042623
0 0.658515 0.28059 0.036339 0.0317614 0.042424
0 0.665259 0.419864 0.0173401 0.0265255 0.0423355
0 0.541284 0.431092 0.0135774 0.0337997 0.0421049
0 0.103861 0.390131 0.0174073 0.0151031 0.0418534
0 0.187355 0.30265 0.0219452 0.095692 0.0416393
0 0.462198 0.431485 0.0180616 0.0417137 0.0412109
0 0.542279 0.421638 0.0164325 0.0263748 0.0411757
0 0.683738 0.410552 0.017977 0.0299075 0.0411078
0 0.443348 0.406704 0.0256943 0.04802 0.0408302
0 0.378932 0.21222 0.0623244 0.0614751 0.0405107
0 0.238 0.411643 0.088602 0.101933 0.0401518
0 0.593316 0.287896 0.0861836 0.0583719 0.0400808
0 0.609784 0.289132 0.0488293 0.0398495 0.0395369
0 0.185835 0.288288 0.0187458 0.0630987 0.0393435
0 0.704596 0.416934 0.0186489 0.0339853 0.0389488
0 0.434953 0.204938 0.0505399 0.0636005 0.0388909
0 0.569496 0.415935 0.0165966 0.022626 0.0388888
0 0.0972908 0.389738 0.0150825 0.0147497 0.0384629
0 0.628401 0.269784 0.0857488 0.0704928 0.0383847
0 0.661377 0.281026 0.055493 0.0384268 0.0379847
0 0.376636 0.408899 0.0254417 0.0317151 0.0379545
0 0.165036 0.407084 0.0171958 0.0217334 0.0378808
0 0.890962 0.530277 0.0530083 0.090368 0.0378079
0 0.531419 0.409109 0.018666 0.0230135 0.0377292
0 0.186158 0.270776 0.0172756 0.0370774 0.0375511
0 0.584415 0.305965 0.108292 0.102272 0.0372865
0 0.847194 0.441074 0.0432728 0.0615923 0.0371571
0 0.258694 0.396762 0.150831 0.0798275 0.0371081
0 0.31851 0.39476 0.0232104 0.0242422 0.0366678
0 0.161154 0.380389 0.0183367 0.0265698 0.0364347
0 0.00648052 0.375104 0.0139413 0.0410517 0.0361331
0 0.429627 0.409181 0.0267078 0.0449946 0.0361205
0 0.973794 0.52444 0.0524284 0.224802 0.036018
0 0.677063 0.264619 0.0327054 0.0405877 0.0360006
0 0.435713 0.424149 0.0138598 0.024161 0.0344961
0 0.771647 0.430875 0.024535 0.0387294 0.0344757
0 0.753797 0.2535 0.0487328 0.0432017 0.0343217
0 0.216451 0.391385 0.0362002 0.0485914 0.0342749
0 0.525908 0.412192 0.0209802 0.0262115 0.0340813
0 0.267808 0.361417 0.0679313 0.0582983 0.0334792
0 0.310698 0.38303 0.114006 0.0898668 0.0332986
0 0.861045 0.439114 0.030113 0.0477553 0.0332832
0 0.613408 0.296134 0.0284593 0.0207848 0.0326561
0 0.23405 0.342754 0.0220879 0.0311226 0.0325632
0 0.63966 0.270781 0.0587303 0.0503837 0.0325616
0 0.3974 0.405849 0.0498933 0.0613011 0.0325486
0 0.285828 0.380037 0.0591721 0.0470701 0.0324179
0 0.592405 0.435516 0.018644 0.0380141 0.0322484
0 0.77025 0.25525 0.0452291 0.0390714 0.0322402
0 0.392263 0.367931 0.0511434 0.0512875 0.0321319
0 0.202778 0.378945 0.0208114 0.0317217 0.0319585
0 0.198376 0.433347 0.0175398 0.0510139 0.0318323
0 0.963644 0.613588 0.0735434 0.143354 0.031652
0 0.236035 0.397392 0.0796408 0.0648373 0.0314792
0 0.595319 0.273348 0.119963 0.0874921 0.0305265
0 0.275825 0.352527 0.0201275 0.0214052 0.0303634
0 0.445505 0.412935 0.0185653 0.0332227 0.030324
0 0.0500965 0.375483 0.0578942 0.053912 0.0302448
0 0.471049 0.434795 0.0144512 0.0321388 0.0300645
0 0.530084 0.30361 0.0546495 0.0428007 0.0298791
0 0.302156 0.417011 0.0801416 0.100862 0.0297728
0 0.791592 0.358315 0.0157224 0.018783 0.0297379
0 0.816204 0.400845 0.0236689 0.0367884 0.0293093
0 0.960893 0.65186 0.0758388 0.15897 0.0292381
0 0.59329 0.410466 0.0171004 0.0216828 0.0290786
0 0.308742 0.48271 0.0676324 0.110184 0.0290646
0 0.760253 0.252862 0.0342791 0.032784 0.0290042
0 0.426854 0.402956 0.0189474 0.035335 0.0289969
0 0.243982 0.345097 0.0419039 0.0409969 0.0289951
0 0.795513 0.384963 0.0196891 0.0196032 0.0289139
0 0.229647 0.37783 0.0350098 0.0508889 0.0287598
0 0.2176 0.411709 0.0527857 0.0788184 0.028727
0 0.0785867 0.38801 0.013194 0.0152618 0.0286393
0 0.455543 0.439778 0.0220777 0.0378069 0.028622
0 0.527201 0.433712 0.0307535 0.0685386 0.0286058
0 0.627807 0.28808 0.0442168 0.0340298 0.0285681
0 0.883598 0.513702 0.044039 0.0906782 0.0285084
0 0.655115 0.30726 0.0272276 0.0275938 0.028432
0 0.961814 0.507835 0.0773638 0.237587 0.0284201
0 0.119172 0.306333 0.0312779 0.0415419 0.0283113
0 0.252486 0.352177 0.0392019 0.0272212 0.028218
0 0.585756 0.431323 0.0246877 0.0419796 0.0282165
0 0.252465 0.49761 0.126002 0.105992 0.0281568
0 0.329643 0.466057 0.0425331 0.0916629 0.0279979
0 0.592405 0.417539 0.0177651 0.0289001 0.0278405
0 0.471859 0.405434 0.0237848 0.0311079 0.0278382
0 0.403332 0.201843 0.11635 0.106696 0.0274628
0 0.605918 0.411234 0.0151316 0.0201124 0.0273487
0 0.269778 0.34545 0.0213107 0.0263609 0.0272305
0 0.838664 0.471979 0.0806851 0.138488 0.0271134
0 0.193095 0.458363 0.0146783 0.0479028 0.0265298
0 0.178545 0.363076 0.0253945 0.070274 0.0265215
0 0.131426 0.303897 0.0377431 0.0480103 0.0264453
0 0.170251 0.307003 0.0477025 0.105374 0.0264288
0 0.438626 0.0260752 0.0356656 0.0518391 0.0264112
0 0.184521 0.354327 0.0285039 0.0917058 0.0263055
0 0.370552 0.38095 0.0274274 0.0358416 0.0261922
0 0.989858 0.437748 0.0202717 0.086671 0.0261895
0 0.960796 0.609142 0.0677385 0.0852238 0.0261323
0 0.864177 0.453502 0.0273647 0.0459004 0.0260973
0 0.41577 0.419563 0.0293042 0.0369486 0.0260522
0 0.731679 0.265321 0.0270944 0.0291049 0.0258117
0 0.365367 0.347909 0.0562017 0.0882738 0.0257322
0 0.359712 0.417874 0.0362247 0.0581878 0.0257084
0 0.682239 0.239511 0.0207964 0.028675 0.0256235
0 0.748696 0.310451 0.0451495 0.0405288 0.0255869
0 0.904351 0.529789 0.0790007 0.129617 0.0252856
0 0.850759 0.407401 0.0877289 0.120926 0.0247117
0 0.0767618 0.431023 0.0203082 0.025932 0.0245525
0 0.400455 0.400731 0.0192496 0.027646 0.0244695
0 0.363461 0.386039 0.0257284 0.0290131 0.024457
0 0.408455 0.402272 0.0360498 0.0456268 0.0243752
0 0.701414 0.866081 0.0286757 0.0446359 0.0242872
0 0.817664 0.321095 0.0560992 0.129414 0.0241751
0 0.277487 0.362205 0.0257408 0.0331751 0.0239063
0 0.516746 0.30378 0.0408186 0.0403941 0.023882
0 0.882575 0.494075 0.062134 0.128214 0.0238801
0 0.0137805 0.25652 0.0270369 0.0773675 0.0238431
0 0.0427438 0.444166 0.0701165 0.0863864 0.0238285
0 0.983938 0.591347 0.0323805 0.118439 0.0238041
0 0.54941 0.427465 0.0261796 0.0735357 0.932652
0 0.26791 0.457449 0.158602 0.191195 0.926648
0 0.503867 0.446826 0.0762606 0.102954 0.879478
0 0.458091 0.422635 0.045667 0.0731722 0.868876
0 0.5625 0.411841 0 0.0479891 0.73587
0 0.0202456 0.573796 0.0404912 0.41372 0.578667
0 0.0735534 0.42243 0.0267431 0.0353995 0.510564
0 0.5625 0.419842 0 0.0390004 0.488131
0 0.5625 0.41628 0 0.0449769 0.45177
0 0.5625 0.41751 0 0.0577053 0.447778
0 0.5625 0.412523 0 0.0377664 0.439366
0 0.339361 0.440184 0.0345523 0.0739933 0.407978
0 0.5625 0.41373 0 0.0475034 0.376703
0 0.0990427 0.401384 0.0236397 0.0283953 0.345264
0 0.34948 0.402095 0.0385365 0.0410395 0.343783
0 0.114229 0.406701 0.0270753 0.0261721 0.340813
0 0.0623978 0.421403 0.046938 0.0384824 0.322076
0 0.332967 0.390258 0.0698472 0.0674499 0.317072
0 0.5625 0.418583 0 0.0270964 0.311007
0 0.124244 0.402681 0.0426382 0.0308087 0.306305
0 0.105172 0.400658 0.0324822 0.0320121 0.287397
0 0.170494 0.403341 0.0307157 0.0286697 0.286444
0 0.5625 0.418347 0 0.0612773 0.257184
0 0.0175254 0.416458 0.0350508 0.0879822 0.25704
0 0.128612 0.397858 0.0373545 0.0271162 0.249737
0 0.5625 0.415235 0 0.0474152 0.245534
0 0.0131241 0.402171 0.0262479 0.0561031 0.243234
0 0.331182 0.427843 0.0523914 0.100969 0.218243
0 0.0990025 0.407135 0.0188564 0.0223659 0.215938
0 0.5625 0.413292 0 0.0313986 0.212985
0 0.5625 0.414014 0 0.0382677 0.207665
0 0.071694 0.41717 0.0204751 0.0271077 0.203261
0 0.0958941 0.402519 0.0190018 0.0225079 0.196479
0 0.5625 0.410045 0 0.0279653 0.186647
0 0.112532 0.411713 0.0202863 0.0222076 0.17482
0 0.5625 0.418081 0 0.0327305 0.167219
0 0.0428046 0.419239 0.0257134 0.0326207 0.164326
0 0.5625 0.410084 0 0.0359561 0.163999
0 0.177076 0.404281 0.0201702 0.0258777 0.163948
0 0.5625 0.407507 0 0.0300964 0.163219
0 0.131535 0.395511 0.0261772 0.0224933 0.160384
0 0.130466 0.40261 0.024136 0.0214339 0.159114
0 0.5625 0.414444 0 0.0365216 0.157719
0 0.103336 0.403708 0.0225025 0.02306 0.155617
0 0.5625 0.422059 0 0.0346987 0.155017
0 0.5625 0.415384 0 0.036423 0.153832
0 0.0761024 0.418862 0.0202169 0.025963 0.149504
0 0.0753979 0.403396 0.0214363 0.0195585 0.146922
0 0.5625 0.41749 0 0.0365945 0.146921
0 0.105319 0.411617 0.0178873 0.023411 0.146574
0 0.136855 0.397692 0.0219862 0.0210086 0.142979
0 0.178903 0.403147 0.0369437 0.0326568 0.141303
0 0.790866 0.41565 0.0210714 0.0349752 0.141263
0 0.487944 0.397355 0.0285358 0.0288238 0.137347
0 0.62396 0.41981 0.0315312 0.0304103 0.136205
0 0.639522 0.4231 0.0272172 0.0284825 0.134941
0 0.537502 0.422219 0.0206174 0.0421987 0.134827
0 0.59706 0.421376 0.0200966 0.0313767 0.134588
0 0.801068 0.401653 0.0211446 0.0359903 0.134041
0 0.0861237 0.405732 0.0178047 0.0213135 0.129839
0 0.13771 0.402097 0.0249802 0.0228369 0.128159
0 0.613552 0.295286 0.0391968 0.0285328 0.127545
0 0.150086 0.40119 0.0181887 0.0225131 0.12725
0 0.146187 0.395016 0.0183722 0.0239213 0.127009
0 0.817401 0.416241 0.0331526 0.0466067 0.12335
0 0.118214 0.402751 0.0221829 0.0203159 0.123253
0 0.533386 0.416986 0.0216544 0.0379354 0.121939
0 0.736069 0.417776 0.0333917 0.0480328 0.121176
0 0.740889 0.411915 0.0197929 0.0325076 0.120797
0 0.0113926 0.400885 0.0211984 0.0413356 0.120467
0 0.605228 0.418013 0.0175079 0.0227923 0.118474
0 0.829794 0.420906 0.0568136 0.0617665 0.117032
0 0.615373 0.30293 0.0329155 0.0264331 0.116864
0 0.0728045 0.406101 0.0199879 0.0174165 0.116394
0 0.14923 0.393444 0.0262378 0.0310813 0.115667
0 0.759677 0.4151 0.0284568 0.0382666 0.111189
0 0.11028 0.401938 0.0210207 0.0218031 0.109665
0 0.048826 0.417557 0.0177377 0.0264244 0.108729
0 0.72267 0.408079 0.0203094 0.0328507 0.108593
0 0.812121 0.413839 0.0247469 0.0385881 0.108029
0 0.651516 0.286537 0.035422 0.028857 0.107482
0 0.692219 0.416121 0.0338021 0.0490551 0.107477
0 0.744347 0.407523 0.0177032 0.0249439 0.106082
0 0.788682 0.385801 0.0456132 0.0715806 0.103939
0 0.485115 0.392332 0.0212684 0.0218772 0.102633
0 0.0211203 0.394039 0.0434671 0.0584941 0.10226
0 0.642878 0.288186 0.0497059 0.0333908 0.100551
0 0.00915305 0.39597 0.0157468 0.0302027 0.0957997
0 0.753326 0.414822 0.0213855 0.0349476 0.0950965
0 0.8043 0.41479 0.0156353 0.0254013 0.0924199
0 0.0321325 0.407699 0.0226037 0.0303711 0.0911881
0 0.566571 0.302132 0.0495498 0.0312784 0.0899384
0 0.501319 0.398056 0.0542091 0.0359058 0.0885244
0 0.181788 0.393 0.0451098 0.0521694 0.088106
0 0.356606 0.406687 0.0243017 0.0307389 0.0876106
0 0.762139 0.413218 0.0171429 0.0285995 0.0871077
0 0.0732187 0.430471 0.0203583 0.0335114 0.0855001
0 0.73579 0.40777 0.0180102 0.0251127 0.085486
0 0.0664621 0.41045 0.0192863 0.0215224 0.0852677
0 0.168496 0.404905 0.0185527 0.0214114 0.0843389
0 0.537716 0.416879 0.0174559 0.0292438 0.0833877
0 0.291645 0.390407 0.102089 0.0795687 0.0797648
0 0.768125 0.413137 0.0174433 0.0321835 0.0796146
0 0.0271993 0.379378 0.0542027 0.100296 0.0792161
0 0.0229819 0.437079 0.0450811 0.096268 0.0791434
0 0.156292 0.409923 0.0205616 0.0261988 0.0787082
0 0.0166532 0.381976 0.0373268 0.0789502 0.078166
0 0.576977 0.299807 0.0498228 0.0316814 0.077966
0 0.614054 0.417463 0.0195333 0.0235162 0.0777504
0 0.0207315 0.631914 0.0382292 0.2523 0.0772958
0 0.553423 0.303739 0.0504577 0.0338654 0.0768951
0 0.173926 0.407258 0.0175264 0.0236953 0.0767725
0 0.197366 0.401729 0.017822 0.034647 0.0756613
0 0.621615 0.420007 0.0235229 0.0244382 0.0753329
0 0.584344 0.430774 0.0338168 0.0564142 0.0735199
0 0.4619 0.203329 0.0156086 0.0354451 0.0725303
0 0.600942 0.297049 0.0535298 0.0311707 0.0710091
0 0.775668 0.415497 0.0207767 0.0294328 0.0708049
0 0.0863476 0.428739 0.0215243 0.0376233 0.0690219
0 0.787638 0.402629 0.0424725 0.0593193 0.0685491
0 0.557175 0.426239 0.0407123 0.0591059 0.0679575
0 0.808158 0.386848 0.0130976 0.0199242 0.0676469
0 0.645466 0.423017 0.0164038 0.0241719 0.0674345
0 0.80566 0.425499 0.0189559 0.0312208 0.067012
0 0.589185 0.300769 0.0545282 0.0310185 0.0663212
0 0.164214 0.39809 0.0387195 0.0360548 0.0661113
0 0.1257 0.410827 0.0255264 0.0215104 0.0657679
0 0.193292 0.40723 0.0150244 0.0269531 0.0655476
0 0.48795 0.403437 0.0226271 0.0281342 0.0647543
0 0.663631 0.307799 0.0501616 0.0454782 0.0641484
0 0.44007 0.423231 0.0131157 0.0356208 0.0639303
0 0.198195 0.401473 0.0383729 0.0558881 0.0630877
0 0.76417 0.420907 0.021146 0.0361938 0.0625515
0 0.615748 0.427865 0.0551787 0.0516332 0.0616599
0 0.666781 0.420327 0.0282653 0.0299399 0.059574
0 0.0478731 0.423068 0.0507488 0.059327 0.0593379
0 0.388914 0.400623 0.0440108 0.0545846 0.0584011
0 0.595468 0.418177 0.0293671 0.0397623 0.0582397
0 0.537735 0.436847 0.0155957 0.0412832 0.0580142
0 0.273677 0.357944 0.0226233 0.018637 0.0576988
0 0.318544 0.447671 0.0598248 0.152015 0.0576776
0 0.123465 0.387614 0.0205944 0.0152825 0.0575608
0 0.438541 0.411424 0.0234268 0.0506404 0.0573317
0 0.381357 0.400063 0.0369181 0.0454277 0.0571038
0 0.695423 0.408829 0.0514376 0.0684007 0.0562793
0 0.139971 0.388387 0.0197428 0.0168388 0.0561276
0 0.813873 0.424726 0.0260395 0.042183 0.0556447
0 0.0231394 0.725634 0.0451902 0.280512 0.0555839
0 0.114576 0.387131 0.0191152 0.0154628 0.0555361
0 0.443407 0.419833 0.0181924 0.0484519 0.0549592
0 0.0144226 0.458641 0.0284465 0.109886 0.0548653
0 0.319837 0.409244 0.0712313 0.104396 0.0547753
0 0.192253 0.399171 0.0249227 0.0400153 0.0542001
0 0.139529 0.411191 0.0230812 0.022002 0.0529319
0 0.538553 0.425174 0.015441 0.0271141 0.0518019
0 0.433427 0.41456 0.0187762 0.0375124 0.0511581
0 0.851727 0.432943 0.0321171 0.0506195 0.0496082
0 0.14453 0.388755 0.0177647 0.0177572 0.0492105
0 0.354716 0.400225 0.0216075 0.0271026 0.0484701
0 0.350016 0.403087 0.0228271 0.0278603 0.0484216
0 0.193879 0.414616 0.014367 0.0307418 0.04831
0 0.633793 0.404639 0.0666198 0.0734796 0.048139
0 0.64933 0.419586 0.0171931 0.0232282 0.0480401
0 0.491258 0.39802 0.0266214 0.021204 0.0477926
0 0.361786 0.41148 0.0184256 0.0277729 0.0465029
0 0.521533 0.708147 0.00129213 0.00252092 0.0460429
0 0.303224 0.382874 0.0673847 0.0589408 0.0457373
0 0.6324 0.283786 0.0787914 0.0496968 0.0453075
0 0.564736 0.291941 0.0621873 0.0548858 0.0452936
0 0.707351 0.111327 0.0417391 0.0669155 0.0447923
0 0.411682 0.356745 0.0185359 0.0270888 0.0446706
0 0.343425 0.431681 0.0169401 0.0436983 0.044575
0 0.0252829 0.480394 0.040783 0.380097 0.0445361
0 0.682849 0.25206 0.0187403 0.020769 0.043892
0 0.597442 0.428831 0.0189415 0.0296967 0.0438615
0 0.679098 0.258597 0.0273576 0.029115 0.0432466
0 0.442148 0.43508 0.0125637 0.0302264 0.0430869
0 0.347907 0.421305 0.0197781 0.0377129 0.0427492
0 0.361609 0.406063 0.0338273 0.0405814 0.0427002
0 0.674439 0.415192 0.0170575 0.0245644 0.042623
0 0.658515 0.28059 0.036339 0.0317614 0.042424
0 0.665259 0.419864 0.0173401 0.0265255 0.0423355
0 0.541284 0.431092 0.0135774 0.0337997 0.0421049
0 0.103861 0.390131 0.0174073 0.0151031 0.0418534
0 0.187355 0.30265 0.0219452 0.095692 0.0416393
0 0.462198 0.431485 0.0180616 0.0417137 0.0412109
0 0.542279 0.421638 0.0164325 0.0263748 0.0411757
0 0.683738 0.410552 0.017977 0.0299075 0.0411078
0 0.443348 0.406704 0.0256943 0.04802 0.0408302
0 0.378932 0.21222 0.0623244 0.0614751 0.0405107
0 0.238 0.411643 0.088602 0.101933 0.0401518
0 0.593316 0.287896 0.0861836 0.0583719 0.0400808
0 0.609784 0.289132 0.0488293 0.0398495 0.0395369
0 0.185835 0.288288 0.0187458 0.0630987 0.0393435
0 0.704596 0.416934 0.0186489 0.0339853 0.0389488
0 0.434953 0.204938 0.0505399 0.0636005 0.0388909
0 0.569496 0.415935 0.0165966 0.022626 0.0388888
0 0.0972908 0.389738 0.0150825 0.0147497 0.0384629
0 0.628401 0.269784 0.0857488 0.0704928 0.0383847
0 0.661377 0.281026 0.055493 0.0384268 0.0379847
0 0.376636 0.408899 0.0254417 0.0317151 0.0379545
0 0.165036 0.407084 0.0171958 0.0217334 0.0378808
0 0.890962 0.530277 0.0530083 0.090368 0.0378079
0 0.531419 0.409109 0.018666 0.0230135 0.0377292
0 0.186158 0.270776 0.0172756 0.0370774 0.0375511
0 0.584415 0.305965 0.108292 0.102272 0.0372865
0 0.847194 0.441074 0.0432728 0.0615923 0.0371571
0 0.258694 0.396762 0.150831 0.0798275 0.0371081
0 0.31851 0.39476 0.0232104 0.0242422 0.0366678
0 0.161154 0.380389 0.0183367 0.0265698 0.0364347
0 0.00648052 0.375104 0.0139413 0.0410517 0.0361331
0 0.429627 0.409181 0.0267078 0.0449946 0.0361205
0 0.973794 0.52444 0.0524284 0.224802 0.036018
0 0.677063 0.264619 0.0327054 0.0405877 0.0360006
0 0.435713 0.424149 0.0138598 0.024161 0.0344961
0 0.771647 0.430875 0.024535 0.0387294 0.0344757
0 0.753797 0.2535 0.0487328 0.0432017 0.0343217
0 0.216451 0.391385 0.0362002 0.0485914 0.0342749
0 0.525908 0.412192 0.0209802 0.0262115 0.0340813
0 0.267808 0.361417 0.0679313 0.0582983 0.0334792
0 0.310698 0.38303 0.114006 0.0898668 0.0332986
0 0.861045 0.439114 0.030113 0.0477553 0.0332832
0 0.613408 0.296134 0.0284593 0.0207848 0.0326561
0 0.23405 0.342754 0.0220879 0.0311226 0.0325632
0 0.63966 0.270781 0.0587303 0.0503837 0.0325616
0 0.3974 0.405849 0.0498933 0.0613011 0.0325486
0 0.285828 0.380037 0.0591721 0.0470701 0.0324179
0 0.592405 0.435516 0.018644 0.0380141 0.0322484
0 0.77025 0.25525 0.0452291 0.0390714 0.0322402
0 0.392263 0.367931 0.0511434 0.0512875 0.0321319
0 0.202778 0.378945 0.0208114 0.0317217 0.0319585
0 0.198376 0.433347 0.0175398 0.0510139 0.0318323
0 0.963644 0.613588 0.0735434 0.143354 0.031652
0 0.236035 0.397392 0.0796408 0.0648373 0.0314792
0 0.595319 0.273348 0.119963 0.0874921 0.0305265
0 0.275825 0.352527 0.0201275 0.0214052 0.0303634
0 0.445505 0.412935 0.0185653 0.0332227 0.030324
0 0.0500965 0.375483 0.0578942 0.053912 0.0302448
0 0.471049 0.434795 0.0144512 0.0321388 0.0300645
0 0.530084 0.30361 0.0546495 0.0428007 0.0298791
0 0.302156 0.417011 0.0801416 0.100862 0.0297728
0 0.791592 0.358315 0.0157224 0.018783 0.0297379
0 0.816204 0.400845 0.0236689 0.0367884 0.0293093
0 0.960893 0.65186 0.0758388 0.15897 0.0292381
0 0.59329 0.410466 0.0171004 0.0216828 0.0290786
0 0.308742 0.48271 0.0676324 0.110184 0.0290646
0 0.760253 0.252862 0.0342791 0.032784 0.0290042
0 0.426854 0.402956 0.0189474 0.035335 0.0289969
0 0.243982 0.345097 0.0419039 0.0409969 0.0289951
0 0.795513 0.384963 0.0196891 0.0196032 0.0289139
0 0.229647 0.37783 0.0350098 0.0508889 0.0287598
0 0.2176 0.411709 0.0527857 0.0788184 0.028727
0 0.0785867 0.38801 0.013194 0.0152618 0.0286393
0 0.455543 0.439778 0.0220777 0.0378069 0.028622
0 0.527201 0.433712 0.0307535 0.0685386 0.0286058
0 0.627807 0.28808 0.0442168 0.0340298 0.0285681
0 0.883598 0.513702 0.044039 0.0906782 0.0285084
0 0.655115 0.30726 0.0272276 0.0275938 0.028432
0 0.961814 0.507835 0.0773638 0.237587 0.0284201
0 0.119172 0.306333 0.0312779 0.0415419 0.0283113
0 0.252486 0.352177 0.0392019 0.0272212 0.028218
0 0.585756 0.431323 0.0246877 0.0419796 0.0282165
0 0.252465 0.49761 0.126002 0.105992 0.0281568
0 0.329643 0.466057 0.0425331 0.0916629 0.0279979
0 0.592405 0.417539 0.0177651 0.0289001 0.0278405
0 0.471859 0.405434 0.0237848 0.0311079 0.0278382
0 0.403332 0.201843 0.11635 0.106696 0.0274628
0 0.605918 0.411234 0.0151316 0.0201124 0.0273487
0 0.269778 0.34545 0.0213107 0.0263609 0.0272305
0 0.838664 0.471979 0.0806851 0.138488 0.0271134
0 0.193095 0.458363 0.0146783 0.0479028 0.0265298
0 0.178545 0.363076 0.0253945 0.070274 0.0265215
0 0.131426 0.303897 0.0377431 0.0480103 0.0264453
0 0.170251 0.307003 0.0477025 0.105374 0.0264288
0 0.438626 0.0260752 0.0356656 0.0518391 0.0264112
0 0.184521 0.354327 0.0285039 0.0917058 0.0263055
0 0.370552 0.38095 0.0274274 0.0358416 0.0261922
0 0.989858 0.437748 0.0202717 0.086671 0.0261895
0 0.960796 0.609142 0.0677385 0.0852238 0.0261323
0 0.864177 0.453502 0.0273647 0.0459004 0.0260973
0 0.41577 0.419563 0.0293042 0.0369486 0.0260522
0 0.731679 0.265321 0.0270944 0.0291049 0.0258117
0 0.365367 0.347909 0.0562017 0.0882738 0.0257322
0 0.359712 0.417874 0.0362247 0.0581878 0.0257084
0 0.682239 0.239511 0.0207964 0.028675 0.0256235
0 0.748696 0.310451 0.0451495 0.0405288 0.0255869
0 0.904351 0.529789 0.0790007 0.129617 0.0252856
0 0.850759 0.407401 0.0877289 0.120926 0.0247117
0 0.0767618 0.431023 0.0203082 0.025932 0.0245525
0 0.400455 0.400731 0.0192496 0.027646 0.0244695
0 0.363461 0.386039 0.0257284 0.0290131 0.024457
0 0.408455 0.402272 0.0360498 0.0456268 0.0243752
0 0.701414 0.866081 0.0286757 0.0446359 0.0242872
0 0.817664 0.321095 0.0560992 0.129414 0.0241751
0 0.277487 0.362205 0.0257408 0.0331751 0.0239063
0 0.516746 0.30378 0.0408186 0.0403941 0.023882
0 0.882575 0.494075 0.062134 0.128214 0.0238801
0 0.0137805 0.25652 0.0270369 0.0773675 0.0238431
0 0.0427438 0.444166 0.0701165 0.0863864 0.0238285
0 0.983938 0.591347 0.0323805 0.118439 0.0238041
