0 0.466809 0.413309 0.0683774 0.10455 0.881063
0 0.5625 0.456534 0 0.36046 0.875295
0 0.0848264 0.477957 0.03106 0.0392715 0.610529
0 0.136249 0.453725 0.0344614 0.0437243 0.462982
0 0.0425225 0.469299 0.0340842 0.0374766 0.452006
0 0.0837788 0.45658 0.0318385 0.040698 0.450376
0 0.08215 0.442623 0.0305569 0.0297368 0.386565
0 0.498997 0.398827 0.0126714 0.0354078 0.275771
0 0.102439 0.46469 0.0703723 0.0647579 0.268938
0 0.207294 0.436696 0.0420373 0.047088 0.263587
0 0.411689 0.388427 0.0271392 0.0968662 0.246683
0 0.554277 0.400915 0.016446 0.0361281 0.227406
0 0.499994 0.40055 0.00931168 0.0274106 0.221843
0 0.413376 0.417539 0.0222905 0.0385 0.219002
0 0.162686 0.451478 0.0720082 0.0625601 0.210121
0 0.20088 0.398507 0.0313252 0.0231124 0.198759
0 0.52217 0.399665 0.0232108 0.0354717 0.197584
0 0.0233815 0.508035 0.0422955 0.044144 0.194504
0 0.0536339 0.456517 0.0594454 0.0669594 0.185173
0 0.517854 0.39549 0.0254165 0.036374 0.177228
0 0.554703 0.399494 0.015594 0.0449543 0.175289
0 0.132168 0.460761 0.0219259 0.0310671 0.173764
0 0.5625 0.391093 0 0.0564511 0.164845
0 0.027516 0.501367 0.0481363 0.0632505 0.161149
0 0.202562 0.404945 0.034769 0.0342157 0.160696
0 0.218067 0.431687 0.0681266 0.0623785 0.159327
0 0.136248 0.398624 0.0176923 0.0204019 0.156902
0 0.121911 0.470112 0.038053 0.0499419 0.15653
0 0.524593 0.408813 0.0166404 0.0236461 0.155874
0 0.132013 0.438855 0.0205589 0.0268162 0.150805
0 0.555758 0.403221 0.0134846 0.0269344 0.14856
0 0.5625 0.425015 0 0.0483429 0.14818
0 0.135785 0.414022 0.0211702 0.0217456 0.14599
0 0.0236261 0.471158 0.0472521 0.135092 0.145794
0 0.206312 0.39863 0.0189029 0.0184979 0.138771
0 0.0135505 0.394151 0.0173747 0.0220548 0.136473
0 0.0317084 0.475441 0.0579983 0.0919423 0.134726
0 0.5625 0.408369 0 0.0911182 0.134691
0 0.492087 0.395365 0.0230525 0.056163 0.130025
0 0.503068 0.402814 0.0134129 0.0259733 0.127754
0 0.197059 0.432374 0.0339773 0.0538412 0.124274
0 0.0785027 0.442218 0.0211142 0.0204929 0.118792
0 0.0115297 0.386453 0.0230595 0.0387457 0.117672
0 0.504403 0.397137 0.0148647 0.0286265 0.116391
0 0.138785 0.397096 0.0257184 0.0264654 0.115528
0 0.429697 0.394044 0.0174791 0.0486168 0.113941
0 0.409299 0.413872 0.0316369 0.0536904 0.113118
0 0.5625 0.411489 0 0.0765135 0.112863
0 0.5217 0.405398 0.0165041 0.0238523 0.112808
0 0.197356 0.399405 0.0184919 0.0231959 0.108379
0 0.0784146 0.46965 0.0184825 0.0232701 0.107424
0 0.196212 0.437867 0.0211218 0.0346407 0.106602
0 0.193013 0.397168 0.022458 0.017427 0.106238
0 0.139498 0.45657 0.0209555 0.029053 0.104741
0 0.575635 0.396074 0.0585948 0.0576959 0.101467
0 0.506709 0.409357 0.0141685 0.0214564 0.1006
0 0.544156 0.40272 0.01662 0.0258998 0.0976318
0 0.0144289 0.447908 0.0313306 0.147956 0.0975031
0 0.011513 0.377801 0.0243981 0.0635061 0.0938787
0 0.508482 0.399134 0.0114582 0.0235383 0.0924781
0 0.171161 0.429153 0.104992 0.088516 0.0922746
0 0.422629 0.402693 0.0246765 0.0491994 0.0907498
0 0.0821412 0.476282 0.0230325 0.0224892 0.0900156
0 0.135369 0.403118 0.0197354 0.0181602 0.0881703
0 0.484297 0.387345 0.0266126 0.0459082 0.0880908
0 0.140166 0.459165 0.0423845 0.0593567 0.0867225
0 0.96779 0.266924 0.0623224 0.0289468 0.0865425
0 0.0282451 0.436766 0.0550431 0.12082 0.0859245
0 0.95722 0.351881 0.0864288 0.19575 0.0847354
0 0.205175 0.403993 0.0242809 0.0224536 0.0826405
0 0.141952 0.40901 0.0382526 0.0501278 0.0822226
0 0.414699 0.417438 0.0166537 0.0269077 0.0821192
0 0.95608 0.27045 0.0666191 0.0314007 0.0813905
0 0.114778 0.435759 0.0609298 0.0706082 0.080691
0 0.497275 0.408014 0.0137618 0.038242 0.0806257
0 0.223073 0.433702 0.0955818 0.0786719 0.0800247
0 0.0472126 0.464422 0.0216124 0.0251743 0.0751493
0 0.202593 0.438338 0.0302062 0.0352588 0.0746192
0 0.524564 0.414793 0.0134916 0.0186198 0.0740842
0 0.430289 0.381172 0.0162566 0.028587 0.0730157
0 0.0684752 0.440721 0.0344478 0.0353526 0.0710467
0 0.962977 0.277828 0.0566601 0.0486761 0.0697412
0 0.134726 0.422234 0.0201862 0.0206705 0.0695631
0 0.248824 0.43663 0.0601577 0.0587971 0.0692131
0 0.49989 0.406502 0.0103802 0.0216547 0.0685662
0 0.172274 0.394204 0.0848912 0.0704524 0.0682198
0 0.0199875 0.386377 0.0300232 0.0442142 0.0673228
0 0.021287 0.402782 0.035195 0.0410461 0.0669276
0 0.41629 0.390806 0.0251908 0.0576657 0.0667925
0 0.0369892 0.424341 0.0612279 0.093163 0.0661057
0 0.983703 0.432881 0.0339424 0.069396 0.0655535
0 0.0859546 0.477758 0.0242725 0.0294212 0.0652073
0 0.127252 0.474946 0.0207064 0.0244932 0.0645218
0 0.0521984 0.475263 0.0543351 0.0619072 0.0637293
0 0.222054 0.411143 0.0670672 0.0841312 0.0636212
0 0.490398 0.370384 0.0198478 0.0286452 0.0631766
0 0.568649 0.401002 0.0250479 0.0339179 0.0617119
0 0.583098 0.387047 0.0803555 0.080591 0.0612195
0 0.111349 0.458686 0.0337369 0.0348505 0.061051
0 0.1431 0.393439 0.0388441 0.0425442 0.0598612
0 0.985723 0.398636 0.0305279 0.106487 0.0593483
0 0.0181033 0.390842 0.0207534 0.0358505 0.0592627
0 0.0637056 0.477209 0.0859175 0.116049 0.0587891
0 0.0622683 0.309162 0.0398155 0.0251635 0.0572783
0 0.0530352 0.306108 0.0250422 0.0221368 0.0560474
0 0.0313938 0.48824 0.0286554 0.0483857 0.0551372
0 0.977159 0.4252 0.0474369 0.0584981 0.0547403
0 0.619344 0.397791 0.0453294 0.0628935 0.0538089
0 0.594812 0.396818 0.0555515 0.0622927 0.0535519
0 0.402203 0.412781 0.0529886 0.0629514 0.053409
0 0.0319806 0.300335 0.0636806 0.0701867 0.0533677
0 0.1715 0.405479 0.0210308 0.0173401 0.0531608
0 0.433574 0.408299 0.0113981 0.0300862 0.0520748
0 0.417733 0.396193 0.0171551 0.0504815 0.0517211
0 0.0428855 0.488173 0.0773278 0.0951018 0.0517147
0 0.0268747 0.320892 0.05709 0.165276 0.0515536
0 0.970331 0.259228 0.0609304 0.0475445 0.0515416
0 0.504133 0.386542 0.0148523 0.0252696 0.0510116
0 0.11381 0.423443 0.0982697 0.112384 0.0505758
0 0.182186 0.410658 0.0364286 0.0401974 0.0502197
0 0.274653 0.429663 0.0474551 0.0516285 0.04951
0 0.50021 0.391145 0.0127041 0.0275724 0.0494028
0 0.208698 0.393102 0.040884 0.0475723 0.0490777
0 0.101796 0.462476 0.0197552 0.0259281 0.0490587
0 0.436585 0.381317 0.0169312 0.0363111 0.0489969
0 0.251107 0.427912 0.0962553 0.0806889 0.0485119
0 0.962199 0.271484 0.074861 0.0450498 0.0480656
0 0.928977 0.353336 0.139644 0.203497 0.0478372
0 0.633202 0.415945 0.0411326 0.110969 0.0472802
0 0.0455267 0.304644 0.0353108 0.0270287 0.0466521
0 0.0590717 0.407993 0.108554 0.206368 0.0466256
0 0.126318 0.394707 0.0407568 0.0461229 0.0466072
0 0.394805 0.390616 0.0704579 0.104639 0.0461736
0 0.517625 0.40708 0.0111627 0.0183693 0.0456543
0 0.98737 0.450278 0.0284676 0.108797 0.045506
0 0.0465511 0.385012 0.0759954 0.0968334 0.0449373
0 0.0343597 0.301801 0.0583048 0.0424926 0.0435538
0 0.0761095 0.433124 0.0805768 0.0931733 0.0431934
0 0.473976 0.401452 0.0157592 0.0262744 0.0430475
0 0.438184 0.390645 0.0135804 0.0302639 0.0430383
0 0.0120011 0.358809 0.0241927 0.116084 0.0424272
0 0.961906 0.267365 0.0323326 0.0216157 0.0421361
0 0.49584 0.384636 0.0136488 0.0260573 0.0417397
0 0.437686 0.394681 0.0185806 0.049006 0.0417274
0 0.961112 0.390218 0.0792749 0.130171 0.0416551
0 0.186672 0.446709 0.0237065 0.0313418 0.041276
0 0.635459 0.380651 0.0360814 0.083963 0.0411678
0 0.901919 0.176283 0.0428789 0.0625459 0.0408287
0 0.0694664 0.305833 0.0505071 0.033367 0.0406602
0 0.120154 0.47187 0.0197897 0.0241415 0.0406327
0 0.437675 0.406275 0.0127622 0.0365759 0.0404956
0 0.117081 0.396797 0.0709341 0.0675655 0.0404162
0 0.129841 0.313022 0.0202142 0.0200236 0.039619
0 0.699751 0.307869 0.074013 0.062564 0.0395051
0 0.0131416 0.278958 0.0267195 0.0542241 0.0387648
0 0.376314 0.395635 0.074699 0.0760874 0.0385855
0 0.435291 0.374583 0.0171921 0.027196 0.0385029
0 0.56952 0.389058 0.0182658 0.0324927 0.0382322
0 0.950434 0.310822 0.0882847 0.102588 0.0381332
0 0.124846 0.408864 0.0673229 0.0690192 0.0380761
0 0.936931 0.50464 0.12844 0.29295 0.0379945
0 0.512326 0.38657 0.0173114 0.0250507 0.0376936
0 0.62563 0.427145 0.0189387 0.0483912 0.037639
0 0.980093 0.371931 0.0421547 0.168744 0.0376198
0 0.345436 0.392961 0.0645219 0.0713483 0.0371542
0 0.03197 0.277465 0.0624765 0.0829111 0.0362781
0 0.0547502 0.406007 0.0961262 0.109927 0.0355979
0 0.0229191 0.51785 0.0487832 0.0835063 0.0353655
0 0.645022 0.4172 0.0602699 0.156543 0.0353424
0 0.12371 0.311028 0.0254177 0.0206295 0.0351202
0 0.334785 0.411861 0.045077 0.0537381 0.0348887
0 0.272865 0.419453 0.0623383 0.0722933 0.034556
0 0.251375 0.407233 0.125092 0.101587 0.034194
0 0.43599 0.404568 0.0143816 0.0490431 0.0340185
0 0.257516 0.38207 0.128382 0.135342 0.0337792
0 0.0237275 0.350738 0.0435335 0.138167 0.0336575
0 0.646709 0.377472 0.0588223 0.128311 0.0334272
0 0.0186227 0.298421 0.0372423 0.0896767 0.0330688
0 0.423226 0.410879 0.0134626 0.0261319 0.0324988
0 0.960003 0.294342 0.0717064 0.0787132 0.0323111
0 0.411654 0.364781 0.0220922 0.0426886 0.0322562
0 0.0204696 0.281863 0.0394614 0.0605916 0.032096
0 0.0858923 0.300296 0.0906636 0.0507493 0.0320124
0 0.321966 0.394634 0.0568928 0.0662332 0.0319242
0 0.953692 0.268629 0.0269428 0.0222146 0.0315529
0 0.609571 0.382759 0.0712091 0.0997216 0.031307
0 0.14856 0.306082 0.0547187 0.0429841 0.0312584
0 0.547691 0.694169 0.0230741 0.0394913 0.0311307
0 0.695623 0.325722 0.0876733 0.104963 0.0310868
0 0.421419 0.422012 0.0155936 0.0292559 0.0305533
0 0.291249 0.532923 0.0438711 0.0631404 0.0301798
0 0.301008 0.535023 0.0598003 0.0772252 0.0298133
0 0.0711241 0.478931 0.0321625 0.037436 0.0297784
0 0.120224 0.357436 0.0657264 0.0638941 0.0297405
0 0.622787 0.432484 0.0143456 0.0397899 0.02965
0 0.0623131 0.542932 0.117334 0.254668 0.0295312
0 0.0195662 0.506165 0.0400549 0.147603 0.0294493
0 0.383146 0.409285 0.069263 0.0723254 0.0286498
0 0.274957 0.398826 0.0705649 0.095816 0.0284526
0 0.0730744 0.382348 0.116349 0.102793 0.0284377
0 0.940757 0.273583 0.0423065 0.0337133 0.0284326
0 0.415055 0.368927 0.0330848 0.129037 0.0282449
0 0.414542 0.436587 0.0198359 0.0347373 0.0281807
0 0.234908 0.394793 0.103881 0.0965898 0.0281792
0 0.0606341 0.414556 0.079316 0.0670754 0.0278272
0 0.114092 0.709602 0.0251997 0.0326179 0.0277824
0 0.445374 0.426017 0.0151379 0.0269104 0.0277592
0 0.980837 0.510826 0.0409086 0.213702 0.0277484
0 0.328203 0.403305 0.0433148 0.0629336 0.0277377
0 0.899884 0.353989 0.0548178 0.131022 0.0272435
0 0.947444 0.526303 0.093399 0.217271 0.0271581
0 0.0972496 0.332935 0.125862 0.0949639 0.0270598
0 0.20818 0.578025 0.0326972 0.0471286 0.0269233
0 0.879793 0.330456 0.179327 0.204579 0.0267865
0 0.593363 0.281996 0.0235185 0.0409907 0.0267526
0 0.176915 0.287995 0.0219097 0.030187 0.0264876
0 0.985503 0.356889 0.0288593 0.124752 0.0261445
0 0.181589 0.379294 0.0254156 0.0253954 0.0261226
0 0.631019 0.378554 0.0317707 0.063212 0.0261193
0 0.660075 0.361268 0.0732748 0.145214 0.0259306
0 0.686628 0.347547 0.100609 0.13525 0.0259162
0 0.684103 0.425894 0.137112 0.304018 0.0258143
0 0.304842 0.41585 0.0607678 0.0647179 0.0256269
0 0.933772 0.378569 0.114053 0.135558 0.0255538
0 0.0364983 0.333135 0.0714002 0.100323 0.02539
0 0.972727 0.492402 0.0598528 0.185053 0.0251694
0 0.29817 0.402579 0.0888904 0.097426 0.0250917
0 0.213333 0.453745 0.0322834 0.0422705 0.0250631
0 0.36565 0.370128 0.102147 0.121206 0.0250384
0 0.891358 0.334864 0.0673927 0.120171 0.024939
0 0.968793 0.214908 0.0623213 0.114952 0.0249301
0 0.976536 0.449078 0.0465849 0.0886295 0.0248624
0 0.903849 0.380154 0.0441601 0.114884 0.0248378
0 0.655173 0.461435 0.079428 0.251844 0.0247913
0 0.0799793 0.427666 0.0343925 0.0288404 0.0245912
0 0.219831 0.574197 0.0536396 0.0637539 0.0245156
0 0.932069 0.163446 0.105957 0.117744 0.0245008
0 0.0973206 0.353819 0.105765 0.109836 0.0244741
0 0.357791 0.356626 0.134081 0.173894 0.0240524
0 0.955681 0.427008 0.098258 0.202517 0.0240289
0 0.262595 0.572302 0.0791182 0.0791161 0.0240024
0 0.29512 0.519147 0.0615399 0.0770573 0.0238843
0 0.1664 0.605672 0.0599511 0.0487808 0.0236458
0 0.454188 0.401179 0.0412873 0.0736698 0.0235035
0 0.562541 0.37025 0.0585825 0.090696 0.023487
0 0.151521 0.337922 0.0827516 0.0920911 0.0234502
0 0.10162 0.101627 0.030214 0.0431006 0.0234442
0 0.220276 0.562114 0.0661284 0.0764993 0.023343
0 0.0497253 0.3187 0.0630293 0.0538947 0.0233426
0 0.584602 0.369725 0.0836088 0.132598 0.0233385
0 0.553035 0.413353 0.014538 0.0239461 0.0232397
0 0.906941 0.1786 0.0579096 0.082293 0.0231829
0 0.255097 0.557832 0.0698503 0.0864937 0.0231047
0 0.306807 0.460817 0.0404665 0.0457889 0.0229883
0 0.227489 0.445789 0.0636065 0.0736705 0.022952
0 0.191437 0.591899 0.0504001 0.0569467 0.0228612
0 0.930453 0.177944 0.141861 0.212942 0.0226616
0 0.0646663 0.324078 0.070874 0.0660269 0.022621
0 0.485718 0.370443 0.0165159 0.0254458 0.0225014
0 0.0432304 0.559993 0.0826675 0.158793 0.0224483
0 0.493593 0.421476 0.0139976 0.0288102 0.0224064
0 0.168721 0.300821 0.0402572 0.0538657 0.0221814
0 0.205375 0.563573 0.0499835 0.066458 0.0220484
0 0.24883 0.465414 0.049155 0.0608727 0.0219641
0 0.911189 0.36552 0.0676025 0.142079 0.0219259
0 0.163424 0.351804 0.0555714 0.0587251 0.0217089
0 0.29798 0.517702 0.0478654 0.058558 0.0216934
0 0.101011 0.0948911 0.0442098 0.0645933 0.0215949
0 0.230227 0.572606 0.0816486 0.0833196 0.0215932
0 0.542646 0.695714 0.0176428 0.0318359 0.0213762
0 0.955283 0.192177 0.0933187 0.213444 0.0212075
0 0.954854 0.412887 0.0903086 0.0777156 0.0211376
0 0.636844 0.364542 0.0472211 0.0998613 0.0209411
0 0.197403 0.574508 0.050649 0.0636461 0.0209055
0 0.170815 0.28986 0.0248696 0.0316037 0.0208146
0 0.29107 0.544486 0.0600214 0.0961606 0.0208004
0 0.631503 0.472123 0.0389319 0.116047 0.0207443
0 0.489192 0.703637 0.0179434 0.0235272 0.0206918
0 0.135915 0.465762 0.0180938 0.027449 0.0206167
0 0.286545 0.440794 0.0600025 0.0792729 0.0204674
0 0.484297 0.359985 0.0163541 0.0232158 0.0204638
0 0.168596 0.553276 0.0933698 0.0905062 0.0202951
0 0.287887 0.517033 0.0403773 0.0544542 0.0201805
0 0.298073 0.461045 0.0451299 0.056227 0.0201584
0 0.60484 0.432365 0.0267656 0.0651833 0.0201292
0 0.26489 0.543453 0.0771966 0.0991304 0.0201007
0 0.748298 0.312372 0.094899 0.0659897 0.0200775
0 0.108183 0.708356 0.0268731 0.0343155 0.0200712
0 0.936608 0.525919 0.0624208 0.147095 0.0200315
0 0.499117 0.414465 0.0115105 0.0252582 0.0198761
0 0.443655 0.928245 0.0923131 0.121272 0.019853
0 0.384734 0.437785 0.0285038 0.0350585 0.0197076
0 0.409022 0.349617 0.0203945 0.0485914 0.0196126
0 0.267611 0.451896 0.0456028 0.052392 0.0195846
0 0.676811 0.141621 0.0297041 0.0458624 0.0195749
0 0.653517 0.394334 0.0825779 0.139699 0.0195687
0 0.759355 0.197275 0.0499125 0.0578451 0.0195615
0 0.923373 0.300349 0.0409002 0.0600781 0.0194671
0 0.496162 0.360716 0.0127617 0.0197462 0.0193961
0 0.405378 0.380642 0.0349931 0.0965756 0.0193876
