0 0.397122 0.579017 0.159784 0.232467 0.913676
0 0.512058 0.556632 0.0674866 0.0822409 0.895554
0 0.5625 0.584623 0 0.113694 0.734096
0 0.5625 0.578196 0 0.171181 0.732432
0 0.487926 0.537533 0.0424692 0.0792827 0.650773
0 0.5625 0.824142 0 0.347039 0.473917
0 0.464734 0.52608 0.0136736 0.031621 0.243965
0 0.286728 0.53747 0.0314053 0.0422784 0.235718
0 0.131239 0.509028 0.0547764 0.0502778 0.201757
0 0.471829 0.540024 0.0244322 0.0668651 0.200714
0 0.279474 0.535097 0.0459642 0.0502881 0.164625
0 0.249886 0.522581 0.0964192 0.0839982 0.1518
0 0.5625 0.754191 0 0.188955 0.139552
0 0.5625 0.585694 0 0.108295 0.137551
0 0.290134 0.539111 0.0224963 0.032851 0.136848
0 0.467962 0.534354 0.01557 0.0474573 0.13095
0 0.292972 0.533811 0.0338592 0.0495522 0.128222
0 0.133163 0.523534 0.0661831 0.0712582 0.123025
0 0.5625 0.607485 0 0.113766 0.120478
0 0.325686 0.533369 0.0250427 0.0509398 0.1204
0 0.5625 0.702086 0 0.108979 0.117367
0 0.5625 0.579062 0 0.149351 0.112717
0 0.229463 0.516593 0.054742 0.0674411 0.10873
0 0.145498 0.512396 0.0803333 0.0690595 0.10573
0 0.5625 0.589479 0 0.0957937 0.105101
0 0.125725 0.508478 0.0750217 0.0681029 0.104559
0 0.467317 0.530726 0.0145538 0.0228003 0.104546
0 0.5625 0.605695 0 0.107582 0.103251
0 0.268223 0.522039 0.0657393 0.0794714 0.102203
0 0.5625 0.655654 0 0.0614727 0.100993
0 0.46529 0.518977 0.0132135 0.0226379 0.100727
0 0.303266 0.527459 0.0533183 0.0679153 0.100528
0 0.5625 0.720403 0 0.152365 0.0973664
0 0.5625 0.681439 0 0.0847392 0.0973204
0 0.5625 0.614975 0 0.10268 0.0917847
0 0.5625 0.615275 0 0.090713 0.0917605
0 0.471148 0.53784 0.0131608 0.0455439 0.0852119
0 0.5625 0.743343 0 0.149683 0.0842335
0 0.5625 0.869188 0 0.261624 0.0823657
0 0.119566 0.516743 0.102042 0.107088 0.0822082
0 0.284387 0.524891 0.0424417 0.0719292 0.078011
0 0.475412 0.541823 0.0157387 0.0576466 0.0770357
0 0.151085 0.515703 0.1183 0.0898635 0.0754891
0 0.5625 0.97472 0 0.0473217 0.0751187
0 0.0515208 0.510295 0.103042 0.112745 0.0740843
0 0.102342 0.512884 0.0645193 0.0766172 0.0739629
0 0.5625 0.599906 0 0.0668666 0.0738637
0 0.5625 0.973784 0 0.0524319 0.0709947
0 0.100733 0.507887 0.036637 0.0593879 0.0706757
0 0.479828 0.547578 0.0183736 0.0580568 0.0687909
0 0.165881 0.509492 0.079909 0.065809 0.0666277
0 0.195822 0.513297 0.18909 0.0968146 0.066277
0 0.958619 0.883682 0.0755507 0.251018 0.0650084
0 0.0834747 0.510651 0.0705567 0.0890666 0.0646935
0 0.320889 0.521444 0.0338708 0.0726166 0.0642353
0 0.844461 0.84252 0.196665 0.318667 0.0638296
0 0.616794 0.56039 0.105374 0.0702016 0.0633913
0 0.984219 0.853384 0.0295452 0.238003 0.0615584
0 0.964434 0.667669 0.071192 0.119894 0.0605313
0 0.989823 0.87724 0.0196348 0.191204 0.0593064
0 0.982342 0.548134 0.0336191 0.119303 0.0565604
0 0.97264 0.80445 0.0552345 0.276976 0.0560287
0 0.461699 0.533932 0.0135723 0.0278534 0.0558612
0 0.885873 0.981344 0.054088 0.0340583 0.0554348
0 0.784662 0.601315 0.0583399 0.0616207 0.0554051
0 0.149897 0.530586 0.0874843 0.0858468 0.0553269
0 0.938965 0.900831 0.123074 0.193084 0.0549041
0 0.461381 0.51151 0.0168079 0.0220281 0.0542033
0 0.917695 0.560722 0.126001 0.145351 0.0528753
0 0.471361 0.565793 0.0164811 0.0595709 0.0525085
0 0.793077 0.585651 0.0828421 0.0937388 0.0516175
0 0.921125 0.585892 0.0908054 0.122658 0.0510168
0 0.418106 0.456319 0.0846577 0.0826223 0.0507812
0 0.610561 0.531905 0.135043 0.122 0.0494381
0 0.95094 0.581211 0.0616732 0.12591 0.0492075
0 0.914218 0.594908 0.0447443 0.0855352 0.0490985
0 0.881724 0.782251 0.129214 0.235219 0.0487632
0 0.646409 0.556894 0.0796678 0.0804728 0.0484941
0 0.903418 0.834522 0.157468 0.322882 0.0484936
0 0.88473 0.560703 0.0462105 0.0479224 0.0482682
0 0.184008 0.519543 0.0589301 0.0713575 0.0480986
0 0.0285266 0.511645 0.0568535 0.108179 0.0477927
0 0.633501 0.561497 0.0640389 0.0623667 0.0476462
0 0.978969 0.771346 0.041773 0.217028 0.045365
0 0.471884 0.550844 0.013947 0.0355669 0.0452877
0 0.986834 0.909398 0.0248175 0.199431 0.0451014
0 0.471565 0.511523 0.020539 0.0299098 0.0446367
0 0.303247 0.536695 0.0322855 0.0490889 0.0439718
0 0.632899 0.541391 0.0780924 0.0664949 0.0430698
0 0.947444 0.781562 0.07672 0.167189 0.042628
0 0.933384 0.763155 0.0763535 0.146107 0.042622
0 0.417717 0.474871 0.0957159 0.138779 0.0414058
0 0.97914 0.521439 0.0410618 0.0701093 0.0413885
0 0.480683 0.543845 0.0202019 0.0353909 0.0413554
0 0.933447 0.80839 0.14305 0.297141 0.0412413
0 0.639869 0.518572 0.0707448 0.0761649 0.0411859
0 0.946394 0.836665 0.0748032 0.252767 0.041016
0 0.399796 0.498982 0.14095 0.0820738 0.0405487
0 0.329989 0.534245 0.0322592 0.0727172 0.0404528
0 0.608483 0.567308 0.0815378 0.0493551 0.0392694
0 0.412993 0.487578 0.088707 0.0591287 0.0390921
0 0.445833 0.610672 0.0587826 0.14059 0.0385829
0 0.445762 0.504095 0.0320372 0.039196 0.0383359
0 0.442938 0.524058 0.0539042 0.0852518 0.0382787
0 0.46743 0.595794 0.0282029 0.0674477 0.0382604
0 0.170441 0.527612 0.0777822 0.0799269 0.0381563
0 0.772321 0.608093 0.0375885 0.0466131 0.0372756
0 0.429815 0.502478 0.0775765 0.0993609 0.0368761
0 0.634064 0.529633 0.0869986 0.10643 0.0368506
0 0.844791 0.962202 0.13208 0.0730291 0.0362271
0 0.931487 0.559788 0.0749657 0.126964 0.0361772
0 0.292186 0.54505 0.0177505 0.02784 0.0360948
0 0.38137 0.479614 0.0958549 0.116288 0.0358952
0 0.210738 0.50103 0.180528 0.146114 0.0357098
0 0.209973 0.535137 0.0558309 0.0633408 0.0356052
0 0.669341 0.562866 0.133014 0.0783936 0.0355681
0 0.837988 0.754906 0.157657 0.280137 0.0353408
0 0.534396 0.566099 0.026116 0.0522692 0.0352072
0 0.788169 0.759698 0.151172 0.274246 0.0350656
0 0.0679905 0.502823 0.0865294 0.0878586 0.0348014
0 0.900338 0.601631 0.0689287 0.0852748 0.0347067
0 0.290436 0.530788 0.0179509 0.0281548 0.0341346
0 0.0207947 0.52857 0.039045 0.101002 0.0340737
0 0.0438017 0.499682 0.0709351 0.0836374 0.0339484
0 0.39213 0.447341 0.0331221 0.0310387 0.0329188
0 0.438295 0.589092 0.0548597 0.141488 0.0327778
0 0.447666 0.641188 0.0560436 0.100034 0.0325735
0 0.147944 0.545024 0.0628777 0.0722808 0.0323227
0 0.223738 0.527914 0.0796098 0.076678 0.0321717
0 0.437878 0.491436 0.0329399 0.0386295 0.0321651
0 0.947549 0.545077 0.0469261 0.0782239 0.0320935
0 0.653395 0.548569 0.110921 0.0957162 0.0317885
0 0.00942424 0.531847 0.0196754 0.0767493 0.03156
0 0.893099 0.976934 0.0562096 0.0475196 0.0311717
0 0.899599 0.427015 0.0454369 0.0543326 0.031102
0 0.858417 0.464688 0.152813 0.142438 0.0309127
0 0.461472 0.5576 0.0263425 0.0636552 0.0307738
0 0.426081 0.554492 0.101416 0.131032 0.0307096
0 0.324545 0.53522 0.0167404 0.03887 0.0305875
0 0.414515 0.469778 0.0791262 0.0397327 0.0305772
0 0.564443 0.555685 0.0508169 0.0626165 0.0305015
0 0.48414 0.563574 0.0207827 0.0393683 0.0304363
0 0.0166202 0.541769 0.0332384 0.0656584 0.0303802
0 0.0884083 0.522893 0.129337 0.117603 0.0303159
0 0.391477 0.657716 0.121481 0.0728178 0.0301124
0 0.853914 0.52634 0.155453 0.148481 0.0300398
0 0.39363 0.485596 0.0944933 0.0530221 0.0297833
0 0.17508 0.497423 0.088789 0.086212 0.0296985
0 0.411009 0.468149 0.0671115 0.0275289 0.0295621
0 0.675899 0.565671 0.0864958 0.0676978 0.0294319
0 0.720891 0.567076 0.109752 0.0977341 0.0293531
0 0.96751 0.913893 0.0578985 0.189011 0.0286836
0 0.925405 0.754598 0.126588 0.193922 0.0285172
0 0.853475 0.577689 0.12249 0.0846848 0.02847
0 0.236083 0.505732 0.0758541 0.113297 0.0284203
0 0.507324 0.539811 0.0246202 0.0368346 0.0283528
0 0.886402 0.54694 0.0419188 0.0311516 0.0282864
0 0.931834 0.85703 0.0753637 0.226039 0.0281653
0 0.587196 0.556291 0.0923556 0.069396 0.0279427
0 0.957214 0.532245 0.0770388 0.0942621 0.0278481
0 0.489591 0.521771 0.0170135 0.0303084 0.0274331
0 0.768919 0.589349 0.0932819 0.0869449 0.0270925
0 0.834569 0.565418 0.115474 0.115819 0.02708
0 0.893756 0.431211 0.0621689 0.0747977 0.0269268
0 0.48828 0.532877 0.0309756 0.0492143 0.026855
0 0.840529 0.923859 0.139687 0.142188 0.0267733
0 0.405943 0.549361 0.0500397 0.0889179 0.0266743
0 0.327304 0.692919 0.112793 0.183094 0.0264819
0 0.980035 0.504901 0.0383215 0.0518673 0.0263366
0 0.324808 0.549013 0.0162648 0.0407346 0.0263286
0 0.327387 0.557176 0.0153961 0.0432071 0.0263036
0 0.430259 0.591472 0.0963183 0.169721 0.0260963
0 0.431061 0.549769 0.0630873 0.0884998 0.0252597
0 0.404137 0.435319 0.0740801 0.0822142 0.0251843
0 0.327557 0.51412 0.0485884 0.0831943 0.0251644
0 0.402983 0.536694 0.0802556 0.113869 0.0248138
0 0.402564 0.460422 0.0459852 0.0236604 0.0247714
0 0.26778 0.54273 0.0575689 0.0611881 0.0247222
0 0.882962 0.542674 0.0330795 0.0278052 0.0246347
0 0.91657 0.703133 0.117333 0.164321 0.024627
0 0.00728739 0.549892 0.0153533 0.0660386 0.0245441
0 0.367791 0.497518 0.0860947 0.102604 0.0245245
0 0.958897 0.526079 0.0834267 0.167512 0.0245102
0 0.542892 0.570507 0.0192436 0.0372917 0.0245004
0 0.328563 0.517658 0.0222699 0.0449057 0.0242501
0 0.44962 0.523653 0.0385152 0.0482394 0.0241862
0 0.866178 0.471514 0.027158 0.0410005 0.0240523
0 0.987548 0.974159 0.0227798 0.0442563 0.0237686
0 0.889799 0.986226 0.0417328 0.0289363 0.0233819
0 0.0984973 0.467351 0.124681 0.17874 0.0232191
0 0.489825 0.502266 0.0222914 0.026651 0.0231146
0 0.579986 0.539411 0.105056 0.107178 0.0229972
0 0.828041 0.958956 0.160499 0.0974865 0.0229365
0 0.130286 0.475606 0.0623814 0.132861 0.0229107
0 0.989364 0.945557 0.0210545 0.0909722 0.0225007
0 0.195544 0.49558 0.101008 0.101295 0.0224637
0 0.569405 0.541192 0.057458 0.0674281 0.0223802
0 0.616663 0.512522 0.10681 0.0935406 0.022356
0 0.340358 0.569807 0.0441061 0.13612 0.0222936
0 0.67402 0.53365 0.0981359 0.0719538 0.0221626
0 0.39257 0.426689 0.0436412 0.0575089 0.0221503
0 0.953939 0.606702 0.0500931 0.101104 0.0220769
0 0.557545 0.572359 0.0339196 0.0406904 0.0220311
0 0.379148 0.458936 0.0700611 0.0818877 0.0219805
0 0.24023 0.486842 0.141374 0.164831 0.0219387
0 0.0338445 0.550752 0.0654769 0.088911 0.0218507
0 0.485652 0.547647 0.0164703 0.0469212 0.0216673
0 0.721465 0.546867 0.146636 0.130123 0.0216327
0 0.380489 0.496905 0.0860162 0.0685049 0.0215948
0 0.43654 0.468893 0.0579965 0.0871518 0.0215508
0 0.417875 0.64757 0.110524 0.0916437 0.0215242
0 0.810342 0.604656 0.0976853 0.0813593 0.0212634
0 0.355371 0.585674 0.102272 0.209668 0.021238
0 0.067241 0.467329 0.134247 0.191076 0.021226
0 0.520639 0.540329 0.0491164 0.0803647 0.0212193
0 0.947237 0.662369 0.0759129 0.103818 0.0212062
0 0.974376 0.94602 0.0486809 0.102715 0.0210877
0 0.798336 0.556828 0.0701828 0.0918574 0.0210481
0 0.973922 0.559296 0.050613 0.137375 0.0210313
0 0.782066 0.610037 0.0260118 0.0355828 0.0209807
0 0.674065 0.529446 0.123317 0.111273 0.0207097
0 0.949558 0.514052 0.0983915 0.0926365 0.0206883
0 0.109079 0.534706 0.0991611 0.105434 0.0206575
0 0.94299 0.933894 0.0776569 0.129231 0.0204979
0 0.825649 0.54561 0.109358 0.0787581 0.0204713
0 0.795898 0.566553 0.119936 0.111836 0.0204473
0 0.904982 0.5548 0.0740225 0.0586519 0.0203475
0 0.504871 0.527096 0.033309 0.0456927 0.0202021
0 0.704896 0.568658 0.077245 0.0650603 0.0200848
0 0.910054 0.969902 0.0705601 0.061617 0.0200842
0 0.927695 0.548883 0.0704058 0.0793164 0.0200292
0 0.0544969 0.589104 0.095725 0.163516 0.0197829
0 0.379692 0.528892 0.0977539 0.117201 0.0197088
0 0.927313 0.624222 0.0908089 0.116934 0.0195712
0 0.00415116 0.654024 0.00927926 0.0786146 0.0195614
0 0.904883 0.444842 0.0530245 0.0781478 0.0195065
0 0.234695 0.419789 0.0264009 0.0409576 0.0194488
0 0.917435 0.946788 0.0700453 0.10142 0.0193709
0 0.595069 0.573247 0.0703806 0.0471103 0.0193065
0 0.123299 0.436081 0.0489036 0.106991 0.0192808
0 0.157825 0.430942 0.023387 0.0534286 0.0192428
0 0.895888 0.468434 0.118649 0.168672 0.0191237
0 0.302257 0.510816 0.0697961 0.115479 0.0190865
0 0.00459366 0.574715 0.00966226 0.0452614 0.0190471
0 0.413995 0.670829 0.110395 0.148878 0.0190304
0 0.125916 0.555198 0.0296832 0.036672 0.0188654
0 0.899319 0.473737 0.0678001 0.0922356 0.018856
0 0.265496 0.567357 0.0382942 0.0496446 0.0188263
0 0.876511 0.521991 0.0766237 0.0678832 0.0187971
0 0.483376 0.600449 0.0192497 0.0418289 0.0187061
0 0.664485 0.506571 0.0525907 0.0639376 0.0186701
0 0.953765 0.63344 0.0598503 0.0954227 0.0186521
0 0.859227 0.98713 0.101062 0.0602758 0.0185991
0 0.108466 0.427587 0.0372311 0.0977928 0.0185708
0 0.528131 0.554986 0.047479 0.0707307 0.0184037
0 0.374681 0.649706 0.114523 0.179177 0.0183775
0 0.784659 0.131716 0.0713627 0.107011 0.0183323
0 0.85719 0.469891 0.0340225 0.0456876 0.0182517
0 0.736653 0.60136 0.0783894 0.070966 0.0181984
0 0.294053 0.573306 0.0221624 0.0453038 0.018189
0 0.934977 0.528558 0.10254 0.0754218 0.0181662
0 0.880599 0.493298 0.0424448 0.0443909 0.0180933
0 0.714982 0.140742 0.0898487 0.128407 0.0180882
0 0.905332 0.500212 0.0821129 0.0817938 0.0180445
0 0.565135 0.524094 0.0570183 0.0727104 0.0179724
0 0.818853 0.544666 0.0818589 0.0596141 0.0179604
0 0.902816 0.952103 0.0558451 0.0887933 0.0178939
0 0.419065 0.815677 0.0296306 0.0476691 0.017808
0 0.46402 0.628756 0.0231503 0.0506461 0.0177996
0 0.318537 0.791257 0.0395612 0.0604099 0.0177775
0 0.270534 0.506931 0.0536319 0.080436 0.0177613
0 0.355773 0.559028 0.0763005 0.137859 0.017739
0 0.171744 0.479281 0.129192 0.156411 0.0177382
0 0.455258 0.671131 0.031488 0.0540322 0.0176895
0 0.880497 0.892979 0.0987471 0.177121 0.0176459
0 0.387747 0.41648 0.03169 0.0438426 0.0175901
0 0.917335 0.916177 0.0666555 0.144948 0.0175585
0 0.419145 0.834928 0.0315997 0.0495051 0.0174244
0 0.683153 0.511311 0.05549 0.0584393 0.0173923
0 0.151356 0.555755 0.0256616 0.0371453 0.0173192
0 0.601959 0.525521 0.0927032 0.077053 0.0172646
0 0.907459 0.522228 0.0933781 0.0733743 0.0172596
0 0.726451 0.744417 0.124594 0.214389 0.0171186
0 0.551794 0.566871 0.0383914 0.0544491 0.0170569
0 0.934154 0.958546 0.0857063 0.0803131 0.0170267
0 0.413568 0.805152 0.0191865 0.0480114 0.0169789
0 0.439406 0.504847 0.0555209 0.0612583 0.016943
0 0.459163 0.649643 0.0209999 0.0475147 0.0169142
0 0.953617 0.969374 0.080393 0.0545851 0.016687
0 0.44659 0.439129 0.0586539 0.0902216 0.0166835
0 0.285923 0.733036 0.0487263 0.0709064 0.0166793
0 0.0149451 0.886289 0.0307032 0.101576 0.0166648
0 0.52932 0.512211 0.0408648 0.0583153 0.0165757
0 0.379339 0.663475 0.0849411 0.0638976 0.0165757
0 0.468416 0.430845 0.0427255 0.0699746 0.016561
0 0.530861 0.598281 0.0416113 0.0826962 0.0165464
0 0.878657 0.60175 0.0932516 0.0794603 0.016538
0 0.688953 0.138113 0.0847284 0.124823 0.0165265
0 0.978786 -0.0126274 0.0408663 0.0437666 0.0165215
0 0.00353322 0.68445 0.00869603 0.0598168 0.0165088
