0 0.526274 0.429715 0.0362056 0.0452528 0.828678
0 0.557631 0.42992 0.00973701 0.0365558 0.726052
0 0.5625 0.433197 0 0.0347477 0.614486
0 0.5625 0.429681 0 0.0201256 0.455931
0 0.5625 0.440067 0 0.0274808 0.439989
0 0.5625 0.437237 0 0.0306035 0.397682
0 0.508511 0.428956 0.0125654 0.0311497 0.39031
0 0.5625 0.432892 0 0.0380435 0.376084
0 0.557499 0.422462 0.0100019 0.0287287 0.319861
0 0.513932 0.402552 0.0216336 0.026101 0.267931
0 0.5625 0.419834 0 0.0238049 0.223712
0 0.5625 0.415763 0 0.0279984 0.213577
0 0.5625 0.439791 0 0.0346948 0.21218
0 0.5625 0.425647 0 0.0190055 0.205129
0 0.5625 0.439733 0 0.0274623 0.196451
0 0.557252 0.417024 0.0104969 0.0192033 0.189773
0 0.50795 0.414321 0.011055 0.0183382 0.181539
0 0.5091 0.417585 0.0128511 0.0282686 0.177767
0 0.557879 0.427525 0.00924144 0.0238614 0.175879
0 0.5625 0.416383 0 0.0192817 0.167224
0 0.516683 0.399694 0.0167026 0.0182215 0.163712
0 0.5625 0.427354 0 0.0214202 0.163235
0 0.55099 0.421509 0.014205 0.0208706 0.161012
0 0.5625 0.428481 0 0.0227792 0.157812
0 0.508887 0.399051 0.0132144 0.0189943 0.153598
0 0.5625 0.425392 0 0.0266913 0.144905
0 0.51271 0.409866 0.0137575 0.0217419 0.138897
0 0.516172 0.411887 0.0149491 0.0231457 0.137602
0 0.557035 0.42607 0.0109308 0.021463 0.137576
0 0.539056 0.427274 0.0140805 0.0266254 0.134756
0 0.5625 0.439723 0 0.0206243 0.133894
0 0.5625 0.43354 0 0.0216665 0.129985
0 0.535114 0.41841 0.012506 0.0227464 0.124888
0 0.5625 0.424219 0 0.0211036 0.117962
0 0.5625 0.431504 0 0.0217289 0.116507
0 0.5625 0.409864 0 0.0180519 0.111639
0 0.5625 0.381241 0 0.0538059 0.110255
0 0.518469 0.426477 0.0135897 0.0243609 0.103878
0 0.534008 0.424719 0.0146128 0.0257308 0.102007
0 0.556975 0.411773 0.0110493 0.0159515 0.100481
0 0.5625 0.395395 0 0.0737883 0.100171
0 0.5625 0.387063 0 0.0365051 0.0953793
0 0.5625 0.437425 0 0.0224922 0.094883
0 0.5625 0.382714 0 0.0716342 0.0940712
0 0.5625 0.384522 0 0.0632648 0.0926225
0 0.5625 0.431127 0 0.0207593 0.0922343
0 0.5625 0.435101 0 0.0297374 0.0914194
0 0.5625 0.421779 0 0.0312451 0.0904176
0 0.5625 0.378122 0 0.0691305 0.0892785
0 0.5625 0.41039 0 0.0155071 0.0888297
0 0.640078 0.404982 0.0179689 0.0190809 0.0883685
0 0.900788 0.39091 0.0581715 0.0569695 0.0870562
0 0.678952 0.395762 0.0813359 0.065196 0.0862569
0 0.895139 0.40189 0.0452587 0.037976 0.0861039
0 0.913501 0.394831 0.0884249 0.0605061 0.0860899
0 0.860899 0.38604 0.124649 0.0780998 0.0837029
0 0.579045 0.419583 0.0139546 0.0183512 0.0824627
0 0.656435 0.416754 0.0420893 0.0571501 0.0808937
0 0.832118 0.381375 0.0647667 0.0573309 0.0771514
0 0.522484 0.40607 0.0139843 0.0154889 0.0760517
0 0.933117 0.419289 0.13215 0.122456 0.0755521
0 0.658222 0.378398 0.0767339 0.0534018 0.0749653
0 0.888854 0.39006 0.0648859 0.0654296 0.0742885
0 0.506347 0.425659 0.011305 0.0222722 0.0699584
0 0.986576 0.385796 0.0259993 0.0649885 0.0683427
0 0.980103 0.392324 0.0406593 0.0873089 0.0682436
0 0.675491 0.414884 0.0838594 0.0823568 0.0659065
0 0.84679 0.406987 0.0894129 0.0931218 0.0656308
0 0.514323 0.389907 0.0136318 0.01747 0.0646845
0 0.978687 0.46817 0.0429689 0.197337 0.0628466
0 0.902697 0.403468 0.0612188 0.0494483 0.0625664
0 0.901013 0.364395 0.208548 0.146822 0.0606582
0 0.508855 0.40724 0.0220018 0.0372078 0.0605422
0 0.520821 0.391852 0.0153674 0.0223468 0.0604181
0 0.512149 0.422475 0.0136501 0.0222303 0.0602901
0 0.878834 0.410638 0.0204519 0.0214703 0.0598598
0 0.635531 0.403686 0.0224769 0.0344479 0.0593181
0 0.873586 0.402398 0.030122 0.032952 0.05926
0 0.961658 0.381131 0.0723261 0.0949429 0.058724
0 0.940426 0.448336 0.119243 0.188579 0.0578749
0 0.510443 0.406201 0.00969572 0.0177856 0.057525
0 0.983525 0.493862 0.033206 0.169756 0.0572721
0 0.52984 0.433164 0.0223433 0.0349886 0.0559898
0 0.932257 0.365772 0.133713 0.131807 0.0559126
0 0.588292 0.419731 0.0135926 0.0181302 0.0551476
0 0.98382 0.433598 0.0338131 0.130172 0.054464
0 0.815776 0.369945 0.095434 0.0896508 0.0544443
0 0.913749 0.414273 0.0935062 0.0955653 0.0542001
0 0.578319 0.33654 0.0404263 0.031598 0.0537667
0 0.856786 0.419974 0.0665121 0.0811801 0.0536956
0 0.820564 0.384789 0.0784049 0.0766407 0.0531054
0 0.549956 0.338391 0.0212683 0.0218442 0.0529449
0 0.585168 0.344296 0.0502485 0.040261 0.0521755
0 0.503229 0.419066 0.0191091 0.035097 0.0521403
0 0.59084 0.409841 0.0124653 0.0134585 0.051941
0 0.518471 0.390109 0.0135578 0.016231 0.0516496
0 0.659 0.340464 0.0299163 0.0216417 0.051486
0 0.667531 0.351526 0.0241588 0.0169545 0.0514487
0 0.873063 0.410626 0.0298548 0.0316849 0.0505162
0 0.872809 0.245511 0.0598925 0.0785542 0.0505011
0 0.510623 0.389676 0.0134278 0.0225099 0.0480308
0 0.785141 0.376473 0.0691841 0.0698641 0.047286
0 0.794739 0.399458 0.0722157 0.106485 0.0470825
0 0.661261 0.420582 0.0597757 0.0676011 0.046855
0 0.0255365 0.464256 0.0520293 0.337894 0.0459854
0 0.569658 0.339 0.042398 0.0342398 0.0456779
0 0.469174 0.260083 0.032596 0.0586558 0.0451251
0 0.698725 0.394399 0.0505728 0.0718022 0.0439363
0 0.512759 0.374703 0.0134892 0.0219851 0.0438769
0 0.848741 0.368656 0.124111 0.103044 0.0435997
0 0.821995 0.400831 0.100374 0.112823 0.0426077
0 0.0202336 0.376953 0.0390333 0.150848 0.0421523
0 0.918485 0.382549 0.109595 0.0802281 0.0420737
0 0.899425 0.421446 0.0749649 0.0760703 0.0418953
0 0.544032 0.356122 0.0149406 0.0161009 0.0414774
0 0.963408 0.461447 0.0745493 0.200845 0.0411144
0 0.557055 0.314711 0.0300746 0.0352805 0.0409182
0 0.522218 0.319813 0.0294954 0.0387556 0.040712
0 0.693637 0.365703 0.0417962 0.0304034 0.0405332
0 0.512174 0.321189 0.019354 0.0338328 0.0402768
0 0.987474 0.516696 0.0239803 0.149463 0.0395224
0 0.740383 0.330563 0.0255585 0.0400131 0.0395034
0 0.70829 0.359977 0.030381 0.025685 0.0385398
0 0.765128 0.377798 0.0839818 0.0760272 0.0385196
0 0.736905 0.350578 0.0263911 0.0245286 0.0381813
0 0.958295 0.426157 0.082769 0.136507 0.0377862
0 0.748857 0.394952 0.0779513 0.0980025 0.0370766
0 0.503477 0.426237 0.0232698 0.0382833 0.0370754
0 0.615757 0.317767 0.0332328 0.0349514 0.0370735
0 0.646788 0.344885 0.0292891 0.0238286 0.0369965
0 0.558454 0.460558 0.0200194 0.0363036 0.0366813
0 0.958669 0.363719 0.0795425 0.146303 0.0359577
0 0.570618 0.379943 0.0294155 0.0413346 0.0358147
0 0.624508 0.340473 0.0348029 0.0335144 0.0355753
0 0.506331 0.290766 0.0218511 0.0259533 0.0355594
0 0.898158 0.42152 0.188801 0.229598 0.0351859
0 0.699158 0.332981 0.0292543 0.0346476 0.035034
0 0.730917 0.319738 0.0398441 0.0590078 0.0350168
0 0.873443 0.424491 0.0357519 0.047162 0.0348059
0 0.685408 0.346712 0.0188886 0.0172066 0.0345799
0 0.714833 0.357649 0.0358147 0.0281301 0.0345185
0 0.725497 0.317926 0.0548842 0.075911 0.0343838
0 0.736601 0.358264 0.0345619 0.0403788 0.0342757
0 0.702298 0.413529 0.0450461 0.0694736 0.0338739
0 0.720157 0.382134 0.0755558 0.0929996 0.0331371
0 0.50003 0.424684 0.0150185 0.0232692 0.0331143
0 0.974014 0.369687 0.0454761 0.108682 0.0328453
0 0.761552 0.370191 0.0646238 0.0563776 0.0321042
0 0.61429 0.335372 0.0314972 0.0289634 0.0319874
0 0.549621 0.318715 0.0262136 0.0305473 0.031948
0 0.854451 0.423267 0.150634 0.1716 0.0319425
0 0.718785 0.30378 0.0325154 0.0389956 0.0318768
0 0.640252 0.453803 0.023708 0.0366297 0.0316357
0 0.709695 0.322617 0.0438066 0.0592268 0.0314289
0 0.731814 0.351446 0.0363965 0.0299335 0.0311976
0 0.71019 0.296054 0.0243654 0.0316208 0.0302965
0 0.517409 0.433139 0.017384 0.030093 0.029808
0 0.715193 0.363759 0.0746435 0.0919614 0.0295996
0 0.738307 0.424512 0.0519315 0.0733487 0.0293618
0 0.884067 0.37241 0.0995525 0.0931471 0.0293591
0 0.861214 0.436884 0.0757549 0.0858082 0.0287296
0 0.905568 0.435402 0.0983011 0.110572 0.0285533
0 0.991771 0.535866 0.015995 0.120442 0.0284287
0 0.650163 0.449574 0.0189314 0.0280025 0.0282798
0 0.740664 0.375313 0.0562839 0.0608359 0.028118
0 0.518583 0.305968 0.0266697 0.032535 0.0276608
0 0.695904 0.313835 0.03021 0.0421163 0.0276473
0 0.985414 0.366713 0.0282749 0.115554 0.027617
0 0.771375 0.407923 0.0755702 0.109648 0.0274027
0 0.877288 0.433732 0.061256 0.0751289 0.0273457
0 0.578609 0.318672 0.0303426 0.0274752 0.0271955
0 0.742243 0.431785 0.0395063 0.0535719 0.027164
0 0.713418 0.43534 0.0256595 0.0342413 0.0266137
0 0.664412 0.44096 0.0234189 0.0295857 0.0262439
0 0.509651 0.373106 0.0270112 0.0561045 0.0261846
0 0.90441 0.919881 0.0524361 0.0731557 0.0259034
0 0.665506 0.36989 0.045021 0.0590796 0.0251833
0 0.0524301 0.37449 0.0812859 0.10437 0.0250099
0 0.738956 0.321277 0.0317695 0.0467586 0.0249455
0 0.0596762 0.698386 0.11114 0.214306 0.0249253
0 0.0402252 0.406333 0.0805089 0.211092 0.0244303
0 0.648621 0.434729 0.0221953 0.0323236 0.0242113
0 0.487065 0.415064 0.0318476 0.0480697 0.0239842
0 0.691297 0.320005 0.0277362 0.0359323 0.0239388
0 0.780598 0.363889 0.0427548 0.0485713 0.0239207
0 0.993523 0.553673 0.012628 0.0971291 0.0236495
0 0.990176 0.742603 0.019264 0.122346 0.0234138
0 0.041466 0.481364 0.0794057 0.351466 0.0229476
0 0.905967 0.380712 0.050676 0.0523998 0.0227082
0 0.496709 0.321999 0.021645 0.0335141 0.0225746
0 0.871783 0.928037 0.12212 0.144171 0.0219184
0 0.956979 0.467242 0.0844265 0.132028 0.0218799
0 0.966208 0.503449 0.0660072 0.187191 0.0217449
0 0.60525 0.321861 0.026446 0.0263686 0.0215263
0 0.0493173 0.359355 0.0930433 0.166608 0.0215152
0 0.928174 0.473733 0.14555 0.284191 0.0213698
0 0.852654 0.342783 0.192819 0.144839 0.0210746
0 0.501963 0.445963 0.0134764 0.0239987 0.0207744
0 0.48982 0.340266 0.042275 0.0794385 0.0207397
0 0.765891 0.34789 0.0664761 0.057363 0.0202843
0 0.668714 0.329827 0.0279531 0.0288286 0.0202636
0 0.728365 0.765606 0.0238378 0.0401194 0.0201038
0 0.484767 0.426909 0.0508528 0.065392 0.0200681
0 0.088232 0.363429 0.0676659 0.0841185 0.0197633
0 0.497459 0.459656 0.0305285 0.0418599 0.019687
0 0.0508551 0.636478 0.0891308 0.177224 0.019678
0 0.531041 0.353553 0.0180121 0.0196568 0.0192315
0 0.661289 0.331603 0.0255805 0.0244886 0.0191206
0 0.844873 0.433074 0.0941445 0.104616 0.0188923
0 0.756942 0.81073 0.0344849 0.0590875 0.0188847
0 0.727209 0.451158 0.0267209 0.0386469 0.0187672
0 0.478332 0.28079 0.0417207 0.0643753 0.0186887
0 0.566559 0.312957 0.0224898 0.022538 0.0184426
0 0.0433232 0.555965 0.081694 0.280117 0.0184012
0 0.754443 0.820831 0.0269814 0.0415083 0.0181192
0 0.833469 0.188946 0.256231 0.345051 0.0181034
0 0.702734 0.307109 0.0384258 0.0494071 0.0180048
0 0.718292 0.747047 0.0506364 0.0799481 0.0179629
0 0.917201 0.468841 0.106083 0.131284 0.0178498
0 0.557517 0.310844 0.0206783 0.0222908 0.0177607
0 0.72158 0.444091 0.0155359 0.0253904 0.0176687
0 0.493528 0.291128 0.0272107 0.0315585 0.017632
0 0.707309 0.458184 0.0290188 0.0409184 0.0176124
0 0.544324 0.323993 0.0180607 0.0200404 0.0174925
0 0.069087 0.371658 0.110877 0.139577 0.0174347
0 0.801514 0.426371 0.136459 0.165247 0.0173747
0 0.140833 0.510301 0.114212 0.114934 0.0173566
0 0.722876 0.458524 0.0137501 0.0236965 0.0173021
0 0.683777 0.44047 0.0241112 0.0293594 0.0172848
0 0.932366 0.339272 0.080818 0.0915194 0.0171935
0 0.0326877 0.282124 0.0665637 0.254257 0.0171782
0 0.496444 0.277684 0.0360922 0.0424741 0.0171546
0 0.70761 0.722504 0.0542474 0.0787206 0.017119
0 0.18007 0.182324 0.304172 0.376656 0.0170439
0 0.0142516 0.629855 0.0299476 0.148077 0.0169701
0 0.976324 0.531496 0.0460411 0.150616 0.0169313
0 0.170068 0.51706 0.0451993 0.042005 0.0169266
0 0.845903 0.928203 0.0839487 0.1212 0.0168945
0 0.763297 0.427729 0.0534198 0.0738837 0.0168319
0 0.694206 0.127318 0.0309794 0.0488829 0.0167715
0 0.642778 0.33234 0.0216555 0.0229115 0.0166745
0 0.516481 0.288457 0.0187438 0.0248301 0.016619
0 0.523291 0.320474 0.0209891 0.0248153 0.0165955
0 0.985828 0.746072 0.0294054 0.167523 0.0165208
0 0.0664573 0.416975 0.112573 0.191037 0.0164235
0 0.171592 0.529148 0.0492193 0.0507181 0.0164123
0 0.45855 0.278741 0.0496909 0.0712534 0.0163585
0 0.612898 0.307919 0.0380397 0.0496593 0.0159789
0 0.145183 0.549835 0.107028 0.120885 0.0159348
0 0.83624 0.891753 0.0569691 0.090783 0.0158253
0 0.442681 0.427718 0.0471764 0.0627107 0.0158238
0 0.404805 0.755612 0.0349312 0.0353241 0.0157715
0 0.81672 0.426542 0.0816868 0.10569 0.0157267
0 0.186802 0.519838 0.0876276 0.0958416 0.0157211
0 0.579512 0.311829 0.0239259 0.0272582 0.0157167
0 0.892418 0.450219 0.0850456 0.112456 0.0156474
0 0.484935 0.428601 0.0350049 0.049175 0.0156218
0 0.928032 0.536096 0.121099 0.187576 0.0155881
0 0.0137811 0.682478 0.0303859 0.145066 0.0155552
0 0.725053 0.496175 0.0365372 0.0582724 0.0154486
0 0.486663 0.307146 0.0372595 0.0631381 0.0154355
0 0.0163845 0.56718 0.0323131 0.188962 0.0153828
0 0.741434 0.251698 0.0462627 0.139038 0.0153113
0 0.47818 0.322972 0.0472612 0.101674 0.0153045
0 0.984427 0.556242 0.0315546 0.142661 0.0151963
0 0.443314 0.308101 0.139384 0.275584 0.0151252
0 0.742499 0.299258 0.0191595 0.0351071 0.0151211
0 0.0240717 0.348075 0.0462331 0.118991 0.0150948
0 0.853525 0.454376 0.0771555 0.093421 0.0150476
0 0.724396 0.424177 0.0666657 0.093315 0.015008
0 0.782845 0.811591 0.0371379 0.0614293 0.0150063
0 0.707531 0.496019 0.0345661 0.0514455 0.0149465
0 0.0675668 0.517931 0.127631 0.392323 0.0148782
0 0.736675 0.445893 0.0357903 0.0443543 0.0148411
0 0.883005 0.239387 0.0851036 0.0938266 0.0147828
0 0.116949 0.500689 0.124247 0.129238 0.014769
0 0.80574 0.887532 0.0583164 0.0927872 0.0147497
0 0.0562235 0.488241 0.0996492 0.210365 0.0147157
0 0.291653 0.421305 0.0248317 0.0313674 0.0147078
0 0.746642 0.451846 0.034232 0.0440364 0.0146856
0 0.726122 0.75996 0.0310314 0.0466146 0.0146153
0 0.496639 0.267148 0.034162 0.0463552 0.0146129
0 0.0808494 0.459847 0.13341 0.185369 0.0145892
0 0.46655 0.290586 0.0488491 0.0952079 0.0145724
0 0.45745 0.452616 0.0385484 0.055608 0.0145225
0 0.989308 0.706654 0.0205101 0.119804 0.0144871
0 0.66544 0.461534 0.0197629 0.0275225 0.0144464
0 0.481895 0.4358 0.0219561 0.0341893 0.014393
0 0.177748 0.545148 0.0771014 0.0936841 0.0143781
0 0.979179 -0.0121418 0.0401258 0.04282 0.0142993
0 0.161173 0.743037 0.0667482 0.101501 0.0142791
0 0.0171916 0.311198 0.0373741 0.143789 0.0142142
0 0.772845 0.807477 0.0383922 0.0641685 0.0140877
0 0.0763354 0.379209 0.0709629 0.0926203 0.0139649
0 0.9594 0.509852 0.0717428 0.101548 0.0139575
0 0.440796 0.289938 0.0392401 0.0827298 0.0139497
0 0.689747 0.466855 0.0190584 0.0256342 0.0139414
0 0.970025 0.344239 0.0542503 0.130291 0.0138891
0 0.4358 0.462104 0.0430782 0.0529993 0.0138478
0 0.0953571 0.698783 0.115649 0.165585 0.0137975
