0 0.33394 0.526915 0.211199 0.250865 0.899318
0 0.546591 0.512736 0.031818 0.0784809 0.89779
0 0.0117085 0.499457 0.0234169 0.0729504 0.752171
0 0.5625 0.50799 0 0.0322083 0.70514
0 0.5625 0.528051 0 0.0650587 0.704121
0 0.484825 0.498305 0.0422352 0.0486277 0.659031
0 0.130414 0.495263 0.0737758 0.0667184 0.580537
0 0.5625 0.511285 0 0.0378666 0.520009
0 0.5625 0.54788 0 0.0963017 0.407818
0 0.447824 0.492185 0.0359843 0.0497615 0.388929
0 0.5625 0.535834 0 0.0877105 0.384993
0 0.5625 0.510322 0 0.0396172 0.383157
0 0.232302 0.478623 0.0364031 0.0620494 0.382465
0 0.5625 0.536581 0 0.0804033 0.339026
0 0.5625 0.512095 0 0.0451842 0.323341
0 0.436279 0.488714 0.0341318 0.0529246 0.310951
0 0.430708 0.478369 0.0430396 0.0741899 0.305022
0 0.144014 0.492415 0.102661 0.081418 0.289029
0 0.5625 0.55096 0 0.105113 0.286766
0 0.0834468 0.501266 0.0737057 0.0720544 0.266042
0 0.166276 0.489269 0.0621421 0.0806411 0.263271
0 0.470035 0.489202 0.0425609 0.0549904 0.250004
0 0.108053 0.502593 0.0318455 0.0486554 0.246076
0 0.5625 0.516158 0 0.0437837 0.24257
0 0.189548 0.487267 0.0953006 0.0836576 0.240795
0 0.5625 0.51572 0 0.0712495 0.239818
0 0.0695024 0.501469 0.0511917 0.0665176 0.237208
0 0.5625 0.541495 0 0.0903168 0.23684
0 0.5625 0.527282 0 0.0718158 0.226109
0 0.5625 0.513966 0 0.0604423 0.213972
0 0.5625 0.522546 0 0.0612874 0.210754
0 0.5625 0.508415 0 0.0289486 0.206638
0 0.096594 0.499829 0.0526389 0.0624049 0.199343
0 0.5625 0.534649 0 0.0736993 0.196972
0 0.5625 0.51243 0 0.0368436 0.195321
0 0.5625 0.551514 0 0.114455 0.195265
0 0.5625 0.478338 0 0.026093 0.192921
0 0.5625 0.490519 0 0.0387047 0.192174
0 0.5625 0.54559 0 0.0874704 0.191847
0 0.5625 0.509954 0 0.0256254 0.186239
0 0.5625 0.511091 0 0.0345679 0.185698
0 0.467281 0.494937 0.0216425 0.0376762 0.18378
0 0.5625 0.498595 0 0.0439837 0.182748
0 0.422262 0.469335 0.0391108 0.0782763 0.179095
0 0.494319 0.501407 0.0236046 0.0353754 0.178893
0 0.5625 0.543352 0 0.0818771 0.177282
0 0.5625 0.479691 0 0.0245509 0.177152
0 0.5625 0.504856 0 0.0431377 0.174081
0 0.5625 0.487925 0 0.0359914 0.171249
0 0.44514 0.493434 0.0249189 0.0422674 0.166883
0 0.695433 0.511645 0.0176409 0.0304409 0.166368
0 0.622765 0.476263 0.0216378 0.0263773 0.165245
0 0.600665 0.477235 0.0209998 0.0222015 0.16467
0 0.677107 0.508972 0.0253585 0.0346848 0.160508
0 0.0474234 0.501952 0.0871326 0.0803163 0.156747
0 0.18082 0.455479 0.0218469 0.0305355 0.1564
0 0.221647 0.479003 0.0541675 0.0708704 0.153303
0 0.470008 0.50055 0.0171638 0.0307677 0.147571
0 0.75135 0.523152 0.0571507 0.0766448 0.147497
0 0.459821 0.496694 0.0208595 0.0332457 0.146539
0 0.664874 0.509548 0.0187407 0.0234969 0.138463
0 0.450734 0.493056 0.0197709 0.0378912 0.132942
0 0.171286 0.456933 0.0387653 0.0381855 0.13145
0 0.606344 0.493334 0.0427229 0.0478511 0.131124
0 0.687827 0.512744 0.017152 0.0267216 0.131023
0 0.622898 0.482506 0.0205431 0.027045 0.128952
0 0.76483 0.510366 0.0221759 0.0294071 0.125694
0 0.182104 0.461706 0.0285176 0.0432962 0.123585
0 0.966747 0.543659 0.0637564 0.116268 0.122114
0 0.23858 0.495781 0.0316776 0.0913779 0.12018
0 0.115639 0.491841 0.0473249 0.0640333 0.119838
0 0.225842 0.485704 0.0226084 0.0459439 0.118542
0 0.646554 0.508566 0.0137817 0.0248694 0.118028
0 0.647855 0.503281 0.0193747 0.0288334 0.117508
0 0.456379 0.48334 0.0506587 0.0727398 0.11692
0 0.883481 0.551244 0.125769 0.124799 0.113878
0 0.951465 0.600912 0.0996328 0.218951 0.111075
0 0.178829 0.451171 0.0285463 0.0371134 0.109922
0 0.471981 0.487779 0.0279525 0.0462983 0.109322
0 0.454227 0.493489 0.0173295 0.0287896 0.105794
0 0.633489 0.494844 0.0188603 0.0251224 0.100499
0 0.472293 0.473422 0.0331174 0.056419 0.100102
0 0.979319 0.538978 0.0416056 0.110768 0.100018
0 0.145024 0.498025 0.124182 0.113804 0.0979308
0 0.916089 0.589221 0.165061 0.210805 0.097289
0 0.614499 0.487758 0.0172197 0.0233578 0.0944873
0 0.439351 0.490817 0.0203109 0.0362198 0.0943156
0 0.161852 0.472708 0.05647 0.0791669 0.0934673
0 0.765651 0.512086 0.0347647 0.0453616 0.0927642
0 0.855299 0.549807 0.0733782 0.11285 0.0924802
0 0.860812 0.557518 0.126681 0.150851 0.0913036
0 0.474194 0.470565 0.0228833 0.0213662 0.0892072
0 0.440991 0.498669 0.0186237 0.033887 0.0891946
0 0.109944 0.50521 0.0234119 0.0360064 0.0879997
0 0.529787 0.482902 0.0200035 0.0275109 0.0873689
0 0.608922 0.476341 0.0163825 0.0185486 0.0867576
0 0.42532 0.48087 0.0203665 0.0406219 0.0857952
0 0.533064 0.472866 0.0248393 0.0427323 0.0839099
0 0.933245 0.571239 0.0774355 0.12851 0.0834557
0 0.610071 0.494431 0.0250771 0.0321382 0.0828615
0 0.797029 0.507005 0.0301412 0.0223233 0.0806017
0 0.241544 0.460832 0.0188585 0.0275944 0.0798554
0 0.757204 0.510304 0.0196652 0.0344016 0.0798507
0 0.483825 0.502874 0.0229774 0.033502 0.0797595
0 0.469276 0.480055 0.0205305 0.0240825 0.0777687
0 0.595063 0.476976 0.0158804 0.0171348 0.0777166
0 0.621977 0.496105 0.0253154 0.0300429 0.0776577
0 0.599313 0.486085 0.0217104 0.027954 0.0773567
0 0.49813 0.499074 0.015622 0.0264542 0.0772966
0 0.166346 0.445469 0.0509877 0.059048 0.0769731
0 0.772779 0.507145 0.0246318 0.0243214 0.0762569
0 0.629477 0.48602 0.0187333 0.02245 0.0758528
0 0.0829367 0.483858 0.078734 0.119507 0.0755633
0 0.180216 0.454806 0.0172196 0.0228683 0.0751021
0 0.0100316 0.494359 0.0181963 0.0521383 0.0745407
0 0.418302 0.456298 0.0309497 0.058795 0.0743429
0 0.664476 0.503292 0.0208163 0.0250734 0.0739905
0 0.963281 0.583173 0.0732378 0.143187 0.0737707
0 0.719042 0.515089 0.0377106 0.0552016 0.0721169
0 0.480606 0.477214 0.060676 0.0910979 0.0721106
0 0.812544 0.533067 0.031716 0.0535849 0.0719367
0 0.527738 0.474822 0.0314878 0.0517469 0.0706049
0 0.777901 0.519657 0.0171348 0.0337671 0.0701502
0 0.743713 0.505964 0.0403202 0.0447645 0.0700985
0 0.496186 0.494853 0.0291875 0.0397465 0.0692614
0 0.0988578 0.479013 0.123272 0.130235 0.0686102
0 0.20912 0.461777 0.0945875 0.111276 0.0679654
0 0.231556 0.492958 0.0191806 0.0465016 0.0679313
0 0.529004 0.494869 0.0202544 0.0327599 0.0671007
0 0.149679 0.502435 0.0455716 0.0635139 0.0670842
0 0.436703 0.480921 0.0234265 0.0408737 0.0670113
0 0.806328 0.515096 0.0265991 0.0338454 0.066981
0 0.477068 0.500413 0.0162637 0.0270498 0.0655009
0 0.472574 0.491847 0.0175521 0.029864 0.0651647
0 0.625058 0.489232 0.0173428 0.0237415 0.0641446
0 0.984567 0.574023 0.0313614 0.150309 0.0640587
0 0.200714 0.48972 0.0632354 0.0751064 0.0632267
0 0.601576 0.489786 0.0158669 0.0240729 0.0631014
0 0.533689 0.459549 0.0247662 0.0434721 0.0628456
0 0.697639 0.506726 0.0171724 0.0242355 0.0618308
0 0.799915 0.520161 0.0273199 0.0433857 0.0615678
0 0.529985 0.490283 0.016391 0.025371 0.061454
0 0.419276 0.470012 0.0631858 0.101155 0.0613036
0 0.699874 0.501938 0.0173274 0.0254779 0.0605675
0 0.0516539 0.478788 0.10256 0.140037 0.0587
0 0.790291 0.513952 0.0338828 0.0443122 0.0585073
0 0.104406 0.51216 0.0332983 0.0508958 0.0583589
0 0.474288 0.464858 0.0187588 0.0171837 0.0580859
0 0.586929 0.480015 0.0169793 0.0217727 0.0561784
0 0.535423 0.504844 0.0125631 0.0261072 0.0561766
0 0.219368 0.491986 0.0229881 0.037998 0.055972
0 0.178395 0.464339 0.0252153 0.0311498 0.0556597
0 0.417261 0.448242 0.0229163 0.0367898 0.0552202
0 0.236968 0.466257 0.0256799 0.0447245 0.0551592
0 0.51947 0.444323 0.0219133 0.029854 0.0551175
0 0.510067 0.485901 0.0192834 0.0369782 0.0544846
0 0.245357 0.476109 0.0403321 0.0735743 0.0540034
0 0.0689409 0.465816 0.0718403 0.11585 0.0535022
0 0.693974 0.498676 0.0191928 0.0252995 0.053003
0 0.923681 0.513031 0.155521 0.208614 0.0524056
0 0.6842 0.506896 0.0190926 0.0248661 0.0523572
0 0.504502 0.506415 0.0176074 0.0274355 0.0521935
0 0.583829 0.504849 0.029215 0.0515084 0.0518892
0 0.53543 0.498482 0.0142027 0.0232668 0.0516865
0 0.526534 0.49468 0.0149817 0.0249814 0.0516396
0 0.536319 0.489019 0.019512 0.0329766 0.0514193
0 0.186377 0.454466 0.0472772 0.0674978 0.0506585
0 0.580233 0.472077 0.0341472 0.0433516 0.050454
0 0.158786 0.457306 0.0669408 0.0796161 0.0498965
0 0.584007 0.507191 0.0150862 0.0265839 0.0494836
0 0.434423 0.49579 0.0203485 0.0410657 0.0483867
0 0.420928 0.495165 0.0520323 0.106822 0.0482895
0 0.806224 0.508301 0.0391899 0.0577875 0.0481698
0 0.586705 0.492583 0.0144341 0.0232801 0.0481197
0 0.829799 0.5516 0.11091 0.137049 0.0479928
0 0.954601 0.513242 0.0874626 0.224252 0.0464787
0 0.140285 0.469214 0.106481 0.107136 0.0461233
0 0.193833 0.499086 0.0332094 0.0506367 0.0460273
0 0.620759 0.51031 0.0186632 0.0300509 0.0458543
0 0.602602 0.475335 0.0241354 0.0355418 0.0456911
0 0.119734 0.504177 0.0547021 0.0618472 0.0456872
0 0.700524 0.520062 0.0172773 0.0313778 0.0454779
0 0.524348 0.481568 0.0147326 0.0232184 0.0448266
0 0.972717 0.616462 0.0560135 0.200346 0.0429747
0 0.647364 0.44668 0.0534451 0.109423 0.0409979
0 0.722459 0.496955 0.0201941 0.0265979 0.0404401
0 0.442359 0.478629 0.0376394 0.0558389 0.0402056
0 0.661852 0.499772 0.0191677 0.021551 0.0400234
0 0.242855 0.505321 0.0367157 0.140504 0.0397622
0 0.583388 0.47316 0.0509224 0.0658148 0.0396383
0 0.518622 0.431656 0.0217773 0.0278391 0.0393757
0 0.255688 0.514509 0.0518102 0.138754 0.0393381
0 0.749872 0.494409 0.0257288 0.0252122 0.039332
0 0.527666 0.504644 0.0139214 0.0221507 0.0391952
0 0.653796 0.487842 0.0328412 0.0440822 0.0391382
0 0.634381 0.46414 0.0318081 0.0561401 0.0389835
0 0.557937 0.451441 0.0440074 0.0622482 0.0386123
0 0.157518 0.503293 0.0212508 0.0419307 0.0385873
0 0.159923 0.505574 0.0366196 0.0502129 0.0384459
0 0.76833 0.520842 0.0255276 0.0492359 0.0380802
0 0.796272 0.535117 0.0245739 0.0498409 0.0375448
0 0.91347 0.533689 0.03787 0.0576441 0.0375094
0 0.412716 0.459356 0.0228484 0.0404165 0.0370766
0 0.419253 0.804467 0.0296435 0.0488037 0.0369342
0 0.242044 0.472703 0.0309627 0.0574634 0.036817
0 0.757083 0.484745 0.0239721 0.0343469 0.0362574
0 0.229143 0.510636 0.0176497 0.0395716 0.0353957
0 0.231121 0.307707 0.0388424 0.0528846 0.0344352
0 0.530702 0.43358 0.0295807 0.0397268 0.0343407
0 0.405629 0.458021 0.0647689 0.0896577 0.0340695
0 0.024611 0.513669 0.0398123 0.0912101 0.0337375
0 0.617714 0.501404 0.0186526 0.0324014 0.0335997
0 0.985259 0.619569 0.0294353 0.176023 0.0335752
0 0.1858 0.42849 0.0381655 0.0578695 0.0333025
0 0.972733 0.482102 0.055121 0.243557 0.0332311
0 0.0864675 0.429526 0.0980326 0.188526 0.0329247
0 0.0303272 0.48215 0.0606898 0.129887 0.0327838
0 0.706138 0.520393 0.0179343 0.0369175 0.0323614
0 0.224559 0.49284 0.018794 0.0379615 0.0319652
0 0.823917 0.509743 0.0402248 0.062901 0.0318012
0 0.389456 0.543083 0.0992051 0.219753 0.0312913
0 0.550677 0.465614 0.0261337 0.0315317 0.0312356
0 0.036333 0.455198 0.0777683 0.165813 0.0310142
0 0.0600543 0.430579 0.091304 0.184367 0.0309995
0 0.930264 0.606019 0.0999804 0.181145 0.0308751
0 0.27196 0.370151 0.0270156 0.0453533 0.0306985
0 0.0050941 0.510512 0.010952 0.0652197 0.0306678
0 0.0698123 0.511696 0.0680724 0.0860434 0.0305958
0 0.536511 0.511562 0.0136758 0.0221209 0.0305001
0 0.110646 0.448227 0.144845 0.213271 0.0304737
0 0.592332 0.490981 0.0148947 0.0281133 0.030334
0 0.479742 0.440038 0.0174268 0.0175603 0.030164
0 0.634138 0.418192 0.037399 0.0626922 0.0301338
0 0.242009 0.453775 0.0170418 0.023259 0.0301332
0 0.170943 0.353745 0.0497435 0.0740998 0.0297932
0 0.856472 0.57477 0.0886389 0.125837 0.0293004
0 0.534655 0.442749 0.027998 0.0459919 0.0286406
0 0.379253 0.442819 0.099086 0.0853399 0.0286159
0 0.0255052 0.295664 0.0563293 0.382562 0.0285464
0 0.643531 0.419371 0.0345559 0.0558599 0.0284466
0 0.477066 0.4485 0.0163684 0.0191727 0.0281453
0 0.249481 0.461392 0.0250852 0.0429728 0.0280705
0 0.517723 0.437901 0.0185079 0.023549 0.0279758
0 0.014383 0.45949 0.0323572 0.139778 0.0278643
0 0.724478 0.527731 0.0482472 0.082153 0.0277943
0 0.968737 0.50192 0.0644518 0.155702 0.0276565
0 0.322064 0.440197 0.123513 0.0735397 0.0276081
0 0.511056 0.436944 0.0170768 0.0219466 0.027545
0 0.272805 0.460865 0.0669807 0.0948359 0.0271956
0 0.981301 0.499555 0.037409 0.152361 0.0270508
0 0.504272 0.446101 0.0167411 0.0190952 0.0267963
0 0.0528814 0.385513 0.0997945 0.286025 0.0267613
0 0.617476 0.41096 0.0482047 0.06386 0.0264302
0 0.783846 0.53008 0.0190444 0.0432855 0.0262334
0 0.207397 0.464636 0.0368602 0.0486059 0.0260741
0 0.36159 0.451958 0.119163 0.0988593 0.0258979
0 0.150384 0.504001 0.0274652 0.0431244 0.0258572
0 0.36018 0.598263 0.0786173 0.100686 0.0257494
0 0.266349 0.499606 0.0887929 0.170819 0.0257112
0 0.877827 0.494748 0.125361 0.210727 0.0256651
0 0.232865 0.44983 0.037923 0.0508241 0.0256574
0 0.957334 0.456094 0.0856545 0.19941 0.0254592
0 0.0541569 0.520911 0.081489 0.111307 0.0253294
0 0.396572 0.442271 0.050545 0.0702339 0.0253133
0 0.35847 0.0981362 0.0349957 0.0559028 0.025122
0 0.239929 0.530269 0.0308035 0.119293 0.0249441
0 0.469525 0.811557 0.0164021 0.0262565 0.0247989
0 0.319563 0.808844 0.101403 0.151142 0.0247243
0 0.0320881 0.359543 0.0696493 0.342006 0.0245994
0 0.24971 0.449445 0.0226495 0.0278128 0.0245877
0 0.757984 0.496691 0.0243901 0.0239144 0.0244416
0 0.505417 0.450001 0.0440919 0.0722488 0.0243004
0 0.801401 0.500027 0.0200356 0.0172461 0.0242289
0 0.178337 0.40016 0.0614977 0.0865484 0.0241996
0 0.958297 0.637582 0.0790541 0.172399 0.0241294
0 0.340662 0.439208 0.0792653 0.0661742 0.0241253
0 0.422977 0.510433 0.0322075 0.0827931 0.0240598
0 0.607108 0.407613 0.0479935 0.0576713 0.0240555
0 0.992887 0.880456 0.013484 0.0918623 0.0240164
0 0.232791 0.383867 0.0625882 0.146897 0.023826
0 0.0135611 0.468251 0.0209001 0.0765216 0.0236558
0 0.132132 0.51152 0.0488742 0.0555528 0.0236208
0 0.0794018 0.386565 0.119817 0.256615 0.0230697
0 0.407983 0.501943 0.0497107 0.100292 0.0230401
0 0.305009 0.460204 0.151747 0.114334 0.0229888
0 0.319436 0.559126 0.16214 0.170466 0.0228553
0 0.0217627 0.54076 0.0468003 0.149429 0.0227854
0 0.0127838 0.535871 0.0312439 0.150304 0.0226058
0 0.166213 0.369813 0.0541835 0.0831542 0.0225749
0 0.156251 0.430963 0.110844 0.135671 0.0225111
0 0.360631 0.429517 0.0838925 0.0590603 0.0224941
0 0.827346 0.23434 0.224988 0.366674 0.02244
0 0.405135 0.483919 0.0606595 0.0909673 0.0224014
0 0.254591 0.455336 0.0320625 0.0404024 0.0222086
0 0.161408 0.346675 0.0542904 0.0853463 0.0220992
0 0.0173491 0.258847 0.0348273 0.186055 0.0220445
0 0.820539 0.512188 0.0861709 0.115231 0.021878
0 0.239004 0.524431 0.0202347 0.0730259 0.0217496
0 0.0430047 0.399203 0.0530674 0.142129 0.0216859
0 0.126238 0.51221 0.0798407 0.0844958 0.0216722
