0 0.306476 0.509221 0.0449069 0.0608743 0.925691
0 0.0527274 0.585228 0.105238 0.153055 0.867931
0 0.527298 0.491074 0.0494731 0.05672 0.853687
0 0.138294 0.563273 0.0896574 0.103011 0.843967
0 0.499093 0.488276 0.0238822 0.0433636 0.785162
0 0.483786 0.479723 0.0263156 0.0463734 0.677697
0 0.459633 0.488338 0.0153354 0.0207298 0.624403
0 0.35543 0.504503 0.0251299 0.031162 0.622491
0 0.336704 0.507425 0.022484 0.0381245 0.619533
0 0.47682 0.478946 0.0209359 0.0409806 0.560041
0 0.434215 0.49531 0.0130027 0.0176877 0.440811
0 0.444753 0.487986 0.0132404 0.0214235 0.377259
0 0.5625 0.459892 0 0.0791495 0.356961
0 0.473803 0.486705 0.0133227 0.0278009 0.316138
0 0.424022 0.496109 0.0209688 0.0211407 0.297659
0 0.481739 0.487646 0.0165568 0.0312362 0.294547
0 0.443006 0.491188 0.0128422 0.0203124 0.293339
0 0.476795 0.485659 0.0154114 0.0313898 0.291145
0 0.444553 0.48493 0.0180828 0.0292029 0.28475
0 0.417228 0.498709 0.0140292 0.0186612 0.273363
0 0.469626 0.487837 0.013659 0.0269455 0.270275
0 0.415428 0.499982 0.0114355 0.0146878 0.267258
0 0.485696 0.485161 0.0192169 0.0402748 0.262203
0 0.455456 0.490511 0.0114436 0.0172326 0.238329
0 0.493412 0.489506 0.0177911 0.0360025 0.237992
0 0.446422 0.4931 0.0126435 0.0185036 0.234499
0 0.359 0.505081 0.0177857 0.0248876 0.234122
0 0.465871 0.487529 0.0121105 0.0236219 0.216924
0 0.461782 0.486542 0.0129622 0.0271505 0.216252
0 0.42412 0.496516 0.0133727 0.0161416 0.213958
0 0.439597 0.49408 0.0118005 0.016425 0.212099
0 0.5625 0.465455 0 0.0581128 0.205843
0 0.330121 0.511162 0.0174692 0.0345617 0.205638
0 0.5625 0.421385 0 0.148286 0.20248
0 0.5625 0.4538 0 0.0959591 0.194219
0 0.355598 0.508688 0.0158927 0.0284513 0.188955
0 0.33924 0.509202 0.0167874 0.0296743 0.176765
0 0.5625 0.452234 0 0.0791779 0.173135
0 0.366113 0.50333 0.0146474 0.0237385 0.173073
0 0.343977 0.507841 0.0151921 0.0309829 0.170636
0 0.34665 0.511409 0.0162122 0.0279684 0.167869
0 0.412918 0.502199 0.0109161 0.0146174 0.153114
0 0.379538 0.496014 0.0299976 0.0322678 0.151814
0 0.472251 0.476519 0.0143791 0.0362646 0.149511
0 0.428948 0.500122 0.0141225 0.0181639 0.147536
0 0.387388 0.494627 0.0197563 0.0284247 0.138528
0 0.489891 0.489292 0.0120499 0.0237858 0.137511
0 0.334684 0.513119 0.0166236 0.0316015 0.136877
0 0.5625 0.4256 0 0.163911 0.136361
0 0.448112 0.492349 0.010081 0.0147221 0.135575
0 0.445123 0.477652 0.0139276 0.0204686 0.13128
0 0.394429 0.501347 0.0135564 0.0197595 0.131053
0 0.370561 0.498033 0.0165596 0.0286431 0.125756
0 0.984956 0.424203 0.0303654 0.162332 0.122242
0 0.119684 0.565113 0.0569588 0.0941493 0.120072
0 0.485199 0.491309 0.0151587 0.0344604 0.116892
0 0.407912 0.500222 0.0154542 0.0195663 0.113022
0 0.734125 0.448921 0.0488726 0.0350548 0.111697
0 0.391099 0.496458 0.0139193 0.0219156 0.102616
0 0.516906 0.490988 0.03068 0.0457481 0.100783
0 0.159008 0.556496 0.0485374 0.0806583 0.100516
0 0.383001 0.498258 0.0179897 0.0259696 0.0984972
0 0.928146 0.457974 0.0698803 0.0766969 0.0947744
0 0.472376 0.489283 0.0111432 0.0205146 0.0912801
0 0.0243519 0.593963 0.0488088 0.149871 0.0904585
0 0.363391 0.498886 0.0173147 0.025189 0.086374
0 0.379213 0.501437 0.0164003 0.0222368 0.085209
0 0.00679782 0.608788 0.0139598 0.136011 0.0828183
0 0.239613 0.512136 0.0155321 0.0253198 0.0819052
0 0.988921 0.39583 0.0222433 0.101212 0.0732457
0 0.009841 0.5906 0.0213171 0.139665 0.069834
0 0.490578 0.475013 0.022201 0.0367746 0.0684095
0 0.498589 0.475742 0.0207747 0.0294317 0.0655978
0 0.458527 0.51145 0.0146696 0.0303496 0.0655784
0 0.97248 0.47276 0.0556494 0.0971809 0.0640063
0 0.928351 0.434474 0.127459 0.14369 0.0629567
0 0.910591 0.44908 0.0669914 0.0925668 0.0607689
0 0.346646 0.519868 0.0162792 0.0281696 0.0588317
0 0.732617 0.446182 0.0620926 0.0460762 0.0571638
0 0.548421 0.489391 0.012865 0.0270074 0.0570601
0 0.730735 0.420478 0.0537956 0.0795064 0.0540309
0 0.990253 0.471027 0.0185888 0.0995541 0.0538638
0 0.237551 0.516218 0.0243025 0.0339608 0.0537403
0 0.520641 0.48428 0.0168856 0.0354154 0.0516602
0 0.763984 0.45089 0.0121348 0.0233106 0.0514958
0 0.741328 0.443808 0.0354712 0.0407557 0.0500655
0 0.479982 0.489569 0.0121278 0.0253172 0.0500577
0 0.34987 0.503132 0.0135686 0.02569 0.0489632
0 0.342288 0.500767 0.0145978 0.0266292 0.0485209
0 0.751672 0.446656 0.0288148 0.0367936 0.047598
0 0.953263 0.470833 0.0988188 0.114228 0.0467392
0 0.4409 0.477729 0.0106441 0.0156715 0.0463566
0 0.508755 0.488173 0.0185085 0.0329189 0.045955
0 0.323889 0.511773 0.0152891 0.0306831 0.0458343
0 0.0088807 0.551394 0.0187449 0.095091 0.045052
0 0.528125 0.467713 0.0140709 0.0330567 0.0449647
0 0.764347 0.448764 0.0165008 0.0302987 0.0441367
0 0.758413 0.44339 0.0175584 0.0334206 0.0438266
0 0.289768 0.505881 0.0178911 0.0356433 0.0426958
0 0.28655 0.502491 0.0130222 0.0248959 0.0423045
0 0.45996 0.49141 0.0108191 0.0159177 0.0417572
0 0.0715256 0.574 0.0698 0.125837 0.0415634
0 0.0643079 0.688995 0.0927463 0.206833 0.0406774
0 0.10646 0.554945 0.0356265 0.0605971 0.040535
0 0.754716 0.446489 0.0179399 0.0244188 0.0404506
0 0.505035 0.476058 0.0191945 0.0269158 0.0402694
0 0.0705493 0.533678 0.0534426 0.0518468 0.0402666
0 0.0627815 0.419338 0.0205566 0.0264481 0.0401878
0 0.0172064 0.555939 0.0342962 0.0933966 0.039709
0 0.311811 0.512207 0.0165892 0.0243097 0.0393605
0 0.557075 0.482983 0.024944 0.0398058 0.0391123
0 0.747946 0.426576 0.0231336 0.0582325 0.0381457
0 0.0318095 0.663093 0.0617939 0.20397 0.0371441
0 0.490477 0.447083 0.0326886 0.0666179 0.0366174
0 0.605229 0.470859 0.0226865 0.0433395 0.0361158
0 0.00705015 0.523428 0.0159509 0.071268 0.035954
0 0.0124875 0.623483 0.025323 0.140303 0.0356814
0 0.468262 0.490067 0.00971804 0.0178539 0.0353416
0 0.0370379 0.548058 0.0692182 0.0754946 0.035282
0 0.0562167 0.489413 0.0752962 0.0805314 0.0343176
0 0.229832 0.521412 0.0400522 0.042894 0.0339917
0 0.284745 0.517367 0.0140763 0.0251945 0.0338256
0 0.331224 0.498409 0.0182786 0.0267432 0.033462
0 0.548731 0.495771 0.0147327 0.0298793 0.0328423
0 0.763908 0.455162 0.0318403 0.0463092 0.0327851
0 0.0625488 0.797001 0.107419 0.227071 0.0323948
0 0.73065 0.467383 0.0765675 0.0739023 0.0323489
0 0.01399 0.517911 0.0275022 0.0632744 0.0321848
0 0.238777 0.519426 0.0190301 0.0254059 0.0321717
0 0.0520124 0.5424 0.0861414 0.0657994 0.0321255
0 0.933102 0.355087 0.132435 0.297451 0.031895
0 0.174075 0.541246 0.0365092 0.0689817 0.0318873
0 0.289683 0.512115 0.0144698 0.0322761 0.0314109
0 0.766149 0.441426 0.0174695 0.040946 0.0313588
0 0.987394 0.36897 0.0271318 0.116201 0.0309341
0 0.744291 0.424721 0.0224608 0.0451274 0.0304599
0 0.273062 0.504847 0.016648 0.0292642 0.0299917
0 0.101846 0.569399 0.0389769 0.0904019 0.0299851
0 0.166345 0.503486 0.0355835 0.0670934 0.0298687
0 0.285468 0.512072 0.0136758 0.0239582 0.0298048
0 0.316321 0.504573 0.0209319 0.036504 0.0297996
0 0.38693 0.472676 0.0270319 0.0433662 0.0294556
0 0.0258658 0.427679 0.0335335 0.04217 0.0292331
0 0.0338329 0.487188 0.064973 0.0953787 0.0290755
0 0.0401524 0.491126 0.0771892 0.179996 0.0285134
0 0.750121 0.45329 0.0187994 0.0257167 0.0284102
0 0.25419 0.511926 0.0404591 0.0504097 0.0280821
0 0.483124 0.49203 0.012724 0.0237241 0.0280458
0 0.253664 0.487171 0.0152187 0.0225507 0.0279247
0 0.294212 0.509677 0.0241746 0.0468753 0.0274532
0 0.581154 0.476891 0.0320925 0.0469026 0.0272699
0 0.0606564 0.512339 0.0391123 0.0342373 0.0272463
0 0.161181 0.304053 0.0187299 0.0242048 0.0271054
0 0.556643 0.499766 0.0281012 0.042827 0.0268062
0 0.192497 0.527412 0.0547678 0.0734084 0.0263898
0 0.307326 0.531807 0.019289 0.0296005 0.0263852
0 0.05247 0.436386 0.0597197 0.0928844 0.0263155
0 0.00615383 0.504712 0.0132062 0.0529486 0.0262478
0 0.176534 0.507842 0.0363005 0.0758207 0.0260824
0 0.289815 0.50546 0.0134959 0.026189 0.0259245
0 0.156664 0.509088 0.0561691 0.0824736 0.0258003
0 0.25701 0.505094 0.0220302 0.0344373 0.0257823
0 0.561664 0.407293 0.0311571 0.0493327 0.024884
0 0.278791 0.494264 0.0148115 0.024108 0.024748
0 0.0314281 0.513772 0.0574686 0.0615741 0.0245615
0 0.0258068 0.441212 0.0365436 0.0481336 0.0242306
0 0.0821934 0.505615 0.0727869 0.0857866 0.0241518
0 0.0474684 0.450262 0.0791838 0.142315 0.0241017
0 0.56966 0.374013 0.0203456 0.0305717 0.0236971
0 0.962913 0.485436 0.0778341 0.18821 0.023649
0 0.761496 0.440341 0.0149402 0.0383482 0.0235603
0 0.550565 0.512238 0.0225576 0.0478598 0.023239
0 0.952906 0.359557 0.0910795 0.256326 0.0231849
0 0.271415 0.508107 0.0272213 0.0381204 0.0230898
0 0.115394 0.70264 0.0551656 0.127727 0.0230387
0 0.16592 0.534372 0.0387211 0.0788151 0.0230077
0 0.116482 0.50583 0.0812457 0.0995098 0.0229878
0 0.422247 0.474927 0.0115978 0.0164582 0.0229166
0 0.542551 0.493645 0.0219584 0.0366308 0.0227079
0 0.0949664 0.487891 0.0941969 0.0977045 0.0225083
0 0.940627 0.485858 0.12588 0.217255 0.0223976
0 0.108913 0.816987 0.0875801 0.202289 0.022347
0 0.0766441 0.399062 0.0199968 0.030949 0.0222276
0 0.238335 0.532618 0.025393 0.0327816 0.0222064
0 0.954471 0.392485 0.0825922 0.123518 0.0221063
0 0.0553568 0.895259 0.0961328 0.172869 0.0219927
0 0.723224 0.408101 0.0613607 0.0883811 0.0218828
0 0.00640263 0.490374 0.0138126 0.0628852 0.0215505
0 0.865323 0.421828 0.185022 0.161357 0.0215151
0 0.819914 0.43877 0.118434 0.105791 0.0214266
0 0.502842 0.494055 0.0129738 0.0302732 0.0212733
0 0.56692 0.483355 0.0219595 0.0390053 0.0211892
0 0.558097 0.468823 0.02565 0.0679001 0.020968
0 0.561428 0.442744 0.0365931 0.084021 0.0209586
0 0.472941 0.447389 0.0112709 0.016213 0.0207491
0 0.700791 0.568721 0.0388977 0.0488955 0.0206794
0 0.184668 0.548422 0.0280205 0.0467714 0.0206399
0 0.0370446 0.45471 0.0629254 0.0731141 0.0205031
0 0.143337 0.407862 0.0218181 0.0275839 0.0204876
0 0.318087 0.496473 0.0179873 0.0257111 0.0204147
0 0.732942 0.468971 0.0405785 0.0482412 0.0203951
0 0.0148989 0.642096 0.0312155 0.211637 0.0202647
0 0.60632 0.478265 0.018707 0.0358081 0.0202297
0 0.659875 0.471338 0.0424181 0.058118 0.0201502
0 0.217498 0.525041 0.055403 0.0530247 0.0201472
0 0.496408 0.49505 0.0154077 0.0293091 0.0201441
0 0.712963 0.470867 0.0737374 0.0822494 0.0201407
0 0.233768 0.464272 0.121778 0.178144 0.0199872
0 0.0994379 0.545893 0.0539888 0.072512 0.0199519
0 0.264785 0.501772 0.0427555 0.0655156 0.019935
0 0.0141741 0.498953 0.0288055 0.072978 0.019921
0 0.23743 0.504122 0.0304461 0.0550648 0.0197637
0 0.628018 0.854647 0.0239642 0.0601483 0.0195891
0 0.452336 0.447914 0.0106566 0.0174202 0.0195464
0 0.885749 0.45595 0.0858864 0.0835209 0.019521
0 0.0327756 0.425222 0.0597923 0.189969 0.0194998
0 0.684394 0.56733 0.0526326 0.0684493 0.0194215
0 0.602986 0.501288 0.0280283 0.0499053 0.019377
0 0.0598872 0.499967 0.0388204 0.0341424 0.0192669
0 0.581697 0.542301 0.0392176 0.0690313 0.0192283
0 0.415901 0.558899 0.0293898 0.0547888 0.0192045
0 0.2917 0.489517 0.0872904 0.10902 0.019193
0 0.0531588 0.50074 0.051099 0.046498 0.0191818
0 0.566583 0.401146 0.0286448 0.0460648 0.0191523
0 0.652556 0.467618 0.0256744 0.0447604 0.0191409
0 0.160678 0.622141 0.0465659 0.0755788 0.0190789
0 0.873825 0.442613 0.119028 0.113233 0.0190345
0 0.604625 0.440619 0.0347935 0.0661409 0.0189971
0 0.184974 0.547144 0.0428103 0.0577271 0.0189154
0 0.883236 0.462275 0.0527548 0.0590849 0.0188558
0 0.0507416 0.732426 0.0691661 0.156054 0.0188534
0 0.616982 0.148046 0.113655 0.136334 0.0187456
0 0.185814 0.506854 0.0554689 0.0850103 0.0187437
0 0.0710774 0.418338 0.0367605 0.0414655 0.0187201
0 0.978324 -0.011654 0.0418959 0.043808 0.0186928
0 0.423476 0.422639 0.0146733 0.0223711 0.0183844
0 0.650587 0.357024 0.062555 0.0787744 0.0183601
0 0.0576579 0.447566 0.0344887 0.0516543 0.0183347
0 0.490062 0.183455 0.0271976 0.0474373 0.0183322
0 0.0630696 0.410465 0.022144 0.0330672 0.0182653
0 0.0390555 0.425237 0.0570553 0.0591328 0.0182481
0 0.385119 0.467309 0.0172738 0.0257994 0.0181302
0 0.291209 0.52502 0.0143285 0.027534 0.0181165
0 0.282265 0.524342 0.0580884 0.07864 0.017954
0 0.988139 0.324797 0.0248236 0.0947849 0.0179366
0 0.461166 0.448682 0.0109679 0.0164425 0.0178339
0 0.223522 0.30684 0.0187623 0.0306087 0.0177974
0 0.406917 0.409809 0.0203578 0.0316457 0.017754
0 0.0817019 0.67355 0.060027 0.107526 0.0177393
0 0.570535 0.356785 0.0197583 0.029281 0.0176669
0 0.258124 0.423146 0.0218413 0.0346696 0.0175976
0 0.580645 0.50607 0.0347169 0.0508975 0.0175932
0 0.0842015 0.832875 0.0536983 0.0758725 0.0174041
0 0.43889 0.441775 0.0114158 0.0178747 0.017368
0 0.19112 0.506965 0.0774071 0.102824 0.0173389
0 0.0723542 0.892192 0.0844898 0.134519 0.0173236
0 0.997449 0.480653 0.00728664 0.0508934 0.0172817
0 0.0523729 0.842526 0.0752311 0.129183 0.0172727
0 0.645279 0.469483 0.0308805 0.0516053 0.0172566
0 0.402638 0.470867 0.016706 0.0249465 0.0171639
0 0.604553 0.449697 0.0248775 0.0882449 0.017057
0 0.0576262 0.795466 0.0810576 0.137381 0.0168956
0 0.369808 0.461972 0.0141835 0.0190569 0.0168829
0 0.974325 0.359833 0.0481047 0.218653 0.016788
0 0.986887 0.517597 0.0296036 0.111717 0.0167744
0 0.0486593 0.413993 0.0673004 0.122826 0.0166049
0 0.543597 0.412119 0.0363626 0.0535214 0.0165153
0 0.32931 0.397279 0.0240909 0.0324032 0.0164511
0 0.966532 0.0796491 0.0660341 0.189618 0.0163962
0 0.91802 0.63233 0.153669 0.232571 0.0163516
0 0.132137 0.304172 0.0203265 0.0279944 0.0162895
0 0.768417 0.261109 0.024569 0.0564887 0.0162854
0 0.0278406 0.798143 0.0606641 0.194771 0.0161732
0 0.284653 0.477281 0.021085 0.0328094 0.0161642
0 0.681654 0.462312 0.0510521 0.0626712 0.0161509
0 0.97599 0.367632 0.0495531 0.124306 0.0161326
0 0.228031 0.308768 0.0224546 0.0333405 0.0161243
0 0.0745248 0.790914 0.0752532 0.110489 0.0160898
0 0.712677 0.382128 0.0506443 0.0580196 0.0160795
0 0.14207 0.513987 0.0944215 0.119949 0.0160624
0 0.181131 0.63233 0.0362616 0.0525168 0.0160601
0 0.155248 0.095337 0.0426887 0.071082 0.0160261
0 0.270574 0.453419 0.0256686 0.0402773 0.0160259
0 0.549219 0.509388 0.012875 0.0256125 0.0159762
0 0.181909 0.284647 0.0198302 0.0263055 0.0159423
0 0.965331 0.0400778 0.0681934 0.138165 0.0159244
0 0.301629 0.49049 0.018248 0.0224917 0.0158671
0 0.488715 0.444693 0.0155497 0.0193171 0.0158596
0 0.185677 0.28476 0.0240962 0.0317333 0.0157918
0 0.218506 0.418083 0.0270284 0.0343951 0.0157393
0 0.652192 0.454243 0.0210424 0.0387033 0.0157342
0 0.582418 0.398874 0.037295 0.0536979 0.0156911
0 0.255627 0.514274 0.0282803 0.0370647 0.015683
0 0.140605 0.599671 0.0476394 0.0748917 0.0156818
0 0.835057 0.456808 0.10152 0.0862994 0.015641
0 0.15673 0.105804 0.0296768 0.0488994 0.0156291
0 0.359094 0.509948 0.0131415 0.0213331 0.0155893
0 0.639274 0.469831 0.0537832 0.0679273 0.0155659
0 0.36431 0.450383 0.0182683 0.0249831 0.0155039
0 0.226441 0.53006 0.0323783 0.031974 0.0154751
