0 0.453225 0.430722 0.0766724 0.111989 0.872627
0 0.5625 0.45739 0 0.158341 0.868236
0 0.387291 0.415534 0.0280034 0.0349837 0.745416
0 0.347766 0.41546 0.0233743 0.0301168 0.745407
0 0.40933 0.411653 0.0198004 0.0283425 0.687588
0 0.324756 0.412723 0.0181298 0.0230068 0.48762
0 0.5625 0.446428 0 0.220576 0.474493
0 0.365554 0.415878 0.0188595 0.0251807 0.458254
0 0.309703 0.412275 0.0190158 0.0256206 0.296825
0 0.324691 0.412229 0.014651 0.0159844 0.240729
0 0.371141 0.413907 0.0161753 0.0238264 0.230897
0 0.311088 0.411574 0.0145693 0.0189126 0.223234
0 0.292256 0.428005 0.0421065 0.0486131 0.217368
0 0.318031 0.410472 0.0164816 0.0191472 0.210419
0 0.301982 0.416327 0.0278098 0.0314401 0.203709
0 0.500117 0.409583 0.0329425 0.0508356 0.184116
0 0.284682 0.427932 0.052957 0.0594403 0.166216
0 0.307656 0.409278 0.0150124 0.0186575 0.16487
0 0.307984 0.413974 0.0152223 0.018831 0.16322
0 0.271883 0.422462 0.0811536 0.0797093 0.158961
0 0.413131 0.411316 0.0132883 0.0229508 0.154332
0 0.254778 0.418437 0.110635 0.100044 0.153974
0 0.328683 0.412922 0.0152079 0.0206365 0.153608
0 0.291215 0.416314 0.0412349 0.0487317 0.150641
0 0.347907 0.41426 0.0155102 0.0207418 0.14526
0 0.318187 0.41952 0.013436 0.0193212 0.141487
0 0.313625 0.417894 0.0146184 0.0190331 0.137734
0 0.511075 0.410619 0.0502871 0.0563499 0.136001
0 0.486655 0.409888 0.0251567 0.0517126 0.135736
0 0.414387 0.417119 0.0132254 0.0214572 0.133193
0 0.327826 0.407263 0.015724 0.0199924 0.127897
0 0.420837 0.413313 0.0170009 0.0292241 0.127112
0 0.493293 0.413984 0.0276493 0.0552092 0.125943
0 0.395333 0.412142 0.0127638 0.0212935 0.123297
0 0.359461 0.413001 0.0160017 0.021606 0.121058
0 0.366312 0.412311 0.0151442 0.0183038 0.116511
0 0.296275 0.421584 0.0272632 0.0310585 0.115739
0 0.160202 0.382062 0.0479242 0.030157 0.111249
0 0.5625 0.473197 0 0.163447 0.109838
0 0.416969 0.412115 0.0119552 0.0204969 0.107887
0 0.241539 0.43264 0.0846047 0.0787476 0.105758
0 0.405868 0.409395 0.0151037 0.019234 0.105249
0 0.163358 0.387641 0.059208 0.0573538 0.105062
0 0.176849 0.383388 0.0218571 0.0198164 0.104517
0 0.0782479 0.390721 0.0209598 0.019962 0.102001
0 0.247832 0.436828 0.0648098 0.0612123 0.101258
0 0.391528 0.414187 0.015204 0.0223522 0.0992184
0 0.418078 0.417437 0.0146105 0.026844 0.0973316
0 0.5625 0.441605 0 0.142521 0.0960026
0 0.5625 0.518844 0 0.399277 0.0938772
0 0.867851 0.408964 0.0460871 0.0285322 0.0933327
0 0.314927 0.405846 0.0138589 0.0196876 0.0920895
0 0.94901 0.404133 0.100108 0.121334 0.091294
0 0.0240683 0.366289 0.0440992 0.0492183 0.0893048
0 0.505014 0.403747 0.0213779 0.0296701 0.0890652
0 0.192969 0.427673 0.13164 0.113716 0.0889282
0 0.588385 0.398429 0.025826 0.0335463 0.0884511
0 0.480215 0.417078 0.0304345 0.0671193 0.0860858
0 0.922689 0.459885 0.0814125 0.148446 0.0858813
0 0.0596647 0.384252 0.01985 0.0204458 0.08445
0 0.144638 0.451866 0.0912428 0.0839194 0.082384
0 0.949209 0.380027 0.0923691 0.0676583 0.0810272
0 0.905171 0.410811 0.120243 0.100235 0.0796149
0 0.969121 0.424786 0.0620295 0.149657 0.0793912
0 0.322937 0.39999 0.014977 0.0214722 0.0791611
0 0.949981 0.363365 0.0966042 0.110381 0.0787368
0 0.0450744 0.432574 0.0903642 0.174895 0.0765484
0 0.169399 0.386122 0.0340313 0.0252785 0.0763635
0 0.410266 0.409541 0.014772 0.0192245 0.0740173
0 0.925129 0.419365 0.0838217 0.108038 0.073811
0 0.176117 0.441618 0.106878 0.0951 0.0738064
0 0.226387 0.444726 0.0594269 0.057429 0.0729383
0 0.977324 0.378224 0.036228 0.0424688 0.0720872
0 0.529884 0.409368 0.0522399 0.0594013 0.0713125
0 0.229521 0.421779 0.116299 0.108513 0.0708359
0 0.14593 0.383258 0.0394059 0.0260096 0.0705223
0 0.495033 0.405492 0.042397 0.0673627 0.0703165
0 0.114762 0.445144 0.160978 0.118032 0.0702549
0 0.0723194 0.445487 0.147817 0.141585 0.0695697
0 0.213436 0.435332 0.105911 0.0883613 0.0687378
0 0.881826 0.402159 0.0766558 0.0538205 0.0681264
0 0.114006 0.383622 0.0278814 0.0229925 0.0674539
0 0.913986 0.428472 0.0588856 0.0597232 0.0673342
0 0.951612 0.48412 0.0938526 0.166931 0.0672583
0 0.939278 0.390103 0.121938 0.241032 0.0665717
0 0.213122 0.447356 0.0597708 0.0579272 0.0665604
0 0.978847 0.394169 0.0437071 0.0792107 0.0661586
0 0.161412 0.375905 0.0532424 0.0529813 0.0659676
0 0.940547 0.320663 0.126731 0.441446 0.0654738
0 0.0183817 0.358644 0.0357069 0.0397257 0.0651153
0 0.117023 0.409594 0.18077 0.137825 0.0637108
0 0.0772008 0.398256 0.0221164 0.0236977 0.0632333
0 0.509203 0.411434 0.0319585 0.0415407 0.0616889
0 0.928024 0.62106 0.149104 0.463753 0.0615789
0 0.925464 0.363653 0.0401424 0.0357084 0.0615518
0 0.156248 0.466513 0.0711853 0.0535996 0.0606816
0 0.915921 0.381923 0.0539227 0.0640634 0.0606211
0 0.601959 0.395956 0.0557826 0.0574737 0.0605919
0 0.845806 0.40786 0.0604733 0.0298964 0.0601635
0 0.89924 0.430569 0.0314644 0.0405123 0.0598511
0 0.920465 0.369935 0.0358925 0.0362998 0.0594155
0 0.425895 0.405861 0.0232697 0.0386837 0.0585933
0 0.031508 0.384274 0.0645663 0.0777779 0.0578686
0 0.00774146 0.365899 0.0158395 0.0326669 0.0576201
0 0.0708543 0.393353 0.0879242 0.0718254 0.056903
0 0.424192 0.424678 0.0206003 0.049085 0.0565021
0 0.897969 0.468664 0.163267 0.192304 0.0562854
0 0.886208 0.41948 0.0767918 0.0519491 0.0557136
0 0.0510803 0.37588 0.0273049 0.0246495 0.0552466
0 0.19145 0.447574 0.0965825 0.0749859 0.054944
0 0.495732 0.412614 0.0187186 0.0299917 0.0544178
0 0.54839 0.407846 0.0594142 0.0660133 0.0534561
0 0.911175 0.447404 0.0552776 0.0923704 0.0528731
0 0.477534 0.430237 0.0310156 0.0650167 0.0522075
0 0.0497011 0.380152 0.0206598 0.0210245 0.0515727
0 0.82138 0.367088 0.213423 0.156633 0.0514032
0 0.983807 0.379626 0.0330053 0.0960184 0.0508956
0 0.948245 0.623491 0.101373 0.4062 0.0503433
0 0.597022 0.405295 0.0442263 0.0539808 0.0500467
0 0.0528816 0.465787 0.111416 0.110696 0.0499444
0 0.921062 0.439481 0.115972 0.150331 0.0497351
0 0.09718 0.469995 0.0937963 0.0724913 0.0493205
0 0.89131 0.400761 0.0924644 0.073487 0.0483925
0 0.972092 0.365386 0.0559755 0.124269 0.0477982
0 0.491715 0.405954 0.0201842 0.0331977 0.0477101
0 0.519997 0.405381 0.0237649 0.0282784 0.047684
0 0.181921 0.381194 0.036622 0.0304894 0.0475481
0 0.296686 0.437467 0.0306486 0.0468325 0.0474465
0 0.0380124 0.47821 0.0764007 0.0960264 0.0469565
0 0.592081 0.41889 0.0394645 0.0638688 0.0463842
0 0.0792019 0.419164 0.0302137 0.0346656 0.0462098
0 0.987342 0.359663 0.026667 0.108216 0.0442625
0 0.150489 0.384519 0.0258162 0.0244509 0.0433992
0 0.247761 0.404558 0.161521 0.134898 0.0428449
0 0.0963002 0.386498 0.017299 0.0228685 0.0425855
0 0.460371 0.444833 0.0544906 0.0712635 0.0420091
0 0.22719 0.448907 0.100866 0.0937911 0.0402481
0 0.609687 0.466265 0.0866409 0.122805 0.0397631
0 0.508235 0.394905 0.0215404 0.0306949 0.039456
0 0.20752 0.412199 0.107587 0.094474 0.0393241
0 0.931256 0.35892 0.0637209 0.0705349 0.0393131
0 0.0820204 0.387653 0.0176091 0.0211342 0.0392346
0 0.063624 0.430062 0.0541169 0.0597558 0.0390924
0 0.421377 0.439794 0.0183057 0.0450462 0.0389686
0 0.975609 0.522919 0.0502367 0.154669 0.0387411
0 0.826726 0.438207 0.229425 0.216026 0.0385331
0 0.711953 0.425663 0.0308606 0.0524857 0.0372097
0 0.192055 0.377147 0.0551454 0.0473769 0.0371397
0 0.802516 0.368406 0.167577 0.116796 0.0369155
0 0.178466 0.378015 0.0496742 0.0408422 0.0363082
0 0.551726 0.29695 0.018846 0.0488421 0.0362744
0 0.844076 0.397141 0.0811867 0.0570604 0.0361971
0 0.030754 0.407112 0.0621575 0.133922 0.036083
0 0.281367 0.395399 0.0272769 0.0294953 0.0358277
0 0.152111 0.426879 0.0854431 0.107449 0.0357389
0 0.253795 0.448929 0.0778718 0.08925 0.0356346
0 0.48516 0.405414 0.0181911 0.0351819 0.0355761
0 0.498796 0.415705 0.0189117 0.0395816 0.0354818
0 0.064324 0.382327 0.0155738 0.0190643 0.0352491
0 0.41008 0.42492 0.0196681 0.0322292 0.0350729
0 0.612461 0.404801 0.072147 0.0526514 0.0342106
0 0.590223 0.415728 0.0288562 0.0493114 0.0340564
0 0.564204 0.405529 0.0679317 0.0672773 0.0340163
0 0.668725 0.455709 0.104786 0.127218 0.0338802
0 0.590243 0.456146 0.0396482 0.101689 0.0337805
0 0.222054 0.394329 0.0968095 0.0774846 0.0334154
0 0.187199 0.386491 0.0491171 0.0363668 0.0331813
0 0.145537 0.374041 0.0670307 0.0548561 0.0329418
0 0.123019 0.383423 0.021998 0.0225951 0.0328747
0 0.2706 0.449002 0.0569886 0.0712835 0.0327477
0 0.86278 0.427089 0.0402195 0.0423011 0.0326205
0 0.0884352 0.391228 0.0164384 0.017677 0.0326028
0 0.709293 0.401555 0.0265737 0.0296534 0.0325877
0 0.961074 0.551494 0.0709183 0.264113 0.0319596
0 0.108465 0.380262 0.0213978 0.0249629 0.0319365
0 0.206922 0.361056 0.029101 0.0257132 0.0316178
0 0.075651 0.383673 0.0388389 0.0350462 0.031555
0 0.695271 0.438729 0.0663811 0.0910021 0.031055
0 0.0477698 0.487175 0.0620917 0.0622533 0.0308736
0 0.86525 0.457404 0.162391 0.157311 0.0306699
0 0.495577 0.393309 0.019078 0.0290255 0.030602
0 0.556105 0.41843 0.0684112 0.0692513 0.0302602
0 0.858402 0.41823 0.0410507 0.0360064 0.0301324
0 0.0738305 0.480504 0.0877646 0.0705801 0.0300575
0 0.894193 0.52372 0.166386 0.269377 0.0299762
0 0.853104 0.427277 0.0365644 0.0404577 0.029747
0 0.603834 0.434467 0.0654306 0.105678 0.0295811
0 0.490678 0.435854 0.0128169 0.0290933 0.0295649
0 0.552213 0.283149 0.0221423 0.0579621 0.0294771
0 0.164204 0.375053 0.0819673 0.0632786 0.0293286
0 0.844286 0.418128 0.0594076 0.0369481 0.0290565
0 0.243719 0.384707 0.110976 0.08294 0.02821
0 0.937575 0.596298 0.109795 0.283186 0.0281489
0 0.445359 0.431776 0.0183805 0.0306942 0.0280769
0 0.0418475 0.399081 0.0496031 0.063642 0.0280028
0 0.647331 0.406218 0.0504292 0.0396789 0.0279708
0 0.874863 0.705649 0.160813 0.321416 0.027526
0 0.0072798 0.357156 0.0135931 0.0328701 0.0270536
0 0.488462 0.440155 0.0162951 0.0313377 0.0269459
0 0.891413 0.441323 0.0479055 0.0853762 0.0268183
0 0.051899 0.375574 0.0741099 0.059048 0.0267849
0 0.914519 0.361068 0.155197 0.263985 0.0267758
0 0.892418 0.384342 0.114478 0.0998664 0.0267022
0 0.17115 0.38406 0.0207828 0.0227704 0.0262715
0 0.710563 0.404667 0.0193531 0.0249939 0.0261316
0 0.148553 0.476501 0.101028 0.0867846 0.0261227
0 0.875342 0.437959 0.0778572 0.0900599 0.0257766
0 0.153653 0.380465 0.0241011 0.0287131 0.025713
0 0.71704 0.405472 0.0269503 0.0279775 0.0254592
0 0.7103 0.41649 0.0249922 0.037338 0.0253812
0 0.411335 0.415786 0.0121173 0.0205035 0.0252731
0 0.644917 0.451412 0.0906079 0.115766 0.0252611
0 0.633325 0.471105 0.0903296 0.116045 0.0249802
0 0.0256674 0.440926 0.0512403 0.163816 0.0246655
0 0.820519 0.393633 0.092273 0.0632148 0.02433
0 0.960446 0.518287 0.0705759 0.135702 0.0242229
0 0.433934 0.398584 0.0161939 0.0232443 0.0239082
0 0.572066 0.420992 0.0360277 0.0467072 0.0238514
0 0.0761161 0.372045 0.0293627 0.0309865 0.0238213
0 0.258206 0.472907 0.0946263 0.140103 0.0236508
0 0.971767 0.620204 0.054615 0.281705 0.0234213
0 0.987096 0.318284 0.0266113 0.102357 0.0234072
0 0.526086 0.420795 0.0213697 0.0277589 0.0232684
0 0.973932 0.734636 0.0502184 0.245831 0.0231184
0 0.0653027 0.366841 0.0269388 0.0327365 0.0227626
0 0.0829405 0.470964 0.136611 0.128835 0.0225022
0 0.656022 0.428837 0.0692353 0.075292 0.0224469
0 0.733371 0.427481 0.0536634 0.068434 0.0224266
0 0.704615 0.420806 0.0391719 0.0550319 0.0224259
0 0.536715 0.398342 0.0191125 0.0308512 0.0221126
0 0.670277 0.411846 0.0837772 0.0544263 0.0220841
0 0.455851 0.387543 0.0402296 0.0561014 0.0220782
0 0.682214 0.421242 0.0823338 0.0740713 0.0220087
0 0.360586 0.336607 0.0425436 0.0675544 0.0218254
0 0.96004 0.765543 0.0801565 0.305375 0.0217426
0 0.0120419 0.39506 0.023885 0.0852492 0.0217064
0 0.705788 0.432325 0.0463548 0.0692954 0.0216982
0 0.139513 0.374273 0.104455 0.0710843 0.0214761
0 0.0225051 0.492413 0.0437549 0.0721816 0.0214561
0 0.971969 0.324004 0.0543501 0.118066 0.0212264
0 0.547519 0.331126 0.0199573 0.0468212 0.0211039
0 0.499465 0.438339 0.0204994 0.0345856 0.0208511
0 0.872637 0.343385 0.249381 0.182639 0.0207782
0 0.281283 0.382035 0.0159853 0.0198889 0.02072
0 0.202658 0.18958 0.200138 0.333226 0.0204818
0 0.227874 0.219681 0.0724066 0.111336 0.0203143
0 0.926808 0.500166 0.0868109 0.126663 0.0202116
0 0.894248 0.463652 0.0849699 0.16699 0.0202036
0 0.33624 0.416321 0.0138965 0.0224042 0.0200574
0 0.138688 0.42188 0.0862884 0.0760581 0.0200434
0 0.708803 0.451866 0.0652703 0.101135 0.0198797
0 0.698451 0.482065 0.0464224 0.0687921 0.0197823
0 0.619586 0.429131 0.0794263 0.0903389 0.0197396
0 0.635916 0.399962 0.0520683 0.0412423 0.0195501
0 0.0315366 0.484913 0.0680364 0.170654 0.0195092
0 0.473646 0.399927 0.057376 0.0821862 0.0194623
0 0.728033 0.40731 0.0428361 0.0402826 0.0193679
0 0.309141 0.372783 0.0172074 0.0221043 0.0193118
0 0.277851 0.374983 0.0201842 0.0275916 0.0190246
0 0.0640917 0.792978 0.101207 0.154483 0.0189268
0 0.231916 0.375659 0.0875267 0.0588433 0.0186849
0 0.547023 0.301065 0.021993 0.0586203 0.0186366
0 0.245476 0.216201 0.0319839 0.0774181 0.0184938
0 0.393009 0.420404 0.015293 0.0231267 0.0184389
0 0.266502 0.235158 0.0869918 0.121627 0.0183648
0 0.601775 0.47453 0.0564048 0.0999701 0.0182061
0 0.990448 0.552772 0.0194557 0.117618 0.0181491
0 0.828958 0.483146 0.15077 0.143337 0.0180806
0 0.517644 0.396636 0.0692238 0.0940157 0.0180766
0 0.925539 0.305189 0.147824 0.288075 0.0180118
0 0.544392 0.380067 0.0317639 0.0534679 0.0176635
0 0.917845 0.60834 0.087525 0.196967 0.0175876
0 0.974898 0.289657 0.0482292 0.224835 0.0174168
0 0.823114 0.408059 0.079764 0.0407395 0.0173162
0 0.811086 0.460524 0.149958 0.145672 0.0172708
0 0.546581 0.283763 0.0263185 0.0631447 0.017233
0 0.336775 0.388346 0.0114471 0.0157067 0.0172323
0 0.0184647 0.463825 0.0335386 0.113022 0.0172291
0 0.23988 0.218117 0.0487473 0.0883311 0.0172091
0 0.952009 0.318323 0.0904352 0.111258 0.0171574
0 0.287489 0.38072 0.0155433 0.0193417 0.0170586
0 0.554731 0.447068 0.0258367 0.0358219 0.0170182
0 0.328813 0.38709 0.0114758 0.0154434 0.0169082
0 0.75794 0.423387 0.0738179 0.0716799 0.0168169
0 0.36257 0.41993 0.013158 0.0218096 0.0167784
0 0.815099 0.728915 0.122658 0.222892 0.0166956
0 0.979189 0.548842 0.0415285 0.147139 0.0166586
0 0.979841 -0.0134145 0.0397743 0.0427939 0.0166238
0 0.90487 0.361111 0.101666 0.105663 0.0165917
0 0.939238 0.530568 0.0689075 0.100355 0.0165856
0 0.475674 0.444804 0.0220063 0.0447779 0.0165746
0 0.109212 0.39596 0.0270715 0.0297601 0.0165073
0 0.510169 0.423047 0.0210958 0.0318709 0.0164828
0 0.37073 0.419211 0.0139526 0.0224914 0.0163932
0 0.867354 0.483831 0.226717 0.238648 0.0163898
0 0.703967 0.402472 0.0320375 0.0361217 0.0163393
0 0.218403 0.472109 0.102798 0.119312 0.0162865
0 0.0169992 0.354778 0.0238972 0.0406959 0.0162826
0 0.0711272 0.532937 0.120262 0.182521 0.0162725
0 0.0639487 0.765219 0.069904 0.105976 0.0161541
