0 0.140855 0.607045 0.252768 0.251269 0.90267
0 0.272761 0.54212 0.0771985 0.111083 0.875704
0 0.321136 0.52689 0.0476818 0.0778163 0.868506
0 0.340856 0.509116 0.0321825 0.0637505 0.794646
0 0.0144476 0.525594 0.0288952 0.106321 0.690094
0 0.0515533 0.52053 0.0527963 0.0586053 0.680463
0 0.387986 0.505911 0.0219736 0.0272896 0.646848
0 0.373911 0.512148 0.0188955 0.0289673 0.453392
0 0.142011 0.480498 0.0854194 0.0289276 0.427595
0 0.236128 0.503135 0.0239458 0.0356686 0.370092
0 0.246036 0.50169 0.0404701 0.0395104 0.361053
0 0.300557 0.488997 0.0208531 0.0219463 0.338073
0 0.126622 0.480485 0.0556387 0.0241989 0.272476
0 0.283223 0.486772 0.0236671 0.0191549 0.248999
0 0.537378 0.521129 0.0362102 0.0350995 0.247203
0 0.225677 0.501255 0.0199859 0.0274089 0.22555
0 0.249685 0.495165 0.044425 0.0300176 0.222974
0 0.5625 0.533992 0 0.0551285 0.219171
0 0.28919 0.486502 0.029703 0.0241091 0.213657
0 0.23215 0.5021 0.016581 0.028239 0.20669
0 0.5625 0.535866 0 0.0468404 0.203757
0 0.362302 0.50973 0.0132915 0.0243894 0.203412
0 0.434384 0.513658 0.0332789 0.0351073 0.195639
0 0.229373 0.503003 0.0141991 0.0232337 0.189567
0 0.390056 0.505926 0.0171308 0.0204503 0.186487
0 0.5625 0.522198 0 0.0402284 0.177622
0 0.253254 0.486391 0.0368172 0.0257718 0.172858
0 0.370102 0.510239 0.0150812 0.0238665 0.162576
0 0.288431 0.493724 0.0320982 0.0287704 0.161783
0 0.560759 0.516516 0.00348172 0.040017 0.151732
0 0.04569 0.533831 0.0670018 0.0875375 0.150635
0 0.535583 0.501934 0.0414281 0.0719015 0.144096
0 0.357379 0.509247 0.0119204 0.0285601 0.14314
0 0.14052 0.49222 0.0910523 0.0499229 0.13968
0 0.221744 0.498795 0.0171115 0.0208775 0.139041
0 0.385619 0.50799 0.0147202 0.0234428 0.137385
0 0.5625 0.527616 0 0.0741241 0.137199
0 0.241502 0.494481 0.0249767 0.0258434 0.13698
0 0.5625 0.534525 0 0.0527911 0.135739
0 0.257319 0.473678 0.0312343 0.0265587 0.133859
0 0.298603 0.497055 0.0187528 0.0284261 0.132744
0 0.226602 0.507545 0.017082 0.0242297 0.132416
0 0.204139 0.495775 0.025538 0.0224464 0.130413
0 0.25637 0.481287 0.0295969 0.0231226 0.12984
0 0.218406 0.502747 0.0307163 0.0304955 0.121012
0 0.347103 0.515771 0.0194178 0.0519479 0.118797
0 0.301936 0.500589 0.0178181 0.0253376 0.11777
0 0.390779 0.510322 0.0142295 0.0210076 0.116511
0 0.200719 0.491715 0.0276417 0.0209212 0.110427
0 0.297896 0.496165 0.015714 0.0200112 0.106162
0 0.123571 0.476432 0.0453388 0.0195859 0.106007
0 0.415439 0.513896 0.0181912 0.022593 0.105597
0 0.619083 0.538301 0.0211304 0.0301181 0.103996
0 0.248652 0.49066 0.0260723 0.0184558 0.103504
0 0.532149 0.524898 0.0264665 0.028266 0.101992
0 0.444173 0.518071 0.025057 0.032563 0.0980949
0 0.397267 0.510595 0.0140934 0.0192336 0.097491
0 0.214755 0.492859 0.0192641 0.0194157 0.0968455
0 0.313493 0.501703 0.0175375 0.0224514 0.0964719
0 0.585927 0.5203 0.0559146 0.0577424 0.0955764
0 0.210644 0.493908 0.0193317 0.0203087 0.0948345
0 0.547627 0.524594 0.0155965 0.0222301 0.0945935
0 0.540581 0.513732 0.0240599 0.0323079 0.0933537
0 0.138611 0.499563 0.110308 0.0754966 0.0903709
0 0.526357 0.525336 0.0174086 0.0218812 0.0899106
0 0.207574 0.504629 0.0389731 0.036568 0.0888139
0 0.306204 0.495161 0.0155806 0.0220024 0.0882777
0 0.118807 0.482001 0.0383668 0.0193585 0.0861478
0 0.182449 0.469994 0.0694464 0.0421393 0.0845976
0 0.424369 0.510341 0.0181989 0.0240285 0.0826239
0 0.386191 0.499731 0.0190128 0.028766 0.0822295
0 0.195608 0.470899 0.0382551 0.0394664 0.0821222
0 0.611767 0.503338 0.0762005 0.141977 0.0819522
0 0.0453635 0.574853 0.0689241 0.163017 0.0813086
0 0.225277 0.509009 0.0239223 0.0320788 0.0810594
0 0.542446 0.526558 0.020289 0.0251933 0.0798464
0 0.420388 0.5127 0.0163736 0.0232814 0.0784962
0 0.564839 0.515574 0.0178248 0.0273072 0.0773883
0 0.400983 0.508537 0.0135781 0.0203843 0.0769028
0 0.357555 0.498627 0.0137444 0.022734 0.0756836
0 0.636015 0.518527 0.0190704 0.0263642 0.0734096
0 0.220194 0.495214 0.0170608 0.0194849 0.0724755
0 0.346533 0.513263 0.0163895 0.032917 0.0724479
0 0.366408 0.505283 0.0151565 0.0272366 0.0724077
0 0.434108 0.513938 0.0234932 0.0282826 0.0721912
0 0.534771 0.485364 0.0470679 0.113944 0.0719473
0 0.63585 0.53044 0.0232347 0.036963 0.0713703
0 0.470269 0.511799 0.0304506 0.0344304 0.0711508
0 0.275805 0.493078 0.0219675 0.0213298 0.0701397
0 0.07019 0.50523 0.0198409 0.0251252 0.0690314
0 0.41179 0.510501 0.0166506 0.0223377 0.068681
0 0.0759424 0.51376 0.034781 0.04164 0.0684669
0 0.354227 0.498796 0.0145396 0.0262686 0.068372
0 0.526914 0.521875 0.0239875 0.0304337 0.0677257
0 0.568785 0.524913 0.0206462 0.0256855 0.0675272
0 0.344106 0.515626 0.0135404 0.0444664 0.0672673
0 0.454457 0.515407 0.0290183 0.0353164 0.0668205
0 0.338329 0.49015 0.0214869 0.0260534 0.0665264
0 0.0122082 0.477245 0.0250678 0.147563 0.0664709
0 0.711987 0.403588 0.331828 0.675411 0.0661327
0 0.392254 0.51884 0.0185556 0.0272168 0.0645141
0 0.196982 0.47741 0.0308379 0.0294894 0.0635713
0 0.479186 0.510896 0.0281804 0.0349418 0.0616715
0 0.625437 0.535026 0.0202777 0.0295856 0.0615022
0 0.445959 0.515203 0.0154685 0.0233986 0.0608263
0 0.086948 0.496588 0.0206775 0.0211734 0.0602542
0 0.595572 0.361561 0.0944105 0.463338 0.0595728
0 0.11291 0.49127 0.0429864 0.0309813 0.058494
0 0.209912 0.50775 0.0640091 0.0554949 0.0575404
0 0.259215 0.476702 0.0217742 0.0213203 0.0573965
0 0.5192 0.517951 0.0503825 0.0410754 0.0573765
0 0.442219 0.515691 0.016259 0.0251471 0.056351
0 0.0568125 0.510796 0.043198 0.0436144 0.0544862
0 0.343827 0.495787 0.0144994 0.0247112 0.0542728
0 0.0830328 0.509397 0.0324302 0.0390314 0.0542274
0 0.488646 0.513216 0.0334123 0.0351483 0.0542159
0 0.268839 0.478606 0.0185359 0.0189518 0.0535067
0 0.601458 0.536977 0.023056 0.0309873 0.0528522
0 0.560621 0.522449 0.0159099 0.0275105 0.0518109
0 0.282475 0.478616 0.0176303 0.0193858 0.0517042
0 0.23938 0.520321 0.0292342 0.0483253 0.0511268
0 0.120664 0.499863 0.0679495 0.0479789 0.0509522
0 0.0654502 0.503613 0.0255537 0.0247652 0.0492475
0 0.38781 0.500596 0.0160181 0.0192229 0.0491005
0 0.516495 0.489407 0.0857995 0.102487 0.0489534
0 0.553413 0.769944 0.157274 0.23834 0.0484531
0 0.141319 0.482534 0.0277017 0.0189391 0.0484372
0 0.0314955 0.516667 0.0291279 0.0452426 0.0479961
0 0.918413 0.520115 0.0938742 0.0875409 0.0475843
0 0.641223 0.522153 0.0190218 0.0292708 0.0473173
0 0.200559 0.516148 0.0648964 0.0637672 0.0471295
0 0.109642 0.488362 0.0237937 0.0203039 0.0465928
0 0.166791 0.487132 0.0208541 0.0176659 0.0461187
0 0.589881 0.480521 0.0789665 0.131266 0.0461125
0 0.176757 0.506406 0.110908 0.0717456 0.046087
0 0.0797917 0.506172 0.0248288 0.0278956 0.0446678
0 0.143046 0.475375 0.0617773 0.0223646 0.0440156
0 0.235068 0.51067 0.0277262 0.045757 0.0439507
0 0.0385537 0.477362 0.0669235 0.0874981 0.0438814
0 0.0373794 0.510466 0.0271001 0.0418408 0.043732
0 0.301327 0.50748 0.0156161 0.032997 0.04361
0 0.0898791 0.49987 0.0203298 0.0218588 0.0426083
0 0.163864 0.463672 0.0401807 0.0362223 0.0423252
0 0.652754 0.530633 0.0426547 0.0526774 0.041944
0 0.589391 0.198314 0.109585 0.241671 0.0418347
0 0.529056 0.53196 0.025846 0.0321491 0.0417574
0 0.975815 0.527381 0.0490564 0.0835368 0.0414975
0 0.503634 0.501295 0.0707225 0.0697879 0.0412095
0 0.62214 0.480188 0.070192 0.112263 0.0410626
0 0.23814 0.511064 0.0209479 0.036082 0.0410247
0 0.298498 0.522366 0.0220373 0.0551555 0.0405549
0 0.592982 0.536392 0.0500319 0.0612314 0.0403108
0 0.0949223 0.52635 0.0978945 0.0931612 0.0393618
0 0.598589 0.444335 0.0997692 0.258631 0.0390337
0 0.379528 0.513271 0.0136716 0.0210776 0.0389169
0 0.152051 0.470415 0.060031 0.0379197 0.0382353
0 0.98088 0.516757 0.036305 0.0853806 0.0381556
0 0.93825 0.531029 0.0514631 0.0557126 0.0374642
0 0.463239 0.524729 0.025646 0.0437633 0.037216
0 0.0465087 0.492747 0.0406787 0.0411101 0.0371727
0 0.395858 0.492365 0.0146263 0.0235135 0.0371088
0 0.629554 0.54635 0.0197263 0.0310404 0.0369199
0 0.287204 0.478308 0.0171022 0.0175958 0.0367952
0 0.458619 0.512337 0.0204407 0.0329911 0.036503
0 0.637284 0.53999 0.0182684 0.0344647 0.0359141
0 0.351832 0.512999 0.011748 0.031585 0.0358108
0 0.573344 0.479193 0.0498321 0.12744 0.035513
0 0.518657 0.555115 0.0542859 0.0582978 0.0354971
0 0.981788 0.539599 0.0354422 0.0778977 0.0354668
0 0.0622891 0.510314 0.0292474 0.0297602 0.0349907
0 0.488997 0.483139 0.0918725 0.136745 0.034982
0 0.956311 0.534146 0.0300005 0.0511446 0.0347621
0 0.454825 0.509864 0.0144281 0.0277 0.0346279
0 0.252297 0.477645 0.0191231 0.0193667 0.0345672
0 0.231181 0.536049 0.0821125 0.0952556 0.0345649
0 0.0323006 0.497038 0.0406466 0.0745592 0.0345466
0 0.0960007 0.505155 0.0416511 0.0365551 0.0343722
0 0.333303 0.449372 0.0435179 0.0638063 0.0341956
0 0.529171 0.464006 0.052867 0.111675 0.0340574
0 0.936212 0.534614 0.0911373 0.0795965 0.0336159
0 0.212075 0.522807 0.0574589 0.0709535 0.033221
0 0.505304 0.520416 0.02698 0.029764 0.0328868
0 0.962713 0.501982 0.0737034 0.130007 0.0319347
0 0.480239 0.418423 0.0333748 0.0433055 0.0318453
0 0.482086 0.520581 0.0275238 0.0368898 0.0318324
0 0.061106 0.497246 0.0209596 0.0198756 0.0316105
0 0.156712 0.477708 0.0364238 0.0226638 0.0313959
0 0.0579058 0.537238 0.100107 0.107815 0.0309922
0 0.488346 0.487926 0.0560836 0.0932628 0.0308077
0 0.55577 0.486782 0.0368684 0.0865963 0.0307083
0 0.126521 0.519057 0.113693 0.100909 0.0305973
0 0.482398 0.412349 0.0265139 0.0386183 0.0304991
0 0.513523 0.433612 0.0409367 0.0566745 0.0303705
0 0.447847 0.505255 0.0187306 0.0374986 0.0302121
0 0.519574 0.568521 0.0862508 0.106414 0.0296752
0 0.503224 0.421796 0.0394385 0.0468522 0.0295548
0 0.655062 0.514684 0.0460543 0.06436 0.0295508
0 0.47554 0.426586 0.0450485 0.05168 0.0290498
0 0.633341 0.510082 0.0745173 0.101776 0.0288894
0 0.436166 0.498534 0.0173051 0.0225718 0.0288577
0 0.252847 0.56144 0.020237 0.0393272 0.0287582
0 0.619571 0.547678 0.0213307 0.0351117 0.0281641
0 0.957648 0.537027 0.0652725 0.075497 0.0280983
0 0.0378611 0.577109 0.0458921 0.137334 0.0279648
0 0.652626 0.515902 0.0665907 0.0845966 0.0279581
0 0.471563 0.469133 0.0586976 0.12785 0.0278204
0 0.487953 0.520577 0.067863 0.0829497 0.0277624
0 0.930016 0.52263 0.0626446 0.0609812 0.0277128
0 0.534763 0.172406 0.188128 0.342399 0.027571
0 0.198231 0.467604 0.0227453 0.0280752 0.0275698
0 0.540213 0.110992 0.0197623 0.0283414 0.0275436
0 0.0389091 0.453577 0.0701501 0.114976 0.0274121
0 0.424672 0.497458 0.0159418 0.0213179 0.027301
0 0.466335 0.429588 0.0329038 0.0514379 0.0271363
0 0.978393 0.483974 0.0425817 0.155492 0.0269649
0 0.0103229 0.436519 0.0216975 0.0995122 0.0269142
0 0.983248 0.566773 0.0359745 0.092424 0.026733
0 0.265035 0.242348 0.039876 0.0689975 0.0266554
0 0.190696 0.474511 0.048263 0.0597788 0.0264576
0 0.981995 0.594589 0.0396341 0.100706 0.026407
0 0.492071 0.412514 0.0366605 0.0473289 0.0264034
0 0.696024 0.479411 0.227583 0.402519 0.0262848
0 0.367075 0.399185 0.0920855 0.145179 0.0259979
0 0.765009 0.518279 0.0569047 0.0392035 0.0256808
0 0.0476145 0.400697 0.0267877 0.0383573 0.0256688
0 0.959715 0.538534 0.0757315 0.113398 0.0254174
0 0.247585 0.537769 0.0274404 0.0536522 0.0251105
0 0.419429 0.41929 0.0281877 0.03768 0.0250011
0 0.361464 0.572651 0.038134 0.0747382 0.0249787
0 0.170882 0.476186 0.112665 0.0815867 0.0249271
0 0.763305 0.472435 0.0427388 0.0602714 0.0249234
0 0.116493 0.46659 0.0361361 0.0307442 0.0246954
0 0.64371 0.0506279 0.068289 0.0971321 0.024581
0 0.964743 0.52275 0.0442467 0.0754586 0.024528
0 0.104836 0.474563 0.0236111 0.0250583 0.0243945
0 0.426399 0.422295 0.028974 0.0415679 0.0243205
0 0.294734 0.534572 0.0266444 0.0735859 0.0241969
0 0.524059 0.770204 0.118956 0.191953 0.0241619
0 0.532861 0.557379 0.0573581 0.095777 0.0241509
0 0.0546432 0.402428 0.0340457 0.0414107 0.023859
0 0.631689 0.456902 0.0926935 0.197346 0.02362
0 0.946614 0.552259 0.107532 0.105138 0.0235525
0 0.185594 0.459834 0.0302562 0.0312766 0.0234883
0 0.134168 0.472399 0.0343406 0.0186609 0.0234203
0 0.472147 0.534539 0.0237495 0.035617 0.0231754
0 0.165206 0.461358 0.02169 0.0220427 0.0229715
0 0.4757 0.495255 0.0352118 0.0679238 0.0229038
0 0.817911 0.449734 0.32046 0.624428 0.0228643
0 0.0035399 0.563765 0.0127212 0.0930962 0.0228004
0 0.201935 0.471518 0.0211892 0.0253336 0.0227502
0 0.547377 0.467145 0.0326299 0.101646 0.022746
0 0.531004 0.278462 0.145554 0.349725 0.0227083
0 0.703371 0.286593 0.302407 0.407535 0.0225277
0 0.500295 0.560592 0.054978 0.0571815 0.0223441
0 0.0423035 0.468905 0.0328959 0.0533215 0.0223249
0 0.793568 0.754032 0.0820458 0.0761514 0.0222304
0 0.239047 0.477081 0.0177126 0.0216212 0.022185
0 0.472626 0.408526 0.0306812 0.0340077 0.0221368
0 0.536086 0.55498 0.0368244 0.0703731 0.0221307
0 0.776412 0.468451 0.0707094 0.0847087 0.0221231
0 0.539255 0.140784 0.0241109 0.0385953 0.022119
0 0.444168 0.520474 0.0158885 0.0266317 0.0219965
0 0.651376 0.0455587 0.0381599 0.0661283 0.0219636
0 0.0987208 0.580858 0.14335 0.192341 0.021946
0 0.881215 0.461681 0.21738 0.581759 0.0218258
0 0.253001 0.381486 0.033791 0.0488731 0.0217259
0 0.926763 0.459493 0.150851 0.610526 0.0216599
0 0.969689 0.56838 0.0589851 0.0997972 0.0215993
0 0.228104 0.580792 0.0749894 0.165871 0.0215582
0 0.595079 0.570967 0.0806873 0.117759 0.0214366
0 0.953916 0.485999 0.100527 0.45224 0.0214323
0 0.329343 0.5448 0.0511971 0.0975718 0.0210659
0 0.819541 0.43224 0.0201239 0.0430064 0.0207354
0 0.778379 0.475552 0.0470287 0.0595576 0.0205817
0 0.231056 0.639137 0.0601429 0.133817 0.0205798
0 0.408892 0.425159 0.029228 0.0362248 0.0204727
0 0.280509 0.431172 0.0521585 0.098337 0.0204018
0 0.274495 0.237179 0.0403197 0.0659902 0.0203384
0 0.212905 0.630731 0.0971569 0.167894 0.0203183
0 0.449105 0.524794 0.017247 0.0269312 0.020309
0 0.549687 0.803728 0.133437 0.166408 0.0201991
0 0.461702 0.478766 0.0377129 0.0865269 0.0201598
0 0.657178 0.488426 0.0325293 0.0611219 0.0201214
0 0.85285 0.22039 0.0378887 0.14287 0.0201187
0 0.947637 0.464379 0.100407 0.21257 0.0200633
0 0.944584 0.161654 0.111241 0.208724 0.0200013
0 0.588024 0.0384893 0.0445682 0.0438614 0.0199674
0 0.344517 0.475906 0.0154159 0.0174641 0.0196984
0 0.41936 0.405102 0.0232712 0.0306681 0.019636
0 0.0695579 0.497487 0.0176615 0.0211126 0.0195998
0 0.307352 0.478832 0.0165673 0.0167994 0.0195807
0 0.290022 0.384909 0.0331208 0.0504642 0.0195592
0 0.955938 0.608131 0.074877 0.149637 0.0194616
0 0.693582 0.0415784 0.069757 0.086237 0.0194614
0 0.972422 0.452004 0.052169 0.230731 0.0194148
0 0.00597706 0.341239 0.0128316 0.0869454 0.0192213
0 0.391975 0.309142 0.16424 0.307157 0.0191926
0 0.435095 0.519741 0.0205783 0.0264403 0.0191212
0 0.0607412 0.436265 0.0553133 0.0890154 0.019088
0 0.100969 0.359195 0.0240037 0.0417678 0.0190802
