0 0.432146 0.512662 0.0695233 0.115659 0.898858
0 0.335687 0.58631 0.19651 0.284606 0.894701
0 0.169124 0.425758 0.0389401 0.0356105 0.643796
0 0.128412 0.422375 0.0381603 0.0365555 0.549431
0 0.206422 0.434707 0.0279649 0.0283719 0.545598
0 0.0878601 0.411889 0.0363294 0.0382321 0.529857
0 0.056325 0.407316 0.0363048 0.0362233 0.49405
0 0.177081 0.42734 0.0298172 0.0336252 0.479844
0 0.23885 0.441013 0.0310132 0.0389493 0.44467
0 0.106051 0.418523 0.0358271 0.0351073 0.442997
0 0.00719606 0.401086 0.0143138 0.0407505 0.441192
0 0.0303996 0.401869 0.0549748 0.0429372 0.43774
0 0.0167031 0.402442 0.0321923 0.0395308 0.399536
0 0.375746 0.452049 0.0327976 0.0303028 0.324327
0 0.243681 0.447944 0.0387678 0.0451889 0.320204
0 0.275451 0.482206 0.0473309 0.0847823 0.307513
0 0.357029 0.440846 0.025685 0.0270924 0.285814
0 0.157692 0.425041 0.0218946 0.0293445 0.252512
0 0.205242 0.437088 0.0218452 0.0213923 0.246162
0 0.323676 0.443502 0.0194764 0.0170347 0.242335
0 0.180401 0.428887 0.020537 0.0289275 0.230863
0 0.116994 0.420916 0.0243227 0.0300129 0.217148
0 0.326532 0.447536 0.0264865 0.0215057 0.211068
0 0.274331 0.457546 0.0310031 0.035645 0.207991
0 0.187931 0.429928 0.0170539 0.0246445 0.207522
0 0.163508 0.424499 0.0256068 0.0309191 0.2069
0 0.151583 0.423475 0.0214817 0.0289322 0.204373
0 0.0494168 0.400096 0.0362983 0.0494865 0.202778
0 0.0923943 0.41671 0.0260155 0.0298298 0.200416
0 0.0951145 0.41052 0.0507527 0.050478 0.19678
0 0.200582 0.435053 0.019227 0.0230066 0.196616
0 0.107657 0.421343 0.022939 0.0306453 0.196497
0 0.0639758 0.411583 0.0435002 0.0370119 0.187903
0 0.27802 0.462242 0.0385671 0.0487313 0.187507
0 0.0826221 0.414056 0.0253526 0.0305166 0.187403
0 0.35669 0.436155 0.0225552 0.0212263 0.186352
0 0.193417 0.430891 0.0175313 0.0248115 0.184204
0 0.233829 0.439071 0.0244185 0.0283171 0.173173
0 0.0841553 0.402576 0.0404195 0.0533806 0.172723
0 0.102576 0.419938 0.0214259 0.0294358 0.169596
0 0.395825 0.461537 0.0206386 0.0207704 0.168616
0 0.0640955 0.407265 0.0248901 0.0298174 0.167693
0 0.0729034 0.407618 0.0208771 0.0277981 0.166893
0 0.37541 0.458112 0.0222949 0.0212043 0.165747
0 0.0514277 0.410629 0.0250119 0.0303808 0.165046
0 0.0240366 0.404278 0.025517 0.0323293 0.164745
0 0.126956 0.422642 0.0251146 0.0304454 0.164625
0 0.354227 0.442396 0.0192654 0.0204334 0.162762
0 0.211457 0.435372 0.0191509 0.0235942 0.158606
0 0.0476987 0.403105 0.0261605 0.036751 0.15681
0 0.112198 0.424173 0.0198088 0.0243634 0.153999
0 0.3298 0.443405 0.0300527 0.0231075 0.152315
0 0.21427 0.441657 0.0311583 0.0325424 0.151137
0 0.173241 0.42884 0.022458 0.0245188 0.148735
0 0.219782 0.438238 0.0265029 0.0252775 0.148544
0 0.00550559 0.409276 0.0115243 0.0285681 0.147117
0 0.382718 0.456985 0.0211771 0.020239 0.146218
0 0.328551 0.444017 0.020892 0.0170867 0.144995
0 0.235181 0.444244 0.0203059 0.0266948 0.141137
0 0.138522 0.422062 0.0253315 0.0316254 0.13789
0 0.251116 0.442037 0.0559218 0.0616851 0.137689
0 0.25455 0.422246 0.0641536 0.102143 0.136845
0 0.414584 0.454111 0.0314702 0.0310884 0.135376
0 0.314895 0.446032 0.031549 0.0249403 0.129441
0 0.0192036 0.407879 0.0218946 0.0318658 0.128551
0 0.183552 0.432753 0.017773 0.0248042 0.127892
0 0.280554 0.487555 0.0657175 0.10686 0.127048
0 0.240774 0.429824 0.041274 0.0593845 0.127047
0 0.195186 0.439662 0.0180459 0.0232262 0.12639
0 0.0870014 0.409543 0.0187904 0.0254338 0.125266
0 0.229013 0.441546 0.024881 0.0271502 0.124364
0 0.77314 0.54933 0.119838 0.0992169 0.122189
0 0.370823 0.444722 0.0224971 0.0223823 0.121951
0 0.358574 0.44806 0.0159409 0.0194973 0.118235
0 0.367924 0.454486 0.0199224 0.022147 0.117463
0 0.0113219 0.406213 0.0140866 0.0235864 0.11744
0 0.287784 0.478563 0.0622935 0.0744228 0.11581
0 0.0574318 0.410244 0.0214831 0.0283274 0.115802
0 0.0193758 0.401583 0.0174259 0.0288634 0.114767
0 0.356773 0.432218 0.0195253 0.0164225 0.113591
0 0.384884 0.462955 0.0143401 0.0211365 0.113075
0 0.356225 0.451521 0.0145854 0.0189265 0.110273
0 0.407037 0.45195 0.0333939 0.0274973 0.109242
0 0.552185 0.483575 0.0354451 0.048539 0.105341
0 0.362578 0.446054 0.0192217 0.0198487 0.104776
0 0.293113 0.498486 0.0787302 0.110628 0.104532
0 0.798547 0.563025 0.0709648 0.0626275 0.104276
0 0.263805 0.464759 0.0332505 0.0495391 0.104058
0 0.37826 0.45075 0.0223414 0.0234051 0.100797
0 0.262877 0.431342 0.0478196 0.0750067 0.100786
0 0.0473524 0.412115 0.0201991 0.0239994 0.0983501
0 0.82249 0.55837 0.0255054 0.0368779 0.0982658
0 0.401337 0.457726 0.0205715 0.0198468 0.0980702
0 0.25018 0.45328 0.0170917 0.0280723 0.096155
0 0.401181 0.467647 0.0252623 0.027032 0.0959125
0 0.025079 0.410823 0.0197898 0.0255469 0.0958824
0 0.536716 0.4894 0.0623563 0.0585488 0.0953807
0 0.4066 0.459455 0.0308832 0.0234912 0.092071
0 0.349349 0.442211 0.0230958 0.0214641 0.0911581
0 0.827172 0.554584 0.0405348 0.0485052 0.0906951
0 0.00382725 0.403962 0.00778481 0.0315598 0.0878652
0 0.831257 0.55885 0.0585089 0.0600186 0.0872531
0 0.558872 0.484512 0.0292967 0.0408004 0.0853668
0 0.22762 0.438713 0.015191 0.0245508 0.0852822
0 0.22899 0.434126 0.0226495 0.0262082 0.0835184
0 0.412071 0.446355 0.0369323 0.0323768 0.0827812
0 0.282856 0.450956 0.0388836 0.0371902 0.0799152
0 0.316152 0.432971 0.0324829 0.0342733 0.0796641
0 0.342377 0.447005 0.0173389 0.0219137 0.0795609
0 0.316611 0.444931 0.0166019 0.0170546 0.0789007
0 0.755492 0.557505 0.16303 0.122118 0.0758187
0 0.463873 0.47832 0.0177321 0.0458998 0.0745996
0 0.410533 0.451064 0.0245911 0.0220495 0.0740222
0 0.855345 0.558572 0.0986023 0.0697847 0.0736917
0 0.814516 0.552388 0.0464901 0.0661864 0.0722068
0 0.395889 0.453079 0.0168237 0.0195284 0.0707336
0 0.777855 0.57212 0.0480215 0.055218 0.0698926
0 0.548617 0.494638 0.0353923 0.0542506 0.0682984
0 0.66579 0.507793 0.018049 0.0198895 0.0678651
0 0.526937 0.498649 0.0670899 0.0591684 0.0678062
0 0.765403 0.560207 0.0837237 0.0899545 0.0661454
0 0.801858 0.547965 0.0959661 0.0874671 0.0659592
0 0.509528 0.497176 0.0365948 0.044925 0.0654303
0 0.532866 0.466752 0.0981399 0.106142 0.0649375
0 0.572768 0.512253 0.0439196 0.064797 0.0649159
0 0.412175 0.441717 0.0445862 0.0457412 0.0644369
0 0.312513 0.460415 0.0560018 0.0535656 0.063764
0 0.576246 0.482443 0.0393342 0.0594396 0.0635944
0 0.77606 0.538563 0.0806863 0.0786999 0.0607113
0 0.246152 0.456265 0.0236372 0.0300578 0.0595679
0 0.835439 0.542728 0.0579798 0.0917035 0.0582872
0 0.757613 0.52892 0.0698926 0.0658047 0.0570041
0 0.819108 0.573289 0.0907299 0.088096 0.056173
0 0.284432 0.445704 0.017643 0.0225811 0.0539983
0 0.479347 0.484594 0.0398291 0.0602252 0.0536931
0 0.452592 0.467019 0.0256333 0.029877 0.0522223
0 0.77026 0.573003 0.0652412 0.0701002 0.0508988
0 0.00739182 0.379328 0.0155604 0.0772831 0.0501201
0 0.863377 0.46808 0.126518 0.217942 0.0499401
0 0.849729 0.534901 0.0923517 0.114876 0.0486636
0 0.539849 0.50386 0.0436575 0.0647205 0.0485247
0 0.103232 0.41031 0.019424 0.0262098 0.0474611
0 0.613484 0.478983 0.0908787 0.0842439 0.0470013
0 0.662487 0.506569 0.0253309 0.0245282 0.0462121
0 0.384644 0.482783 0.0736982 0.0918521 0.0460983
0 0.51368 0.487025 0.0567574 0.0711824 0.0459434
0 0.393497 0.446785 0.0160026 0.0222669 0.0456648
0 0.300313 0.445159 0.0457448 0.0395842 0.0454395
0 0.450061 0.508586 0.0322697 0.0783247 0.0445093
0 0.79833 0.582452 0.0998523 0.115532 0.0439999
0 0.457064 0.467791 0.0168541 0.023461 0.0439015
0 0.478399 0.468235 0.0464482 0.0656236 0.0437282
0 0.766822 0.46853 0.032571 0.0495532 0.0434136
0 0.335989 0.460051 0.0481108 0.0481194 0.0433941
0 0.273302 0.438769 0.0344489 0.0449891 0.042952
0 0.491707 0.480983 0.049727 0.0748723 0.041875
0 0.751606 0.545982 0.0956267 0.0852289 0.0417914
0 0.273421 0.517382 0.0575741 0.158408 0.0415683
0 0.0275364 0.373055 0.0611307 0.101802 0.0407944
0 0.758527 0.587969 0.0915701 0.117775 0.0399315
0 0.410267 0.501452 0.0582322 0.110989 0.0396389
0 0.556389 0.505264 0.051606 0.0719449 0.0393374
0 0.828735 0.506886 0.0592134 0.100176 0.0385169
0 0.36671 0.489077 0.0904364 0.11116 0.038322
0 0.677075 0.522798 0.0462874 0.051712 0.0383076
0 0.563096 0.474583 0.0478265 0.0701029 0.0381652
0 0.777155 0.585802 0.072423 0.100723 0.0381041
0 0.197425 0.427992 0.0144875 0.0217794 0.0380478
0 0.824418 0.591217 0.119988 0.12487 0.0378351
0 0.508558 0.474937 0.0913745 0.0930415 0.0376642
0 0.864124 0.550867 0.109656 0.112881 0.0374754
0 0.665146 0.5268 0.034048 0.0431271 0.0351043
0 0.350943 0.489549 0.0606956 0.101758 0.0348395
0 0.771081 0.471301 0.0443602 0.0648379 0.0343459
0 0.374975 0.430971 0.0144388 0.0169224 0.0340191
0 0.548577 0.465911 0.0598943 0.0916212 0.0339249
0 0.158089 0.431465 0.0188384 0.0250114 0.0337777
0 0.433135 0.457312 0.0227492 0.0265877 0.0336444
0 0.589033 0.475184 0.0496416 0.0747826 0.0332031
0 0.764398 0.480746 0.0371292 0.0506933 0.0330335
0 0.256277 0.411078 0.0476126 0.0710653 0.032872
0 0.453859 0.458957 0.0155326 0.0307209 0.0328105
0 0.343762 0.433742 0.0157083 0.0174418 0.0327717
0 0.541083 0.504278 0.0213943 0.0311632 0.0323297
0 0.822215 0.484624 0.0730093 0.1184 0.0321464
0 0.587633 0.515896 0.0744281 0.0860255 0.0321313
0 0.511302 0.45152 0.0974719 0.100693 0.0319788
0 0.802668 0.456412 0.101417 0.161846 0.0315187
0 0.465786 0.488737 0.0152637 0.036495 0.0314831
0 0.720956 0.558911 0.139954 0.101518 0.0312281
0 0.981999 0.721016 0.037858 0.167697 0.0311366
0 0.332402 0.492139 0.0799953 0.117176 0.0308389
0 0.836511 0.488428 0.0561161 0.106284 0.0306617
0 0.603185 0.516314 0.0952503 0.103714 0.0304099
0 0.809572 0.509009 0.117411 0.130589 0.0303612
0 0.467142 0.463804 0.0280147 0.0493574 0.0303392
0 0.397731 0.39638 0.0448352 0.0897337 0.0300482
0 0.69409 0.546346 0.0887293 0.0832448 0.0300415
0 0.406519 0.485586 0.0282015 0.0431353 0.0299593
0 0.467168 0.498556 0.0134369 0.0291214 0.0298282
0 0.672765 0.502292 0.0386183 0.0348103 0.0298106
0 0.0457861 0.391553 0.0191578 0.0238815 0.0294303
0 0.486257 0.504877 0.0329748 0.05467 0.0293229
0 0.746897 0.477679 0.0728309 0.0825505 0.0292681
0 0.249582 0.397298 0.0810473 0.132386 0.0290427
0 0.872679 0.59245 0.142803 0.135194 0.0288333
0 0.392518 0.510867 0.0688674 0.0976365 0.0286064
0 0.857434 0.482922 0.102904 0.150329 0.0285017
0 0.736159 0.526486 0.094527 0.062754 0.0282672
0 0.656182 0.529316 0.0534102 0.0565247 0.0282055
0 0.984256 0.56084 0.0306292 0.11973 0.0278405
0 0.777305 0.489795 0.0618857 0.0787114 0.0278329
0 0.780056 0.464359 0.0610458 0.0972123 0.0278113
0 0.633953 0.487156 0.0851151 0.069666 0.0277084
0 0.890646 0.564849 0.159593 0.11456 0.0276086
0 0.318942 0.43147 0.017522 0.0215332 0.0274565
0 0.281468 0.415055 0.0810424 0.106713 0.0273992
0 0.647737 0.49757 0.0547527 0.0459512 0.0273523
0 0.982547 0.531293 0.0341934 0.133734 0.026938
0 0.764914 0.493094 0.092047 0.0926275 0.0268763
0 0.238059 0.451808 0.01964 0.0274176 0.0268656
0 0.525974 0.525462 0.081758 0.110215 0.0265225
0 0.500417 0.497446 0.0176543 0.0375124 0.0264868
0 0.0257149 0.444459 0.0538866 0.121194 0.0264839
0 0.734198 0.506759 0.125144 0.119055 0.0264105
0 0.78655 0.456754 0.0703049 0.135786 0.0251106
0 0.0246206 0.50312 0.0519921 0.16377 0.0251064
0 0.425001 0.403369 0.0580025 0.0865502 0.0250557
0 0.685103 0.504879 0.0658055 0.0525149 0.0250304
0 0.847373 0.615941 0.148097 0.164918 0.0250186
0 0.705465 0.577899 0.123597 0.134268 0.0249983
0 0.989727 0.552203 0.0201988 0.0777355 0.0249826
0 0.649463 0.557363 0.101504 0.108492 0.0248852
0 0.648159 0.535381 0.0860795 0.0791396 0.024864
0 0.762933 0.593454 0.143768 0.172728 0.0246586
0 0.87693 0.507428 0.0865295 0.12241 0.0246381
0 0.0112502 0.42196 0.0142189 0.0393867 0.024619
0 0.136261 0.409231 0.0167452 0.0240497 0.0243241
0 0.920398 0.56402 0.1462 0.144387 0.0240621
0 0.275892 0.384356 0.0443726 0.0975159 0.024058
0 0.381423 0.521713 0.100393 0.124035 0.0240546
0 0.315434 0.429923 0.0190956 0.0248426 0.0237103
0 0.590754 0.493685 0.0711141 0.0756354 0.0236895
0 0.149258 0.356008 0.0599132 0.132929 0.0236383
0 0.791783 0.498595 0.0848611 0.0982196 0.0234777
0 0.477483 0.411374 0.0294034 0.0407486 0.0233963
0 0.759561 0.468293 0.0466425 0.0654403 0.0232849
0 0.529153 0.523009 0.0514745 0.075765 0.0230188
0 0.442378 0.5158 0.0447507 0.101319 0.0229923
0 0.558471 0.517682 0.0339493 0.0505007 0.0227776
0 0.676233 0.554435 0.08198 0.08984 0.0227711
0 0.560244 0.477265 0.0721528 0.0895777 0.0226483
0 0.960238 0.564207 0.078849 0.152831 0.0226278
0 0.77633 0.426167 0.0589855 0.109753 0.0224095
0 0.89621 0.625583 0.189667 0.197003 0.0222636
0 0.540666 0.370641 0.0283319 0.0569598 0.0222446
0 0.540724 0.397033 0.0281177 0.0451179 0.0219971
0 0.931066 0.4944 0.130574 0.236902 0.0218516
0 0.248325 0.469017 0.0214343 0.0390107 0.0215484
0 0.568639 0.958738 0.0648005 0.0732688 0.0215459
0 0.571488 0.375229 0.0334542 0.0612195 0.0214506
0 0.535851 0.368987 0.0236968 0.0491199 0.0212996
0 0.803704 0.610135 0.10917 0.144768 0.0212248
0 0.414156 0.414229 0.0484193 0.0729162 0.0212093
0 0.987758 0.523189 0.025218 0.0996407 0.0211796
0 0.878896 0.544604 0.0725176 0.0779934 0.0211612
0 0.567396 0.447752 0.0356096 0.0630992 0.0211224
0 0.161277 0.416479 0.0208927 0.0253548 0.0211006
0 0.979463 0.491764 0.0398085 0.178343 0.0210902
0 0.652245 0.518134 0.0501785 0.0429589 0.0210754
0 0.421016 0.433643 0.0487998 0.0627972 0.020993
0 0.616974 0.540504 0.112998 0.114578 0.0209787
0 0.434048 0.466436 0.0461432 0.0340023 0.0209167
0 0.737202 0.593499 0.127428 0.134706 0.020879
0 0.68792 0.44267 0.0251951 0.0412448 0.0207904
0 0.0466502 0.267465 0.0434777 0.0555773 0.0207567
0 0.454751 0.430428 0.0193023 0.0303202 0.0207252
0 0.685922 0.486675 0.0486579 0.0666584 0.0206178
0 0.390143 0.622687 0.0786435 0.15199 0.0205728
0 0.236258 0.387688 0.0612788 0.0880003 0.0205426
0 0.9893 0.497329 0.0219158 0.0839793 0.0203802
0 0.586963 0.526148 0.0527967 0.0676025 0.0201634
0 0.695806 0.515301 0.0713653 0.057412 0.0200871
0 0.981566 0.60573 0.0375017 0.166694 0.0199862
0 0.833561 0.438973 0.137741 0.174312 0.0199619
0 0.228422 0.44615 0.016611 0.0240559 0.019839
0 0.974622 0.698969 0.0490715 0.170306 0.0194863
0 0.476472 0.447064 0.0249453 0.0334635 0.0194825
0 0.40009 0.173684 0.0209754 0.0356997 0.0194111
0 0.221275 0.308596 0.0260111 0.0402468 0.0192903
0 0.980739 0.342748 0.0348295 0.0766958 0.0192577
0 0.907058 0.555055 0.178664 0.224471 0.0192036
0 0.43796 0.389983 0.0346651 0.0563375 0.0191831
0 0.14185 0.408936 0.0211428 0.0248661 0.0191021
0 0.460976 0.550923 0.0183702 0.0425796 0.0190577
0 0.537842 0.532633 0.0469329 0.0635974 0.0190372
0 0.135033 0.357432 0.0471236 0.118998 0.0190255
0 0.263721 0.488452 0.0177816 0.0398256 0.0190157
0 0.396347 0.702788 0.0432618 0.0387455 0.0189956
0 0.672375 0.578282 0.0848234 0.109365 0.0188258
