0 0.399016 0.618508 0.0741268 0.0946365 0.90798
0 0.62583 0.616897 0.119724 0.0808177 0.888022
0 0.22947 0.656056 0.15787 0.22199 0.883144
0 0.0747793 0.570286 0.0646613 0.0744112 0.824641
0 0.360129 0.580307 0.0407232 0.0599396 0.79376
0 0.304583 0.618131 0.0364413 0.0981206 0.733381
0 0.349628 0.527335 0.0493103 0.0938536 0.695884
0 0.16463 0.562804 0.0534352 0.0692942 0.658819
0 0.121432 0.558056 0.0380211 0.060475 0.576706
0 0.338047 0.562855 0.0226212 0.0346527 0.566556
0 0.0339157 0.562415 0.043183 0.0584222 0.545508
0 0.0515543 0.512249 0.103109 0.10301 0.500389
0 0.298662 0.557409 0.0304052 0.0326018 0.490435
0 0.303576 0.504877 0.0166343 0.0183297 0.37803
0 0.232796 0.537559 0.0192462 0.0233148 0.36296
0 0.00978974 0.566891 0.0195114 0.0589654 0.3608
0 0.298007 0.505824 0.0175342 0.0188468 0.3466
0 0.208845 0.538707 0.037325 0.0319906 0.345688
0 0.296029 0.547238 0.027801 0.0288434 0.302976
0 0.317565 0.506133 0.0136099 0.0194009 0.282875
0 0.0192335 0.534827 0.038467 0.110904 0.277633
0 0.249464 0.506634 0.0250701 0.0227576 0.258954
0 0.264578 0.506876 0.0198293 0.0196262 0.255253
0 0.165982 0.536192 0.0515974 0.0506309 0.252736
