0 0.347519 0.346479 0.0635418 0.108482 0.902228
0 0.495783 0.258452 0.133435 0.439617 0.874977
0 0.208559 0.363109 0.0850774 0.126564 0.866812
0 0.0998238 0.394466 0.199648 0.387415 0.8647
0 0.300196 0.340079 0.023777 0.0495513 0.852044
0 0.273513 0.346475 0.051246 0.0661243 0.838236
0 0.244289 0.345757 0.023666 0.0525984 0.374541
0 0.31363 0.332293 0.0152419 0.0267033 0.342633
0 0.381041 0.331692 0.0152828 0.0260811 0.259991
0 0.243719 0.332782 0.0289 0.0565809 0.20347
0 0.392048 0.332958 0.0223985 0.0288097 0.20107
0 0.249216 0.325819 0.0336163 0.0519134 0.183494
0 0.316517 0.324746 0.0135558 0.02227 0.181359
0 0.5625 0.303119 0 0.219716 0.172187
0 0.309473 0.320512 0.0196008 0.0420899 0.163151
0 0.379105 0.334908 0.0121861 0.0225861 0.158219
0 0.235268 0.337 0.0368706 0.0630529 0.150624
0 0.301459 0.303809 0.0267044 0.0366851 0.14573
0 0.316591 0.337393 0.012867 0.0265915 0.14414
0 0.306183 0.312688 0.0285124 0.0430894 0.142632
0 0.246659 0.340356 0.0157405 0.0354799 0.139172
0 0.303204 0.340655 0.016807 0.0419225 0.137984
0 0.26453 0.33252 0.0574217 0.0713397 0.137522
0 0.425837 0.344173 0.0204875 0.0480707 0.133533
0 0.255704 0.31956 0.0482844 0.0665403 0.128547
0 0.296744 0.341598 0.0134658 0.0430557 0.126754
0 0.381392 0.332155 0.0104259 0.0220705 0.126052
0 0.308749 0.332432 0.0131002 0.0261307 0.122134
0 0.319083 0.317728 0.0141404 0.0243101 0.118965
0 0.384896 0.334041 0.0119266 0.0213069 0.117957
0 0.298849 0.320203 0.0285609 0.0648943 0.115462
0 0.5625 0.475244 0 0.0252555 0.113904
0 0.5625 0.23726 0 0.0695193 0.112974
0 0.419012 0.340397 0.0304157 0.047856 0.109136
0 0.5625 0.315263 0 0.189912 0.105706
0 0.43002 0.345641 0.0165122 0.0417343 0.104343
0 0.5625 0.2393 0 0.0542337 0.10286
0 0.378943 0.314924 0.0107273 0.0163657 0.101739
0 0.249553 0.348883 0.0149923 0.0396091 0.0997915
0 0.299171 0.325503 0.0237892 0.0367284 0.0991891
0 0.408848 0.340991 0.0250875 0.0391724 0.0971887
0 0.373762 0.331832 0.0125376 0.0222193 0.0965459
0 0.396839 0.338546 0.0128363 0.0245004 0.0963629
0 0.387617 0.332578 0.0155811 0.0261086 0.0925119
0 0.302105 0.31342 0.0197875 0.0238953 0.0920957
0 0.391964 0.338461 0.0126071 0.0223544 0.090662
0 0.5625 0.273324 0 0.140802 0.0890833
0 0.233992 0.307003 0.027514 0.0447867 0.0867605
0 0.255371 0.311405 0.0427588 0.0419384 0.084512
0 0.422931 0.333686 0.0273846 0.0699045 0.0828563
0 0.75918 0.212328 0.0769053 0.0558432 0.0826278
0 0.253666 0.341546 0.0197991 0.0366739 0.0823335
0 0.983786 0.480401 0.0318718 0.0363697 0.0805284
0 0.776845 0.255933 0.155162 0.13924 0.0801692
0 0.311246 0.338476 0.0102104 0.0288973 0.0781706
0 0.295947 0.312863 0.0198908 0.0186266 0.0764701
0 0.931842 0.463276 0.0567184 0.0495608 0.0762437
0 0.281368 0.340642 0.0380198 0.0637621 0.0724921
0 0.735837 0.263786 0.0746186 0.100058 0.0701892
0 0.428603 0.351894 0.0129633 0.0346855 0.0682889
0 0.743356 0.351643 0.0808855 0.12587 0.0681097
0 0.243013 0.335699 0.0238142 0.0404103 0.067667
0 0.773932 0.200048 0.0292704 0.0358715 0.0675809
0 0.374156 0.334123 0.0205471 0.0364769 0.0670273
0 0.184273 0.311833 0.038311 0.0456576 0.0651833
0 0.723826 0.351087 0.0584884 0.112983 0.065073
0 0.169836 0.289024 0.0378951 0.0520822 0.06417
0 0.922834 0.471362 0.0500595 0.0320741 0.0635721
0 0.377644 0.320148 0.0145199 0.0239271 0.0634341
0 0.292805 0.331577 0.0165691 0.0265078 0.0630588
0 0.425274 0.345806 0.0115887 0.026225 0.0619419
0 0.224017 0.274323 0.0664943 0.0926314 0.0617815
0 0.798855 0.319882 0.116064 0.157165 0.0617455
0 0.409733 0.333532 0.0167353 0.038602 0.0616332
0 0.956049 0.459476 0.0834688 0.0836476 0.0595525
0 0.313474 0.322625 0.0150627 0.0256847 0.0591696
0 0.328869 0.305923 0.0130983 0.017481 0.0588436
0 0.440667 0.344964 0.0233676 0.0668551 0.0559728
0 0.389368 0.337064 0.0106819 0.0278872 0.0559678
0 0.778719 0.250874 0.0714468 0.0814056 0.0554848
0 0.173073 0.307651 0.0301307 0.0367402 0.0546348
0 0.34661 0.294092 0.017627 0.0167281 0.0537843
0 0.81476 0.315427 0.0913204 0.121609 0.0535129
0 0.772976 0.208538 0.0396695 0.0500762 0.0533859
0 0.713939 0.34114 0.0418237 0.124855 0.0509101
0 0.382879 0.325677 0.013298 0.0249902 0.050728
0 0.245995 0.303449 0.0359981 0.0459796 0.0492941
0 0.826139 0.272182 0.0497952 0.059285 0.0492523
0 0.280691 0.320042 0.0185698 0.0248653 0.0483119
0 0.719678 0.269812 0.0587708 0.110194 0.0483104
0 0.267724 0.308916 0.0273521 0.0258644 0.047657
0 0.288119 0.344769 0.025176 0.0507015 0.0467378
0 0.162471 0.296873 0.0255394 0.045688 0.0462073
0 0.703173 0.34494 0.0299248 0.119688 0.0461021
0 0.457729 0.348429 0.0539604 0.133944 0.0457916
0 0.0469049 0.162329 0.0889756 0.164742 0.0449093
0 0.365525 0.308691 0.0124647 0.0168411 0.0440372
0 0.717046 0.304679 0.0538495 0.136963 0.0435496
0 0.226614 0.328221 0.0495393 0.0575341 0.0432653
0 0.181384 0.291799 0.0412588 0.0414753 0.0430177
0 0.417866 0.333714 0.0219193 0.0569806 0.0425671
0 0.719844 0.365251 0.0459813 0.0800523 0.0420163
0 0.794621 0.261398 0.0391093 0.0546434 0.0419463
0 0.42864 0.333464 0.0126437 0.0396439 0.0419068
0 0.751944 0.215923 0.093926 0.107964 0.0417614
0 0.312957 0.300055 0.013959 0.0190802 0.0415842
0 0.240033 0.290486 0.056214 0.091702 0.0413099
0 0.943752 0.437466 0.107104 0.116565 0.0411315
0 0.863771 0.409086 0.143654 0.155737 0.0410399
0 0.789261 0.260809 0.06371 0.07306 0.0410176
0 0.699211 0.311258 0.0261484 0.120509 0.0408646
0 0.907218 0.421677 0.0961573 0.125079 0.0406483
0 0.921088 0.435366 0.0779905 0.102252 0.0405161
0 0.87488 0.363036 0.0548763 0.0804075 0.0403507
0 0.808843 0.268277 0.0516338 0.0564502 0.0402933
0 0.435922 0.352147 0.0204917 0.0617508 0.0400229
0 0.853058 0.337071 0.0229916 0.0589444 0.039778
0 0.751532 0.20108 0.0742696 0.0642882 0.0395706
0 0.953727 0.46969 0.0826452 0.0517415 0.0395606
0 0.408149 0.359193 0.0235991 0.0447759 0.0394731
0 0.841359 0.370722 0.125864 0.177673 0.0393727
0 0.45673 0.323575 0.0431671 0.0676123 0.0386168
0 0.158774 0.279601 0.034877 0.0681061 0.03847
0 0.866544 0.353788 0.0455727 0.0877313 0.0382676
0 0.0870682 0.280733 0.168846 0.154971 0.038265
0 0.637872 0.107436 0.116842 0.134291 0.0381789
0 0.697359 0.28428 0.0223876 0.087707 0.037906
0 0.315753 0.345101 0.0109417 0.0233113 0.0371626
0 0.301032 0.298103 0.0227422 0.0235762 0.0367967
0 0.873228 0.387134 0.0688292 0.106149 0.0366378
0 0.887658 0.376252 0.0258722 0.0455858 0.036391
0 0.703719 0.287984 0.0465997 0.267626 0.0363719
0 0.274475 0.329252 0.0335474 0.049588 0.0363248
0 0.83813 0.32583 0.0392977 0.0820413 0.0361795
0 0.908066 0.413893 0.063677 0.128308 0.0359514
0 0.988876 0.466557 0.0228756 0.0491503 0.0358449
0 0.986062 0.465465 0.0302656 0.0778776 0.0354248
0 0.879399 0.408889 0.0823292 0.137914 0.0352278
0 0.243524 0.319429 0.0185809 0.0250409 0.0347088
0 0.196642 0.315249 0.0530025 0.0417034 0.0346535
0 0.350231 0.294303 0.0170742 0.0200015 0.0341928
0 0.361732 0.331057 0.0110379 0.0240755 0.0339947
0 0.922493 0.453733 0.0671875 0.0690157 0.0339459
0 0.848217 0.330993 0.0257536 0.0649105 0.0339338
0 0.215207 0.283153 0.053374 0.0531747 0.0338076
0 0.778827 0.218971 0.0595297 0.0717548 0.0337771
0 0.00726541 0.0680112 0.0161779 0.0476906 0.0333829
0 0.242182 0.357494 0.0223202 0.0583479 0.0333368
0 0.410358 0.196405 0.0390101 0.03596 0.0332077
0 0.0173652 0.265179 0.0352963 0.132713 0.0331916
0 0.3508 0.0583255 0.0958554 0.113259 0.0327601
0 0.169259 0.332192 0.0294947 0.0544329 0.032701
0 0.767786 0.326462 0.0986554 0.156303 0.0326456
0 0.696985 0.251713 0.02265 0.0668562 0.0326387
0 0.79031 0.320649 0.070456 0.130727 0.0325617
0 0.701229 0.178322 0.0222903 0.120884 0.0324385
0 0.916389 0.465889 0.0676527 0.0537939 0.0322595
0 0.605882 0.0577872 0.058733 0.0425234 0.0321412
0 0.913729 0.463381 0.0493799 0.0376949 0.0319111
0 0.782052 0.198967 0.0445217 0.0471568 0.0319097
0 0.440316 0.365374 0.0235469 0.0669928 0.0315476
0 0.701526 0.338047 0.0417091 0.162329 0.031527
0 0.243914 0.280456 0.0381493 0.0623749 0.0315232
0 0.882599 0.386618 0.0413601 0.0690122 0.0315048
0 0.985558 0.499515 0.0270613 0.0499501 0.0311625
0 0.853195 0.330092 0.0334406 0.0796058 0.0310883
0 0.779219 0.300603 0.0942893 0.131108 0.0310817
0 0.697936 0.187804 0.0273706 0.172089 0.0301925
0 0.578369 0.0708527 0.113503 0.0650305 0.030121
0 0.400891 0.344554 0.0138077 0.0237942 0.0299154
0 0.800769 0.298088 0.0653973 0.10266 0.0298034
0 0.824064 0.310587 0.25262 0.27021 0.029668
0 0.32066 0.295578 0.0134262 0.0198313 0.0296531
0 0.900047 0.405472 0.0426182 0.10008 0.0295273
0 0.899313 0.430874 0.0351942 0.0747289 0.0294113
0 0.072301 0.048917 0.0989022 0.110518 0.0292105
0 0.703319 0.206773 0.0343058 0.128845 0.0291411
0 0.858578 0.366571 0.0342834 0.0675176 0.0290759
0 0.653107 0.385503 0.0896023 0.134302 0.0289176
0 0.0304446 0.142305 0.0609471 0.13109 0.0288465
0 0.967166 0.43935 0.0638351 0.117961 0.0288111
0 0.675293 0.272968 0.0637761 0.332368 0.028801
0 0.216573 0.156904 0.0460038 0.0467991 0.0285083
0 0.600875 0.124444 0.170219 0.173012 0.0283576
0 0.700039 0.362904 0.024938 0.0763242 0.0282953
0 0.650092 0.123507 0.0840182 0.104001 0.0270878
0 0.469617 0.316949 0.0547947 0.0680244 0.0269846
0 0.00860389 0.18494 0.0173498 0.0469921 0.0269616
0 0.450778 0.358252 0.0352121 0.095668 0.0268771
0 0.492215 0.569655 0.0339349 0.0641313 0.0263271
0 0.0059313 0.0568918 0.011555 0.0568556 0.0262079
0 0.854811 0.403513 0.0942749 0.131254 0.0261854
0 0.462998 0.220706 0.0624073 0.181684 0.0261836
0 0.163334 0.300182 0.0580312 0.0872664 0.0261755
0 0.234193 0.273842 0.027323 0.0317925 0.0261276
0 0.575733 0.0851805 0.14466 0.0998879 0.025603
0 0.749215 0.375922 0.0658031 0.105196 0.0255448
0 0.409226 0.1911 0.0467963 0.0503222 0.0253063
0 0.780519 0.200984 0.0252227 0.0319961 0.0252824
0 0.458673 0.295102 0.0401733 0.0794471 0.025259
0 0.690541 0.355925 0.0361292 0.12121 0.0250382
0 0.395974 0.296156 0.0219917 0.037137 0.0249763
0 0.716786 0.214765 0.0443669 0.117424 0.0249558
0 0.770943 0.139041 0.156545 0.310914 0.024943
0 0.727378 0.199223 0.0522959 0.0951509 0.0248717
0 0.220147 0.196987 0.0311083 0.0402918 0.0246307
0 0.664877 0.349932 0.0660488 0.171888 0.0243687
0 0.295599 0.292535 0.0224501 0.024087 0.024285
0 0.0177643 0.156136 0.0373052 0.111338 0.0242582
0 0.670791 0.377423 0.0581501 0.145485 0.0242472
0 0.362588 0.292694 0.0155268 0.0233134 0.0241954
0 0.467307 0.256192 0.0673002 0.174027 0.024077
0 0.62989 0.0670517 0.129951 0.0820366 0.0239223
0 0.0180465 0.225571 0.0369066 0.120884 0.0237539
0 0.398176 0.309005 0.0298491 0.0580356 0.0237328
0 0.696735 0.149394 0.0287744 0.11714 0.0236338
0 0.607919 0.0819891 0.0988763 0.0840013 0.0234933
0 0.852909 0.364516 0.0470676 0.0965324 0.0234714
0 0.679762 0.349237 0.0484995 0.157466 0.0234167
0 0.925792 0.48981 0.0294947 0.0361949 0.0232282
0 0.768782 0.0934201 0.0304001 0.0829507 0.0231427
0 0.162563 0.327499 0.0237038 0.0381993 0.0231381
0 0.481731 0.356951 0.0954294 0.18982 0.0231299
0 0.0784936 0.0449681 0.0735355 0.0868346 0.0230452
0 0.639568 0.172983 0.0851978 0.127693 0.0228132
0 0.834296 0.311065 0.0892954 0.152055 0.0227201
0 0.0793181 0.174832 0.155205 0.182201 0.0226227
0 0.308939 0.202218 0.0230766 0.0385997 0.0225705
0 0.819625 0.331648 0.0728027 0.0994473 0.0224051
0 0.471074 0.297879 0.0554955 0.0864283 0.0223534
0 0.164057 0.305067 0.0189618 0.0345422 0.0222836
0 0.994074 0.496335 0.00998173 0.0331027 0.0222183
0 0.417598 0.301026 0.0359244 0.120217 0.0219157
0 0.61374 0.201844 0.168454 0.299032 0.0218524
0 0.490486 0.338852 0.0299746 0.0523923 0.0218247
0 0.195471 0.28236 0.0689764 0.07293 0.0215121
0 0.0154233 0.333355 0.0313026 0.151829 0.0214321
0 0.45323 0.227592 0.0391502 0.156684 0.0214285
0 0.169947 0.319054 0.0231757 0.0378917 0.0214103
0 0.629776 0.0485361 0.11094 0.104615 0.0212621
0 0.412072 0.323978 0.0338323 0.0670301 0.0212172
0 0.319432 0.362763 0.0149078 0.0349853 0.0211487
0 0.0138761 0.183106 0.0272301 0.0515581 0.0210809
0 0.461672 0.39333 0.0508487 0.106911 0.0210694
0 0.682397 0.183001 0.0504778 0.210222 0.0209517
0 0.661094 0.0937812 0.0654682 0.114772 0.0209311
0 0.0528387 0.166574 0.0300581 0.04688 0.0208804
0 0.925821 0.382855 0.152579 0.211433 0.0208286
0 0.249597 0.39989 0.0363606 0.0653302 0.0208152
0 0.14952 0.285737 0.0534739 0.072444 0.0208013
0 0.193838 0.299274 0.0381334 0.0504566 0.0207541
0 0.77005 0.418259 0.0658496 0.102164 0.0207498
0 0.200743 0.189541 0.0360326 0.0506846 0.0207179
0 0.634266 0.148455 0.101029 0.085915 0.0206749
0 0.11746 0.271187 0.061311 0.0853223 0.020639
0 0.0450312 0.216882 0.088061 0.160201 0.0206248
0 0.00827865 0.0976294 0.0159717 0.0586698 0.0205237
0 0.690227 0.231277 0.0430564 0.264728 0.0205175
0 0.0133683 0.0413578 0.0275538 0.085336 0.020507
0 0.452177 0.320175 0.0531302 0.180753 0.0204804
0 0.74894 0.188221 0.0801368 0.106525 0.0204666
0 0.553419 0.066259 0.0658541 0.0470583 0.0203738
0 0.669297 0.327114 0.0546082 0.0982807 0.0202549
0 0.155947 0.261503 0.0423162 0.0851895 0.0202348
0 0.619803 0.282978 0.151209 0.32457 0.0201289
0 0.306155 0.348833 0.0131485 0.0247114 0.0201179
0 0.263964 0.276622 0.0361013 0.046456 0.0201121
0 0.664212 0.40998 0.0577155 0.081043 0.0200895
0 0.986847 0.425517 0.0304668 0.109364 0.020044
0 0.383717 0.0597773 0.0422558 0.0893529 0.0198946
0 0.0113457 0.165455 0.0223108 0.0724575 0.0198888
0 0.569207 0.390234 0.219593 0.15638 0.019786
0 0.59178 0.0543206 0.0838583 0.0518823 0.0197587
0 0.822058 0.399601 0.115214 0.154845 0.0196935
0 0.381999 0.364035 0.0158153 0.0321609 0.0196487
0 0.68888 0.304418 0.0308416 0.102292 0.0196271
0 0.38302 0.280612 0.0206267 0.0387979 0.0194648
0 0.613534 0.380161 0.0270541 0.0345824 0.0194115
0 0.72136 0.179867 0.0499985 0.126625 0.0193009
0 0.649822 0.256587 0.105452 0.314103 0.0192798
0 0.177972 0.274134 0.0423223 0.0744242 0.0191836
0 0.233544 0.423032 0.0724403 0.135098 0.0191096
0 0.296029 0.351277 0.013053 0.0267186 0.0190958
0 0.651673 0.172048 0.0936423 0.179201 0.0190195
0 0.800953 0.409781 0.0997075 0.132829 0.0190044
0 0.969009 0.400779 0.0589838 0.16257 0.0189824
0 0.718417 0.15271 0.04862 0.111329 0.018889
0 0.640118 0.33155 0.0824055 0.0926052 0.0188777
0 0.777131 0.104446 0.0499706 0.125728 0.0188042
0 0.48 0.25277 0.0877165 0.336109 0.0187768
0 0.265816 0.156817 0.0234845 0.0371368 0.0187377
0 0.110377 0.260016 0.107338 0.102424 0.0187077
0 0.676253 0.410993 0.0377314 0.0650898 0.018703
0 0.841819 0.389944 0.0761553 0.108403 0.0186923
0 0.221658 0.163817 0.0206519 0.024944 0.018689
0 0.567952 0.414969 0.163998 0.110654 0.018598
0 0.0683105 0.20279 0.115942 0.141819 0.0184968
0 0.259825 0.221417 0.0315166 0.0431809 0.0184925
0 0.843561 0.298761 0.0593042 0.102052 0.018478
0 0.982673 0.414562 0.0332163 0.145553 0.0184321
