0 0.450627 0.297142 0.0582673 0.0981813 0.893494
0 0.315876 0.313165 0.0929361 0.112012 0.892367
0 0.365096 0.291571 0.0445772 0.0840677 0.887582
0 0.55365 0.303233 0.0581368 0.0849413 0.857441
0 0.100207 0.434817 0.200414 0.367978 0.849175
0 0.730553 0.342738 0.219443 0.250783 0.840758
0 0.875557 0.473678 0.248886 0.404725 0.838856
0 0.615507 0.331155 0.0742453 0.158656 0.816212
0 0.497334 0.263927 0.0209805 0.0323115 0.748089
0 0.482509 0.288263 0.0180188 0.0531971 0.708145
0 0.387155 0.276046 0.027364 0.0649751 0.60671
0 0.487389 0.277782 0.0222973 0.0397816 0.602972
0 0.414326 0.269185 0.0183393 0.0238993 0.582674
0 0.453695 0.235097 0.0612849 0.0817429 0.472956
0 0.274236 0.279124 0.0302355 0.031287 0.427045
0 0.12084 0.292431 0.150587 0.146635 0.341242
0 0.322485 0.257378 0.0391289 0.0225107 0.308414
0 0.491264 0.271075 0.0223344 0.0325284 0.285635
0 0.493134 0.275892 0.0170479 0.0360953 0.285611
0 0.500654 0.2632 0.0141776 0.0244008 0.255467
