0 0.525098 0.467752 0.0225253 0.0317041 0.857063
0 0.462886 0.500795 0.054145 0.0736042 0.834703
0 0.100428 0.657978 0.200855 0.257475 0.809809
0 0.5625 0.452838 0 0.902085 0.651213
0 0.510194 0.467702 0.0126416 0.0197304 0.551402
0 0.497714 0.467246 0.0135117 0.0186703 0.479335
0 0.438064 0.484587 0.0213012 0.0352007 0.421916
0 0.484397 0.46762 0.0146893 0.0201049 0.372924
0 0.513125 0.467716 0.0114546 0.020473 0.31392
0 0.420163 0.48738 0.0209549 0.0304439 0.280762
0 0.458126 0.464651 0.0204601 0.0232958 0.280083
0 0.562047 0.458984 0.000905514 0.0323061 0.278087
0 0.494175 0.46684 0.0144106 0.0187335 0.260362
0 0.46641 0.465434 0.020759 0.0190117 0.260353
0 0.505688 0.467293 0.0126305 0.0216999 0.243453
0 0.426503 0.480577 0.0307348 0.0412972 0.238047
0 0.545083 0.46019 0.0234172 0.0307031 0.194824
0 0.516662 0.466763 0.0163242 0.0266399 0.184682
0 0.437161 0.491922 0.0163248 0.0281949 0.177655
0 0.441887 0.491825 0.0286381 0.0474492 0.175722
0 0.5378 0.464426 0.0130668 0.0234556 0.174106
0 0.460972 0.461362 0.017607 0.0178967 0.173678
0 0.433896 0.477424 0.0307001 0.045176 0.17161
0 0.488771 0.467836 0.0178443 0.020331 0.168889
0 0.551496 0.459311 0.0220088 0.0331276 0.168563
0 0.538068 0.460939 0.0173544 0.0314963 0.166395
0 0.502564 0.467875 0.0143547 0.0247934 0.163814
0 0.438156 0.48451 0.0166423 0.0264181 0.161681
0 0.430043 0.488129 0.0166643 0.0271451 0.152866
0 0.424318 0.488192 0.0157644 0.0254113 0.130404
0 0.560995 0.459826 0.00300994 0.0280121 0.129442
0 0.0519478 0.675812 0.103896 0.24401 0.128768
0 0.463513 0.481246 0.0157686 0.0192162 0.12831
0 0.447715 0.469671 0.0173457 0.0217353 0.12379
0 0.225862 0.557112 0.0616021 0.0501308 0.123448
0 0.441225 0.475848 0.018466 0.0270884 0.120574
0 0.266457 0.55307 0.0296939 0.0376157 0.117494
0 0.433644 0.486883 0.0134704 0.0217954 0.117278
0 0.417305 0.491409 0.0169014 0.0237245 0.11258
0 0.482465 0.471939 0.012721 0.0220629 0.105985
0 0.293534 0.526443 0.0697793 0.0602267 0.104488
0 0.231618 0.55357 0.0821873 0.0639425 0.10338
0 0.5625 0.802087 0 0.196658 0.102488
0 0.5625 0.503159 0 0.0801027 0.10149
0 0.259332 0.549275 0.0416455 0.0465211 0.100338
0 0.547442 0.462896 0.0141796 0.0263707 0.0996563
0 0.211599 0.555557 0.0795557 0.0701141 0.0990287
0 0.5625 0.458568 0 0.0256449 0.0977185
0 0.525763 0.461933 0.0138975 0.0226584 0.0968373
0 0.409629 0.488408 0.028116 0.0324549 0.0941852
0 0.719728 0.496417 0.0519591 0.104739 0.0940792
0 0.288723 0.548178 0.0726958 0.0799852 0.0931094
0 0.987894 0.796271 0.0224531 0.215779 0.093039
0 0.309115 0.517059 0.034285 0.0485954 0.0917019
0 0.580846 0.460332 0.0248281 0.0260941 0.0914728
0 0.152026 0.618576 0.101418 0.186068 0.0902463
0 0.554139 0.46163 0.0157755 0.0266689 0.0856232
0 0.272248 0.560679 0.035988 0.0578695 0.0849052
0 0.981602 0.676104 0.035833 0.457019 0.0847692
0 0.762039 0.130183 0.092758 0.178939 0.0838825
0 0.74123 0.238613 0.0820207 0.39889 0.0826676
0 0.75878 0.976972 0.0109597 0.0187814 0.0826571
0 0.423212 0.476587 0.0181046 0.0308135 0.079995
0 0.530272 0.457827 0.0147657 0.0213543 0.0795289
0 0.752569 0.133705 0.0579695 0.149784 0.0789304
0 0.989507 0.729457 0.020924 0.345723 0.0763559
0 0.725438 0.484843 0.0730433 0.118475 0.0755559
0 0.53381 0.454525 0.0163189 0.0198881 0.074795
0 0.512753 0.461202 0.0131234 0.0222645 0.0732382
0 0.0174221 0.655735 0.0349981 0.212639 0.0726765
0 0.756631 0.970923 0.0142178 0.0233164 0.0717134
0 0.98057 0.806201 0.0381248 0.218542 0.0709947
0 0.560733 0.462261 0.0157709 0.0262164 0.0708048
0 0.411364 0.490003 0.019398 0.0272891 0.0707933
0 0.182069 0.554763 0.0361529 0.0497496 0.0692477
0 0.0115044 0.700468 0.0235008 0.187088 0.0689977
0 0.718992 0.47303 0.023064 0.0687508 0.0688903
0 0.720696 0.450549 0.0176497 0.0366537 0.0680122
0 0.500717 0.470038 0.0112682 0.0196846 0.0669035
0 0.162279 0.574739 0.0796012 0.0907752 0.0654662
0 0.970946 0.641475 0.058144 0.494653 0.0629468
0 0.937573 0.601401 0.125285 0.441382 0.0627466
0 0.585778 0.459489 0.0160304 0.0224301 0.0625819
0 0.774321 0.478572 0.036439 0.066597 0.062143
0 0.00707714 0.75052 0.0143142 0.15348 0.0621231
0 0.496174 0.463991 0.0132687 0.0176304 0.0618888
0 0.992268 0.85701 0.0158379 0.268335 0.0616573
0 0.0329315 0.691654 0.0643481 0.209143 0.06071
0 0.460571 0.455691 0.0157929 0.0147598 0.0596623
0 0.732428 0.382311 0.0846417 0.348644 0.0594159
0 0.776312 0.465672 0.0293702 0.0732942 0.0593179
0 0.56298 0.456465 0.0153941 0.0217623 0.0591475
0 0.475624 0.462847 0.0142575 0.0189084 0.0588345
0 0.227718 0.550624 0.106785 0.087297 0.0587055
0 0.192505 0.553183 0.051893 0.0602869 0.0572725
0 0.746209 0.339647 0.107886 0.569145 0.056966
0 0.75786 0.980621 0.0118613 0.0188561 0.0567137
0 0.174872 0.556322 0.0507789 0.0600943 0.0565907
0 0.744839 0.16696 0.0818533 0.253966 0.0565614
0 0.978609 0.571833 0.041641 0.462289 0.055932
0 0.724911 0.46447 0.0306653 0.0639413 0.0549442
0 0.464279 0.454288 0.0149264 0.0146325 0.0537344
0 0.0174338 0.716823 0.0342327 0.191412 0.0537124
0 0.366462 0.523217 0.0457902 0.0445593 0.0527548
0 0.488993 0.477578 0.0127777 0.0256702 0.0503568
0 0.787069 0.528204 0.157812 0.236841 0.0498375
0 0.703239 0.506687 0.0190352 0.070711 0.0493755
0 0.0410294 0.60991 0.0792049 0.126347 0.0493065
0 0.029911 0.63939 0.0606165 0.224356 0.0492724
0 0.735946 0.45361 0.0490696 0.061625 0.0486934
0 0.162164 0.64086 0.0775612 0.145434 0.0484777
0 0.0467002 0.719714 0.0897371 0.203047 0.0481238
0 0.748067 0.469251 0.0824286 0.0932704 0.0480636
0 0.790085 0.12421 0.144122 0.208379 0.0476121
0 0.223252 0.570597 0.0942563 0.0901857 0.0467728
0 0.583279 0.46374 0.0176736 0.0272374 0.0462288
0 0.508097 0.455572 0.0134671 0.0183551 0.0457319
0 0.260837 0.560934 0.0370785 0.0564662 0.0453022
0 0.964101 0.813402 0.0654745 0.177822 0.0448647
0 0.758582 0.986027 0.0137171 0.0187068 0.0445388
0 0.0156559 0.605565 0.0320397 0.138022 0.0445094
0 0.608118 0.376432 0.0217232 0.0233726 0.0442435
0 0.0127722 0.746833 0.0251794 0.180887 0.0433979
0 0.827671 0.612481 0.215423 0.274036 0.0430924
0 0.3772 0.515854 0.037493 0.0440113 0.0429723
0 0.173274 0.607192 0.0672762 0.174874 0.0419775
0 0.262343 0.542371 0.0549894 0.0705844 0.0415856
0 0.311121 0.51391 0.047965 0.0616503 0.0413115
0 0.513328 0.455632 0.01188 0.0180344 0.0412855
0 0.980911 0.535781 0.0383211 0.299823 0.0410129
0 0.00936791 0.604179 0.0189377 0.10982 0.040943
0 0.594041 0.460006 0.0313001 0.0339056 0.0409107
0 0.728074 0.442976 0.0308552 0.0528764 0.0408519
0 0.665069 0.450316 0.0282198 0.0463225 0.0406695
0 0.367206 0.16387 0.211549 0.214878 0.0406605
0 0.180598 0.582151 0.0611261 0.119874 0.0403395
0 0.985169 0.46725 0.0301872 0.0843914 0.0402113
0 0.0510754 0.296195 0.102761 0.165835 0.0399616
0 0.160333 0.554306 0.0686693 0.0724192 0.038879
0 0.0162544 0.781381 0.0326698 0.235336 0.0388135
0 0.716542 0.453516 0.0232539 0.0504029 0.0387113
0 0.151871 0.566146 0.0752863 0.0675623 0.0382236
0 0.959862 0.840424 0.0761145 0.280878 0.0379814
0 0.918629 0.948494 0.116876 0.100131 0.0379581
0 0.412464 0.466076 0.0323491 0.0493531 0.0375764
0 0.501059 0.45632 0.0123652 0.0179996 0.0370368
0 0.592459 0.448232 0.0322248 0.0538506 0.0369084
0 0.622183 0.376302 0.0348848 0.0404527 0.0368725
0 0.725642 0.231303 0.06294 0.284022 0.0368128
0 0.791938 0.462168 0.053801 0.0854705 0.0365191
0 0.72969 0.439495 0.0598772 0.245773 0.0364454
0 0.396219 0.473696 0.0856858 0.0960198 0.0362122
0 0.601008 0.373647 0.0249692 0.0252047 0.036042
0 0.787548 0.099947 0.0867185 0.144358 0.0359331
0 0.212932 0.582345 0.108797 0.127336 0.0358046
0 0.94257 0.697969 0.118299 0.394574 0.0355327
0 0.489522 0.455093 0.0117917 0.0139985 0.0350624
0 0.480141 0.478479 0.0150661 0.0219096 0.0347637
0 0.0196302 0.599129 0.0380579 0.0949761 0.0347534
0 0.763714 0.0456771 0.0587108 0.0744028 0.0344414
0 0.587814 0.457789 0.030568 0.0326413 0.0340737
0 0.00666809 0.580097 0.0141238 0.0686944 0.0334417
0 0.349578 0.470768 0.149409 0.171672 0.0333647
0 0.983726 0.572383 0.0314909 0.211546 0.033316
0 0.37594 0.495919 0.0701455 0.0868754 0.0328878
0 0.305794 0.500459 0.0505234 0.0808233 0.0326412
0 0.567105 0.432883 0.0154209 0.0263761 0.0326144
0 0.28891 0.238543 0.0557236 0.0751272 0.0325951
0 0.401862 0.193845 0.193696 0.202986 0.0323681
0 0.378427 0.418263 0.0409501 0.031896 0.0323095
0 0.60016 0.450062 0.0274493 0.0378814 0.0322989
0 0.542972 0.412942 0.0316829 0.0407758 0.0322701
0 0.561539 0.469387 0.0213823 0.0304798 0.032156
0 0.720123 0.432237 0.0220379 0.0682825 0.0320489
0 0.816332 0.474421 0.0747729 0.101527 0.0317733
0 0.573701 0.373445 0.0358057 0.0368212 0.0317627
0 0.599547 0.437004 0.0500656 0.079267 0.0315343
0 0.139635 0.573792 0.125809 0.170106 0.0315124
0 0.660864 0.448917 0.0475257 0.0856183 0.0314757
0 0.118428 0.618405 0.114478 0.176994 0.031303
0 0.0776526 0.273657 0.154275 0.19727 0.0312717
0 0.815261 0.462506 0.0600029 0.0713189 0.0312105
0 0.384893 0.49023 0.0269104 0.039802 0.0311061
0 0.801153 0.200548 0.0878115 0.220613 0.0309408
0 0.291785 0.510601 0.0868569 0.100751 0.0305013
0 0.741129 0.160759 0.026521 0.0708916 0.0303831
0 0.6291 0.357668 0.0231947 0.0234416 0.0300988
0 0.662153 0.464036 0.0318336 0.0526475 0.0300553
0 0.580793 0.439493 0.0243052 0.0383396 0.0298448
0 0.83135 0.484057 0.0463182 0.0885807 0.0294883
0 0.1324 0.582753 0.113584 0.103483 0.0294325
0 0.883188 0.684466 0.0782904 0.0745064 0.0293823
0 0.602261 0.412368 0.0238592 0.0318364 0.0292385
0 0.904783 0.618721 0.179126 0.313062 0.0291465
0 0.976906 0.852664 0.0468918 0.250576 0.0291373
0 0.802274 0.492669 0.124131 0.17487 0.0291293
0 0.0918827 0.601196 0.141213 0.135393 0.0289047
0 0.742352 0.498829 0.0599931 0.128666 0.0288906
0 0.142065 0.662881 0.0962778 0.139968 0.0288678
0 0.986937 0.102639 0.0258778 0.155133 0.0288248
0 0.925189 0.485016 0.0680399 0.110404 0.0286735
0 0.16065 0.711534 0.0701032 0.107756 0.0284026
0 0.983197 0.449125 0.0357193 0.133222 0.028393
0 0.890698 0.965493 0.0602703 0.0669676 0.0283212
0 0.73488 0.420232 0.0555428 0.12943 0.0283184
0 0.733628 0.406488 0.0443799 0.0941003 0.0282558
0 0.759596 0.968826 0.0159078 0.0293718 0.0281991
0 0.226399 0.52577 0.123436 0.139547 0.0279818
0 0.761653 0.452665 0.0491037 0.0750351 0.0279572
0 0.91158 0.469394 0.0359606 0.0408117 0.0279018
0 0.629803 0.355628 0.0329982 0.0293944 0.027785
0 0.797671 0.271007 0.0270677 0.0375747 0.0275285
0 0.959432 0.0967184 0.0763359 0.201611 0.0274765
0 0.174736 0.626202 0.0505326 0.132899 0.0274572
0 0.71311 0.509058 0.0325258 0.096944 0.0272655
0 0.0385184 0.778184 0.0726339 0.214584 0.0271785
0 0.0678334 0.335314 0.0782402 0.0886918 0.0271777
0 0.0495902 0.586209 0.0973773 0.0883546 0.0270785
0 0.00478234 0.562421 0.0103319 0.0527536 0.0270049
0 0.030893 0.584406 0.0597017 0.0829038 0.0269813
0 0.742088 0.965309 0.0392919 0.0527262 0.0268761
0 0.455335 0.269888 0.0228847 0.0338176 0.0268757
0 0.98641 0.617434 0.0264135 0.241303 0.0266837
0 0.385731 0.434151 0.0524055 0.0509316 0.0266421
0 0.11407 0.340233 0.158104 0.141994 0.0265908
0 0.0384312 0.950003 0.0750238 0.0959698 0.026416
0 0.630082 0.448616 0.0318953 0.0495119 0.0263782
0 0.556766 0.357215 0.0219563 0.0277317 0.0263692
0 0.69204 0.493307 0.0341926 0.0911641 0.0263294
0 0.838312 0.674479 0.182352 0.140021 0.0263073
0 0.933571 0.500914 0.110967 0.141153 0.0262537
0 0.724491 0.41037 0.0417776 0.117858 0.0262519
0 0.91132 0.711671 0.163387 0.324683 0.026195
0 0.390025 0.482683 0.0370492 0.0533611 0.0261789
0 0.911134 0.511795 0.0539108 0.105949 0.0260213
0 0.704398 0.265181 0.0187324 0.0382542 0.0257709
0 0.909997 0.478949 0.0455387 0.0595284 0.0256062
0 0.0244483 0.324715 0.0436203 0.101316 0.0255252
0 0.599735 0.40303 0.0370951 0.0492583 0.0254336
0 0.480609 0.387206 0.0197999 0.0256094 0.0253389
0 0.840332 0.491424 0.0358217 0.0776836 0.0250908
0 0.0615944 0.721807 0.088512 0.111142 0.024978
0 0.594006 0.453189 0.0268669 0.0335961 0.0248784
0 0.0133955 0.585283 0.0265762 0.0770051 0.024792
0 0.745322 0.3983 0.0675614 0.123297 0.0247919
0 0.584619 0.487925 0.0224437 0.0347268 0.0246578
0 0.98478 0.764133 0.0279919 0.300898 0.0244056
0 0.558104 0.375863 0.0253542 0.0291769 0.0243606
0 0.728566 0.284922 0.0511648 0.27381 0.0242801
0 0.943683 0.495869 0.116347 0.266634 0.0242741
0 0.905888 0.865278 0.180211 0.262029 0.0242418
0 0.976539 0.427891 0.0474428 0.347109 0.024239
0 0.0784831 0.724066 0.0604221 0.0999561 0.0241884
0 0.946894 0.468943 0.102867 0.133997 0.024183
0 0.793439 0.582915 0.130796 0.234059 0.0240517
0 0.797077 0.0977548 0.0494059 0.105717 0.0240318
0 0.0762741 0.581993 0.138339 0.0953267 0.023995
0 0.348584 0.172347 0.104036 0.108546 0.0238232
0 0.957533 0.509759 0.0809139 0.328767 0.0237932
0 0.130656 0.484168 0.0269018 0.0460366 0.0236913
0 0.388174 0.444142 0.0282843 0.0359297 0.0236516
0 0.977592 0.0918508 0.0423395 0.175735 0.023439
0 0.498262 0.39483 0.0159447 0.0204291 0.0234197
0 0.922355 0.548034 0.124025 0.297023 0.0232923
0 0.776254 0.984277 0.0439086 0.0391864 0.0232658
0 0.583581 0.374537 0.0329591 0.0333072 0.0232182
0 0.505731 0.391009 0.0188431 0.0212203 0.0231734
0 0.428123 0.49334 0.0139733 0.0224354 0.0231101
0 0.532676 0.384102 0.0342924 0.0426629 0.0230617
0 0.802889 0.454109 0.0806885 0.0927192 0.0230299
0 0.128711 0.565074 0.073587 0.0709615 0.0229938
0 0.140681 0.528284 0.0928016 0.131335 0.0229833
0 0.565077 0.356531 0.0246119 0.0295271 0.0229456
0 0.145226 0.54703 0.0630023 0.0647888 0.0229152
0 0.440373 0.457522 0.0139763 0.016361 0.0228514
0 0.834848 0.504717 0.0401772 0.0783061 0.0227655
0 0.944585 0.858626 0.0915791 0.231606 0.0227199
0 0.896196 0.493273 0.0816187 0.104955 0.022634
0 0.369521 0.504685 0.0354225 0.0563041 0.0225917
0 0.638111 0.465199 0.034316 0.0463421 0.0225779
0 0.74152 0.528936 0.0516958 0.137188 0.022405
0 0.52138 0.474232 0.0113634 0.0193403 0.0223842
0 0.689135 0.184882 0.152609 0.313873 0.0223152
0 0.275259 0.42622 0.0277517 0.048873 0.0222301
0 0.361044 0.50449 0.0538637 0.0817568 0.0220847
0 0.98549 0.311562 0.0307327 0.106706 0.0220552
0 0.926989 0.904565 0.126846 0.173522 0.0220445
0 0.390729 0.459989 0.0499259 0.0721322 0.0219717
0 0.121365 0.259663 0.124373 0.129129 0.0219442
0 0.780363 0.936939 0.0547167 0.0927349 0.0219202
0 0.675133 0.489475 0.0600216 0.107587 0.0218751
0 0.541153 0.380623 0.0357287 0.0418483 0.0218641
0 0.0125165 0.554309 0.0255602 0.14927 0.0217802
0 0.601401 0.363678 0.0269211 0.0299756 0.0217556
0 0.831235 0.462458 0.0545029 0.083417 0.0216944
0 0.168173 0.658646 0.0569572 0.0969443 0.0216559
0 0.0103056 1.00355 0.0219351 0.029911 0.0216448
0 0.973401 0.460164 0.0505917 0.141077 0.0216144
0 0.350404 0.273731 0.183702 0.269085 0.0216103
0 0.711587 0.423307 0.0325509 0.103001 0.0215949
