0 0.376778 0.425943 0.0277215 0.0285038 0.82917
0 0.182642 0.435744 0.0394328 0.061185 0.767354
0 0.280246 0.43525 0.0432183 0.0383553 0.674916
0 0.306357 0.378777 0.0291497 0.0247849 0.455077
0 0.547339 0.427036 0.030322 0.0450966 0.384306
0 0.284103 0.3835 0.0187589 0.0205026 0.345752
0 0.436255 0.421392 0.0176648 0.0215377 0.288168
0 0.16108 0.42562 0.0150559 0.0222483 0.252547
0 0.254347 0.368103 0.0205669 0.0242328 0.239213
0 0.305357 0.377907 0.0224932 0.0184184 0.235584
0 0.287915 0.435974 0.0309999 0.0346973 0.232886
0 0.325294 0.375106 0.0252863 0.0254209 0.202847
0 0.29337 0.438238 0.0183846 0.0310436 0.176761
0 0.259712 0.372929 0.0258276 0.0301936 0.176704
0 0.222267 0.381205 0.0561651 0.167779 0.171712
0 0.548856 0.429218 0.0272884 0.0546722 0.165084
0 0.54307 0.423867 0.0267627 0.0325623 0.158527
0 0.372839 0.425352 0.0196145 0.0221466 0.147665
0 0.221366 0.420191 0.0548409 0.0864176 0.147181
0 0.2722 0.435082 0.0272656 0.0333486 0.146114
0 0.330292 0.370682 0.014983 0.0203141 0.144357
0 0.541173 0.422798 0.0187182 0.0252551 0.132688
0 0.509052 0.417965 0.0794017 0.0511023 0.124939
0 0.310025 0.424975 0.0267471 0.0263 0.123468
0 0.493424 0.409897 0.116167 0.0637934 0.123147
0 0.279968 0.415102 0.0262421 0.0306908 0.122756
0 0.5625 0.422994 0 0.803437 0.117392
0 0.256165 0.381667 0.0194499 0.0266154 0.116207
0 0.328784 0.375173 0.0172097 0.0218669 0.115449
0 0.380313 0.425879 0.0198291 0.0206799 0.114868
0 0.253532 0.365927 0.0177183 0.0153824 0.110812
0 0.521462 0.420521 0.0564578 0.042074 0.109913
0 0.440436 0.420498 0.0272089 0.0269814 0.109192
0 0.545953 0.414036 0.033094 0.0734472 0.107711
0 0.266607 0.426947 0.018905 0.0237687 0.107123
0 0.328269 0.381465 0.0163383 0.0189529 0.105236
0 0.5625 0.605516 0 0.418474 0.104616
0 0.464266 0.41727 0.0747382 0.0464027 0.103863
0 0.221108 0.345815 0.0537134 0.0986119 0.0976612
0 0.144019 0.423303 0.0350146 0.0293009 0.0963764
0 0.548384 0.420046 0.0282319 0.0352443 0.0957814
0 0.5625 0.426608 0 0.853217 0.0946758
0 0.452244 0.410193 0.0503577 0.0470859 0.0939698
0 0.544425 0.413627 0.0361493 0.0562491 0.0911971
0 0.311259 0.428148 0.0187176 0.0214208 0.0894038
0 0.402442 0.427019 0.0696868 0.0423555 0.086316
0 0.267533 0.384829 0.0176554 0.0213815 0.0844634
0 0.294226 0.413921 0.0160051 0.0255103 0.0828708
0 0.383135 0.422218 0.0163465 0.0179741 0.0809408
0 0.504555 0.404824 0.0741078 0.0800017 0.0804165
0 0.320771 0.38185 0.0165331 0.0205708 0.079558
0 0.599452 0.430982 0.119935 0.0721187 0.0789215
0 0.3282 0.398382 0.0204443 0.0216887 0.0769642
0 0.83848 0.603937 0.330231 0.436794 0.0761502
0 0.474605 0.424504 0.105566 0.0611404 0.075932
0 0.0385809 0.418265 0.0589349 0.0574023 0.075762
0 0.298232 0.400466 0.0196578 0.0245628 0.0746835
0 0.290326 0.424174 0.0197588 0.0210154 0.073929
0 0.151028 0.42137 0.0325431 0.0314391 0.0736093
0 0.427909 0.413438 0.0345002 0.0398152 0.0726336
0 0.439176 0.407932 0.0337106 0.0441319 0.0720763
0 0.561645 0.399796 0.0430153 0.0564728 0.0712408
0 0.158727 0.422233 0.0189308 0.0231014 0.0711652
0 0.31221 0.41145 0.0236016 0.02911 0.0710121
0 0.0182281 0.419616 0.0375045 0.0659722 0.0708328
0 0.658413 0.430806 0.105194 0.0790401 0.0705757
0 0.416372 0.379097 0.0494256 0.0914931 0.0705153
0 0.0483313 0.422762 0.0473219 0.0443475 0.0703822
0 0.305161 0.431001 0.0209116 0.0259669 0.0699967
0 0.191896 0.436144 0.0635968 0.069192 0.0698428
0 0.376146 0.415902 0.0286178 0.0355733 0.0665883
0 0.280679 0.424678 0.0188476 0.0237284 0.0658026
0 0.468715 0.404811 0.093568 0.0684551 0.0651387
0 0.252808 0.372895 0.023066 0.0426725 0.0645908
0 0.74311 0.472516 0.0478472 0.0552407 0.0633455
0 0.784583 0.431702 0.0659641 0.0889848 0.0628958
0 0.5221 0.423521 0.0750133 0.0558668 0.0622748
0 0.312447 0.35709 0.0236719 0.0335753 0.0612864
0 0.725435 0.43081 0.0796907 0.0746816 0.0605366
0 0.68226 0.434855 0.0640801 0.0738234 0.0604753
0 0.332297 0.367735 0.0162826 0.0186161 0.0595127
0 0.559285 0.427983 0.0237695 0.0293262 0.0592776
0 0.132591 0.423949 0.0167839 0.0218981 0.0586587
0 0.505456 0.35349 0.0343217 0.0413372 0.0565649
0 0.129788 0.426344 0.0159022 0.0227108 0.0560528
0 0.238185 0.386317 0.0578075 0.0761165 0.0557888
0 0.434822 0.427913 0.0168338 0.0225767 0.0557607
0 0.251471 0.412763 0.0389761 0.0438394 0.0554954
0 0.334876 0.375922 0.024658 0.0322314 0.0548518
0 0.372665 0.41645 0.014512 0.0184464 0.0547042
0 0.63468 0.420435 0.159394 0.0970178 0.0546647
0 0.57293 0.431608 0.0910088 0.0718943 0.0545298
0 0.202752 0.400612 0.110265 0.203695 0.0543727
0 0.355369 0.384787 0.0536742 0.0392896 0.0539004
0 0.417187 0.401535 0.0401546 0.0559283 0.0537435
0 0.710251 0.42943 0.0576928 0.0641428 0.0533139
0 0.693452 0.435447 0.042335 0.0604978 0.0520056
0 0.330437 0.390091 0.0208549 0.0200915 0.0515038
0 0.0109628 0.366704 0.0223466 0.0527657 0.0514803
0 0.0159645 0.403303 0.0323273 0.0743176 0.051304
0 0.366431 0.398057 0.0441547 0.0569675 0.0510034
0 0.382852 0.421836 0.0279312 0.0329221 0.0490396
0 0.0918364 0.416179 0.0765096 0.050311 0.0487366
0 0.443478 0.420792 0.0206305 0.0200745 0.0486456
0 0.0709103 0.377782 0.0376995 0.0297972 0.0483487
0 0.739508 0.43546 0.0692439 0.0905449 0.0482802
0 0.0329973 0.365433 0.0616845 0.116844 0.047877
0 0.720735 0.447129 0.0964015 0.105456 0.0478188
0 0.133379 0.430656 0.0185104 0.0216597 0.0477339
0 0.310359 0.39932 0.0162565 0.0206615 0.0475057
0 0.182865 0.422685 0.017755 0.0371378 0.04745
0 0.45091 0.362486 0.0258179 0.0354465 0.0472429
0 0.393469 0.423431 0.0252291 0.0232675 0.0468486
0 0.621744 0.428643 0.0743561 0.0703381 0.046555
0 0.453314 0.425883 0.0512363 0.0409662 0.0450985
0 0.201173 0.407974 0.0261766 0.0608702 0.0450819
0 0.270351 0.429854 0.0150318 0.024515 0.0443016
0 0.463577 0.358503 0.0245616 0.0273207 0.0440995
0 0.277359 0.35901 0.0233543 0.0332319 0.0436331
0 0.34966 0.371103 0.0600459 0.0545147 0.0434956
0 0.0139666 0.386279 0.0285194 0.0620884 0.0434533
0 0.719733 0.414941 0.103622 0.102875 0.0432118
0 0.665451 0.383087 0.194241 0.169447 0.0430969
0 0.314129 0.371075 0.0185263 0.0195802 0.0425655
0 0.919997 0.470669 0.164413 0.271874 0.0418438
0 0.564031 0.40297 0.0248223 0.0304515 0.0416933
0 0.160966 0.352177 0.0479705 0.0569592 0.0416662
0 0.818807 0.427261 0.134732 0.103107 0.04155
0 0.26566 0.28139 0.0389746 0.0495949 0.0415175
0 0.198148 0.438475 0.0312716 0.0383704 0.0414168
0 0.548855 0.387215 0.0577214 0.0854368 0.0413995
0 0.321307 0.4197 0.018468 0.0205505 0.040826
0 0.171583 0.359434 0.0463119 0.0642498 0.040805
0 0.187143 0.374001 0.0284119 0.0770287 0.0403926
0 0.26939 0.366123 0.0158856 0.0189264 0.0403452
0 0.165018 0.427534 0.0135758 0.0268996 0.0401761
0 0.0315606 0.370743 0.0595137 0.046558 0.0400618
0 0.13856 0.340222 0.0296803 0.0466464 0.0400608
0 0.0995335 0.373185 0.042735 0.0391678 0.0400575
0 0.335234 0.41187 0.0311555 0.0344778 0.0400468
0 0.0338369 0.400124 0.0727401 0.106457 0.0399294
0 0.0632267 0.347142 0.122249 0.12273 0.0397752
0 0.515917 0.372998 0.068213 0.0736715 0.0395735
0 0.563862 0.429796 0.019276 0.0257234 0.0395367
0 0.733181 0.459219 0.0615067 0.0789265 0.0394653
0 0.259737 0.291125 0.0450954 0.0505755 0.0394116
0 0.170162 0.528664 0.159099 0.361128 0.0393733
0 0.115187 0.259285 0.0221591 0.0353711 0.0391225
0 0.214238 0.443035 0.0177862 0.0348707 0.0390643
0 0.329658 0.365416 0.0150912 0.018008 0.038741
0 0.0209284 0.441047 0.04467 0.120246 0.0385506
0 0.53494 0.421588 0.0191608 0.0241513 0.0382487
0 0.635194 0.434829 0.0680663 0.0646206 0.0382296
0 0.0615602 0.373657 0.049333 0.0333013 0.038223
0 0.246938 0.42487 0.0387897 0.042284 0.0381463
0 0.0639371 0.403044 0.0832997 0.0672533 0.0376664
0 0.137298 0.38259 0.0342417 0.050585 0.0372742
0 0.76097 0.427244 0.100094 0.107591 0.0371477
0 0.086788 0.374675 0.0585411 0.0405893 0.037014
0 0.567482 0.429951 0.0303107 0.0326224 0.0368969
0 0.235104 0.43283 0.0329948 0.0500827 0.0367338
0 0.210062 0.444631 0.0181929 0.0335773 0.0365429
0 0.0821361 0.398936 0.0813506 0.0534045 0.0363566
0 0.782806 0.460569 0.236621 0.431679 0.0358464
0 0.227093 0.429706 0.0407065 0.0562095 0.035189
0 0.150694 0.374972 0.0315946 0.0389661 0.0349845
0 0.790263 0.261044 0.30804 0.46018 0.0348011
0 0.190808 0.357566 0.035189 0.0915563 0.034487
0 0.173372 0.445299 0.028722 0.0449379 0.0343974
0 0.539761 0.427541 0.0703823 0.0661884 0.0339331
0 0.59308 0.411439 0.1143 0.103718 0.0338012
0 0.364501 0.420546 0.0171775 0.0206721 0.033756
0 0.469949 0.41785 0.0228599 0.0196554 0.0333244
0 0.371459 0.386135 0.0181047 0.0257099 0.0331308
0 0.374607 0.373809 0.0629148 0.0775635 0.0328686
0 0.910679 0.686158 0.178146 0.246239 0.0328236
0 0.132335 0.36455 0.217745 0.502281 0.03265
0 0.483948 0.356828 0.0435497 0.0407896 0.0324834
0 0.123821 0.420149 0.0331481 0.0329229 0.0324477
0 0.451704 0.356549 0.0215648 0.0284539 0.0320122
0 0.493729 0.418158 0.0264856 0.0246209 0.0320105
0 0.771808 0.452342 0.102703 0.132877 0.0319235
0 0.164402 0.341 0.0652529 0.091691 0.0319103
0 0.286717 0.368573 0.0182111 0.0193841 0.0317934
0 0.482269 0.418286 0.0263536 0.0228391 0.031661
0 0.137387 0.548844 0.233617 0.454921 0.0307999
0 0.109742 0.42491 0.0526357 0.0416977 0.0307641
0 0.924725 0.403689 0.147648 0.203269 0.0304925
0 0.498011 0.390795 0.0975822 0.0896499 0.0304768
0 0.793574 0.442078 0.105305 0.11247 0.0302439
0 0.76012 0.466584 0.0968791 0.0964919 0.0302009
0 0.815355 0.412773 0.084844 0.0740928 0.0300375
0 0.197258 0.484216 0.111217 0.197621 0.0298985
0 0.207197 0.398569 0.0714322 0.130351 0.0297521
0 0.486192 0.392096 0.134675 0.108843 0.0294532
0 0.257838 0.433614 0.0142561 0.0265139 0.0294346
0 0.324467 0.411608 0.0226239 0.0208076 0.0292726
0 0.667527 0.122605 0.101765 0.146601 0.0291996
0 0.249344 0.306927 0.0435484 0.0550247 0.0290302
0 0.0704858 0.38241 0.0529567 0.0467755 0.0290168
0 0.20356 0.347465 0.0677186 0.108211 0.0286311
0 0.17576 0.514502 0.147777 0.186412 0.0280417
0 0.540935 0.374458 0.0429336 0.0702943 0.0279978
0 0.248994 0.268523 0.0272863 0.0341922 0.0279752
0 0.0498929 0.53799 0.0829972 0.135853 0.0279642
0 0.653422 0.441655 0.0579326 0.0593428 0.0274561
0 0.666952 0.142769 0.080529 0.102815 0.0272647
0 0.136393 0.4728 0.172634 0.317907 0.0268303
0 0.078809 0.389156 0.0625074 0.0502926 0.0267585
0 0.300655 0.360837 0.0159585 0.0169577 0.0266397
0 0.814158 0.431336 0.0750298 0.0820072 0.0266176
0 0.946151 0.43442 0.101985 0.0912321 0.0262786
0 0.905733 0.538155 0.143097 0.231295 0.0259107
0 0.515515 0.419133 0.0315488 0.0261549 0.0258942
0 0.52189 0.367028 0.0469586 0.0603063 0.0257733
0 0.779489 0.45418 0.089672 0.0901793 0.025746
0 0.0744196 0.353567 0.14835 0.557825 0.0255065
0 0.880342 0.458068 0.13693 0.114793 0.0254181
0 0.332332 0.357891 0.0194319 0.0239601 0.0252401
0 0.273623 0.282438 0.0339037 0.0433394 0.0251641
0 0.990422 0.389338 0.0192608 0.0617674 0.0251041
0 0.720951 0.379607 0.105979 0.139987 0.024975
0 0.62289 0.408663 0.0805416 0.0986182 0.0247892
0 0.735731 0.326478 0.0382189 0.0373044 0.0247803
0 0.728695 0.126538 0.0587899 0.0890869 0.0246256
0 0.743625 0.400765 0.084811 0.0951906 0.0246248
0 0.69478 0.251555 0.233866 0.347122 0.0245309
0 0.93777 0.390582 0.115224 0.154597 0.0242628
0 0.71651 0.111677 0.0756262 0.114084 0.0242053
0 0.984113 0.426094 0.0308792 0.0953601 0.0236188
0 0.580696 0.235678 0.0220096 0.0434185 0.023597
0 0.380016 0.429964 0.0153269 0.021488 0.0235901
0 0.680103 0.411718 0.0765037 0.0893561 0.0235874
0 0.257828 0.269962 0.039255 0.0420837 0.023539
0 0.838756 0.42487 0.0894462 0.084683 0.0233782
0 0.515679 0.427627 0.032059 0.0323376 0.0233392
0 0.150087 0.460365 0.0507481 0.0637838 0.0233265
0 0.4723 0.429277 0.0402873 0.0392105 0.0233219
0 0.557523 0.372247 0.0505466 0.108026 0.0232552
0 0.989267 0.416798 0.0221069 0.0854522 0.0230993
0 0.904429 0.63286 0.145388 0.241044 0.0230781
0 0.188526 0.436882 0.0191953 0.0408593 0.0229617
0 0.372695 0.430823 0.0161003 0.0209707 0.0228811
0 0.395557 0.37083 0.0618074 0.0799455 0.0228138
0 0.0906777 0.459697 0.182179 0.591339 0.0227541
0 0.542669 0.430575 0.0182353 0.0255081 0.0225222
0 0.196664 0.52168 0.130025 0.111753 0.0222899
0 0.741697 0.127816 0.0733365 0.100575 0.0222782
0 0.983961 0.387506 0.0314466 0.0969616 0.0222457
0 0.464001 0.442011 0.0234397 0.0335119 0.0222284
0 0.238365 0.444442 0.02129 0.0376255 0.022216
0 0.0479608 0.36992 0.0742513 0.045315 0.0221317
0 0.290779 0.27974 0.0391398 0.0580028 0.0218691
0 0.160141 0.433652 0.0131646 0.0210548 0.0217891
0 0.969763 0.430023 0.0584043 0.0946511 0.0217588
0 0.780239 0.399233 0.0685258 0.0755548 0.0215392
0 0.93815 0.439955 0.117913 0.17 0.0214179
0 0.828671 0.404547 0.0541601 0.0534131 0.0213998
0 0.0565681 0.628155 0.110109 0.295926 0.0213418
0 0.0897834 0.349967 0.0907655 0.0956489 0.021244
0 0.669871 0.402908 0.0576137 0.0659503 0.0211692
0 0.754858 0.382386 0.106762 0.149831 0.0210726
0 0.268609 0.271998 0.0381163 0.0502593 0.0210085
0 0.925537 0.352325 0.13255 0.159558 0.0209351
0 0.647424 0.395677 0.0543431 0.0593473 0.0208122
0 0.0170943 0.541605 0.0368933 0.182564 0.0207682
0 0.602232 0.442473 0.0897764 0.0731305 0.020682
0 0.122686 0.357429 0.0654595 0.0588217 0.0205155
0 0.636843 0.444597 0.125944 0.093294 0.0203904
0 0.772834 0.505641 0.0961834 0.133057 0.0203627
0 0.0367867 0.554695 0.0730963 0.189969 0.0203306
0 0.74432 0.104597 0.0871197 0.118345 0.0201881
0 0.036503 0.433773 0.0572142 0.0627775 0.0201762
0 0.711938 0.126983 0.0577385 0.091937 0.0201698
0 0.16345 0.333011 0.178501 0.366337 0.0201167
0 0.670289 0.148541 0.0491384 0.0668074 0.0200141
0 0.299754 0.432692 0.0211947 0.0348976 0.019894
0 0.223437 0.479533 0.0531152 0.121337 0.019875
0 0.969216 0.578274 0.0593269 0.168769 0.0196489
0 0.854633 0.102201 0.0641541 0.118953 0.0194499
0 0.684154 0.0758306 0.0559749 0.0940978 0.0193506
0 0.678901 0.164104 0.197372 0.287494 0.0193285
0 0.0544725 0.515813 0.0576608 0.0728791 0.0193115
0 0.984357 0.478996 0.0311995 0.128095 0.0192993
0 0.767524 0.125978 0.058696 0.0863627 0.0192553
0 0.980064 0.522666 0.0404673 0.189299 0.0192299
0 0.927299 0.60352 0.143434 0.291864 0.0191296
0 0.824996 0.379836 0.050329 0.0389192 0.0190804
0 0.932908 0.692416 0.131691 0.361088 0.0190017
0 0.0533262 0.429588 0.0283098 0.0289434 0.0189976
0 0.767036 0.392148 0.0738701 0.0744436 0.0189351
0 0.640619 0.13799 0.0790384 0.110298 0.0188425
0 0.942885 0.580054 0.104132 0.150316 0.0187221
0 0.696965 0.0746806 0.0511236 0.0823887 0.0186978
0 0.847335 0.640964 0.0523756 0.102296 0.0186596
0 0.740403 0.172108 0.243243 0.328465 0.0184361
0 0.978878 0.604417 0.0431208 0.210387 0.0183995
0 0.1124 0.343753 0.0840946 0.094606 0.0183446
0 0.477859 0.353541 0.028319 0.0325576 0.0183071
0 0.747729 0.483714 0.0464265 0.0840465 0.0183042
