0 0.5625 0.617753 0 0.514143 0.80693
0 0.420833 0.411862 0.0286053 0.0312007 0.750019
0 0.453151 0.41044 0.0216128 0.0267141 0.651516
0 0.473485 0.410224 0.019833 0.0262235 0.459893
0 0.5625 0.424779 0 0.0566387 0.296611
0 0.491636 0.409169 0.0182373 0.0238423 0.261821
0 0.474183 0.411791 0.0157817 0.0197206 0.246476
0 0.553203 0.41076 0.0185936 0.0348418 0.236006
0 0.5625 0.44219 0 0.0502997 0.223788
0 0.5625 0.428181 0 0.0879027 0.214832
0 0.46513 0.409722 0.0152423 0.0211026 0.212254
0 0.515992 0.408102 0.0188033 0.0269332 0.207956
0 0.504342 0.407045 0.0289692 0.0301575 0.204974
0 0.483382 0.408836 0.0222322 0.0263777 0.190662
0 0.55209 0.417074 0.0208199 0.0467604 0.186071
0 0.491176 0.411485 0.0137163 0.0184052 0.179263
0 0.495763 0.408273 0.01669 0.0228998 0.172529
0 0.364025 0.415541 0.043682 0.0557098 0.167056
0 0.445773 0.409623 0.0145161 0.0217033 0.160125
0 0.461707 0.411441 0.0136393 0.0190553 0.159253
0 0.507339 0.412458 0.0148135 0.0201167 0.158566
0 0.484031 0.408998 0.0140779 0.0211921 0.15809
0 0.554188 0.414284 0.0166243 0.0710817 0.155732
0 0.525625 0.408752 0.0273692 0.0344338 0.152899
0 0.453748 0.410768 0.017322 0.0192446 0.147833
0 0.512208 0.408246 0.0183177 0.0216704 0.147666
0 0.5625 0.445332 0 0.0690347 0.140497
0 0.5625 0.740601 0 0.295924 0.139743
0 0.552081 0.422424 0.0208379 0.0634935 0.13803
0 0.5625 0.425836 0 0.0546349 0.134367
0 0.50289 0.408837 0.0177665 0.0225306 0.134251
0 0.427791 0.411698 0.0181769 0.0218636 0.132316
0 0.5625 0.416957 0 0.0898248 0.130579
0 0.5625 0.436684 0 0.077691 0.129842
0 0.266259 0.408831 0.0418933 0.0459003 0.128857
0 0.5625 0.445485 0 0.0983888 0.122441
0 0.409717 0.411236 0.0154021 0.0242897 0.119529
0 0.535831 0.406869 0.0455659 0.0482842 0.117894
0 0.5625 0.446345 0 0.0694312 0.117758
0 0.432193 0.412182 0.0119236 0.0179515 0.117123
0 0.546328 0.416 0.0323431 0.0527868 0.114685
0 0.478966 0.410752 0.013938 0.0191416 0.114638
0 0.44918 0.410753 0.0154968 0.022214 0.113555
0 0.551324 0.402356 0.0223525 0.0556835 0.112918
0 0.258209 0.406747 0.0602586 0.0561845 0.107821
0 0.5625 0.439669 0 0.0619966 0.107374
0 0.5625 0.41771 0 0.123158 0.106743
0 0.280293 0.411389 0.0517935 0.0477159 0.102838
0 0.20119 0.383232 0.152711 0.152404 0.102061
0 0.416883 0.411884 0.0217312 0.024968 0.100535
0 0.519175 0.411649 0.02039 0.0287188 0.0972153
0 0.173612 0.34644 0.0573318 0.0662321 0.0964925
0 0.186981 0.359169 0.0896785 0.095209 0.0949876
0 0.24982 0.40371 0.0757899 0.076061 0.0938448
0 0.600708 0.432791 0.0575874 0.0791919 0.0927365
0 0.7605 0.440232 0.0671594 0.0846989 0.0907022
0 0.35966 0.404427 0.0527651 0.0824551 0.0900236
0 0.780974 0.419859 0.0784434 0.112826 0.0896461
0 0.558268 0.406955 0.0202719 0.0254813 0.0854494
0 0.169018 0.344592 0.0406605 0.0511926 0.0841776
0 0.553413 0.41089 0.0181367 0.0240178 0.083574
0 0.406726 0.409338 0.0244087 0.0312043 0.0827218
0 0.412417 0.413717 0.0146696 0.0204605 0.0815834
0 0.638661 0.429632 0.0817656 0.0955443 0.0809197
0 0.514858 0.411506 0.0140344 0.0213754 0.0794784
0 0.324414 0.40175 0.123237 0.100342 0.0789093
0 0.938894 0.647225 0.12353 0.467472 0.0771686
0 0.187285 0.415994 0.176553 0.225624 0.0760559
0 0.274136 0.403219 0.0635297 0.0682241 0.0753579
0 0.565066 0.416642 0.0180511 0.0269194 0.0749245
0 0.163043 0.340093 0.0588293 0.0673361 0.0727082
0 0.797479 0.44442 0.108168 0.109523 0.0715302
0 0.0872055 0.450106 0.173168 0.26932 0.0705443
0 0.584103 0.406844 0.0871251 0.090552 0.0703997
0 0.293554 0.407956 0.0714652 0.0597765 0.0702581
0 0.868302 0.520095 0.273783 0.29734 0.0700958
0 0.808561 0.561311 0.170837 0.341927 0.0698941
0 0.310795 0.401666 0.0899239 0.0787321 0.0683134
0 0.705739 0.432797 0.133815 0.13391 0.0675065
0 0.652818 0.435364 0.0568464 0.0912578 0.067477
0 0.537694 0.408298 0.0194235 0.0264639 0.0674007
0 0.416178 0.41534 0.0155255 0.0198825 0.0665988
0 0.761937 0.421556 0.0758286 0.127173 0.0656239
0 0.56707 0.419472 0.029153 0.0366998 0.0643613
0 0.261778 0.416298 0.0783813 0.0718687 0.0640448
0 0.15629 0.381465 0.159362 0.150342 0.0623297
0 0.557261 0.417645 0.0236432 0.0295274 0.0609116
0 0.305691 0.391424 0.146032 0.137104 0.0607724
0 0.337385 0.406491 0.0899056 0.0823571 0.0605474
0 0.731256 0.43474 0.109042 0.115226 0.0583107
0 0.229259 0.400326 0.0966231 0.0832898 0.0580727
0 0.614868 0.350038 0.1313 0.27243 0.0578935
0 0.153826 0.355935 0.100525 0.0972292 0.0569823
0 0.146107 0.454396 0.236153 0.270441 0.0538141
0 0.796943 0.4222 0.084875 0.0770565 0.0529539
0 0.94805 0.815976 0.102849 0.305287 0.0526153
0 0.96482 0.679153 0.0642126 0.386751 0.0512349
0 0.355922 0.421789 0.0236751 0.0299744 0.0506466
0 0.219462 0.416887 0.112219 0.103767 0.0497409
0 0.818891 0.468871 0.158006 0.183097 0.0494955
0 0.150184 0.349381 0.0814576 0.0707249 0.0487627
0 0.0761131 0.503268 0.149952 0.264052 0.0486617
0 0.471126 0.385317 0.0178242 0.0263078 0.0482074
0 0.212316 0.435672 0.130483 0.165905 0.0475105
0 0.652217 0.418369 0.0879978 0.107955 0.0466647
0 0.267245 0.414758 0.152269 0.149026 0.0455801
0 0.599015 0.399568 0.0962243 0.116989 0.0448117
0 0.198863 0.39277 0.106247 0.108955 0.0444153
0 0.776197 0.400047 0.105423 0.109264 0.0443871
0 0.203411 0.472954 0.15348 0.209774 0.0439789
0 0.0649385 0.427316 0.126669 0.202359 0.0438453
0 0.640209 0.450019 0.0744539 0.095492 0.0436317
0 0.31293 0.417947 0.11878 0.0848374 0.0428644
0 0.571719 0.396802 0.0629972 0.0881299 0.0418267
0 0.097343 0.396576 0.18772 0.213938 0.041738
0 0.601431 0.422508 0.0254214 0.0351519 0.0416268
0 0.277595 0.393109 0.0864685 0.0873812 0.0409607
0 0.35381 0.393912 0.0693555 0.126667 0.0408274
0 0.0825007 0.348963 0.0364885 0.0402251 0.0407109
0 0.524151 0.414729 0.0195445 0.0266042 0.0406376
0 0.171858 0.379955 0.080557 0.105436 0.0399224
0 0.773829 0.4833 0.061213 0.112409 0.0396816
0 0.759164 0.398521 0.0623837 0.0817947 0.0390992
0 0.0445091 0.473995 0.0850228 0.239414 0.0380975
0 0.968401 0.585267 0.0600805 0.386194 0.0378192
0 0.37169 0.428134 0.0732211 0.0976224 0.037779
0 0.9165 0.573793 0.162704 0.364425 0.0377384
0 0.789604 0.403426 0.102568 0.156723 0.036713
0 0.28042 0.417273 0.0718422 0.0652902 0.0366855
0 0.364675 0.421333 0.0274438 0.0327298 0.0360738
0 0.414429 0.429338 0.0202366 0.0278097 0.0356484
0 0.148568 0.386154 0.101153 0.112007 0.0355298
0 0.768592 0.536066 0.0817614 0.212312 0.0344816
0 0.740255 0.416713 0.0770971 0.108213 0.0340316
0 0.94303 0.542827 0.111351 0.333309 0.033968
0 0.388898 0.413874 0.0171465 0.0253307 0.0337346
0 0.0831538 0.346384 0.0275888 0.0288955 0.033382
0 0.755842 0.446994 0.0866571 0.117497 0.0332757
0 0.719547 0.403224 0.150064 0.200641 0.033161
0 0.791142 0.490659 0.138476 0.145056 0.032406
0 0.731391 0.433808 0.0772885 0.0895491 0.0322554
0 0.69046 0.430423 0.105956 0.0975945 0.0310288
0 0.813496 0.403992 0.0467949 0.0538993 0.0309484
0 0.163362 0.400284 0.0954092 0.119021 0.0309381
0 0.906404 0.711655 0.186583 0.317643 0.0308055
0 0.232067 0.43411 0.0797701 0.103281 0.0304855
0 0.777154 0.571296 0.104631 0.200908 0.0304614
0 0.888585 0.462255 0.227388 0.219462 0.0300484
0 0.435857 0.438923 0.0317476 0.0452799 0.0299269
0 0.823573 0.402759 0.0345816 0.0408362 0.0293624
0 0.717431 0.445791 0.075345 0.0948302 0.0292443
0 0.185958 0.354309 0.0812353 0.062668 0.0291864
0 0.631624 0.394413 0.101173 0.137434 0.0291481
0 0.124352 0.346326 0.135601 0.124513 0.0281491
0 0.685069 0.400684 0.111236 0.194142 0.0280543
0 0.124624 0.376221 0.116069 0.0994954 0.0280295
0 0.411355 0.355855 0.0576665 0.0836895 0.0277266
0 0.057674 0.382718 0.0938599 0.103421 0.0276665
0 0.980277 0.457142 0.0415066 0.152436 0.027365
0 0.657383 0.459094 0.0280399 0.0490451 0.0272672
0 0.794487 0.612588 0.130437 0.275608 0.0272502
0 0.845902 0.426086 0.203161 0.152378 0.0269832
0 0.0242421 0.48818 0.046011 0.224839 0.0267624
0 0.383976 0.40026 0.0450606 0.0699927 0.0267119
0 0.472809 0.420558 0.0147929 0.0243955 0.0265936
0 0.0526654 0.382446 0.102802 0.156538 0.0265664
0 0.757748 0.494205 0.0727782 0.150777 0.0263598
0 0.185638 0.425783 0.0693384 0.090888 0.0263216
0 0.723237 0.414427 0.0719934 0.100184 0.025936
0 0.120788 0.346785 0.107889 0.0749837 0.0258307
0 0.820497 0.4143 0.0443779 0.0507194 0.025819
0 0.842248 0.30271 0.251114 0.357411 0.025726
0 0.977807 0.739986 0.0438116 0.219334 0.0256867
0 0.233119 0.378869 0.0688808 0.067224 0.0254296
0 0.794312 0.393381 0.0835787 0.0818334 0.0254276
0 0.207468 0.364598 0.0624868 0.0575633 0.0254154
0 0.989197 0.718498 0.0213827 0.180345 0.0253252
0 0.0867633 0.375269 0.0619932 0.0823541 0.0252058
0 0.306915 0.441297 0.115827 0.128199 0.0251631
0 0.130788 0.409958 0.108777 0.123594 0.0250191
0 0.296149 0.433806 0.0935661 0.0915153 0.0249966
0 0.817979 0.42734 0.0570414 0.0641203 0.0248757
0 0.981599 0.417264 0.038179 0.111682 0.0244665
0 0.565465 0.436798 0.0553412 0.0798383 0.0243626
0 0.0548464 0.421599 0.101206 0.137112 0.0242224
0 0.736614 0.513467 0.118721 0.223248 0.0241827
0 0.252725 0.387765 0.098274 0.108365 0.0241761
0 0.809787 0.389619 0.0559237 0.0660709 0.0241067
0 0.792189 0.515223 0.109452 0.119598 0.0240101
0 0.0889018 0.395157 0.0799817 0.105044 0.0236314
0 0.975741 0.489915 0.0487215 0.244941 0.0234966
0 0.45908 0.421612 0.0145317 0.0243586 0.0234439
0 0.0987706 0.544394 0.185963 0.367291 0.0234315
0 0.105025 0.354426 0.0745874 0.0688797 0.0233869
0 0.971028 0.476028 0.0578812 0.15776 0.0231328
0 0.0610041 0.359891 0.0790266 0.0723703 0.0230236
0 0.0182347 0.525937 0.0360281 0.199189 0.0229906
0 0.482155 0.419907 0.0144786 0.024088 0.0229559
0 0.286904 0.431242 0.0655713 0.0707631 0.0229384
0 0.959563 0.740058 0.0728506 0.193125 0.0227572
0 0.738044 0.396497 0.0330976 0.0616065 0.0226313
0 0.985672 0.435839 0.0302576 0.120063 0.0225972
0 0.90048 0.419763 0.198428 0.18464 0.0224783
0 0.970122 0.688353 0.0575047 0.186609 0.0224435
0 0.973747 0.436867 0.0516054 0.126592 0.0224144
0 0.0849493 0.561742 0.144784 0.230407 0.0224133
0 0.0371697 0.571732 0.0744542 0.260354 0.022241
0 0.237687 0.477908 0.146296 0.172468 0.0220964
0 0.705564 0.459704 0.0697397 0.0881182 0.0218932
0 0.19307 0.440366 0.0905607 0.115692 0.0218654
0 0.980969 0.389803 0.036591 0.119816 0.0217436
0 0.41033 0.453627 0.0492134 0.0667399 0.0215621
0 0.425041 0.437722 0.0336574 0.0469131 0.0214803
0 0.631284 0.449122 0.0392683 0.055061 0.0214747
0 0.711394 0.104724 0.0443527 0.0593341 0.0213413
0 0.0762274 0.419175 0.0971874 0.125665 0.0212567
0 0.0287452 0.461219 0.0545997 0.129322 0.0212393
0 0.434385 0.42199 0.0166798 0.0246273 0.0211443
0 0.449511 0.418417 0.0149092 0.0222377 0.020611
0 0.82138 0.440351 0.0846382 0.0840141 0.020609
0 0.944867 0.757204 0.0903 0.179313 0.0205631
0 0.950801 0.452549 0.0933031 0.20608 0.0204857
0 0.797425 0.545007 0.0944043 0.130721 0.0204771
0 0.0291424 0.424388 0.0527004 0.1626 0.0204766
0 0.26495 0.752545 0.0507085 0.0658318 0.0204594
0 0.986934 0.475916 0.0276148 0.140185 0.0204593
0 0.105675 0.417456 0.0986095 0.117017 0.0204075
0 0.457354 0.511545 0.0501092 0.0956202 0.0203918
0 0.985991 0.684505 0.0273256 0.178613 0.0202907
0 0.966971 0.831119 0.0612448 0.245646 0.0202655
0 0.713992 0.0989591 0.0588709 0.087669 0.0202618
0 0.940385 0.686013 0.113895 0.157759 0.0201759
0 0.70077 0.21061 0.0484088 0.101344 0.0200963
0 0.771436 0.62213 0.0826892 0.206319 0.0200009
0 0.00931653 0.527566 0.0189812 0.162404 0.019986
0 0.339732 0.428352 0.0467184 0.0529483 0.0198824
0 0.214303 0.853034 0.0653168 0.10278 0.019844
0 0.657676 0.110487 0.0338195 0.0515071 0.0197107
0 0.285908 0.70375 0.050995 0.0712343 0.0196777
0 0.0486571 0.457514 0.0907933 0.126043 0.0195072
0 0.70371 0.404891 0.0849666 0.104578 0.0194768
0 0.987886 0.774517 0.0236252 0.212804 0.0192612
0 0.752816 0.544033 0.057065 0.152733 0.0191694
0 0.474679 0.37093 0.0144341 0.0209937 0.0189459
0 0.845508 0.503848 0.119651 0.131861 0.0187917
0 0.0160892 0.57288 0.0349834 0.197449 0.0187805
0 0.0900103 0.436135 0.098849 0.119645 0.018751
0 0.0595717 0.738904 0.0908744 0.215151 0.0187488
0 0.735752 0.60349 0.118897 0.250714 0.0186678
0 0.813419 0.542432 0.0836878 0.107579 0.0186533
0 0.0940216 0.339054 0.132216 0.141598 0.0186368
0 0.656938 0.105486 0.0538906 0.0858746 0.0185887
0 0.979522 0.351519 0.0395454 0.115012 0.0185844
0 0.920314 0.779942 0.0998077 0.16171 0.0185216
0 0.795214 0.577769 0.0990609 0.146747 0.0184713
0 0.985346 0.399615 0.0303907 0.0922256 0.0184303
0 0.511483 0.359606 0.0465565 0.0856758 0.018425
0 0.0567281 0.643282 0.0974571 0.236118 0.0183441
0 0.0100435 0.484066 0.0197527 0.134213 0.018254
0 0.308654 0.305487 0.163823 0.262605 0.0182023
0 0.979083 0.661853 0.0416937 0.204705 0.0181442
0 0.989248 0.817532 0.021368 0.183087 0.0180963
0 0.820718 0.394276 0.141551 0.164052 0.0180619
0 0.824255 0.38853 0.0490189 0.0664318 0.0180197
0 0.0742506 0.343682 0.0494218 0.0470105 0.0179927
0 0.503345 0.363922 0.0360241 0.0679443 0.0179034
0 0.956215 0.396036 0.0821718 0.155755 0.0178917
0 0.393292 0.441577 0.0587478 0.0713471 0.0177795
0 0.588736 0.438645 0.0295854 0.0529778 0.017619
0 0.789969 0.308661 0.196462 0.311658 0.0176046
0 0.839414 0.428956 0.0855912 0.0776449 0.0175819
0 0.989018 0.859511 0.0216274 0.147637 0.0175457
0 0.71985 0.491577 0.080297 0.128356 0.017539
0 0.64403 0.259199 0.061774 0.0829304 0.0175012
0 0.459837 0.365583 0.0273382 0.0399095 0.0174458
0 0.643328 0.316859 0.124482 0.253848 0.0174261
0 0.423992 0.420904 0.032593 0.0400257 0.0174053
0 0.969513 0.77172 0.0580908 0.215844 0.0173981
0 0.958158 0.45697 0.0771585 0.132284 0.0173509
0 0.925506 0.675889 0.0705557 0.098674 0.0172222
0 0.780687 0.608816 0.0880778 0.142532 0.0172141
0 0.745112 0.575951 0.0507825 0.158518 0.0170993
0 0.189903 0.84988 0.0698895 0.109304 0.0170822
0 0.0763196 0.455348 0.0855711 0.109933 0.0170191
0 0.363506 0.564814 0.0536127 0.0673966 0.0169667
0 0.956522 0.497291 0.0802776 0.157391 0.0168872
0 0.0462827 0.492422 0.0885139 0.147009 0.0168687
0 0.88116 0.510158 0.0869682 0.135363 0.0168398
0 0.158765 0.448644 0.0950447 0.117536 0.0168278
0 0.867079 0.525462 0.0943293 0.120343 0.0167875
0 0.977812 -0.0118775 0.0429392 0.0453774 0.0167699
0 0.980193 0.547308 0.0404425 0.177141 0.0167406
0 0.486487 0.373179 0.0128481 0.0202941 0.0166558
0 0.06168 0.33637 0.10606 0.150118 0.0166372
0 0.271944 0.482916 0.114786 0.132341 0.0166301
0 0.840944 0.413064 0.0675646 0.0593352 0.016561
0 0.76491 0.46731 0.0436935 0.0671832 0.0165248
0 0.868281 0.483402 0.0974422 0.126245 0.0164346
0 0.0351247 0.389794 0.0656833 0.112834 0.0164299
0 0.0860376 0.743614 0.0895853 0.161653 0.0164252
