0 0.0642501 0.662236 0.10077 0.0783622 0.821379
0 0.264528 0.670248 0.0319824 0.0330607 0.759465
0 0.43486 0.649956 0.0191651 0.0259911 0.689396
0 0.300317 0.666725 0.0264534 0.0309755 0.618586
0 0.210602 0.670754 0.0484425 0.0409819 0.538099
0 0.41189 0.654242 0.018287 0.0205482 0.524165
0 0.346255 0.663667 0.0219853 0.0273727 0.507217
0 0.378644 0.660891 0.0214732 0.0231722 0.501946
0 0.38734 0.659533 0.0230197 0.0221707 0.499207
0 0.201861 0.673476 0.0312533 0.0343238 0.347727
0 0.305529 0.664344 0.0361053 0.0379678 0.338895
0 0.110103 0.652532 0.0396451 0.0652739 0.31975
0 0.593817 0.637521 0.0208049 0.0242071 0.311367
0 0.713417 0.641761 0.0353107 0.0349803 0.308741
0 0.364949 0.661945 0.0272008 0.0274982 0.305625
0 0.568858 0.639814 0.0162452 0.0178648 0.304031
0 0.399119 0.656771 0.0137423 0.0188392 0.302144
0 0.458002 0.637086 0.0201264 0.0303691 0.296167
0 0.392172 0.658462 0.0161161 0.0196242 0.287243
0 0.516577 0.639382 0.0156508 0.0164342 0.283875
0 0.406799 0.653524 0.0195083 0.0221829 0.269499
0 0.473223 0.641316 0.0408124 0.0331412 0.263196
0 0.502248 0.640568 0.0144079 0.0166789 0.261075
0 0.556587 0.639688 0.0119502 0.0158437 0.251489
