0 0.703929 0.54663 0.111883 0.112494 0.890541
0 0.587914 0.529959 0.0988482 0.137137 0.850336
0 0.465264 0.516036 0.0418628 0.0748996 0.708817
0 0.528311 0.521416 0.0302469 0.0561776 0.670869
0 0.322114 0.478973 0.168641 0.264186 0.597651
0 0.442036 0.507059 0.0191806 0.0363544 0.578166
0 0.508174 0.511644 0.0211735 0.0312012 0.561773
0 0.646569 0.530222 0.0274233 0.0452864 0.558235
0 0.890636 0.517058 0.217252 0.256704 0.538606
0 0.492085 0.507817 0.0198708 0.0319753 0.410686
0 0.423231 0.506751 0.0205529 0.0365002 0.290512
