0 0.401174 0.369795 0.0714797 0.104787 0.904177
0 0.5625 0.418417 0 0.165629 0.882496
0 0.5625 0.446209 0 0.326278 0.876342
0 0.5625 0.579629 0 0.452011 0.869203
0 0.497862 0.398793 0.0859774 0.122607 0.848119
0 0.229417 0.453777 0.239829 0.262555 0.840993
0 0.546547 0.363427 0.0319055 0.0739279 0.832374
0 0.560407 0.384758 0.00418558 0.136904 0.812688
0 0.310305 0.356042 0.0810581 0.102956 0.756445
0 0.438349 0.349284 0.018789 0.0352437 0.644785
0 0.360272 0.372871 0.0272037 0.0657196 0.634919
0 0.529835 0.344743 0.0143884 0.0295816 0.461586
0 0.119992 0.426059 0.118578 0.191235 0.450886
0 0.0334647 0.445295 0.0669294 0.271221 0.413331
0 0.451167 0.347728 0.0153615 0.028147 0.388213
0 0.467296 0.354836 0.0266457 0.0437601 0.378664
0 0.0320281 0.363296 0.0640561 0.439687 0.348433
0 0.51645 0.338126 0.0179202 0.0225945 0.280991
0 0.475703 0.339986 0.0255719 0.0330116 0.26882
0 0.5095 0.336212 0.015659 0.0175655 0.268213
0 0.447444 0.348981 0.0121791 0.0254672 0.253527
0 0.532609 0.347233 0.0132448 0.0322958 0.250898
0 0.527986 0.341823 0.0125477 0.0226234 0.235451
0 0.456354 0.34923 0.0133693 0.02592 0.226384
0 0.473445 0.348098 0.0336888 0.0417444 0.221593
0 0.524179 0.342009 0.0134619 0.0244246 0.212672
0 0.498768 0.333793 0.0206644 0.0203301 0.201639
0 0.513732 0.336146 0.0141628 0.0193326 0.193447
0 0.5625 0.4083 0 0.117641 0.177018
0 0.478789 0.335413 0.0193607 0.0238775 0.173435
0 0.0202795 0.496719 0.0398452 0.191133 0.170807
0 0.504822 0.334636 0.0157138 0.0173648 0.16659
0 0.438237 0.353021 0.0141295 0.0287238 0.165541
0 0.517406 0.34403 0.0127179 0.0228764 0.159007
0 0.459918 0.353932 0.0167068 0.0334474 0.157507
0 0.455944 0.3437 0.0137448 0.0216636 0.139488
0 0.0619901 0.45176 0.11556 0.265024 0.138682
0 0.5625 0.409324 0 0.135336 0.137967
0 0.539685 0.35598 0.0180361 0.0411685 0.131663
0 0.5625 0.376823 0 0.211278 0.131395
0 0.330958 0.353951 0.0407781 0.0876827 0.125363
0 0.531821 0.341558 0.0126019 0.0234252 0.121377
0 0.535044 0.351281 0.0120548 0.0258407 0.12132
0 0.440221 0.344341 0.0154829 0.025655 0.113209
0 0.178134 0.450869 0.140605 0.242952 0.11005
0 0.5625 0.393711 0 0.113167 0.107557
0 0.5625 0.434325 0 0.151156 0.1061
0 0.43423 0.345782 0.0176502 0.0321181 0.102821
0 0.0299342 0.387431 0.0592573 0.165175 0.0987217
0 0.0442235 0.43793 0.0629907 0.202696 0.0984184
0 0.580882 0.379585 0.0408229 0.108718 0.0978826
0 0.0986156 0.427608 0.0844683 0.165691 0.0971948
0 0.445439 0.345477 0.0157683 0.0296916 0.096387
0 0.569702 0.378301 0.0258987 0.109823 0.0932958
0 0.59861 0.403287 0.0374006 0.119826 0.0907465
0 0.925205 0.559983 0.148958 0.423279 0.0904233
0 0.0428108 0.47845 0.0750993 0.191903 0.0878933
0 0.970626 0.442877 0.0565184 0.187822 0.0871927
0 0.367031 0.36166 0.0284925 0.0584457 0.0851673
0 0.868667 0.469707 0.274129 0.257236 0.0836012
0 0.369652 0.345996 0.0256089 0.043516 0.0831419
0 0.971984 0.562811 0.0552633 0.417592 0.0805625
0 0.958819 0.385108 0.0822823 0.219508 0.0793488
0 0.609447 0.420125 0.0504251 0.148856 0.0787844
0 0.0380396 0.401727 0.0394013 0.120985 0.0763519
0 0.538415 0.368026 0.0196329 0.0493637 0.0758059
0 0.305864 0.339049 0.0702908 0.0631284 0.0748325
0 0.5686 0.368151 0.0370372 0.0830652 0.0743366
0 0.0501133 0.394656 0.0868409 0.342115 0.0738626
0 0.460583 0.371354 0.0164011 0.0422054 0.0729723
0 0.0869563 0.456798 0.0640499 0.170517 0.0727493
0 0.641134 0.42863 0.0662192 0.165279 0.0712609
0 0.977273 0.293516 0.0462467 0.3559 0.0700113
0 0.0661412 0.434173 0.0684852 0.197255 0.0696742
0 0.805915 0.469835 0.178459 0.288646 0.0691808
0 0.0165673 0.541973 0.033199 0.283279 0.0684048
0 0.954725 0.588915 0.0910442 0.437202 0.0674994
0 0.370281 0.342783 0.0167016 0.0229274 0.0667758
0 0.05208 0.400094 0.0490389 0.128672 0.0666034
0 0.932788 0.423567 0.130757 0.258484 0.0659706
0 0.971879 0.673224 0.0560469 0.253576 0.0649691
0 0.0507991 0.523959 0.0954061 0.343259 0.0645101
0 0.473732 0.371438 0.0231086 0.0401563 0.0641865
0 0.0262378 0.226244 0.0510087 0.166281 0.064069
0 0.416852 0.350246 0.0173797 0.0302702 0.0633811
0 0.0725348 0.469951 0.0722658 0.178062 0.0633266
0 0.698923 0.448996 0.147948 0.282077 0.0627345
0 0.128716 0.368366 0.105968 0.080309 0.0620646
0 0.139407 0.406172 0.104368 0.171273 0.0608708
0 0.985611 0.335065 0.0303932 0.111049 0.060518
0 0.979102 0.502776 0.0418884 0.309857 0.0598949
0 0.152367 0.353957 0.0560169 0.0492352 0.0598619
0 0.0819329 0.419313 0.0664034 0.152411 0.0594366
0 0.434259 0.357088 0.0146041 0.0358539 0.0569773
0 0.365451 0.352186 0.0185886 0.0332729 0.0569405
0 0.166822 0.358782 0.0969418 0.0652068 0.055783
0 0.110959 0.38198 0.0950747 0.0949487 0.0544895
0 0.54212 0.380382 0.0219866 0.0639249 0.0532763
0 0.0165738 0.532361 0.0332782 0.116402 0.0532094
0 0.459322 0.361926 0.0133902 0.0296744 0.0531087
0 0.363245 0.358741 0.0196045 0.03686 0.0523157
0 0.957118 0.466028 0.0840696 0.18559 0.0521533
0 0.0666398 0.400954 0.0524553 0.116722 0.0520895
0 0.621994 0.44269 0.0350751 0.116148 0.0519636
0 0.935567 0.41492 0.13174 0.15312 0.0518599
0 0.132416 0.485914 0.173149 0.268125 0.0514638
0 0.0273873 0.335859 0.0558638 0.21851 0.0512895
0 0.977904 0.653758 0.0451525 0.191226 0.0507896
0 0.356581 0.374638 0.0180588 0.0428621 0.0503077
0 0.314648 0.393879 0.0700739 0.148964 0.05023
0 0.284429 0.344038 0.0993368 0.0663138 0.048449
0 0.966575 0.382548 0.0687847 0.0751715 0.0483423
0 0.649296 0.419394 0.0767461 0.226577 0.0481813
0 0.846983 0.402304 0.27052 0.249048 0.0479157
0 0.0274973 0.503941 0.0544702 0.353248 0.0478793
0 0.42345 0.333784 0.0180665 0.0223954 0.0474794
0 0.966068 0.657074 0.0634119 0.168273 0.0474668
0 0.464919 0.390107 0.0312366 0.0635695 0.0474523
0 0.417664 0.329056 0.0247704 0.0283496 0.0471621
0 0.534449 0.358937 0.0197139 0.0458388 0.0467341
0 0.486411 0.322842 0.0161408 0.0185122 0.0463385
0 0.0947815 0.396703 0.0748153 0.110942 0.046221
0 0.37414 0.364218 0.0262295 0.0622436 0.0458126
0 0.324408 0.37823 0.0526708 0.10247 0.0450003
0 0.289259 0.453888 0.123631 0.234331 0.0440986
0 0.933312 0.656942 0.13479 0.286595 0.0437709
0 0.378027 0.353083 0.0188645 0.0374791 0.0430817
0 0.151774 0.373741 0.0833539 0.0853244 0.043066
0 0.508031 0.321824 0.013807 0.0185499 0.0417616
0 0.0746402 0.389169 0.056073 0.0908404 0.0416394
0 0.692505 0.494523 0.125138 0.221073 0.0414445
0 0.0718563 0.299053 0.143792 0.329427 0.0413531
0 0.983981 0.475345 0.0339455 0.212641 0.0413137
0 0.389511 0.335366 0.0213483 0.0247918 0.0409842
0 0.497742 0.320569 0.0150928 0.0178496 0.0409558
0 0.920866 0.410376 0.126271 0.110385 0.0409533
0 0.500433 0.323672 0.0144704 0.0172707 0.0408414
0 0.360763 0.375599 0.0188145 0.0522031 0.0407317
0 0.370862 0.35715 0.0145643 0.030599 0.0402519
0 0.372991 0.366037 0.0159829 0.0370566 0.0401295
0 0.481569 0.322807 0.0130045 0.0169397 0.039858
0 0.278552 0.35653 0.131719 0.0886035 0.0397983
0 0.948818 0.653371 0.100063 0.152602 0.0397505
0 0.0274501 0.251947 0.0550726 0.28302 0.0395221
0 0.336028 0.371359 0.0270713 0.0671175 0.0392983
0 0.195985 0.355991 0.0473293 0.0535261 0.0389517
0 0.201215 0.337898 0.0406874 0.0382 0.038935
0 0.966499 0.33399 0.0696058 0.0887868 0.0385951
0 0.526516 0.108049 0.0185854 0.0308541 0.0379642
0 0.352641 0.38545 0.0160457 0.0390671 0.0374527
0 0.287493 0.388038 0.127695 0.131843 0.0372205
0 0.363189 0.376314 0.0158479 0.0370953 0.0368787
0 0.0292637 0.512765 0.0574439 0.176316 0.036602
0 0.377951 0.335727 0.0170857 0.0217012 0.0365136
0 0.339449 0.381309 0.0193302 0.0396692 0.0364023
0 0.961033 0.373807 0.071324 0.0491518 0.0357639
0 0.105245 0.330823 0.157069 0.318795 0.0352333
0 0.177332 0.372247 0.0826109 0.0830152 0.0346828
0 0.589847 0.341846 0.051321 0.0568535 0.0340333
0 0.172581 0.498945 0.124484 0.204223 0.0339408
0 0.563746 0.347792 0.0280194 0.0425824 0.0339076
0 0.959831 0.33073 0.0515816 0.0517909 0.0337693
0 0.64228 0.452309 0.051668 0.153313 0.0334108
0 0.936535 0.390692 0.109994 0.0874037 0.0333991
0 0.984347 0.621959 0.0285744 0.215962 0.0333323
0 0.903785 0.428971 0.206811 0.215495 0.0331554
0 0.269464 0.334196 0.100935 0.0445244 0.0328664
0 0.668592 0.394511 0.0962069 0.183988 0.0327846
0 0.516207 0.318661 0.0127672 0.0186966 0.0326979
0 0.788185 0.51757 0.138068 0.255605 0.0325233
0 0.667591 0.454308 0.0929934 0.197593 0.0316717
0 0.915692 0.448124 0.142781 0.184124 0.0315607
0 0.643116 0.34641 0.0482223 0.0488003 0.0315013
0 0.982953 0.67972 0.0341236 0.16996 0.0313959
0 0.263305 0.34754 0.104071 0.0592326 0.0313322
0 0.988884 0.47552 0.021657 0.165243 0.0311729
0 0.55172 0.349354 0.0253987 0.0365435 0.0310636
0 0.0765658 0.544635 0.133764 0.252946 0.0308659
0 0.985875 0.282743 0.0285976 0.139513 0.0308485
0 0.12973 0.454577 0.0919899 0.163759 0.0301364
0 0.757627 0.509456 0.201908 0.341444 0.0300267
0 0.334053 0.40668 0.030636 0.0788254 0.0296188
0 0.930325 0.360082 0.150155 0.183871 0.0295495
0 0.782991 0.487038 0.122621 0.135412 0.0294777
0 0.467712 0.320601 0.0121619 0.0185231 0.0293939
0 0.991034 0.167877 0.0161144 0.133112 0.0293273
0 0.178916 0.34468 0.0695949 0.0394156 0.0292059
0 0.0385612 0.577435 0.0729596 0.346587 0.0286049
0 0.340865 0.329513 0.0621159 0.104903 0.028063
0 0.434936 0.261802 0.0450433 0.0568281 0.0280546
0 0.295172 0.32905 0.0659646 0.0497388 0.0278664
0 0.547896 0.334009 0.0219407 0.0255611 0.0274405
0 0.992668 0.237655 0.0139797 0.0919578 0.0273467
0 0.638502 0.372388 0.0532218 0.0766085 0.0273328
0 0.994877 0.213549 0.00982914 0.0940528 0.0272114
0 0.709083 0.301356 0.0508603 0.036861 0.0269156
0 0.985235 0.213767 0.0273087 0.261889 0.0268972
0 0.046087 0.37009 0.0496465 0.112721 0.0268843
0 0.319402 0.441752 0.0632469 0.188278 0.0268024
0 0.0904833 0.290834 0.12221 0.229222 0.0265749
0 0.109173 0.46671 0.0857093 0.172351 0.0265738
0 0.0409288 0.288026 0.0654366 0.306575 0.0265009
0 0.909478 0.688037 0.171155 0.212933 0.0262916
0 0.0868763 0.493367 0.0783081 0.173509 0.0262782
0 0.412004 0.385004 0.0238806 0.0468528 0.026085
0 0.943812 0.613075 0.104526 0.173766 0.0259349
0 0.961056 0.701143 0.0738575 0.202002 0.0258162
0 0.535871 0.430984 0.0253961 0.0543621 0.0256406
0 0.722721 0.508633 0.144462 0.17901 0.0255613
0 0.0605954 0.37169 0.0564163 0.100559 0.0255049
0 0.758586 0.511916 0.127936 0.177061 0.0254851
0 0.0644207 0.591307 0.121356 0.273399 0.0253792
0 0.0190846 0.301293 0.0378714 0.114006 0.0252993
0 0.608128 0.338725 0.0762199 0.0689917 0.0252825
0 0.920202 0.379826 0.116202 0.0711635 0.025231
0 0.624544 0.328757 0.0730594 0.0592557 0.0247959
0 0.734863 0.304316 0.0916682 0.0436248 0.0247525
0 0.525089 0.314566 0.0157985 0.0255835 0.0247039
0 0.398036 0.358585 0.0592524 0.0754754 0.0247033
0 0.328682 0.400092 0.0440968 0.110124 0.0246133
0 0.679604 0.372994 0.0784834 0.123162 0.0245919
0 0.529647 0.331146 0.0137692 0.0221526 0.0245544
0 0.453404 0.316832 0.013835 0.0188141 0.0243772
0 0.450121 0.266971 0.0423361 0.0569945 0.0241373
0 0.768478 0.378742 0.196141 0.183808 0.0240577
0 0.985314 0.246228 0.0268806 0.110981 0.0232984
0 0.167738 0.388653 0.103476 0.127155 0.0231922
0 0.531716 0.387929 0.0276063 0.0696889 0.0230777
0 0.561854 0.377645 0.0167676 0.0631477 0.0229716
0 0.299169 0.525314 0.0866925 0.117782 0.0228769
0 0.949767 0.735453 0.0990391 0.122552 0.0228445
0 0.942273 0.485145 0.0957054 0.151674 0.0227357
0 0.938131 0.369362 0.0992363 0.045189 0.0226705
0 0.655296 0.341298 0.0487383 0.0578343 0.0226046
0 0.392349 0.283466 0.0822814 0.160819 0.022565
0 0.220894 0.0693221 0.0672923 0.0826914 0.0224604
0 0.570831 0.327204 0.0212889 0.030954 0.0224463
0 0.569668 0.281012 0.0427737 0.0660382 0.022427
0 0.236676 0.360293 0.129991 0.0834571 0.0223883
0 0.785004 0.29987 0.114193 0.0355903 0.0222379
0 0.952365 0.511905 0.0853708 0.17785 0.0222317
0 0.620404 0.34723 0.088747 0.115904 0.0222083
0 0.441556 0.193291 0.0259111 0.0449088 0.0221815
0 0.797534 0.516857 0.131439 0.139699 0.022125
0 0.0296516 0.22412 0.0383411 0.123554 0.0220858
0 0.0558765 0.513848 0.109413 0.190238 0.0220163
0 0.0176104 0.246961 0.0344621 0.111374 0.0219554
0 0.0402935 0.538246 0.0812548 0.155912 0.0219419
0 0.972691 0.593374 0.0517126 0.256071 0.0218875
0 0.944155 0.277176 0.113918 0.318321 0.0217858
0 0.78859 0.451018 0.118078 0.11209 0.0217238
0 0.455594 0.361348 0.0129577 0.0242467 0.0215482
0 0.369413 0.37092 0.0156886 0.0496975 0.0214347
0 0.246474 0.320209 0.0656505 0.0328971 0.0213941
0 0.291242 0.505739 0.107514 0.163116 0.0213906
0 0.905447 0.860232 0.181582 0.295819 0.0213446
0 0.637854 0.21232 0.0408403 0.0570331 0.0213162
0 0.325166 0.327441 0.069083 0.102004 0.0212523
0 0.765669 0.311502 0.124762 0.0632659 0.0211926
0 0.876738 0.32249 0.16429 0.099332 0.0210149
0 0.65049 0.471626 0.0494184 0.125644 0.0209621
0 0.558147 0.297023 0.0207307 0.0318086 0.0209513
0 0.794355 0.315094 0.132463 0.0647587 0.0209133
0 0.7238 0.294008 0.0591719 0.0281413 0.0208958
0 0.601802 0.329988 0.0257336 0.0486499 0.0207773
0 0.818066 0.214555 0.238644 0.300291 0.0206084
0 0.651198 0.36413 0.0444658 0.0663164 0.0204543
0 0.876512 0.448082 0.128344 0.146693 0.0203964
0 0.517726 0.421801 0.0652782 0.128827 0.020395
0 0.0454602 0.341917 0.0671349 0.145212 0.0203776
0 0.928875 0.221547 0.130662 0.340185 0.0203669
0 0.722133 0.567359 0.0308655 0.0867332 0.0203635
0 0.210755 0.363233 0.0896791 0.0788435 0.0203329
0 0.990011 0.591154 0.0189896 0.191501 0.0203287
0 0.0123674 0.596398 0.0229914 0.239473 0.0203119
0 0.880388 0.583969 0.0976114 0.116184 0.0203059
0 0.858664 0.551775 0.0920647 0.109013 0.020277
0 0.562824 0.328273 0.0224025 0.0283935 0.0202567
0 0.274517 0.44808 0.089222 0.144252 0.0202448
0 0.723997 0.254722 0.065406 0.094016 0.0201576
0 0.639189 0.277323 0.0421703 0.0575928 0.0200996
0 0.298953 0.420062 0.0949092 0.185651 0.0200488
0 0.0936515 0.216763 0.064518 0.0519026 0.0199018
0 0.945278 0.869941 0.10519 0.255601 0.0198799
0 0.640777 0.330039 0.043899 0.0419569 0.0198667
0 0.922908 0.362778 0.105321 0.0444404 0.0197912
0 0.739094 0.295468 0.0987775 0.0367427 0.019775
0 0.441629 0.314824 0.0168189 0.0219084 0.0197587
0 0.208196 0.307241 0.136636 0.174038 0.0196747
0 0.823307 0.528743 0.0976669 0.117028 0.019546
0 0.974777 0.73726 0.0482784 0.20927 0.0194905
0 0.506623 0.254459 0.0269955 0.0542324 0.0193499
0 0.819913 0.499495 0.134804 0.140335 0.0193252
0 0.723919 0.322799 0.0963254 0.0787375 0.0193048
0 0.650596 0.321923 0.0570004 0.0689627 0.0191681
0 0.154293 0.444265 0.107978 0.168108 0.0191217
0 0.48413 0.330277 0.0140054 0.0199375 0.0191202
0 0.527767 0.0944695 0.0274311 0.0546644 0.0190229
0 0.472105 0.415526 0.0226577 0.0386317 0.0187529
0 0.424449 0.317757 0.0163663 0.0206869 0.0186648
