0 0.241131 0.52198 0.220289 0.218669 0.926486
0 0.413206 0.470071 0.0474822 0.0688439 0.890541
0 0.502369 0.484834 0.0837705 0.134577 0.873552
0 0.454808 0.475116 0.0315826 0.0727948 0.829562
0 0.0648385 0.492349 0.124688 0.107977 0.695243
0 0.0241133 0.483914 0.0479662 0.103784 0.541099
0 0.558989 0.454387 0.0190281 0.0309404 0.454696
0 0.385043 0.460548 0.0183787 0.0302163 0.44526
0 0.549419 0.44822 0.0127361 0.0221998 0.383291
0 0.542543 0.473871 0.0163215 0.0552689 0.360608
0 0.437177 0.466711 0.0155301 0.0382395 0.309318
0 0.561026 0.450117 0.0136768 0.0235214 0.271111
0 0.592257 0.440636 0.0131937 0.0218094 0.251031
