0 0.320578 0.563085 0.149387 0.231363 0.924161
0 0.150809 0.601703 0.301617 0.502058 0.883231
0 0.39085 0.547105 0.0540487 0.144353 0.741884
0 0.419425 0.540503 0.0333559 0.0824854 0.527956
0 0.433518 0.528118 0.0314237 0.0711267 0.486399
0 0.468474 0.533898 0.0379313 0.0467211 0.477146
0 0.410238 0.551704 0.0245207 0.0894792 0.267448
0 0.442804 0.532099 0.0173102 0.0486936 0.209947
0 0.532827 0.532359 0.0249352 0.0298002 0.209619
0 0.445756 0.531951 0.0148659 0.0398677 0.208082
0 0.509373 0.525712 0.0326054 0.0377511 0.20645
0 0.469531 0.534182 0.0300628 0.035367 0.150228
0 0.453245 0.534896 0.0185981 0.0360875 0.133171
0 0.448789 0.534809 0.0160426 0.0351727 0.130804
0 0.379258 0.572658 0.0353423 0.123941 0.129793
0 0.457119 0.535866 0.025727 0.049131 0.125183
0 0.476028 0.534772 0.0192647 0.0291982 0.116677
0 0.481444 0.534355 0.0159176 0.0264103 0.115905
0 0.371718 0.553873 0.052707 0.181454 0.109066
0 0.545022 0.529942 0.0349551 0.0388082 0.109011
0 0.398657 0.5539 0.0371812 0.118609 0.103234
0 0.5625 0.524484 0 0.0469526 0.100573
0 0.486031 0.523532 0.0120382 0.0229435 0.0981622
0 0.426438 0.526014 0.0379457 0.0949025 0.0976215
0 0.432464 0.536332 0.0184603 0.0555565 0.0949641
0 0.486569 0.51763 0.0119272 0.0206349 0.0942214
0 0.553271 0.522733 0.0184582 0.0431997 0.0937316
0 0.493792 0.528216 0.0149144 0.023388 0.0935757
0 0.557911 0.516086 0.00917821 0.0331065 0.0921369
0 0.448062 0.521323 0.0154769 0.0314901 0.0913339
0 0.332806 0.593319 0.0829543 0.167404 0.0898509
0 0.422511 0.511568 0.0510815 0.120116 0.0887074
0 0.559771 0.528141 0.00545764 0.0410889 0.0874053
0 0.456784 0.538267 0.0155862 0.0261487 0.087075
0 0.488061 0.528581 0.0133318 0.0222829 0.0855021
0 0.411354 0.510902 0.0597837 0.13669 0.0826403
0 0.463018 0.539024 0.0171308 0.0291732 0.0787325
0 0.503986 0.522843 0.0182856 0.0232457 0.0776697
0 0.508157 0.530468 0.0238305 0.0301412 0.0773877
0 0.492537 0.517195 0.0171745 0.0218245 0.0767607
0 0.5625 0.522485 0 0.0565005 0.0737434
0 0.423578 0.531025 0.0221671 0.0516265 0.0732073
0 0.00759481 0.815229 0.0151896 0.196686 0.0706436
0 0.34762 0.554167 0.0942218 0.209553 0.0702508
0 0.482318 0.518365 0.0146492 0.0208931 0.0695504
0 0.531397 0.533058 0.0172202 0.0230995 0.0673351
0 0.507018 0.519474 0.0226607 0.0228845 0.0669029
0 0.440949 0.520867 0.0193307 0.0523817 0.0662052
0 0.512905 0.536611 0.0177467 0.023186 0.065407
0 0.560486 0.509311 0.0040287 0.0230676 0.0584688
0 0.734546 0.557166 0.0544661 0.048859 0.0578527
0 0.447062 0.542868 0.0154221 0.0402937 0.0566044
0 0.581506 0.4945 0.0351109 0.0335361 0.0530857
0 0.0113767 0.843419 0.0229737 0.191681 0.0516123
0 0.558635 0.53014 0.0169531 0.0237653 0.0499803
0 0.588728 0.496551 0.0315084 0.0319788 0.0494516
0 0.45566 0.521461 0.0197545 0.0318095 0.0489697
0 0.518328 0.53948 0.0207824 0.0286022 0.0482102
0 0.74347 0.558809 0.0361178 0.0428503 0.0476187
0 0.570465 0.505072 0.0306752 0.0327575 0.0470263
0 0.686689 0.530946 0.0243341 0.0207891 0.0464514
0 0.565324 0.530676 0.0178809 0.0275942 0.0455723
0 0.701035 0.506802 0.0860861 0.0780134 0.0453271
0 0.657894 0.505579 0.0344336 0.0523546 0.0451568
0 0.56436 0.512935 0.0185764 0.022881 0.0444697
0 0.554344 0.523366 0.0187005 0.0265498 0.0443148
0 0.572433 0.502594 0.0169967 0.0200278 0.0437784
0 0.660843 0.516365 0.0453745 0.0650044 0.0419122
0 0.343885 0.515813 0.0892917 0.132853 0.0410168
0 0.576116 0.518479 0.0192924 0.02677 0.0401717
0 0.540551 0.52543 0.0174056 0.0244305 0.0398067
0 0.363228 0.529063 0.0858843 0.167269 0.0395491
0 0.388707 0.506617 0.057055 0.100175 0.0388905
0 0.546145 0.527854 0.0209659 0.0323043 0.0385004
0 0.344244 0.489676 0.0639438 0.0782232 0.0384089
0 0.786761 0.371178 0.0481678 0.046234 0.0383936
0 0.258001 0.49025 0.0260699 0.0440608 0.0377285
0 0.592369 0.507221 0.0281573 0.0318334 0.037187
0 0.726064 0.544811 0.0476522 0.0364493 0.0365975
0 0.752128 0.559182 0.0328838 0.0380283 0.036594
0 0.664837 0.537788 0.0564433 0.0549458 0.0363765
0 0.327914 0.538828 0.0994054 0.175699 0.0362864
0 0.690906 0.544811 0.103675 0.0841832 0.0358816
0 0.671976 0.512719 0.0609584 0.0650727 0.0358288
0 0.546506 0.533843 0.0175241 0.0250987 0.0358176
0 0.604565 0.533398 0.0418416 0.0511615 0.0356168
0 0.718688 0.507239 0.0581745 0.0808829 0.0353679
0 0.685072 0.547578 0.0370866 0.040487 0.0349083
0 0.591582 0.494866 0.0191834 0.0246692 0.0348421
0 0.791955 0.554801 0.0311092 0.0299011 0.0346655
0 0.785607 0.555722 0.0474953 0.0336465 0.0343343
0 0.272177 0.489999 0.0504621 0.0691639 0.0340823
0 0.28432 0.496673 0.0764141 0.0945674 0.0339141
0 0.994164 0.791864 0.0126213 0.181094 0.0338122
0 0.61743 0.519425 0.0526759 0.0618194 0.0337841
0 0.0327735 0.830784 0.0629488 0.181087 0.0335734
0 0.311202 0.49287 0.113473 0.0935954 0.0328425
0 0.426456 0.55108 0.0192215 0.0561807 0.0326645
0 0.0104106 0.739092 0.0205803 0.160665 0.0323568
0 0.116757 0.461268 0.238047 0.224349 0.0323367
0 0.314802 0.607329 0.0444262 0.136432 0.0319863
0 0.282384 0.581564 0.0887008 0.207556 0.0318002
0 0.403365 0.483333 0.0556675 0.131583 0.0314676
0 0.716457 0.531407 0.0499177 0.0362225 0.0312743
0 0.452708 0.540177 0.0132002 0.0276773 0.0306313
0 0.360973 0.509056 0.0592267 0.109896 0.0303543
0 0.257969 0.476952 0.0326861 0.0453974 0.0299507
0 0.593318 0.478723 0.0220316 0.0329478 0.0299198
0 0.673294 0.547628 0.061582 0.0471686 0.0297806
0 0.742554 0.120204 0.0525304 0.0578129 0.0291915
0 0.620415 0.519095 0.0790031 0.0795433 0.0291598
0 0.698563 0.519626 0.11315 0.105419 0.0289957
0 0.669313 0.491799 0.0531096 0.0504134 0.028974
0 0.740622 0.549769 0.0403924 0.051393 0.0284316
0 0.889399 0.446536 0.0391092 0.0324465 0.0282011
0 0.41951 0.568493 0.0234327 0.0757499 0.0281232
0 0.598352 0.526914 0.0278069 0.0370978 0.0277189
0 0.577554 0.530007 0.0241711 0.0326334 0.0274398
0 0.750093 0.56239 0.0220081 0.0338418 0.0270762
0 0.432857 0.550019 0.032348 0.0889479 0.0269093
0 0.657047 0.543108 0.0380463 0.0456188 0.0268267
0 0.0174617 0.846267 0.0346804 0.224498 0.0263054
0 0.730936 0.451727 0.0341036 0.0295837 0.0262538
0 0.526151 0.507768 0.0420135 0.0562456 0.0261392
0 0.434005 0.499869 0.0173277 0.0322593 0.0260879
0 0.73683 0.11519 0.0379131 0.0421023 0.0259487
0 0.386867 0.530539 0.0811718 0.167764 0.0258771
0 0.773943 0.366755 0.0709188 0.0606633 0.0258022
0 0.251792 0.673968 0.0909863 0.147016 0.0256865
0 0.0138418 0.692178 0.0284872 0.240852 0.0256246
0 0.657004 0.470768 0.0287771 0.0283241 0.0255681
0 0.00949237 0.349796 0.0189103 0.0514025 0.0255526
0 0.587357 0.485976 0.0196057 0.0246808 0.0253853
0 0.571989 0.537909 0.019784 0.0315655 0.0253307
0 0.417008 0.553519 0.0166956 0.0571768 0.0246151
0 0.289088 0.542709 0.0746452 0.17881 0.0245715
0 0.546481 0.510382 0.0328928 0.0413612 0.0244697
0 0.621652 0.53587 0.0415935 0.0524834 0.0244515
0 0.480261 0.543568 0.0134201 0.0239109 0.0243722
0 0.689119 0.542672 0.0289207 0.0295245 0.0242341
0 0.0690488 0.517031 0.137343 0.325022 0.0239897
0 0.72585 0.55323 0.0713717 0.0684207 0.0239597
0 0.332702 0.479653 0.06103 0.0625023 0.023895
0 0.018659 0.668373 0.0384015 0.301384 0.023435
0 0.576109 0.496575 0.0197309 0.0256067 0.0232983
0 0.775541 0.514832 0.0740952 0.116156 0.0232429
0 0.444699 0.496753 0.0182216 0.0305403 0.0225955
0 0.974841 0.448565 0.0517736 0.101622 0.0224385
0 0.700765 0.489202 0.102739 0.106866 0.0223695
0 0.654571 0.4478 0.0299795 0.0394331 0.0220863
0 0.562183 0.495415 0.0484278 0.065957 0.0219742
0 0.0382939 0.787196 0.0702124 0.139357 0.0217837
0 0.260299 0.506464 0.0375024 0.0631427 0.0217052
0 0.604311 0.515456 0.0465575 0.0540955 0.0214894
0 0.774985 0.559786 0.0635419 0.0411887 0.0214416
0 0.302062 0.580176 0.0769062 0.178601 0.0214228
0 0.309982 0.6454 0.0345175 0.0853778 0.0213798
0 0.470164 0.545975 0.0180835 0.0299847 0.0212412
0 0.874681 0.473055 0.0518532 0.0704863 0.0211558
0 0.372295 0.595364 0.0383767 0.116469 0.0211034
0 0.280675 0.521246 0.0712389 0.125918 0.0210502
0 0.738083 0.513724 0.0383172 0.0636692 0.0208721
0 0.608123 0.504434 0.0531299 0.0578189 0.020797
0 0.244848 0.705792 0.0828827 0.0910026 0.0207455
0 0.879599 0.456484 0.0456196 0.0476039 0.0207237
0 0.785796 0.382975 0.0672601 0.0669545 0.0206789
0 0.60482 0.532601 0.0210964 0.0291309 0.0206468
0 0.303392 0.655446 0.0493919 0.102861 0.0206068
0 0.3901 0.452186 0.0536446 0.0879952 0.0205614
0 0.036952 0.636502 0.0727256 0.368337 0.0203698
0 0.324939 0.460875 0.117854 0.123923 0.0203584
0 0.814042 0.553727 0.0265997 0.0366946 0.020356
0 0.00778081 0.346856 0.0151619 0.0359002 0.0203378
0 0.966195 0.492656 0.0673857 0.160683 0.0203365
0 0.958853 0.453898 0.0767441 0.101859 0.0202464
0 0.576177 0.478148 0.0172216 0.0235129 0.0202383
0 0.313378 0.559666 0.0914725 0.229495 0.020191
0 0.99529 0.827424 0.0102337 0.100937 0.0201639
0 0.778462 0.549103 0.0845523 0.078987 0.0201372
0 0.254887 0.593145 0.0907208 0.235263 0.0200808
0 0.0133799 0.387312 0.0282676 0.0934543 0.0198953
0 0.866214 0.503602 0.0658655 0.105615 0.0198881
0 0.756612 0.377589 0.110254 0.0937086 0.0197922
0 0.930653 0.458094 0.0605412 0.0619041 0.0197486
0 0.391058 0.664829 0.0418002 0.0819146 0.0195832
0 0.785294 0.521544 0.0488939 0.0905815 0.0195113
0 0.817389 0.515871 0.0398873 0.0948385 0.0194769
0 0.751995 0.579232 0.0231569 0.0337224 0.0194401
0 0.322708 0.658404 0.0548367 0.0863847 0.0193527
0 0.799924 0.566189 0.0313685 0.0374155 0.019276
0 0.611647 0.534157 0.0191673 0.0299265 0.0189589
0 0.800089 0.459271 0.0255941 0.0280997 0.0188841
0 0.206378 0.58641 0.0307661 0.0594973 0.0187512
0 0.665604 0.17025 0.185747 0.295368 0.018705
0 0.0124084 0.796265 0.024886 0.200912 0.018704
0 0.270987 0.513503 0.0480915 0.0819481 0.01867
0 0.0204856 0.59509 0.0378268 0.159748 0.0183411
0 0.797321 0.452702 0.0274153 0.0309513 0.0182297
0 0.741051 0.111078 0.0721077 0.0853846 0.0180828
0 0.744714 0.509933 0.0647409 0.102154 0.018045
0 0.782217 0.548122 0.0514606 0.0443437 0.018004
0 0.347912 0.374713 0.021417 0.033221 0.0179968
0 0.0707452 0.82273 0.114624 0.126672 0.017949
0 0.780237 0.167746 0.228433 0.290706 0.0178414
0 0.0344313 0.740539 0.0593954 0.164849 0.0178371
0 0.644405 0.547061 0.0176777 0.0233813 0.0177046
0 0.28374 0.516879 0.106168 0.159752 0.0176899
0 0.728705 0.476512 0.0407225 0.0523978 0.0175498
0 0.398779 0.586773 0.0175194 0.0546143 0.0175082
0 0.691004 0.444799 0.0736992 0.0687281 0.0174605
0 0.70263 0.455099 0.0985854 0.0859516 0.0174246
0 0.890257 0.454707 0.0663033 0.0656384 0.017423
0 0.591204 0.142384 0.110091 0.142575 0.0173793
0 0.392139 0.734235 0.0476892 0.085612 0.017306
0 0.0173379 0.422717 0.0353705 0.150778 0.0172675
0 0.238164 0.685963 0.0612401 0.0750431 0.0171409
0 0.590708 0.529788 0.0234621 0.0312808 0.017115
0 0.413532 0.67173 0.0433963 0.0871703 0.017059
0 0.365698 0.306191 0.0216115 0.0404782 0.0170402
0 0.672484 0.477469 0.0614905 0.0550402 0.0170376
0 0.0147622 0.461567 0.0297985 0.156062 0.0169754
0 0.830017 0.373554 0.124666 0.113046 0.0169417
0 0.368201 0.653997 0.0502588 0.0920171 0.016915
0 0.0763296 0.85662 0.123004 0.154698 0.0169059
0 0.30792 0.708061 0.0335099 0.079413 0.0168764
0 0.822473 0.490281 0.0354406 0.0613597 0.0168405
0 0.832812 0.554271 0.0221642 0.0584887 0.0168362
0 0.268779 0.549687 0.0512264 0.147605 0.0167686
0 0.265008 0.642913 0.0883838 0.231813 0.0166959
0 0.722981 0.452292 0.0506602 0.0424853 0.0166494
0 0.257812 0.536239 0.0652436 0.129415 0.0166055
0 0.64402 0.539456 0.05865 0.0717466 0.0165969
0 0.661434 0.450768 0.0374156 0.0434721 0.0165543
0 0.385673 0.475387 0.0353483 0.0675892 0.0165466
0 0.607969 0.488634 0.050041 0.0575221 0.0165148
0 0.929923 0.477737 0.0758471 0.0941991 0.016503
0 0.0878325 0.391784 0.13777 0.0855514 0.0164743
0 0.947168 0.483711 0.101834 0.132548 0.0164422
0 0.792299 0.559998 0.0259001 0.0286457 0.0163532
0 0.984483 0.79126 0.0304054 0.189623 0.0163478
0 0.23078 0.593505 0.111819 0.198475 0.0162326
0 0.828988 0.34064 0.131501 0.138916 0.0162086
0 0.92175 0.525258 0.151569 0.225391 0.0161422
0 0.0505202 0.670315 0.0965873 0.281119 0.0161149
0 0.230547 0.668953 0.048836 0.0758834 0.0161122
0 0.25005 0.476183 0.0622381 0.0940323 0.016084
0 0.369144 0.731193 0.0422717 0.0807407 0.0160769
0 0.460078 0.490376 0.0164477 0.024892 0.0160141
0 0.951414 0.89426 0.0865137 0.174897 0.0159726
0 0.29547 0.673165 0.0264812 0.0850569 0.0159722
0 0.300367 0.611384 0.0349982 0.162142 0.0159318
0 0.539678 0.443502 0.0304886 0.0399416 0.015917
0 0.453416 0.660931 0.0192195 0.0363098 0.0158917
0 0.837969 0.550627 0.0268999 0.0822101 0.0158511
0 0.428648 0.551402 0.0150341 0.039476 0.0157856
0 0.979172 0.377876 0.0434893 0.0751426 0.0157784
0 0.719667 0.126607 0.0903725 0.131307 0.0157721
0 0.994737 0.850815 0.0117645 0.105475 0.0157536
0 0.848673 0.515536 0.0460989 0.125227 0.0157514
0 0.761257 0.0836196 0.117489 0.149987 0.0157443
0 0.676599 0.44335 0.0565804 0.0586761 0.0157435
0 0.751698 0.107295 0.0890919 0.112689 0.0157392
0 0.0375798 0.733622 0.0757207 0.306471 0.0157212
0 0.234128 0.478599 0.0393957 0.0578831 0.0157098
0 0.73046 0.374786 0.0379495 0.0466353 0.0157089
0 0.378552 0.596525 0.0244205 0.072697 0.0156642
0 0.0152213 0.538279 0.0299202 0.203397 0.0156548
0 0.603883 0.563152 0.0351649 0.0555389 0.0156364
0 0.275327 0.640126 0.0465942 0.152765 0.0156268
0 0.682235 0.540092 0.0329041 0.0312764 0.0155806
0 0.0708935 0.792573 0.108836 0.109461 0.0155485
0 0.979073 -0.0128883 0.0395079 0.0422658 0.015533
0 0.122728 0.868091 0.079758 0.0895849 0.0155113
0 0.806197 0.375776 0.0826092 0.0883165 0.0154617
0 0.403929 0.437983 0.0536325 0.0910576 0.0154194
0 0.903585 0.45069 0.0683907 0.0560406 0.0153517
0 0.486375 0.547572 0.0134092 0.0214268 0.015328
0 0.00566276 0.751837 0.0126303 0.135745 0.0153246
0 0.660525 0.965077 0.0198111 0.0266537 0.0153085
0 0.975801 0.328158 0.0483225 0.10139 0.0151884
0 0.655904 0.441947 0.0344982 0.0582353 0.0151783
0 0.901142 0.331431 0.160431 0.14357 0.0151509
0 0.0970708 0.403516 0.0969602 0.0868065 0.0151272
0 0.803166 0.596533 0.031419 0.0484459 0.0150741
0 0.636564 0.544709 0.0170089 0.0267677 0.0149974
0 0.548769 0.457341 0.0296972 0.0389841 0.0149564
0 0.973143 0.874765 0.0459049 0.13221 0.0149337
0 0.0890056 0.378549 0.102368 0.0665875 0.0149195
0 0.275929 0.647385 0.0710902 0.177914 0.0148439
0 0.665181 0.439209 0.0458602 0.0492119 0.0147449
0 0.818032 0.54693 0.0228638 0.0395003 0.0147131
0 0.162775 0.868258 0.048087 0.0781264 0.0146665
0 0.980189 0.490746 0.0398689 0.13331 0.0146663
0 0.230677 0.650662 0.12645 0.237269 0.0146357
0 0.344054 0.385553 0.0268819 0.033923 0.014575
0 0.566286 0.143541 0.0881976 0.116874 0.0145742
0 0.981655 0.345753 0.0372969 0.0706074 0.01454
0 0.11104 0.361872 0.0530692 0.0485942 0.0144402
0 0.0582116 0.393989 0.125319 0.0939515 0.0144161
0 0.356049 0.339209 0.0250255 0.0684456 0.014386
