0 0.838232 0.648515 0.322866 0.468139 0.834512
0 0.579921 0.552658 0.0653103 0.100715 0.823051
0 0.428871 0.548619 0.0297532 0.0460151 0.790122
0 0.405368 0.557969 0.0402756 0.0590853 0.778734
0 0.467905 0.537293 0.0155052 0.0278164 0.723029
0 0.448984 0.5415 0.0232603 0.0377894 0.717828
0 0.546094 0.545365 0.0243724 0.0616789 0.704716
0 0.670949 0.593084 0.114083 0.21386 0.689409
0 0.335358 0.58513 0.0707352 0.116691 0.67949
0 0.531087 0.5421 0.018263 0.0414191 0.669689
0 0.481187 0.534398 0.012102 0.0204163 0.621117
0 0.259953 0.611763 0.144022 0.171097 0.608089
0 0.115847 0.667969 0.231694 0.331728 0.597454
0 0.516657 0.53575 0.0131542 0.0224045 0.593163
0 0.500852 0.532772 0.0149055 0.0211711 0.579098
0 0.590203 0.571216 0.0431033 0.0955758 0.525162
0 0.374581 0.570565 0.0422973 0.0807853 0.472079
0 0.48513 0.532809 0.0110643 0.0204408 0.428345
0 0.614282 0.571291 0.0590475 0.129245 0.421859
0 0.524658 0.540692 0.0148828 0.0336634 0.412592
0 0.478325 0.535322 0.0119161 0.0217177 0.373842
0 0.471215 0.536644 0.0139335 0.0243005 0.342936
0 0.513626 0.536446 0.0102164 0.0195014 0.333212
0 0.47516 0.535397 0.011444 0.021396 0.320558
0 0.464642 0.537227 0.0163865 0.0311903 0.318208
0 0.521816 0.537859 0.0123907 0.0261466 0.309697
0 0.456057 0.540849 0.0154549 0.0301997 0.307204
0 0.504191 0.53464 0.0132024 0.021322 0.302515
0 0.551911 0.546039 0.0292045 0.0703581 0.297711
0 0.565106 0.550208 0.0374414 0.0846117 0.278947
0 0.514973 0.532628 0.0121428 0.0229543 0.27066
