0 0.451518 0.579897 0.0415606 0.0554186 0.908599
0 0.5625 0.572349 0 0.0359338 0.494507
0 0.5625 0.576219 0 0.0357981 0.466688
0 0.5625 0.575388 0 0.0267321 0.453581
0 0.5625 0.577661 0 0.0384204 0.441335
0 0.5625 0.574775 0 0.0331302 0.438945
0 0.5625 0.576476 0 0.0392142 0.415635
0 0.5625 0.579396 0 0.0465371 0.393934
0 0.5625 0.580202 0 0.0523461 0.342689
0 0.5625 0.575277 0 0.0266894 0.333653
0 0.5625 0.579826 0 0.0615466 0.316158
0 0.508334 0.556156 0.0152739 0.0203396 0.314594
0 0.5625 0.577284 0 0.0254698 0.30857
0 0.512113 0.554119 0.0110052 0.0176878 0.294253
0 0.5625 0.585487 0 0.0486763 0.260594
0 0.5625 0.580576 0 0.0453784 0.258217
0 0.499389 0.558763 0.0125675 0.020462 0.255055
0 0.412672 0.565495 0.0244825 0.0228853 0.254835
0 0.5625 0.58013 0 0.072697 0.254689
0 0.5625 0.576769 0 0.0215624 0.249394
0 0.500695 0.560527 0.00990667 0.0150757 0.232495
0 0.5625 0.586983 0 0.0637455 0.228687
0 0.513842 0.552835 0.00823097 0.014611 0.225522
0 0.5625 0.575445 0 0.0449814 0.221155
0 0.316852 0.340203 0.0605774 0.0217716 0.219886
0 0.5625 0.577983 0 0.0276141 0.217816
0 0.471714 0.559054 0.0118117 0.0188732 0.216132
0 0.5625 0.575236 0 0.0786481 0.214368
0 0.5625 0.557484 0 0.0456319 0.211619
0 0.5625 0.575014 0 0.0225024 0.209544
0 0.511492 0.558353 0.0103558 0.0149311 0.206687
0 0.419674 0.565787 0.0137966 0.019111 0.198069
0 0.47939 0.562322 0.0249087 0.0300923 0.197746
0 0.5625 0.5711 0 0.0336327 0.194839
0 0.375214 0.567776 0.0173907 0.0206101 0.194224
0 0.5625 0.572549 0 0.0338266 0.192975
0 0.277435 0.578258 0.0252078 0.0183755 0.188358
0 0.503411 0.558862 0.0114583 0.0180864 0.184131
0 0.5625 0.558088 0 0.0634491 0.17467
0 0.5625 0.578417 0 0.0444127 0.174356
0 0.5625 0.589537 0 0.0701819 0.174256
0 0.5625 0.57379 0 0.0255141 0.172378
0 0.5625 0.576937 0 0.0215401 0.168385
0 0.5625 0.577865 0 0.0286463 0.167322
0 0.5625 0.592635 0 0.073371 0.166634
0 0.5625 0.585631 0 0.0440742 0.165559
0 0.321459 0.573856 0.0150705 0.0128144 0.164221
0 0.506105 0.556382 0.0110049 0.01717 0.163524
0 0.5625 0.562656 0 0.0633489 0.162376
0 0.375367 0.570182 0.0134223 0.0135959 0.159195
0 0.513882 0.556989 0.00981579 0.0153992 0.15814
0 0.80258 0.575554 0.0236526 0.0280152 0.157244
0 0.887282 0.579782 0.0862211 0.0928232 0.156623
0 0.839662 0.574587 0.0248617 0.0308513 0.15286
0 0.506424 0.552343 0.0115247 0.0183015 0.152205
0 0.724396 0.589148 0.0368317 0.0430198 0.150452
0 0.975711 0.559981 0.0499605 0.0592929 0.148878
0 0.474675 0.560624 0.0125203 0.0207223 0.1459
0 0.516201 0.559977 0.0129247 0.0208583 0.145782
0 0.469143 0.560452 0.0123421 0.0190481 0.142972
0 0.404683 0.567935 0.0135063 0.0163913 0.14013
0 0.724102 0.59089 0.0484918 0.0572002 0.136665
0 0.857142 0.575185 0.025934 0.0359467 0.134977
0 0.818819 0.582666 0.0283667 0.0360032 0.134579
0 0.945631 0.577808 0.106558 0.0972822 0.134348
0 0.515269 0.550368 0.011983 0.0206852 0.133826
0 0.479389 0.559067 0.0114422 0.0186198 0.133022
0 0.317237 0.575194 0.0164349 0.0119608 0.132747
0 0.786648 0.58525 0.042677 0.0503209 0.128491
0 0.706815 0.578192 0.0187589 0.0271046 0.126548
0 0.351245 0.338792 0.017077 0.0185122 0.120072
0 0.84971 0.573977 0.0225229 0.0271083 0.117068
0 0.312243 0.574184 0.02621 0.0155023 0.111553
0 0.946107 0.507465 0.107977 0.175975 0.110985
0 0.747535 0.57123 0.0282701 0.0369255 0.110983
0 0.807099 0.585274 0.04473 0.0577214 0.109886
0 0.578995 0.378046 0.0267864 0.0154891 0.109225
0 0.491766 0.559495 0.0149744 0.0243175 0.109058
0 0.375759 0.562774 0.0190932 0.0267094 0.108101
0 0.322686 0.577781 0.0162898 0.0156459 0.10679
0 0.727529 0.573831 0.0144634 0.0180359 0.106765
0 0.983545 0.563421 0.030814 0.0691638 0.10655
0 0.335767 0.57245 0.0191417 0.0140656 0.105818
0 0.4158 0.569902 0.0161737 0.0199443 0.105316
0 0.337667 0.57542 0.0152711 0.0116192 0.103958
0 0.408539 0.567765 0.0159135 0.0171584 0.103787
0 0.523342 0.561592 0.016573 0.0269526 0.102543
0 0.326699 0.574549 0.0144864 0.0114687 0.102473
0 0.963956 0.57162 0.0722794 0.0999525 0.102253
0 0.510871 0.468319 0.0238331 0.015045 0.101327
0 0.652344 0.582209 0.0560315 0.0448559 0.100416
0 0.524737 0.3674 0.0666055 0.0204915 0.0993534
0 0.322853 0.571298 0.0193134 0.0157224 0.0985782
0 0.398091 0.565461 0.0259441 0.0228887 0.098412
0 0.299721 0.57529 0.0149123 0.0135768 0.097569
0 0.391672 0.566493 0.0268437 0.0239755 0.0938439
0 0.580596 0.370351 0.0184019 0.0175372 0.0935222
0 0.93083 0.590622 0.146049 0.13716 0.0933544
0 0.532922 0.565277 0.0188471 0.0340817 0.090227
0 0.695498 0.585864 0.0546798 0.0622681 0.0896292
0 0.334473 0.574262 0.0141798 0.0113058 0.088111
0 0.800929 0.582054 0.0212833 0.0337624 0.0877365
0 0.833128 0.567826 0.063138 0.06014 0.0873574
0 0.425618 0.56392 0.0109188 0.0193826 0.0873418
0 0.354686 0.575772 0.0168913 0.0117665 0.0871601
0 0.587799 0.368787 0.0242645 0.0186236 0.0866159
0 0.831471 0.605361 0.0770303 0.093354 0.0862422
0 0.349703 0.573421 0.0144436 0.0125258 0.0823116
0 0.696624 0.565136 0.0397653 0.046304 0.0813954
0 0.330253 0.574123 0.0165739 0.0119337 0.0796173
0 0.30033 0.56867 0.0193545 0.0204866 0.0795331
0 0.35787 0.573395 0.016204 0.0119303 0.0788207
0 0.538311 0.569082 0.0178137 0.0348412 0.0787017
0 0.535395 0.366268 0.0384885 0.0138739 0.0782083
0 0.57531 0.36551 0.0357798 0.0221828 0.0780777
0 0.592056 0.368997 0.0374146 0.027492 0.0773312
0 0.50509 0.507214 0.0157074 0.0165273 0.077145
0 0.915721 0.564966 0.122403 0.121204 0.0766923
0 0.95901 0.602541 0.0812214 0.150157 0.0760938
0 0.789032 0.56043 0.0649878 0.0740768 0.075523
0 0.472206 0.565885 0.0122677 0.019157 0.0751396
0 0.620855 0.361176 0.0408719 0.052454 0.0748168
0 0.364587 0.574677 0.0156783 0.0118679 0.0746687
0 0.680139 0.573046 0.017382 0.0253053 0.0740326
0 0.991109 0.577566 0.0181107 0.0929097 0.0731027
0 0.530614 0.564021 0.0131129 0.0265271 0.0727217
0 0.457039 0.562902 0.0114915 0.0159472 0.0723303
0 0.979115 0.597055 0.0423756 0.130875 0.072147
0 0.516866 0.544673 0.0101246 0.0158396 0.0715516
0 0.591827 0.362124 0.042564 0.0369063 0.0712672
0 0.971476 0.540631 0.0556114 0.121719 0.0700159
0 0.60043 0.357503 0.0527542 0.0508724 0.0699838
0 0.577476 0.351007 0.0733824 0.0513274 0.0680612
0 0.382386 0.570575 0.0161972 0.0173545 0.0679443
0 0.509799 0.553007 0.0104244 0.0143737 0.0677445
0 0.434033 0.563475 0.0118537 0.0192607 0.0666569
0 0.0225956 0.534657 0.045324 0.132969 0.0662657
0 0.985189 0.629677 0.0290852 0.17903 0.0657659
0 0.861124 0.569272 0.0295631 0.0429916 0.0648829
0 0.502308 0.562855 0.0107506 0.0165741 0.0642466
0 0.275889 0.578764 0.0188836 0.0142799 0.0640085
0 0.588207 0.373268 0.0271891 0.0201608 0.0637264
0 0.774185 0.565135 0.0210229 0.0257582 0.0629538
0 0.909326 0.550988 0.0925104 0.104357 0.0626993
0 0.455471 0.349558 0.0571873 0.0341503 0.0615792
0 0.850087 0.60129 0.0957918 0.109969 0.0614691
0 0.782795 0.604636 0.0792328 0.0900816 0.0611765
0 0.570182 0.356934 0.0587253 0.0365517 0.0609764
0 0.845952 0.565091 0.0259422 0.0221765 0.0598626
0 0.971992 0.617271 0.0558611 0.155775 0.059407
0 0.525406 0.5618 0.0137609 0.0195858 0.0593805
0 0.354106 0.201559 0.532892 0.32606 0.0588886
0 0.677276 0.567437 0.0192896 0.0299316 0.0588226
0 0.926122 0.545011 0.0791647 0.0913142 0.0581181
0 0.5183 0.539185 0.012974 0.0224519 0.0580576
0 0.816411 0.576744 0.0192509 0.0253714 0.0579804
0 0.983518 0.357037 0.0324083 0.129462 0.0579793
0 0.621732 0.353337 0.0190118 0.0366567 0.05797
0 0.431003 0.565766 0.0124482 0.0216599 0.0576673
0 0.513365 0.543563 0.0118411 0.0164556 0.0574764
0 0.691691 0.579934 0.0183781 0.0275909 0.057334
0 0.581287 0.57631 0.027831 0.0334975 0.0563626
0 0.520999 0.374387 0.0977758 0.0427553 0.056087
0 0.991279 0.702798 0.0172562 0.184105 0.0559306
0 0.961509 0.522243 0.0748707 0.161162 0.0555785
0 0.874668 0.583756 0.036548 0.0439719 0.0550434
0 0.271878 0.580961 0.0168662 0.0150174 0.0549288
0 0.481159 0.3601 0.0290895 0.0176438 0.0546361
0 0.0145917 0.553616 0.0290913 0.0891266 0.0546083
0 0.476819 0.354317 0.0251364 0.0183957 0.0538365
0 0.984873 0.682689 0.029723 0.222074 0.0537742
0 0.31116 0.578801 0.0180663 0.0149827 0.0536198
0 0.54808 0.568959 0.0316018 0.037312 0.0531557
0 0.536281 0.572879 0.0142235 0.0245215 0.0531162
0 0.67286 0.561872 0.0150587 0.02374 0.0531026
0 0.0084199 0.548344 0.0178152 0.0962221 0.0526476
0 0.378332 0.346915 0.0300509 0.0148648 0.0517271
0 0.282381 0.560616 0.0377588 0.039464 0.0511998
0 0.678908 0.578379 0.0216109 0.0319369 0.0505018
0 0.88043 0.59961 0.111955 0.129 0.0502181
0 0.978373 0.672992 0.0467869 0.20272 0.0495704
0 0.310871 0.611632 0.0274759 0.035451 0.0495586
0 0.646771 0.34924 0.0734995 0.0691752 0.0488465
0 0.317404 0.347329 0.0672374 0.0312107 0.0485479
0 0.338354 0.562419 0.0211691 0.0205614 0.0485182
0 0.509299 0.544678 0.0108142 0.0153805 0.0481388
0 0.353573 0.3394 0.0278638 0.0182465 0.0480292
0 0.35407 0.346352 0.0155671 0.01526 0.047945
0 0.486928 0.563268 0.0141378 0.0231936 0.0475821
0 0.870598 0.564245 0.0226973 0.0278336 0.0474015
0 0.512916 0.540492 0.0148537 0.0218859 0.0472877
0 0.499537 0.54656 0.0138848 0.017234 0.0470097
0 0.318042 0.559229 0.0238685 0.0262769 0.0468938
0 0.650955 0.569525 0.0576658 0.060404 0.0463615
0 0.507626 0.561826 0.00996885 0.0144759 0.0463233
0 0.582655 0.366368 0.0216189 0.017418 0.0462875
0 0.363003 0.561489 0.0163399 0.0196098 0.0460578
0 0.634388 0.353507 0.0460978 0.0461828 0.0456759
0 0.791989 0.56725 0.0190703 0.021419 0.0455358
0 0.325238 0.568988 0.0211926 0.02211 0.0454048
0 0.0300891 0.557267 0.059332 0.0925466 0.044766
0 0.482463 0.358807 0.0408381 0.026403 0.0445586
0 0.510324 0.561256 0.0106485 0.0154657 0.0443594
0 0.979319 0.638038 0.042211 0.142432 0.0442159
0 0.796932 0.073252 0.0660016 0.083111 0.0440266
0 0.374877 0.345247 0.0221712 0.0135635 0.0439579
0 0.696911 0.57783 0.0257404 0.0328355 0.0437824
0 0.992386 0.63277 0.0154053 0.162207 0.0434756
0 0.525812 0.36512 0.0451863 0.0145478 0.0422408
0 0.582182 0.525665 0.0175869 0.0361812 0.0418569
0 0.979409 0.387654 0.0415054 0.219445 0.0418148
0 0.307582 0.339761 0.0347661 0.0185335 0.0416374
0 0.731497 0.545539 0.0802524 0.088759 0.0414053
0 0.465983 0.352242 0.0337107 0.0218254 0.0413742
0 0.342249 0.340214 0.0291015 0.0172445 0.0411616
0 0.553668 0.364659 0.0396133 0.019524 0.0411441
0 0.325812 0.341383 0.0316777 0.0178923 0.0406682
0 0.311211 0.531044 0.0286818 0.0297572 0.0405702
0 0.857925 0.565731 0.0217522 0.0226462 0.039634
0 0.44702 0.349129 0.0415388 0.0288115 0.0396044
0 0.676413 0.584709 0.064333 0.05736 0.0395389
0 0.485326 0.36511 0.0214027 0.0172922 0.0394413
0 0.791203 0.0792667 0.04515 0.0609231 0.0392242
0 0.373826 0.350641 0.0210718 0.0167475 0.0392191
0 0.329162 0.34515 0.0314329 0.0184279 0.0390142
0 0.365149 0.351333 0.0177866 0.0159494 0.0384045
0 0.912894 0.530463 0.119612 0.121455 0.0382292
0 0.769934 0.566904 0.0184409 0.0226649 0.0379072
0 0.947266 0.467167 0.10395 0.0933088 0.0373566
0 0.20674 0.237767 0.164058 0.21067 0.037353
0 0.485011 0.356985 0.0225411 0.0166962 0.0373193
0 0.0627258 0.530949 0.128952 0.136649 0.0372543
0 0.834638 0.562794 0.0371023 0.0292663 0.0372255
0 0.571747 0.27607 0.160655 0.161544 0.0369506
0 0.329477 0.350219 0.0920906 0.0540525 0.0365891
0 0.568098 0.37512 0.0201762 0.015834 0.0356707
0 0.533211 0.572089 0.0135359 0.0211971 0.0356446
0 0.520602 0.364514 0.0811001 0.0319187 0.0356385
0 0.638472 0.263512 0.155655 0.251427 0.0355484
0 0.280291 0.218657 0.357571 0.283213 0.0353277
0 0.58343 0.486537 0.0227104 0.0401241 0.0352753
0 0.774163 0.469642 0.149204 0.129822 0.0351411
0 0.0169939 0.518853 0.0328319 0.124548 0.0350933
0 0.0457263 0.55115 0.0902475 0.102176 0.034994
0 0.264256 0.337696 0.022549 0.0151753 0.0348077
0 0.591532 0.377428 0.0236376 0.0203568 0.0347813
0 0.642666 0.550752 0.0975574 0.114381 0.034251
0 0.362171 0.346671 0.0288564 0.0156452 0.0341656
0 0.575187 0.581137 0.014712 0.0242057 0.0339449
0 0.585467 0.412771 0.0194556 0.0324281 0.0336823
0 0.575275 0.363277 0.0258692 0.0187258 0.0332366
0 0.40423 0.489004 0.034695 0.0369265 0.0328922
0 0.392509 0.35189 0.0610072 0.0219042 0.0328524
0 0.85574 0.537829 0.156044 0.197054 0.0328088
0 0.318859 0.338242 0.0424969 0.0194493 0.0327552
0 0.599001 0.378759 0.0200697 0.0225647 0.0326287
0 0.705977 0.587294 0.0213338 0.0298661 0.0325384
0 0.844343 0.586362 0.0234201 0.0311244 0.0324896
0 0.0246048 0.473695 0.0510424 0.229678 0.0324712
0 0.268416 0.572086 0.0330126 0.0241736 0.0323669
0 0.0259517 0.498392 0.050594 0.135378 0.0323556
0 0.357133 0.600982 0.0279766 0.0358921 0.03199
0 0.342139 0.185166 0.076575 0.130735 0.0318995
0 0.577795 0.576714 0.0183527 0.0267103 0.0318978
0 0.738947 0.551241 0.0603185 0.065576 0.0318837
0 0.797637 0.566632 0.0189406 0.0211945 0.0316074
0 0.974919 0.722426 0.0490564 0.171697 0.0311777
0 0.636204 0.577499 0.0365542 0.0367812 0.0310789
0 0.0466784 0.576003 0.0811177 0.0535369 0.031002
0 0.589566 0.363715 0.0210828 0.0204191 0.0308909
0 0.535263 0.363607 0.0228886 0.0154729 0.0307305
0 0.391271 0.372663 0.073761 0.0463108 0.0306934
0 0.639984 0.562625 0.0631755 0.0731862 0.0304953
0 0.618826 0.576249 0.0594688 0.0509052 0.0304329
0 0.568421 0.572207 0.0346969 0.0417877 0.0304066
0 0.948756 0.441033 0.104117 0.307915 0.0303797
0 0.531837 0.553194 0.0240475 0.0448627 0.0303753
0 0.555447 0.576145 0.0195776 0.0269726 0.0303444
0 0.322249 0.410776 0.110005 0.11745 0.0302612
0 0.949576 0.665815 0.101199 0.225503 0.0301685
0 0.98694 0.735183 0.0263813 0.174026 0.0301311
0 0.413478 0.491534 0.0291922 0.0342683 0.0301307
0 0.752817 0.582049 0.0224625 0.0270459 0.0300497
0 0.560896 0.367524 0.0210106 0.0146682 0.0299121
0 0.809078 0.567376 0.0220343 0.0200761 0.0298834
0 0.49002 0.362709 0.0288827 0.0151616 0.0297711
0 0.769416 0.439321 0.114152 0.0698291 0.0297505
0 0.761069 0.565433 0.0209455 0.0233651 0.0297428
0 0.30805 0.531142 0.0152466 0.0175625 0.0297302
0 0.429968 0.45877 0.0689729 0.0592582 0.0293769
0 0.595477 0.37137 0.0238548 0.0217879 0.0292013
0 0.288947 0.559755 0.0215296 0.0250579 0.0289319
0 0.633445 0.581583 0.0221082 0.028098 0.0288955
0 0.701822 0.552357 0.0453992 0.0684906 0.0288674
0 0.632762 0.374116 0.0413498 0.0566564 0.0286526
0 0.654587 0.338526 0.0856616 0.0954834 0.0285394
0 0.292817 0.341903 0.0230386 0.0195729 0.0284871
0 0.0156805 0.57422 0.031482 0.0615817 0.0282785
0 0.0133991 0.488872 0.02647 0.12099 0.0282183
0 0.316971 0.357375 0.0622448 0.0449931 0.0282009
