0 0.595436 0.451763 0.0878934 0.104804 0.891406
0 0.320244 0.463311 0.0908946 0.117192 0.885987
0 0.706419 0.494836 0.141648 0.149768 0.872077
0 0.475191 0.472554 0.10174 0.151394 0.858164
0 0.866599 0.546921 0.266343 0.25041 0.772706
0 0.400363 0.428211 0.0191283 0.0362344 0.725143
0 0.386955 0.432286 0.0214077 0.0524429 0.60165
0 0.430565 0.428005 0.0176407 0.0312419 0.598254
0 0.376055 0.432237 0.0384408 0.0648709 0.583316
0 0.409898 0.427025 0.0118142 0.0250185 0.581778
0 0.541782 0.448676 0.0339164 0.0696343 0.559003
0 0.527047 0.443125 0.0224914 0.0549252 0.555274
0 0.417286 0.42493 0.0121696 0.021137 0.525972
0 0.517392 0.427651 0.01749 0.0342373 0.51427
0 0.365738 0.439571 0.0343224 0.0748962 0.506988
0 0.532193 0.446147 0.0269391 0.061045 0.503325
0 0.405878 0.428614 0.0136816 0.0295849 0.383807
0 0.412416 0.425704 0.0111556 0.0236628 0.332185
0 0.395814 0.429525 0.0176655 0.0407616 0.32443
0 0.523317 0.434089 0.0206925 0.0381371 0.293289
0 0.427078 0.425337 0.0156269 0.0290938 0.263404
0 0.357874 0.445837 0.0427476 0.0880831 0.255306
