0 0.561971 0.412299 0.00105734 0.0380842 0.840431
0 0.386255 0.410764 0.0277883 0.0368835 0.827132
0 0.0260093 0.473326 0.0520187 0.18132 0.777662
0 0.54833 0.397047 0.0244208 0.0481992 0.567885
0 0.514401 0.401293 0.0117623 0.0171806 0.562633
0 0.427293 0.405788 0.016487 0.0205638 0.542411
0 0.501365 0.400464 0.0132904 0.0173833 0.488696
0 0.526765 0.399905 0.0126499 0.0194856 0.480095
0 0.44615 0.403004 0.014146 0.0187662 0.470795
0 0.483688 0.401334 0.0154334 0.0176343 0.45269
0 0.467014 0.400947 0.0124661 0.0163517 0.44454
0 0.546358 0.404197 0.0201951 0.0370628 0.426141
0 0.202641 0.420656 0.0414009 0.0445543 0.403355
0 0.456307 0.401371 0.0120986 0.0175784 0.395569
0 0.412262 0.406743 0.0155956 0.0212722 0.328064
0 0.479285 0.401787 0.0118827 0.0161872 0.320183
0 0.535125 0.401795 0.0098341 0.0180657 0.314784
0 0.488637 0.401203 0.0132964 0.0172987 0.313427
0 0.496985 0.401465 0.0129511 0.0172079 0.287995
0 0.441219 0.403633 0.0130883 0.0187636 0.277946
0 0.507678 0.401287 0.0122491 0.016412 0.268765
0 0.459229 0.402081 0.0113512 0.0166043 0.263843
0 0.552224 0.393136 0.0205531 0.0492265 0.247999
0 0.530015 0.400829 0.010848 0.0188633 0.244311
0 0.517479 0.399542 0.0118226 0.0185637 0.237234
0 0.536353 0.401596 0.0125291 0.0246224 0.214796
0 0.5625 0.41476 0 0.031492 0.205209
0 0.202164 0.40748 0.0422978 0.0526857 0.197476
0 0.543292 0.406057 0.0162797 0.0264169 0.196544
0 0.548413 0.404692 0.0143892 0.0282475 0.188889
0 0.5625 0.422206 0 0.0499578 0.184343
0 0.555298 0.398513 0.0144032 0.0370614 0.173822
0 0.443947 0.405629 0.0144382 0.0185684 0.171305
0 0.540279 0.403127 0.0117611 0.0248016 0.167464
0 0.404967 0.407299 0.0146811 0.0217332 0.167276
0 0.420813 0.407016 0.0117837 0.0193059 0.164695
0 0.5625 0.418608 0 0.0304988 0.163029
0 0.504436 0.401984 0.0120275 0.0173954 0.160999
0 0.221064 0.425228 0.0716491 0.0519862 0.151385
0 0.555637 0.40628 0.0124977 0.0231186 0.1403
0 0.197839 0.423027 0.0291418 0.0350254 0.133408
0 0.545334 0.410186 0.0175798 0.0273885 0.133196
0 0.5625 0.417441 0 0.0625626 0.129432
0 0.553964 0.402115 0.015401 0.0324972 0.124823
0 0.560007 0.411704 0.00498686 0.0285852 0.120814
0 0.5625 0.416767 0 0.0351386 0.120409
0 0.5625 0.417825 0 0.0264167 0.11691
0 0.5625 0.404032 0 0.0246103 0.115645
0 0.5625 0.411525 0 0.0297249 0.108535
0 0.261447 0.419391 0.019879 0.0312945 0.104186
0 0.47675 0.401114 0.00972738 0.0142968 0.103598
0 0.211068 0.420467 0.0219977 0.0345823 0.100073
0 0.557916 0.404165 0.013204 0.0276074 0.0962124
0 0.69968 0.416146 0.0240854 0.0365888 0.0949438
0 0.572035 0.410279 0.0143247 0.0250775 0.0937667
0 0.416631 0.403031 0.0126171 0.0211982 0.0916766
0 0.537183 0.386993 0.0154504 0.0247795 0.0899867
0 0.203023 0.419485 0.0243044 0.0307853 0.085151
0 0.366833 0.399437 0.0163777 0.0261131 0.0826839
0 0.712008 0.426944 0.0181314 0.0272119 0.0810954
0 0.590996 0.408636 0.0139832 0.0262299 0.0789815
0 0.734488 0.400609 0.030842 0.0920592 0.0782631
0 0.395625 0.40819 0.0157415 0.0246501 0.0766549
0 0.253204 0.423679 0.0336226 0.0381267 0.0741228
0 0.716287 0.425676 0.0270146 0.0321885 0.0729128
0 0.371905 0.403836 0.020579 0.0311774 0.0726919
0 0.190668 0.421601 0.0186364 0.0285428 0.0724275
0 0.364657 0.403891 0.021601 0.0300143 0.0708121
0 0.203198 0.392836 0.0480434 0.0724998 0.0667593
0 0.374378 0.410197 0.0179101 0.0256654 0.0666792
0 0.204494 0.399319 0.0350607 0.0438438 0.0665472
0 0.683465 0.419125 0.0603186 0.0442813 0.0658635
0 0.729511 0.3885 0.0528728 0.10583 0.0646828
0 0.0725536 0.433466 0.051946 0.0654121 0.0642176
0 0.55608 0.387059 0.0195861 0.0368618 0.0633205
0 0.725723 0.413742 0.0531075 0.073258 0.0615692
0 0.215259 0.403862 0.0716733 0.085925 0.0603528
0 0.970512 0.102991 0.0590775 0.139727 0.0602319
0 0.331903 0.404094 0.0293731 0.0537754 0.0591329
0 0.26338 0.41145 0.0184581 0.0414652 0.0582269
0 0.534327 0.389646 0.0130806 0.023424 0.0579402
0 0.398045 0.408653 0.0100122 0.019703 0.0577042
0 0.368564 0.409134 0.0207606 0.0294319 0.0560443
0 0.728619 0.425325 0.0280477 0.0380341 0.0556012
0 0.293326 0.412132 0.0279281 0.0401855 0.0547668
0 0.175088 0.41942 0.0356651 0.0457241 0.0543763
0 0.689663 0.403449 0.0399839 0.0449407 0.0534172
0 0.536834 0.391233 0.0112811 0.0215248 0.0526633
0 0.706186 0.420713 0.0179123 0.0247055 0.0522506
0 0.1949 0.413369 0.0373751 0.0478117 0.0521335
0 0.447174 0.405632 0.011254 0.0164208 0.0520949
0 0.498146 0.404152 0.0097352 0.0158837 0.0515899
0 0.418984 0.38101 0.0287194 0.0444072 0.0511354
0 0.198965 0.406149 0.0593342 0.0724799 0.0506063
0 0.968321 0.130609 0.0631752 0.270506 0.0490702
0 0.184818 0.422998 0.0534922 0.054464 0.0488575
0 0.747474 0.421734 0.0820828 0.0666648 0.0485601
0 0.624599 0.425542 0.0298902 0.0411576 0.0484309
0 0.594252 0.407378 0.0152748 0.0299313 0.0481016
0 0.155004 0.419159 0.0365812 0.0504061 0.0479817
0 0.722715 0.406565 0.0350431 0.0663681 0.0459162
0 0.0403702 0.468259 0.0262855 0.074545 0.045246
0 0.208751 0.400337 0.0248742 0.0304963 0.044762
0 0.260544 0.405538 0.0285578 0.0553726 0.0447436
0 0.605996 0.400744 0.0298265 0.0487274 0.0447007
0 0.135233 0.422519 0.0294364 0.0462027 0.0446471
0 0.61313 0.414814 0.0202591 0.0341035 0.0444576
0 0.186419 0.423006 0.0156273 0.0299055 0.0438594
0 0.739933 0.381068 0.0672795 0.142758 0.0437947
0 0.693534 0.387472 0.0316959 0.050979 0.0437107
0 0.0427599 0.450752 0.0218755 0.0514421 0.0428977
0 0.456297 0.403946 0.00911303 0.0149632 0.0424123
0 0.631174 0.420549 0.0237337 0.0321187 0.0422835
0 0.328047 0.414232 0.0239085 0.0403493 0.0418422
0 0.484973 0.403331 0.0107453 0.0166933 0.0415975
0 0.762158 0.305971 0.0436227 0.063534 0.0411768
0 0.381245 0.412945 0.0168405 0.0235757 0.0410242
0 0.672244 0.40902 0.0431836 0.0506159 0.0404232
0 0.0113981 0.397343 0.0233318 0.0526877 0.0402747
0 0.613863 0.406182 0.0217266 0.0434147 0.0400837
0 0.725008 0.306522 0.0192147 0.0305701 0.0396891
0 0.369714 0.393482 0.0153918 0.0304727 0.0395915
0 0.198969 0.430518 0.0243816 0.0354504 0.0391358
0 0.610686 0.427593 0.0197663 0.033762 0.0389493
0 0.460251 0.388532 0.0117611 0.0171438 0.0387973
0 0.465903 0.40407 0.0107777 0.0158959 0.0377322
0 0.756727 0.318341 0.0547255 0.0917722 0.0372549
0 0.150709 0.404914 0.0347237 0.0707634 0.0371301
0 0.602708 0.395019 0.0205316 0.0458405 0.0367866
0 0.142753 0.417578 0.0329844 0.0488555 0.036605
0 0.686269 0.372364 0.0590853 0.0983108 0.0365021
0 0.222711 0.419972 0.0278981 0.0303814 0.0363237
0 0.343908 0.387297 0.101932 0.12931 0.0359799
0 0.64159 0.406925 0.0185733 0.0372389 0.0355288
0 0.21267 0.412235 0.0378828 0.0524548 0.0351404
0 0.675792 0.398143 0.0691361 0.090991 0.035083
0 0.989012 0.45904 0.0218988 0.0812113 0.0350117
0 0.748829 0.334977 0.0717873 0.141415 0.0349855
0 0.524496 0.390752 0.00966816 0.0154895 0.0345185
0 0.823681 0.480717 0.0451979 0.056524 0.0341772
0 0.967838 0.0404832 0.0632555 0.110699 0.0336487
0 0.469377 0.389337 0.0109625 0.0165493 0.0335266
0 0.851655 0.178299 0.240388 0.376304 0.0331068
0 0.707234 0.391827 0.0273787 0.0629528 0.0331044
0 0.44765 0.388534 0.0119244 0.0165542 0.0330451
0 0.630446 0.413666 0.0169543 0.0309678 0.0327146
0 0.0290256 0.439051 0.044257 0.0849086 0.0325629
0 0.853089 0.272173 0.0586992 0.0662503 0.0320903
0 0.645731 0.416727 0.0229397 0.0380575 0.0316998
0 0.243348 0.426225 0.0396085 0.0426729 0.0314799
0 0.0184127 0.415673 0.0353799 0.0734073 0.0313396
0 0.0568992 0.43188 0.0239083 0.0552527 0.0312512
0 0.613655 0.424319 0.017745 0.0274416 0.0312456
0 0.821563 0.313448 0.0239937 0.0299318 0.0310301
0 0.731873 0.430272 0.0209263 0.0272075 0.0309832
0 0.383305 0.341181 0.0352343 0.0514956 0.0300209
0 0.363531 0.333933 0.0313951 0.0482955 0.0299991
0 0.682196 0.3784 0.0410206 0.0726485 0.0298906
0 0.745668 0.421371 0.0493988 0.0610839 0.0298833
0 0.432128 0.381938 0.0152104 0.0208863 0.0298501
0 0.642796 0.388027 0.0215063 0.0651381 0.0296947
0 0.970581 0.249816 0.065601 0.471062 0.0296844
0 0.285168 0.406724 0.0377658 0.0522689 0.0296792
0 0.365967 0.421933 0.0226905 0.0335152 0.0293075
0 0.312441 0.417989 0.0322033 0.0414074 0.0292926
0 0.813476 0.439293 0.0253878 0.0383309 0.0292737
0 0.687423 0.376785 0.087992 0.125813 0.0290795
0 0.829216 0.313345 0.0323452 0.0347656 0.0288914
0 0.394623 0.360545 0.0272812 0.0425305 0.0288594
0 0.049078 0.446931 0.0226259 0.0535981 0.0287241
0 0.131735 0.404483 0.0216154 0.0562202 0.0283132
0 0.653462 0.336441 0.0274065 0.0437497 0.0281505
0 0.971727 0.445499 0.0573942 0.160534 0.0280442
0 0.137639 0.403948 0.0340909 0.0688531 0.0279698
0 0.357555 0.329634 0.0329589 0.0457268 0.0278389
0 0.959663 0.440248 0.0419655 0.10093 0.0274522
0 0.605553 0.474442 0.0374837 0.0733643 0.0273397
0 0.117899 0.430904 0.0313087 0.0430175 0.0273369
0 0.605129 0.441265 0.01906 0.0315904 0.0273348
0 0.345551 0.395241 0.037334 0.0645619 0.0271523
0 0.600615 0.34059 0.0406005 0.0721292 0.0271356
0 0.98574 0.438647 0.0285198 0.111909 0.0269749
0 0.500998 0.390396 0.0102574 0.0153264 0.0262768
0 0.357292 0.414447 0.0175862 0.0252325 0.0260663
0 0.0959835 0.389186 0.0199755 0.0560056 0.0260149
0 0.129752 0.300785 0.0183499 0.035529 0.0260137
0 0.576485 0.372316 0.026699 0.0545826 0.0258412
0 0.837841 0.311437 0.031179 0.0324716 0.025837
0 0.0122848 0.398607 0.0274434 0.0972432 0.0256867
0 0.95515 0.459046 0.0329929 0.0597943 0.0254937
0 0.982594 0.408496 0.0359179 0.16984 0.0254591
0 0.800798 0.316897 0.0345703 0.0420881 0.0252866
0 0.594149 0.352121 0.042991 0.0795366 0.0252607
0 0.524798 0.350023 0.0115423 0.0177557 0.024975
0 0.507786 0.390022 0.0102567 0.0146319 0.0249406
0 0.849102 0.27224 0.0453819 0.0509198 0.024909
0 0.752401 0.392383 0.0691838 0.122055 0.0248345
0 0.414699 0.368808 0.0195815 0.029891 0.0248162
0 0.478185 0.389283 0.0102507 0.0159153 0.0247845
0 0.819489 0.471892 0.0322727 0.0531158 0.0247316
0 0.184952 0.395215 0.017264 0.0364509 0.024724
0 0.262359 0.434517 0.0281445 0.0404911 0.0247046
0 0.766403 0.415131 0.0463657 0.0720809 0.0246907
0 0.121061 0.396622 0.0421192 0.0740016 0.0246354
0 0.966038 0.0685621 0.0644466 0.131166 0.0245841
0 0.344454 0.330492 0.0276948 0.0429936 0.024518
0 0.32922 0.404298 0.0193317 0.0473898 0.0245067
0 0.969625 0.0574764 0.0599812 0.0696777 0.0244744
0 0.536079 0.332805 0.021943 0.0359779 0.0244687
0 0.962908 0.0759352 0.0662844 0.0765634 0.0244036
0 0.125557 0.419828 0.0303738 0.0480815 0.0243944
0 0.658147 0.379244 0.0314537 0.081508 0.0243517
0 0.367653 0.415056 0.0155019 0.022349 0.0241416
0 0.537556 0.33788 0.0145701 0.0222788 0.0240228
0 0.281644 0.381582 0.134149 0.14994 0.0240122
0 0.834015 0.484626 0.0612965 0.0652121 0.023942
0 0.357643 0.380086 0.0454393 0.0784221 0.023922
0 0.317357 0.403404 0.0327056 0.052481 0.0238731
0 0.328533 0.443091 0.110911 0.155497 0.0238713
0 0.129967 0.292051 0.019414 0.0399119 0.02367
0 0.612399 0.334025 0.035196 0.0677108 0.0236365
0 0.694705 0.261924 0.0422379 0.051794 0.0235884
0 0.723683 0.348436 0.0333117 0.0704549 0.0235883
0 0.485502 0.389073 0.0101193 0.0158514 0.0233098
0 0.57171 0.318497 0.0313324 0.0493613 0.023241
0 0.146814 0.426526 0.0290695 0.042079 0.0232265
0 0.376429 0.413977 0.0287484 0.0386495 0.0228224
0 0.647602 0.35716 0.0295138 0.0717504 0.0228068
0 0.669987 0.346706 0.0479037 0.0680126 0.0227549
0 0.437819 0.22819 0.0516706 0.0653581 0.0227377
0 0.20199 0.395289 0.0207379 0.0326551 0.0225542
0 0.629142 0.365316 0.0299437 0.0692717 0.0225451
0 0.959373 0.066183 0.0505539 0.0453599 0.0224844
0 0.631851 0.337794 0.0305366 0.0605531 0.0223697
0 0.972739 0.344918 0.0609842 0.314176 0.0221625
0 0.939224 0.486631 0.0509546 0.0705876 0.0220569
0 0.710067 0.445321 0.0196691 0.0344126 0.0220568
0 0.10828 0.422947 0.0424744 0.0540482 0.0219766
0 0.853989 0.289132 0.0518332 0.0643726 0.0219611
0 0.0446252 0.467291 0.018672 0.0548229 0.0217405
0 0.918243 0.191656 0.149973 0.361773 0.0216317
0 0.53558 0.291653 0.0217281 0.0347814 0.0215912
0 0.862784 0.29691 0.0367739 0.0422267 0.021524
0 0.0928545 0.17381 0.0243123 0.0304662 0.0215049
0 0.641225 0.422005 0.0184589 0.0321732 0.0214909
0 0.654577 0.353673 0.0278152 0.0628301 0.0214639
0 0.0948625 0.282595 0.0229455 0.0426462 0.0213118
0 0.103964 0.432353 0.0437525 0.0509817 0.0211252
0 0.635017 0.423744 0.0204268 0.0300715 0.0210967
0 0.112798 0.447114 0.0831857 0.114293 0.0210485
0 0.348131 0.36359 0.0319009 0.0683382 0.0209264
0 0.975617 -0.00690705 0.0491446 0.0551786 0.0209216
0 0.327746 0.42488 0.0181408 0.0291875 0.0209084
0 0.487017 0.34367 0.0122293 0.0192702 0.0208403
0 0.335983 0.35751 0.030193 0.0600226 0.0208402
0 0.0263219 0.393916 0.0523001 0.233817 0.020694
0 0.87544 0.664808 0.0439251 0.0530206 0.0206755
0 0.807838 0.170921 0.187369 0.293882 0.0206611
0 0.0411468 0.48217 0.0197253 0.0549097 0.0205577
0 0.288084 0.418914 0.0219385 0.0322428 0.0205493
0 0.6242 0.342895 0.0370966 0.0657536 0.020541
0 0.447077 0.354887 0.0202423 0.0317016 0.0205362
0 0.972334 0.449734 0.0547977 0.0936508 0.020524
0 0.700559 0.259977 0.0308743 0.0396943 0.0204388
0 0.335054 0.42222 0.0201283 0.030944 0.0204266
0 0.0845111 0.420676 0.0273163 0.058936 0.0203539
0 0.696266 0.271807 0.0359156 0.0436014 0.0203098
0 0.169552 0.250173 0.0313502 0.041469 0.0203073
0 0.391242 0.319114 0.02571 0.0406463 0.0202957
0 0.851616 0.661521 0.0360214 0.047181 0.0202306
0 0.554115 0.327441 0.0272413 0.0412363 0.0201921
0 0.222591 0.459155 0.0430256 0.0646946 0.0201347
0 0.757201 0.37252 0.100224 0.171755 0.0200421
0 0.976423 0.202511 0.0466982 0.195086 0.0200126
0 0.542322 0.295904 0.023351 0.0455783 0.0199534
0 0.408396 0.319305 0.0221124 0.0351469 0.019889
0 0.210258 0.372071 0.0633671 0.106804 0.0198803
0 0.332208 0.329044 0.0307222 0.0436187 0.0198368
0 0.320572 0.323032 0.0292198 0.0417199 0.0198109
0 0.987788 0.403088 0.0230858 0.13198 0.019705
0 0.350226 0.211498 0.0449679 0.057248 0.0196622
0 0.498465 0.346835 0.0129744 0.0192947 0.0196462
0 0.512625 0.349876 0.0121888 0.0183917 0.0196164
0 0.129268 0.228203 0.05347 0.0577657 0.0195843
0 0.67623 0.422327 0.0397998 0.0420492 0.0195705
0 0.030647 0.866222 0.0542236 0.132456 0.0195698
0 0.983121 0.219235 0.0347832 0.165482 0.0195682
0 0.196867 0.37188 0.024755 0.0417275 0.0194725
0 0.156037 0.440299 0.0245413 0.0369368 0.0194385
0 0.963802 0.474857 0.0636831 0.0869102 0.0194372
0 0.223162 0.374719 0.0384382 0.0485626 0.0194168
0 0.136874 0.376612 0.103601 0.147622 0.0194095
0 0.277683 0.408392 0.0182196 0.0357831 0.0193405
0 0.946712 0.153029 0.104294 0.270722 0.019284
0 0.0670149 0.221339 0.0532082 0.0803974 0.0192648
0 0.190554 0.444604 0.0230793 0.0397217 0.0191223
0 0.71773 0.454424 0.0361252 0.0580111 0.0190591
0 0.461695 0.341072 0.0146874 0.0239789 0.0190369
0 0.476447 0.344491 0.0133958 0.0210103 0.0190347
0 0.951275 0.478734 0.0624777 0.0993567 0.019031
