0 0.395415 0.547207 0.0736229 0.107505 0.905385
0 0.498433 0.51419 0.0191393 0.0252547 0.811018
0 0.5625 0.490278 0 0.0598768 0.384545
0 0.521871 0.518644 0.0184935 0.0297544 0.363459
0 0.530081 0.519676 0.0345949 0.0402261 0.341481
0 0.5625 0.494417 0 0.045065 0.307834
0 0.5625 0.488194 0 0.0684909 0.281418
0 0.5625 0.486217 0 0.0642988 0.269156
0 0.5625 0.4832 0 0.0765774 0.237362
0 0.5625 0.498775 0 0.0384579 0.22483
0 0.519446 0.516734 0.0132724 0.0212334 0.190807
0 0.5625 0.509209 0 0.0677626 0.188851
0 0.5625 0.520126 0 0.0351373 0.174032
0 0.5625 0.491705 0 0.0498472 0.170914
0 0.497713 0.51504 0.0150487 0.018492 0.165387
0 0.541506 0.516577 0.0163598 0.034746 0.160695
0 0.5625 0.520637 0 0.0485801 0.159054
0 0.5625 0.518866 0 0.0533676 0.151572
0 0.5258 0.519413 0.0226351 0.0368392 0.1496
0 0.535667 0.51418 0.0294904 0.043627 0.147942
0 0.5625 0.517854 0 0.0532292 0.146671
0 0.5625 0.519482 0 0.050144 0.145293
0 0.5625 0.504256 0 0.0649122 0.143517
0 0.5625 0.462496 0 0.120325 0.142994
0 0.061039 0.64043 0.121396 0.224905 0.133558
0 0.5625 0.491738 0 0.0946487 0.128321
0 0.5625 0.505792 0 0.0649517 0.126656
0 0.5625 0.490342 0 0.0497982 0.125278
0 0.5625 0.500646 0 0.0380989 0.124613
0 0.5625 0.512401 0 0.0594246 0.124148
0 0.545912 0.517072 0.0217632 0.0378315 0.123432
0 0.5625 0.493224 0 0.0863198 0.122977
0 0.5625 0.520291 0 0.0397359 0.120792
0 0.5625 0.521466 0 0.0392927 0.118793
0 0.5625 0.500938 0 0.08311 0.117657
0 0.5625 0.48784 0 0.122579 0.117337
0 0.5625 0.496771 0 0.0422652 0.113958
0 0.5625 0.482249 0 0.127348 0.110395
0 0.246924 0.57058 0.11396 0.149806 0.108168
0 0.22611 0.574442 0.0691849 0.139075 0.105911
0 0.5625 0.497974 0 0.0721319 0.1056
0 0.540584 0.516749 0.0128176 0.0249527 0.105367
0 0.514437 0.517782 0.0135494 0.0214924 0.104312
0 0.533108 0.516577 0.0150874 0.0266417 0.103308
0 0.5625 0.515892 0 0.0531209 0.100848
0 0.5625 0.500123 0 0.0296839 0.1008
0 0.5625 0.498453 0 0.0315086 0.0957433
0 0.5625 0.492087 0 0.0904381 0.0952542
0 0.5625 0.496824 0 0.0278575 0.095168
0 0.5625 0.501479 0 0.0270388 0.0914234
0 0.591214 0.52001 0.0303914 0.0386955 0.0908869
0 0.51358 0.51332 0.0140104 0.0197902 0.0906291
0 0.55507 0.517094 0.0381064 0.0464432 0.0905323
0 0.760881 0.483537 0.0563112 0.109681 0.0904705
0 0.988752 0.503822 0.0189615 0.0357673 0.089805
0 0.982217 0.463364 0.0364582 0.113963 0.0883746
0 0.795098 0.525494 0.0334781 0.0503264 0.0878925
0 0.817828 0.508416 0.0783304 0.07229 0.0874583
0 0.395569 0.508569 0.0509558 0.0343277 0.0850925
0 0.782536 0.481412 0.0337639 0.0518959 0.0846661
0 0.523592 0.526941 0.0179044 0.0309697 0.0828373
0 0.654825 0.489053 0.0700544 0.106606 0.0810332
0 0.0971838 0.625738 0.195577 0.203079 0.0807599
0 0.930996 0.504915 0.0258553 0.0255424 0.0782363
0 0.792928 0.493343 0.064649 0.0836227 0.0777546
0 0.629565 0.524365 0.0155321 0.0318824 0.07557
0 0.537486 0.51781 0.0140611 0.0256475 0.074747
0 0.818557 0.48588 0.0933041 0.0885284 0.0742221
0 0.0610491 0.586509 0.118542 0.17856 0.074182
0 0.313059 0.531691 0.0279077 0.0303918 0.0713012
0 0.312157 0.537137 0.0342309 0.0355069 0.0707489
0 0.268952 0.570322 0.0658691 0.0658741 0.0705943
0 0.0742479 0.565648 0.070695 0.0798564 0.0703029
0 0.970882 0.501835 0.0235252 0.0305395 0.0693198
0 0.591841 0.494692 0.0277859 0.0350622 0.0688262
0 0.947527 0.435158 0.106399 0.143999 0.0685464
0 0.0574082 0.534905 0.111943 0.167206 0.0678132
0 0.106408 0.53443 0.13677 0.13214 0.0676094
0 0.631325 0.493723 0.0338324 0.0872944 0.0670645
0 0.814651 0.528742 0.076269 0.0875862 0.0663321
0 0.814655 0.479386 0.0788218 0.0624757 0.0647247
0 0.283709 0.565097 0.0434575 0.0512534 0.0646064
0 0.79806 0.482985 0.0485298 0.055323 0.0640731
0 0.858561 0.506995 0.0474773 0.0508675 0.0636545
0 0.865882 0.496724 0.0286804 0.0366826 0.062974
0 0.94719 0.494035 0.11144 0.125869 0.0627782
0 0.218569 0.58947 0.0569591 0.105226 0.062079
0 0.975066 0.497842 0.0192793 0.0282077 0.0619987
0 0.628536 0.503768 0.0251684 0.0464883 0.0617847
0 0.900824 0.489798 0.0526613 0.061079 0.060842
0 0.834518 0.510855 0.04596 0.0444519 0.0599693
0 0.898654 0.403178 0.0787169 0.0685289 0.0598191
0 0.683232 0.520243 0.0192381 0.0328777 0.0594255
0 0.785923 0.485467 0.023929 0.0434835 0.0593611
0 0.392618 0.501452 0.0455868 0.0266106 0.0592005
0 0.702198 0.470121 0.0692967 0.0996156 0.0589686
0 0.205675 0.562449 0.0923735 0.108057 0.0585637
0 0.170515 0.561188 0.038501 0.0378137 0.0584368
0 0.658911 0.520088 0.0198363 0.0374078 0.0584348
0 0.160409 0.561074 0.058255 0.0459079 0.0584137
0 0.920191 0.505657 0.0236357 0.0237893 0.0581266
0 0.621678 0.512814 0.0302591 0.0495065 0.0575854
0 0.505824 0.512925 0.0161997 0.022833 0.0567394
0 0.886137 0.495062 0.0411713 0.049442 0.0565708
0 0.142578 0.562562 0.0631667 0.0512238 0.0565112
0 0.600943 0.517835 0.0176066 0.0233201 0.0562654
0 0.926791 0.4377 0.0701624 0.0938777 0.0560536
0 0.0686121 0.549197 0.0821986 0.115617 0.0557997
0 0.780769 0.524776 0.0598663 0.0727443 0.0544054
0 0.826784 0.53913 0.0661293 0.0853484 0.0542594
0 0.0588124 0.479466 0.116241 0.25587 0.0536102
0 0.188304 0.549437 0.138031 0.130548 0.0529639
0 0.541901 0.497587 0.0265007 0.0471351 0.0524613
0 0.89672 0.393928 0.0911777 0.105498 0.0524512
0 0.591988 0.518113 0.0235105 0.0297212 0.0519885
0 0.174769 0.563413 0.0279235 0.0310823 0.0519633
0 0.724249 0.530078 0.0152225 0.026287 0.0513449
0 0.919829 0.442489 0.123565 0.155695 0.0513169
0 0.670943 0.520204 0.0308839 0.0390943 0.0511406
0 0.468814 0.519729 0.0263338 0.0338456 0.0502876
0 0.834417 0.480649 0.132157 0.116923 0.0494793
0 0.652923 0.520576 0.0170561 0.0306652 0.0494383
0 0.847787 0.408021 0.200312 0.186061 0.0491613
0 0.598638 0.505005 0.0399224 0.0515444 0.048975
0 0.102737 0.477065 0.142382 0.250871 0.0487523
0 0.922706 0.497412 0.0196857 0.0241064 0.0483335
0 0.937695 0.401168 0.125149 0.217073 0.0481344
0 0.922891 0.475739 0.0473703 0.0858418 0.0476752
0 0.578123 0.518495 0.0345192 0.0453089 0.047557
0 0.10036 0.559852 0.145365 0.0875235 0.0475373
0 0.0667654 0.694564 0.131656 0.252713 0.0470724
0 0.13823 0.545089 0.0723825 0.0838864 0.0463579
0 0.898541 0.477883 0.123718 0.127147 0.0463053
0 0.586448 0.516789 0.0222672 0.0304817 0.0455567
0 0.833317 0.524016 0.0498907 0.0624336 0.0446202
0 0.934737 0.406312 0.108705 0.126061 0.0441673
0 0.912313 0.401815 0.0711569 0.0961701 0.0439013
0 0.720176 0.51875 0.0222637 0.038417 0.0435251
0 0.620609 0.505077 0.0412425 0.0662988 0.0432553
0 0.834162 0.556225 0.0586641 0.0893674 0.0431241
0 0.74793 0.465095 0.0792374 0.119574 0.0429013
0 0.605917 0.518812 0.0203486 0.0291632 0.042776
0 0.855664 0.474903 0.0466009 0.049221 0.0426059
0 0.769758 0.51891 0.043826 0.0655163 0.0420912
0 0.591888 0.501044 0.0223495 0.0291259 0.0419418
0 0.155528 0.548404 0.072063 0.0754574 0.0417392
0 0.0172935 0.697863 0.0351774 0.223597 0.0415535
0 0.311333 0.254571 0.0735311 0.0872431 0.0415288
0 0.637758 0.487175 0.0506962 0.103521 0.0412601
0 0.868438 0.477874 0.0344322 0.0460509 0.0408257
0 0.00960905 0.704256 0.0190106 0.194751 0.0404803
0 0.10883 0.568903 0.191827 0.251456 0.0402027
0 0.296518 0.561291 0.0471242 0.0660519 0.0401909
0 0.881123 0.477557 0.047825 0.0569659 0.0401643
0 0.192661 0.556949 0.0682339 0.0585828 0.040138
0 0.256476 0.532509 0.154185 0.254878 0.0398933
0 0.580609 0.514178 0.0145431 0.022908 0.0396567
0 0.781727 0.531882 0.0405876 0.0534491 0.0394507
0 0.200727 0.584932 0.0813159 0.0986699 0.0392092
0 0.309888 0.557899 0.0539036 0.0758235 0.0391297
0 0.594355 0.506396 0.0258824 0.038116 0.0390412
0 0.0652377 0.653018 0.113992 0.143751 0.0390358
0 0.628033 0.530176 0.017793 0.0334883 0.0390055
0 0.244771 0.566135 0.0515354 0.0872774 0.0387318
0 0.475668 0.517815 0.0170734 0.0217199 0.038709
0 0.463976 0.520671 0.0176842 0.0232012 0.0386217
0 0.655962 0.526554 0.0179118 0.0312675 0.0383965
0 0.032335 0.665952 0.057331 0.240113 0.0381284
0 0.907 0.412114 0.125979 0.147297 0.0380995
0 0.142271 0.627002 0.10723 0.138749 0.038058
0 0.561824 0.518395 0.0133348 0.0226028 0.0379246
0 0.149682 0.529868 0.0850904 0.106254 0.0373855
0 0.389804 0.502713 0.0307482 0.0217957 0.0372335
0 0.155226 0.520418 0.189962 0.177612 0.0371523
0 0.543379 0.526951 0.0158811 0.0281147 0.0371132
0 0.985389 0.437405 0.0296783 0.113996 0.0369036
0 0.11871 0.615525 0.154487 0.154839 0.0363724
0 0.0304924 0.561165 0.0569094 0.101803 0.0363606
0 0.845361 0.459302 0.177226 0.160051 0.0363335
0 0.899888 0.623278 0.203656 0.379177 0.0357121
0 0.896754 0.450937 0.0940123 0.144112 0.0356727
0 0.64092 0.525925 0.0174348 0.0307056 0.035319
0 0.727415 0.52114 0.0211868 0.035606 0.035211
0 0.832704 0.44856 0.0535843 0.0451247 0.0350172
0 0.441482 0.527527 0.0279197 0.0391672 0.0347546
0 0.233841 0.543917 0.0598771 0.0919037 0.0346205
0 0.488437 0.514696 0.0219935 0.0297874 0.0344561
0 0.351146 0.414515 0.0158633 0.041841 0.0339218
0 0.17186 0.549898 0.0480475 0.0636026 0.0336607
0 0.505898 0.503805 0.022051 0.0399387 0.0335804
0 0.490961 0.501178 0.0220695 0.0390893 0.0331909
0 0.0218065 0.57993 0.042903 0.0755994 0.0330168
0 0.67144 0.526723 0.0212565 0.0322053 0.0324398
0 0.542272 0.534615 0.0212011 0.0386631 0.0323779
0 0.767069 0.466958 0.0492383 0.0747526 0.032075
0 0.903008 0.679589 0.188765 0.204257 0.0319133
0 0.684309 0.528551 0.023536 0.0347851 0.0316014
0 0.142303 0.392347 0.0215345 0.0380292 0.0315705
0 0.295462 0.214201 0.0255742 0.033893 0.0315528
0 0.0248663 0.542043 0.0468709 0.0999654 0.0314169
0 0.890677 0.352561 0.0696804 0.051754 0.0313261
0 0.265802 0.54703 0.0773711 0.0825542 0.0313122
0 0.364426 0.525829 0.0192404 0.0335093 0.0305491
0 0.0854728 0.655223 0.0813569 0.116269 0.03021
0 0.986722 0.398549 0.0260021 0.116264 0.0298732
0 0.576446 0.516986 0.0146142 0.026008 0.0297719
0 0.0516652 0.578062 0.0918669 0.0858662 0.0296554
0 0.68158 0.535488 0.0193126 0.0349021 0.029558
0 0.0416635 0.52823 0.0697436 0.170872 0.0294806
0 0.298426 0.540339 0.0391834 0.036337 0.0294403
0 0.878075 0.529468 0.154821 0.199219 0.0293748
0 0.07134 0.526014 0.0669084 0.143264 0.0293344
0 0.884554 0.165042 0.0367308 0.0537509 0.0292448
0 0.285384 0.543624 0.0361387 0.0351604 0.0291787
0 0.369232 0.534371 0.0329909 0.0597695 0.0291648
0 0.811507 0.542508 0.0599161 0.0826326 0.0291536
0 0.0700609 0.450668 0.138569 0.39265 0.0289707
0 0.591536 0.487136 0.0215594 0.0398799 0.0289238
0 0.974017 0.409565 0.0518213 0.151541 0.0288055
0 0.285392 0.585392 0.110298 0.136508 0.0286982
0 0.327471 0.535043 0.0498976 0.0486534 0.0286717
0 0.61778 0.482191 0.0459472 0.0984943 0.0284791
0 0.887484 0.389947 0.156693 0.163322 0.0284304
0 0.151517 0.603225 0.100628 0.112844 0.0283231
0 0.481894 0.508777 0.0326125 0.0436623 0.0282807
0 0.51624 0.494324 0.0126372 0.0192656 0.0281613
0 0.518029 0.498135 0.0127751 0.0192179 0.0281229
0 0.476236 0.320114 0.0416697 0.0432993 0.0280952
0 0.850562 0.453479 0.0621559 0.0564105 0.0280865
0 0.712259 0.524641 0.0200059 0.0299139 0.0280163
0 0.952786 0.523845 0.0382547 0.0487567 0.0278241
0 0.746367 0.519803 0.0698977 0.0671449 0.0278034
0 0.311322 0.511689 0.0294965 0.0603742 0.0275654
0 0.108309 0.670123 0.167065 0.171282 0.0274916
0 0.235346 0.272092 0.283847 0.467643 0.0274662
0 0.213144 0.530905 0.138924 0.211445 0.027433
0 0.516716 0.443719 0.0299676 0.0422661 0.0273138
0 0.84777 0.512874 0.0571583 0.056352 0.0272516
0 0.132339 0.519693 0.0740906 0.113134 0.0272128
0 0.907281 0.371456 0.0679209 0.0720818 0.0272022
0 0.427505 0.538387 0.0222687 0.0451084 0.0270681
0 0.793502 0.401218 0.282692 0.240165 0.0269225
0 0.246148 0.537398 0.0495654 0.0724057 0.0268494
0 0.431057 0.531695 0.0187303 0.0334641 0.0265943
0 0.673187 0.450538 0.0667457 0.0666545 0.0265186
0 0.512091 0.514732 0.009554 0.0175009 0.0264882
0 0.858117 0.413492 0.0712341 0.0572133 0.0262661
0 0.984591 0.280029 0.0277561 0.0823829 0.0262052
0 0.708526 0.518474 0.0454252 0.0600957 0.0261744
0 0.215441 0.539359 0.0961125 0.100572 0.0260703
0 0.333228 0.557344 0.0324884 0.0434597 0.0259258
0 0.899018 0.628709 0.182828 0.189313 0.0258449
0 0.478014 0.45933 0.039243 0.0507995 0.0255649
0 0.169692 0.531224 0.070592 0.0985546 0.0254251
0 0.926348 0.36579 0.037631 0.0488981 0.025403
0 0.868249 0.462257 0.0713652 0.0872498 0.0253347
0 0.875224 0.391146 0.110059 0.0935057 0.024934
0 0.949882 0.388313 0.087759 0.103704 0.0247778
0 0.104853 0.797286 0.201428 0.360377 0.0247677
0 0.0810572 0.820872 0.146398 0.239033 0.0246846
0 0.841135 0.427186 0.0402342 0.0372372 0.0246472
0 0.349184 0.5471 0.0200897 0.0289629 0.0245468
0 0.452757 0.525338 0.0179283 0.025046 0.0245251
0 0.804559 0.556534 0.0355104 0.0592551 0.0244944
0 0.386242 0.512606 0.0318567 0.0331044 0.02435
0 0.0792056 0.75579 0.150918 0.240245 0.0242166
0 0.505747 0.451987 0.0249308 0.032573 0.0241866
0 0.126072 0.5744 0.093612 0.0585731 0.0240931
0 0.420923 0.549448 0.0227963 0.0579102 0.0240566
0 0.494404 0.373001 0.0231135 0.0350553 0.0240047
0 0.874341 0.34981 0.0965426 0.0617273 0.0239371
0 0.754002 0.402672 0.0539358 0.0428931 0.0237916
0 0.0433951 0.441649 0.0877524 0.387419 0.0234228
0 0.689737 0.408453 0.0479957 0.0436029 0.0234128
0 0.180133 0.575504 0.0301282 0.0432532 0.0234127
0 0.86157 0.738826 0.0936373 0.106703 0.0233898
0 0.988408 0.373288 0.0229095 0.0965394 0.0233668
0 0.412501 0.516234 0.0247372 0.0286519 0.0232776
0 0.46832 0.526857 0.0194046 0.0255744 0.0232722
0 0.0153844 0.556102 0.0296485 0.0874317 0.0232602
0 0.396101 0.504351 0.026483 0.0225939 0.0231934
0 0.9569 0.591918 0.0825413 0.107577 0.0231837
0 0.510087 0.448332 0.035403 0.0513986 0.0231318
0 0.893332 0.348702 0.0462805 0.0469929 0.0231192
0 0.444827 0.513344 0.0241154 0.0400341 0.0227352
0 0.535351 0.499115 0.0156333 0.0238636 0.0227056
0 0.478384 0.511047 0.0197522 0.0362556 0.0226912
0 0.362344 0.331929 0.0375781 0.0609489 0.0225129
0 0.29965 0.47661 0.142186 0.243801 0.0224331
0 0.774333 0.552873 0.0433271 0.0695235 0.022384
0 0.979091 0.537726 0.0259268 0.065859 0.0223787
0 0.862667 0.550714 0.083074 0.119506 0.0223499
0 0.0660832 0.494596 0.075086 0.154267 0.0222178
0 0.500953 0.447791 0.0161009 0.0213 0.0221821
0 0.580225 0.531649 0.0159166 0.0268774 0.0221466
0 0.110415 0.518583 0.097996 0.119359 0.0220793
0 0.337327 0.237503 0.124311 0.153072 0.021873
0 0.362781 0.552345 0.013547 0.0371964 0.0215802
0 0.341756 0.410962 0.0341758 0.0594799 0.0214995
0 0.708302 0.410015 0.0494974 0.0497197 0.0214939
