0 0.432627 0.542539 0.0582888 0.0756053 0.882737
0 0.142484 0.61555 0.230139 0.191427 0.822049
0 0.466957 0.533952 0.0261508 0.059822 0.786846
0 0.487969 0.532096 0.0248299 0.043938 0.782096
0 0.5625 0.520367 0 0.0240614 0.741677
0 0.5625 0.532109 0 0.0773998 0.709388
0 0.5625 0.528834 0 0.0438529 0.705755
0 0.5625 0.524285 0 0.0300374 0.684617
0 0.556639 0.518608 0.0117217 0.0315827 0.634386
0 0.5625 0.517994 0 0.0219137 0.572288
0 0.52073 0.522151 0.0292986 0.0311498 0.562821
0 0.53122 0.520527 0.0184325 0.0262197 0.543844
0 0.5625 0.628469 0 0.318226 0.53932
0 0.54333 0.51684 0.0163934 0.0250398 0.475298
0 0.5625 0.514471 0 0.0190641 0.423641
0 0.5625 0.526445 0 0.0513895 0.353667
0 0.5625 0.631142 0 0.204457 0.338585
0 0.5625 0.517486 0 0.0194873 0.33314
0 0.5625 0.706399 0 0.22605 0.32712
0 0.5625 0.529047 0 0.037458 0.317023
0 0.5625 0.524419 0 0.0262717 0.300541
0 0.5625 0.523034 0 0.0283922 0.293176
0 0.515767 0.52415 0.0213746 0.0282424 0.291085
0 0.5625 0.527706 0 0.032624 0.289615
0 0.495121 0.530905 0.0151063 0.0364832 0.289019
0 0.5625 0.526751 0 0.0615378 0.288223
0 0.5625 0.533365 0 0.0482589 0.286334
0 0.5625 0.514472 0 0.0180611 0.284401
0 0.5625 0.513471 0 0.0205594 0.275403
0 0.481367 0.535225 0.0185252 0.042674 0.272501
0 0.5625 0.527741 0 0.0523938 0.271662
0 0.5625 0.571985 0 0.210738 0.26684
0 0.540815 0.519616 0.0135362 0.0229084 0.264399
0 0.536199 0.51926 0.0143097 0.0228818 0.263579
0 0.5625 0.679529 0 0.322719 0.262769
0 0.5625 0.515061 0 0.0157307 0.250045
0 0.5625 0.55636 0 0.0904105 0.234604
0 0.5625 0.541716 0 0.0544516 0.232819
0 0.5625 0.669237 0 0.293362 0.232327
0 0.5625 0.632631 0 0.22976 0.223744
0 0.5625 0.537194 0 0.142929 0.219226
0 0.5625 0.673413 0 0.322358 0.218227
0 0.5625 0.544233 0 0.0849284 0.212925
0 0.558154 0.516066 0.00869126 0.0226642 0.210889
0 0.547628 0.51714 0.0169908 0.0263678 0.20588
0 0.5625 0.511729 0 0.0165009 0.193951
0 0.488629 0.533436 0.0155823 0.0399277 0.190554
0 0.0591017 0.553283 0.0637785 0.059446 0.189971
0 0.468869 0.536602 0.0188725 0.0469702 0.188134
0 0.520339 0.52097 0.0181994 0.026803 0.186752
0 0.457075 0.539946 0.0235312 0.063174 0.178758
0 0.641862 0.534963 0.0138994 0.026449 0.178747
0 0.0340203 0.643835 0.0676503 0.208018 0.176617
0 0.501712 0.52798 0.0153781 0.0276093 0.171519
0 0.656571 0.53564 0.0224341 0.044608 0.162635
0 0.692082 0.544675 0.0366203 0.0572298 0.155513
0 0.558055 0.51321 0.0129616 0.0208216 0.153508
0 0.764747 0.516292 0.0466935 0.072598 0.147633
0 0.98957 0.741419 0.0213882 0.199082 0.143126
0 0.943776 0.551473 0.0227999 0.0459706 0.142717
0 0.0191955 0.657964 0.038204 0.212939 0.142188
0 0.880293 0.682007 0.241729 0.389116 0.141836
0 0.739733 0.521138 0.0417973 0.0541366 0.128263
0 0.032897 0.552192 0.0660006 0.0705631 0.127123
0 0.734869 0.562686 0.0761433 0.133184 0.126658
0 0.884709 0.602304 0.221823 0.299847 0.119385
0 0.0479438 0.551686 0.091241 0.081955 0.115911
0 0.969844 0.533898 0.0626732 0.0609494 0.1119
0 0.767438 0.506614 0.0377641 0.0553394 0.104074
0 0.0182614 0.553741 0.0364177 0.0735925 0.103778
0 0.457904 0.541875 0.0166435 0.0508046 0.102995
0 0.962059 0.530137 0.0682346 0.0817066 0.101266
0 0.856547 0.506689 0.143586 0.0816389 0.0997473
0 0.0661837 0.544816 0.0779486 0.0824606 0.0997349
0 0.738232 0.533563 0.0698326 0.0855704 0.0995266
0 0.0398473 0.584015 0.0755707 0.114988 0.0987355
0 0.983116 0.566049 0.0321075 0.10378 0.0963675
0 0.649085 0.549217 0.0192662 0.0461453 0.0950398
0 0.639211 0.523498 0.0180158 0.039939 0.0930542
0 0.848876 0.780712 0.296233 0.460268 0.0923873
0 0.762258 0.526182 0.0610456 0.09729 0.0917484
0 0.985964 0.6492 0.0290808 0.210535 0.0915493
0 0.403533 0.53301 0.028205 0.0613387 0.0909085
0 0.65966 0.54084 0.0193791 0.0370199 0.089393
0 0.00933686 0.677413 0.0198592 0.169866 0.0892419
0 0.737215 0.519336 0.0305644 0.0404601 0.0890858
0 0.850597 0.687112 0.243792 0.264998 0.0878262
0 0.959478 0.622661 0.0795788 0.233467 0.0871471
0 0.988917 0.803883 0.0222124 0.302835 0.0816833
0 0.770601 0.539505 0.0935232 0.123631 0.081622
0 0.561501 0.523688 0.0136499 0.0231601 0.0801004
0 0.0134479 0.613027 0.0268595 0.198061 0.0793337
0 0.964805 0.579374 0.0608479 0.107056 0.0781333
0 0.795577 0.672976 0.211162 0.227938 0.0780023
0 0.940509 0.641008 0.122025 0.200951 0.0777794
0 0.738696 0.515293 0.0252195 0.0280429 0.0774927
0 0.0773732 0.631438 0.147242 0.183756 0.0772131
0 0.968977 0.528143 0.0660404 0.158397 0.0768157
0 0.91116 0.728953 0.190667 0.3287 0.0767464
0 0.0219453 0.615947 0.0438887 0.210538 0.0767146
0 0.658269 0.530049 0.0168923 0.0338534 0.0751875
0 0.0169729 0.711697 0.0340425 0.260956 0.0743882
0 0.51086 0.536262 0.0153276 0.0259278 0.0725829
0 0.965821 0.720857 0.0669674 0.236827 0.0707737
0 0.0141108 0.700281 0.0283086 0.169716 0.0699322
0 0.654226 0.519082 0.0208762 0.0381627 0.0685652
0 0.94578 0.534642 0.039543 0.0769977 0.0666199
0 0.0245189 0.544813 0.0487513 0.0928067 0.0653975
0 0.855075 0.488209 0.137373 0.0468376 0.0643189
0 0.918484 0.654329 0.13231 0.151973 0.0630052
0 0.744923 0.686298 0.090583 0.154778 0.0628324
0 0.653473 0.540061 0.0157717 0.0351393 0.0627052
0 0.0767247 0.551259 0.103733 0.10424 0.0609368
0 0.707301 0.527712 0.0763722 0.0861393 0.0603478
0 0.505114 0.525222 0.01385 0.0253259 0.0601563
0 0.77117 0.686349 0.126449 0.160884 0.0594384
0 0.0474302 0.621682 0.0864709 0.179773 0.0590109
0 0.60632 0.508647 0.0158983 0.0257767 0.0570578
0 0.672262 0.543447 0.0335314 0.0618992 0.0567111
0 0.00797895 0.732191 0.0166765 0.233193 0.0558985
0 0.0550613 0.525188 0.0923958 0.124347 0.0555879
0 0.891687 0.609374 0.10147 0.157587 0.0547251
0 0.0761892 0.586517 0.105362 0.121869 0.053773
0 0.979738 0.728353 0.0395821 0.279635 0.0537667
0 0.416017 0.538272 0.0395971 0.0648806 0.0534529
0 0.691508 0.548829 0.0231782 0.044355 0.0534445
0 0.0405355 0.50867 0.0814915 0.222114 0.0534421
0 0.392049 0.541147 0.0254609 0.0502594 0.0526582
0 0.878638 0.548808 0.108274 0.125681 0.0515057
0 0.4622 0.539737 0.0162577 0.047834 0.0514683
0 0.990827 0.519285 0.0183558 0.0868347 0.0509645
0 0.494294 0.52343 0.014585 0.0278082 0.0509552
0 0.453947 0.521353 0.0144183 0.0275241 0.0508304
0 0.770503 0.562953 0.118715 0.152999 0.0507014
0 0.446651 0.527727 0.0355792 0.0662519 0.050469
0 0.940679 0.583992 0.0774036 0.137335 0.0502547
0 0.956806 0.542918 0.0386824 0.0568106 0.0493612
0 0.0434168 0.661298 0.0722502 0.131507 0.0482739
0 0.992209 0.81923 0.0145645 0.212047 0.0476021
0 0.857964 0.625133 0.110797 0.160352 0.0474334
0 0.608847 0.498295 0.0184102 0.0310404 0.0471836
0 0.578827 0.49985 0.0124034 0.0173774 0.045747
0 0.934379 0.691378 0.116622 0.183569 0.0456802
0 0.97113 0.782731 0.0573849 0.243257 0.0455607
0 0.881761 0.575715 0.100801 0.109206 0.0447033
0 0.0479121 0.732852 0.0904025 0.256717 0.0440691
0 0.0236078 0.519441 0.0462575 0.167525 0.0440419
0 0.0759969 0.520097 0.0910156 0.127343 0.0435211
0 0.600783 0.517104 0.0101141 0.0161015 0.0434575
0 0.378026 0.433147 0.0210472 0.0231922 0.0432587
0 0.915393 0.556344 0.0938053 0.104255 0.0427281
0 0.909516 0.588843 0.117009 0.164014 0.0421511
0 0.884024 0.518254 0.113081 0.100406 0.0415749
0 0.950064 0.524335 0.0522978 0.0757446 0.0413824
0 0.684984 0.593177 0.0345764 0.0902966 0.0404264
0 0.0942281 0.521905 0.144292 0.146325 0.0403843
0 0.806155 0.509118 0.130277 0.0842717 0.0402741
0 0.087079 0.651357 0.112867 0.130028 0.0399877
0 0.544493 0.510964 0.0120075 0.0206604 0.0398806
0 0.83315 0.734077 0.182569 0.187351 0.0397051
0 0.829332 0.502392 0.118571 0.0754948 0.0389691
0 0.102095 0.550856 0.150078 0.116449 0.0388737
0 0.912191 0.540629 0.16684 0.257519 0.0380587
0 0.78395 0.500743 0.062878 0.05888 0.0377216
0 0.378335 0.545175 0.0401942 0.0706357 0.0371655
0 0.936791 0.538538 0.0387989 0.0762959 0.0369808
0 0.899066 0.533036 0.0921371 0.104106 0.0367673
0 0.729396 0.666972 0.099583 0.227081 0.0367111
0 0.720773 0.570811 0.0571429 0.120574 0.0358771
0 0.837704 0.482084 0.0954863 0.0335403 0.0357648
0 0.0918049 0.477611 0.150904 0.219568 0.0352832
0 0.374963 0.4292 0.0225928 0.0275854 0.0352492
0 0.289733 0.615032 0.083732 0.0908301 0.0351862
0 0.964622 0.802953 0.0661272 0.168493 0.0348533
0 0.387996 0.369439 0.0207879 0.0592431 0.0345344
0 0.553723 0.498802 0.0116072 0.0163027 0.0345081
0 0.897169 0.509076 0.087464 0.0674322 0.0340377
0 0.98894 0.488707 0.0218029 0.12514 0.0338949
0 0.799162 0.544808 0.12489 0.128241 0.0337646
0 0.935292 0.531859 0.0552267 0.0950984 0.0334089
0 0.954406 0.769966 0.094676 0.180872 0.0332781
0 0.482703 0.525484 0.0177209 0.0340098 0.0330634
0 0.976202 0.493037 0.0504168 0.127213 0.0327001
0 0.386469 0.545259 0.0267954 0.0419135 0.0326937
0 0.830765 0.600931 0.148194 0.146404 0.0326766
0 0.59661 0.499888 0.0118186 0.0167891 0.0325282
0 0.898103 0.691307 0.122238 0.187311 0.0321897
0 0.876948 0.649739 0.0794474 0.119854 0.032158
0 0.97133 0.895576 0.0666979 0.179309 0.0319329
0 0.0566713 0.5731 0.0751859 0.0990629 0.0318651
0 0.699523 0.55065 0.0235701 0.0509925 0.0315309
0 0.536163 0.473024 0.0358877 0.0631132 0.0313523
0 0.0300475 0.694489 0.060179 0.141459 0.031325
0 0.625043 0.508484 0.0153145 0.02171 0.031296
0 0.0686956 0.702492 0.129026 0.242747 0.0308817
0 0.383015 0.435606 0.0172849 0.0246657 0.0307037
0 0.863423 0.663087 0.0936462 0.150554 0.0306151
0 0.865122 0.578262 0.139883 0.143192 0.0303653
0 0.592072 0.501147 0.0107301 0.0150837 0.0303589
0 0.828215 0.488663 0.0857255 0.0419211 0.0302051
0 0.388285 0.348853 0.0183634 0.0430447 0.0299493
0 0.090885 0.557742 0.089207 0.0697139 0.0298885
0 0.984227 0.476884 0.0321392 0.107388 0.0296348
0 0.823005 0.525557 0.149788 0.127458 0.0293844
0 0.606084 0.419334 0.0462261 0.102967 0.0292552
0 0.0512922 0.435454 0.100405 0.261203 0.0288553
0 0.218385 0.61327 0.0693363 0.116898 0.0286977
0 0.402203 0.522408 0.0438989 0.0834723 0.0285523
0 0.638272 0.414634 0.0402697 0.0470283 0.0282391
0 0.78588 0.59255 0.0969059 0.136059 0.0281205
0 0.0668907 0.371709 0.0432377 0.046062 0.0278813
0 0.600018 0.498791 0.0115137 0.0161023 0.0276892
0 0.744913 0.599686 0.113453 0.170429 0.0275642
0 0.943947 0.477362 0.0616089 0.112809 0.0273632
0 0.957833 0.491724 0.0815899 0.135909 0.0273455
0 0.883757 0.501162 0.0930851 0.0641814 0.0273217
0 0.626604 0.529725 0.011143 0.0196737 0.0270293
0 0.357112 0.509665 0.0285646 0.0297904 0.0270169
0 0.403594 0.549068 0.0153997 0.029862 0.0269601
0 0.893219 0.843113 0.193235 0.285854 0.0268669
0 0.80653 0.752792 0.114787 0.122643 0.026744
0 0.628926 0.415416 0.0396787 0.0542439 0.0266057
0 0.0313232 0.471018 0.0579688 0.159032 0.026564
0 0.420335 0.534612 0.024797 0.0445831 0.0264122
0 0.321139 0.601232 0.114207 0.156865 0.0262883
0 0.901596 0.739887 0.100726 0.169577 0.0262438
0 0.207649 0.658974 0.0739797 0.0928956 0.0262102
0 0.381876 0.425812 0.0165411 0.0258185 0.0260574
0 0.61815 0.498028 0.0127048 0.0167983 0.026019
0 0.414343 0.536377 0.0579873 0.0923031 0.0259445
0 0.440299 0.545859 0.0359858 0.0580778 0.0259393
0 0.806983 0.608611 0.0670794 0.113086 0.0256202
0 0.364435 0.509855 0.0399592 0.0383244 0.0255431
0 0.547168 0.496037 0.0108763 0.0161205 0.0253954
0 0.856231 0.447584 0.0317486 0.0267879 0.02527
0 0.921113 0.519711 0.0865667 0.0895457 0.0250572
0 0.702435 0.614736 0.039948 0.128801 0.0245709
0 0.696287 0.510625 0.0813414 0.109715 0.0245477
0 0.634882 0.532635 0.0120131 0.0255845 0.0244198
0 0.523538 0.527038 0.0127098 0.0202655 0.0242711
0 0.837974 0.846343 0.236625 0.281753 0.0242201
0 0.534532 0.525607 0.0123019 0.0197712 0.0241983
0 0.714743 0.513935 0.0526572 0.0714984 0.0238383
0 0.158241 0.401905 0.0216871 0.0303993 0.0235826
0 0.469733 0.524498 0.0160156 0.035806 0.0235735
0 0.0701415 0.662171 0.0926222 0.106135 0.0235652
0 0.8317 0.572771 0.129759 0.131089 0.0235592
0 0.471113 0.169924 0.0544415 0.0787575 0.0235274
0 0.445622 0.518149 0.0597309 0.0989236 0.0233681
0 0.357935 0.504928 0.0385024 0.0398768 0.0231786
0 0.941163 0.793742 0.0954628 0.132194 0.02301
0 0.789081 0.573981 0.187399 0.237381 0.0229423
0 0.188585 0.615661 0.133674 0.170663 0.0227842
0 0.40504 0.541801 0.014837 0.0356851 0.0227342
0 0.114701 0.561815 0.0937472 0.0702113 0.0226137
0 0.696844 0.571032 0.0239325 0.0547468 0.022585
0 0.633545 0.395281 0.0406146 0.0476418 0.022404
0 0.851503 0.371655 0.0314297 0.0337293 0.0223357
0 0.770746 0.734825 0.0512825 0.067885 0.0222356
0 0.313929 0.616582 0.0566472 0.0686412 0.0219857
0 0.60711 0.396496 0.0329238 0.0554445 0.0218247
0 0.635609 0.497282 0.0154452 0.0186801 0.0216383
0 0.69891 0.608582 0.0318112 0.0959979 0.0216193
0 0.38496 0.403644 0.0149643 0.0411962 0.0216045
0 0.225844 0.666812 0.050842 0.0768202 0.0215606
0 0.617248 0.527916 0.012176 0.0192969 0.0214769
0 0.205319 0.725052 0.0415632 0.061036 0.0212226
0 0.725349 0.51512 0.0435164 0.0462129 0.021009
0 0.385834 0.358564 0.0170474 0.0532396 0.020722
0 0.349289 0.578604 0.107725 0.140433 0.0206389
0 0.452358 0.465745 0.09679 0.213583 0.0205331
0 0.785886 0.647412 0.103195 0.214168 0.0204779
0 0.598958 0.396133 0.0388678 0.0685788 0.0202373
0 0.0990383 0.614103 0.108223 0.152631 0.0202332
0 0.936876 0.742223 0.0993446 0.200191 0.0202151
0 0.24424 0.622968 0.026459 0.0804585 0.0201915
0 0.561524 0.441368 0.0192057 0.0330634 0.0201294
0 0.158179 0.53844 0.102126 0.0682034 0.0200892
0 0.99315 0.865557 0.0142284 0.180571 0.0200596
0 0.553083 0.51606 0.0106724 0.0175391 0.0199589
0 0.429104 0.525155 0.0589129 0.0744754 0.019932
0 0.369314 0.553465 0.0578619 0.0875582 0.0198874
0 0.346653 0.508405 0.0317096 0.0303858 0.0197487
0 0.275206 0.3951 0.0497819 0.0642381 0.0197113
0 0.643694 0.573313 0.0179461 0.0364555 0.0196595
0 0.585186 0.429739 0.034326 0.0753632 0.0196304
0 0.534278 0.490439 0.0137242 0.0201012 0.0195571
0 0.036861 0.372065 0.0663415 0.0864098 0.0195372
0 0.110087 0.654309 0.0979766 0.0987083 0.0195352
0 0.0336298 0.438684 0.058634 0.113249 0.0194468
0 0.788501 0.704228 0.107749 0.118833 0.0194413
0 0.442631 0.187267 0.0332018 0.0493102 0.0191792
0 0.386608 0.380168 0.0264469 0.0720983 0.0191221
0 0.974126 0.843154 0.048756 0.186242 0.0191166
0 0.388214 0.391074 0.0172589 0.0465942 0.0190742
0 0.774482 0.784584 0.0638627 0.0762814 0.0190715
0 0.0661032 0.459248 0.06903 0.14226 0.0190479
0 0.893425 0.466854 0.122403 0.121574 0.019037
0 0.830854 0.476458 0.0770494 0.0293766 0.0190233
0 0.37691 0.521968 0.0380621 0.0529808 0.0189567
