0 0.518236 0.368372 0.0885289 0.152496 0.892578
0 0.5625 0.426578 0 0.377163 0.880773
0 0.436416 0.35223 0.0397182 0.0542106 0.829314
0 0.410133 0.349134 0.0233831 0.0426971 0.765912
0 0.0471033 0.449488 0.0942067 0.265773 0.602525
0 0.391807 0.34232 0.0167264 0.0261436 0.570192
0 0.5625 0.600591 0 0.303474 0.569011
0 0.313146 0.345614 0.0198651 0.0248415 0.560732
0 0.37087 0.343495 0.0151832 0.0209674 0.509737
0 0.335182 0.341996 0.0127863 0.0175266 0.489972
0 0.35592 0.343497 0.013822 0.0207287 0.421382
0 0.380295 0.338839 0.0128596 0.0206448 0.377882
0 0.324279 0.343835 0.0111424 0.0173388 0.351196
0 0.375687 0.339819 0.0132701 0.0195012 0.281371
0 0.319028 0.343326 0.016958 0.0240418 0.275349
0 0.330656 0.342208 0.0123914 0.0178024 0.272399
0 0.386524 0.339758 0.0132721 0.0206512 0.26631
0 0.326775 0.34398 0.0129737 0.0205847 0.246375
0 0.339132 0.34254 0.0124683 0.0167512 0.244559
0 0.310215 0.347661 0.0165072 0.0201774 0.228317
0 0.383567 0.341391 0.012296 0.0207049 0.226506
0 0.13569 0.357078 0.044751 0.0501556 0.218481
0 0.36252 0.344855 0.0118851 0.0188229 0.212627
0 0.404132 0.349567 0.0152219 0.0303438 0.200752
0 0.400346 0.346358 0.0175339 0.0332282 0.192053
0 0.34149 0.344664 0.0127491 0.0168362 0.18943
0 0.184917 0.341834 0.0334389 0.0505479 0.181492
0 0.164387 0.352871 0.0393619 0.0504652 0.181044
0 0.149838 0.352071 0.0608792 0.0554166 0.173511
0 0.208577 0.344433 0.0269051 0.0492154 0.161586
0 0.398644 0.341665 0.0139193 0.0283097 0.157521
0 0.223675 0.352815 0.0342927 0.0433506 0.150494
0 0.316077 0.343604 0.0156304 0.0201185 0.139453
0 0.12463 0.357899 0.0629919 0.062537 0.138152
0 0.5625 0.387274 0 0.157529 0.135115
0 0.047095 0.412592 0.0937193 0.12264 0.133654
0 0.241706 0.347126 0.0417069 0.0505027 0.133087
0 0.362866 0.349941 0.0135958 0.0217026 0.126921
0 0.308567 0.340168 0.0339168 0.0395997 0.122361
0 0.32346 0.348739 0.0178232 0.0284665 0.122294
0 0.0591495 0.404893 0.0672715 0.0814158 0.122039
0 0.412407 0.35261 0.0151389 0.032533 0.117695
0 0.200957 0.337519 0.0357929 0.0613845 0.10536
0 0.483852 0.351576 0.0225324 0.0606157 0.104925
0 0.324622 0.357894 0.0148365 0.0237962 0.0979959
0 0.5625 0.367972 0 0.171126 0.0957681
0 0.187964 0.345253 0.0570603 0.067614 0.0936125
0 0.5625 0.523777 0 0.357893 0.0903716
0 0.408697 0.34343 0.0187102 0.0331702 0.0885543
0 0.174972 0.341328 0.0507309 0.0652117 0.0862532
0 0.144257 0.340737 0.0703945 0.0875479 0.0844894
0 0.978933 0.420921 0.0400309 0.286061 0.0818196
0 0.214756 0.352783 0.0313132 0.052383 0.0797321
0 0.212622 0.337331 0.0363598 0.0663015 0.0787081
0 0.992682 0.418145 0.0142834 0.0915162 0.0784831
0 0.205567 0.342411 0.0196498 0.0372292 0.0781944
0 0.981073 0.376847 0.0370232 0.179686 0.0774182
0 0.263192 0.33682 0.0584113 0.0670442 0.076368
0 0.438553 0.357504 0.0246489 0.0329558 0.07318
0 0.243476 0.334262 0.0486324 0.0699039 0.0726567
0 0.955778 0.564933 0.0886316 0.178252 0.0704071
0 0.964795 0.485692 0.0636017 0.301904 0.0702563
0 0.243782 0.355006 0.0353746 0.0394126 0.0696328
0 0.259316 0.344059 0.040821 0.0506252 0.0689159
0 0.177587 0.341146 0.0224172 0.0364471 0.0676851
0 0.285826 0.340718 0.0341851 0.0397003 0.0656261
0 0.486663 0.364709 0.0277225 0.1 0.0656124
0 0.419752 0.353082 0.0209335 0.0342295 0.0639401
0 0.304834 0.349372 0.0171185 0.0225911 0.0629345
0 0.25049 0.356915 0.0222347 0.0283815 0.0594363
0 0.168493 0.351427 0.0236705 0.037071 0.0589926
0 0.0565858 0.369962 0.0914474 0.135057 0.0587646
0 0.0366049 0.420544 0.0714616 0.176453 0.0584124
0 0.960152 0.436117 0.0802866 0.342433 0.0568516
0 0.419639 0.342144 0.018489 0.0308835 0.0566453
0 0.299293 0.352364 0.0167295 0.0229073 0.0560221
0 0.444027 0.353985 0.0189457 0.031714 0.0557415
0 0.279194 0.336093 0.0545863 0.0581791 0.0552479
0 0.380009 0.318645 0.0114773 0.0161034 0.0552051
0 0.430155 0.355885 0.0235329 0.0339951 0.0546042
0 0.973737 0.5626 0.0491459 0.200786 0.0544435
0 0.095852 0.368318 0.103646 0.10263 0.0544089
0 0.0871767 0.371312 0.0585921 0.0658402 0.0540402
0 0.210771 0.351856 0.0230157 0.0381695 0.0536395
0 0.975577 0.372355 0.0497217 0.244897 0.0518413
0 0.386629 0.321403 0.0108234 0.0160371 0.0515362
0 0.196426 0.327214 0.0419686 0.0779788 0.0510475
0 0.229367 0.35062 0.0207494 0.0315939 0.0509533
0 0.230438 0.358412 0.0218197 0.0308145 0.0507595
0 0.0621287 0.410503 0.0948921 0.213888 0.0501172
0 0.115643 0.343089 0.0758098 0.09709 0.0498252
0 0.439409 0.344458 0.0509357 0.0807082 0.049678
0 0.458059 0.357721 0.0238718 0.0380931 0.0496073
0 0.187788 0.327526 0.0629296 0.0878765 0.0494372
0 0.21723 0.356954 0.0241092 0.0346222 0.04918
0 0.376111 0.317593 0.016421 0.0254993 0.048945
0 0.382316 0.320253 0.0103306 0.0145183 0.0481168
0 0.175922 0.350406 0.0220253 0.0374299 0.0474296
0 0.0944385 0.358084 0.04863 0.0684177 0.0473002
0 0.119922 0.364777 0.080168 0.0849011 0.0472323
0 0.380196 0.334195 0.0111793 0.0179461 0.0463601
0 0.0262396 0.442438 0.0500224 0.209088 0.0456639
0 0.384734 0.33228 0.0127398 0.0213568 0.0456197
0 0.494112 0.362984 0.0426335 0.133317 0.0455231
0 0.988476 0.327837 0.0232777 0.118644 0.0445148
0 0.98066 0.332182 0.0394625 0.137898 0.0445005
0 0.98212 0.54471 0.0349789 0.215192 0.0439834
0 0.298866 0.299894 0.0640365 0.101891 0.0430481
0 0.389958 0.33035 0.0143361 0.0253032 0.0427336
0 0.389005 0.318814 0.0125443 0.017488 0.0422327
0 0.0935034 0.351913 0.0670963 0.082701 0.0419942
0 0.444542 0.361445 0.0170299 0.0361627 0.0418036
0 0.367832 0.320543 0.0113184 0.0148607 0.041626
0 0.0548752 0.532335 0.101521 0.387856 0.0416225
0 0.203807 0.350351 0.0204525 0.0367315 0.0397407
0 0.136539 0.356993 0.0293816 0.0390266 0.039417
0 0.0847685 0.379809 0.077762 0.0875614 0.0392423
0 0.016293 0.442345 0.0314908 0.214551 0.0391237
0 0.469326 0.223842 0.0187841 0.0345156 0.039103
0 0.646039 0.333834 0.045743 0.0724937 0.0388733
0 0.471579 0.348163 0.0263269 0.0545627 0.0388194
0 0.0570415 0.35366 0.109988 0.322964 0.0383201
0 0.15112 0.323584 0.0641201 0.0989815 0.0382502
0 0.994036 0.431765 0.0130505 0.0741256 0.0379321
0 0.513763 0.365671 0.0768078 0.132807 0.0379181
0 0.397217 0.318401 0.0140895 0.0200426 0.0378401
0 0.299737 0.325813 0.0510688 0.0786618 0.0378239
0 0.60514 0.386868 0.0679857 0.174354 0.0365817
0 0.180705 0.346303 0.0200947 0.0357882 0.0364373
0 0.399913 0.385073 0.0237489 0.0436341 0.0363883
0 0.455924 0.351757 0.0366641 0.062569 0.0355957
0 0.911045 0.347806 0.177202 0.215838 0.0355554
0 0.936221 0.54301 0.11371 0.203258 0.0355458
0 0.0342032 0.39192 0.0654887 0.115003 0.0354081
0 0.988923 0.656846 0.021739 0.22331 0.0353782
0 0.079905 0.435128 0.131962 0.233873 0.035268
0 0.37793 0.337922 0.0114398 0.0167114 0.0351558
0 0.988845 0.595226 0.02264 0.207902 0.034872
0 0.962819 0.522416 0.0759315 0.190914 0.0348339
0 0.551328 0.387684 0.0686461 0.0930289 0.0346595
0 0.952215 0.366504 0.0990372 0.228685 0.0343817
0 0.698748 0.444152 0.178155 0.30344 0.0336498
0 0.0145903 0.401969 0.0287232 0.146398 0.0334059
0 0.228802 0.341275 0.0200038 0.0354968 0.0333573
0 0.921968 0.551032 0.0958687 0.156765 0.0332639
0 0.341453 0.31882 0.0123537 0.0184842 0.0328765
0 0.665812 0.321956 0.0491672 0.0857084 0.0328691
0 0.266262 0.328334 0.0711056 0.0927563 0.0327108
0 0.355192 0.321755 0.0121976 0.0167717 0.0324918
0 0.224873 0.358418 0.0203591 0.0335086 0.0323807
0 0.0734258 0.35018 0.073089 0.09371 0.0322552
0 0.269424 0.353653 0.0200882 0.0263508 0.0319904
0 0.502487 0.343243 0.0586231 0.0931749 0.0315826
0 0.0943665 0.342856 0.126196 0.115563 0.0315189
0 0.0112963 0.476007 0.0221213 0.212855 0.0314907
0 0.325413 0.315157 0.0163156 0.024197 0.0314805
0 0.565876 0.395712 0.0368511 0.0698314 0.0314756
0 0.558188 0.358712 0.0584993 0.114911 0.0311711
0 0.964986 0.389332 0.0653797 0.175674 0.0310551
0 0.540948 0.30726 0.0709233 0.0355325 0.0310344
0 0.136731 0.309264 0.0370639 0.0597769 0.0309884
0 0.307611 0.368711 0.0308809 0.0390866 0.0309872
0 0.596077 0.409875 0.056889 0.147692 0.0307186
0 0.939601 0.59579 0.102852 0.17085 0.0306226
0 0.330638 0.329595 0.0118221 0.0197474 0.0296992
0 0.0909137 0.692703 0.0526652 0.0688727 0.0296905
0 0.475624 0.361389 0.0204297 0.0568513 0.0295281
0 0.588941 0.374621 0.0444704 0.108972 0.0292866
0 0.625875 0.400289 0.0523579 0.160122 0.0290626
0 0.583362 0.404391 0.0685641 0.129548 0.0285872
0 0.636269 0.338091 0.0369082 0.0639491 0.0285664
0 0.986688 0.462212 0.0274702 0.113799 0.0285567
0 0.982481 0.655399 0.0348417 0.238669 0.0285394
0 0.380007 0.28003 0.0133216 0.0201795 0.0284582
0 0.596118 0.360379 0.0558125 0.119503 0.0282702
0 0.530172 0.327698 0.0959058 0.0705495 0.0281193
0 0.674729 0.313447 0.0747429 0.10324 0.0280388
0 0.61526 0.367218 0.0602811 0.134091 0.0278978
0 0.479081 0.337014 0.034269 0.0603434 0.027465
0 0.0268441 0.348768 0.0478295 0.141797 0.0273342
0 0.393036 0.348674 0.0115888 0.0217377 0.0271594
0 0.39061 0.272361 0.0179502 0.0287374 0.026811
0 0.329742 0.337839 0.0116583 0.0185473 0.0267361
0 0.597577 0.425715 0.0387774 0.138291 0.0265952
0 0.918971 0.516682 0.122962 0.169793 0.0265881
0 0.661891 0.421747 0.1041 0.257131 0.0261614
0 0.968866 0.334201 0.064189 0.157068 0.0261377
0 0.983924 0.327158 0.0325638 0.276521 0.025552
0 0.252944 0.370751 0.0266903 0.0399751 0.0254725
0 0.3553 0.345689 0.0104514 0.0157978 0.0253357
0 0.520065 0.311247 0.0524664 0.0376297 0.0251679
0 0.373686 0.282873 0.0139865 0.0209466 0.0250947
0 0.38861 0.349448 0.0114732 0.0177778 0.0250408
0 0.0573401 0.468935 0.0755054 0.157013 0.0250041
0 0.404465 0.262899 0.0274044 0.0469643 0.0247643
0 0.173442 0.309023 0.117351 0.14159 0.0247296
0 0.634957 0.439105 0.0587807 0.163649 0.0245837
0 0.815983 0.544337 0.133526 0.114615 0.0244856
0 0.933806 0.417324 0.141044 0.258555 0.0242392
0 0.0703575 0.28943 0.125668 0.206811 0.0242297
0 0.0849936 0.657807 0.0842954 0.117181 0.0241026
0 0.275228 0.357033 0.020414 0.0272168 0.0240579
0 0.990573 0.691205 0.018375 0.144334 0.0240374
0 0.567285 0.433952 0.0905087 0.144888 0.0240367
0 0.116677 0.398357 0.0994189 0.140584 0.0238955
0 0.341886 0.28159 0.0229243 0.0450128 0.0236435
0 0.889471 0.478778 0.178159 0.202612 0.0236033
0 0.642903 0.342186 0.053126 0.104423 0.0234861
0 0.447094 0.287444 0.0179872 0.029312 0.023476
0 0.337027 0.346203 0.0106001 0.0178054 0.0233864
0 0.499129 0.326744 0.0454549 0.0637933 0.0232749
0 0.561331 0.313215 0.0396935 0.0431132 0.0231546
0 0.620052 0.344096 0.0447381 0.0772559 0.0231056
0 0.149561 0.377326 0.0464165 0.0672617 0.0230202
0 0.636342 0.372557 0.085097 0.152923 0.0227691
0 0.643908 0.348765 0.0661387 0.14873 0.0225582
0 0.11205 0.663387 0.0706008 0.0861716 0.0225001
0 0.536718 0.274158 0.0519059 0.0539835 0.0221343
0 0.0119331 0.370374 0.0240542 0.0919217 0.0219647
0 0.582683 0.37036 0.0621159 0.131776 0.021942
0 0.412507 0.311717 0.0179778 0.0275413 0.0219178
0 0.593045 0.32628 0.0478363 0.0770324 0.0218776
0 0.0350502 0.555861 0.0676842 0.35642 0.021874
0 0.553488 0.318738 0.0524459 0.0483746 0.0216702
0 0.143485 0.309417 0.121946 0.158926 0.0215251
0 0.967662 0.613933 0.061791 0.232934 0.0213209
0 0.00787751 0.493776 0.0164744 0.179235 0.0213107
0 0.33255 0.271639 0.0227639 0.0334438 0.0209123
0 0.399166 0.348778 0.0100092 0.0183267 0.0206494
0 0.858587 0.549052 0.0938725 0.111406 0.020607
0 0.37387 0.350677 0.012107 0.0190866 0.0205461
0 0.62741 0.307844 0.113514 0.164239 0.0205132
0 0.966348 0.673054 0.0623617 0.183775 0.0202107
0 0.322579 0.266923 0.020574 0.029587 0.0201354
0 0.32269 0.348536 0.0119579 0.0183487 0.0200599
0 0.529917 0.229938 0.034938 0.0489889 0.0200539
0 0.126119 0.443755 0.111383 0.171956 0.0198763
0 0.617004 0.433667 0.0520987 0.160434 0.0198261
0 0.884361 0.510434 0.14276 0.16351 0.019718
0 0.602276 0.33432 0.0571967 0.0952036 0.0195726
0 0.15817 0.179841 0.239484 0.236727 0.0195424
0 0.473747 0.22195 0.0241275 0.0400404 0.01951
0 0.046745 0.295665 0.0906208 0.240597 0.0193194
0 0.0561542 0.64034 0.0915279 0.1916 0.0192865
0 0.660122 0.503661 0.0747028 0.139663 0.0192713
0 0.139722 0.623176 0.046973 0.0627706 0.019248
0 0.431578 0.24504 0.0296409 0.0427933 0.0192338
0 0.976462 0.416704 0.0528126 0.128227 0.0192269
0 0.939676 0.415119 0.110795 0.130387 0.0191879
0 0.533827 0.273115 0.0638685 0.0813133 0.0187951
0 0.157583 0.0743577 0.260956 0.234147 0.0186557
0 0.349718 0.348268 0.0118196 0.0191909 0.0186154
0 0.361225 0.280065 0.0179124 0.0248199 0.0186117
0 0.97236 0.474726 0.0546299 0.129841 0.0185364
0 0.0751511 0.419477 0.0822957 0.137055 0.0185134
0 0.950393 0.525797 0.0944912 0.116859 0.0185038
0 0.811526 0.519349 0.187144 0.164479 0.0182836
0 0.076337 0.089338 0.11923 0.168117 0.018205
0 0.0573812 0.682585 0.0825875 0.123517 0.0181713
0 0.534507 0.296698 0.0506755 0.0281771 0.0180424
0 0.968928 0.299873 0.05788 0.117721 0.0180166
0 0.703074 0.308537 0.101533 0.10633 0.0179925
0 0.345897 0.277808 0.0218064 0.0309297 0.0179334
0 0.269553 0.968468 0.0256797 0.0498077 0.0178177
0 0.48252 0.398975 0.0249949 0.0624416 0.01774
0 0.581809 0.322847 0.0401435 0.0644494 0.017729
0 0.443247 0.240697 0.0327158 0.0434903 0.0177167
0 0.417721 0.258303 0.0295193 0.0468105 0.0176806
0 0.1738 0.31346 0.0590063 0.102333 0.0176706
0 0.669857 0.472932 0.149079 0.282472 0.017668
0 0.846234 0.249645 0.0808386 0.0270199 0.0176551
0 0.408404 0.35738 0.0169599 0.0280414 0.0176512
0 0.953403 0.488307 0.0968565 0.135794 0.0176175
0 0.0745489 0.603875 0.104268 0.220734 0.0175622
0 0.571799 0.413698 0.0570376 0.0853364 0.0175169
0 0.857248 0.779795 0.114811 0.135975 0.017506
0 0.684287 0.500914 0.110859 0.172288 0.0174325
0 0.150476 0.457011 0.104174 0.143847 0.0173507
0 0.71946 0.484326 0.165817 0.213089 0.0173457
0 0.0219227 0.567039 0.0425615 0.342139 0.0173057
0 0.487193 0.315539 0.0234445 0.0474083 0.0171925
0 0.400409 0.354755 0.0124877 0.0247723 0.0171791
0 0.889377 0.31636 0.174103 0.148352 0.0170018
0 0.234743 0.324041 0.08274 0.0984575 0.0169751
0 0.626759 0.619021 0.0320107 0.0488922 0.0169573
0 0.0504461 0.103831 0.0561617 0.123261 0.0168898
0 0.247573 0.0441329 0.0690717 0.0623677 0.0168336
0 0.584189 0.34073 0.0525782 0.104874 0.0168001
0 0.241707 0.083028 0.0864317 0.128956 0.0167425
0 0.0489178 0.140569 0.0633373 0.078625 0.0166582
0 0.626527 0.383812 0.0319922 0.0614083 0.0166192
0 0.281802 0.244798 0.0320409 0.0416957 0.0164909
0 0.633505 0.490748 0.0351848 0.0806719 0.0164272
0 0.630321 0.362519 0.0469842 0.0897968 0.0164083
0 0.868907 0.591885 0.0914816 0.119285 0.0163926
0 0.462053 0.641716 0.0734355 0.0807646 0.0163427
0 0.477261 0.232669 0.0294611 0.0471064 0.0163405
0 0.953528 0.321798 0.0836147 0.135389 0.0162867
0 0.437392 0.336268 0.0221266 0.0383264 0.0162702
0 0.0398774 0.491962 0.0772946 0.20731 0.0162629
