0 0.473454 0.433935 0.128727 0.188871 0.898919
0 0.269292 0.400914 0.116609 0.172185 0.887684
0 0.5625 0.471951 0 0.346209 0.843788
0 0.137031 0.420934 0.241249 0.256068 0.83459
0 0.5625 0.434723 0 0.16922 0.764721
0 0.410218 0.391791 0.0235623 0.0392995 0.587507
0 0.0405589 0.477096 0.0811179 0.311079 0.585485
0 0.5625 0.434071 0 0.114538 0.260589
0 0.530744 0.391824 0.0136371 0.0279623 0.246292
0 0.5625 0.42711 0 0.137598 0.238365
0 0.542927 0.382192 0.019958 0.0260876 0.21636
0 0.557209 0.398196 0.0105823 0.0403495 0.197556
0 0.5625 0.459874 0 0.176502 0.168085
0 0.5625 0.433903 0 0.212526 0.160689
0 0.538368 0.386965 0.0235191 0.0336073 0.160594
0 0.529258 0.382675 0.0206277 0.0401438 0.160151
0 0.557361 0.392527 0.010278 0.0552074 0.156127
0 0.40757 0.393587 0.0163913 0.0312196 0.155798
0 0.414701 0.38968 0.0279579 0.0493785 0.148038
0 0.372434 0.386682 0.0197235 0.02542 0.145621
0 0.416295 0.377033 0.0248325 0.0397252 0.142638
0 0.5625 0.44368 0 0.0827143 0.140998
0 0.416446 0.379309 0.0164161 0.0249535 0.135653
0 0.408841 0.38686 0.0174458 0.0245266 0.134233
0 0.422792 0.372413 0.0133468 0.0222951 0.133057
0 0.542557 0.372902 0.0240353 0.0423386 0.128023
0 0.533213 0.38872 0.0152834 0.0243107 0.126755
0 0.382629 0.386606 0.0203238 0.0289084 0.126614
0 0.5625 0.460979 0 0.143242 0.126091
0 0.546556 0.389064 0.0144654 0.0251827 0.125113
0 0.412902 0.383245 0.0188209 0.0256593 0.12373
0 0.5625 0.391407 0 0.191058 0.123014
0 0.5625 0.469337 0 0.151612 0.121397
0 0.0180371 0.316949 0.0359336 0.19706 0.121344
0 0.5625 0.413235 0 0.0781679 0.116858
0 0.5625 0.416981 0 0.107522 0.115116
0 0.421794 0.372392 0.018115 0.0278773 0.114582
0 0.0327502 0.36782 0.0654476 0.27355 0.114055
0 0.5625 0.476872 0 0.122318 0.11358
0 0.522457 0.389521 0.0306646 0.0597148 0.110197
0 0.406385 0.386784 0.0203269 0.0318487 0.109896
0 0.368454 0.38582 0.0257305 0.0300796 0.109404
0 0.5625 0.48493 0 0.142736 0.107345
0 0.539178 0.38716 0.0141697 0.0252311 0.106359
0 0.413628 0.393752 0.0145063 0.0306359 0.105143
0 0.418945 0.384537 0.01407 0.0291531 0.10024
0 0.5625 0.407652 0 0.0376341 0.0995243
0 0.420828 0.386348 0.0259631 0.0454447 0.0993352
0 0.0354162 0.535867 0.0703101 0.283594 0.0987765
0 0.543246 0.392739 0.014444 0.0241683 0.0956542
0 0.549958 0.385399 0.0138031 0.0225087 0.094633
0 0.62887 0.419025 0.0459894 0.0455599 0.0937093
0 0.423177 0.378807 0.0140972 0.0267145 0.091511
0 0.322457 0.375832 0.0312422 0.05709 0.0896735
0 0.0502703 0.284069 0.0563288 0.046154 0.0884892
0 0.382125 0.38645 0.0143705 0.0210337 0.0876231
0 0.598843 0.434965 0.0603603 0.0851573 0.0874958
0 0.516465 0.373143 0.0487835 0.0709026 0.0874679
0 0.0262044 0.356581 0.052759 0.445477 0.0858632
0 0.587099 0.399615 0.0460254 0.0533061 0.0844116
0 0.611301 0.427654 0.0610511 0.0578613 0.0810565
0 0.332509 0.387353 0.0287019 0.0448374 0.0785589
0 0.384808 0.378064 0.0196827 0.0318581 0.0780097
0 0.419259 0.365878 0.0154566 0.0191855 0.0768737
0 0.190069 0.420261 0.134876 0.230873 0.076486
0 0.315285 0.366983 0.0326065 0.064165 0.0758245
0 0.872502 0.38294 0.114483 0.109782 0.0758101
0 0.583789 0.419228 0.0340326 0.0470803 0.0753599
0 0.42533 0.363091 0.0137253 0.01953 0.0748456
0 0.385658 0.387592 0.0151494 0.0226035 0.0741358
0 0.772855 0.451985 0.145045 0.128434 0.0739789
0 0.720974 0.487279 0.0728728 0.132077 0.0736944
0 0.0137846 0.319358 0.0280104 0.151274 0.0736706
0 0.390765 0.384992 0.0146483 0.0238669 0.0729908
0 0.0114926 0.345766 0.0232443 0.0898606 0.0724166
0 0.215146 0.418017 0.0900059 0.193732 0.0714991
0 0.661948 0.466019 0.0780781 0.112556 0.0713587
0 0.0471308 0.286478 0.0362698 0.0312419 0.0698498
0 0.706593 0.487249 0.0493503 0.115689 0.0696798
0 0.327104 0.37075 0.0414969 0.0754033 0.0694432
0 0.351511 0.392766 0.0422704 0.0415488 0.0693836
0 0.0232505 0.452216 0.0460062 0.224477 0.0688864
0 0.584743 0.389536 0.0607767 0.0564353 0.0687835
0 0.018836 0.496307 0.0373739 0.214304 0.0683689
0 0.532862 0.398487 0.0153317 0.0402367 0.0675367
0 0.738199 0.392536 0.166071 0.0878148 0.067494
0 0.565166 0.385101 0.0329066 0.0633279 0.066281
0 0.92902 0.3761 0.141713 0.145952 0.0658902
0 0.302187 0.394185 0.051415 0.144068 0.0656661
0 0.374374 0.391031 0.0177106 0.0258378 0.0651268
0 0.399434 0.388095 0.0145413 0.0262365 0.0648366
0 0.287705 0.408105 0.0812125 0.147083 0.0637505
0 0.694263 0.407181 0.150291 0.103748 0.0635403
0 0.566576 0.406077 0.0184016 0.032116 0.0630846
0 0.822421 0.397942 0.150651 0.103761 0.0616887
0 0.0430839 0.396772 0.0908787 0.279474 0.0612363
0 0.521179 0.382414 0.0145257 0.0243535 0.0607417
0 0.859758 0.37702 0.0840221 0.0828344 0.0603157
0 0.780712 0.373863 0.0702118 0.0490495 0.0595648
0 0.404103 0.400455 0.0133788 0.0274255 0.0579157
0 0.018371 0.371044 0.0365956 0.163347 0.0573245
0 0.0779552 0.409484 0.128226 0.253024 0.0568115
0 0.4112 0.398548 0.0165257 0.029735 0.0560984
0 0.310012 0.387273 0.0419054 0.110841 0.0560249
0 0.0280318 0.339804 0.0564058 0.112308 0.0551703
0 0.0399958 0.37576 0.0772527 0.183395 0.0548622
0 0.56723 0.376899 0.0482457 0.080356 0.0536382
0 0.971796 0.517285 0.0563356 0.200743 0.053199
0 0.774568 0.364353 0.0777517 0.0332049 0.0527209
0 0.335952 0.371587 0.0346524 0.0640822 0.0525036
0 0.487152 0.355141 0.0532735 0.0411268 0.0519743
0 0.30048 0.357212 0.0348238 0.0700587 0.0518913
0 0.135505 0.445531 0.140803 0.203769 0.0514443
0 0.528353 0.399665 0.0223132 0.0558856 0.0504619
0 0.393988 0.384767 0.0201794 0.0320719 0.0485756
0 0.508567 0.335504 0.0565161 0.0998901 0.0476567
0 0.751995 0.432234 0.154725 0.130641 0.0474014
0 0.96467 0.478941 0.0666674 0.310259 0.0472403
0 0.842774 0.37563 0.0628649 0.0640118 0.0468212
0 0.225821 0.434863 0.0672006 0.150137 0.0465779
0 0.956724 0.555555 0.0862974 0.282271 0.0460337
0 0.653067 0.386915 0.0624919 0.0577281 0.0458159
0 0.508875 0.358929 0.0414361 0.0430199 0.045715
0 0.790142 0.38921 0.0930571 0.0678648 0.0455409
0 0.0458005 0.325928 0.0754275 0.106728 0.0455121
0 0.784714 0.423031 0.18293 0.120101 0.0452729
0 0.216514 0.319 0.0243727 0.0255042 0.0451389
0 0.82691 0.304852 0.0285183 0.0382586 0.0447521
0 0.543109 0.365349 0.0159849 0.025599 0.0443249
0 0.771162 0.38023 0.0950601 0.0637147 0.0441866
0 0.749842 0.376109 0.134864 0.0489414 0.0440555
0 0.501449 0.343655 0.0442101 0.0344952 0.0437842
0 0.567662 0.380112 0.0185885 0.0329525 0.0437741
0 0.739235 0.510243 0.0926631 0.139774 0.0437355
0 0.580773 0.4121 0.0484532 0.0714979 0.0435188
0 0.926112 0.426322 0.14947 0.248487 0.043377
0 0.269852 0.736064 0.0257944 0.0361042 0.0432811
0 0.0517984 0.297603 0.0618445 0.058215 0.0429544
0 0.975699 0.570106 0.0457708 0.285591 0.042862
0 0.477051 0.367267 0.102409 0.0679014 0.0426597
0 0.0526528 0.27617 0.108029 0.141819 0.0425839
0 0.667181 0.401254 0.111601 0.136811 0.0423336
0 0.639156 0.404971 0.0604772 0.0547108 0.0421926
0 0.985611 0.615446 0.0291937 0.294082 0.0420084
0 0.0296027 0.278678 0.0497086 0.0848032 0.0419863
0 0.177298 0.307623 0.0477714 0.0302979 0.0417175
0 0.497984 0.362892 0.0629511 0.054012 0.0416203
0 0.483181 0.338486 0.0417771 0.0325651 0.0413292
0 0.40431 0.368082 0.0143105 0.0190329 0.0407827
0 0.905017 0.375251 0.105473 0.104981 0.0406381
0 0.357766 0.416329 0.0626862 0.0772473 0.0400071
0 0.0907861 0.50577 0.160423 0.220716 0.039933
0 0.762998 0.510228 0.135278 0.17071 0.0395345
0 0.60106 0.285412 0.0220385 0.0330297 0.0394929
0 0.0544743 0.488279 0.0734133 0.238047 0.0394301
0 0.0406095 0.520972 0.0592375 0.194239 0.0394194
0 0.263255 0.434122 0.0432732 0.110713 0.0392994
0 0.252551 0.405301 0.0725047 0.157626 0.0392285
0 0.50597 0.31681 0.0493938 0.0638157 0.0385937
0 0.249043 0.352213 0.0727789 0.0681104 0.0385242
0 0.0189066 0.274524 0.0376758 0.11114 0.0382337
0 0.0691803 0.306089 0.106921 0.0851304 0.038135
0 0.951509 0.445037 0.0879562 0.306537 0.0374637
0 0.167831 0.306996 0.0688175 0.0379599 0.0373238
0 0.945918 0.525176 0.102769 0.191898 0.03728
0 0.361274 0.403302 0.0352334 0.0424226 0.0369108
0 0.824292 0.371035 0.0574779 0.0552603 0.0366649
0 0.856218 0.399008 0.150831 0.116919 0.036446
0 0.335037 0.400429 0.0289578 0.0485878 0.0364097
0 0.835934 0.368786 0.0477842 0.0502076 0.0362931
0 0.59708 0.28429 0.0173986 0.0290765 0.035849
0 0.857192 0.353487 0.0898478 0.0740477 0.0356073
0 0.708577 0.343107 0.0571175 0.0417039 0.0355765
0 0.19863 0.444658 0.102284 0.180341 0.0355183
0 0.457701 0.36674 0.069455 0.0587056 0.0350109
0 0.608861 0.399055 0.0363078 0.0376711 0.0349933
0 0.0604924 0.836708 0.11298 0.185148 0.0349195
0 0.0282171 0.257436 0.0561604 0.294189 0.0348119
0 0.290744 0.421683 0.0594855 0.118405 0.0346055
0 0.982507 0.528507 0.0333021 0.189094 0.0345347
0 0.437216 0.43404 0.038783 0.073759 0.0343556
0 0.450086 0.341924 0.030351 0.0356889 0.0342598
0 0.776986 0.401507 0.13792 0.0873052 0.0341596
0 0.0162466 0.220068 0.033959 0.272109 0.0340298
0 0.672167 0.394369 0.094344 0.0824337 0.0340009
0 0.0659193 0.379767 0.102258 0.174662 0.033817
0 0.993134 0.649355 0.0136839 0.166679 0.0335871
0 0.949814 0.72802 0.0964397 0.313901 0.0332317
0 0.248898 0.443119 0.0496743 0.117213 0.03322
0 0.23309 0.36266 0.0557063 0.0898105 0.033088
0 0.39218 0.368118 0.0142992 0.0226245 0.0329444
0 0.423526 0.383955 0.0344473 0.0598673 0.0328487
0 0.983478 0.288585 0.0315552 0.0483926 0.0328445
0 0.890259 0.525035 0.211031 0.249841 0.0327515
0 0.99197 0.683634 0.0161745 0.192068 0.032588
0 0.236227 0.446865 0.0444643 0.106861 0.0321428
0 0.919649 0.599557 0.156803 0.296403 0.0319559
0 0.96844 0.731923 0.0567884 0.324069 0.0317756
0 0.538027 0.421256 0.0162435 0.0416207 0.0317392
0 0.226032 0.330809 0.0353259 0.0362119 0.0316724
0 0.98338 0.675863 0.033054 0.318197 0.0316559
0 0.213335 0.318852 0.0403184 0.0390294 0.0315928
0 0.461483 0.358591 0.0424509 0.0397255 0.0315471
0 0.245963 0.337735 0.0703146 0.0507719 0.0314746
0 0.979885 0.470448 0.0417851 0.225533 0.031413
0 0.690473 0.368846 0.0809898 0.0561546 0.0311929
0 0.712079 0.509249 0.0917964 0.173285 0.0309657
0 0.515781 0.427399 0.046518 0.132559 0.0305501
0 0.137709 0.300427 0.0493916 0.0332792 0.0300734
0 0.692568 0.386705 0.110501 0.0678614 0.0300413
0 0.0158189 0.186757 0.0317794 0.125315 0.0298686
0 0.961854 0.241838 0.0765459 0.134806 0.0297087
0 0.719239 0.355081 0.0594164 0.0272068 0.0296575
0 0.520764 0.111108 0.0215545 0.033524 0.0295738
0 0.119641 0.440379 0.0992753 0.149831 0.0294885
0 0.417948 0.407284 0.0245617 0.0764819 0.0292378
0 0.015438 0.540962 0.0283108 0.209285 0.0289283
0 0.540243 0.313686 0.0162044 0.027089 0.0287168
0 0.311798 0.346359 0.0194264 0.0385603 0.0286784
0 0.0763179 0.285924 0.0905322 0.0517225 0.0285442
0 0.509196 0.348189 0.0157043 0.0244847 0.0285225
0 0.704281 0.353453 0.0461047 0.0295898 0.028463
0 0.467581 0.385242 0.0787889 0.0882624 0.0282682
0 0.797449 0.486238 0.173804 0.12508 0.028078
0 0.637358 0.464464 0.0779808 0.128447 0.0279187
0 0.417296 0.427955 0.0165328 0.0569 0.027702
0 0.529247 0.362846 0.0157182 0.0226129 0.0276632
0 0.82321 0.313426 0.0436699 0.0438653 0.0275054
0 0.123191 0.51252 0.119227 0.155951 0.0272779
0 0.532908 0.409806 0.0134068 0.0313729 0.0270881
0 0.271824 0.345643 0.0644651 0.0634488 0.0266284
0 0.0138629 0.227213 0.0277363 0.0966367 0.0264429
0 0.819588 0.551228 0.152911 0.175818 0.0264242
0 0.832307 0.342226 0.0499937 0.0799997 0.0264145
0 0.581647 0.296751 0.0283349 0.0479545 0.0263077
0 0.463666 0.353226 0.0502391 0.0793329 0.026259
0 0.273706 0.729869 0.0272906 0.0366787 0.0261657
0 0.606035 0.451327 0.0437388 0.0846586 0.0261519
0 0.916909 0.517018 0.146594 0.193867 0.0261063
0 0.0614785 0.2445 0.115692 0.195149 0.0259714
0 0.630786 0.371242 0.059132 0.075118 0.0257601
0 0.086786 0.435719 0.101373 0.1858 0.0257485
0 0.705852 0.507317 0.0385044 0.118531 0.0255654
0 0.305753 0.285969 0.0317402 0.0458199 0.0255432
0 0.1898 0.338914 0.0660873 0.0760898 0.0255284
0 0.558124 0.345176 0.0299656 0.053079 0.0255272
0 0.821107 0.459184 0.242234 0.123175 0.025507
0 0.206993 0.47198 0.0729354 0.11399 0.025466
0 0.177467 0.454599 0.0833359 0.163296 0.0254384
0 0.412655 0.438545 0.0175042 0.0421334 0.0253774
0 0.714006 0.333123 0.0587083 0.0586888 0.0253622
0 0.29676 0.284385 0.0316691 0.0443553 0.0253614
0 0.3047 0.347469 0.0182836 0.0362378 0.0253203
0 0.974244 0.642082 0.0493147 0.204809 0.0253168
0 0.579907 0.316807 0.0383306 0.0625593 0.0251947
0 0.796096 0.528898 0.141865 0.176806 0.0251758
0 0.955285 0.311643 0.0791424 0.063349 0.0248361
0 0.151079 0.466746 0.110635 0.156221 0.0248084
0 0.095811 0.310303 0.0873983 0.0644524 0.0247873
0 0.224832 0.320567 0.0336107 0.0273503 0.0247171
0 0.60067 0.303534 0.0277831 0.0422465 0.0245859
0 0.512354 0.392621 0.0472687 0.0748204 0.024493
0 0.0431793 0.868013 0.0841086 0.187407 0.0243515
0 0.523966 0.322635 0.0254682 0.0374834 0.024311
0 0.918875 0.669033 0.153942 0.222126 0.0243075
0 0.201868 0.482726 0.0574152 0.0835914 0.0242815
0 0.478836 0.325345 0.0376616 0.0457342 0.0241956
0 0.831912 0.42994 0.229017 0.117297 0.0241638
0 0.335329 0.416901 0.036056 0.0701578 0.0241634
0 0.566683 0.302677 0.0393775 0.0624456 0.0241307
0 0.619694 0.467053 0.0536494 0.110502 0.0240573
0 0.116754 0.272786 0.0225295 0.0255117 0.0240375
0 0.378187 0.362234 0.0170276 0.0299167 0.0239982
0 0.938236 0.420147 0.131639 0.142497 0.0239463
0 0.319451 0.337832 0.026812 0.0506992 0.0239077
0 0.54082 0.402342 0.0151843 0.0279155 0.0239061
0 0.0679509 0.253699 0.0435535 0.054419 0.0238795
0 0.509321 0.468013 0.0551301 0.0964918 0.0238136
0 0.451193 0.396923 0.0800594 0.111821 0.0237172
0 0.82788 0.340632 0.0312057 0.0547779 0.0236846
0 0.0744433 0.483308 0.0779411 0.202373 0.02368
0 0.769034 0.371482 0.152765 0.0815218 0.023641
0 0.166976 0.342775 0.100912 0.0946272 0.0234729
0 0.0715575 0.332468 0.107051 0.0973595 0.0234034
0 0.0431181 0.608249 0.0666043 0.196015 0.0233721
0 0.941848 0.665963 0.117319 0.331782 0.0232766
0 0.196435 0.827466 0.022797 0.047427 0.0232583
0 0.857236 0.548246 0.147569 0.187278 0.023174
0 0.979857 0.368009 0.0422178 0.151834 0.0231685
0 0.595284 0.374067 0.0221376 0.0395028 0.0231568
0 0.122821 0.390245 0.0928115 0.134888 0.0231126
0 0.821015 0.316111 0.0622158 0.0591049 0.0228027
0 0.899607 0.400695 0.15117 0.110079 0.0226021
0 0.103331 0.395575 0.122219 0.172524 0.0225487
0 0.0583167 0.693164 0.0855295 0.13855 0.0225265
0 0.70842 0.597567 0.0416721 0.0706219 0.0225148
0 0.188427 0.360907 0.0649626 0.10138 0.0224806
0 0.914431 0.259306 0.0253101 0.058733 0.0224793
0 0.349681 0.605184 0.0434466 0.0549716 0.0224601
0 0.551776 0.311873 0.0241906 0.0425819 0.0224508
