0 0.25306 0.397408 0.127556 0.215558 0.927425
0 0.445643 0.44013 0.126063 0.224495 0.926
0 0.137207 0.471462 0.104134 0.0960512 0.852737
0 0.350014 0.428875 0.032513 0.0429769 0.734455
0 0.0447029 0.470893 0.0886885 0.10123 0.707492
0 0.0161928 0.490914 0.0323583 0.132862 0.569744
0 0.378996 0.425991 0.0309796 0.0625319 0.563335
0 0.318455 0.434804 0.0158916 0.0332765 0.383382
0 0.322466 0.433472 0.0202466 0.032133 0.379157
0 0.658975 0.38894 0.0467088 0.0481442 0.334017
0 0.668317 0.389384 0.0294818 0.0412092 0.30684
0 0.326973 0.432386 0.0171674 0.0294983 0.255704
