0 0.0977816 0.382237 0.195563 0.23188 0.912161
0 0.249017 0.336382 0.0684398 0.0991084 0.903509
0 0.291186 0.337309 0.0287457 0.0540422 0.870138
0 0.34593 0.344373 0.0403721 0.0613999 0.85615
0 0.322539 0.330326 0.0185766 0.0326011 0.597269
0 0.306683 0.328606 0.0160783 0.0317778 0.523673
0 0.491056 0.345432 0.0204697 0.0471909 0.456424
0 0.372821 0.338714 0.0173599 0.0247223 0.394663
0 0.497994 0.3444 0.0329646 0.052286 0.263103
0 0.366916 0.336335 0.0132247 0.0234958 0.219563
0 0.315013 0.327678 0.0152394 0.0289366 0.209931
0 0.310003 0.328738 0.0128966 0.0268918 0.196602
0 0.317642 0.33104 0.0121249 0.0242395 0.186532
0 0.378266 0.337101 0.0179609 0.0261982 0.181837
0 0.5625 0.635787 0 0.194218 0.176124
0 0.324539 0.317881 0.0161355 0.0268462 0.175652
0 0.30581 0.321843 0.0142934 0.0245286 0.175274
0 0.4895 0.350931 0.0155194 0.0340417 0.174278
0 0.313248 0.332155 0.0136758 0.0259032 0.163871
0 0.320654 0.320254 0.0163295 0.0270344 0.150235
0 0.37443 0.341237 0.0123691 0.0214879 0.149614
0 0.295182 0.334586 0.0212371 0.0431491 0.138846
0 0.381655 0.339866 0.0145643 0.022378 0.136225
0 0.5625 0.673902 0 0.147587 0.134371
0 0.355805 0.334695 0.0141331 0.0227852 0.132732
0 0.5625 0.456071 0 0.154261 0.123412
0 0.5625 0.617681 0 0.261298 0.121963
0 0.506202 0.343192 0.0541297 0.0579224 0.116658
0 0.338876 0.341263 0.0311836 0.0482719 0.116123
0 0.174474 0.299516 0.0632873 0.0837741 0.108734
0 0.296677 0.319185 0.0146236 0.0228828 0.10773
0 0.357212 0.339544 0.0205019 0.0346202 0.105291
0 0.419389 0.339192 0.0248065 0.0366172 0.104898
0 0.430034 0.345875 0.0285515 0.03952 0.101189
0 0.219321 0.318818 0.0207202 0.0555823 0.101136
0 0.275882 0.314298 0.013378 0.0244409 0.100076
0 0.312698 0.325699 0.012593 0.0234427 0.0974908
0 0.300592 0.330304 0.015814 0.0353956 0.0970739
0 0.5625 0.569164 0 0.365866 0.097005
0 0.425366 0.338348 0.0302935 0.0442167 0.0948203
0 0.223673 0.314502 0.0244072 0.0585394 0.0913537
0 0.5625 0.459368 0 0.108489 0.0879739
0 0.402969 0.331516 0.0241392 0.0380963 0.0852529
0 0.488568 0.342147 0.0154349 0.0337546 0.0839176
0 0.27546 0.320528 0.0165426 0.0417669 0.0815362
0 0.5625 0.591342 0 0.242764 0.0812239
0 0.477883 0.347687 0.0330192 0.0408585 0.0812174
0 0.444844 0.354275 0.0443952 0.0386847 0.0794279
0 0.288775 0.32949 0.0128152 0.0302581 0.0792213
0 0.296421 0.335119 0.0179492 0.0285664 0.0778751
0 0.0120485 0.356123 0.024069 0.166328 0.0775011
0 0.307785 0.35294 0.0163095 0.0315594 0.0772516
0 0.205641 0.322437 0.0241765 0.046241 0.0754863
0 0.392342 0.331326 0.0194519 0.0331786 0.0746586
0 0.456543 0.354839 0.0240643 0.0302863 0.0742746
0 0.38406 0.334854 0.0145481 0.0253397 0.0741703
0 0.505716 0.321194 0.0549112 0.107027 0.0709715
0 0.211054 0.320223 0.0229053 0.0503026 0.0704785
0 0.4609 0.347326 0.0265974 0.0338152 0.0703163
0 0.978972 0.625008 0.0409592 0.249028 0.0695868
0 0.127479 0.256886 0.0322337 0.0386799 0.0694269
0 0.16506 0.267815 0.0356363 0.0314883 0.0691383
0 0.138734 0.263222 0.0241797 0.0286737 0.0691143
0 0.190558 0.328954 0.0286688 0.0382245 0.0690149
0 0.325879 0.330274 0.011073 0.0252204 0.0669966
0 0.990572 0.544018 0.0177576 0.223218 0.0668162
0 0.0187762 0.368438 0.0382687 0.225916 0.0664712
0 0.435605 0.34009 0.0415253 0.0507618 0.0664493
0 0.185476 0.332786 0.0281368 0.0326314 0.0658194
0 0.596727 0.164701 0.0645956 0.0756575 0.064842
0 0.975748 0.42596 0.0473804 0.119339 0.0646049
0 0.275627 0.309298 0.0154402 0.0253992 0.0641095
0 0.984691 0.532925 0.030928 0.266433 0.0629019
0 0.422917 0.329333 0.0310227 0.0520798 0.0620587
0 0.006294 0.322413 0.0124796 0.0833555 0.0610232
0 0.00723142 0.337722 0.015419 0.110926 0.0610186
0 0.982436 0.411959 0.0355034 0.1025 0.060067
0 0.355507 0.319477 0.0125548 0.0192409 0.0595059
0 0.179917 0.308617 0.0451011 0.0691129 0.0593491
0 0.215708 0.325428 0.0140708 0.041571 0.0586346
0 0.105858 0.260917 0.0466833 0.0291429 0.0545173
0 0.405512 0.343696 0.0166372 0.0285689 0.0543444
0 0.34059 0.31844 0.0144606 0.017938 0.0541863
0 0.356814 0.329567 0.0112676 0.0209512 0.0537127
0 0.19804 0.315655 0.0359058 0.0593611 0.0534392
0 0.207983 0.310142 0.027994 0.0628497 0.0530808
0 0.986688 0.0730568 0.0264685 0.110338 0.0528545
0 0.433156 0.329209 0.0360284 0.0574805 0.0525493
0 0.452321 0.325567 0.060962 0.076946 0.0520025
0 0.280363 0.331144 0.0181597 0.0508032 0.0510586
0 0.485968 0.347613 0.017021 0.02743 0.0503404
0 0.383353 0.320269 0.0235434 0.0415312 0.0498458
0 0.458393 0.343046 0.0395828 0.0458469 0.0491994
0 0.588493 0.166019 0.0437798 0.0571754 0.0491375
0 0.363874 0.319832 0.0139839 0.0210129 0.0487146
0 0.157545 0.293404 0.0401827 0.0642255 0.048328
0 0.474926 0.332829 0.0348457 0.0586351 0.0481301
0 0.109654 0.253015 0.0578916 0.0507433 0.0477863
0 0.177706 0.331022 0.0263295 0.0354982 0.0477249
0 0.0167269 0.346378 0.0337735 0.126689 0.0464645
0 0.986064 0.0857147 0.0291101 0.174144 0.0464469
0 0.0322103 0.341232 0.0610467 0.142286 0.0459316
0 0.233863 0.31505 0.042938 0.0664597 0.0457023
0 0.960686 0.425577 0.06908 0.123203 0.0452673
0 0.319819 0.303317 0.0157206 0.0311675 0.0448946
0 0.462258 0.356932 0.0138839 0.0254227 0.044314
0 0.410987 0.343681 0.0184995 0.0298283 0.0437033
0 0.47198 0.350851 0.0159787 0.0257404 0.0432099
0 0.969365 0.640081 0.0589003 0.207444 0.0432052
0 0.170278 0.254567 0.0219881 0.0243209 0.0411822
0 0.379061 0.344015 0.0152909 0.0237598 0.0408276
0 0.171422 0.322216 0.0401527 0.0590283 0.0401687
0 0.498999 0.343319 0.0188814 0.0390991 0.0399624
0 0.214014 0.331748 0.0121391 0.0323079 0.0399238
0 0.203487 0.297632 0.0327548 0.06754 0.0398843
0 0.508482 0.347526 0.0187343 0.0344379 0.0390203
0 0.0272448 0.318701 0.0532938 0.0744827 0.0387436
0 0.960373 0.607963 0.0831999 0.270761 0.0384739
0 0.427755 0.353998 0.020777 0.0348877 0.0381997
0 0.014058 0.324976 0.0285623 0.0796616 0.0377352
0 0.112044 0.301432 0.121071 0.0716013 0.0373186
0 0.124705 0.382544 0.132931 0.198752 0.0371249
0 0.180305 0.251656 0.0381789 0.0380321 0.0370963
0 0.43317 0.352624 0.0272074 0.0323083 0.0369064
0 0.951476 0.449029 0.0686846 0.118074 0.0368605
0 0.376534 0.322954 0.0136544 0.0224125 0.0360024
0 0.180027 0.343342 0.0230937 0.0425194 0.0357762
0 0.195762 0.332941 0.0245048 0.0342115 0.0353674
0 0.419133 0.358429 0.0176608 0.0321618 0.035356
0 0.177636 0.243428 0.0181735 0.0233582 0.0351125
0 0.0851562 0.254373 0.101829 0.0593569 0.0345632
0 0.974644 0.398433 0.0498188 0.0962739 0.03411
0 0.374362 0.333848 0.0113347 0.0208089 0.0340635
0 0.963299 0.431795 0.0773453 0.195173 0.0340139
0 0.0123647 0.415923 0.024997 0.156126 0.033789
0 0.787229 0.391083 0.0382773 0.112681 0.033232
0 0.548989 0.184055 0.039905 0.0639107 0.0331729
0 0.467076 0.322147 0.0593708 0.0880876 0.0330964
0 0.177929 0.356098 0.0211031 0.0449432 0.033013
0 0.247242 0.30888 0.0761189 0.0935337 0.0327846
0 0.963425 0.385296 0.0747713 0.113683 0.0320062
0 0.596617 0.181055 0.0780046 0.10795 0.0319666
0 0.0486205 0.304403 0.0915018 0.0647348 0.0319571
0 0.357789 0.364504 0.0233223 0.0424678 0.0314955
0 0.0678378 0.299133 0.162329 0.0720857 0.031458
0 0.0989553 0.290829 0.120157 0.0510726 0.0314241
0 0.486231 0.328095 0.0403893 0.077895 0.0312379
0 0.221387 0.337215 0.0151694 0.0300767 0.0310468
0 0.786163 0.365694 0.0405843 0.186474 0.0309742
0 0.873449 0.13037 0.229027 0.28639 0.0308718
0 0.979352 0.680966 0.0396851 0.181985 0.0308064
0 0.538642 0.18151 0.0584957 0.0732948 0.0304798
0 0.0389259 0.491162 0.0766747 0.226571 0.0302193
0 0.963607 0.501766 0.0780582 0.260019 0.0301311
0 0.160391 0.261224 0.0288761 0.028988 0.0301226
0 0.590658 0.180314 0.0509373 0.0799291 0.0295283
0 0.512759 0.369743 0.0221886 0.0415193 0.0294318
0 0.98383 0.383 0.031324 0.0888645 0.0294151
0 0.765788 0.336161 0.0874109 0.209177 0.0290875
0 0.128546 0.281702 0.0522531 0.0604113 0.028911
0 0.620877 0.430218 0.0629293 0.0596923 0.0287982
0 0.546349 0.348986 0.0697836 0.0813567 0.0286357
0 0.245421 0.320643 0.0248749 0.0408289 0.0284557
0 0.257509 0.342059 0.0191233 0.0331264 0.0282197
0 0.00717975 0.289101 0.0139542 0.0583756 0.0281741
0 0.240398 0.291281 0.063347 0.0898535 0.0280862
0 0.26682 0.312388 0.0305036 0.0441188 0.0280484
0 0.189136 0.197345 0.0196184 0.0537452 0.0279988
0 0.381173 0.216435 0.0208172 0.0314921 0.0279777
0 0.430217 0.242721 0.0245294 0.0408769 0.0279094
0 0.0321902 0.39139 0.0598713 0.184065 0.0279074
0 0.0762159 0.266667 0.104649 0.0522287 0.0278825
0 0.189783 0.240056 0.017509 0.0292704 0.0276656
0 0.19027 0.171474 0.0205333 0.0616518 0.0272915
0 0.0122407 0.303434 0.0255991 0.0679587 0.0267733
0 0.143241 0.278023 0.0396264 0.0585002 0.0267343
0 0.461348 0.286139 0.0641681 0.081611 0.0267143
0 0.144583 0.26167 0.0273222 0.032249 0.0263785
0 0.514319 0.353472 0.0282009 0.0446862 0.0259298
0 0.00827199 0.285479 0.0194587 0.115798 0.0258511
0 0.0792467 0.272584 0.122708 0.114392 0.0257553
0 0.332367 0.299941 0.0113865 0.0164469 0.02562
0 0.366571 0.223917 0.0200874 0.0278948 0.0255066
0 0.0485891 0.383459 0.0920929 0.22007 0.0254994
0 0.377763 0.317615 0.0171166 0.0283459 0.0252285
0 0.532384 0.346684 0.0522961 0.0679132 0.0251637
0 0.431237 0.362739 0.0219749 0.0321803 0.0249479
0 0.622298 0.175445 0.158994 0.190066 0.0248968
0 0.0417044 0.301065 0.0645882 0.0533005 0.0247782
0 0.574063 0.183543 0.0683946 0.0919298 0.0247656
0 0.286326 0.334363 0.0122603 0.0378551 0.0246063
0 0.360615 0.224937 0.0166588 0.0252065 0.0245296
0 0.629156 0.158037 0.131427 0.132122 0.0242853
0 0.01046 0.28198 0.0222548 0.0700063 0.0242463
0 0.897391 0.0888024 0.190008 0.195036 0.02417
0 0.963086 0.584769 0.0666487 0.195571 0.0240924
0 0.446622 0.362149 0.0247533 0.031608 0.0240672
0 0.970692 0.398761 0.0559708 0.205948 0.0240315
0 0.320236 0.296954 0.0111541 0.0154493 0.0236379
0 0.931802 0.621547 0.127361 0.222862 0.0234863
0 0.55499 0.196374 0.0413223 0.0706484 0.023396
0 0.428115 0.283923 0.0370257 0.085396 0.0233333
0 0.290377 0.340294 0.0196719 0.0407418 0.0232271
0 0.953414 0.638895 0.0807865 0.183906 0.0232142
0 0.9348 0.451135 0.116166 0.146201 0.0227545
0 0.783895 0.328545 0.0432558 0.168439 0.022629
0 0.791703 0.449274 0.0298508 0.0466814 0.022621
0 0.971964 0.365364 0.054595 0.123282 0.0225093
0 0.510226 0.290567 0.0579932 0.164963 0.0221327
0 0.651836 0.173773 0.192761 0.236238 0.0220871
0 0.606488 0.431524 0.0376415 0.0492603 0.0219993
0 0.149456 0.310089 0.0770278 0.0798485 0.021952
0 0.993512 0.169771 0.0129469 0.095479 0.0219292
0 0.34282 0.29927 0.0118578 0.0174627 0.0218838
0 0.364563 0.282051 0.0146121 0.0250297 0.0218824
0 0.227747 0.295417 0.0361824 0.071074 0.0216071
0 0.755628 0.368845 0.108083 0.179511 0.0215991
0 0.779491 0.451042 0.0484194 0.0466476 0.0214458
0 0.462846 0.277838 0.0534723 0.0582207 0.0214072
0 0.481932 0.540863 0.141533 0.18684 0.0213805
0 0.416458 0.859886 0.0203307 0.0491655 0.0213271
0 0.56996 0.145907 0.057269 0.0536558 0.0212203
0 0.522585 0.340037 0.0600218 0.0715006 0.0212113
0 0.150675 0.426545 0.0761843 0.124612 0.0210479
0 0.261448 0.302005 0.0182777 0.0303741 0.0208144
0 0.189064 0.26659 0.0283895 0.0409063 0.0207987
0 0.378367 0.266303 0.0202329 0.0356256 0.020752
0 0.463556 0.377566 0.0322795 0.0525424 0.0207037
0 0.386157 0.263331 0.0269276 0.0447561 0.0206412
0 0.641461 0.350486 0.137741 0.188907 0.020617
0 0.676954 0.444878 0.0765394 0.0600795 0.0205944
0 0.19348 0.152135 0.0245055 0.0596384 0.0204707
0 0.270376 0.219442 0.0238037 0.0328184 0.0203131
0 0.44225 0.238479 0.0300712 0.0492744 0.0202285
0 0.313333 0.296513 0.0106441 0.0157229 0.0201601
0 0.380938 0.207167 0.02116 0.0346848 0.0201139
0 0.120107 0.327446 0.0965133 0.10797 0.0201087
0 0.513205 0.299325 0.0413865 0.112148 0.0200011
0 0.152199 0.32784 0.0907441 0.0962478 0.0199881
0 0.175096 0.342186 0.0338823 0.0629108 0.0198299
0 0.51785 0.227094 0.0421962 0.0743459 0.0198019
0 0.0713065 0.642113 0.134059 0.323868 0.0197892
0 0.521204 0.324701 0.0500416 0.0780127 0.019759
0 0.579191 0.182131 0.119793 0.160262 0.0197146
0 0.62067 0.189244 0.0348248 0.0587131 0.0197085
0 0.0461917 0.363349 0.0843926 0.128617 0.0195663
0 0.520772 0.202797 0.0386681 0.0645396 0.0195437
0 0.686679 0.443171 0.0474116 0.0512521 0.0194414
0 0.990773 0.13379 0.019021 0.130764 0.0194103
0 0.424676 0.247103 0.0296826 0.046037 0.0193201
0 0.47564 0.227029 0.0454124 0.0613444 0.0192814
0 0.067468 0.418438 0.125867 0.15019 0.0192447
0 0.35045 0.294797 0.0121733 0.0191061 0.019133
0 0.0694698 0.334616 0.0784845 0.0887527 0.0190392
0 0.983369 0.357673 0.0319971 0.112563 0.0189983
0 0.379348 0.150824 0.0256708 0.0389745 0.0189838
0 0.420247 0.278257 0.0273548 0.0460456 0.0188892
0 0.638601 0.435054 0.0822009 0.0663424 0.0188423
0 0.389643 0.220578 0.0253595 0.0353566 0.0188188
0 0.0564784 0.289102 0.11267 0.202262 0.0187787
0 0.399309 0.374773 0.0362921 0.0682027 0.0186026
0 0.16685 0.35927 0.0604101 0.118142 0.018583
0 0.52716 0.195586 0.0428008 0.0635245 0.0185698
0 0.69607 0.457152 0.0413546 0.0688455 0.018523
0 0.985326 0.688383 0.0247164 0.169413 0.0185125
0 0.48383 0.308056 0.0524605 0.137178 0.0184701
0 0.401398 0.303665 0.0299178 0.0499081 0.018462
0 0.568675 0.346363 0.0659696 0.0910166 0.0184497
0 0.534859 0.122856 0.0746716 0.116914 0.0183917
0 0.782482 0.410516 0.0536483 0.125146 0.0183594
0 0.523102 0.35971 0.0191633 0.0372086 0.0182445
0 0.145842 0.388024 0.0942181 0.150635 0.0181832
0 0.113227 0.255048 0.0388807 0.0376428 0.0181603
0 0.405703 0.818349 0.0215755 0.0336022 0.0181204
0 0.636216 0.358281 0.0721725 0.124757 0.0180923
0 0.00753907 0.475369 0.0188581 0.125705 0.0180799
0 0.545707 0.32553 0.082394 0.107748 0.0180681
0 0.764109 0.380457 0.0812689 0.130884 0.0180373
0 0.358412 0.208624 0.0246382 0.040285 0.0179936
0 0.789714 0.168042 0.220241 0.317926 0.0177997
0 0.286182 0.284893 0.0253764 0.0330498 0.0177895
0 0.00944064 0.426987 0.0185768 0.111882 0.0177617
0 0.740774 0.513489 0.0611298 0.0718355 0.0177046
0 0.605369 0.427932 0.0565432 0.0745251 0.0176821
0 0.559245 0.365732 0.0541185 0.0695897 0.0176251
0 0.523255 0.296131 0.0608293 0.126162 0.017594
0 0.0761041 0.245447 0.119547 0.109323 0.0175799
0 0.62954 0.182237 0.0387692 0.05103 0.0174789
0 0.699495 0.439422 0.0280399 0.0358181 0.0174684
0 0.469987 0.53073 0.068586 0.118554 0.0174535
0 0.472365 0.199772 0.0434593 0.0437475 0.0174155
0 0.122474 0.349806 0.0588775 0.0858488 0.0174106
0 0.0518952 0.199142 0.0341256 0.036333 0.0173821
0 0.349811 0.344554 0.0234765 0.0444146 0.0173746
0 0.541413 0.196975 0.0442258 0.0733147 0.0173538
0 0.509725 0.234343 0.028966 0.0535733 0.0173112
0 0.781743 0.28044 0.0525396 0.109344 0.0172915
0 0.848713 0.124819 0.169522 0.198499 0.017221
0 0.276989 0.222632 0.029735 0.037683 0.0172084
0 0.407283 0.365796 0.0270036 0.0407511 0.0171944
0 0.0977816 0.382237 0.195563 0.23188 0.912161
0 0.249017 0.336382 0.0684398 0.0991084 0.903509
0 0.291186 0.337309 0.0287457 0.0540422 0.870138
0 0.34593 0.344373 0.0403721 0.0613999 0.85615
0 0.322539 0.330326 0.0185766 0.0326011 0.597269
0 0.306683 0.328606 0.0160783 0.0317778 0.523673
0 0.491056 0.345432 0.0204697 0.0471909 0.456424
0 0.372821 0.338714 0.0173599 0.0247223 0.394663
0 0.497994 0.3444 0.0329646 0.052286 0.263103
0 0.366916 0.336335 0.0132247 0.0234958 0.219563
0 0.315013 0.327678 0.0152394 0.0289366 0.209931
0 0.310003 0.328738 0.0128966 0.0268918 0.196602
0 0.317642 0.33104 0.0121249 0.0242395 0.186532
0 0.378266 0.337101 0.0179609 0.0261982 0.181837
0 0.5625 0.635787 0 0.194218 0.176124
0 0.324539 0.317881 0.0161355 0.0268462 0.175652
0 0.30581 0.321843 0.0142934 0.0245286 0.175274
0 0.4895 0.350931 0.0155194 0.0340417 0.174278
0 0.313248 0.332155 0.0136758 0.0259032 0.163871
0 0.320654 0.320254 0.0163295 0.0270344 0.150235
0 0.37443 0.341237 0.0123691 0.0214879 0.149614
0 0.295182 0.334586 0.0212371 0.0431491 0.138846
0 0.381655 0.339866 0.0145643 0.022378 0.136225
0 0.5625 0.673902 0 0.147587 0.134371
0 0.355805 0.334695 0.0141331 0.0227852 0.132732
0 0.5625 0.456071 0 0.154261 0.123412
0 0.5625 0.617681 0 0.261298 0.121963
0 0.506202 0.343192 0.0541297 0.0579224 0.116658
0 0.338876 0.341263 0.0311836 0.0482719 0.116123
0 0.174474 0.299516 0.0632873 0.0837741 0.108734
0 0.296677 0.319185 0.0146236 0.0228828 0.10773
0 0.357212 0.339544 0.0205019 0.0346202 0.105291
0 0.419389 0.339192 0.0248065 0.0366172 0.104898
0 0.430034 0.345875 0.0285515 0.03952 0.101189
0 0.219321 0.318818 0.0207202 0.0555823 0.101136
0 0.275882 0.314298 0.013378 0.0244409 0.100076
0 0.312698 0.325699 0.012593 0.0234427 0.0974908
0 0.300592 0.330304 0.015814 0.0353956 0.0970739
0 0.5625 0.569164 0 0.365866 0.097005
0 0.425366 0.338348 0.0302935 0.0442167 0.0948203
0 0.223673 0.314502 0.0244072 0.0585394 0.0913537
0 0.5625 0.459368 0 0.108489 0.0879739
0 0.402969 0.331516 0.0241392 0.0380963 0.0852529
0 0.488568 0.342147 0.0154349 0.0337546 0.0839176
0 0.27546 0.320528 0.0165426 0.0417669 0.0815362
0 0.5625 0.591342 0 0.242764 0.0812239
0 0.477883 0.347687 0.0330192 0.0408585 0.0812174
0 0.444844 0.354275 0.0443952 0.0386847 0.0794279
0 0.288775 0.32949 0.0128152 0.0302581 0.0792213
0 0.296421 0.335119 0.0179492 0.0285664 0.0778751
0 0.0120485 0.356123 0.024069 0.166328 0.0775011
0 0.307785 0.35294 0.0163095 0.0315594 0.0772516
0 0.205641 0.322437 0.0241765 0.046241 0.0754863
0 0.392342 0.331326 0.0194519 0.0331786 0.0746586
0 0.456543 0.354839 0.0240643 0.0302863 0.0742746
0 0.38406 0.334854 0.0145481 0.0253397 0.0741703
0 0.505716 0.321194 0.0549112 0.107027 0.0709715
0 0.211054 0.320223 0.0229053 0.0503026 0.0704785
0 0.4609 0.347326 0.0265974 0.0338152 0.0703163
0 0.978972 0.625008 0.0409592 0.249028 0.0695868
0 0.127479 0.256886 0.0322337 0.0386799 0.0694269
0 0.16506 0.267815 0.0356363 0.0314883 0.0691383
0 0.138734 0.263222 0.0241797 0.0286737 0.0691143
0 0.190558 0.328954 0.0286688 0.0382245 0.0690149
0 0.325879 0.330274 0.011073 0.0252204 0.0669966
0 0.990572 0.544018 0.0177576 0.223218 0.0668162
0 0.0187762 0.368438 0.0382687 0.225916 0.0664712
0 0.435605 0.34009 0.0415253 0.0507618 0.0664493
0 0.185476 0.332786 0.0281368 0.0326314 0.0658194
0 0.596727 0.164701 0.0645956 0.0756575 0.064842
0 0.975748 0.42596 0.0473804 0.119339 0.0646049
0 0.275627 0.309298 0.0154402 0.0253992 0.0641095
0 0.984691 0.532925 0.030928 0.266433 0.0629019
0 0.422917 0.329333 0.0310227 0.0520798 0.0620587
0 0.006294 0.322413 0.0124796 0.0833555 0.0610232
0 0.00723142 0.337722 0.015419 0.110926 0.0610186
0 0.982436 0.411959 0.0355034 0.1025 0.060067
0 0.355507 0.319477 0.0125548 0.0192409 0.0595059
0 0.179917 0.308617 0.0451011 0.0691129 0.0593491
0 0.215708 0.325428 0.0140708 0.041571 0.0586346
0 0.105858 0.260917 0.0466833 0.0291429 0.0545173
0 0.405512 0.343696 0.0166372 0.0285689 0.0543444
0 0.34059 0.31844 0.0144606 0.017938 0.0541863
0 0.356814 0.329567 0.0112676 0.0209512 0.0537127
0 0.19804 0.315655 0.0359058 0.0593611 0.0534392
0 0.207983 0.310142 0.027994 0.0628497 0.0530808
0 0.986688 0.0730568 0.0264685 0.110338 0.0528545
0 0.433156 0.329209 0.0360284 0.0574805 0.0525493
0 0.452321 0.325567 0.060962 0.076946 0.0520025
0 0.280363 0.331144 0.0181597 0.0508032 0.0510586
0 0.485968 0.347613 0.017021 0.02743 0.0503404
0 0.383353 0.320269 0.0235434 0.0415312 0.0498458
0 0.458393 0.343046 0.0395828 0.0458469 0.0491994
0 0.588493 0.166019 0.0437798 0.0571754 0.0491375
0 0.363874 0.319832 0.0139839 0.0210129 0.0487146
0 0.157545 0.293404 0.0401827 0.0642255 0.048328
0 0.474926 0.332829 0.0348457 0.0586351 0.0481301
0 0.109654 0.253015 0.0578916 0.0507433 0.0477863
0 0.177706 0.331022 0.0263295 0.0354982 0.0477249
0 0.0167269 0.346378 0.0337735 0.126689 0.0464645
0 0.986064 0.0857147 0.0291101 0.174144 0.0464469
0 0.0322103 0.341232 0.0610467 0.142286 0.0459316
0 0.233863 0.31505 0.042938 0.0664597 0.0457023
0 0.960686 0.425577 0.06908 0.123203 0.0452673
0 0.319819 0.303317 0.0157206 0.0311675 0.0448946
0 0.462258 0.356932 0.0138839 0.0254227 0.044314
0 0.410987 0.343681 0.0184995 0.0298283 0.0437033
0 0.47198 0.350851 0.0159787 0.0257404 0.0432099
0 0.969365 0.640081 0.0589003 0.207444 0.0432052
0 0.170278 0.254567 0.0219881 0.0243209 0.0411822
0 0.379061 0.344015 0.0152909 0.0237598 0.0408276
0 0.171422 0.322216 0.0401527 0.0590283 0.0401687
0 0.498999 0.343319 0.0188814 0.0390991 0.0399624
0 0.214014 0.331748 0.0121391 0.0323079 0.0399238
0 0.203487 0.297632 0.0327548 0.06754 0.0398843
0 0.508482 0.347526 0.0187343 0.0344379 0.0390203
0 0.0272448 0.318701 0.0532938 0.0744827 0.0387436
0 0.960373 0.607963 0.0831999 0.270761 0.0384739
0 0.427755 0.353998 0.020777 0.0348877 0.0381997
0 0.014058 0.324976 0.0285623 0.0796616 0.0377352
0 0.112044 0.301432 0.121071 0.0716013 0.0373186
0 0.124705 0.382544 0.132931 0.198752 0.0371249
0 0.180305 0.251656 0.0381789 0.0380321 0.0370963
0 0.43317 0.352624 0.0272074 0.0323083 0.0369064
0 0.951476 0.449029 0.0686846 0.118074 0.0368605
0 0.376534 0.322954 0.0136544 0.0224125 0.0360024
0 0.180027 0.343342 0.0230937 0.0425194 0.0357762
0 0.195762 0.332941 0.0245048 0.0342115 0.0353674
0 0.419133 0.358429 0.0176608 0.0321618 0.035356
0 0.177636 0.243428 0.0181735 0.0233582 0.0351125
0 0.0851562 0.254373 0.101829 0.0593569 0.0345632
0 0.974644 0.398433 0.0498188 0.0962739 0.03411
0 0.374362 0.333848 0.0113347 0.0208089 0.0340635
0 0.963299 0.431795 0.0773453 0.195173 0.0340139
0 0.0123647 0.415923 0.024997 0.156126 0.033789
0 0.787229 0.391083 0.0382773 0.112681 0.033232
0 0.548989 0.184055 0.039905 0.0639107 0.0331729
0 0.467076 0.322147 0.0593708 0.0880876 0.0330964
0 0.177929 0.356098 0.0211031 0.0449432 0.033013
0 0.247242 0.30888 0.0761189 0.0935337 0.0327846
0 0.963425 0.385296 0.0747713 0.113683 0.0320062
0 0.596617 0.181055 0.0780046 0.10795 0.0319666
0 0.0486205 0.304403 0.0915018 0.0647348 0.0319571
0 0.357789 0.364504 0.0233223 0.0424678 0.0314955
0 0.0678378 0.299133 0.162329 0.0720857 0.031458
0 0.0989553 0.290829 0.120157 0.0510726 0.0314241
0 0.486231 0.328095 0.0403893 0.077895 0.0312379
0 0.221387 0.337215 0.0151694 0.0300767 0.0310468
0 0.786163 0.365694 0.0405843 0.186474 0.0309742
0 0.873449 0.13037 0.229027 0.28639 0.0308718
0 0.979352 0.680966 0.0396851 0.181985 0.0308064
0 0.538642 0.18151 0.0584957 0.0732948 0.0304798
0 0.0389259 0.491162 0.0766747 0.226571 0.0302193
0 0.963607 0.501766 0.0780582 0.260019 0.0301311
0 0.160391 0.261224 0.0288761 0.028988 0.0301226
0 0.590658 0.180314 0.0509373 0.0799291 0.0295283
0 0.512759 0.369743 0.0221886 0.0415193 0.0294318
0 0.98383 0.383 0.031324 0.0888645 0.0294151
0 0.765788 0.336161 0.0874109 0.209177 0.0290875
0 0.128546 0.281702 0.0522531 0.0604113 0.028911
0 0.620877 0.430218 0.0629293 0.0596923 0.0287982
0 0.546349 0.348986 0.0697836 0.0813567 0.0286357
0 0.245421 0.320643 0.0248749 0.0408289 0.0284557
0 0.257509 0.342059 0.0191233 0.0331264 0.0282197
0 0.00717975 0.289101 0.0139542 0.0583756 0.0281741
0 0.240398 0.291281 0.063347 0.0898535 0.0280862
0 0.26682 0.312388 0.0305036 0.0441188 0.0280484
0 0.189136 0.197345 0.0196184 0.0537452 0.0279988
0 0.381173 0.216435 0.0208172 0.0314921 0.0279777
0 0.430217 0.242721 0.0245294 0.0408769 0.0279094
0 0.0321902 0.39139 0.0598713 0.184065 0.0279074
0 0.0762159 0.266667 0.104649 0.0522287 0.0278825
0 0.189783 0.240056 0.017509 0.0292704 0.0276656
0 0.19027 0.171474 0.0205333 0.0616518 0.0272915
0 0.0122407 0.303434 0.0255991 0.0679587 0.0267733
0 0.143241 0.278023 0.0396264 0.0585002 0.0267343
0 0.461348 0.286139 0.0641681 0.081611 0.0267143
0 0.144583 0.26167 0.0273222 0.032249 0.0263785
0 0.514319 0.353472 0.0282009 0.0446862 0.0259298
0 0.00827199 0.285479 0.0194587 0.115798 0.0258511
0 0.0792467 0.272584 0.122708 0.114392 0.0257553
0 0.332367 0.299941 0.0113865 0.0164469 0.02562
0 0.366571 0.223917 0.0200874 0.0278948 0.0255066
0 0.0485891 0.383459 0.0920929 0.22007 0.0254994
0 0.377763 0.317615 0.0171166 0.0283459 0.0252285
0 0.532384 0.346684 0.0522961 0.0679132 0.0251637
0 0.431237 0.362739 0.0219749 0.0321803 0.0249479
0 0.622298 0.175445 0.158994 0.190066 0.0248968
0 0.0417044 0.301065 0.0645882 0.0533005 0.0247782
0 0.574063 0.183543 0.0683946 0.0919298 0.0247656
0 0.286326 0.334363 0.0122603 0.0378551 0.0246063
0 0.360615 0.224937 0.0166588 0.0252065 0.0245296
0 0.629156 0.158037 0.131427 0.132122 0.0242853
0 0.01046 0.28198 0.0222548 0.0700063 0.0242463
0 0.897391 0.0888024 0.190008 0.195036 0.02417
0 0.963086 0.584769 0.0666487 0.195571 0.0240924
0 0.446622 0.362149 0.0247533 0.031608 0.0240672
0 0.970692 0.398761 0.0559708 0.205948 0.0240315
0 0.320236 0.296954 0.0111541 0.0154493 0.0236379
0 0.931802 0.621547 0.127361 0.222862 0.0234863
0 0.55499 0.196374 0.0413223 0.0706484 0.023396
0 0.428115 0.283923 0.0370257 0.085396 0.0233333
0 0.290377 0.340294 0.0196719 0.0407418 0.0232271
0 0.953414 0.638895 0.0807865 0.183906 0.0232142
0 0.9348 0.451135 0.116166 0.146201 0.0227545
0 0.783895 0.328545 0.0432558 0.168439 0.022629
0 0.791703 0.449274 0.0298508 0.0466814 0.022621
0 0.971964 0.365364 0.054595 0.123282 0.0225093
0 0.510226 0.290567 0.0579932 0.164963 0.0221327
0 0.651836 0.173773 0.192761 0.236238 0.0220871
0 0.606488 0.431524 0.0376415 0.0492603 0.0219993
0 0.149456 0.310089 0.0770278 0.0798485 0.021952
0 0.993512 0.169771 0.0129469 0.095479 0.0219292
0 0.34282 0.29927 0.0118578 0.0174627 0.0218838
0 0.364563 0.282051 0.0146121 0.0250297 0.0218824
0 0.227747 0.295417 0.0361824 0.071074 0.0216071
0 0.755628 0.368845 0.108083 0.179511 0.0215991
0 0.779491 0.451042 0.0484194 0.0466476 0.0214458
0 0.462846 0.277838 0.0534723 0.0582207 0.0214072
0 0.481932 0.540863 0.141533 0.18684 0.0213805
0 0.416458 0.859886 0.0203307 0.0491655 0.0213271
0 0.56996 0.145907 0.057269 0.0536558 0.0212203
0 0.522585 0.340037 0.0600218 0.0715006 0.0212113
0 0.150675 0.426545 0.0761843 0.124612 0.0210479
0 0.261448 0.302005 0.0182777 0.0303741 0.0208144
0 0.189064 0.26659 0.0283895 0.0409063 0.0207987
0 0.378367 0.266303 0.0202329 0.0356256 0.020752
0 0.463556 0.377566 0.0322795 0.0525424 0.0207037
0 0.386157 0.263331 0.0269276 0.0447561 0.0206412
0 0.641461 0.350486 0.137741 0.188907 0.020617
0 0.676954 0.444878 0.0765394 0.0600795 0.0205944
0 0.19348 0.152135 0.0245055 0.0596384 0.0204707
0 0.270376 0.219442 0.0238037 0.0328184 0.0203131
0 0.44225 0.238479 0.0300712 0.0492744 0.0202285
0 0.313333 0.296513 0.0106441 0.0157229 0.0201601
0 0.380938 0.207167 0.02116 0.0346848 0.0201139
0 0.120107 0.327446 0.0965133 0.10797 0.0201087
0 0.513205 0.299325 0.0413865 0.112148 0.0200011
0 0.152199 0.32784 0.0907441 0.0962478 0.0199881
0 0.175096 0.342186 0.0338823 0.0629108 0.0198299
0 0.51785 0.227094 0.0421962 0.0743459 0.0198019
0 0.0713065 0.642113 0.134059 0.323868 0.0197892
0 0.521204 0.324701 0.0500416 0.0780127 0.019759
0 0.579191 0.182131 0.119793 0.160262 0.0197146
0 0.62067 0.189244 0.0348248 0.0587131 0.0197085
0 0.0461917 0.363349 0.0843926 0.128617 0.0195663
0 0.520772 0.202797 0.0386681 0.0645396 0.0195437
0 0.686679 0.443171 0.0474116 0.0512521 0.0194414
0 0.990773 0.13379 0.019021 0.130764 0.0194103
0 0.424676 0.247103 0.0296826 0.046037 0.0193201
0 0.47564 0.227029 0.0454124 0.0613444 0.0192814
0 0.067468 0.418438 0.125867 0.15019 0.0192447
0 0.35045 0.294797 0.0121733 0.0191061 0.019133
0 0.0694698 0.334616 0.0784845 0.0887527 0.0190392
0 0.983369 0.357673 0.0319971 0.112563 0.0189983
0 0.379348 0.150824 0.0256708 0.0389745 0.0189838
0 0.420247 0.278257 0.0273548 0.0460456 0.0188892
0 0.638601 0.435054 0.0822009 0.0663424 0.0188423
0 0.389643 0.220578 0.0253595 0.0353566 0.0188188
0 0.0564784 0.289102 0.11267 0.202262 0.0187787
0 0.399309 0.374773 0.0362921 0.0682027 0.0186026
0 0.16685 0.35927 0.0604101 0.118142 0.018583
0 0.52716 0.195586 0.0428008 0.0635245 0.0185698
0 0.69607 0.457152 0.0413546 0.0688455 0.018523
0 0.985326 0.688383 0.0247164 0.169413 0.0185125
0 0.48383 0.308056 0.0524605 0.137178 0.0184701
0 0.401398 0.303665 0.0299178 0.0499081 0.018462
0 0.568675 0.346363 0.0659696 0.0910166 0.0184497
0 0.534859 0.122856 0.0746716 0.116914 0.0183917
0 0.782482 0.410516 0.0536483 0.125146 0.0183594
0 0.523102 0.35971 0.0191633 0.0372086 0.0182445
0 0.145842 0.388024 0.0942181 0.150635 0.0181832
0 0.113227 0.255048 0.0388807 0.0376428 0.0181603
0 0.405703 0.818349 0.0215755 0.0336022 0.0181204
0 0.636216 0.358281 0.0721725 0.124757 0.0180923
0 0.00753907 0.475369 0.0188581 0.125705 0.0180799
0 0.545707 0.32553 0.082394 0.107748 0.0180681
0 0.764109 0.380457 0.0812689 0.130884 0.0180373
0 0.358412 0.208624 0.0246382 0.040285 0.0179936
0 0.789714 0.168042 0.220241 0.317926 0.0177997
0 0.286182 0.284893 0.0253764 0.0330498 0.0177895
0 0.00944064 0.426987 0.0185768 0.111882 0.0177617
0 0.740774 0.513489 0.0611298 0.0718355 0.0177046
0 0.605369 0.427932 0.0565432 0.0745251 0.0176821
0 0.559245 0.365732 0.0541185 0.0695897 0.0176251
0 0.523255 0.296131 0.0608293 0.126162 0.017594
0 0.0761041 0.245447 0.119547 0.109323 0.0175799
0 0.62954 0.182237 0.0387692 0.05103 0.0174789
0 0.699495 0.439422 0.0280399 0.0358181 0.0174684
0 0.469987 0.53073 0.068586 0.118554 0.0174535
0 0.472365 0.199772 0.0434593 0.0437475 0.0174155
0 0.122474 0.349806 0.0588775 0.0858488 0.0174106
0 0.0518952 0.199142 0.0341256 0.036333 0.0173821
0 0.349811 0.344554 0.0234765 0.0444146 0.0173746
0 0.541413 0.196975 0.0442258 0.0733147 0.0173538
0 0.509725 0.234343 0.028966 0.0535733 0.0173112
0 0.781743 0.28044 0.0525396 0.109344 0.0172915
0 0.848713 0.124819 0.169522 0.198499 0.017221
0 0.276989 0.222632 0.029735 0.037683 0.0172084
0 0.407283 0.365796 0.0270036 0.0407511 0.0171944
