0 0.563342 0.550427 0.125213 0.202374 0.915322
0 0.640598 0.50992 0.0444156 0.0601437 0.848282
0 0.286266 0.51 0.0903264 0.0942546 0.735224
0 0.970319 0.606093 0.0593627 0.239289 0.563275
0 0.455409 0.494865 0.0261127 0.0370039 0.470653
0 0.779101 0.470266 0.175704 0.294608 0.469618
0 0.361086 0.503572 0.0444519 0.0675164 0.420972
0 0.465641 0.493662 0.0271468 0.0350928 0.409558
0 0.391205 0.469519 0.0695417 0.113856 0.403183
0 0.34341 0.508137 0.035183 0.0694178 0.402754
0 0.432567 0.498499 0.02073 0.0318863 0.400049
0 0.50768 0.483664 0.0217803 0.0350791 0.375003
0 0.440467 0.496694 0.0244809 0.0361328 0.344664
0 0.675121 0.497833 0.0393279 0.0565316 0.315366
0 0.499756 0.483328 0.0240631 0.0344182 0.310796
0 0.473867 0.490503 0.0230288 0.0336773 0.30692
0 0.404098 0.499843 0.0415501 0.0509521 0.300994
0 0.488116 0.484361 0.0194149 0.0315867 0.286172
0 0.316303 0.507704 0.0430198 0.0801856 0.285089
0 0.451805 0.487135 0.0300564 0.0510885 0.265341
0 0.779925 0.553926 0.144076 0.123 0.257638
