0 0.471561 0.567025 0.0465674 0.0720773 0.914086
0 0.161117 0.572853 0.0701754 0.069241 0.874955
0 0.312349 0.56262 0.0306074 0.042051 0.858727
0 0.356664 0.564787 0.0160505 0.0212452 0.712094
0 0.439551 0.546886 0.0152084 0.0174886 0.466924
0 0.374589 0.566849 0.0168574 0.019269 0.43366
0 0.371427 0.567621 0.0133699 0.0172061 0.328248
0 0.447302 0.549013 0.00899963 0.0144647 0.301167
0 0.437829 0.54789 0.0112494 0.0139067 0.284206
0 0.449093 0.546612 0.0121932 0.019333 0.246821
0 0.377178 0.567674 0.0124228 0.0147031 0.242481
0 0.0197752 0.538919 0.0391985 0.0474158 0.202661
0 0.452174 0.546564 0.0129492 0.0183679 0.178129
0 0.504617 0.536627 0.015587 0.0199759 0.177344
0 0.45118 0.55093 0.0122737 0.0174746 0.176565
0 0.378539 0.564075 0.01077 0.0161608 0.169025
0 0.368997 0.56596 0.0129807 0.0191815 0.166469
0 0.410484 0.547613 0.0133899 0.0176691 0.164118
0 0.444699 0.550252 0.011552 0.0184701 0.161022
0 0.371401 0.56507 0.0100128 0.0161915 0.160092
0 0.439989 0.550182 0.0105422 0.0158262 0.157501
0 0.37252 0.562723 0.0129248 0.017237 0.15483
0 0.410995 0.553219 0.0120319 0.0155805 0.148944
0 0.446153 0.546528 0.0120998 0.0171718 0.145248
0 0.380652 0.561112 0.0117356 0.0158543 0.139069
0 0.415459 0.548365 0.0114343 0.0175268 0.136039
0 0.371979 0.571912 0.0126023 0.018346 0.131508
0 0.505098 0.542102 0.0198578 0.030426 0.122436
0 0.0409031 0.541316 0.0478765 0.0368985 0.121006
0 0.420316 0.55147 0.011796 0.018472 0.113858
0 0.448407 0.554528 0.0128722 0.0252294 0.112852
0 0.0496636 0.538054 0.0708799 0.0488386 0.11224
0 0.433048 0.549965 0.0115044 0.014081 0.110094
0 0.408636 0.542741 0.0131977 0.0155129 0.104574
0 0.0204014 0.548987 0.0408029 0.0789948 0.103756
0 0.281416 0.542108 0.0316633 0.0369634 0.100615
0 0.446929 0.542786 0.0133224 0.0183484 0.0988303
0 0.0224422 0.543077 0.0265961 0.0342025 0.0970231
0 0.28893 0.539502 0.0252281 0.029673 0.095913
0 0.501424 0.541561 0.0121624 0.0187273 0.0937658
0 0.0576102 0.534792 0.103133 0.0775857 0.0923719
0 0.414355 0.543945 0.0105779 0.0143162 0.0912126
0 0.414462 0.554105 0.012049 0.0147769 0.0903384
0 0.49844 0.537374 0.0186271 0.0202415 0.0881066
0 0.494179 0.535514 0.0135638 0.0190159 0.0877702
0 0.392555 0.558817 0.0100929 0.0125255 0.0876401
0 0.0224657 0.573343 0.0449314 0.10783 0.0873517
0 0.347813 0.568254 0.015209 0.0221644 0.083282
0 0.204883 0.563133 0.036405 0.0429891 0.0827369
0 0.0275057 0.541632 0.0233809 0.025772 0.081614
0 0.270776 0.536046 0.0335959 0.0352445 0.078793
0 0.0210862 0.526619 0.0424061 0.0838586 0.0767378
0 0.0520797 0.555641 0.0828077 0.0831965 0.0749737
0 0.440223 0.54371 0.0126007 0.017051 0.0742606
0 0.453827 0.55408 0.0156392 0.0315143 0.0639302
0 0.396343 0.543357 0.0130387 0.0145663 0.0628519
0 0.481926 0.538845 0.0165183 0.0188734 0.061619
0 0.127696 0.543718 0.0479045 0.0593419 0.0588076
0 0.0283687 0.551716 0.0468923 0.0549175 0.0569907
0 0.505015 0.529893 0.0205279 0.0291118 0.056959
0 0.152368 0.562229 0.0459515 0.0416685 0.0568844
0 0.460387 0.535174 0.0245641 0.0285606 0.0560591
0 0.232043 0.540013 0.0916948 0.0814617 0.0553596
0 0.389007 0.543863 0.0120656 0.0155697 0.0548776
0 0.206518 0.547576 0.0400585 0.0620702 0.0545966
0 0.21793 0.543676 0.061101 0.0732441 0.054086
0 0.0757907 0.536101 0.127179 0.107531 0.0540661
0 0.276147 0.528487 0.0504225 0.0535262 0.0530965
0 0.295605 0.547417 0.0192463 0.0233723 0.0512651
0 0.309466 0.562235 0.0196774 0.0266404 0.0503005
0 0.147525 0.52522 0.0724076 0.071182 0.0496043
0 0.25648 0.528335 0.062013 0.0618334 0.0490127
0 0.301335 0.553089 0.0143912 0.0227939 0.0474559
0 0.304077 0.561128 0.0136418 0.0223117 0.0456943
0 0.481916 0.557799 0.0191935 0.0357106 0.0446067
0 0.511086 0.535357 0.0269515 0.0330232 0.0441773
0 0.176885 0.549091 0.107155 0.107936 0.0437464
0 0.0595575 0.582168 0.105624 0.128567 0.0432504
0 0.325811 0.561571 0.0128768 0.0203693 0.0431235
0 0.108246 0.578619 0.0459802 0.0549999 0.0428734
0 0.334261 0.563201 0.0120136 0.0187615 0.0422578
0 0.38577 0.544056 0.012013 0.0162252 0.0417972
0 0.500335 0.543245 0.0148675 0.0267685 0.0412912
0 0.030688 0.588147 0.0581898 0.177815 0.0410284
0 0.306437 0.566875 0.0172391 0.0249316 0.040797
0 0.284766 0.551631 0.0171815 0.0217062 0.039735
0 0.305227 0.552058 0.0173748 0.0238023 0.0393312
0 0.131693 0.57454 0.0152602 0.0275797 0.0388867
0 0.514048 0.543253 0.0233171 0.0293601 0.0388346
0 0.163667 0.537432 0.0808371 0.0812555 0.0377636
0 0.269423 0.548237 0.0495167 0.0594451 0.0374622
0 0.280648 0.543043 0.0217748 0.0295659 0.0372099
0 0.503297 0.541179 0.0142654 0.0237562 0.0368843
0 0.144054 0.572952 0.0328653 0.0454559 0.036302
0 0.0793688 0.552428 0.0985016 0.0775647 0.0361932
0 0.500619 0.550919 0.0157672 0.0275095 0.0351566
0 0.38913 0.557652 0.0127213 0.0186967 0.0343582
0 0.0522863 0.611148 0.102492 0.230241 0.0341178
0 0.0159559 0.582843 0.0309859 0.112813 0.0338738
0 0.313171 0.695774 0.0262537 0.0264369 0.0336433
0 0.133001 0.52739 0.0478543 0.0571481 0.0332237
0 0.0907167 0.53029 0.0701578 0.0741701 0.0329503
0 0.0322381 0.505347 0.0636693 0.141231 0.0322076
0 0.175428 0.577831 0.0412935 0.0498182 0.0319394
0 0.208795 0.534456 0.0500331 0.0700968 0.0308935
0 0.0414404 0.509081 0.0535678 0.0877692 0.0296362
0 0.284696 0.536205 0.0213682 0.0277119 0.0296335
0 0.0596826 0.482852 0.112818 0.189548 0.0294947
0 0.017281 0.617365 0.0386533 0.172975 0.029461
0 0.372303 0.542586 0.0118738 0.0171266 0.0287776
0 0.108898 0.565298 0.0492991 0.0511895 0.0281243
0 0.396628 0.470823 0.0331966 0.0432931 0.0279007
0 0.42786 0.552628 0.0108308 0.0172597 0.0278116
0 0.015401 0.499834 0.0298715 0.130084 0.0269292
0 0.664136 0.27727 0.158184 0.211462 0.0267452
0 0.206018 0.565359 0.0269117 0.030077 0.0265033
0 0.637182 0.30382 0.0494326 0.0454629 0.0264903
0 0.137349 0.509644 0.0686396 0.0792982 0.0263197
0 0.43887 0.513969 0.0102897 0.0151988 0.0260489
0 0.407801 0.476854 0.0238807 0.0353073 0.0255335
0 0.132927 0.499268 0.0470868 0.0457722 0.0255146
0 0.186545 0.57743 0.0202383 0.0344194 0.0252781
0 0.407492 0.452975 0.0255776 0.0428841 0.025129
0 0.423646 0.502494 0.0147598 0.0236483 0.0248472
0 0.0834505 0.636527 0.136294 0.205567 0.024802
0 0.228842 0.556341 0.065576 0.067973 0.0246544
0 0.261209 0.525208 0.0333567 0.0407536 0.0244524
0 0.119855 0.55308 0.039469 0.0410005 0.0241205
0 0.29973 0.565249 0.0145353 0.0232051 0.0239038
0 0.600176 0.432524 0.058989 0.0593707 0.023704
0 0.364148 0.569481 0.00955601 0.0145493 0.0235244
0 0.510598 0.493543 0.0313911 0.0647981 0.023332
0 0.444586 0.512372 0.0114213 0.0152284 0.0232236
0 0.189045 0.545445 0.126426 0.151172 0.0230546
0 0.240733 0.521539 0.0651902 0.0657709 0.0228364
0 0.0261997 0.504853 0.0414972 0.0855406 0.0227464
0 0.21383 0.505741 0.0404045 0.0446511 0.0226166
0 0.0411322 0.589102 0.0686693 0.109846 0.0222599
0 0.373906 0.569748 0.010238 0.0160037 0.0221092
0 0.195114 0.572848 0.0445481 0.0474816 0.0219233
0 0.262121 0.565201 0.0306443 0.036503 0.0219047
0 0.397567 0.448563 0.030825 0.0465669 0.0214234
0 0.113276 0.470099 0.0302404 0.034482 0.0212961
0 0.237167 0.471945 0.0233956 0.0270137 0.0212746
0 0.139995 0.416351 0.0318235 0.0349141 0.0212398
0 0.320826 0.567532 0.0134565 0.0239556 0.0212394
0 0.0618268 0.662079 0.129045 0.24432 0.0212334
0 0.302087 0.537899 0.0199752 0.0255553 0.0209504
0 0.0108986 0.617796 0.0211379 0.131856 0.0206321
0 0.256828 0.550278 0.046505 0.0513602 0.0205239
0 0.495136 0.553663 0.011091 0.0266921 0.0205121
0 0.559436 0.435218 0.0484833 0.0705522 0.0204184
0 0.507034 0.236839 0.029492 0.0421435 0.0202301
0 0.226526 0.579488 0.040015 0.0420248 0.0202109
0 0.05879 0.853719 0.105539 0.189145 0.0201504
0 0.123077 0.503387 0.0506953 0.0499171 0.0200782
0 0.113984 0.512246 0.0589528 0.0642281 0.0199415
0 0.208653 0.497106 0.0292844 0.0333435 0.0197715
0 0.577637 0.454669 0.112449 0.12271 0.0197691
0 0.185512 0.616086 0.068741 0.122567 0.0191317
0 0.59112 0.441501 0.0791773 0.0817703 0.0188347
0 0.0963405 0.584356 0.0671813 0.0713943 0.0187172
0 0.371635 0.477647 0.0277243 0.035164 0.0185832
0 0.352255 0.536206 0.0140798 0.019361 0.0185375
0 0.434377 0.98401 0.0560983 0.0605064 0.0184717
0 0.4149 0.456043 0.0242851 0.0436118 0.0184313
0 0.935163 0.158447 0.13447 0.302308 0.0184103
0 0.991217 0.450192 0.0175699 0.0683366 0.0182258
0 0.823083 0.167679 0.259983 0.328059 0.018093
0 0.530534 0.469082 0.0627873 0.0792768 0.0180557
0 0.514477 0.909988 0.0312469 0.0664834 0.0179416
0 0.0266602 0.64872 0.0539531 0.255289 0.0179239
0 0.505154 0.556434 0.0177257 0.0289549 0.0177091
0 0.0105772 0.929392 0.0220095 0.0550924 0.0176714
0 0.16769 0.519051 0.1064 0.114339 0.0174744
0 0.988883 0.64679 0.0221245 0.11384 0.017365
0 0.375088 0.545939 0.0136918 0.0207714 0.0173509
0 0.0610892 0.503953 0.0837606 0.113142 0.0173118
0 0.50842 0.495513 0.0251634 0.0467019 0.0171565
0 0.990048 0.622484 0.0199755 0.117049 0.0169653
0 0.932468 0.112287 0.104773 0.193823 0.0169611
0 0.58581 0.745015 0.028746 0.0323524 0.0169387
0 0.38114 0.478354 0.0309629 0.0407182 0.0169038
0 0.61379 0.387754 0.0415498 0.0489246 0.0167423
0 0.932798 0.0763253 0.0592314 0.0872198 0.016742
0 0.255616 0.627239 0.0537012 0.0717229 0.0167064
0 0.513622 0.582182 0.0208959 0.0345694 0.0166915
0 0.286708 0.591058 0.0305387 0.0394907 0.0166304
0 0.45238 0.512959 0.0150351 0.0194288 0.0165337
0 0.355537 0.573151 0.0113032 0.0150038 0.0165028
0 0.956127 0.105571 0.0828735 0.197073 0.016441
0 0.952319 0.893607 0.0774389 0.0861654 0.0164394
0 0.649659 0.306363 0.0430327 0.0446122 0.0162459
0 0.381974 0.576158 0.00988522 0.01748 0.0162044
0 0.947163 0.854797 0.0841293 0.10871 0.016105
0 0.134004 0.479501 0.0450195 0.0424655 0.0161003
0 0.746652 0.166875 0.24603 0.302395 0.0160221
0 0.0182503 1.00821 0.0333754 0.0393405 0.0159934
0 0.0132561 0.846594 0.0290035 0.127701 0.0159916
0 0.542097 0.52722 0.0542522 0.0520139 0.0159445
0 0.202708 0.628285 0.135856 0.190079 0.015837
0 0.991067 0.598654 0.0174553 0.0903941 0.0158082
0 0.543443 0.451276 0.0698752 0.0768743 0.0157517
0 0.326158 0.574005 0.0320655 0.0447509 0.0155897
0 0.128429 0.606752 0.0467549 0.0800591 0.0155574
0 0.289247 0.855509 0.083505 0.111859 0.0155295
0 0.606766 0.394773 0.0430773 0.0450162 0.0155165
0 0.930996 0.884719 0.123683 0.190272 0.0154932
0 0.599456 0.395565 0.0271454 0.033687 0.0154642
0 0.942016 0.418972 0.106199 0.125621 0.0154598
0 0.6707 0.267498 0.111825 0.141915 0.0154497
0 0.532484 0.489087 0.0892728 0.0955837 0.0153805
0 0.690941 0.204159 0.0373401 0.0616032 0.0153671
0 0.949652 0.842594 0.0938944 0.163398 0.0153559
0 0.212983 0.51602 0.0971633 0.102216 0.0153531
0 0.989269 0.675663 0.0205671 0.106183 0.0152933
0 0.966877 0.835574 0.0612413 0.152848 0.0152331
0 0.433206 0.45274 0.0225482 0.0344718 0.015155
0 0.92935 0.0546564 0.101676 0.144257 0.0151541
0 0.674434 0.268168 0.0244336 0.04714 0.0151427
0 0.472006 0.504649 0.0235331 0.0270695 0.0151424
0 0.983905 0.623458 0.0334469 0.131422 0.0151314
0 0.147308 0.420715 0.0493587 0.0566042 0.0151264
0 0.503492 0.222338 0.0469666 0.0725143 0.0151076
0 0.0145335 0.808694 0.0315475 0.142921 0.0149781
0 0.979114 0.853612 0.0405647 0.143279 0.0149237
0 0.492954 0.449738 0.0260577 0.0409872 0.0149006
0 0.972943 0.684047 0.0522675 0.108903 0.0148921
0 0.385693 0.444651 0.0272229 0.0396313 0.0148378
0 0.34168 0.532682 0.0210408 0.0259572 0.0147703
0 0.583254 0.662668 0.0440642 0.066707 0.0147018
0 0.98999 0.830194 0.0201431 0.133406 0.014663
0 0.507069 -0.0064949 0.0811885 0.0530107 0.0146198
0 0.988781 0.869886 0.0219351 0.108433 0.0145965
0 0.932004 0.864867 0.0727438 0.0823878 0.0145673
0 0.264167 0.615816 0.114777 0.151276 0.0145526
0 0.535743 0.491981 0.0375472 0.0443385 0.0145271
0 0.492558 0.56401 0.0118402 0.0335064 0.0144892
0 0.0117075 0.890317 0.024497 0.0883516 0.0144685
0 0.980198 -0.0122818 0.0419905 0.0439564 0.0144381
0 0.988558 0.42884 0.0230028 0.110165 0.0144214
0 0.162343 0.60865 0.0627768 0.0965723 0.0144042
0 0.143445 0.487377 0.0670213 0.0721955 0.0143458
0 0.0978446 0.46152 0.147139 0.167676 0.0142864
0 0.520242 0.445444 0.0280779 0.0424275 0.0142274
0 0.584905 0.428798 0.105403 0.0879978 0.0142176
0 0.676391 0.170537 0.201788 0.305048 0.0141897
0 0.0226703 0.644878 0.0467029 0.12422 0.0141675
0 0.359908 0.478694 0.0255663 0.0326944 0.0141492
0 0.788806 0.252409 0.24989 0.257575 0.0140767
0 0.691159 0.298167 0.0823742 0.0833283 0.0140008
0 0.266006 0.704819 0.0713933 0.0854658 0.013976
0 0.981749 0.581743 0.0367666 0.119238 0.013975
0 0.604706 0.942977 0.0637101 0.0864643 0.0139414
0 0.637082 0.352603 0.148867 0.207636 0.0139028
0 0.457273 0.994817 0.0445656 0.0433992 0.0138915
0 0.372365 0.555534 0.0130134 0.019529 0.0138538
0 0.529199 -0.00797013 0.0755131 0.048956 0.0138188
0 0.239441 0.510629 0.0848333 0.0942475 0.0138004
0 0.989723 0.559844 0.020771 0.115499 0.0137798
0 0.350756 0.524389 0.0393065 0.0628816 0.0137434
0 0.226675 0.632961 0.053066 0.0762453 0.0137221
0 0.0299142 0.471681 0.0537837 0.133094 0.0136753
0 0.973522 0.875864 0.0484917 0.173672 0.0136738
0 0.391745 0.421082 0.026083 0.0358155 0.0136646
0 0.670091 0.25699 0.0321694 0.0567169 0.0136119
0 0.683777 -0.00827767 0.0826891 0.0488286 0.0135775
0 0.310092 0.596499 0.0192712 0.0268534 0.0135101
0 0.957528 0.440764 0.0767618 0.105432 0.0135036
0 0.537712 0.69552 0.0372311 0.0601054 0.0134632
0 0.641446 0.29304 0.0652 0.0808202 0.0134619
0 0.542779 0.398257 0.0652445 0.0785843 0.0134618
0 0.862981 -0.0102486 0.0920822 0.0483649 0.013458
0 0.0497748 0.889341 0.0876371 0.154095 0.0134531
0 0.318852 0.805068 0.172739 0.197961 0.0134432
0 0.570017 0.404452 0.0394109 0.041237 0.013381
0 0.958461 0.871205 0.0739536 0.113711 0.0133716
0 0.981995 0.425025 0.0362679 0.125823 0.0133054
0 0.518578 0.424851 0.0277971 0.0349599 0.0132533
0 0.991595 0.806625 0.0171125 0.113274 0.0131977
0 0.562341 0.460378 0.0667352 0.0783733 0.0131762
0 0.318786 0.532095 0.0231492 0.0288216 0.0131698
0 0.267153 0.757239 0.0492365 0.061762 0.0131162
0 0.989161 0.899321 0.020965 0.0800958 0.0130988
0 0.607318 -0.00887747 0.0739691 0.0477029 0.0130952
0 0.286516 0.703954 0.0703084 0.0787928 0.0130933
0 0.65063 0.298532 0.0567036 0.0542023 0.0130867
0 0.304461 0.677669 0.055606 0.063156 0.0130663
0 0.466328 0.508564 0.0219545 0.0263879 0.013065
0 0.551193 0.427005 0.0362042 0.0458038 0.0130336
0 0.898312 0.854724 0.0574432 0.0745483 0.0129826
0 0.537879 0.442959 0.0498934 0.0608691 0.0129686
0 0.213219 0.793327 0.035941 0.0467536 0.0129328
0 0.991585 0.465945 0.0169838 0.0664995 0.0129241
0 0.587517 0.883552 0.0794473 0.128441 0.0129066
0 0.970127 0.249989 0.0536985 0.154476 0.0128629
0 0.139163 0.444107 0.074102 0.0926812 0.0128084
0 0.632539 -0.00846364 0.0776322 0.0486586 0.0127898
0 0.733921 0.264764 0.201364 0.207868 0.0127845
0 0.731616 -0.00709367 0.0875734 0.0509692 0.012779
