0 0.526959 0.416408 0.0661213 0.0918402 0.899382
0 0.5625 0.386278 0 0.0510485 0.886046
0 0.302059 0.398644 0.0402805 0.0448804 0.858559
0 0.19809 0.410303 0.045824 0.0640756 0.846096
0 0.462472 0.387327 0.0253376 0.0380404 0.836682
0 0.138827 0.416953 0.0911239 0.0855554 0.832934
0 0.48747 0.390752 0.0283277 0.0451438 0.812263
0 0.338864 0.392415 0.0339861 0.0406191 0.713534
0 0.384425 0.39066 0.0349442 0.0383152 0.640716
0 0.433789 0.382466 0.0202453 0.0306185 0.588104
0 0.412186 0.386873 0.0213661 0.0324974 0.516649
0 0.462558 0.362846 0.0282697 0.0311388 0.357828
0 0.5625 0.397863 0 0.0405351 0.312561
0 0.5625 0.399011 0 0.0585243 0.283129
0 0.506717 0.38025 0.0202449 0.0326548 0.250628
0 0.5625 0.398333 0 0.0393636 0.240745
0 0.374972 0.389636 0.0252122 0.0361682 0.220745
0 0.5625 0.405567 0 0.0406999 0.213071
0 0.512116 0.373439 0.0237605 0.0323989 0.212235
0 0.527655 0.369601 0.0303313 0.0274597 0.207427
0 0.159664 0.415708 0.0480693 0.0717878 0.205538
0 0.5625 0.40438 0 0.0499123 0.20177
0 0.424075 0.38372 0.0214021 0.0309208 0.192058
0 0.5625 0.399621 0 0.141683 0.188147
0 0.446796 0.379344 0.0131037 0.0227525 0.182728
0 0.473053 0.378366 0.0127257 0.0240601 0.179314
0 0.502862 0.385339 0.0137627 0.0290165 0.175586
0 0.5625 0.371374 0 0.0947629 0.173278
0 0.344942 0.395868 0.0215003 0.0298537 0.169566
0 0.396284 0.390731 0.0230735 0.030026 0.16753
0 0.491145 0.387526 0.0203587 0.0343878 0.166136
0 0.504984 0.380112 0.0143968 0.0257102 0.165435
0 0.5625 0.369089 0 0.0901228 0.164575
0 0.5625 0.407832 0 0.0344966 0.163965
0 0.119589 0.421163 0.0563446 0.0741371 0.161297
0 0.507201 0.376067 0.0159111 0.0268854 0.160927
0 0.374404 0.391935 0.0178248 0.0279718 0.148702
0 0.476464 0.37797 0.0206478 0.029134 0.145865
0 0.495002 0.375813 0.0155773 0.0209208 0.145743
0 0.5625 0.410836 0 0.0824997 0.143505
0 0.449366 0.382914 0.0147833 0.0222711 0.141647
0 0.5625 0.368664 0 0.0614518 0.141084
0 0.5625 0.359295 0 0.0475512 0.140327
0 0.5625 0.385654 0 0.0416139 0.135175
0 0.461689 0.384951 0.0136598 0.0233036 0.13361
0 0.451778 0.375831 0.016048 0.0233121 0.130026
0 0.470138 0.373695 0.0145727 0.0231339 0.129586
0 0.468296 0.360913 0.0209369 0.0204167 0.129131
0 0.349733 0.395176 0.0151757 0.0267539 0.128902
0 0.436318 0.381289 0.0146459 0.0215418 0.127779
0 0.42416 0.379447 0.0143532 0.0233443 0.126528
0 0.332925 0.394163 0.0250774 0.0346605 0.123461
0 0.164197 0.408512 0.0349051 0.0646278 0.122752
0 0.384327 0.380647 0.0428957 0.0598337 0.122089
0 0.406577 0.387076 0.0210408 0.0294183 0.119735
0 0.461591 0.364729 0.0234536 0.0216287 0.119125
0 0.685556 0.36923 0.0498636 0.0838653 0.117244
0 0.457532 0.378559 0.0150537 0.0197591 0.115573
0 0.400764 0.380927 0.0452181 0.0531567 0.115299
0 0.902221 0.34332 0.0689112 0.0491755 0.114474
0 0.962257 0.391128 0.0740715 0.126507 0.111799
0 0.975783 0.399535 0.0483868 0.116091 0.110931
0 0.858377 0.413683 0.0785889 0.0953429 0.110434
0 0.499561 0.390335 0.0135748 0.0331674 0.109718
0 0.449823 0.3624 0.0171743 0.0233712 0.10938
0 0.344015 0.384629 0.0317073 0.0530817 0.10831
0 0.939248 0.349503 0.111828 0.0629918 0.107283
0 0.889829 0.403278 0.0667372 0.115203 0.106058
0 0.46709 0.382555 0.0149163 0.0290585 0.10435
0 0.850651 0.398809 0.0700163 0.0771962 0.102432
0 0.324482 0.396327 0.0172502 0.0303901 0.100963
0 0.833296 0.393224 0.0450088 0.057714 0.100074
0 0.910673 0.393495 0.0997475 0.115189 0.0990447
0 0.520912 0.368181 0.0300368 0.0306462 0.0990053
0 0.680046 0.407153 0.0233438 0.0296491 0.0986292
0 0.984235 0.389194 0.0306582 0.0985614 0.0943672
0 0.72963 0.367635 0.0736065 0.0912488 0.0941219
0 0.315792 0.398279 0.0202409 0.033513 0.0924219
0 0.511812 0.365805 0.0194141 0.0221774 0.091204
0 0.981128 0.353796 0.037245 0.0682232 0.0888033
0 0.881378 0.371602 0.0475813 0.050858 0.0884832
0 0.693233 0.384836 0.0575831 0.0733688 0.0883924
0 0.44712 0.369056 0.0166282 0.0211653 0.0871651
0 0.987129 0.359896 0.0261005 0.0593445 0.0869194
0 0.60582 0.38764 0.0359103 0.04296 0.086283
0 0.757537 0.410214 0.0886818 0.0760306 0.0856865
0 0.873564 0.40806 0.0658056 0.110511 0.0853085
0 0.819615 0.400656 0.04774 0.0689977 0.0851768
0 0.523433 0.365528 0.024402 0.0221217 0.0846722
0 0.802417 0.406135 0.0738256 0.0734686 0.0839739
0 0.728196 0.40708 0.0486869 0.0565431 0.0836899
0 0.496051 0.367686 0.0154671 0.0190319 0.0830064
0 0.188593 0.388779 0.0258502 0.0251008 0.0795453
0 0.442996 0.379472 0.0116446 0.0246513 0.0792263
0 0.726327 0.397698 0.0228218 0.0276314 0.079057
0 0.732091 0.399536 0.0311567 0.0347999 0.0780169
0 0.641622 0.366073 0.0527575 0.0782956 0.0779264
0 0.555097 0.381038 0.0258141 0.0335403 0.0777166
0 0.878927 0.38396 0.0509228 0.0674211 0.0754178
0 0.828427 0.409328 0.0791473 0.0942089 0.0745393
0 0.565618 0.363996 0.0429611 0.055955 0.0743549
0 0.846696 0.38129 0.0455919 0.0444541 0.0732112
0 0.8962 0.345536 0.0857964 0.0672484 0.0724139
0 0.495273 0.387071 0.0130459 0.0246629 0.0721
0 0.697949 0.401706 0.0239367 0.0262467 0.0718387
0 0.466693 0.367938 0.0188276 0.0213065 0.0712576
0 0.533334 0.365443 0.0215908 0.0230821 0.0684379
0 0.618232 0.386741 0.0159358 0.0321098 0.0671149
0 0.286784 0.39573 0.016938 0.029358 0.0662722
0 0.928265 0.343899 0.140326 0.106203 0.0659221
0 0.568009 0.386444 0.0195518 0.0297873 0.0656437
0 0.620287 0.380698 0.0289961 0.049378 0.0650233
0 0.310076 0.399245 0.0246855 0.0352288 0.0649823
0 0.651942 0.384025 0.0360927 0.0485855 0.0645624
0 0.51537 0.379735 0.0160396 0.0234556 0.0638107
0 0.495103 0.399447 0.0130654 0.0339795 0.0632205
0 0.0731352 0.442234 0.0681755 0.0687675 0.0626443
0 0.649073 0.369103 0.0412046 0.0626621 0.0610063
0 0.982988 0.444597 0.034971 0.204563 0.0608908
0 0.906883 0.330241 0.0593172 0.0520019 0.0593681
0 0.230044 0.39232 0.029294 0.0376888 0.0589166
0 0.504372 0.370707 0.0148503 0.0215368 0.057483
0 0.498445 0.346228 0.0231544 0.0373874 0.0567517
0 0.170174 0.390509 0.0220542 0.0260974 0.05603
0 0.861999 0.421307 0.09072 0.151287 0.0545391
0 0.760445 0.371276 0.115421 0.102129 0.0535818
0 0.771567 0.35977 0.069562 0.0690911 0.0527968
0 0.165199 0.388072 0.0226408 0.0282789 0.0526354
0 0.29182 0.398345 0.0208608 0.0296579 0.0525742
0 0.441673 0.371354 0.0161929 0.0208658 0.0523104
0 0.561505 0.397783 0.0132302 0.0245459 0.0508624
0 0.588766 0.363522 0.081129 0.0782001 0.0503869
0 0.384816 0.371049 0.0213237 0.0346735 0.0503753
0 0.573248 0.361421 0.063699 0.0665122 0.0503173
0 0.369812 0.388404 0.0183835 0.0285108 0.0494614
0 0.0951999 0.430743 0.109204 0.0970255 0.0492871
0 0.931146 0.330199 0.115881 0.0637263 0.0489189
0 0.931279 0.44638 0.140997 0.224337 0.0481648
0 0.193748 0.396987 0.0427283 0.0467972 0.0481322
0 0.560728 0.388931 0.0171678 0.0285205 0.0468036
0 0.795699 0.368206 0.0963876 0.0921817 0.0465967
0 0.555137 0.390261 0.0166615 0.0302748 0.04631
0 0.614102 0.39272 0.0179519 0.0340551 0.0451664
0 0.789607 0.350901 0.063465 0.0637467 0.0450338
0 0.285407 0.390691 0.0221759 0.0292905 0.0445339
0 0.19369 0.393081 0.0237977 0.0258801 0.0432528
0 0.858362 0.372563 0.0661247 0.0450543 0.0431863
0 0.636817 0.381749 0.0430979 0.0472032 0.0428284
0 0.572733 0.376397 0.0280424 0.0368774 0.0417893
0 0.784151 0.437824 0.139111 0.143003 0.0417299
0 0.873889 0.371189 0.0989799 0.0866406 0.0416251
0 0.15974 0.382954 0.0227548 0.0240949 0.0415691
0 0.302275 0.396466 0.0261339 0.0314163 0.0410356
0 0.617743 0.369007 0.0308604 0.063559 0.0410305
0 0.27955 0.385185 0.0391425 0.0534666 0.0404858
0 0.265347 0.394929 0.029269 0.0358821 0.0396475
0 0.281049 0.401564 0.0165008 0.0265405 0.0394861
0 0.833266 0.372385 0.0190813 0.0219742 0.0392839
0 0.172338 0.413283 0.0218235 0.0488596 0.0384216
0 0.842786 0.372286 0.0323914 0.0292246 0.0379528
0 0.787373 0.357281 0.0547495 0.0419203 0.0377728
0 0.0454198 0.319893 0.0922254 0.309355 0.0372728
0 0.349218 0.388357 0.0181262 0.0292185 0.0370025
0 0.282605 0.395133 0.0171484 0.0289753 0.0367884
0 0.314354 0.38727 0.0195871 0.0295331 0.0367629
0 0.335301 0.386387 0.0200301 0.0269169 0.0356845
0 0.877614 0.347789 0.0685789 0.0683986 0.035678
0 0.290015 0.405546 0.0192422 0.0324053 0.0354136
0 0.34981 0.310004 0.0374399 0.0717573 0.0348681
0 0.555012 0.400694 0.0126069 0.0335461 0.0348235
0 0.371627 0.40751 0.0210515 0.0430285 0.0345728
0 0.9274 0.334614 0.152662 0.221249 0.0341162
0 0.961467 0.429596 0.0766752 0.159815 0.0336642
0 0.173613 0.397245 0.0231598 0.0333439 0.033316
0 0.673487 0.402786 0.0178387 0.0231341 0.0318908
0 0.21154 0.413333 0.0186631 0.0378339 0.0318886
0 0.799199 0.423188 0.0966372 0.118668 0.0316367
0 0.182098 0.375239 0.0318005 0.0314685 0.0315296
0 0.661262 0.309269 0.0291669 0.0436267 0.0313519
0 0.00650079 0.42424 0.0136805 0.0850957 0.0311225
0 0.0251275 0.413545 0.0483273 0.10217 0.0309434
0 0.706641 0.426063 0.0757822 0.0885173 0.030799
0 0.156105 0.373539 0.0188331 0.0255427 0.0306573
0 0.223362 0.397884 0.0168838 0.0288386 0.0305441
0 0.214808 0.404851 0.025181 0.0399727 0.030242
0 0.226455 0.408579 0.0261508 0.0361129 0.029813
0 0.0400024 0.425273 0.0803233 0.117755 0.0291333
0 0.281159 0.395056 0.0266239 0.0341353 0.029001
0 0.807602 0.37536 0.0335832 0.0305194 0.0289132
0 0.585122 0.279335 0.0305893 0.0519955 0.0288799
0 0.574078 0.3887 0.0206248 0.0295069 0.0287558
0 0.674202 0.40714 0.0295189 0.0345365 0.0285171
0 0.979443 0.320518 0.042539 0.14581 0.0284207
0 0.923096 0.198956 0.165571 0.348812 0.0283857
0 0.230864 0.380193 0.0654365 0.0936242 0.0280507
0 0.95766 0.32509 0.0836552 0.106378 0.0277789
0 0.391655 0.364824 0.0181964 0.0216039 0.0273688
0 0.647722 0.309077 0.0316554 0.041539 0.0273097
0 0.154299 0.303474 0.0291151 0.0462648 0.0272771
0 0.630013 0.311003 0.0269607 0.0348265 0.0272756
0 0.431437 0.364159 0.0149507 0.0180257 0.0272587
0 0.694573 0.350925 0.0723455 0.100346 0.0270546
0 0.680294 0.413256 0.0196444 0.0285052 0.026963
0 0.400843 0.366805 0.0161397 0.0193456 0.0268924
0 0.252115 0.384579 0.0353687 0.0509565 0.0268126
0 0.0492617 0.398408 0.0949314 0.14986 0.0267885
0 0.677561 0.342573 0.0565557 0.0961977 0.0267793
0 0.720402 0.351571 0.0962919 0.107837 0.0264918
0 0.217781 0.412152 0.0195952 0.031655 0.0264087
0 0.963207 0.468306 0.0697519 0.177042 0.0263035
0 0.61637 0.390966 0.0147456 0.0252124 0.0259597
0 0.940792 0.427222 0.114631 0.132097 0.0259135
0 0.978399 0.481827 0.0442539 0.147753 0.0258252
0 0.665563 0.349284 0.028627 0.039522 0.0255346
0 0.185108 0.407331 0.018505 0.044555 0.0251838
0 0.53867 0.355115 0.0210246 0.0294284 0.0246114
0 0.0119123 0.425263 0.0241624 0.0866201 0.0244398
0 0.692257 0.418353 0.0393528 0.0436245 0.0239459
0 0.91961 0.335408 0.0405235 0.0347105 0.023839
0 0.873161 0.201404 0.0413612 0.0660639 0.0237923
0 0.250995 0.404884 0.0307541 0.0380597 0.0237898
0 0.318645 0.38735 0.0188835 0.025363 0.0236915
0 0.0735713 0.420358 0.0640291 0.0921698 0.0236448
0 0.376793 0.364899 0.0192577 0.0246734 0.0233188
0 0.256061 0.394457 0.0333318 0.040514 0.0232842
0 0.0178526 0.433115 0.0360195 0.098092 0.0229425
0 0.240146 0.414808 0.0374058 0.0407668 0.0225084
0 0.0118928 0.403921 0.0238713 0.0843708 0.0224772
0 0.328396 0.0354323 0.114774 0.104358 0.0224161
0 0.897146 0.328867 0.0773315 0.0786449 0.0223062
0 0.837657 0.467206 0.138028 0.194294 0.0222585
0 0.0636099 0.730427 0.114204 0.172498 0.0222541
0 0.0941394 0.418053 0.0773709 0.0892484 0.0221223
0 0.631577 0.358582 0.0294017 0.0461369 0.0220819
0 0.928023 0.33039 0.0471384 0.0421963 0.0220644
0 0.231913 0.333881 0.0285041 0.0402374 0.0219501
0 0.354344 0.188675 0.0322047 0.0531824 0.0219065
0 0.765667 0.312028 0.0360712 0.0377053 0.0218959
0 0.418963 0.367543 0.016678 0.0229196 0.0218378
0 0.622153 0.315929 0.0252753 0.0359994 0.0217767
0 0.55776 0.430786 0.0185212 0.035197 0.021737
0 0.0239139 0.449549 0.0477095 0.104599 0.0215704
0 0.125145 0.706923 0.0351637 0.0551093 0.0213475
0 0.34077 0.192203 0.0380154 0.0552041 0.0213375
0 0.300832 0.378621 0.0343627 0.0444179 0.0212965
0 0.538765 0.340418 0.0199543 0.0285548 0.0210711
0 0.738844 0.422504 0.0649218 0.0808779 0.0208373
0 0.751594 0.312021 0.0434949 0.0463507 0.020807
0 0.744726 0.327949 0.0511259 0.0629847 0.0207934
0 0.511543 0.413351 0.0195251 0.0331434 0.0206414
0 0.368521 0.362863 0.0192518 0.0252034 0.0203102
0 0.500346 0.423894 0.0340295 0.0662345 0.0201782
0 0.879075 0.467256 0.111304 0.183439 0.0201243
0 0.170266 0.351092 0.0308635 0.044709 0.0200792
0 0.0660388 0.447946 0.0978221 0.106186 0.0200731
0 0.746771 0.289237 0.0266779 0.0340267 0.020004
0 0.753498 0.291991 0.0348406 0.0387504 0.0198445
0 0.77734 0.345382 0.0581571 0.0642461 0.0198286
0 0.477179 0.0975219 0.0482251 0.0668699 0.0198263
0 0.310927 0.223562 0.031494 0.0445296 0.0198078
0 0.654859 0.296662 0.0320926 0.0410099 0.0195101
0 0.2594 0.38368 0.025082 0.0414922 0.0191327
0 0.657246 0.404207 0.0203511 0.0284784 0.0190087
0 0.25897 0.412977 0.0314698 0.0374268 0.018905
0 0.349439 0.19615 0.0352301 0.0626982 0.0188226
0 0.170566 0.301908 0.0523922 0.0654071 0.0187871
0 0.63971 0.394439 0.0276099 0.029913 0.0187632
0 0.187275 0.306596 0.0618348 0.0756204 0.0186801
0 0.809438 0.467414 0.138996 0.169678 0.0186217
0 0.519177 0.283618 0.0317081 0.0519378 0.018605
0 0.0705628 0.405491 0.0469031 0.0879669 0.018585
0 0.0759584 0.352387 0.137725 0.26301 0.018452
0 0.00737327 0.451531 0.015329 0.0876397 0.0184158
0 0.0129376 0.454457 0.0256194 0.105937 0.01825
0 0.88703 0.323554 0.0543505 0.0552851 0.0182311
0 0.0379223 0.451623 0.0702277 0.117518 0.018217
0 0.454745 0.313324 0.0235731 0.0283745 0.0182153
0 0.0111538 0.651673 0.0232045 0.12078 0.0181672
0 0.283764 0.36402 0.0280176 0.0416285 0.0179855
0 0.197353 0.412628 0.0241276 0.0434631 0.0179167
0 0.0146258 0.715367 0.0312719 0.163319 0.0178909
0 0.507553 0.292057 0.027315 0.0436328 0.0177756
0 0.979554 -0.0138045 0.0392248 0.0414572 0.0177426
0 0.451802 0.391452 0.0127526 0.022202 0.0177338
0 0.586642 0.360122 0.0277498 0.0428753 0.0176532
0 0.145374 0.307217 0.0336267 0.0505807 0.0176435
0 0.125209 0.373765 0.0699543 0.110674 0.017571
0 0.255514 0.42079 0.0350366 0.0490198 0.0175691
0 0.494258 0.306749 0.0237313 0.0369253 0.0171245
0 0.180193 0.445015 0.0359003 0.0712423 0.0170869
0 0.94884 0.211521 0.103608 0.319841 0.0168821
0 0.163168 0.466904 0.0737828 0.116746 0.016882
0 0.583178 0.316106 0.0412127 0.0546121 0.0168749
0 0.878858 0.315213 0.0480402 0.0522079 0.0168709
0 0.566882 0.335343 0.0499554 0.0633959 0.0167765
0 0.981382 0.283889 0.0380329 0.127775 0.0167654
0 0.212359 0.392736 0.0265902 0.0380972 0.0167398
0 0.5579 0.28061 0.039021 0.0568209 0.0166842
0 0.236812 0.33924 0.0369313 0.0498193 0.0166495
0 0.463186 0.39685 0.0152472 0.0240008 0.0165153
