0 0.5625 0.53282 0 0.226615 0.879571
0 0.525839 0.465313 0.0562125 0.0797824 0.873642
0 0.433158 0.472154 0.100067 0.168724 0.864157
0 0.555346 0.499517 0.0143072 0.134346 0.808472
0 0.0529141 0.53838 0.105828 0.164733 0.788792
0 0.33363 0.461982 0.0355171 0.0424494 0.772785
0 0.207254 0.489985 0.0561902 0.085573 0.727128
0 0.5625 0.451568 0 0.775286 0.702472
0 0.250408 0.479976 0.0534285 0.0723958 0.694962
0 0.486669 0.457015 0.0228152 0.0400659 0.571454
0 0.369663 0.466489 0.0393755 0.058989 0.484626
0 0.143145 0.503256 0.0977032 0.117458 0.427481
0 0.354355 0.464358 0.0205141 0.0379548 0.35144
0 0.175783 0.498754 0.0483295 0.090769 0.347916
0 0.161336 0.496146 0.071502 0.101333 0.285788
0 0.123729 0.506572 0.0696081 0.112559 0.263067
0 0.486052 0.449567 0.0273083 0.0564477 0.249849
0 0.23016 0.481946 0.034804 0.0678949 0.219349
0 0.350715 0.466702 0.0159074 0.0323927 0.199718
0 0.260825 0.483683 0.0336455 0.061038 0.176547
0 0.328841 0.466414 0.0242027 0.0299191 0.167026
0 0.378472 0.464029 0.0311344 0.0528189 0.160943
0 0.493488 0.455624 0.026389 0.0444853 0.160356
0 0.360082 0.464474 0.0215262 0.0379082 0.158168
0 0.552938 0.474557 0.0191232 0.0874395 0.148919
0 0.374388 0.458228 0.0266764 0.0416373 0.144961
0 0.219863 0.483608 0.0506261 0.0809792 0.144014
0 0.5625 0.516303 0 0.162261 0.143624
0 0.019754 0.54272 0.039508 0.162066 0.140786
0 0.486662 0.458961 0.0177242 0.0285177 0.136899
0 0.496628 0.458961 0.0125543 0.0293274 0.135677
0 0.480576 0.454107 0.0143869 0.0294794 0.132877
0 0.353011 0.454586 0.0138257 0.0242675 0.127355
0 0.323258 0.467652 0.0175421 0.0277744 0.126209
0 0.554274 0.459018 0.0164522 0.0637246 0.124761
0 0.369212 0.461991 0.0184085 0.0347072 0.117796
0 0.484299 0.454317 0.0145574 0.031495 0.114303
0 0.5625 0.614272 0 0.387642 0.113484
0 0.26756 0.482026 0.0236536 0.0554988 0.107829
0 0.0754881 0.531353 0.0622985 0.121843 0.106485
0 0.5625 0.524106 0 0.330561 0.104019
0 0.38015 0.4583 0.0176063 0.032574 0.10138
0 0.13429 0.458375 0.0409926 0.032933 0.0995315
0 0.365983 0.470497 0.0241394 0.0415849 0.0974448
0 0.320325 0.470718 0.014141 0.0251669 0.0960173
0 0.0915648 0.51834 0.0531927 0.107326 0.0950991
0 0.5625 0.509715 0 0.144039 0.0931419
0 0.378215 0.452781 0.0194314 0.0300362 0.0888194
0 0.5625 0.56918 0 0.396845 0.0881177
0 0.491873 0.454655 0.0186226 0.0331492 0.0861273
0 0.569584 0.476687 0.0440827 0.0945541 0.0857927
0 0.491071 0.460675 0.0147758 0.027471 0.0851081
0 0.48583 0.441188 0.0330934 0.0788758 0.0834585
0 0.574063 0.499274 0.0472993 0.123774 0.08232
0 0.356197 0.479174 0.0166526 0.0252594 0.0822511
0 0.0808909 0.507542 0.110178 0.162059 0.0764439
0 0.353799 0.461866 0.0135839 0.0274806 0.0759027
0 0.875923 0.724705 0.243765 0.350897 0.0699735
0 0.504345 0.460701 0.0194915 0.0412956 0.0691821
0 0.108626 0.500978 0.0676274 0.104449 0.0691312
0 0.347635 0.452689 0.0168718 0.0246848 0.0691274
0 0.0904288 0.518716 0.0701054 0.139262 0.0668692
0 0.938117 0.622097 0.12313 0.374068 0.0648175
0 0.509895 0.466771 0.0356667 0.0577195 0.0631708
0 0.833525 0.676853 0.162868 0.18655 0.0631517
0 0.475916 0.450518 0.0237231 0.0505708 0.062373
0 0.49971 0.453067 0.0162121 0.0315784 0.0586529
0 0.502391 0.453861 0.0244322 0.0480253 0.0571912
0 0.767398 0.542387 0.0470385 0.201906 0.0570829
0 0.504575 0.470499 0.0148687 0.0286639 0.0569581
0 0.476444 0.464768 0.0180202 0.0555571 0.0566127
0 0.00989431 0.523227 0.0209676 0.133467 0.0548362
0 0.356437 0.449642 0.0128838 0.0248813 0.053892
0 0.77652 0.570557 0.0633216 0.293442 0.0536079
0 0.372485 0.450685 0.0130246 0.0277598 0.0527524
0 0.0100648 0.562716 0.0204737 0.130416 0.0523846
0 0.384554 0.454932 0.0159525 0.0409915 0.0521719
0 0.710138 0.478859 0.126394 0.115946 0.0521283
0 0.392685 0.447708 0.0246139 0.0577397 0.051915
0 0.957268 0.532081 0.0816534 0.252038 0.051343
0 0.627775 0.487276 0.0651493 0.109439 0.051245
0 0.231854 0.470766 0.0200128 0.0343765 0.050783
0 0.326924 0.471984 0.0166794 0.0269449 0.0498078
0 0.536306 0.496616 0.0661299 0.107072 0.0496891
0 0.634913 0.46888 0.0476357 0.0719321 0.0496492
0 0.96246 0.61744 0.0708511 0.351764 0.0489281
0 0.61235 0.533829 0.0542773 0.129397 0.0487096
0 0.270911 0.484655 0.0142509 0.0365298 0.0485289
0 0.956001 0.683443 0.0817766 0.367104 0.0484912
0 0.216994 0.464658 0.0210353 0.0289207 0.0482092
0 0.171817 0.484937 0.0851274 0.133612 0.0476767
0 0.919761 0.567094 0.161515 0.366393 0.04742
0 0.397464 0.43494 0.0297527 0.053352 0.0470665
0 0.279894 0.473341 0.0224846 0.0398875 0.0469534
0 0.337911 0.453908 0.0219255 0.0254851 0.0467928
0 0.971272 0.553621 0.0585861 0.161367 0.0465629
0 0.332615 0.472336 0.0207384 0.0291423 0.0460095
0 0.778925 0.438205 0.0282386 0.0445202 0.0459951
0 0.471971 0.459491 0.0254088 0.0580591 0.0458833
0 0.357104 0.458637 0.0155969 0.0295625 0.045593
0 0.948934 0.778519 0.100903 0.24504 0.0451697
0 0.248412 0.473002 0.0272527 0.0452091 0.0435011
0 0.72637 0.434998 0.0933176 0.0487426 0.0433523
0 0.973655 0.786636 0.0509285 0.234101 0.0433165
0 0.884136 0.430869 0.243646 0.308264 0.0432608
0 0.239863 0.475596 0.0744602 0.104001 0.0431451
0 0.563251 0.456899 0.0184315 0.0366365 0.0420966
0 0.397907 0.470745 0.0301618 0.0642513 0.0419858
0 0.771598 0.437691 0.0389966 0.0525114 0.0416206
0 0.0627054 0.486851 0.109668 0.164605 0.0415649
0 0.774829 0.51183 0.0606926 0.179617 0.0412972
0 0.700158 0.321859 0.0171957 0.0219343 0.0412299
0 0.421496 0.414146 0.0612453 0.0558103 0.0410651
0 0.232471 0.487398 0.02326 0.0567087 0.0410377
0 0.716944 0.456633 0.120728 0.0843123 0.0407134
0 0.670014 0.459162 0.0972172 0.070775 0.0405128
0 0.643629 0.455959 0.0405547 0.0530858 0.0402729
0 0.955861 0.536773 0.0809942 0.147326 0.040065
0 0.860247 0.466548 0.20717 0.225245 0.0400211
0 0.934171 0.506821 0.130923 0.268051 0.0393122
0 0.704545 0.448127 0.0994076 0.0587585 0.0387939
0 0.981244 0.805718 0.0373594 0.189582 0.038783
0 0.70997 0.523907 0.101114 0.171083 0.038104
0 0.0149792 0.462442 0.0326322 0.154488 0.0380983
0 0.683918 0.451567 0.069986 0.054445 0.0379705
0 0.750661 0.42807 0.0668083 0.051044 0.0379075
0 0.203029 0.462931 0.0252416 0.0272861 0.0375069
0 0.800501 0.486677 0.112571 0.139796 0.0374927
0 0.193322 0.483135 0.06489 0.100745 0.0372557
0 0.395207 0.453842 0.0314838 0.0810173 0.0372397
0 0.7353 0.452446 0.0862202 0.0713838 0.0369937
0 0.964825 0.74388 0.0662333 0.300561 0.0368576
0 0.744243 0.517152 0.0655445 0.203131 0.0366447
0 0.723881 0.378295 0.143968 0.190902 0.0364634
0 0.151365 0.434897 0.0590265 0.0487879 0.0360551
0 0.677704 0.497785 0.0961115 0.139229 0.0359996
0 0.293317 0.474384 0.0249241 0.0375486 0.0359301
0 0.483597 0.421864 0.0435915 0.102906 0.0359081
0 0.951404 0.779435 0.0903719 0.144747 0.0357587
0 0.236957 0.45298 0.0197523 0.0197831 0.0356761
0 0.694348 0.553594 0.114166 0.167803 0.0356086
0 0.135468 0.438505 0.0525996 0.0415197 0.0355536
0 0.267507 0.496319 0.0213572 0.043204 0.0354272
0 0.727904 0.496196 0.098099 0.159049 0.035217
0 0.402666 0.427034 0.0305536 0.042765 0.0350348
0 0.752825 0.440464 0.0619362 0.0582675 0.0346279
0 0.786856 0.488141 0.0712366 0.124406 0.0345862
0 0.671777 0.305467 0.0204709 0.0295788 0.0344933
0 0.593197 0.478206 0.065289 0.0906931 0.0339646
0 0.613226 0.474929 0.0519683 0.0789593 0.0339452
0 0.654312 0.503341 0.114177 0.161348 0.0330598
0 0.522493 0.501119 0.0639272 0.0902368 0.0329131
0 0.818691 0.460726 0.112846 0.117236 0.0325471
0 0.229962 0.452776 0.0188024 0.0193652 0.0323143
0 0.0932762 0.493172 0.0611519 0.0906091 0.0320692
0 0.897989 0.77974 0.20271 0.246285 0.0320466
0 0.722907 0.42851 0.0599308 0.0280165 0.0319192
0 0.824283 0.718045 0.110551 0.126405 0.031574
0 0.96662 0.502943 0.0645912 0.1765 0.0314088
0 0.987394 0.790694 0.0242214 0.181413 0.0311745
0 0.764804 0.456263 0.0347202 0.0470235 0.0309528
0 0.0493987 0.435668 0.0993282 0.199704 0.0308642
0 0.933602 0.809334 0.12375 0.181809 0.0307086
0 0.162707 0.569293 0.0642337 0.112431 0.0302502
0 0.229383 0.497613 0.023473 0.0543323 0.0302095
0 0.258133 0.474434 0.0222036 0.04862 0.0301531
0 0.207409 0.467776 0.0354952 0.0576969 0.0300186
0 0.502756 0.443115 0.0151497 0.0284179 0.0298342
0 0.107525 0.540435 0.0528915 0.10914 0.0295905
0 0.760528 0.547759 0.0354406 0.149224 0.029425
0 0.77613 0.455067 0.0360997 0.0583994 0.0292084
0 0.41591 0.443595 0.0608861 0.0956351 0.0290552
0 0.135446 0.562952 0.0684455 0.117198 0.0289159
0 0.3749 0.47921 0.0220003 0.0435623 0.0289012
0 0.738433 0.465134 0.0695508 0.0791458 0.0285628
0 0.377956 0.471884 0.0177447 0.042297 0.0281686
0 0.00955415 0.492306 0.0201413 0.0801533 0.0281155
0 0.982071 0.5376 0.0365793 0.152911 0.0280926
0 0.32635 0.483521 0.0188411 0.0312163 0.0280299
0 0.829928 0.421156 0.124813 0.109785 0.028003
0 0.797967 0.661962 0.0752146 0.152112 0.0278608
0 0.188664 0.463978 0.0263094 0.0282254 0.0276849
0 0.758166 0.496993 0.0508084 0.118019 0.0274528
0 0.935511 0.759985 0.101371 0.114841 0.0274358
0 0.576782 0.442102 0.0527111 0.0562548 0.0272414
0 0.276655 0.482253 0.0181935 0.0346447 0.0270487
0 0.444688 0.417373 0.0576936 0.054539 0.0269821
0 0.428642 0.405422 0.0427176 0.0350645 0.0265075
0 0.708165 0.429393 0.0735492 0.032199 0.0265033
0 0.748838 0.537337 0.0460565 0.186285 0.0264215
0 0.435124 0.518124 0.0725519 0.0821297 0.0264113
0 0.77723 0.475531 0.0437814 0.0846452 0.0263781
0 0.869703 0.363191 0.204288 0.316463 0.0262411
0 0.297588 0.464143 0.0282726 0.0455569 0.0262409
0 0.788582 0.511952 0.0783638 0.209165 0.0257703
0 0.0257736 0.490576 0.0469482 0.0716019 0.0257637
0 0.272886 0.472613 0.0154189 0.039044 0.0257506
0 0.0798435 0.489384 0.0564423 0.0851121 0.0257111
0 0.976375 0.580473 0.0466017 0.148854 0.0256768
0 0.102031 0.45731 0.0559916 0.0516469 0.0255648
0 0.491552 0.466119 0.0193107 0.0417118 0.025094
0 0.851431 0.718611 0.173391 0.218997 0.0248346
0 0.855273 0.464197 0.095476 0.118924 0.0247053
0 0.26469 0.473058 0.0201591 0.0513974 0.0245978
0 0.297835 0.46955 0.0161617 0.0239688 0.0244173
0 0.78452 0.463649 0.0481024 0.0727494 0.0243885
0 0.636629 0.550337 0.106175 0.148468 0.0243299
0 0.459047 0.538198 0.0513556 0.100137 0.024301
0 0.555718 0.506996 0.0297112 0.0848454 0.0242349
0 0.824316 0.466936 0.129453 0.175942 0.0239821
0 0.893625 0.761731 0.0320652 0.0437717 0.0239355
0 0.940636 0.514531 0.130457 0.161901 0.0239346
0 0.773023 0.491383 0.0446649 0.101025 0.0238717
0 0.449399 0.41409 0.0265717 0.0448513 0.0236378
0 0.588184 0.430313 0.0502747 0.0492725 0.0236368
0 0.155103 0.424233 0.0766345 0.0679229 0.0235489
0 0.00812756 0.583272 0.0161109 0.102391 0.0234817
0 0.772345 0.47026 0.0333903 0.0572822 0.0232487
0 0.823353 0.405892 0.0974165 0.0870231 0.0232085
0 0.202151 0.511341 0.043246 0.0736566 0.0230971
0 0.755795 0.46736 0.0403521 0.0585144 0.0230332
0 0.188446 0.285625 0.0164744 0.0362208 0.022779
0 0.961841 0.578371 0.0695042 0.140958 0.022779
0 0.302637 0.461798 0.0188644 0.0318847 0.022587
0 0.773928 0.424498 0.0392872 0.0641019 0.0225402
0 0.783988 0.429796 0.0327906 0.0516034 0.0220442
0 0.0629058 0.634873 0.0754043 0.126784 0.0220283
0 0.156749 0.437154 0.0897169 0.109391 0.0220036
0 0.98667 0.489341 0.0274286 0.147448 0.0219809
0 0.17465 0.42584 0.0686672 0.0608242 0.0218652
0 0.807287 0.417248 0.0726883 0.085452 0.0217821
0 0.119649 0.530251 0.061355 0.108821 0.0217457
0 0.389211 0.472625 0.0183586 0.0648905 0.021676
0 0.964588 0.812587 0.0649986 0.162153 0.0216736
0 0.458527 0.425556 0.0424547 0.0573214 0.0216193
0 0.656425 0.433119 0.0502546 0.0354516 0.0215484
0 0.666894 0.542122 0.0867909 0.168258 0.0215113
0 0.014097 0.583881 0.027364 0.096594 0.0214751
0 0.16185 0.449235 0.0614261 0.0587479 0.0213553
0 0.979392 0.471443 0.0412098 0.170236 0.0212967
0 0.455133 0.502549 0.0512011 0.0852092 0.0212246
0 0.59798 0.428787 0.0681446 0.0594218 0.0212245
0 0.770718 0.617804 0.0478343 0.136536 0.0212153
0 0.44733 0.44581 0.0627974 0.104943 0.0209284
0 0.611664 0.278056 0.137083 0.207956 0.0208661
0 0.184136 0.566629 0.0473908 0.0990497 0.0207287
0 0.501201 0.487147 0.0372322 0.078912 0.0205685
0 0.322521 0.447604 0.0173625 0.0271727 0.0205636
0 0.984767 0.120165 0.0298304 0.0638197 0.0205598
0 0.435462 0.536169 0.066892 0.061122 0.0205472
0 0.422824 0.392353 0.0477969 0.0456299 0.0204523
0 0.0347899 0.563161 0.0666053 0.109084 0.0204454
0 0.011916 0.790373 0.0258553 0.13002 0.0203075
0 0.330665 0.303613 0.0266658 0.0408089 0.0201971
0 0.630872 0.688558 0.134983 0.232185 0.0200134
0 0.557761 0.440384 0.0229205 0.038546 0.0198983
0 0.988702 0.461287 0.0229416 0.126457 0.019761
0 0.762185 0.41855 0.0571669 0.0707027 0.0196441
0 0.705935 0.565499 0.0835081 0.1127 0.0195126
0 0.948701 0.472853 0.0978786 0.147901 0.0194977
0 0.108892 0.433871 0.0355123 0.035084 0.0193189
0 0.0126109 0.599711 0.0289483 0.211665 0.0192576
0 0.67128 0.295429 0.0243614 0.0416266 0.0192087
0 0.662265 0.568944 0.0701456 0.124596 0.0191833
0 0.854864 0.394262 0.0740883 0.0703278 0.0191602
0 0.138406 0.430581 0.0713647 0.0611439 0.0191509
0 0.838335 0.392007 0.10018 0.0858091 0.0191218
0 0.480208 0.374515 0.050555 0.0909505 0.0190833
0 0.915924 0.762821 0.0750349 0.0884523 0.0190631
0 0.853283 0.494186 0.0944227 0.114719 0.018905
0 0.790187 0.417698 0.0428429 0.0677643 0.018828
0 0.522264 0.446554 0.0217807 0.0355737 0.0188216
0 0.240742 0.453749 0.0212011 0.0280165 0.0187266
0 0.688639 0.424139 0.0483908 0.0256011 0.018713
0 0.18949 0.498237 0.0302312 0.0689295 0.0186686
0 0.333355 0.295766 0.0327422 0.054503 0.0185876
0 0.416437 0.526655 0.0553747 0.0971776 0.0185855
0 0.286701 0.468662 0.019239 0.0292535 0.0185113
0 0.942363 0.562605 0.114319 0.132554 0.0184215
0 0.591733 0.414027 0.0529001 0.0585171 0.0184135
0 0.899742 0.763086 0.0437769 0.0595813 0.0184115
0 0.199234 0.433002 0.0424285 0.0431449 0.0183177
0 0.744149 0.415074 0.0984144 0.0693946 0.0183142
0 0.871937 0.451193 0.0824982 0.109196 0.0182278
0 0.798957 0.534477 0.127346 0.206559 0.0180167
0 0.639296 0.432912 0.0284965 0.0270551 0.0180029
0 0.631351 0.432731 0.0317146 0.0306558 0.0179915
0 0.862956 0.422751 0.0754387 0.0907427 0.0179644
0 0.86714 0.395236 0.05681 0.0608044 0.017963
0 0.0494041 0.370262 0.0948378 0.205326 0.0179233
0 0.820509 0.772641 0.178682 0.263981 0.0178843
0 0.730989 0.626523 0.0819809 0.12433 0.0178104
0 0.444438 0.338022 0.0446091 0.0523266 0.0177199
0 0.80529 0.61157 0.112569 0.181707 0.0174948
0 0.855331 0.85349 0.220832 0.29234 0.0174629
0 0.852762 0.517297 0.0799337 0.126887 0.0173855
0 0.212126 0.445487 0.0262481 0.0259848 0.0173747
0 0.969926 0.450932 0.0571226 0.144054 0.0173521
0 0.598231 0.428662 0.0775505 0.094339 0.017311
0 0.749335 0.554148 0.0371165 0.133073 0.0172802
