0 0.5625 0.529571 0 0.0668179 0.90821
0 0.155734 0.612507 0.0800825 0.0746119 0.901951
0 0.5625 0.50896 0 0.0472939 0.827851
0 0.115305 0.605615 0.0597253 0.070862 0.803019
0 0.447109 0.5791 0.094398 0.0727595 0.74426
0 0.0686783 0.597802 0.043338 0.0544913 0.72608
0 0.518016 0.561336 0.0665269 0.0692079 0.685975
0 0.5625 0.488598 0 0.0358763 0.584455
0 0.5625 0.535789 0 0.0619641 0.577048
0 0.0150935 0.59331 0.0293946 0.0461679 0.570973
0 0.5625 0.495678 0 0.0344171 0.55544
0 0.555392 0.555013 0.0142161 0.0528164 0.550696
0 0.0360224 0.596455 0.0366122 0.0465571 0.550224
0 0.5625 0.487572 0 0.0298666 0.533129
0 0.5625 0.532551 0 0.0472282 0.452121
0 0.5625 0.48389 0 0.0289045 0.435513
0 0.5625 0.528557 0 0.0415375 0.387471
0 0.5625 0.498615 0 0.0325423 0.360385
0 0.00378215 0.593577 0.00756431 0.0414693 0.283995
0 0.5625 0.559152 0 0.0834702 0.282997
0 0.00727206 0.592901 0.0143246 0.0438799 0.27624
0 0.5625 0.512446 0 0.0393162 0.27565
0 0.554481 0.556561 0.0160382 0.0492019 0.257753
0 0.0246859 0.590988 0.044176 0.0547729 0.256144
0 0.5625 0.535628 0 0.0745045 0.24123
0 0.55495 0.542391 0.0151009 0.0831565 0.240775
0 0.5625 0.489375 0 0.029048 0.238359
0 0.5625 0.539587 0 0.061333 0.234852
0 0.528961 0.556989 0.0670779 0.0640898 0.227708
0 0.5625 0.490958 0 0.0371484 0.223854
0 0.5625 0.490485 0 0.0328454 0.221801
0 0.5625 0.555395 0 0.093697 0.209534
0 0.5625 0.487328 0 0.0419321 0.204665
0 0.419549 0.5816 0.0461549 0.0605461 0.204276
0 0.0304098 0.598588 0.0222233 0.0389043 0.203452
0 0.468806 0.576115 0.0622835 0.0629344 0.200597
0 0.5625 0.495645 0 0.0295294 0.200452
0 0.0450948 0.598465 0.0206333 0.0382885 0.196607
0 0.5625 0.546361 0 0.0498168 0.188483
0 0.5625 0.50194 0 0.0274947 0.186769
0 0.5625 0.49838 0 0.025698 0.182544
0 0.361107 0.585775 0.0369053 0.0403452 0.180775
0 0.321269 0.584081 0.089753 0.0472666 0.180192
0 0.00508147 0.587594 0.0101629 0.0364168 0.179309
0 0.266082 0.582753 0.0313254 0.0401243 0.177395
0 0.304732 0.583633 0.0607809 0.0436974 0.17435
0 0.5625 0.519458 0 0.0612155 0.172313
0 0.0167871 0.59464 0.0197764 0.0372821 0.171056
0 0.5625 0.49336 0 0.0310962 0.169957
0 0.5625 0.522021 0 0.0589262 0.162073
0 0.955501 0.550672 0.0915657 0.106462 0.157529
0 0.103294 0.604023 0.0414852 0.0601632 0.157205
0 0.391112 0.585079 0.057905 0.0518437 0.156579
0 0.495731 0.570064 0.0432503 0.0585334 0.156525
0 0.250594 0.585323 0.0579774 0.0467511 0.155465
0 0.241036 0.57827 0.0505407 0.0559291 0.153385
0 0.0109067 0.597801 0.0184719 0.0355264 0.146169
0 0.371531 0.585853 0.0500556 0.0434374 0.145839
0 0.0362515 0.59562 0.0186979 0.0341694 0.145076
0 0.995993 0.477014 0.00848274 0.0244118 0.135862
0 0.133068 0.610459 0.0437635 0.0649892 0.130395
0 0.706814 0.52711 0.0174932 0.0323282 0.130071
0 0.0205558 0.598117 0.0164389 0.0297187 0.12939
0 0.0232484 0.598115 0.0200234 0.0384785 0.127898
0 0.944678 0.496549 0.0187332 0.02704 0.124325
0 0.992805 0.48359 0.0098381 0.0198975 0.123783
0 0.634817 0.55313 0.0228088 0.0337534 0.123258
0 0.33771 0.584186 0.0629098 0.0415168 0.122794
0 0.92431 0.497972 0.0254646 0.0284942 0.122655
0 0.708788 0.519645 0.0179718 0.0240991 0.120215
0 0.229193 0.573561 0.0605872 0.0656509 0.119742
0 0.402336 0.582918 0.0636197 0.0623126 0.116997
0 0.933426 0.496909 0.0198656 0.0248689 0.116746
0 0.898576 0.497515 0.019841 0.0255653 0.115867
0 0.893983 0.494416 0.02404 0.0260838 0.115251
0 0.776216 0.523308 0.0407104 0.0507501 0.112082
0 0.615616 0.549372 0.0577882 0.0597229 0.109908
0 0.692903 0.533678 0.0265933 0.0398481 0.107196
0 0.915249 0.507716 0.0329058 0.0339301 0.106508
0 0.95527 0.531229 0.0745415 0.0852271 0.104659
0 0.699746 0.532261 0.0210549 0.0420619 0.104468
0 0.784977 0.50558 0.0380641 0.0363815 0.10422
0 0.787964 0.510032 0.0218497 0.0274579 0.101547
0 0.403803 0.59732 0.0741545 0.072763 0.0997965
0 0.932554 0.544599 0.155305 0.135488 0.0973447
0 0.621557 0.553719 0.0368317 0.0420906 0.0965786
0 0.267923 0.580114 0.0225075 0.0334307 0.0948593
0 0.716255 0.531425 0.0320613 0.0511238 0.0947278
0 0.0494004 0.59372 0.0267703 0.0404579 0.0923103
0 0.892621 0.500609 0.0205959 0.0243573 0.0906648
0 0.899485 0.510373 0.0319555 0.0338463 0.0895667
0 0.993912 0.475932 0.0137651 0.0227405 0.0894092
0 0.0300633 0.585831 0.0267675 0.0345608 0.0889705
0 0.558595 0.558049 0.0243174 0.0398602 0.0884936
0 0.703315 0.531891 0.0191368 0.0350942 0.0879708
0 0.203324 0.579169 0.0312904 0.0536491 0.085441
0 0.615875 0.523809 0.117683 0.107205 0.084037
0 0.0449028 0.58784 0.0229159 0.0281527 0.0833001
0 0.903274 0.494559 0.0182116 0.0246563 0.0808898
0 0.95634 0.48167 0.0204451 0.0305862 0.0796411
0 0.976494 0.478681 0.0173998 0.0204614 0.079446
0 0.0868042 0.597241 0.0202134 0.0341956 0.07905
0 0.680367 0.535616 0.0206837 0.0328259 0.0787811
0 0.685107 0.533754 0.01758 0.032693 0.0784435
0 0.675552 0.53492 0.0419166 0.0512633 0.0783965
0 0.784551 0.506247 0.025401 0.0249864 0.0765143
0 0.0801096 0.596786 0.0224347 0.0334666 0.0762876
0 0.990179 0.571146 0.0190725 0.0797967 0.0754926
0 0.668855 0.522278 0.0666135 0.0835021 0.0746426
0 0.952572 0.582611 0.0970577 0.112882 0.0743363
0 0.711845 0.519202 0.0213934 0.0313632 0.0737316
0 0.503047 0.56698 0.0680376 0.0747719 0.0732358
0 0.0751275 0.605547 0.0404585 0.0530255 0.0731712
0 0.594865 0.557151 0.0339103 0.038869 0.0713634
0 0.674641 0.533893 0.0191936 0.0407695 0.0709274
0 0.565699 0.544647 0.048108 0.0748738 0.0683593
0 0.325223 0.595205 0.098493 0.0747886 0.0682585
0 0.605907 0.552385 0.0213239 0.0331125 0.0678631
0 0.124933 0.594201 0.0561895 0.0639881 0.066924
0 0.0596681 0.5917 0.0177059 0.0295415 0.0653742
0 0.938689 0.533391 0.109888 0.107711 0.0640212
0 0.0420809 0.612734 0.0227673 0.0403475 0.0633629
0 0.0963661 0.60551 0.0238889 0.049172 0.0627191
0 0.712667 0.513512 0.0188032 0.0220985 0.0620897
0 0.662904 0.545807 0.022194 0.0286106 0.0615526
0 0.610399 0.55651 0.0256815 0.0295986 0.0614193
0 0.358904 0.5862 0.0278939 0.031511 0.0607025
0 0.937943 0.562273 0.0950169 0.0942691 0.0603315
0 0.27719 0.586172 0.0401753 0.0447629 0.0601658
0 0.0378458 0.570541 0.0341182 0.0685131 0.0598466
0 0.181804 0.597048 0.0418674 0.0608605 0.0597831
0 0.652109 0.521884 0.0805055 0.0895808 0.0596304
0 0.271672 0.586674 0.0204621 0.0302408 0.0594661
0 0.84344 0.509222 0.0174677 0.0293719 0.0586044
0 0.169207 0.610627 0.0550106 0.0651655 0.0576639
0 0.711295 0.523672 0.0170597 0.0251292 0.0561691
0 0.953012 0.476565 0.018663 0.0190233 0.0558375
0 0.529148 0.563345 0.0508345 0.0600877 0.055274
0 0.0979578 0.596519 0.0203022 0.0312347 0.0532321
0 0.80837 0.525145 0.0578363 0.057631 0.0520744
0 0.0392465 0.585526 0.0179451 0.029027 0.0520003
0 0.344811 0.595817 0.0628768 0.0638025 0.0513573
0 0.869831 0.501434 0.0467623 0.0389414 0.0508936
0 0.0718285 0.582327 0.0242856 0.023297 0.0506104
0 0.995319 0.98719 0.00945835 0.0237795 0.0502621
0 0.87621 0.494671 0.0214733 0.0202378 0.0483677
0 0.126398 0.539527 0.0958037 0.0974225 0.0482791
0 0.8663 0.500467 0.0333683 0.0280896 0.0480504
0 0.832167 0.498248 0.0330084 0.0391444 0.0477131
0 0.112184 0.557307 0.0703032 0.0796057 0.0472069
0 0.852982 0.506774 0.0220459 0.0259077 0.0470561
0 0.0060704 0.604898 0.0122839 0.029491 0.0467283
0 0.263374 0.582709 0.0218842 0.0264013 0.0465704
0 0.0553224 0.585566 0.0210433 0.0224321 0.04549
0 0.293604 0.58059 0.0418968 0.042797 0.0452844
0 0.768938 0.518912 0.0253222 0.0313641 0.04492
0 0.823387 0.492171 0.0451618 0.0673588 0.0446005
0 0.233535 0.556653 0.038647 0.0406513 0.0445314
0 0.568482 0.529604 0.0733626 0.0992232 0.0439957
0 0.864926 0.504101 0.0180332 0.0251409 0.0438622
0 0.99324 0.98711 0.013493 0.0301817 0.0437448
0 0.947813 0.477314 0.0207411 0.0201825 0.0432613
0 0.497024 0.575478 0.0241036 0.0407013 0.0432402
0 0.882921 0.499486 0.0257942 0.0274783 0.0423028
0 0.773121 0.506256 0.0352604 0.0320413 0.0418819
0 0.904772 0.557147 0.111514 0.125615 0.0416549
0 0.768541 0.513798 0.0200812 0.025973 0.0411667
0 0.682242 0.523081 0.0192468 0.0273105 0.0408161
0 0.124584 0.565291 0.0432455 0.0281175 0.0403735
0 0.783795 0.518421 0.0218168 0.0350248 0.0394017
0 0.229116 0.550399 0.0264272 0.0256014 0.0393155
0 0.131214 0.226917 0.0380891 0.0516267 0.0388207
0 0.657108 0.54342 0.0220997 0.0360256 0.0383515
0 0.850399 0.497353 0.0184296 0.0217517 0.038314
0 0.133556 0.579071 0.0305977 0.0246579 0.038258
0 0.563083 0.56904 0.0269001 0.0413484 0.0375496
0 0.561687 0.101694 0.108847 0.204923 0.0374984
0 0.866945 0.495788 0.0243238 0.0206423 0.0370981
0 0.765487 0.526775 0.0488949 0.0633729 0.0370824
0 0.84124 0.506978 0.0316107 0.0409902 0.0367251
0 0.37389 0.589814 0.0211859 0.031575 0.0366047
0 0.850529 0.515147 0.0219584 0.0278823 0.0357758
0 0.406043 0.577351 0.023467 0.0316838 0.035511
0 0.659425 0.539503 0.0397348 0.0581847 0.0351824
0 0.81694 0.503488 0.0351341 0.0460661 0.0348844
0 0.769681 0.508027 0.0207115 0.0224818 0.0347781
0 0.213748 0.482722 0.0253496 0.0274384 0.034598
0 0.55748 0.545717 0.026607 0.039099 0.034276
0 0.324017 0.561276 0.139196 0.105605 0.0340387
0 0.515899 0.437037 0.0273356 0.0403773 0.0340316
0 0.800089 0.516739 0.0231956 0.0273344 0.0337214
0 0.0785754 0.578599 0.0237943 0.0312152 0.0330834
0 0.652358 0.523971 0.027502 0.042248 0.0324684
0 0.637572 0.576156 0.0291161 0.0443494 0.0323943
0 0.584154 0.574845 0.0337693 0.0405954 0.03239
0 0.249535 0.578916 0.0316257 0.0403687 0.0319392
0 0.817678 0.433147 0.0323685 0.0568012 0.0319031
0 0.134988 0.587822 0.0269406 0.029061 0.0318372
0 0.368099 0.583538 0.03042 0.0348989 0.0311981
0 0.135523 0.574335 0.0270726 0.0225727 0.0310538
0 0.832968 0.486307 0.0831669 0.110597 0.0309272
0 0.374638 0.583251 0.026792 0.0322069 0.0308601
0 0.995139 0.994938 0.00947819 0.0289293 0.0302739
0 0.355236 0.581446 0.0284312 0.0291946 0.0300356
0 0.100813 0.54446 0.0784817 0.0936893 0.0293788
0 0.994299 0.576503 0.0103468 0.0409669 0.0289422
0 0.993771 0.415849 0.0137327 0.0712116 0.0287535
0 0.798113 0.507909 0.0178341 0.0291246 0.028307
0 0.490187 0.58593 0.0302847 0.0439619 0.0281268
0 0.465684 0.554639 0.0809296 0.095924 0.0279714
0 0.168756 0.463946 0.0387619 0.0423674 0.0274924
0 0.790649 0.525575 0.0226652 0.0376451 0.027465
0 0.298668 0.589852 0.0268431 0.0309577 0.0273765
0 0.122652 0.580364 0.0297678 0.0286019 0.0273702
0 0.609782 0.579245 0.0395714 0.0514727 0.0273281
0 0.588233 0.561382 0.0355461 0.0436392 0.0273229
0 0.726686 0.505855 0.0204247 0.019001 0.0271319
0 0.220946 0.586147 0.0424243 0.0657102 0.0270142
0 0.101675 0.603212 0.0258806 0.0448893 0.0266033
0 0.347515 0.71305 0.145865 0.266046 0.0265635
0 0.796454 0.523928 0.0242007 0.0350138 0.0264382
0 0.133575 0.569928 0.0339794 0.0272447 0.0264068
0 0.54489 0.591979 0.0642516 0.095283 0.0262212
0 0.833439 0.484979 0.034621 0.0490552 0.0259136
0 0.825637 0.467052 0.0428741 0.0750782 0.0258137
0 0.123184 0.619416 0.0320019 0.0554383 0.0257973
0 0.936249 0.477336 0.017775 0.018689 0.0253587
0 0.365447 0.590766 0.0241978 0.0311932 0.0252891
0 0.837785 0.512525 0.0200367 0.0271307 0.024963
0 0.588607 0.508295 0.101801 0.105904 0.0249431
0 0.547342 0.549718 0.0443107 0.0525599 0.0249357
0 0.424451 0.569364 0.0575289 0.0654248 0.0248561
0 0.294948 0.571548 0.0361056 0.0360656 0.0247422
0 0.377455 0.448417 0.0221632 0.0237946 0.0246626
0 0.076575 0.547493 0.0963397 0.108378 0.0246287
0 0.286245 0.575285 0.0252686 0.0320365 0.0246159
0 0.667899 0.516501 0.0437768 0.0502899 0.0245928
0 0.521139 0.547205 0.0367767 0.0369677 0.0243887
0 0.554141 0.524936 0.0594525 0.0924369 0.0242101
0 0.38462 0.589508 0.0267375 0.0383057 0.0241058
0 0.238419 0.599137 0.0872273 0.0981711 0.0238813
0 0.0670082 0.59947 0.0272795 0.0398992 0.0236094
0 0.888769 0.451286 0.065625 0.0876676 0.0235234
0 0.786272 0.498919 0.0198466 0.0220897 0.0232717
0 0.620742 0.444419 0.0546126 0.0514626 0.0231492
0 0.158044 0.589173 0.0714529 0.0685452 0.0230645
0 0.67608 0.543707 0.0188829 0.0317006 0.0229745
0 0.20418 0.597879 0.0304034 0.040804 0.0228892
0 0.0437379 0.887116 0.0910598 0.225406 0.0228782
0 0.274196 0.566615 0.0229381 0.0326722 0.0226211
0 0.958409 0.604882 0.0811125 0.110818 0.0225105
0 0.231238 0.593828 0.0344665 0.0436364 0.0224223
0 0.987573 0.0703706 0.0243481 0.122236 0.0223733
0 0.159336 0.540563 0.125403 0.129566 0.0223213
0 0.255165 0.549293 0.0238769 0.035964 0.022221
0 0.439898 0.170412 0.0151493 0.0196856 0.0220704
0 0.132478 0.566563 0.051847 0.060691 0.0219809
0 0.40983 0.599597 0.0328387 0.048637 0.0219584
0 0.026734 0.541087 0.0608175 0.122938 0.0219227
0 0.618322 0.0583007 0.0258719 0.0654359 0.021807
0 0.234721 0.549975 0.0235313 0.0279228 0.0214426
0 0.610371 0.501829 0.0902555 0.127502 0.0213841
0 0.0442394 0.413007 0.0868296 0.167833 0.0212388
0 0.164702 0.474063 0.060853 0.0522419 0.0212093
0 0.010788 0.3979 0.0221671 0.132519 0.0210383
0 0.644268 0.419241 0.0342229 0.0460234 0.0210036
0 0.542234 0.0839519 0.0757411 0.11882 0.0209962
0 0.315846 0.578137 0.0361568 0.0325179 0.0209568
0 0.334878 0.578674 0.0343056 0.0327799 0.0209183
0 0.893722 0.528605 0.0860182 0.109105 0.0207354
0 0.597737 0.209381 0.0272316 0.0587826 0.0207272
0 0.619475 0.417028 0.0364482 0.049683 0.0206387
0 0.0538438 0.598946 0.0408448 0.0517186 0.0205912
0 0.357377 0.745095 0.0652626 0.0758304 0.0205795
0 0.192169 0.598369 0.0195397 0.0399837 0.0205417
0 0.986708 0.419274 0.0326225 0.110673 0.0203864
0 0.611218 0.440557 0.0485371 0.0448694 0.0203467
0 0.0140106 0.548246 0.0333508 0.112395 0.0201706
0 0.0486107 0.451085 0.0964689 0.180609 0.0201652
0 0.265314 0.590916 0.0259205 0.0328822 0.0201519
0 0.0481951 0.545213 0.0826826 0.103573 0.0200948
0 0.879172 0.56185 0.083919 0.104081 0.0200856
0 0.683175 0.542728 0.0206809 0.0322306 0.0200457
0 0.418594 0.575245 0.0364964 0.0388178 0.0199862
0 0.761638 0.243067 0.022215 0.0331029 0.0199249
0 0.643723 0.149864 0.092839 0.150103 0.0198715
0 0.198113 0.57828 0.0275516 0.0441543 0.0197136
0 0.192085 0.613499 0.0161468 0.0376072 0.0197062
0 0.244861 0.601655 0.0588145 0.0687331 0.0195037
0 0.84321 0.525549 0.0198711 0.0301458 0.0194123
0 0.556211 0.567938 0.0185184 0.0325946 0.019375
0 0.0918215 0.601189 0.016556 0.0441521 0.0193494
0 0.406888 0.561212 0.0243411 0.0212278 0.0192571
0 0.336583 0.56629 0.0709656 0.0733741 0.0191049
0 0.520399 0.533091 0.0425148 0.0604588 0.0190248
0 0.908847 0.453581 0.0555519 0.0604674 0.0189822
0 0.762326 0.542039 0.0361469 0.0550061 0.0189508
0 0.357484 0.79084 0.139199 0.19092 0.0189323
0 0.00671105 0.547386 0.0145571 0.0681678 0.0189227
0 0.50706 0.548362 0.0294147 0.0318687 0.018839
