0 0.5625 0.536027 0 0.10525 0.753152
0 0.42695 0.598994 0.18996 0.137011 0.742787
0 0.5625 0.53128 0 0.0950534 0.741624
0 0.5625 0.560672 0 0.152588 0.645207
0 0.550677 0.584539 0.0236457 0.104916 0.322804
0 0.551752 0.577887 0.0214954 0.126034 0.260591
0 0.5625 0.484777 0 0.13614 0.22621
0 0.5625 0.528271 0 0.0874674 0.200338
0 0.5625 0.534972 0 0.083069 0.175859
0 0.551596 0.564853 0.0218075 0.14962 0.167741
0 0.5625 0.522862 0 0.0633419 0.164588
0 0.5625 0.529387 0 0.0456038 0.161553
0 0.5625 0.51946 0 0.0635599 0.146667
0 0.375415 0.62076 0.0889941 0.0919278 0.145172
0 0.5625 0.503614 0 0.092983 0.142596
0 0.535887 0.575762 0.053226 0.121427 0.131482
0 0.5625 0.535572 0 0.0507866 0.130453
0 0.5625 0.545386 0 0.0978004 0.117769
0 0.46702 0.593581 0.104824 0.107401 0.116317
0 0.546276 0.590816 0.0324484 0.0845175 0.104683
0 0.5625 0.555969 0 0.12375 0.104014
0 0.5625 0.54099 0 0.0700906 0.10287
0 0.534503 0.580036 0.0559931 0.103296 0.0981812
0 0.5625 0.571277 0 0.122729 0.0977686
0 0.5625 0.531959 0 0.0530845 0.0962292
0 0.527668 0.579642 0.0473965 0.0752791 0.0896645
0 0.5625 0.543324 0 0.0640718 0.0886611
0 0.5625 0.531698 0 0.0385975 0.0812398
0 0.5625 0.523433 0 0.0914221 0.0801535
0 0.5625 0.570223 0 0.106009 0.079645
0 0.486133 0.586134 0.0754016 0.0996443 0.0781893
0 0.0207659 0.624027 0.0415317 0.152601 0.0779245
0 0.0344117 0.588446 0.0684085 0.232868 0.0724218
0 0.0186904 0.642969 0.0372146 0.0962146 0.0703339
0 0.528365 0.570903 0.0682704 0.108389 0.0666682
0 0.520156 0.567082 0.0846876 0.138142 0.0663343
0 0.545412 0.54939 0.0341757 0.201836 0.0643519
0 0.5625 0.490055 0 0.15842 0.0612817
0 0.51465 0.573801 0.0730981 0.101452 0.0610258
0 0.397391 0.609759 0.132452 0.107262 0.0603208
0 0.0457032 0.62291 0.0890213 0.177591 0.0594566
0 0.522241 0.591029 0.0805182 0.112134 0.0591835
0 0.5625 0.536433 0 0.0359209 0.0588566
0 0.0694479 0.583959 0.138896 0.241544 0.0576649
0 0.5625 0.544322 0 0.0844739 0.0576146
0 0.5625 0.531926 0 0.033901 0.0540665
0 0.526033 0.547938 0.0729349 0.18735 0.0502083
0 0.503073 0.59213 0.0559647 0.0895246 0.0498673
0 0.0415492 0.638266 0.0815095 0.113867 0.049255
0 0.266543 0.602672 0.129423 0.162228 0.0490471
0 0.979033 0.538521 0.0188492 0.0348719 0.0438806
0 0.427286 0.600623 0.126398 0.104621 0.0438631
0 0.137107 0.619502 0.139406 0.134145 0.0415877
0 0.781791 0.524982 0.0901121 0.0762755 0.0388613
0 0.947024 0.5364 0.0321321 0.0497099 0.0382563
0 0.363399 0.626268 0.0617629 0.0755663 0.0374247
0 0.858546 0.529149 0.0540979 0.101658 0.0360333
0 0.68003 0.569221 0.0862374 0.117963 0.0359988
0 0.469228 0.571788 0.139781 0.124839 0.0352189
0 0.0753517 0.640593 0.0275328 0.0520691 0.0352124
0 0.0213744 0.596042 0.0439951 0.242999 0.0342932
0 0.704491 0.563244 0.115906 0.119237 0.0340239
0 0.0682395 0.638957 0.0450152 0.0698781 0.0335292
0 0.764318 0.561539 0.0379477 0.0894822 0.0333025
0 0.943197 0.498927 0.0828672 0.102382 0.0323992
0 0.847485 0.536915 0.0394613 0.0861849 0.0318641
0 0.0443811 0.558823 0.0871855 0.307197 0.0316102
0 0.174046 0.59081 0.245013 0.21285 0.0314341
0 0.83642 0.543241 0.0402857 0.0785007 0.0313036
0 0.383619 0.689628 0.119397 0.168246 0.0302741
0 0.825586 0.52273 0.0799954 0.122704 0.0295262
0 0.995431 0.54019 0.00898113 0.0309427 0.0294665
0 0.665451 0.541031 0.101043 0.0881388 0.0292616
0 0.725306 0.516205 0.10761 0.113882 0.0292447
0 0.770955 0.532413 0.0782776 0.105652 0.0291637
0 0.30761 0.597321 0.203943 0.18206 0.0287831
0 0.946446 0.459874 0.0812214 0.100269 0.0275842
0 0.67687 0.573379 0.0576585 0.0965237 0.0274556
0 0.0131299 0.657285 0.0252311 0.0942896 0.0273149
0 0.653207 0.590655 0.15835 0.156172 0.0272982
0 0.776874 0.58711 0.0274621 0.0480108 0.0268978
0 0.423263 0.67448 0.149717 0.178006 0.026825
0 0.308903 0.560576 0.0443145 0.0964264 0.0266418
0 0.354007 0.601919 0.133769 0.153721 0.0266135
0 0.839135 0.546984 0.0224119 0.0475137 0.0262862
0 0.783258 0.550907 0.0788789 0.118552 0.0258821
0 0.74799 0.52856 0.115183 0.163318 0.025725
0 0.308393 0.619701 0.0506781 0.104994 0.0254456
0 0.691955 0.541191 0.116551 0.0990699 0.0249045
0 0.768395 0.585966 0.038491 0.0736591 0.0246632
0 0.331432 0.619661 0.117692 0.139329 0.0243252
0 0.761762 0.521282 0.0550038 0.0615966 0.0242896
0 0.0724296 0.625577 0.0669724 0.122546 0.0241736
0 0.364866 0.596238 0.0722422 0.104792 0.0239931
0 0.862009 0.546722 0.0326523 0.0525394 0.0239476
0 0.35912 0.124275 0.0469504 0.0782013 0.0236895
0 0.309006 0.589536 0.0488471 0.120902 0.0232561
0 0.46733 0.046819 0.0406507 0.0641686 0.0230661
0 0.879639 0.521555 0.103822 0.114048 0.0230582
0 0.531098 0.596298 0.0474035 0.0668692 0.0230494
0 0.37383 0.579965 0.0753253 0.0907656 0.0227531
0 0.658038 0.591263 0.0521774 0.072906 0.0226952
0 0.0352024 0.533195 0.0676589 0.153378 0.0225144
0 0.0532772 0.793096 0.0962862 0.146537 0.0223592
0 0.728803 0.476363 0.0868614 0.119988 0.0223519
0 0.048359 0.661681 0.079818 0.140251 0.0220778
0 0.238388 0.622158 0.127031 0.147712 0.0220347
0 0.190116 0.467708 0.0250521 0.0294805 0.0215459
0 0.366121 0.750513 0.0902101 0.101156 0.0215001
0 0.494772 0.548011 0.0515718 0.0570546 0.0214427
0 0.456511 0.672646 0.109626 0.134216 0.0212663
0 0.661491 0.489918 0.153147 0.17137 0.0211545
0 0.688892 0.587527 0.139728 0.123246 0.0209777
0 0.703704 0.452528 0.0404057 0.0605732 0.0206274
0 0.762169 0.489645 0.129935 0.173804 0.020251
0 0.711276 0.512457 0.0709805 0.0565041 0.0201878
0 0.933023 0.466852 0.0543154 0.0647848 0.0201677
0 0.509975 0.696519 0.103266 0.137062 0.0201665
0 0.568073 0.800772 0.122245 0.199366 0.0201012
0 0.0181601 0.360105 0.0358832 0.0845722 0.0200666
0 0.0417855 0.751807 0.0704283 0.0990041 0.0199377
0 0.103556 0.817472 0.163492 0.278192 0.0195843
0 0.209378 0.688866 0.0646082 0.0957224 0.0192924
0 0.517445 0.792453 0.133436 0.174188 0.0191956
0 0.929071 0.556379 0.0834892 0.112866 0.0191265
0 0.65794 0.519966 0.233244 0.213585 0.0191098
0 0.348284 0.628921 0.0488433 0.070941 0.0190741
0 0.661609 0.663646 0.16462 0.247537 0.0190738
0 0.458207 0.52805 0.136269 0.145531 0.0190453
0 0.222899 0.59049 0.220578 0.190425 0.0189688
0 0.115616 0.832782 0.10449 0.10757 0.0188211
0 0.321315 0.627551 0.0787711 0.107359 0.0187223
0 0.716823 0.45375 0.0651066 0.0792189 0.0187002
0 0.604007 0.594641 0.0897403 0.100173 0.0186665
0 0.708961 0.461235 0.0457708 0.0541574 0.0184916
0 0.411831 0.570148 0.148667 0.176983 0.018371
0 0.728966 0.499105 0.167217 0.187994 0.0183544
0 0.288622 0.749468 0.0575535 0.0708632 0.0183389
0 0.243867 0.831284 0.112846 0.105769 0.0182781
0 0.736947 0.591065 0.0633609 0.0865941 0.0182741
0 0.24429 0.686639 0.0880404 0.125443 0.0181439
0 0.366263 0.670527 0.0610813 0.084251 0.0180925
0 0.0517328 0.821474 0.083815 0.122507 0.0180474
0 0.128895 0.674225 0.0882968 0.0994001 0.0180392
0 0.414881 0.779901 0.106442 0.144258 0.0180278
0 0.035161 0.501727 0.062939 0.093266 0.0176395
0 0.502116 0.542342 0.0840199 0.112219 0.017606
0 0.465753 0.779502 0.137678 0.156144 0.0175098
0 0.912639 0.498788 0.0825623 0.0839575 0.0173155
0 0.68395 0.526346 0.173854 0.128172 0.0173117
0 0.0606292 0.599575 0.0796824 0.153115 0.0172057
0 0.490743 0.528479 0.114384 0.14459 0.0171899
0 0.381718 0.775575 0.0541495 0.0827282 0.0171184
0 0.717393 0.348602 0.0321714 0.0619366 0.0169666
0 0.0241385 0.658504 0.0469058 0.105481 0.0169324
0 0.0350084 0.480103 0.0614562 0.0851467 0.0169103
0 0.36427 0.15291 0.0315264 0.0380774 0.0168851
0 0.307389 0.54359 0.0386651 0.0792145 0.0168343
0 0.934098 0.611851 0.102299 0.188954 0.0167714
0 0.504171 0.650875 0.034693 0.0509369 0.0167241
0 0.973459 0.463302 0.0402092 0.116484 0.0167062
0 0.0515666 0.648888 0.0622335 0.0781379 0.0164552
0 0.478573 0.602742 0.0791099 0.0832529 0.016443
0 0.036089 0.478017 0.0685255 0.246462 0.0163598
0 0.416748 0.581334 0.127208 0.0911529 0.0163592
0 0.979477 -0.0148598 0.0399429 0.0403658 0.0163544
0 0.678285 0.518254 0.0972532 0.0620592 0.0163292
0 0.17985 0.687832 0.0691687 0.0917589 0.0162881
0 0.0760384 0.678214 0.0596774 0.0957834 0.0162729
0 0.308124 0.752421 0.0551374 0.0693136 0.0162571
0 0.697454 0.43711 0.0378535 0.0637911 0.0162528
0 0.390085 0.678943 0.0900308 0.116503 0.01623
0 0.0205854 0.401421 0.0413854 0.145342 0.0160269
0 0.228635 0.707032 0.134335 0.195607 0.0159344
0 0.958977 0.547586 0.0192431 0.0385661 0.0158751
0 0.337954 0.681996 0.0620443 0.0916211 0.0158712
0 0.0791171 0.752464 0.0828861 0.106742 0.0157216
0 0.0454137 0.489752 0.0492156 0.0555968 0.0156578
0 0.34574 0.496774 0.0249673 0.049073 0.015628
0 0.125806 0.627662 0.0893242 0.0900448 0.0155696
0 0.718565 0.375033 0.0321025 0.0702812 0.0154544
0 0.134617 0.564134 0.152131 0.175104 0.0153598
0 0.916964 0.182124 0.154156 0.250229 0.0153465
0 0.962881 0.432898 0.0674545 0.102601 0.0152706
0 0.148159 0.626533 0.0527837 0.0687059 0.0152562
0 0.252119 0.635291 0.0938572 0.0974726 0.0150784
0 0.365855 0.501964 0.0354165 0.0669306 0.0150569
0 0.238696 0.606553 0.070927 0.114967 0.0149863
0 0.933596 0.679161 0.0915867 0.151868 0.014971
0 0.303736 0.632088 0.072615 0.0990634 0.014969
0 0.978266 0.599667 0.0476156 0.129956 0.0149543
0 0.206146 0.738834 0.0463781 0.0581331 0.0149376
0 0.65927 0.519712 0.0811159 0.0562416 0.0148742
0 0.494442 0.52549 0.0599982 0.0656496 0.0148713
0 0.031511 0.359147 0.0580575 0.109829 0.0148115
0 0.848655 0.819865 0.0376556 0.050916 0.0147045
0 0.18387 0.741919 0.046073 0.0539941 0.014691
0 0.972966 0.631461 0.0523252 0.0966276 0.0146369
0 0.263117 0.748877 0.0674924 0.0801242 0.0145352
0 0.337166 0.752054 0.0683046 0.083086 0.0145228
0 0.0751122 0.79457 0.145364 0.24031 0.0144519
0 0.231907 0.636237 0.0496468 0.0670936 0.0144176
0 0.0808844 0.796708 0.108498 0.124402 0.0143645
0 0.875829 0.485185 0.0845625 0.113827 0.0143597
0 0.631315 0.492549 0.160365 0.216227 0.0142576
0 0.307519 0.696253 0.0760126 0.100289 0.014248
0 0.797962 0.498348 0.0717333 0.103377 0.0141807
0 0.625297 0.52258 0.0791599 0.0688901 0.0141426
0 0.811034 0.605698 0.0488691 0.0819457 0.0140901
0 0.922718 0.445035 0.0468111 0.0703 0.0140545
0 0.567279 0.170554 0.0336713 0.0524793 0.0140405
0 0.318148 0.721671 0.0899131 0.116526 0.0140241
0 0.361467 0.139704 0.0410615 0.0560464 0.0140158
0 0.613247 0.531524 0.0815718 0.0841169 0.0139356
0 0.838564 0.479286 0.0924664 0.158516 0.0139002
0 0.954367 0.417016 0.0598045 0.0724934 0.0138644
0 0.358638 -0.0108512 0.0677386 0.0466161 0.0138195
0 0.150437 0.67895 0.0878277 0.103988 0.0136881
0 0.0835656 0.830144 0.103717 0.112076 0.0136798
0 0.169529 0.65867 0.0506095 0.0441964 0.0136563
0 0.496735 0.608653 0.0539177 0.0699723 0.0136301
0 0.589911 0.544969 0.0892825 0.108235 0.0136171
0 0.837139 0.138867 0.0871242 0.127864 0.0135962
0 0.280207 0.698762 0.0770964 0.0954897 0.0135621
0 0.578411 0.685735 0.121658 0.220151 0.0134658
0 0.234636 0.883375 0.0829498 0.101256 0.0133686
0 0.184482 0.796421 0.0611044 0.07836 0.0133613
0 0.858061 0.804888 0.0463182 0.0707386 0.0133357
0 0.183927 0.4548 0.0217387 0.0281831 0.0132738
0 0.190004 0.244679 0.312471 0.380944 0.0132487
0 0.190644 0.479734 0.0283062 0.0308 0.0132378
0 0.828543 0.422693 0.0366192 0.0607141 0.0131975
0 0.28935 0.780115 0.058599 0.0782983 0.0131751
0 0.726445 0.443152 0.0698218 0.0888691 0.0131354
0 0.716861 0.669871 0.0528588 0.083577 0.0131351
0 0.710098 0.494311 0.0536617 0.0444688 0.013067
0 0.158933 0.638394 0.0812796 0.0729627 0.0130523
0 0.793408 0.491619 0.10181 0.163611 0.0130476
0 0.110794 0.690112 0.160657 0.325592 0.0130374
0 0.774943 0.576231 0.0178306 0.0403024 0.0130158
0 0.628269 0.605048 0.0718851 0.0773759 0.012981
0 0.550357 0.550106 0.0935891 0.130146 0.0129678
0 0.914649 0.270032 0.164515 0.266452 0.0129675
0 0.16703 0.610658 0.0596552 0.0724909 0.012962
0 0.253971 0.881833 0.0809862 0.0952216 0.0129586
0 0.790789 0.141695 0.0714153 0.11098 0.0128836
0 0.257869 0.720426 0.111816 0.151143 0.0128647
0 0.359383 0.101924 0.044805 0.0903446 0.0128226
0 0.922719 0.711701 0.145234 0.26024 0.0127575
0 0.989097 0.590482 0.0216934 0.0811811 0.0127522
0 0.269238 0.611139 0.105263 0.103871 0.0127409
0 0.691959 0.745791 0.0497737 0.0668221 0.0126831
0 0.344302 0.476662 0.0219703 0.0381485 0.0126742
0 0.0575568 0.877368 0.0927127 0.151416 0.0126596
0 0.669037 0.798984 0.10662 0.209661 0.0126268
0 0.0186759 0.73481 0.031028 0.088608 0.0126012
0 0.84091 0.603636 0.0462803 0.0945827 0.0125951
0 0.730792 0.371357 0.0313021 0.0559798 0.0125639
0 0.211756 0.606681 0.0383085 0.0947822 0.0125553
0 0.0564515 0.922331 0.0911115 0.138189 0.0125485
0 0.307798 -0.00818868 0.0725742 0.0509948 0.0125125
0 0.480104 0.534818 0.0525964 0.0477576 0.0124857
0 0.410902 0.738971 0.0736307 0.10239 0.0124796
0 0.0825943 0.632041 0.0439662 0.0756817 0.0124603
0 0.312216 0.778495 0.0547376 0.0788286 0.0124173
0 0.0590306 0.512563 0.0753012 0.0869413 0.0124169
0 0.361392 0.381287 0.0339619 0.0498773 0.0124132
0 0.81237 0.142733 0.076263 0.111957 0.0124058
0 0.689433 0.655513 0.0511286 0.0810051 0.0124036
0 0.583378 -0.00571781 0.093958 0.05552 0.0123428
0 0.983757 0.405685 0.0265905 0.0831395 0.0123266
0 0.523556 0.602058 0.0656764 0.0937594 0.012326
0 0.616307 0.654854 0.0822884 0.137739 0.0123055
0 0.975898 0.367337 0.0476784 0.183921 0.0123012
0 0.789033 0.46378 0.0688947 0.0858098 0.0122948
0 0.859028 0.819268 0.0524895 0.0627821 0.0122851
0 0.661798 0.491043 0.0944103 0.0701616 0.0122712
0 0.0359917 1.00942 0.0595835 0.0468318 0.0122682
0 0.989432 0.756504 0.0212473 0.0907435 0.0122675
0 0.984754 0.730173 0.0315647 0.115892 0.0122618
0 0.510885 0.608014 0.0595191 0.0849785 0.012254
0 0.149526 0.602598 0.0356518 0.0506616 0.0122249
0 0.915808 0.684769 0.0806593 0.130152 0.0122232
0 0.57644 0.183277 0.0555757 0.0907976 0.012197
0 0.265152 0.781562 0.0673531 0.0793623 0.0121963
0 0.9097 0.407771 0.0838652 0.116538 0.01219
0 0.920988 0.426636 0.152527 0.258776 0.0121566
0 0.111843 0.875918 0.0849663 0.114703 0.0121091
0 0.703458 0.346998 0.0416221 0.0704386 0.0120907
0 0.16392 0.693075 0.141977 0.246985 0.0120758
0 0.653328 0.756858 0.056763 0.0797768 0.0120553
0 0.720691 0.803106 0.144032 0.236451 0.0119982
0 0.561098 0.648081 0.036232 0.0633906 0.011948
0 0.165252 0.195086 0.0472477 0.0612101 0.0119242
0 0.135455 0.798078 0.086018 0.0980847 0.0119223
0 0.780857 0.666398 0.0448292 0.0840442 0.0119167
0 0.608435 -0.00692735 0.0888318 0.0528127 0.0118978
0 0.808049 0.369993 0.0274576 0.0420843 0.0118872
0 0.405723 0.778378 0.0479322 0.0737907 0.0118633
0 0.0194913 0.29799 0.0400138 0.132184 0.0118372
