0 0.150313 0.526668 0.11458 0.110239 0.911882
0 0.534769 0.514523 0.0554629 0.114763 0.891816
0 0.227863 0.503303 0.0632975 0.0823573 0.89023
0 0.503106 0.50172 0.0410642 0.0715571 0.837571
0 0.322467 0.488904 0.0279735 0.0357828 0.822457
0 0.265936 0.49574 0.0317398 0.0694139 0.821243
0 0.288649 0.491257 0.0256511 0.0597911 0.797821
0 0.5625 0.636507 0 0.284637 0.77142
0 0.350812 0.480099 0.0229993 0.030381 0.716882
0 0.366897 0.476639 0.016733 0.0252019 0.68316
0 0.481339 0.495519 0.0229498 0.0532605 0.676165
0 0.437294 0.476735 0.0131534 0.0217371 0.654186
0 0.5625 0.553396 0 0.202719 0.645843
0 0.46049 0.486695 0.0224692 0.0291762 0.639596
0 0.446333 0.481027 0.0140651 0.0228416 0.557612
0 0.432282 0.47362 0.0121783 0.0200321 0.47064
0 0.424713 0.469187 0.0109445 0.0179584 0.407815
0 0.394432 0.470102 0.0115438 0.0186328 0.389953
0 0.442569 0.478437 0.0124394 0.0210848 0.357507
0 0.426678 0.472677 0.0100582 0.0166408 0.323014
0 0.369194 0.471316 0.019163 0.0319535 0.303532
0 0.448904 0.483039 0.0138555 0.0232187 0.299342
0 0.379955 0.471194 0.0180114 0.0245923 0.291386
0 0.5625 0.557142 0 0.183319 0.286145
0 0.371912 0.475456 0.0126452 0.0206166 0.260451
0 0.452444 0.483873 0.0156354 0.0283947 0.258181
0 0.405157 0.463543 0.0109428 0.0168304 0.25182
0 0.376155 0.47317 0.0128547 0.020519 0.251585
0 0.420929 0.468964 0.0115434 0.0174521 0.227561
0 0.43723 0.472972 0.0110582 0.0199164 0.226827
0 0.398684 0.466303 0.0108451 0.0170208 0.226423
0 0.418389 0.467706 0.00997925 0.0164716 0.212289
0 0.363139 0.479074 0.0117366 0.0203171 0.192228
0 0.379432 0.477334 0.0123909 0.0207338 0.177168
0 0.5625 0.614633 0 0.342119 0.173537
0 0.358769 0.478934 0.0141926 0.0243718 0.171266
0 0.388106 0.473103 0.0119877 0.0193748 0.169864
0 0.37041 0.48082 0.0132572 0.0219663 0.160304
0 0.5625 0.645271 0 0.323286 0.15474
0 0.47504 0.495662 0.0150715 0.0369575 0.146181
0 0.5625 0.696979 0 0.271537 0.134157
0 0.3458 0.483254 0.0165639 0.0243057 0.134012
0 0.391125 0.473351 0.0115785 0.0175284 0.13115
0 0.356097 0.475868 0.016005 0.0235722 0.127288
0 0.458808 0.487408 0.0129417 0.02951 0.125455
0 0.5625 0.697195 0 0.350528 0.118669
0 0.320332 0.489344 0.02161 0.0271638 0.117215
0 0.335366 0.484892 0.0121738 0.0227046 0.109758
0 0.519735 0.503462 0.0397225 0.0878665 0.109176
0 0.5625 0.522005 0 0.163053 0.0931682
0 0.948671 0.571481 0.0999662 0.230985 0.0884922
0 0.52527 0.515773 0.0392246 0.0998962 0.0881097
0 0.0206347 0.508248 0.0414995 0.0684112 0.0841376
0 0.974254 0.728226 0.0489304 0.258939 0.0837122
0 0.659008 0.575334 0.117526 0.163336 0.0823384
0 0.406566 0.468515 0.00928793 0.01461 0.0791165
0 0.646281 0.582965 0.0700973 0.137497 0.0779394
0 0.352436 0.477037 0.0157718 0.0202482 0.0773214
0 0.300138 0.494644 0.0150518 0.0371884 0.0767752
0 0.193692 0.491753 0.0200879 0.034327 0.0756824
0 0.290038 0.490533 0.0176692 0.0411763 0.072305
0 0.599969 0.494349 0.0492923 0.0798656 0.0720929
0 0.478789 0.493967 0.0156509 0.0362898 0.0702729
0 0.314791 0.490786 0.0189351 0.0293799 0.06926
0 0.403289 0.455529 0.0107645 0.016473 0.0664333
0 0.327306 0.483483 0.0220904 0.0316743 0.0662232
0 0.333052 0.489277 0.0198359 0.0274926 0.0649561
0 0.986368 0.748623 0.0269995 0.216001 0.0635537
0 0.779077 0.645789 0.206753 0.244728 0.0632452
0 0.0111638 0.497591 0.0234123 0.076472 0.062628
0 0.917541 0.482563 0.165568 0.17444 0.0625138
0 0.967533 0.564572 0.0662704 0.147785 0.06221
0 0.489665 0.488365 0.0151008 0.035185 0.062001
0 0.60791 0.547594 0.0594227 0.148033 0.0616363
0 0.485673 0.497678 0.0155303 0.033968 0.0614279
0 0.928885 0.783923 0.141458 0.331407 0.0611156
0 0.394088 0.456277 0.0116651 0.0152788 0.0604439
0 0.574025 0.526457 0.0576296 0.108856 0.0596661
0 0.964426 0.6562 0.0679607 0.236354 0.057454
0 0.662101 0.548771 0.0955967 0.124541 0.0570476
0 0.940633 0.509787 0.117955 0.124472 0.0567285
0 0.276848 0.496609 0.0195185 0.0481971 0.0559044
0 0.987967 0.699702 0.0233702 0.225269 0.05398
0 0.0395149 0.506405 0.0785423 0.0694387 0.0539222
0 0.956464 0.543615 0.084185 0.162216 0.053187
0 0.194635 0.505327 0.0239086 0.0554907 0.0517501
0 0.978992 0.680427 0.0418079 0.230818 0.0514754
0 0.968514 0.600551 0.0626558 0.155814 0.051159
0 0.896756 0.555241 0.214016 0.216142 0.0508656
0 0.015642 0.421663 0.0316817 0.0358083 0.050003
0 0.366943 0.454867 0.0133211 0.0174554 0.0497277
0 0.645105 0.530048 0.0834068 0.122577 0.0491187
0 0.561695 0.523683 0.0518081 0.0867358 0.0490296
0 0.187971 0.513419 0.0381014 0.0756047 0.0477967
0 0.159188 0.734798 0.0241632 0.0307546 0.0466419
0 0.0562657 0.484113 0.113373 0.106807 0.0465538
0 0.0134023 0.431504 0.029271 0.0388296 0.0458845
0 0.0225574 0.480498 0.0457194 0.0925237 0.0457078
0 0.529257 0.494129 0.0430323 0.0752651 0.0448662
0 0.487616 0.499631 0.0168143 0.0509031 0.0442095
0 0.0158219 0.447146 0.0311583 0.0450511 0.0436575
0 0.674494 0.530876 0.129317 0.14931 0.0428612
0 0.603265 0.49251 0.0380482 0.0620781 0.0425719
0 0.414625 0.465964 0.0119165 0.0179977 0.0423202
0 0.943841 0.711311 0.105115 0.198243 0.0421896
0 0.26785 0.493814 0.0181229 0.047805 0.0420746
0 0.917003 0.476561 0.16649 0.409861 0.0417544
0 0.87671 0.682066 0.167715 0.228778 0.040852
0 0.822947 0.66064 0.121065 0.197978 0.0407622
0 0.640308 0.607641 0.0550586 0.085865 0.0406606
0 0.699844 0.601338 0.072215 0.163241 0.0406506
0 0.864099 0.670404 0.0811548 0.179622 0.0404875
0 0.306648 0.495042 0.015231 0.0311107 0.0403507
0 0.699356 0.563333 0.174165 0.237623 0.0394773
0 0.963682 0.742087 0.0641962 0.189151 0.0392806
0 0.188245 0.480358 0.0277302 0.0342451 0.0392727
0 0.623716 0.524929 0.0849134 0.133342 0.0387114
0 0.686063 0.572921 0.0983525 0.149307 0.037905
0 0.858628 0.654 0.0640499 0.135765 0.0377493
0 0.422907 0.454903 0.0103981 0.0149387 0.0373008
0 0.518819 0.522044 0.0233031 0.0525075 0.0371037
0 0.170777 0.500304 0.0605894 0.056938 0.0366351
0 0.937164 0.483478 0.145224 0.0983959 0.0366002
0 0.61317 0.502555 0.0543637 0.0802451 0.0362926
0 0.727208 0.620463 0.146428 0.22429 0.0362044
0 0.0332606 0.492892 0.0650881 0.10268 0.035803
0 0.19684 0.484066 0.0173051 0.022929 0.0358006
0 0.600881 0.562677 0.045087 0.109648 0.0351825
0 0.479999 0.474159 0.0263408 0.045548 0.0350315
0 0.650447 0.649994 0.155704 0.274461 0.0348416
0 0.201843 0.496238 0.0161896 0.0290186 0.0345709
0 0.169104 0.471808 0.0662852 0.041921 0.0342995
0 0.218571 0.474842 0.0693599 0.0875354 0.0342192
0 0.621393 0.499088 0.0752096 0.100455 0.0337622
0 0.696153 0.541407 0.0717752 0.0981004 0.0337086
0 0.749072 0.651276 0.14004 0.212934 0.0336452
0 0.881574 0.485036 0.0735836 0.0753595 0.032988
0 0.592182 0.541066 0.0392625 0.0903817 0.032958
0 0.295784 0.497016 0.0142087 0.0386914 0.0327986
0 0.622064 0.585037 0.086841 0.133668 0.0323969
0 0.055354 0.422414 0.106372 0.0560467 0.0322977
0 0.283845 0.499079 0.016748 0.0447094 0.0318378
0 0.695911 0.657464 0.175153 0.267062 0.0317218
0 0.0336695 0.325569 0.0632943 0.0683705 0.0316415
0 0.0834451 0.504966 0.0563971 0.0495371 0.0312702
0 0.0563151 0.445024 0.103666 0.0508199 0.0309541
0 0.260279 0.491683 0.0203286 0.0449076 0.0309327
0 0.699143 0.569009 0.0659123 0.110048 0.0309291
0 0.198213 0.487116 0.0230644 0.0349861 0.0309103
0 0.980031 0.623982 0.0380051 0.172345 0.0306798
0 0.975413 0.540385 0.0470324 0.142101 0.0306434
0 0.835572 0.746563 0.244225 0.240412 0.0297888
0 0.42829 0.45382 0.0114721 0.0156899 0.0297816
0 0.351224 0.350939 0.0224845 0.0372136 0.0296024
0 0.438245 0.453324 0.0125157 0.0187469 0.029487
0 0.44859 0.461797 0.0146527 0.0208223 0.0294361
0 0.0589041 0.407037 0.0547738 0.0333635 0.0292177
0 0.180022 0.47392 0.0406327 0.0385903 0.0292148
0 0.271798 0.481404 0.0192119 0.0364938 0.0291763
0 0.246185 0.498631 0.0301814 0.0634981 0.0291489
0 0.375734 0.460065 0.0130972 0.0208406 0.0289785
0 0.765894 0.536914 0.0853321 0.0699905 0.0288502
0 0.271674 0.499316 0.0196177 0.0553819 0.0286157
0 0.704816 0.541675 0.0524229 0.0749333 0.0280935
0 0.895684 0.486063 0.105098 0.0889468 0.0280169
0 0.885772 0.838935 0.166137 0.273863 0.0279728
0 0.528708 0.473424 0.0218081 0.0295922 0.0279461
0 0.473793 0.478444 0.0167257 0.026076 0.0278728
0 0.715703 0.614887 0.0957386 0.179924 0.0276939
0 0.926717 0.604578 0.127423 0.185445 0.0275675
0 0.4171 0.456079 0.0106039 0.0142039 0.0271074
0 0.455774 0.475478 0.0160815 0.0227355 0.0269921
0 0.851892 0.692633 0.0564644 0.100683 0.0269058
0 0.76141 0.557198 0.175166 0.150081 0.0268446
0 0.832286 0.626228 0.116618 0.152211 0.0267194
0 0.0595855 0.457055 0.118397 0.0615852 0.0265672
0 0.617552 0.428353 0.0528271 0.0609973 0.0264967
0 0.353249 0.377051 0.024087 0.0348304 0.0262747
0 0.336215 0.47615 0.0143494 0.0213609 0.0262186
0 0.0280481 0.416961 0.0573253 0.0547791 0.0258506
0 0.575341 0.559935 0.0779924 0.134702 0.0256415
0 0.251475 0.479333 0.0303599 0.055926 0.0255317
0 0.874981 0.633337 0.0990063 0.180793 0.0253613
0 0.0665004 0.507054 0.0792133 0.0517577 0.0252621
0 0.833522 0.693601 0.0907934 0.134157 0.0246914
0 0.597501 0.475094 0.0597566 0.0804571 0.0244988
0 0.264026 0.495803 0.0203733 0.0616127 0.0242265
0 0.830648 0.872669 0.155059 0.229172 0.0240889
0 0.914093 0.715087 0.105103 0.16946 0.0240211
0 0.786499 0.686664 0.127221 0.15361 0.0239027
0 0.929608 0.423224 0.136388 0.222755 0.0237065
0 0.0184302 0.520927 0.0418002 0.105794 0.0236645
0 0.702043 0.521312 0.0879552 0.118943 0.0235648
0 0.723572 0.655499 0.0778098 0.141955 0.0234639
0 0.846995 0.607542 0.0795019 0.163831 0.0233894
0 0.0343122 0.448603 0.0596631 0.0406738 0.0233485
0 0.857803 0.548794 0.216747 0.134084 0.0232977
0 0.0710416 0.339535 0.133386 0.131808 0.0232547
0 0.914719 0.313769 0.169649 0.325379 0.023168
0 0.00697021 0.52165 0.0154611 0.0837714 0.023107
0 0.569942 0.676825 0.0818515 0.153861 0.0229771
0 0.844342 0.710251 0.0642178 0.1048 0.0228976
0 0.557786 0.469893 0.0683834 0.0895321 0.0228727
0 0.743156 0.544278 0.123894 0.10115 0.0225329
0 0.179585 0.519845 0.0546857 0.0809912 0.0223435
0 0.255711 0.503295 0.0160829 0.0430243 0.0223121
0 0.45303 0.440344 0.0198166 0.0320012 0.0223045
0 0.330825 0.491336 0.0259902 0.0383567 0.0222861
0 0.887779 0.746733 0.134786 0.188139 0.0221794
0 0.758717 0.690629 0.112212 0.158159 0.0219289
0 0.910639 0.581088 0.109496 0.146937 0.0218685
0 0.634112 0.454696 0.0783413 0.106883 0.0217504
0 0.687083 0.619794 0.0523071 0.125542 0.0217217
0 0.512443 0.518899 0.015232 0.0482306 0.0215034
0 0.376946 0.466366 0.0119316 0.0198852 0.0215031
0 0.109822 0.514598 0.0421267 0.0592838 0.0214559
0 0.515807 0.491799 0.0256562 0.042515 0.0213752
0 0.215101 0.47827 0.0206146 0.027236 0.0213642
0 0.101728 0.497978 0.0542471 0.0651643 0.0213412
0 0.86312 0.49141 0.164526 0.10757 0.0212555
0 0.970012 0.503302 0.0594027 0.111061 0.0211734
0 0.661341 0.667285 0.0599633 0.11747 0.021109
0 0.196818 0.476081 0.0314921 0.038249 0.0210895
0 0.0111656 0.428336 0.0211159 0.0317221 0.0210049
0 0.910694 0.650271 0.12379 0.209556 0.0209608
0 0.889763 0.699593 0.104691 0.170473 0.0209569
0 0.241428 0.324821 0.0196207 0.0287189 0.0208308
0 0.617434 0.463709 0.0749031 0.132157 0.0206907
0 0.245036 0.359971 0.0256199 0.0436499 0.0206409
0 0.667521 0.771844 0.103226 0.17953 0.0206381
0 0.396421 0.412836 0.0125936 0.0188265 0.0206294
0 0.43065 0.477867 0.0113202 0.0188789 0.0205584
0 0.661092 0.507394 0.103502 0.109191 0.0205298
0 0.52808 0.537358 0.0704103 0.135112 0.0204827
0 0.101394 0.508337 0.0378415 0.0468288 0.0204155
0 0.128966 0.526897 0.0678004 0.0992043 0.0203947
0 0.460176 0.365501 0.0315326 0.0371391 0.020383
0 0.594246 0.593178 0.0654678 0.132304 0.0201754
0 0.767692 0.559927 0.0981009 0.106245 0.0200852
0 0.812869 0.702447 0.0975527 0.146195 0.0199476
0 0.739941 0.70779 0.10188 0.123015 0.0199118
0 0.723665 0.570959 0.114893 0.15718 0.019822
0 0.288983 0.476383 0.0159303 0.0303752 0.0198039
0 0.945948 0.458716 0.0969566 0.0848701 0.0197695
0 0.94372 0.744641 0.0812952 0.161178 0.0197503
0 0.613442 0.266312 0.177353 0.224754 0.0197046
0 0.585887 0.467458 0.0820381 0.112048 0.0196096
0 0.428301 0.474719 0.0106509 0.0204208 0.0195677
0 0.622433 0.41684 0.0466838 0.060192 0.0195136
0 0.664646 0.252133 0.20374 0.248018 0.0194997
0 0.989325 0.795478 0.0212706 0.149291 0.0194906
0 0.852359 0.553645 0.0801832 0.0994272 0.0194894
0 0.570881 0.481378 0.0498905 0.0593336 0.0194766
0 0.347477 0.487038 0.014009 0.0213548 0.0193285
0 0.848218 0.760527 0.0973098 0.134195 0.0192095
0 0.17421 0.352369 0.07458 0.0422903 0.0191338
0 0.185733 0.474086 0.0306184 0.0272418 0.0191208
0 0.418336 0.400633 0.0171541 0.0256459 0.0190943
0 0.949678 0.466569 0.0824816 0.199449 0.0190494
0 0.152926 0.487935 0.069616 0.0386584 0.0190113
0 0.554316 0.453881 0.0307048 0.0291619 0.0190011
0 0.726601 0.521382 0.144191 0.184332 0.0189466
0 0.919996 0.35142 0.14903 0.206393 0.0189202
0 0.816245 0.641005 0.0944622 0.121326 0.0187694
0 0.720934 0.545059 0.09045 0.119669 0.01873
0 0.610721 0.464318 0.0564539 0.0813902 0.0186516
0 0.752556 0.589415 0.104762 0.139998 0.0186264
0 0.389144 0.413755 0.0135867 0.0197346 0.0185246
0 0.616082 0.449157 0.057395 0.0767948 0.018489
0 0.207443 0.549703 0.0255897 0.0477141 0.0184328
0 0.161248 0.352338 0.050136 0.0339721 0.018425
0 0.910558 0.173697 0.181045 0.304741 0.0183992
0 0.651943 0.608617 0.0568107 0.0984969 0.0183907
0 0.52219 0.681746 0.0928405 0.142556 0.0183191
0 0.248222 0.753821 0.0591122 0.0915773 0.0182909
0 0.243604 0.336722 0.0218041 0.0391283 0.01829
0 0.405022 0.41012 0.0160485 0.0237748 0.0182696
0 0.598894 0.43847 0.0797342 0.096379 0.0182606
0 0.683279 0.652446 0.0432781 0.105379 0.0181883
0 0.757328 0.503598 0.132156 0.137808 0.018178
0 0.0163774 0.346986 0.0298274 0.0455944 0.018176
0 0.11625 0.519769 0.0444809 0.0750064 0.0180768
0 0.896355 0.557158 0.119482 0.110627 0.0179992
0 0.464799 0.380441 0.0433301 0.0715964 0.0179949
0 0.83518 0.730255 0.0740427 0.0850559 0.0178285
0 0.00464248 0.62188 0.0115013 0.116678 0.0177755
0 0.371015 0.396325 0.0223702 0.027887 0.0177652
0 0.348479 0.432614 0.0208185 0.0307209 0.0174252
0 0.635127 0.43879 0.0408436 0.0411919 0.0173682
0 0.138945 0.493901 0.0781137 0.0486469 0.0173519
0 0.358514 0.486013 0.013922 0.0203792 0.0172623
0 0.181146 0.564793 0.0614334 0.109458 0.0172503
0 0.192652 0.354132 0.0755861 0.045731 0.0171083
0 0.00733552 0.343749 0.0151838 0.0281158 0.0170579
0 0.151877 0.354238 0.03426 0.0277323 0.0170134
0 0.224318 0.524941 0.0712021 0.0878672 0.0168943
0 0.871057 0.496607 0.0754665 0.0703204 0.0168374
0 0.917638 0.553425 0.0895458 0.0988069 0.016803
0 0.410377 0.559881 0.0287752 0.0663255 0.0167998
0 0.0971783 0.344967 0.0282376 0.0263285 0.0166573
