0 0.529231 0.449723 0.0427274 0.0705391 0.866987
0 0.547078 0.463191 0.0308441 0.115774 0.866821
0 0.559522 0.488874 0.00595694 0.143088 0.841935
0 0.484802 0.440157 0.0206126 0.0299604 0.836433
0 0.271496 0.418353 0.0898684 0.134936 0.827222
0 0.504759 0.442905 0.0273862 0.0473704 0.819576
0 0.209956 0.452823 0.100444 0.110979 0.792027
0 0.376408 0.436814 0.0274534 0.0353534 0.760109
0 0.348654 0.436871 0.0310095 0.0473035 0.731234
0 0.324632 0.43434 0.0244474 0.0679244 0.678072
0 0.406508 0.432138 0.0208313 0.0261926 0.636337
0 0.444811 0.431017 0.0158092 0.021727 0.613258
0 0.471038 0.435112 0.0140699 0.0226451 0.57948
0 0.421381 0.429839 0.0158583 0.0241936 0.497823
0 0.466425 0.433566 0.0124515 0.020751 0.485939
0 0.462227 0.430942 0.0105917 0.0190099 0.301864
0 0.5625 0.440587 0 0.101669 0.297916
0 0.42314 0.430203 0.0112376 0.0191649 0.293632
0 0.418846 0.431048 0.0133611 0.0203313 0.278225
0 0.474925 0.436425 0.0147007 0.0240274 0.268021
0 0.460225 0.430865 0.0095953 0.0156728 0.236764
0 0.478647 0.437215 0.0160728 0.0292547 0.231057
0 0.382752 0.438309 0.0144355 0.0248716 0.225338
0 0.414104 0.430269 0.0154134 0.0233898 0.224976
0 0.458261 0.433096 0.0116264 0.0197334 0.216152
0 0.5625 0.416146 0 0.0310784 0.208182
0 0.412296 0.436291 0.0144289 0.0230333 0.182093
0 0.5625 0.418052 0 0.0561017 0.177016
0 0.469041 0.432386 0.00867481 0.0204997 0.171571
0 0.396303 0.435924 0.0151922 0.0215563 0.171008
0 0.390662 0.436641 0.0156674 0.0271508 0.169947
0 0.130355 0.42471 0.054894 0.0390542 0.158757
0 0.377867 0.439351 0.0188695 0.0276864 0.157025
0 0.5625 0.415418 0 0.0232062 0.130595
0 0.357373 0.438516 0.0147012 0.0296959 0.129335
0 0.114684 0.455185 0.100506 0.0999213 0.128487
0 0.471386 0.43449 0.00855656 0.018227 0.121037
0 0.148435 0.454646 0.092389 0.10682 0.120034
0 0.558465 0.475421 0.00806975 0.119291 0.119292
0 0.140939 0.426224 0.039379 0.0375017 0.116838
0 0.319976 0.430804 0.0160939 0.0545364 0.112504
0 0.471489 0.451436 0.0282021 0.0534456 0.111123
0 0.361225 0.436878 0.0160065 0.0307935 0.110155
0 0.541625 0.458647 0.0256413 0.0842255 0.109464
0 0.129161 0.420726 0.0642683 0.0563171 0.108633
0 0.4197 0.437273 0.0141381 0.0257611 0.106077
0 0.0781077 0.448401 0.155077 0.12886 0.10286
0 0.5625 0.414988 0 0.0476063 0.101594
0 0.142965 0.437324 0.0472215 0.0632356 0.100735
0 0.246785 0.459298 0.0326749 0.0770309 0.10065
0 0.672638 0.413731 0.0533307 0.0447061 0.0996778
0 0.110961 0.418679 0.101332 0.0652602 0.0939976
0 0.804026 0.421047 0.0608986 0.0610079 0.0923991
0 0.0585248 0.425273 0.035981 0.0350289 0.09006
0 0.0551395 0.431723 0.0462333 0.0511299 0.0894405
0 0.28414 0.440177 0.0596094 0.0925628 0.0887773
0 0.038506 0.437462 0.0783981 0.111801 0.0880964
0 0.547289 0.468134 0.0314216 0.0983626 0.0876138
0 0.298683 0.435915 0.0382123 0.0860062 0.0872454
0 0.159139 0.44106 0.0587162 0.0773818 0.0854565
0 0.0867942 0.423423 0.0711495 0.0478699 0.0848049
0 0.382549 0.431951 0.0165889 0.0255173 0.0843887
0 0.0508933 0.42292 0.0489704 0.043729 0.0807299
0 0.193371 0.452823 0.067072 0.0935878 0.0806285
0 0.515851 0.565334 0.128197 0.327302 0.0795592
0 0.798153 0.410355 0.0439623 0.0561097 0.0776883
0 0.0215222 0.442926 0.0437486 0.0987762 0.0774009
0 0.0350175 0.423713 0.0700383 0.0712945 0.0767259
0 0.0796867 0.416847 0.0955949 0.0690536 0.0734893
0 0.819562 0.430448 0.0887699 0.0903713 0.0728487
0 0.338805 0.425825 0.0264526 0.0595002 0.069564
0 0.816248 0.41122 0.0785899 0.0663969 0.0687602
0 0.371529 0.434031 0.0156443 0.025925 0.0678334
0 0.82241 0.451496 0.105475 0.123185 0.0673823
0 0.661055 0.438979 0.0357391 0.0517116 0.0669911
0 0.843811 0.439997 0.132913 0.122496 0.0668718
0 0.646991 0.416152 0.0528689 0.0394287 0.0664344
0 0.0195516 0.421578 0.0398331 0.0744135 0.0654397
0 0.258119 0.464945 0.0334374 0.0594455 0.0630001
0 0.51609 0.642163 0.135341 0.211545 0.0627897
0 0.599296 0.492087 0.0819884 0.119684 0.0619936
0 0.0893897 0.454822 0.101648 0.101241 0.0618789
0 0.328408 0.440514 0.0170012 0.043678 0.0609976
0 0.661416 0.411931 0.0376312 0.0440537 0.0604043
0 0.345744 0.425464 0.0324813 0.0644883 0.0579363
0 0.672193 0.431181 0.0548909 0.0747072 0.057184
0 0.165431 0.435094 0.115892 0.110593 0.0561697
0 0.0127317 0.450767 0.0252936 0.101194 0.0557021
0 0.503202 0.465487 0.0383078 0.079912 0.0547323
0 0.324244 0.436238 0.012613 0.0413268 0.0544612
0 0.692269 0.434079 0.0829846 0.0881321 0.053688
0 0.0318715 0.508642 0.0640792 0.212774 0.0531236
0 0.650065 0.499614 0.0726986 0.105656 0.0525226
0 0.235084 0.452421 0.0519701 0.0898504 0.0518083
0 0.571826 0.486457 0.0333631 0.0961199 0.05131
0 0.648432 0.425155 0.0461969 0.0491013 0.0505322
0 0.544472 0.436434 0.0141377 0.0308089 0.0505018
0 0.182458 0.452591 0.121553 0.119119 0.0499512
0 0.743198 0.436276 0.0892268 0.0917745 0.0497035
0 0.744658 0.412562 0.0817735 0.0480599 0.0495377
0 0.315249 0.420902 0.0276098 0.08566 0.0479181
0 0.00817274 0.458806 0.0164053 0.0910216 0.0477201
0 0.433593 0.406454 0.0164594 0.0253349 0.0471104
0 0.75573 0.4522 0.0674928 0.0812856 0.0468931
0 0.660234 0.479346 0.0551133 0.133467 0.0463087
0 0.82318 0.398441 0.0800012 0.0659803 0.0461676
0 0.319848 0.415643 0.0148998 0.031397 0.0461456
0 0.790918 0.450522 0.0745623 0.111107 0.0459186
0 0.127402 0.423729 0.105538 0.0815504 0.0453858
0 0.412879 0.65814 0.303182 0.184364 0.0450981
0 0.196799 0.430494 0.0797129 0.0701675 0.0449789
0 0.419036 0.804639 0.0249006 0.0339545 0.0449312
0 0.825593 0.420765 0.0666374 0.0535014 0.0444482
0 0.0489809 0.415793 0.0760142 0.0831743 0.0442785
0 0.31893 0.402997 0.01755 0.0386768 0.0430269
0 0.226829 0.423423 0.0948059 0.141901 0.0425387
0 0.119598 0.468949 0.144338 0.144358 0.0422254
0 0.127167 0.4077 0.237733 0.224417 0.0412316
0 0.0230139 0.412883 0.0459396 0.110013 0.0410628
0 0.207926 0.406619 0.0408346 0.0380603 0.0408089
0 0.605804 0.447518 0.0652285 0.0663 0.0405719
0 0.65942 0.513863 0.0523168 0.0781284 0.0404501
0 0.0657801 0.481619 0.129962 0.206672 0.0400483
0 0.909635 0.510126 0.171587 0.17565 0.0400175
0 0.626001 0.421152 0.0748965 0.0451369 0.0399142
0 0.0507873 0.517002 0.0992664 0.24283 0.0397713
0 0.165527 0.417047 0.162089 0.178993 0.0396914
0 0.86129 0.450789 0.0891891 0.0906514 0.0394828
0 0.529509 0.441502 0.0187174 0.0366272 0.0390841
0 0.538965 0.467428 0.0165315 0.0636665 0.0390119
0 0.752913 0.457072 0.138832 0.132816 0.0384687
0 0.0868001 0.518922 0.171584 0.222861 0.0383132
0 0.270412 0.431951 0.058502 0.0960197 0.0373285
0 0.544198 0.476413 0.0207136 0.0535018 0.0372775
0 0.324895 0.411282 0.0175868 0.0316128 0.0365583
0 0.780893 0.466507 0.0853608 0.107763 0.0365473
0 0.664853 0.414343 0.0259685 0.0307273 0.0363151
0 0.0792376 0.399797 0.155735 0.216772 0.0361268
0 0.222409 0.460345 0.0639299 0.0785428 0.0356713
0 0.25857 0.425656 0.0583946 0.106415 0.0351599
0 0.512193 0.452551 0.0218714 0.0513316 0.0344143
0 0.883997 0.459668 0.163334 0.131149 0.0340383
0 0.464099 0.390457 0.0211784 0.0345814 0.0337458
0 0.694434 0.444856 0.0954057 0.131868 0.0335912
0 0.267641 0.4649 0.0211735 0.0365946 0.03339
0 0.274495 0.461441 0.041353 0.0609323 0.0332823
0 0.181146 0.465488 0.0806449 0.0994117 0.0332572
0 0.128565 0.303491 0.238602 0.445147 0.033008
0 0.233114 0.425993 0.0528142 0.0820034 0.0323317
0 0.269103 0.381934 0.0792654 0.0623498 0.0322971
0 0.534788 0.458408 0.0261686 0.0707141 0.0317253
0 0.658242 0.409548 0.0200129 0.0190994 0.0315438
0 0.581352 0.445165 0.0720026 0.0771511 0.0312534
0 0.894008 0.469332 0.212632 0.221216 0.0310694
0 0.590616 0.427871 0.036545 0.0422988 0.0305208
0 0.456606 0.430267 0.00859146 0.0139433 0.0304932
0 0.623748 0.419051 0.0221072 0.0282162 0.0299756
0 0.869252 0.419159 0.171844 0.18973 0.0287997
0 0.830351 0.372364 0.104908 0.123559 0.028649
0 0.585916 0.423891 0.0192269 0.0281727 0.0283109
0 0.72866 0.483907 0.153902 0.179168 0.0282506
0 0.803071 0.472477 0.09229 0.114737 0.0281781
0 0.661978 0.42391 0.0384494 0.0478394 0.0280716
0 0.879801 0.523606 0.205821 0.227939 0.0280297
0 0.510607 0.44284 0.0154349 0.0398095 0.0279166
0 0.880926 0.454318 0.077673 0.084901 0.0277666
0 0.0459054 0.408916 0.0901431 0.180774 0.0276696
0 0.794744 0.504328 0.184196 0.187978 0.0275472
0 0.46553 0.436249 0.00983887 0.0165081 0.0273743
0 0.552212 0.41548 0.0211728 0.0228514 0.0271663
0 0.430697 0.408117 0.00977554 0.0151896 0.0271553
0 0.84294 0.459042 0.0995138 0.109568 0.026954
0 0.00552538 0.478808 0.0113741 0.0928756 0.0268707
0 0.650279 0.419166 0.0239105 0.0232974 0.0268349
0 0.503717 0.430694 0.0183952 0.024895 0.0268059
0 0.0239472 0.482711 0.0439845 0.203048 0.0266082
0 0.297244 0.448365 0.0294402 0.0604571 0.0266
0 0.511749 0.429911 0.0152135 0.0254819 0.0265061
0 0.0661778 0.566438 0.123228 0.236348 0.0264641
0 0.150331 0.421389 0.0662043 0.0674316 0.0262715
0 0.551176 0.572989 0.0755375 0.262598 0.0259814
0 0.63357 0.508057 0.0889204 0.0979424 0.0257661
0 0.536589 0.464362 0.0165643 0.0486803 0.0256463
0 0.994162 0.557423 0.0108238 0.0634903 0.0256288
0 0.511308 0.805141 0.0912847 0.126461 0.02547
0 0.0510695 0.635507 0.0949685 0.272026 0.025391
0 0.483 0.802683 0.0841288 0.0940506 0.0253743
0 0.722205 0.374706 0.108985 0.128326 0.025247
0 0.44017 0.408994 0.0108189 0.015249 0.0252295
0 0.253834 0.460556 0.0191524 0.0511477 0.0251948
0 0.183895 0.418051 0.103232 0.103586 0.0251187
0 0.475394 0.438364 0.00977936 0.0177247 0.0248998
0 0.225885 0.330147 0.0292266 0.0615245 0.0245499
0 0.177241 0.491248 0.141788 0.189201 0.0244991
0 0.472362 0.431281 0.0109616 0.018025 0.0244651
0 0.340838 0.398668 0.044516 0.0818144 0.0243641
0 0.45098 0.436462 0.0106139 0.0175544 0.0242118
0 0.720125 0.403489 0.135594 0.0774489 0.0239607
0 0.541829 0.544746 0.0763342 0.0918801 0.0238968
0 0.542038 0.440504 0.0214258 0.0364026 0.0234923
0 0.479009 0.423201 0.0144762 0.0213629 0.0234607
0 0.847945 0.475663 0.13249 0.139538 0.0233699
0 0.0196189 0.385492 0.040313 0.153318 0.0232119
0 0.48283 0.432592 0.0135997 0.0212907 0.0231642
0 0.839575 0.400741 0.108208 0.07944 0.0231566
0 0.417147 0.404746 0.0114531 0.0158779 0.0230266
0 0.576005 0.411298 0.0277847 0.0219326 0.0227826
0 0.586991 0.411814 0.0264277 0.0197537 0.0226857
0 0.924255 0.537956 0.1387 0.134432 0.0226513
0 0.281862 0.374386 0.0493343 0.0497748 0.0225091
0 0.461971 0.407491 0.0095705 0.0140723 0.0223966
0 0.469179 0.339839 0.0204232 0.0288629 0.0223772
0 0.474322 0.407911 0.0126098 0.0187611 0.0222289
0 0.0340191 0.6128 0.069358 0.293638 0.0220654
0 0.223757 0.364275 0.0346018 0.0587769 0.0219946
0 0.992019 0.558729 0.0166206 0.0898569 0.0219496
0 0.238472 0.395872 0.0538942 0.104088 0.0219017
0 0.470801 0.406961 0.00981359 0.0157924 0.0217859
0 0.614724 0.516508 0.0696913 0.0828772 0.0216461
0 0.0697008 0.316892 0.130792 0.293333 0.0213583
0 0.623898 0.419335 0.0834205 0.0817807 0.0213361
0 0.479672 0.342354 0.0309529 0.0476362 0.0212622
0 0.388785 0.534316 0.152933 0.205806 0.0212373
0 0.277086 0.463078 0.0209695 0.0352194 0.0212203
0 0.469431 0.62234 0.223816 0.224527 0.021203
0 0.485191 0.445119 0.0158263 0.0247056 0.0211177
0 0.251819 0.401401 0.0705487 0.0988533 0.0209543
0 0.992712 0.542615 0.014237 0.0794494 0.0208412
0 0.198278 0.403847 0.111126 0.164785 0.0206883
0 0.913521 0.472082 0.108305 0.10256 0.0205106
0 0.392415 0.440633 0.0123847 0.0181875 0.0204909
0 0.422821 0.421449 0.0127781 0.0198917 0.0203386
0 0.425308 0.436674 0.0105813 0.0171592 0.0198529
0 0.527582 0.42489 0.0191426 0.0253362 0.0198101
0 0.202931 0.403018 0.0643547 0.0667324 0.019699
0 0.410667 0.437238 0.0108857 0.0170996 0.0196847
0 0.988928 0.536526 0.0222212 0.0851401 0.0196766
0 0.358147 0.402483 0.0299973 0.046218 0.0196208
0 0.37145 0.798856 0.0455117 0.0629488 0.0195544
0 0.803165 0.369827 0.0983784 0.115108 0.0192586
0 0.437943 0.435961 0.0106431 0.0174126 0.0191228
0 0.748634 0.467569 0.0959304 0.112526 0.0190906
0 0.406591 0.346031 0.0256146 0.0360205 0.0189808
0 0.670475 0.39587 0.0432331 0.0505976 0.0189241
0 0.384191 0.445017 0.0138984 0.020384 0.0187623
0 0.717626 0.403539 0.15358 0.140152 0.0187556
0 0.406948 0.40704 0.0126098 0.017524 0.0187551
0 0.0447254 0.517595 0.0902647 0.150524 0.0187523
0 0.724636 0.357612 0.0728214 0.101124 0.0185728
0 0.633459 0.406343 0.104271 0.125125 0.0183604
0 0.0145883 0.378658 0.0285996 0.110701 0.0181124
0 0.75461 0.371054 0.108938 0.115155 0.0179358
0 0.454329 0.346366 0.020295 0.0277111 0.0179106
0 0.038906 0.296806 0.0800301 0.309086 0.017773
0 0.677968 0.485788 0.0670858 0.122091 0.017657
0 0.502028 0.174714 0.0243763 0.0404075 0.0175914
0 0.494518 0.405135 0.0141341 0.0221932 0.0175392
0 0.800171 0.378796 0.0630034 0.0962048 0.0173533
0 0.575317 0.413123 0.0482445 0.033747 0.01727
0 0.370663 0.446116 0.0143936 0.0222095 0.0170947
0 0.393334 0.408931 0.0133632 0.0191721 0.0170245
0 0.0540527 0.691834 0.0858422 0.198317 0.0169036
0 0.525876 0.715091 0.0590703 0.063196 0.0168593
0 0.830177 0.479947 0.0947577 0.116122 0.0168045
0 0.0468488 0.384362 0.075838 0.127009 0.0167993
0 0.0232763 0.568438 0.0463396 0.159952 0.0167378
0 0.57653 0.259754 0.0238868 0.058958 0.0166652
0 0.79759 0.356316 0.0567619 0.0829646 0.0164629
0 0.992645 0.500981 0.0201181 0.0928491 0.0164252
0 0.434064 0.347828 0.0184585 0.0258582 0.0164214
0 0.0219278 0.59029 0.0413113 0.263856 0.0164213
0 0.609399 0.414677 0.0249028 0.0235054 0.0164201
0 0.37666 0.404976 0.0171489 0.0274634 0.0163973
0 0.443482 0.345881 0.0191286 0.026015 0.0162505
0 0.528198 0.554942 0.0659212 0.0859319 0.0162278
0 0.300545 0.455552 0.0198951 0.0392344 0.0161976
0 0.285864 0.466546 0.0544894 0.087639 0.0161689
0 0.861393 0.396693 0.0698519 0.0620908 0.0161322
0 0.904723 0.447169 0.0725908 0.08666 0.0161282
0 0.597329 0.415882 0.0235284 0.0222041 0.0161018
0 0.0471305 0.475643 0.0970967 0.139485 0.0160941
0 0.0690641 0.470453 0.116382 0.114573 0.0160158
0 0.545481 0.650353 0.0722851 0.177125 0.0158523
0 0.486671 0.289343 0.043924 0.0435534 0.0158125
0 0.503555 0.397202 0.0238641 0.032174 0.0157971
0 0.00658362 0.548722 0.0152827 0.114113 0.015792
0 0.731001 0.536995 0.0785943 0.113681 0.0157244
0 0.0184653 0.684807 0.0363867 0.237302 0.0156948
0 0.767793 0.398457 0.119699 0.115037 0.0156381
0 0.760799 0.72914 0.298293 0.292656 0.0156182
0 0.399107 0.341754 0.0292767 0.0424548 0.0154648
0 0.363227 0.446874 0.0142982 0.0250177 0.0154477
0 0.177962 0.511541 0.0907137 0.147295 0.0154453
0 0.235568 0.462601 0.0386069 0.0671705 0.0153849
0 0.364546 0.697668 0.267859 0.171672 0.0153233
0 0.0118317 0.568115 0.0222622 0.134789 0.0152763
0 0.0680426 0.640228 0.104044 0.206116 0.0152308
0 0.918563 0.58887 0.129519 0.15301 0.0151911
0 0.491653 0.33908 0.0331718 0.047212 0.0151767
0 0.596822 0.512425 0.0600137 0.0828048 0.0151754
