0 0.475687 0.627924 0.157716 0.22339 0.920933
0 0.5625 0.599409 0 0.288508 0.889535
0 0.56171 0.5486 0.00157995 0.158231 0.88801
0 0.298791 0.512292 0.0430567 0.0531076 0.707397
0 0.553311 0.537682 0.0183779 0.104336 0.679761
0 0.33195 0.503463 0.0328446 0.043798 0.646492
0 0.5625 0.517622 0 0.0434722 0.483259
0 0.483651 0.509899 0.0626297 0.0250612 0.478204
0 0.369897 0.506703 0.0227777 0.0278259 0.40432
0 0.531771 0.53979 0.0311172 0.0619869 0.403421
0 0.358309 0.504588 0.0211936 0.0300244 0.387562
0 0.5625 0.53325 0 0.0502469 0.357719
0 0.467781 0.511214 0.0496762 0.0256046 0.349997
0 0.511715 0.510257 0.019747 0.0227386 0.327298
0 0.391711 0.511798 0.02132 0.0225844 0.323979
0 0.423984 0.513552 0.0281227 0.032182 0.318615
0 0.409707 0.513275 0.0180097 0.0232118 0.312919
0 0.548557 0.524368 0.0175257 0.0552997 0.308426
0 0.448475 0.510752 0.0191947 0.0232557 0.301772
0 0.5625 0.530659 0 0.0632387 0.274618
0 0.326542 0.509654 0.0232088 0.0376084 0.26162
0 0.5625 0.510457 0 0.0266771 0.260415
0 0.504142 0.49235 0.0171974 0.0274976 0.254625
0 0.34654 0.506333 0.0154651 0.0287623 0.238633
0 0.330072 0.51133 0.0189095 0.0302982 0.233685
0 0.351483 0.507464 0.0157516 0.0288499 0.224223
0 0.375741 0.506463 0.015986 0.024795 0.216542
0 0.479876 0.501122 0.0582573 0.0357921 0.213203
0 0.25691 0.504275 0.0224029 0.0314295 0.20262
0 0.497202 0.495727 0.0309883 0.0329438 0.202194
0 0.248384 0.503528 0.0393221 0.0365371 0.202099
0 0.505563 0.50214 0.0163881 0.0224151 0.201867
0 0.505509 0.50913 0.023451 0.0212918 0.192708
0 0.517806 0.503038 0.016906 0.0233021 0.190622
0 0.365248 0.506143 0.0171124 0.0263897 0.187948
0 0.549118 0.515923 0.022469 0.0573437 0.187943
0 0.0216256 0.4884 0.0422338 0.0350015 0.187365
0 0.5625 0.524318 0 0.0396122 0.187166
0 0.382918 0.510812 0.0177258 0.0235639 0.17962
0 0.321559 0.511785 0.0172444 0.0300679 0.179338
0 0.54654 0.504639 0.021005 0.0408591 0.177281
0 0.498901 0.505895 0.0196203 0.0185502 0.177047
0 0.424511 0.513599 0.0197347 0.0266802 0.175269
0 0.514226 0.510654 0.0129333 0.0203155 0.17258
0 0.486202 0.516447 0.0645658 0.0335543 0.172337
0 0.517111 0.508098 0.0151176 0.0236699 0.170731
0 0.407145 0.515631 0.0146568 0.0209853 0.165221
0 0.530001 0.500776 0.0226908 0.0273101 0.16502
0 0.41885 0.515321 0.0193528 0.0262413 0.162953
0 0.5625 0.533341 0 0.0339274 0.162854
0 0.504081 0.508897 0.0131038 0.021573 0.162549
0 0.494366 0.510136 0.0228796 0.0222273 0.161376
0 0.0316013 0.484292 0.0416217 0.0406314 0.1611
0 0.515974 0.545961 0.0523685 0.0714194 0.160261
0 0.460371 0.50459 0.038921 0.0335342 0.160169
0 0.509659 0.503404 0.0149687 0.0208021 0.156256
0 0.403919 0.512299 0.0151794 0.022046 0.154759
0 0.340851 0.506204 0.0189765 0.031836 0.154126
0 0.0582359 0.482262 0.0591831 0.0457061 0.152518
0 0.0254691 0.478969 0.0502397 0.055075 0.151856
0 0.508223 0.529109 0.0476598 0.0625667 0.143225
0 0.358114 0.498613 0.0173455 0.0330611 0.142675
0 0.353558 0.50036 0.014817 0.0294853 0.142068
0 0.538444 0.538583 0.0231356 0.0652181 0.14052
0 0.0794253 0.487004 0.0183017 0.0310739 0.140351
0 0.400628 0.513759 0.0149165 0.0211335 0.140198
0 0.337935 0.511701 0.016419 0.0273112 0.14006
0 0.452668 0.509473 0.0192946 0.0232804 0.138656
0 0.490187 0.52802 0.0806737 0.0596229 0.137992
0 0.494052 0.497818 0.017182 0.0206533 0.136781
0 0.52547 0.511511 0.0137015 0.0287906 0.131698
0 0.395497 0.516477 0.0165095 0.0220484 0.126626
0 0.504477 0.498453 0.0137935 0.0194156 0.125342
0 0.444427 0.512043 0.0188385 0.0228109 0.125147
0 0.50788 0.498009 0.0137813 0.0197526 0.124662
0 0.479288 0.509425 0.0219539 0.0191673 0.116431
0 0.469717 0.503846 0.0238872 0.0217043 0.115387
0 0.261648 0.504197 0.0143154 0.0254753 0.113537
0 0.0766739 0.482536 0.026298 0.0407256 0.113499
0 0.338037 0.498792 0.0219521 0.0340385 0.113025
0 0.542552 0.507952 0.0186234 0.0290498 0.112282
0 0.545528 0.521987 0.0179584 0.0402886 0.112205
0 0.531569 0.499976 0.0149935 0.0202796 0.111462
0 0.572733 0.503894 0.0446495 0.0499123 0.107494
0 0.657179 0.535513 0.0185736 0.044689 0.107076
0 0.0807617 0.495222 0.0203946 0.0390567 0.104328
0 0.14024 0.51867 0.0663434 0.0524534 0.101246
0 0.471014 0.496171 0.0223384 0.0214137 0.0999786
0 0.329716 0.495783 0.0243647 0.0346472 0.0959031
0 0.492204 0.491301 0.0129712 0.0186222 0.0958605
0 0.376904 0.50057 0.016284 0.0257568 0.0957804
0 0.556727 0.493217 0.045391 0.0922849 0.0944281
0 0.660782 0.539916 0.0209528 0.0385576 0.0934644
0 0.503905 0.481854 0.0167456 0.0292397 0.0915318
0 0.00878612 0.459415 0.0180368 0.0561535 0.09047
0 0.0792901 0.492047 0.014699 0.0233654 0.0901785
0 0.0866537 0.512885 0.0318218 0.0586199 0.0896937
0 0.0316543 0.518302 0.0648718 0.143416 0.0887471
0 0.602341 0.47754 0.0252056 0.0302937 0.0887181
0 0.499157 0.541525 0.0841435 0.0826602 0.0881667
0 0.338541 0.49997 0.0154322 0.0250269 0.0879714
0 0.425447 0.52374 0.0235065 0.0356444 0.0855917
0 0.459531 0.498175 0.019898 0.0202507 0.0798912
0 0.119137 0.52032 0.0329416 0.0439773 0.0791945
0 0.692022 0.516514 0.0686533 0.0788313 0.0785097
0 0.447185 0.499918 0.0176363 0.0202159 0.0785043
0 0.536235 0.508646 0.0170268 0.0317557 0.0773011
0 0.0840033 0.485224 0.0274 0.0391571 0.0772982
0 0.0360905 0.471104 0.06661 0.070608 0.0772712
0 0.547756 0.534682 0.0137967 0.035881 0.0766128
0 0.613575 0.485321 0.0385285 0.0340436 0.0761893
0 0.651215 0.504449 0.0242767 0.0216688 0.0760269
0 0.703688 0.500107 0.0552968 0.0578881 0.0752739
0 0.414422 0.516047 0.0137361 0.0206123 0.0716045
0 0.668935 0.526962 0.0327875 0.0496704 0.0712034
0 0.225798 0.503793 0.0183295 0.0291463 0.0699175
0 0.365359 0.493209 0.018897 0.0299616 0.0697577
0 0.354865 0.488744 0.0236074 0.0402775 0.0685521
0 0.565422 0.510691 0.0477573 0.089829 0.0682747
0 0.453833 0.500755 0.0163886 0.0212359 0.0678487
0 0.526754 0.523992 0.0139573 0.0251707 0.067807
0 0.0271382 0.508259 0.0538611 0.087088 0.0673486
0 0.109408 0.521451 0.0506348 0.052 0.0649924
0 0.648662 0.509084 0.0256977 0.0341912 0.0643895
0 0.80725 0.444851 0.0759199 0.0385675 0.0638914
0 0.595799 0.475418 0.0323563 0.0354824 0.0637606
0 0.541753 0.554968 0.0158929 0.0348335 0.0637049
0 0.0372535 0.491658 0.0260724 0.0340008 0.0636912
0 0.0933813 0.519163 0.0425369 0.0536727 0.0636149
0 0.397331 0.522163 0.0148456 0.027052 0.0624
0 0.0210651 0.504842 0.0418763 0.0629848 0.0620005
0 0.423906 0.534493 0.03094 0.0449496 0.0614107
0 0.101172 0.487965 0.0637539 0.0743335 0.0612899
0 0.568345 0.474718 0.072422 0.116106 0.0608393
0 0.157262 0.497058 0.113356 0.100535 0.0598345
0 0.301655 0.508123 0.0270695 0.037882 0.0596177
0 0.31795 0.496063 0.0231742 0.0260664 0.0577886
0 0.0797458 0.502686 0.0254138 0.0537959 0.0574105
0 0.0469096 0.509719 0.102289 0.157423 0.0572017
0 0.443611 0.498302 0.0174953 0.0204343 0.0567051
0 0.0441315 0.463271 0.0843229 0.102523 0.0553801
0 0.569792 0.54788 0.0257399 0.108992 0.0553722
0 0.0103826 0.514949 0.0209331 0.0659503 0.0553128
0 0.265139 0.50714 0.0163695 0.0274744 0.0548637
0 0.574723 0.454835 0.0744768 0.0974943 0.0548327
0 0.138045 0.518914 0.100425 0.0904199 0.0547522
0 0.291888 0.508514 0.0214561 0.0323096 0.0547066
0 0.0474598 0.504471 0.0795742 0.095544 0.0546237
0 0.0269861 0.540823 0.0550501 0.0941973 0.0545613
0 0.258392 0.501061 0.0168419 0.0231184 0.0545333
0 0.293458 0.496305 0.0194283 0.0211028 0.0542294
0 0.0379563 0.312647 0.0779678 0.542534 0.0541586
0 0.5388 0.55017 0.0150492 0.0378649 0.0531072
0 0.0362317 0.418322 0.077057 0.249993 0.05296
0 0.135947 0.490591 0.132004 0.123983 0.0528113
0 0.251316 0.504726 0.0259788 0.0277455 0.052331
0 0.619969 0.50867 0.0412367 0.0661536 0.052011
0 0.282323 0.510329 0.0147269 0.0245917 0.0514965
0 0.55809 0.542151 0.0223051 0.0965253 0.0502918
0 0.605151 0.528173 0.0603166 0.103213 0.0499762
0 0.65816 0.515819 0.0168675 0.021393 0.0494362
0 0.534146 0.545965 0.0195528 0.0464516 0.0493313
0 0.60843 0.499083 0.0189453 0.0279816 0.0486379
0 0.299378 0.497957 0.0211852 0.021568 0.0481687
0 0.195107 0.489886 0.0527688 0.0648723 0.0478622
0 0.707478 0.480368 0.0583922 0.0475345 0.0463329
0 0.00782482 0.552977 0.0165189 0.065235 0.0461533
0 0.572877 0.467978 0.063293 0.0657394 0.0458671
0 0.42656 0.519777 0.0139358 0.0245549 0.0451615
0 0.571236 0.484536 0.0533908 0.0554188 0.0447368
0 0.551822 0.493594 0.0176646 0.02809 0.0443182
0 0.480088 0.535576 0.134147 0.0843974 0.0436074
0 0.215839 0.505563 0.024322 0.0350586 0.0430798
0 0.665957 0.516273 0.0187997 0.0284359 0.0424638
0 0.678774 0.519426 0.0351814 0.0424338 0.0420828
0 0.274685 0.506195 0.033589 0.0414987 0.0417696
0 0.22273 0.495816 0.0153343 0.0263072 0.040707
0 0.915253 0.513825 0.0245975 0.0884048 0.0395686
0 0.422445 0.518217 0.0123262 0.0246212 0.0391394
0 0.233116 0.51051 0.0240826 0.0271997 0.0388482
0 0.427255 0.461598 0.0335398 0.0651696 0.0386521
0 0.0356789 0.554712 0.0647169 0.078654 0.0378472
0 0.451676 0.534977 0.0722959 0.0764672 0.0377518
0 0.0242689 0.45878 0.0460623 0.0886008 0.0372892
0 0.711246 0.471378 0.0523569 0.0356556 0.0371949
0 0.0522919 0.49363 0.0528607 0.0647213 0.0370633
0 0.0822138 0.259401 0.0310233 0.0462052 0.0368754
0 0.13589 0.490848 0.0871737 0.0872856 0.0367034
0 0.441433 0.520569 0.0327033 0.0372798 0.0366361
0 0.931042 0.89493 0.134973 0.210761 0.0365838
0 0.169094 0.523838 0.0387764 0.0463513 0.0360826
0 0.915207 0.546239 0.0462263 0.120005 0.0358081
0 0.650361 0.523352 0.0194145 0.0456665 0.0356217
0 0.658689 0.555213 0.02256 0.0607674 0.0355801
0 0.713895 0.508181 0.0826372 0.0786505 0.0353738
0 0.223412 0.51013 0.0153948 0.0262383 0.0353465
0 0.501103 0.396428 0.0221025 0.0397235 0.0353278
0 0.547251 0.581287 0.0155119 0.0386648 0.034987
0 0.0212036 0.554186 0.0416265 0.0779619 0.0344424
0 0.996078 0.545817 0.00781097 0.0579117 0.0343026
0 0.781227 0.459531 0.08555 0.0561755 0.0336367
0 0.177365 0.502453 0.0453517 0.0608631 0.0333933
0 0.80099 0.45101 0.10208 0.0459234 0.0333474
0 0.287942 0.518212 0.0597803 0.0718412 0.0329446
0 0.240798 0.495676 0.0322655 0.0397252 0.0327587
0 0.229478 0.274083 0.0515108 0.0604857 0.0327552
0 0.131736 0.99253 0.0135862 0.0172279 0.0326545
0 0.696345 0.552856 0.0736563 0.133203 0.0324783
0 0.0837037 0.399183 0.020906 0.0360918 0.0322483
0 0.590613 0.55213 0.0574508 0.112963 0.0321022
0 0.247077 0.477282 0.0922347 0.102263 0.0320503
0 0.179381 0.422867 0.0265323 0.0368888 0.0320015
0 0.152505 0.483803 0.0706578 0.0640825 0.0319698
0 0.50069 0.472018 0.012936 0.0180069 0.0319085
0 0.606044 0.469423 0.0239483 0.0293922 0.0315735
0 0.55301 0.568481 0.014031 0.0300136 0.0312474
0 0.686563 0.543663 0.0690126 0.0948431 0.0312284
0 0.734619 0.485169 0.117537 0.0893147 0.0312077
0 0.358041 0.428536 0.0331209 0.0463796 0.030902
0 0.226662 0.488762 0.0179296 0.0324218 0.0306632
0 0.858247 0.551713 0.1292 0.186999 0.0304091
0 0.521979 0.544096 0.0339066 0.0544042 0.0303046
0 0.754845 0.470785 0.1048 0.07197 0.030217
0 0.00748026 0.446436 0.0137206 0.0501728 0.0298394
0 0.0958052 0.516405 0.0247647 0.0282104 0.0297397
0 0.151726 0.528617 0.054515 0.0599856 0.0295907
0 0.0910975 0.514706 0.03071 0.0397926 0.0292397
0 0.563681 0.555273 0.0185903 0.0417054 0.028799
0 0.116681 0.473991 0.0890342 0.104616 0.0286241
0 0.495666 0.338708 0.0235032 0.0382068 0.0286067
0 0.81708 0.463008 0.0867777 0.0615729 0.0285198
0 0.412864 0.501745 0.0136645 0.0196202 0.0283221
0 0.180563 0.48175 0.0446987 0.0470094 0.0283102
0 0.212621 0.512332 0.0262458 0.0448311 0.0280935
0 0.91751 0.528739 0.0242727 0.070578 0.0280023
0 0.327144 0.516217 0.0148902 0.0271556 0.027998
0 0.204987 0.499486 0.0408125 0.0560377 0.0272017
0 0.425527 0.500464 0.0163579 0.0203208 0.0269892
0 0.37674 0.515751 0.0148169 0.0207534 0.0266988
0 0.891576 0.937214 0.0639009 0.105379 0.0264731
0 0.0811878 0.51982 0.0201642 0.0285547 0.0264483
0 0.330639 0.0580645 0.03081 0.045011 0.0264253
0 0.920199 0.821001 0.139749 0.244565 0.0262656
0 0.0841955 0.424825 0.0274941 0.0581567 0.0261853
0 0.0330971 0.42851 0.0674107 0.167009 0.0260755
0 0.168514 0.534372 0.0455978 0.053305 0.0260262
0 0.0972759 0.565968 0.0511106 0.0557086 0.0260261
0 0.50673 0.465842 0.015831 0.0222595 0.0259465
0 0.228278 0.264789 0.0384603 0.0389965 0.0257936
0 0.880448 0.669081 0.0804346 0.130642 0.0256723
0 0.0327606 0.550638 0.0721524 0.271746 0.0256675
0 0.124563 0.420607 0.0283499 0.03539 0.0255904
0 0.887558 0.605335 0.0825308 0.230997 0.0255469
0 0.283953 0.485129 0.044841 0.0670883 0.0255288
0 0.526968 0.457382 0.0210118 0.0328356 0.0248902
0 0.497765 0.394485 0.0181349 0.0323183 0.0248317
0 0.349709 0.429746 0.0352849 0.0466115 0.0247253
0 0.0916368 0.457108 0.0383153 0.0602005 0.0247176
0 0.850561 0.493097 0.108665 0.0710162 0.0246378
0 0.991795 0.554163 0.0172764 0.0808354 0.0245245
0 0.498665 0.355629 0.026809 0.0493726 0.0243239
0 0.0791306 0.263983 0.0226409 0.0334826 0.0241761
0 0.367497 0.435545 0.0460659 0.066302 0.0239892
0 0.227947 0.524389 0.022422 0.0302318 0.0235878
0 0.832697 0.526142 0.153864 0.139404 0.0233957
0 0.961536 0.883087 0.0779783 0.205884 0.0233804
0 0.618859 0.49746 0.0917678 0.107789 0.0232577
0 0.91578 0.566302 0.0276754 0.0937501 0.0227214
0 0.617868 0.487238 0.0233073 0.0209112 0.0226753
0 0.361357 0.511903 0.015002 0.0208762 0.0224586
0 0.985139 0.328641 0.0290699 0.10915 0.0224394
0 0.902856 0.605374 0.0473503 0.145827 0.0222701
0 0.902449 0.504766 0.0458727 0.0863133 0.0221996
0 0.609932 0.429551 0.0336566 0.051208 0.0221056
0 0.184617 0.516016 0.0575264 0.0609605 0.0220389
0 0.211666 0.471516 0.0167773 0.0255541 0.0220235
0 0.540854 0.395606 0.0253726 0.0348972 0.0219444
0 0.214676 0.52079 0.026809 0.042889 0.0218454
0 0.487823 0.470772 0.0127641 0.0171088 0.0218335
0 0.314277 0.518744 0.0194515 0.034496 0.0217768
0 0.794037 0.437363 0.100729 0.0552492 0.0216771
0 0.727105 0.484978 0.109729 0.0576674 0.021669
0 0.993608 0.541465 0.0142391 0.073344 0.0216391
0 0.954717 0.823659 0.0895918 0.241661 0.0215638
0 0.120496 0.41245 0.036321 0.0571562 0.0215303
0 0.978063 0.55228 0.0390509 0.0689528 0.0214235
0 0.763641 0.46137 0.0805261 0.0357601 0.0211946
0 0.219166 0.260887 0.0403636 0.0429145 0.0210405
0 0.226202 0.52056 0.0867095 0.107221 0.020976
0 0.343391 0.395351 0.0364185 0.0528852 0.0208863
0 0.977022 0.54689 0.0473078 0.153305 0.0208376
0 0.380773 0.440932 0.0445242 0.0721966 0.0208229
0 0.383606 0.51477 0.0139959 0.019028 0.0206184
0 0.848477 0.59478 0.152778 0.266559 0.0205967
0 0.170125 0.422371 0.0339646 0.042455 0.0205346
0 0.874773 0.496171 0.0561874 0.0693357 0.0204723
0 0.912831 0.497921 0.0282307 0.095199 0.0204211
0 0.135233 0.531677 0.0538811 0.0604719 0.0203277
0 0.663403 0.565219 0.0288474 0.0722288 0.0203213
0 0.837014 0.483113 0.118764 0.0603926 0.0201843
