0 0.5625 0.700251 0 0.136255 0.85747
0 0.5625 0.796649 0 0.399787 0.847072
0 0.424112 0.666762 0.0290949 0.043591 0.840624
0 0.361113 0.686052 0.0336964 0.0852451 0.818068
0 0.441828 0.660498 0.0204349 0.0342172 0.815614
0 0.5625 0.730068 0 0.213058 0.804777
0 0.560819 0.663421 0.00336251 0.0984933 0.801126
0 0.388149 0.675631 0.0364039 0.0604452 0.737551
0 0.251105 0.706063 0.120721 0.165446 0.717091
0 0.533487 0.658664 0.0193206 0.0429794 0.703082
0 0.54902 0.662211 0.0269592 0.0543137 0.700794
0 0.10738 0.763874 0.21476 0.247219 0.679856
0 0.514608 0.655322 0.0130916 0.0281815 0.671992
0 0.5625 0.682066 0 0.105674 0.65292
0 0.520275 0.656264 0.0157757 0.0302382 0.643852
0 0.319184 0.683778 0.0674792 0.124089 0.642178
0 0.455082 0.657709 0.0134025 0.0264288 0.639543
0 0.494431 0.659042 0.0136348 0.0198462 0.58217
0 0.408227 0.672178 0.0212502 0.0482073 0.534298
0 0.509894 0.653486 0.0114608 0.0237852 0.456712
0 0.4658 0.658428 0.0130461 0.0204512 0.4035
0 0.524627 0.659372 0.0145663 0.0326059 0.32078
0 0.461269 0.656615 0.0136209 0.02441 0.318955
0 0.53026 0.660458 0.016864 0.0360884 0.318953
0 0.451636 0.658918 0.0134624 0.0267596 0.270735
0 0.507273 0.65198 0.0102977 0.0202951 0.259818
0 0.464518 0.661886 0.0113884 0.0203219 0.242086
0 0.458681 0.65906 0.0113867 0.0225052 0.242001
0 0.5625 0.684849 0 0.0967272 0.225744
0 0.503184 0.655316 0.011969 0.0230098 0.221623
0 0.434128 0.664177 0.014799 0.0328092 0.216964
0 0.474639 0.660291 0.0107013 0.0167318 0.213581
0 0.540548 0.664795 0.0189062 0.0403675 0.185504
0 0.0610776 0.776624 0.122155 0.257638 0.184252
0 0.550587 0.666682 0.0236679 0.0390227 0.176546
0 0.496887 0.65655 0.0113194 0.021861 0.16722
0 0.300181 0.690957 0.0724186 0.134462 0.150712
0 0.548228 0.655506 0.0285437 0.0736339 0.14609
0 0.149416 0.753005 0.131787 0.220308 0.139564
0 0.42388 0.669847 0.0199264 0.0390878 0.135713
0 0.416399 0.668955 0.0161332 0.0315108 0.130568
0 0.0349368 0.777506 0.0675261 0.279962 0.129609
0 0.276304 0.69888 0.0787921 0.143505 0.128922
0 0.430501 0.66608 0.0143411 0.0271393 0.126548
0 0.335038 0.682938 0.0404785 0.111736 0.1255
0 0.5625 0.83294 0 0.334119 0.117726
0 0.44318 0.656499 0.016343 0.0255087 0.115685
0 0.0195014 0.766528 0.0387714 0.253089 0.105915
0 0.168181 0.720553 0.0839589 0.141485 0.104248
0 0.561089 0.673067 0.00282269 0.0863369 0.101721
0 0.621123 0.687601 0.0500868 0.111369 0.0978854
0 0.163214 0.66488 0.0617486 0.0439145 0.0915929
0 0.150688 0.700734 0.108576 0.118164 0.0904178
0 0.230398 0.685545 0.0838169 0.119136 0.0900481
0 0.381786 0.680982 0.0216427 0.0465406 0.0875389
0 0.401903 0.681586 0.0170574 0.0341479 0.0874221
0 0.14781 0.671927 0.0908398 0.0595764 0.0858763
0 0.00512222 0.842384 0.0109314 0.20086 0.0858345
0 0.0244381 0.815343 0.0456257 0.283305 0.0844578
0 0.39817 0.669856 0.0223969 0.0444004 0.0815211
0 0.961686 0.897234 0.0766666 0.200259 0.0797896
0 0.564771 0.671864 0.0166657 0.049846 0.0784853
0 0.692533 0.718257 0.0864069 0.168806 0.0771918
0 0.241357 0.704398 0.0727267 0.168882 0.0748567
0 0.180332 0.662017 0.0417487 0.0402156 0.0743066
0 0.0498408 0.733151 0.103476 0.235492 0.0713524
0 0.570927 0.66419 0.039959 0.0749604 0.0684228
0 0.548564 0.659428 0.0218041 0.0414397 0.0681823
0 0.165526 0.680035 0.0696731 0.0724486 0.068128
0 0.314281 0.686898 0.0381428 0.120721 0.0659969
0 0.222951 0.669911 0.0684106 0.0839869 0.0656107
0 0.280574 0.673266 0.0638945 0.0896077 0.0651437
0 0.0490449 0.801037 0.0938623 0.183197 0.0639071
0 0.0114393 0.784974 0.0231038 0.271054 0.0632873
0 0.731068 0.767416 0.0743795 0.134151 0.0627571
0 0.405853 0.674706 0.0146118 0.0403056 0.0602585
0 0.12827 0.674531 0.0578812 0.058014 0.0582563
0 0.0760597 0.736903 0.104096 0.164915 0.0577609
0 0.64784 0.710141 0.0527778 0.111877 0.0575433
0 0.0137592 0.847063 0.0281869 0.230553 0.0564334
0 0.748574 0.758723 0.0643749 0.15136 0.0562785
0 0.0408897 0.836699 0.0792744 0.183618 0.056109
0 0.1337 0.720229 0.119663 0.175333 0.0558892
0 0.76013 0.752187 0.0850287 0.186406 0.0552761
0 0.098113 0.727451 0.0975543 0.159933 0.0548706
0 0.908412 0.661913 0.180887 0.146217 0.0542904
0 0.808955 0.767413 0.1278 0.276933 0.054171
0 0.168274 0.657254 0.0491705 0.0333611 0.0540381
0 0.0140915 0.724509 0.0281021 0.158798 0.0527165
0 0.26766 0.662836 0.0448628 0.0732624 0.0521729
0 0.217918 0.712723 0.10198 0.197859 0.0513227
0 0.666465 0.705987 0.066159 0.139375 0.0512127
0 0.935421 0.61903 0.124801 0.0590562 0.050726
0 0.589693 0.689494 0.0179399 0.0533783 0.0501768
0 0.59255 0.654402 0.0179676 0.0343802 0.0501243
0 0.710904 0.760815 0.118383 0.144423 0.0488603
0 0.0541738 0.723392 0.105119 0.146358 0.0485545
0 0.974664 0.866904 0.0510065 0.219972 0.0483596
0 0.744149 0.774361 0.0473711 0.128011 0.04803
0 0.977654 0.810816 0.045281 0.206152 0.0474639
0 0.0448148 0.681646 0.0913287 0.190165 0.0469156
0 0.0551071 0.216933 0.111521 0.340627 0.046848
0 0.583009 0.661918 0.0439363 0.0659957 0.0460326
0 0.174356 0.7532 0.0821072 0.164922 0.0458568
0 0.0331072 0.725692 0.0648771 0.161304 0.0448664
0 0.119573 0.706515 0.0873638 0.12283 0.0447075
0 0.439743 0.654973 0.0138915 0.0200335 0.0445068
0 0.204993 0.659086 0.0441221 0.0509959 0.0444135
0 0.958085 0.85346 0.0790285 0.188565 0.0440289
0 0.673261 0.679958 0.0519402 0.101857 0.0435991
0 0.0554407 0.276661 0.109268 0.204848 0.0433257
0 0.284424 0.71094 0.0519167 0.117381 0.0429119
0 0.0714027 0.696902 0.0738788 0.0901577 0.0426741
0 0.0627522 0.849754 0.120888 0.240757 0.0422814
0 0.680584 0.72983 0.064757 0.135563 0.0417853
0 0.630428 0.707074 0.0573203 0.116084 0.0414775
0 0.66147 0.636634 0.0774619 0.0817254 0.0406254
0 0.202943 0.648341 0.0351251 0.0353185 0.0405342
0 0.50899 0.64831 0.0102882 0.0194058 0.0404896
0 0.423417 0.65497 0.0175547 0.0222961 0.040297
0 0.352036 0.684728 0.0240097 0.0534432 0.0402844
0 0.911989 0.861822 0.179808 0.269838 0.0400999
0 0.714852 0.689654 0.110234 0.120287 0.0396697
0 0.36808 0.674489 0.0200281 0.0446706 0.0396092
0 0.986093 0.803015 0.0278236 0.188077 0.0395582
0 0.141085 0.66348 0.0702568 0.042316 0.0394722
0 0.353093 0.6812 0.0414572 0.0959167 0.0394514
0 0.108239 0.690937 0.0734673 0.0882555 0.0392118
0 0.897229 0.703631 0.198072 0.217584 0.0392033
0 0.116185 0.678263 0.0525476 0.0616111 0.0388609
0 0.983958 0.864473 0.0314075 0.206244 0.0385378
0 0.300519 0.661103 0.0629138 0.0709894 0.0383665
0 0.182338 0.724472 0.101568 0.191698 0.0381546
0 0.661463 0.616822 0.0396471 0.0411496 0.0381545
0 0.268656 0.630317 0.0354217 0.0254556 0.0380393
0 0.714274 0.666594 0.091458 0.0776881 0.0375363
0 0.846857 0.815693 0.170574 0.288947 0.0371874
0 0.939853 0.75907 0.116849 0.328873 0.0368798
0 0.2048 0.683981 0.0707639 0.10427 0.0365675
0 0.0882843 0.693961 0.0756327 0.0900987 0.036303
0 0.79674 0.361697 0.121935 0.246845 0.0358047
0 0.075903 0.680495 0.0598855 0.0626333 0.0357666
0 0.783111 0.765309 0.0800135 0.170733 0.03554
0 0.525106 0.641306 0.0145937 0.0217734 0.0351094
0 0.261773 0.626845 0.0319691 0.0214164 0.0344574
0 0.745178 0.714898 0.0723568 0.162717 0.034327
0 0.445495 0.663533 0.0130083 0.0252002 0.0343053
0 0.771374 0.613888 0.0590854 0.0552573 0.0342508
0 0.636019 0.647902 0.0687726 0.0871009 0.0340465
0 0.460674 0.660101 0.0100496 0.0179735 0.0338234
0 0.767002 0.706094 0.0932965 0.163932 0.0337123
0 0.988648 0.760646 0.0231316 0.174132 0.0336132
0 0.282194 0.64586 0.0380573 0.0434434 0.0336057
0 0.935201 0.607165 0.109595 0.0359427 0.0334044
0 0.813471 0.749001 0.114805 0.159591 0.0330905
0 0.0177828 0.689977 0.0355145 0.101202 0.0327369
0 0.981324 0.76283 0.0390734 0.219501 0.0324879
0 0.775376 0.679376 0.0916433 0.113644 0.0323761
0 0.673393 0.661184 0.047593 0.0699207 0.0321153
0 0.695679 0.671176 0.0681956 0.0789775 0.0319491
0 0.327508 0.666371 0.0466272 0.0912093 0.0319184
0 0.791299 0.672868 0.0738542 0.0968448 0.0313231
0 0.93728 0.902164 0.119485 0.188508 0.0312099
0 0.382591 0.690025 0.0177911 0.0464137 0.0311513
0 0.031555 0.687532 0.0598311 0.110646 0.030829
0 0.360685 0.641724 0.0230261 0.0422117 0.0306488
0 0.94369 0.8035 0.109309 0.159715 0.0305712
0 0.0176151 0.319469 0.0361407 0.159734 0.0304956
0 0.129123 0.634345 0.0970471 0.081986 0.0304782
0 0.556547 0.651831 0.0199687 0.0475099 0.0303777
0 0.0566969 0.685217 0.0979825 0.0888738 0.0302341
0 0.0635999 0.146117 0.0616435 0.0731511 0.0301779
0 0.736433 0.67717 0.140167 0.107121 0.0300784
0 0.494922 0.631022 0.0111369 0.0149311 0.0299024
0 0.184444 0.864355 0.0572279 0.0968769 0.0297617
0 0.941869 0.657568 0.116249 0.128733 0.0292048
0 0.0825725 0.798531 0.112906 0.170938 0.0291988
0 0.0483013 0.900858 0.0909094 0.195488 0.0290847
0 0.0627678 0.318834 0.120047 0.190461 0.0290743
0 0.519445 0.650557 0.0111319 0.0198279 0.0290017
0 0.74476 0.858906 0.156972 0.238638 0.0289676
0 0.350112 0.670219 0.0317619 0.0664444 0.0289382
0 0.47876 0.627589 0.0116947 0.0173601 0.0289
0 0.669803 0.735895 0.0392638 0.0978753 0.0287905
0 0.819058 0.845836 0.0923626 0.158416 0.0287147
0 0.9867 0.903778 0.0260227 0.174181 0.0285042
0 0.979031 0.699317 0.0385416 0.176445 0.0281448
0 0.411444 0.655873 0.0150043 0.0215459 0.0278715
0 0.156874 0.828751 0.0955587 0.125459 0.0278422
0 0.865317 0.667067 0.0915417 0.0923539 0.027801
0 0.847881 0.724993 0.164197 0.232444 0.0275935
0 0.525093 0.66216 0.0111998 0.0210625 0.0274684
0 0.840585 0.664689 0.0382851 0.0515604 0.0274331
0 0.970654 0.97117 0.0551268 0.0478845 0.02743
0 0.931544 0.676085 0.132273 0.208812 0.0274127
0 0.140425 0.644433 0.0673607 0.04741 0.0269835
0 0.270092 0.642481 0.068033 0.0695424 0.0269793
0 0.97355 0.611376 0.0466682 0.0602339 0.0269769
0 0.034649 0.293642 0.0638843 0.182737 0.0269568
0 0.728548 0.785024 0.0577795 0.0955834 0.0268265
0 0.882851 0.667975 0.16204 0.1041 0.0266049
0 0.96913 0.930094 0.0652773 0.149693 0.0265318
0 0.505771 0.632339 0.00937214 0.013418 0.0264619
0 0.00665301 0.881205 0.0142669 0.167299 0.026455
0 0.269538 0.799262 0.0870972 0.146871 0.0263619
0 0.760867 0.849078 0.0633205 0.123383 0.0263547
0 0.793555 0.791067 0.0681019 0.176055 0.0263495
0 0.742733 0.852828 0.0558304 0.102702 0.0260852
0 0.0472162 0.659921 0.0904579 0.117337 0.0258566
0 0.914076 0.613245 0.0914207 0.0406017 0.0258287
0 0.160003 0.650977 0.0423416 0.0331014 0.0256772
0 0.962165 0.657964 0.060005 0.136044 0.0256394
0 0.937106 0.77877 0.088051 0.0913879 0.0255108
0 0.79299 0.659493 0.0596717 0.0725126 0.025465
0 0.0965294 0.771074 0.100382 0.205436 0.0253938
0 0.846938 0.67148 0.0534403 0.0706404 0.0251655
0 0.118567 0.657339 0.0452008 0.0376248 0.0251046
0 0.0416152 0.343294 0.0843059 0.240064 0.0250983
0 0.676114 0.620865 0.0434106 0.0448022 0.0249957
0 0.900437 0.618513 0.101442 0.0525313 0.0247785
0 0.303974 0.703828 0.0480276 0.120864 0.0246388
0 0.10221 0.799354 0.0776595 0.14779 0.0245903
0 0.0778394 0.274668 0.0544989 0.0953175 0.0245399
0 0.374479 0.682689 0.0162464 0.0503157 0.0245116
0 0.623372 0.876954 0.127607 0.182981 0.0244096
0 0.839359 0.853108 0.129851 0.188744 0.0242758
0 0.661774 0.668278 0.0542839 0.0801491 0.0241735
0 0.453294 0.636169 0.0138934 0.0222583 0.023992
0 0.813664 0.794305 0.113889 0.179557 0.0239538
0 0.465404 0.624086 0.013426 0.0216104 0.0237409
0 0.8426 0.660179 0.0844734 0.0901961 0.0237245
0 0.990098 0.586886 0.0200773 0.0469757 0.0236896
0 0.806843 0.681632 0.0873003 0.130367 0.0236288
0 0.191922 0.750982 0.0532602 0.117606 0.0232744
0 0.0466848 0.602565 0.0901273 0.194894 0.0232163
0 0.0346265 0.643312 0.064718 0.0982847 0.0232145
0 0.0796329 0.664107 0.0448624 0.0393457 0.0229719
0 0.987167 0.640189 0.0281103 0.107086 0.0229344
0 0.8918 0.64203 0.139662 0.0775648 0.0228862
0 0.513283 0.63345 0.00904331 0.0141322 0.0228335
0 0.715279 0.855808 0.0513467 0.0830349 0.0228058
0 0.169728 0.6501 0.042186 0.03431 0.0227836
0 0.795912 0.836246 0.0660756 0.153747 0.0227244
0 0.782445 0.620439 0.0836881 0.0772965 0.0226074
0 0.164633 0.779447 0.0838677 0.131483 0.0224481
0 0.732784 0.661057 0.09536 0.0701571 0.0224427
0 0.51475 0.658743 0.00962992 0.016763 0.0223824
0 0.0373193 0.451271 0.0755054 0.263047 0.0223115
0 0.816338 0.359128 0.0818682 0.210499 0.0222891
0 0.921166 0.776558 0.0524223 0.0592855 0.0222467
0 0.0673681 0.664872 0.0712335 0.0581226 0.0221964
0 0.861284 0.649619 0.081835 0.079218 0.0221687
0 0.198436 0.764819 0.0804486 0.198085 0.0220623
0 0.452843 0.621398 0.0140571 0.0199988 0.0220379
0 0.0801906 0.295287 0.0625674 0.110944 0.0216825
0 0.0731924 0.829759 0.0947317 0.123571 0.0215803
0 0.920104 0.794486 0.0760521 0.0958021 0.0215544
0 0.331516 0.607692 0.0315903 0.0416691 0.021474
0 0.0889552 0.816604 0.0828418 0.129254 0.0213119
0 0.0143115 0.665907 0.0281831 0.100834 0.0212772
0 0.42302 0.857036 0.0933449 0.130502 0.021236
0 0.246764 0.64877 0.0970599 0.101862 0.0212338
0 0.973629 0.735583 0.0523422 0.219801 0.0212294
0 0.934176 0.637387 0.154763 0.0947305 0.0212182
0 0.570979 0.213232 0.0872034 0.113156 0.0211768
0 0.361265 0.906523 0.0341827 0.0574336 0.0211765
0 0.58608 0.219006 0.115587 0.153509 0.021135
0 0.0237328 0.285993 0.0432985 0.103995 0.0211327
0 0.669899 0.782573 0.0612325 0.123272 0.0210701
0 0.922748 0.872025 0.107576 0.165418 0.0209793
0 0.944914 0.765886 0.0976547 0.152098 0.0208073
0 0.53055 0.631677 0.0118037 0.0175196 0.0208031
0 0.849349 0.49824 0.0224924 0.0280502 0.0208007
0 0.241398 0.736946 0.0550735 0.109872 0.0207754
0 0.292102 0.734598 0.0725144 0.131159 0.0207591
0 0.682016 0.869779 0.0533063 0.0892078 0.0207466
0 0.0673589 0.657927 0.115901 0.166936 0.0207225
0 0.0930133 0.65925 0.0306235 0.030538 0.0205898
0 0.971506 0.645212 0.0554205 0.113558 0.0205128
0 0.920985 0.767864 0.0754745 0.0991053 0.0204525
0 0.159142 0.633513 0.0648848 0.0552955 0.0204268
0 0.819178 0.718465 0.119838 0.119943 0.0201601
0 0.532412 0.666529 0.0127663 0.0270785 0.0200838
0 0.420545 0.807223 0.115574 0.187476 0.0200595
0 0.019755 0.64146 0.0360458 0.0837936 0.0200544
0 0.438279 0.612316 0.0182573 0.0245515 0.0199995
0 0.675646 0.611925 0.0501168 0.0489382 0.0199909
0 0.0512599 0.289395 0.0973488 0.135376 0.0198958
0 0.700912 0.628899 0.0851308 0.102453 0.0198082
0 0.375391 0.67446 0.0463342 0.0750398 0.0197478
0 0.97539 0.958985 0.0457247 0.0761564 0.0197259
0 0.948047 0.939032 0.0712769 0.113864 0.0197244
0 0.691427 0.874874 0.108961 0.179501 0.0196892
0 0.458693 0.568011 0.028375 0.0507966 0.0196549
0 0.0647341 0.918173 0.101542 0.155415 0.0196255
0 0.840203 0.655511 0.0508307 0.0617349 0.0196224
0 0.854566 0.680533 0.083539 0.0920992 0.0196223
0 0.988321 0.616171 0.024959 0.0673059 0.0196185
0 0.801158 0.722293 0.0975611 0.155228 0.0195439
0 0.58472 0.691723 0.0160893 0.0482049 0.019466
