0 0.142706 0.70986 0.284846 0.444045 0.879627
0 0.446089 0.782185 0.232822 0.35533 0.861632
0 0.5625 0.782622 0 0.43418 0.847793
0 0.325475 0.671893 0.0244662 0.0378404 0.731019
0 0.29514 0.675469 0.03332 0.0464946 0.709374
0 0.338693 0.670679 0.0158319 0.0312824 0.499523
0 0.362 0.668695 0.021719 0.0362645 0.495342
0 0.555153 0.674603 0.0146945 0.0520591 0.331403
0 0.318698 0.67322 0.0203389 0.0362352 0.30481
0 0.33417 0.671897 0.0168015 0.0314982 0.266713
0 0.311751 0.675456 0.0184085 0.0354158 0.222999
0 0.343086 0.670764 0.0144234 0.029927 0.211041
0 0.351388 0.669493 0.0158172 0.028643 0.207992
0 0.329683 0.673018 0.0162828 0.0308067 0.203089
0 0.34665 0.669802 0.0152789 0.028262 0.198175
0 0.305942 0.6737 0.0205344 0.0398772 0.18594
0 0.292911 0.682122 0.0219844 0.0336804 0.180224
0 0.356829 0.669294 0.0165567 0.0300423 0.179362
0 0.345042 0.674841 0.0142352 0.0254509 0.175662
0 0.276022 0.673999 0.0212393 0.0471151 0.169519
0 0.551615 0.668973 0.02177 0.0676017 0.168066
0 0.363865 0.669379 0.0160747 0.0271974 0.161983
0 0.270582 0.66845 0.0308692 0.0638924 0.160242
0 0.308668 0.676572 0.0152628 0.0290602 0.150415
0 0.365839 0.663873 0.0270148 0.0473602 0.137604
0 0.279589 0.680114 0.0146833 0.0377062 0.13407
0 0.556029 0.673951 0.0129428 0.033028 0.115997
0 0.551519 0.650912 0.0219627 0.0956678 0.114337
0 0.288728 0.67567 0.0242602 0.04234 0.111711
0 0.35906 0.665638 0.0146329 0.024597 0.105129
0 0.34643 0.66237 0.0136553 0.0229502 0.10428
0 0.5625 0.689975 0 0.0439084 0.0978023
0 0.541887 0.665969 0.0412268 0.0909233 0.0912355
0 0.359046 0.673871 0.0115623 0.0203144 0.0866264
0 0.528373 0.661957 0.0682548 0.107663 0.0859819
0 0.517323 0.653401 0.0903537 0.0933621 0.0859558
0 0.369057 0.666342 0.020574 0.0294444 0.0859544
0 0.2899 0.663113 0.0381071 0.060301 0.0846187
0 0.269958 0.645392 0.0407779 0.0786448 0.0818731
0 0.370174 0.659553 0.0177474 0.0302261 0.0803578
0 0.556707 0.671886 0.0115865 0.0461552 0.0803314
0 0.372934 0.6631 0.0371734 0.0548849 0.0793478
0 0.5625 0.646459 0 0.151817 0.0770153
0 0.262769 0.662047 0.0465758 0.0752413 0.0761504
0 0.5625 0.686907 0 0.0528903 0.0714221
0 0.5625 0.682756 0 0.0633319 0.0689794
0 0.558141 0.676921 0.00871887 0.039486 0.0685288
0 0.350744 0.672588 0.0121416 0.0197573 0.0682686
0 0.0394246 0.468633 0.0761676 0.0539188 0.0653737
0 0.5625 0.667479 0 0.0794148 0.0607684
0 0.267575 0.626624 0.0428979 0.0977668 0.0589334
0 0.382904 0.661049 0.0532592 0.0607013 0.0576651
0 0.417684 0.662386 0.0532259 0.0563842 0.0568761
0 0.452825 0.6646 0.0336051 0.0377212 0.0567232
0 0.548719 0.656855 0.0162556 0.032702 0.0542936
0 0.368541 0.65409 0.0160206 0.024107 0.0507548
0 0.461309 0.661355 0.0447994 0.0456518 0.0504832
0 0.422963 0.650012 0.0667115 0.0724315 0.0501304
0 0.45348 0.5963 0.0252558 0.0220703 0.0484027
0 0.279569 0.67029 0.0162909 0.0344735 0.047504
0 0.569663 0.680082 0.0313413 0.0515535 0.0468642
0 0.442799 0.640797 0.0606879 0.0688974 0.0461022
0 0.503276 0.641707 0.0871663 0.0742674 0.0458709
0 0.407305 0.654021 0.0598966 0.0664305 0.0458238
0 0.453816 0.596199 0.0401876 0.0300922 0.042619
0 0.419213 0.666362 0.0801245 0.0719732 0.0424854
0 0.566116 0.67479 0.0159026 0.0304562 0.0420677
0 0.49908 0.66012 0.0963835 0.0948616 0.0414409
0 0.898984 0.663849 0.101998 0.109827 0.0410104
0 0.374183 0.648493 0.0160202 0.0250593 0.0406903
0 0.249492 0.666443 0.0740997 0.0904466 0.0400591
0 0.0693664 0.919353 0.132505 0.164768 0.0383048
0 0.481972 0.63528 0.0596396 0.048302 0.0382707
0 0.456985 0.629821 0.0393508 0.0418527 0.0381989
0 0.439844 0.670388 0.0596662 0.0647318 0.0379866
0 0.581372 0.659742 0.0276794 0.0551328 0.037963
0 0.593888 0.171583 0.0228254 0.05634 0.0376528
0 0.448039 0.604459 0.0317647 0.0220362 0.0376493
0 0.985428 0.556029 0.0327421 0.0864427 0.0369834
0 0.595794 0.182452 0.0156734 0.0312789 0.0368973
0 0.772883 0.644549 0.151961 0.150737 0.036516
0 0.463097 0.67022 0.0546935 0.0644596 0.0364697
0 0.454463 0.588247 0.0321073 0.0344827 0.0361195
0 0.56968 0.666704 0.0176629 0.0314679 0.0359282
0 0.90512 0.877983 0.188224 0.235603 0.0355779
0 0.397187 0.668567 0.0780381 0.0874469 0.0350613
0 0.0413665 0.493409 0.0808838 0.141018 0.0350229
0 0.364832 0.655627 0.0161139 0.0242473 0.0347397
0 0.288408 0.684105 0.018685 0.038189 0.0347147
0 0.759232 0.664921 0.108931 0.0964325 0.0345983
0 0.969172 0.660909 0.057782 0.164325 0.0340288
0 0.755277 0.635787 0.0763653 0.100653 0.0338717
0 0.0391706 0.533209 0.0820958 0.177006 0.0336308
0 0.336047 0.680402 0.0160483 0.0257103 0.0334227
0 0.506694 0.625613 0.0607938 0.0523846 0.0330765
0 0.568002 0.683846 0.0156417 0.0388911 0.0326544
0 0.65378 0.0531582 0.027894 0.0444887 0.0325359
0 0.26969 0.688585 0.0352728 0.0917614 0.0321826
0 0.262252 0.667035 0.0308863 0.0614021 0.0320888
0 0.241845 0.75169 0.0825017 0.143593 0.0320831
0 0.452863 0.607485 0.0279557 0.0203228 0.0320791
0 0.422607 0.619847 0.0718512 0.048411 0.0320277
0 0.275457 0.616859 0.0703341 0.126006 0.03182
0 0.403104 0.632103 0.055821 0.0517735 0.0314676
0 0.919523 0.503182 0.0314194 0.0363644 0.0312337
0 0.047506 0.614188 0.093279 0.256796 0.0309338
0 0.907513 0.413678 0.0485548 0.0610548 0.030862
0 0.960839 0.564692 0.0794657 0.206517 0.0307918
0 0.458115 0.65195 0.111236 0.0903774 0.030699
0 0.382431 0.667112 0.0305604 0.038618 0.030637
0 0.59567 0.189878 0.0139009 0.0267291 0.0305959
0 0.937088 0.70198 0.122985 0.272386 0.0301452
0 0.427787 0.611414 0.0683836 0.0375332 0.0301308
0 0.351105 0.702502 0.0186312 0.0289608 0.0298272
0 0.58142 0.646618 0.0410351 0.0732444 0.0295974
0 0.929904 0.670588 0.116413 0.0996341 0.0294096
0 0.0704215 0.852117 0.135326 0.157204 0.0293087
0 0.271913 0.657615 0.0212432 0.0413693 0.0292259
0 0.271448 0.864934 0.159954 0.211461 0.0288905
0 0.500619 0.623376 0.0588028 0.0351158 0.0285247
0 0.424616 0.652449 0.101214 0.0887875 0.0284841
0 0.460692 0.677751 0.208873 0.143768 0.028424
0 0.288637 0.637955 0.0734516 0.0929471 0.0278079
0 0.562902 0.637664 0.060393 0.104122 0.0277449
0 0.435311 0.613577 0.0643142 0.0556118 0.0277069
0 0.564885 0.708993 0.0282084 0.081779 0.027032
0 0.383684 0.743876 0.0852706 0.224385 0.0269586
0 0.466607 0.685434 0.0453897 0.0602944 0.0266117
0 0.686552 0.790937 0.0318882 0.0292591 0.0265416
0 0.594617 0.166779 0.016363 0.0335584 0.0265064
0 0.0446382 0.696556 0.0881635 0.415381 0.0264808
0 0.979491 0.638385 0.0409504 0.141362 0.026219
0 0.261375 0.599065 0.0488887 0.102466 0.0259594
0 0.766061 0.718302 0.117995 0.157449 0.0259478
0 0.593576 0.548187 0.0292027 0.0505946 0.0257557
0 0.709433 0.0412538 0.021594 0.0338975 0.0257316
0 0.0389839 0.463025 0.0815321 0.101635 0.0255742
0 0.850378 0.690805 0.0411558 0.0426893 0.0255127
0 0.975991 0.712647 0.0453249 0.275155 0.0254016
0 0.484078 0.683583 0.0682008 0.0817309 0.0253597
0 0.746013 0.0934652 0.0261206 0.0267633 0.0252213
0 0.916083 0.433291 0.0685152 0.11577 0.0251856
0 0.355519 0.655615 0.0152941 0.0241365 0.0251209
0 0.950229 0.873704 0.0996428 0.230246 0.0250723
0 0.482415 0.617436 0.0459126 0.0257047 0.0250721
0 0.44299 0.595392 0.044914 0.0531607 0.0249067
0 0.34326 0.706441 0.0179615 0.0310918 0.0248657
0 0.435577 0.596207 0.0610159 0.0382867 0.0247848
0 0.982098 0.874241 0.0366192 0.20801 0.0246301
0 0.252081 0.721114 0.0608318 0.166497 0.0245653
0 0.00825421 0.464775 0.0186233 0.0572927 0.0245395
0 0.690913 0.0540324 0.0583046 0.0638597 0.0243823
0 0.865056 0.669625 0.0982441 0.0983207 0.0243706
0 0.763392 0.66539 0.0613264 0.0854453 0.0242988
0 0.0629465 0.801278 0.117023 0.224666 0.023821
0 0.322184 0.960552 0.0950609 0.108707 0.0238086
0 0.981601 0.581396 0.0384724 0.0516414 0.0236397
0 0.966466 0.556837 0.0674236 0.083628 0.023626
0 0.205347 0.557987 0.0478798 0.0780779 0.0235038
0 0.94079 0.922063 0.114911 0.148909 0.0234851
0 0.554255 0.707602 0.0518876 0.120744 0.0234527
0 0.187444 0.511272 0.0240823 0.0298412 0.0233308
0 0.799306 0.664125 0.0980351 0.105388 0.0230376
0 0.811545 0.635715 0.168861 0.140659 0.022994
0 0.75567 0.612604 0.0629045 0.0590407 0.0229153
0 0.77654 0.681988 0.0702243 0.0631459 0.0228387
0 0.00882375 0.448819 0.0189767 0.070372 0.0228232
0 0.450381 0.681714 0.0426826 0.0585506 0.022774
0 0.979498 0.7731 0.0403076 0.360751 0.0227381
0 0.425294 0.601144 0.0751587 0.0507761 0.0227266
0 0.54533 0.442744 0.0205114 0.0441588 0.0226866
0 0.0145516 0.780876 0.030003 0.188624 0.0225499
0 0.708041 0.0456615 0.0290203 0.0434478 0.0225333
0 0.59431 0.670864 0.0465056 0.0693932 0.0225107
0 0.651297 0.0643177 0.0280535 0.0403325 0.0223966
0 0.781928 0.66957 0.0438711 0.0735527 0.0223687
0 0.791973 0.676311 0.0542951 0.0688913 0.02226
0 0.122046 0.59735 0.244061 0.226357 0.0222373
0 0.231956 0.678705 0.0566717 0.0833998 0.0222292
0 0.518126 0.62822 0.0776553 0.070448 0.0222129
0 0.715901 0.667553 0.0448784 0.0705012 0.0222003
0 0.598763 0.1827 0.0206571 0.039673 0.0221296
0 0.481863 0.598257 0.0255627 0.0224486 0.0220599
0 0.83576 0.865335 0.0622194 0.19445 0.0220254
0 0.310228 0.63674 0.030607 0.0620595 0.0219629
0 0.945627 0.581155 0.0636959 0.0709949 0.0219555
0 0.59626 0.198157 0.0188071 0.0360229 0.0219535
0 0.321391 0.691547 0.033303 0.0510681 0.0217215
0 0.0327638 0.406868 0.0378051 0.0583973 0.021678
0 0.457342 0.584488 0.0399575 0.0473818 0.0215327
0 0.0358976 0.781645 0.0673033 0.232503 0.021432
0 0.375575 0.705363 0.0499246 0.074595 0.0213052
0 0.902844 0.922709 0.154321 0.141442 0.0212546
0 0.430892 0.681322 0.0618948 0.0815979 0.0211964
0 0.0176291 0.740249 0.0373168 0.283416 0.0210872
0 0.902689 0.425448 0.0379141 0.0734213 0.0207763
0 0.781169 0.644372 0.0922564 0.125449 0.0207069
0 0.324924 0.728662 0.0339978 0.0603751 0.0206842
0 0.228474 0.709482 0.0570992 0.071438 0.0204167
0 0.946135 0.765661 0.107492 0.422492 0.0204029
0 0.239871 0.71348 0.0734551 0.126845 0.0203901
0 0.685041 0.0626355 0.0758697 0.0933896 0.0202606
0 0.0522968 0.538258 0.0987706 0.133772 0.0202379
0 0.181629 0.954111 0.0972429 0.0972397 0.0200222
0 0.584859 0.18339 0.0397988 0.0600738 0.0198018
0 0.828023 0.690356 0.0578018 0.0653243 0.0197119
0 0.385691 0.827484 0.0985864 0.20244 0.0197091
0 0.120459 0.492112 0.0409945 0.0273675 0.0195079
0 0.011126 0.856448 0.0226138 0.104622 0.0195078
0 0.509908 0.371849 0.0303388 0.0490782 0.0194642
0 0.974611 0.926701 0.0473745 0.127162 0.0194596
0 0.346484 0.654715 0.012723 0.0205143 0.019457
0 0.619917 0.0605975 0.046174 0.0965762 0.0193211
0 0.0180494 0.604697 0.036008 0.221118 0.0192695
0 0.254889 0.788272 0.0464223 0.105753 0.0192447
0 0.534724 0.140106 0.123285 0.17008 0.0191882
0 0.00972462 0.422679 0.019933 0.064717 0.0191801
0 0.984431 0.386467 0.0284565 0.0807732 0.0191406
0 0.19792 0.569789 0.080355 0.10129 0.0191072
0 0.818275 0.679301 0.0280664 0.0515831 0.0190867
0 0.78678 0.9588 0.100066 0.0999118 0.0190165
0 0.479153 0.588507 0.0218698 0.0299578 0.0189573
0 0.584536 0.61589 0.0246247 0.0451961 0.0189474
0 0.984613 0.423956 0.0279959 0.0857997 0.0189065
0 0.610142 0.688751 0.0332194 0.0480887 0.0188006
0 0.684882 0.797798 0.0542165 0.0398322 0.0187941
0 0.481322 0.510651 0.0245859 0.0382805 0.0187429
0 0.266739 0.704845 0.0272162 0.0556193 0.0187312
0 0.312009 0.744107 0.055222 0.100785 0.0185876
0 0.746313 0.0342555 0.0427746 0.0594791 0.018571
0 0.941466 0.549154 0.033786 0.0483466 0.0184751
0 0.510694 0.139093 0.10248 0.13523 0.0183188
0 0.656734 0.673932 0.0437984 0.0641388 0.0183002
0 0.211621 0.551059 0.0328615 0.0523539 0.018283
0 0.636783 0.691847 0.0288235 0.0438934 0.0182635
0 0.318795 0.650863 0.0212974 0.0257812 0.0182338
0 0.56308 0.99927 0.0274588 0.0254508 0.018222
0 0.827533 0.684441 0.0356295 0.0495479 0.0181528
0 0.600341 0.653565 0.0415245 0.0765287 0.0181524
0 0.715396 0.0383605 0.033162 0.0501655 0.0181499
0 0.635519 0.673005 0.0315041 0.0566799 0.0181339
0 0.981134 0.03912 0.0375837 0.0745766 0.0181179
0 0.846177 0.680063 0.0338747 0.0523282 0.0180596
0 0.247953 0.583629 0.0472397 0.0836611 0.017999
0 0.87177 0.874752 0.110116 0.20342 0.0179165
0 0.364211 0.720702 0.040338 0.0596213 0.0179134
0 0.558382 0.78686 0.0504893 0.14491 0.0178692
0 0.53706 0.622598 0.0532593 0.0739942 0.0177914
0 0.593447 0.120299 0.0277356 0.0511447 0.0177687
0 0.953415 0.551106 0.0928148 0.129219 0.017762
0 0.214414 0.676579 0.139096 0.281011 0.0177135
0 0.584423 0.545948 0.0452355 0.0715374 0.0176129
0 0.0733231 0.638968 0.144439 0.300754 0.0175288
0 0.183892 0.506282 0.0251487 0.0291541 0.0175262
0 0.31326 0.697314 0.0406202 0.0661817 0.0174976
0 0.936098 0.467416 0.130599 0.247215 0.0174767
0 0.235344 0.650625 0.0890439 0.164226 0.0174119
0 0.839491 0.674496 0.0258596 0.0497506 0.0172951
0 0.211806 0.59827 0.143596 0.229448 0.0172749
0 0.395504 0.736417 0.0728586 0.0955963 0.0172707
0 0.565936 0.699512 0.01679 0.0403329 0.0171673
0 0.211855 0.530858 0.0281089 0.0377109 0.017165
0 0.853084 0.924432 0.124989 0.15112 0.0171515
0 0.27767 0.746548 0.0459371 0.104924 0.0171182
0 0.40337 0.611726 0.0486093 0.047011 0.0171175
0 0.985071 0.47598 0.0303123 0.101719 0.0171165
0 0.660113 0.686515 0.0399177 0.0546099 0.0170904
0 0.186051 0.551231 0.0890179 0.0892218 0.0170535
0 0.198291 0.529861 0.0401767 0.0516671 0.0169871
0 0.573945 0.696388 0.0181952 0.0354463 0.0169695
0 0.320289 0.839036 0.0216672 0.0483832 0.0169439
0 0.634334 0.659435 0.0205091 0.0552434 0.0169011
0 0.0404689 0.934519 0.0778384 0.130293 0.0168785
0 0.237143 0.561916 0.0384555 0.0542379 0.0168119
0 0.0664439 0.4824 0.112935 0.170941 0.0167996
0 0.796836 0.637486 0.0520186 0.0927917 0.0167254
0 0.61869 0.0811521 0.0404185 0.0763111 0.0166938
0 0.594413 0.565208 0.0238797 0.0407466 0.0166696
0 0.514734 0.584725 0.0720534 0.0786567 0.0166362
0 0.0156351 0.417552 0.0299642 0.0558322 0.0166296
0 0.542302 0.63822 0.0488078 0.0813411 0.0165894
0 0.0136585 1.00014 0.0246236 0.035665 0.0164598
0 0.531641 0.594903 0.0725995 0.122801 0.016439
0 0.0134561 0.908114 0.0291863 0.134914 0.0163016
0 0.955981 0.619902 0.0836161 0.115434 0.0162576
0 0.679385 0.82147 0.105292 0.171868 0.0162009
0 0.925395 0.508222 0.0513792 0.0757983 0.0161981
0 0.689285 0.672308 0.0430582 0.0605414 0.0161879
0 0.982167 -0.0162155 0.0352509 0.0375781 0.0161203
0 0.492301 0.598125 0.0357816 0.0262721 0.0160817
0 0.326364 0.789943 0.0202586 0.0366257 0.0160615
0 0.714605 0.631613 0.0344274 0.0514425 0.0160578
0 0.317316 0.787375 0.0285497 0.0457503 0.0160519
0 0.958879 0.575128 0.0789959 0.0969718 0.0160273
0 0.456373 0.786123 0.0353985 0.0479789 0.0160018
0 0.758938 -0.0117596 0.0553595 0.0434836 0.0159964
0 0.877454 0.931344 0.103575 0.115012 0.0159899
0 0.265249 0.859915 0.0358898 0.0562203 0.0159886
0 0.30601 0.606055 0.0594748 0.0833687 0.015879
0 0.957616 0.662237 0.0662918 0.105255 0.0158722
0 0.142706 0.70986 0.284846 0.444045 0.879627
0 0.446089 0.782185 0.232822 0.35533 0.861632
0 0.5625 0.782622 0 0.43418 0.847793
0 0.325475 0.671893 0.0244662 0.0378404 0.731019
0 0.29514 0.675469 0.03332 0.0464946 0.709374
0 0.338693 0.670679 0.0158319 0.0312824 0.499523
0 0.362 0.668695 0.021719 0.0362645 0.495342
0 0.555153 0.674603 0.0146945 0.0520591 0.331403
0 0.318698 0.67322 0.0203389 0.0362352 0.30481
0 0.33417 0.671897 0.0168015 0.0314982 0.266713
0 0.311751 0.675456 0.0184085 0.0354158 0.222999
0 0.343086 0.670764 0.0144234 0.029927 0.211041
0 0.351388 0.669493 0.0158172 0.028643 0.207992
0 0.329683 0.673018 0.0162828 0.0308067 0.203089
0 0.34665 0.669802 0.0152789 0.028262 0.198175
0 0.305942 0.6737 0.0205344 0.0398772 0.18594
0 0.292911 0.682122 0.0219844 0.0336804 0.180224
0 0.356829 0.669294 0.0165567 0.0300423 0.179362
0 0.345042 0.674841 0.0142352 0.0254509 0.175662
0 0.276022 0.673999 0.0212393 0.0471151 0.169519
0 0.551615 0.668973 0.02177 0.0676017 0.168066
0 0.363865 0.669379 0.0160747 0.0271974 0.161983
0 0.270582 0.66845 0.0308692 0.0638924 0.160242
0 0.308668 0.676572 0.0152628 0.0290602 0.150415
0 0.365839 0.663873 0.0270148 0.0473602 0.137604
0 0.279589 0.680114 0.0146833 0.0377062 0.13407
0 0.556029 0.673951 0.0129428 0.033028 0.115997
0 0.551519 0.650912 0.0219627 0.0956678 0.114337
0 0.288728 0.67567 0.0242602 0.04234 0.111711
0 0.35906 0.665638 0.0146329 0.024597 0.105129
0 0.34643 0.66237 0.0136553 0.0229502 0.10428
0 0.5625 0.689975 0 0.0439084 0.0978023
0 0.541887 0.665969 0.0412268 0.0909233 0.0912355
0 0.359046 0.673871 0.0115623 0.0203144 0.0866264
0 0.528373 0.661957 0.0682548 0.107663 0.0859819
0 0.517323 0.653401 0.0903537 0.0933621 0.0859558
0 0.369057 0.666342 0.020574 0.0294444 0.0859544
0 0.2899 0.663113 0.0381071 0.060301 0.0846187
0 0.269958 0.645392 0.0407779 0.0786448 0.0818731
0 0.370174 0.659553 0.0177474 0.0302261 0.0803578
0 0.556707 0.671886 0.0115865 0.0461552 0.0803314
0 0.372934 0.6631 0.0371734 0.0548849 0.0793478
0 0.5625 0.646459 0 0.151817 0.0770153
0 0.262769 0.662047 0.0465758 0.0752413 0.0761504
0 0.5625 0.686907 0 0.0528903 0.0714221
0 0.5625 0.682756 0 0.0633319 0.0689794
0 0.558141 0.676921 0.00871887 0.039486 0.0685288
0 0.350744 0.672588 0.0121416 0.0197573 0.0682686
0 0.0394246 0.468633 0.0761676 0.0539188 0.0653737
0 0.5625 0.667479 0 0.0794148 0.0607684
0 0.267575 0.626624 0.0428979 0.0977668 0.0589334
0 0.382904 0.661049 0.0532592 0.0607013 0.0576651
0 0.417684 0.662386 0.0532259 0.0563842 0.0568761
0 0.452825 0.6646 0.0336051 0.0377212 0.0567232
0 0.548719 0.656855 0.0162556 0.032702 0.0542936
0 0.368541 0.65409 0.0160206 0.024107 0.0507548
0 0.461309 0.661355 0.0447994 0.0456518 0.0504832
0 0.422963 0.650012 0.0667115 0.0724315 0.0501304
0 0.45348 0.5963 0.0252558 0.0220703 0.0484027
0 0.279569 0.67029 0.0162909 0.0344735 0.047504
0 0.569663 0.680082 0.0313413 0.0515535 0.0468642
0 0.442799 0.640797 0.0606879 0.0688974 0.0461022
0 0.503276 0.641707 0.0871663 0.0742674 0.0458709
0 0.407305 0.654021 0.0598966 0.0664305 0.0458238
0 0.453816 0.596199 0.0401876 0.0300922 0.042619
0 0.419213 0.666362 0.0801245 0.0719732 0.0424854
0 0.566116 0.67479 0.0159026 0.0304562 0.0420677
0 0.49908 0.66012 0.0963835 0.0948616 0.0414409
0 0.898984 0.663849 0.101998 0.109827 0.0410104
0 0.374183 0.648493 0.0160202 0.0250593 0.0406903
0 0.249492 0.666443 0.0740997 0.0904466 0.0400591
0 0.0693664 0.919353 0.132505 0.164768 0.0383048
0 0.481972 0.63528 0.0596396 0.048302 0.0382707
0 0.456985 0.629821 0.0393508 0.0418527 0.0381989
0 0.439844 0.670388 0.0596662 0.0647318 0.0379866
0 0.581372 0.659742 0.0276794 0.0551328 0.037963
0 0.593888 0.171583 0.0228254 0.05634 0.0376528
0 0.448039 0.604459 0.0317647 0.0220362 0.0376493
0 0.985428 0.556029 0.0327421 0.0864427 0.0369834
0 0.595794 0.182452 0.0156734 0.0312789 0.0368973
0 0.772883 0.644549 0.151961 0.150737 0.036516
0 0.463097 0.67022 0.0546935 0.0644596 0.0364697
0 0.454463 0.588247 0.0321073 0.0344827 0.0361195
0 0.56968 0.666704 0.0176629 0.0314679 0.0359282
0 0.90512 0.877983 0.188224 0.235603 0.0355779
0 0.397187 0.668567 0.0780381 0.0874469 0.0350613
0 0.0413665 0.493409 0.0808838 0.141018 0.0350229
0 0.364832 0.655627 0.0161139 0.0242473 0.0347397
0 0.288408 0.684105 0.018685 0.038189 0.0347147
0 0.759232 0.664921 0.108931 0.0964325 0.0345983
0 0.969172 0.660909 0.057782 0.164325 0.0340288
0 0.755277 0.635787 0.0763653 0.100653 0.0338717
0 0.0391706 0.533209 0.0820958 0.177006 0.0336308
0 0.336047 0.680402 0.0160483 0.0257103 0.0334227
0 0.506694 0.625613 0.0607938 0.0523846 0.0330765
0 0.568002 0.683846 0.0156417 0.0388911 0.0326544
0 0.65378 0.0531582 0.027894 0.0444887 0.0325359
0 0.26969 0.688585 0.0352728 0.0917614 0.0321826
0 0.262252 0.667035 0.0308863 0.0614021 0.0320888
0 0.241845 0.75169 0.0825017 0.143593 0.0320831
0 0.452863 0.607485 0.0279557 0.0203228 0.0320791
0 0.422607 0.619847 0.0718512 0.048411 0.0320277
0 0.275457 0.616859 0.0703341 0.126006 0.03182
0 0.403104 0.632103 0.055821 0.0517735 0.0314676
0 0.919523 0.503182 0.0314194 0.0363644 0.0312337
0 0.047506 0.614188 0.093279 0.256796 0.0309338
0 0.907513 0.413678 0.0485548 0.0610548 0.030862
0 0.960839 0.564692 0.0794657 0.206517 0.0307918
0 0.458115 0.65195 0.111236 0.0903774 0.030699
0 0.382431 0.667112 0.0305604 0.038618 0.030637
0 0.59567 0.189878 0.0139009 0.0267291 0.0305959
0 0.937088 0.70198 0.122985 0.272386 0.0301452
0 0.427787 0.611414 0.0683836 0.0375332 0.0301308
0 0.351105 0.702502 0.0186312 0.0289608 0.0298272
0 0.58142 0.646618 0.0410351 0.0732444 0.0295974
0 0.929904 0.670588 0.116413 0.0996341 0.0294096
0 0.0704215 0.852117 0.135326 0.157204 0.0293087
0 0.271913 0.657615 0.0212432 0.0413693 0.0292259
0 0.271448 0.864934 0.159954 0.211461 0.0288905
0 0.500619 0.623376 0.0588028 0.0351158 0.0285247
0 0.424616 0.652449 0.101214 0.0887875 0.0284841
0 0.460692 0.677751 0.208873 0.143768 0.028424
0 0.288637 0.637955 0.0734516 0.0929471 0.0278079
0 0.562902 0.637664 0.060393 0.104122 0.0277449
0 0.435311 0.613577 0.0643142 0.0556118 0.0277069
0 0.564885 0.708993 0.0282084 0.081779 0.027032
0 0.383684 0.743876 0.0852706 0.224385 0.0269586
0 0.466607 0.685434 0.0453897 0.0602944 0.0266117
0 0.686552 0.790937 0.0318882 0.0292591 0.0265416
0 0.594617 0.166779 0.016363 0.0335584 0.0265064
0 0.0446382 0.696556 0.0881635 0.415381 0.0264808
0 0.979491 0.638385 0.0409504 0.141362 0.026219
0 0.261375 0.599065 0.0488887 0.102466 0.0259594
0 0.766061 0.718302 0.117995 0.157449 0.0259478
0 0.593576 0.548187 0.0292027 0.0505946 0.0257557
0 0.709433 0.0412538 0.021594 0.0338975 0.0257316
0 0.0389839 0.463025 0.0815321 0.101635 0.0255742
0 0.850378 0.690805 0.0411558 0.0426893 0.0255127
0 0.975991 0.712647 0.0453249 0.275155 0.0254016
0 0.484078 0.683583 0.0682008 0.0817309 0.0253597
0 0.746013 0.0934652 0.0261206 0.0267633 0.0252213
0 0.916083 0.433291 0.0685152 0.11577 0.0251856
0 0.355519 0.655615 0.0152941 0.0241365 0.0251209
0 0.950229 0.873704 0.0996428 0.230246 0.0250723
0 0.482415 0.617436 0.0459126 0.0257047 0.0250721
0 0.44299 0.595392 0.044914 0.0531607 0.0249067
0 0.34326 0.706441 0.0179615 0.0310918 0.0248657
0 0.435577 0.596207 0.0610159 0.0382867 0.0247848
0 0.982098 0.874241 0.0366192 0.20801 0.0246301
0 0.252081 0.721114 0.0608318 0.166497 0.0245653
0 0.00825421 0.464775 0.0186233 0.0572927 0.0245395
0 0.690913 0.0540324 0.0583046 0.0638597 0.0243823
0 0.865056 0.669625 0.0982441 0.0983207 0.0243706
0 0.763392 0.66539 0.0613264 0.0854453 0.0242988
0 0.0629465 0.801278 0.117023 0.224666 0.023821
0 0.322184 0.960552 0.0950609 0.108707 0.0238086
0 0.981601 0.581396 0.0384724 0.0516414 0.0236397
0 0.966466 0.556837 0.0674236 0.083628 0.023626
0 0.205347 0.557987 0.0478798 0.0780779 0.0235038
0 0.94079 0.922063 0.114911 0.148909 0.0234851
0 0.554255 0.707602 0.0518876 0.120744 0.0234527
0 0.187444 0.511272 0.0240823 0.0298412 0.0233308
0 0.799306 0.664125 0.0980351 0.105388 0.0230376
0 0.811545 0.635715 0.168861 0.140659 0.022994
0 0.75567 0.612604 0.0629045 0.0590407 0.0229153
0 0.77654 0.681988 0.0702243 0.0631459 0.0228387
0 0.00882375 0.448819 0.0189767 0.070372 0.0228232
0 0.450381 0.681714 0.0426826 0.0585506 0.022774
0 0.979498 0.7731 0.0403076 0.360751 0.0227381
0 0.425294 0.601144 0.0751587 0.0507761 0.0227266
0 0.54533 0.442744 0.0205114 0.0441588 0.0226866
0 0.0145516 0.780876 0.030003 0.188624 0.0225499
0 0.708041 0.0456615 0.0290203 0.0434478 0.0225333
0 0.59431 0.670864 0.0465056 0.0693932 0.0225107
0 0.651297 0.0643177 0.0280535 0.0403325 0.0223966
0 0.781928 0.66957 0.0438711 0.0735527 0.0223687
0 0.791973 0.676311 0.0542951 0.0688913 0.02226
0 0.122046 0.59735 0.244061 0.226357 0.0222373
0 0.231956 0.678705 0.0566717 0.0833998 0.0222292
0 0.518126 0.62822 0.0776553 0.070448 0.0222129
0 0.715901 0.667553 0.0448784 0.0705012 0.0222003
0 0.598763 0.1827 0.0206571 0.039673 0.0221296
0 0.481863 0.598257 0.0255627 0.0224486 0.0220599
0 0.83576 0.865335 0.0622194 0.19445 0.0220254
0 0.310228 0.63674 0.030607 0.0620595 0.0219629
0 0.945627 0.581155 0.0636959 0.0709949 0.0219555
0 0.59626 0.198157 0.0188071 0.0360229 0.0219535
0 0.321391 0.691547 0.033303 0.0510681 0.0217215
0 0.0327638 0.406868 0.0378051 0.0583973 0.021678
0 0.457342 0.584488 0.0399575 0.0473818 0.0215327
0 0.0358976 0.781645 0.0673033 0.232503 0.021432
0 0.375575 0.705363 0.0499246 0.074595 0.0213052
0 0.902844 0.922709 0.154321 0.141442 0.0212546
0 0.430892 0.681322 0.0618948 0.0815979 0.0211964
0 0.0176291 0.740249 0.0373168 0.283416 0.0210872
0 0.902689 0.425448 0.0379141 0.0734213 0.0207763
0 0.781169 0.644372 0.0922564 0.125449 0.0207069
0 0.324924 0.728662 0.0339978 0.0603751 0.0206842
0 0.228474 0.709482 0.0570992 0.071438 0.0204167
0 0.946135 0.765661 0.107492 0.422492 0.0204029
0 0.239871 0.71348 0.0734551 0.126845 0.0203901
0 0.685041 0.0626355 0.0758697 0.0933896 0.0202606
0 0.0522968 0.538258 0.0987706 0.133772 0.0202379
0 0.181629 0.954111 0.0972429 0.0972397 0.0200222
0 0.584859 0.18339 0.0397988 0.0600738 0.0198018
0 0.828023 0.690356 0.0578018 0.0653243 0.0197119
0 0.385691 0.827484 0.0985864 0.20244 0.0197091
0 0.120459 0.492112 0.0409945 0.0273675 0.0195079
0 0.011126 0.856448 0.0226138 0.104622 0.0195078
0 0.509908 0.371849 0.0303388 0.0490782 0.0194642
0 0.974611 0.926701 0.0473745 0.127162 0.0194596
0 0.346484 0.654715 0.012723 0.0205143 0.019457
0 0.619917 0.0605975 0.046174 0.0965762 0.0193211
0 0.0180494 0.604697 0.036008 0.221118 0.0192695
0 0.254889 0.788272 0.0464223 0.105753 0.0192447
0 0.534724 0.140106 0.123285 0.17008 0.0191882
0 0.00972462 0.422679 0.019933 0.064717 0.0191801
0 0.984431 0.386467 0.0284565 0.0807732 0.0191406
0 0.19792 0.569789 0.080355 0.10129 0.0191072
0 0.818275 0.679301 0.0280664 0.0515831 0.0190867
0 0.78678 0.9588 0.100066 0.0999118 0.0190165
0 0.479153 0.588507 0.0218698 0.0299578 0.0189573
0 0.584536 0.61589 0.0246247 0.0451961 0.0189474
0 0.984613 0.423956 0.0279959 0.0857997 0.0189065
0 0.610142 0.688751 0.0332194 0.0480887 0.0188006
0 0.684882 0.797798 0.0542165 0.0398322 0.0187941
0 0.481322 0.510651 0.0245859 0.0382805 0.0187429
0 0.266739 0.704845 0.0272162 0.0556193 0.0187312
0 0.312009 0.744107 0.055222 0.100785 0.0185876
0 0.746313 0.0342555 0.0427746 0.0594791 0.018571
0 0.941466 0.549154 0.033786 0.0483466 0.0184751
0 0.510694 0.139093 0.10248 0.13523 0.0183188
0 0.656734 0.673932 0.0437984 0.0641388 0.0183002
0 0.211621 0.551059 0.0328615 0.0523539 0.018283
0 0.636783 0.691847 0.0288235 0.0438934 0.0182635
0 0.318795 0.650863 0.0212974 0.0257812 0.0182338
0 0.56308 0.99927 0.0274588 0.0254508 0.018222
0 0.827533 0.684441 0.0356295 0.0495479 0.0181528
0 0.600341 0.653565 0.0415245 0.0765287 0.0181524
0 0.715396 0.0383605 0.033162 0.0501655 0.0181499
0 0.635519 0.673005 0.0315041 0.0566799 0.0181339
0 0.981134 0.03912 0.0375837 0.0745766 0.0181179
0 0.846177 0.680063 0.0338747 0.0523282 0.0180596
0 0.247953 0.583629 0.0472397 0.0836611 0.017999
0 0.87177 0.874752 0.110116 0.20342 0.0179165
0 0.364211 0.720702 0.040338 0.0596213 0.0179134
0 0.558382 0.78686 0.0504893 0.14491 0.0178692
0 0.53706 0.622598 0.0532593 0.0739942 0.0177914
0 0.593447 0.120299 0.0277356 0.0511447 0.0177687
0 0.953415 0.551106 0.0928148 0.129219 0.017762
0 0.214414 0.676579 0.139096 0.281011 0.0177135
0 0.584423 0.545948 0.0452355 0.0715374 0.0176129
0 0.0733231 0.638968 0.144439 0.300754 0.0175288
0 0.183892 0.506282 0.0251487 0.0291541 0.0175262
0 0.31326 0.697314 0.0406202 0.0661817 0.0174976
0 0.936098 0.467416 0.130599 0.247215 0.0174767
0 0.235344 0.650625 0.0890439 0.164226 0.0174119
0 0.839491 0.674496 0.0258596 0.0497506 0.0172951
0 0.211806 0.59827 0.143596 0.229448 0.0172749
0 0.395504 0.736417 0.0728586 0.0955963 0.0172707
0 0.565936 0.699512 0.01679 0.0403329 0.0171673
0 0.211855 0.530858 0.0281089 0.0377109 0.017165
0 0.853084 0.924432 0.124989 0.15112 0.0171515
0 0.27767 0.746548 0.0459371 0.104924 0.0171182
0 0.40337 0.611726 0.0486093 0.047011 0.0171175
0 0.985071 0.47598 0.0303123 0.101719 0.0171165
0 0.660113 0.686515 0.0399177 0.0546099 0.0170904
0 0.186051 0.551231 0.0890179 0.0892218 0.0170535
0 0.198291 0.529861 0.0401767 0.0516671 0.0169871
0 0.573945 0.696388 0.0181952 0.0354463 0.0169695
0 0.320289 0.839036 0.0216672 0.0483832 0.0169439
0 0.634334 0.659435 0.0205091 0.0552434 0.0169011
0 0.0404689 0.934519 0.0778384 0.130293 0.0168785
0 0.237143 0.561916 0.0384555 0.0542379 0.0168119
0 0.0664439 0.4824 0.112935 0.170941 0.0167996
0 0.796836 0.637486 0.0520186 0.0927917 0.0167254
0 0.61869 0.0811521 0.0404185 0.0763111 0.0166938
0 0.594413 0.565208 0.0238797 0.0407466 0.0166696
0 0.514734 0.584725 0.0720534 0.0786567 0.0166362
0 0.0156351 0.417552 0.0299642 0.0558322 0.0166296
0 0.542302 0.63822 0.0488078 0.0813411 0.0165894
0 0.0136585 1.00014 0.0246236 0.035665 0.0164598
0 0.531641 0.594903 0.0725995 0.122801 0.016439
0 0.0134561 0.908114 0.0291863 0.134914 0.0163016
0 0.955981 0.619902 0.0836161 0.115434 0.0162576
0 0.679385 0.82147 0.105292 0.171868 0.0162009
0 0.925395 0.508222 0.0513792 0.0757983 0.0161981
0 0.689285 0.672308 0.0430582 0.0605414 0.0161879
0 0.982167 -0.0162155 0.0352509 0.0375781 0.0161203
0 0.492301 0.598125 0.0357816 0.0262721 0.0160817
0 0.326364 0.789943 0.0202586 0.0366257 0.0160615
0 0.714605 0.631613 0.0344274 0.0514425 0.0160578
0 0.317316 0.787375 0.0285497 0.0457503 0.0160519
0 0.958879 0.575128 0.0789959 0.0969718 0.0160273
0 0.456373 0.786123 0.0353985 0.0479789 0.0160018
0 0.758938 -0.0117596 0.0553595 0.0434836 0.0159964
0 0.877454 0.931344 0.103575 0.115012 0.0159899
0 0.265249 0.859915 0.0358898 0.0562203 0.0159886
0 0.30601 0.606055 0.0594748 0.0833687 0.015879
0 0.957616 0.662237 0.0662918 0.105255 0.0158722
