0 0.552136 0.432211 0.020728 0.0327607 0.71728
0 0.5625 0.407 0 0.0972905 0.604218
0 0.365059 0.445915 0.0503315 0.0715499 0.49086
0 0.401269 0.43573 0.0410259 0.059648 0.371505
0 0.5625 0.378756 0 0.0417866 0.371265
0 0.5625 0.383904 0 0.039293 0.317255
0 0.455865 0.390454 0.0145238 0.0221592 0.286988
0 0.380105 0.440561 0.0803043 0.0892205 0.273451
0 0.49412 0.377207 0.0200249 0.0269924 0.255066
0 0.454153 0.387603 0.0199818 0.0283525 0.2348
0 0.478884 0.385985 0.0167193 0.021167 0.234122
0 0.446294 0.388608 0.0245663 0.027222 0.231139
0 0.5625 0.373365 0 0.0358247 0.224967
0 0.328942 0.44258 0.0256886 0.0380286 0.200405
0 0.524191 0.421594 0.0162478 0.021718 0.197918
0 0.5625 0.398267 0 0.10833 0.188957
0 0.5625 0.372014 0 0.0291115 0.186819
0 0.476648 0.388562 0.0131135 0.018373 0.183295
0 0.441348 0.391637 0.0158771 0.0215062 0.182305
0 0.348172 0.444478 0.0380716 0.0559979 0.181069
0 0.404723 0.424515 0.0374007 0.0573625 0.180943
0 0.5625 0.39514 0 0.0391316 0.179731
0 0.458936 0.389257 0.0211504 0.027076 0.173716
0 0.5625 0.381552 0 0.0495166 0.157164
0 0.496417 0.374783 0.0139938 0.0214984 0.154979
0 0.442914 0.400055 0.0162765 0.0221422 0.152198
0 0.5625 0.425051 0 0.0276325 0.147717
0 0.5625 0.385491 0 0.0427301 0.147712
0 0.474914 0.392149 0.0159594 0.0215792 0.145404
0 0.436632 0.40226 0.017775 0.0237435 0.141685
0 0.43982 0.396621 0.0137871 0.0188944 0.140316
0 0.5625 0.38199 0 0.0435649 0.139347
0 0.509508 0.417889 0.0212554 0.0251484 0.139347
0 0.467753 0.396106 0.0141899 0.0184436 0.13892
0 0.489964 0.380147 0.0172787 0.0211429 0.136113
0 0.5625 0.424776 0 0.0521937 0.135512
0 0.4935 0.390514 0.016216 0.019999 0.13524
0 0.5625 0.420887 0 0.0576729 0.13194
0 0.494472 0.379452 0.0157497 0.0202995 0.131913
0 0.487665 0.388508 0.0143567 0.0190407 0.129901
0 0.482513 0.390122 0.0155955 0.0184224 0.129144
0 0.52078 0.418401 0.0179497 0.024292 0.128994
0 0.5625 0.419607 0 0.0340225 0.12826
0 0.5625 0.409092 0 0.0234409 0.127784
0 0.5625 0.419538 0 0.04497 0.126477
0 0.468997 0.387765 0.0164289 0.0186102 0.12618
0 0.5625 0.414803 0 0.0670795 0.119779
0 0.5625 0.360954 0 0.0517181 0.115762
0 0.449299 0.392955 0.0146805 0.0185425 0.114651
0 0.518046 0.420469 0.0152836 0.019928 0.113681
0 0.735463 0.385159 0.0376505 0.0503611 0.112059
0 0.764986 0.392012 0.0212395 0.0271185 0.11196
0 0.778599 0.364213 0.0246719 0.036453 0.106251
0 0.667199 0.415088 0.0261177 0.028963 0.103646
0 0.515096 0.412593 0.0140917 0.0209242 0.103041
0 0.474035 0.387118 0.0123783 0.0176593 0.101838
0 0.436077 0.384978 0.0370084 0.0438778 0.101508
0 0.500796 0.394928 0.0153352 0.0185695 0.100311
0 0.621683 0.426153 0.0493776 0.0409172 0.0998174
0 0.781215 0.381961 0.0139494 0.0275391 0.0962822
0 0.33985 0.409426 0.0206933 0.0359203 0.0958332
0 0.381014 0.411087 0.0923404 0.159918 0.0951839
0 0.321965 0.440732 0.0425987 0.0484859 0.0940894
0 0.739126 0.248201 0.025273 0.018371 0.0936215
0 0.368001 0.422375 0.0698642 0.116525 0.0928918
0 0.344235 0.443289 0.0183005 0.0328611 0.0917498
0 0.516191 0.392189 0.0152674 0.0222392 0.090747
0 0.778242 0.366002 0.0168225 0.0209712 0.0907392
0 0.443619 0.388576 0.0163618 0.0232302 0.0892114
0 0.554557 0.430476 0.0184935 0.0244031 0.0890989
0 0.912237 0.416776 0.080002 0.0714567 0.0880477
0 0.307801 0.438302 0.0719664 0.0673124 0.0870645
0 0.804664 0.377296 0.0365636 0.0572236 0.0859672
0 0.499705 0.379373 0.0137599 0.0204436 0.0853182
0 0.662035 0.410804 0.0348538 0.0350193 0.085259
0 0.335323 0.421872 0.0197772 0.0303574 0.084286
0 0.548143 0.426232 0.0156304 0.0225438 0.083535
0 0.767404 0.396533 0.0248395 0.0294373 0.0825985
0 0.399048 0.447834 0.0480681 0.0738581 0.080335
0 0.533468 0.424717 0.0214993 0.0297743 0.0803213
0 0.888066 0.406542 0.0352785 0.0426476 0.0784897
0 0.49684 0.394405 0.013894 0.0180554 0.0770732
0 0.624656 0.413421 0.0494734 0.0460622 0.0751753
0 0.523669 0.412421 0.0205231 0.0268611 0.0748474
0 0.743049 0.392898 0.0257106 0.0351806 0.0739854
0 0.49432 0.366621 0.0161284 0.0187938 0.0726367
0 0.669234 0.310855 0.0443901 0.0390312 0.0724903
0 0.666889 0.401527 0.0289924 0.0333374 0.0724353
0 0.83459 0.165816 0.0542593 0.0405525 0.0723707
0 0.756661 0.392214 0.0174229 0.0261374 0.071933
0 0.745583 0.392851 0.0178541 0.0240245 0.0717782
0 0.700381 0.421787 0.0292581 0.0386999 0.0709096
0 0.406304 0.414683 0.0288818 0.0398953 0.0708615
0 0.533242 0.361004 0.0380105 0.0426498 0.0703887
0 0.503499 0.398694 0.0165961 0.0207141 0.0702149
0 0.437394 0.393151 0.0202125 0.0320274 0.0693522
0 0.341045 0.439542 0.0168314 0.0290698 0.0689447
0 0.362028 0.401391 0.0578988 0.0789279 0.0682363
0 0.410232 0.4004 0.0348715 0.0494076 0.0678254
0 0.328348 0.442395 0.0197971 0.0266893 0.0674224
0 0.411095 0.436501 0.0235039 0.0315314 0.0671403
0 0.826547 0.164435 0.0366745 0.0297497 0.0664685
0 0.42617 0.399399 0.0227533 0.0279353 0.0660313
0 0.772891 0.369374 0.0172065 0.0219462 0.0638436
0 0.645105 0.423819 0.0181399 0.0214639 0.0636653
0 0.468933 0.372337 0.0261717 0.0407889 0.0636187
0 0.893718 0.406077 0.0475674 0.0537628 0.0635488
0 0.680113 0.419723 0.0309505 0.0334288 0.0628354
0 0.413297 0.433055 0.0512276 0.064721 0.0625633
0 0.476773 0.367898 0.0130768 0.0157138 0.0625363
0 0.852208 0.167368 0.0255936 0.0266066 0.0624394
0 0.659367 0.328435 0.0221182 0.0251995 0.0621895
0 0.488429 0.397759 0.014565 0.0169131 0.0611077
0 0.134375 0.375458 0.054381 0.0470057 0.0607559
0 0.658894 0.421133 0.0240047 0.0254823 0.0606499
0 0.670934 0.415293 0.0175033 0.0219571 0.0605732
0 0.734863 0.409098 0.0186411 0.0232454 0.0604475
0 0.737569 0.416513 0.0204784 0.0309402 0.0591386
0 0.689548 0.412498 0.043849 0.0405968 0.0588937
0 0.369673 0.395233 0.079864 0.109622 0.0587324
0 0.489061 0.40933 0.01528 0.019692 0.0584393
0 0.796951 0.376022 0.0178912 0.0251778 0.0583604
0 0.10715 0.383247 0.0440405 0.0416541 0.0581317
0 0.120159 0.377193 0.065066 0.0520125 0.0579018
0 0.684065 0.406398 0.0318708 0.0310841 0.0578912
0 0.0132201 0.380338 0.0265674 0.0401873 0.0576988
0 0.404246 0.442804 0.0275803 0.0416731 0.0576225
0 0.732295 0.417919 0.0253027 0.0340168 0.0574452
0 0.499883 0.413908 0.0162403 0.0195878 0.057251
0 0.783773 0.389627 0.0145974 0.0271313 0.0567809
0 0.00591904 0.365216 0.0121354 0.0253719 0.0562703
0 0.452128 0.456692 0.102532 0.126141 0.0560751
0 0.678413 0.30253 0.0544017 0.0447554 0.0559521
0 0.903476 0.40639 0.0600897 0.0668064 0.0555519
0 0.747071 0.246804 0.0403547 0.0227131 0.0547798
0 0.0984365 0.384863 0.0316817 0.0386002 0.0543901
0 0.019512 0.371436 0.0361261 0.0400818 0.0543566
0 0.465683 0.401576 0.0164636 0.021748 0.0539886
0 0.0498683 0.378047 0.0934383 0.0649253 0.0539317
0 0.44522 0.415792 0.0404322 0.0486206 0.0537298
0 0.46995 0.403403 0.0144363 0.0197465 0.0528241
0 0.592273 0.42342 0.0391337 0.0346771 0.0524012
0 0.0118097 0.370384 0.0231873 0.0335874 0.052152
0 0.539353 0.429288 0.0144507 0.0210889 0.0516781
0 0.554806 0.415957 0.0242032 0.0283338 0.0513012
0 0.685019 0.304162 0.0737027 0.0618994 0.0510195
0 0.781917 0.359497 0.0228038 0.0283351 0.0509556
0 0.422983 0.421613 0.0190344 0.0265399 0.0508894
0 0.520517 0.383852 0.0186869 0.0221279 0.0503702
0 0.578662 0.434708 0.0437253 0.0466079 0.0494166
0 0.76593 0.359942 0.0379875 0.0422984 0.0487201
0 0.607737 0.399905 0.0696652 0.0647024 0.0485211
0 0.665273 0.374162 0.02357 0.0311664 0.0482721
0 0.390908 0.448382 0.0265827 0.0360558 0.0482054
0 0.57878 0.425193 0.0291793 0.0322506 0.0479862
0 0.433737 0.369572 0.0542051 0.0922262 0.0470298
0 0.643868 0.43387 0.0233383 0.0302949 0.0463674
0 0.666307 0.319827 0.0357266 0.0424998 0.0459547
0 0.471148 0.484601 0.0998868 0.083692 0.0457788
0 0.543642 0.414265 0.0188691 0.0231747 0.0456716
0 0.0619003 0.437395 0.124889 0.159499 0.0451987
0 0.755157 0.249284 0.0591846 0.0333455 0.0448521
0 0.461795 0.363899 0.0227056 0.0224354 0.0445965
0 0.295163 0.43747 0.0975069 0.0859004 0.0444581
0 0.0131502 0.360273 0.0261101 0.0353009 0.0443084
0 0.0424837 0.363182 0.067626 0.0412289 0.0438773
0 0.0883082 0.381198 0.0481957 0.0504785 0.0435907
0 0.0276563 0.377 0.0548268 0.0489492 0.04326
0 0.139859 0.422733 0.0731939 0.12986 0.0427259
0 0.985956 0.385447 0.0278118 0.0936815 0.042665
0 0.0566494 0.401893 0.110315 0.10335 0.0426606
0 0.134127 0.387609 0.0670171 0.072911 0.0426336
0 0.49936 0.349654 0.0389184 0.0584023 0.0424604
0 0.0299484 0.363204 0.0539582 0.0362322 0.0421954
0 0.699448 0.290134 0.0671494 0.0576463 0.0418615
0 0.493284 0.37226 0.0160619 0.0207721 0.0415576
0 0.499976 0.362581 0.0192726 0.0222135 0.0411853
0 0.120809 0.386679 0.0842972 0.0869511 0.041067
0 0.427492 0.329307 0.0519832 0.0646574 0.0409848
0 0.933224 0.3953 0.111482 0.122735 0.0408942
0 0.707115 0.417973 0.018923 0.0264349 0.0407551
0 0.565077 0.432338 0.0179229 0.0237394 0.0398976
0 0.597782 0.392106 0.061615 0.0536444 0.0398155
0 0.820032 0.312289 0.0223234 0.0225524 0.0397462
0 0.397192 0.39283 0.0520869 0.067876 0.0396784
0 0.733903 0.326188 0.0980497 0.0689684 0.0394473
0 0.804767 0.333611 0.049802 0.0549582 0.0392757
0 0.535468 0.343617 0.04106 0.0461364 0.0390106
0 0.848172 0.408133 0.0462042 0.0526355 0.0388715
0 0.433644 0.341551 0.0722277 0.0901336 0.0388004
0 0.445374 0.476933 0.0771294 0.0884319 0.0387531
0 0.678301 0.32237 0.06044 0.0760522 0.0385102
0 0.806212 0.399846 0.0348436 0.0681064 0.0383214
0 0.890616 0.381535 0.116946 0.124994 0.0382381
0 0.723943 0.416755 0.0242123 0.029896 0.0380966
0 0.528897 0.353777 0.0266856 0.0329956 0.0377867
0 0.699926 0.422641 0.0181568 0.0294283 0.0376654
0 0.718305 0.42282 0.0712194 0.0883308 0.0373861
0 0.883263 0.420289 0.0796396 0.0724411 0.0372032
0 0.564464 0.332533 0.0283135 0.0319777 0.0370673
0 0.573542 0.422041 0.0234411 0.033157 0.0363101
0 0.462352 0.296879 0.0642082 0.0709597 0.035821
0 0.359211 0.453196 0.0315648 0.0526619 0.0357919
0 0.541858 0.360184 0.056964 0.0509246 0.035265
0 0.00641891 0.49658 0.0134745 0.0768862 0.0351
0 0.599876 0.431629 0.0607766 0.0539124 0.0348865
0 0.836778 0.159611 0.0625929 0.0715061 0.0348737
0 0.51129 0.352216 0.02039 0.0265325 0.0348196
0 0.684532 0.393083 0.0533753 0.0631323 0.0347798
0 0.701545 0.303628 0.0464949 0.0384937 0.0346625
0 0.336716 0.419421 0.0283347 0.0468231 0.0346509
0 0.864061 0.392387 0.0879749 0.0884791 0.034466
0 0.0282209 0.437612 0.0554986 0.174015 0.0344213
0 0.690055 0.309473 0.121573 0.127316 0.0340664
0 0.68032 0.337186 0.0741292 0.100889 0.0338123
0 0.737531 0.273216 0.0320429 0.0252656 0.033663
0 0.120406 0.4511 0.0232488 0.0467288 0.0335973
0 0.346654 0.402962 0.0273376 0.0537458 0.0335576
0 0.679343 0.380689 0.0615747 0.0978656 0.0334872
0 0.0138484 0.424974 0.0293919 0.120075 0.0334053
0 0.12185 0.463914 0.0259447 0.0459814 0.0331181
0 0.864896 0.406441 0.0745575 0.0607415 0.0327299
0 0.925125 0.28361 0.0446228 0.0431618 0.0326449
0 0.794239 0.297075 0.041351 0.034401 0.0324972
0 0.0166855 0.390439 0.033429 0.0591767 0.0324316
0 0.845585 0.390159 0.0618391 0.0778916 0.0322442
0 0.434043 0.455429 0.0568615 0.0785775 0.0320677
0 0.665784 0.434642 0.0252916 0.0326274 0.031791
0 0.669501 0.423102 0.0438712 0.0508984 0.0317342
0 0.00935528 0.473482 0.019515 0.0910361 0.0315464
0 0.724853 0.308813 0.094637 0.0511121 0.0314864
0 0.715775 0.324948 0.132161 0.131851 0.0314408
0 0.388604 0.359491 0.0821794 0.0861629 0.0312731
0 0.476027 0.297697 0.060352 0.0636024 0.0312704
0 0.528346 0.427599 0.0157594 0.0215568 0.0312115
0 0.235833 0.19472 0.0293754 0.0508425 0.0311797
0 0.651783 0.510163 0.0742414 0.0716831 0.0310255
0 0.562636 0.408148 0.0252409 0.0327634 0.0309891
0 0.56155 0.404805 0.0388038 0.0584361 0.0309003
0 0.620874 0.42231 0.0321137 0.0312501 0.0308982
0 0.557011 0.434088 0.0150276 0.0222067 0.0308841
0 0.134542 0.465811 0.0548222 0.0797551 0.0307726
0 0.400676 0.365515 0.0978358 0.111079 0.0307651
0 0.715765 0.39651 0.0517496 0.0615267 0.0306932
0 0.697652 0.20581 0.0291406 0.033044 0.0306699
0 0.720913 0.382673 0.0680273 0.0755505 0.0305963
0 0.98409 0.419884 0.0301432 0.114927 0.0305015
0 0.103168 0.37392 0.0390682 0.0484451 0.0303665
0 0.639884 0.449671 0.0299204 0.0470872 0.0299815
0 0.328286 0.432339 0.0480276 0.0661518 0.0297912
0 0.612124 0.421358 0.0241745 0.0279438 0.0295269
0 0.556313 0.334286 0.0378675 0.0388781 0.0294844
0 0.835107 0.157597 0.181278 0.244047 0.0291739
0 0.542643 0.325247 0.0469168 0.0515626 0.0288831
0 0.985126 0.331258 0.032436 0.139513 0.0288783
0 0.205704 0.384542 0.033005 0.0359019 0.0287872
0 0.781846 0.34095 0.0263648 0.0273887 0.0287021
0 0.746599 0.376968 0.05122 0.0606311 0.0286542
0 0.911322 0.39199 0.0795271 0.102917 0.0282775
0 0.48165 0.453246 0.0664723 0.0753876 0.028231
0 0.570467 0.432241 0.0193617 0.0246984 0.028205
0 0.0925304 0.355733 0.058831 0.0885955 0.028143
0 0.371211 0.359931 0.0618044 0.0811161 0.0280002
0 0.693985 0.288607 0.0925777 0.0736725 0.0278079
0 0.822273 0.309198 0.165194 0.180725 0.0277637
0 0.0753231 0.370465 0.0867752 0.0692307 0.0277492
0 0.617962 0.390753 0.0920942 0.102399 0.0277393
0 0.696205 0.380237 0.073471 0.082641 0.0277092
0 0.845308 0.174841 0.0273048 0.0346184 0.0276711
0 0.859787 0.37462 0.102711 0.126686 0.0272531
0 0.63799 0.509689 0.0428767 0.0518151 0.0272358
0 0.712886 0.270961 0.072119 0.0512071 0.0271471
0 0.123933 0.477837 0.035058 0.068265 0.0269655
0 0.787368 0.302415 0.0532435 0.0410849 0.0268323
0 0.982177 0.357684 0.0388184 0.0978229 0.0267562
0 0.990196 0.357995 0.0201918 0.0855864 0.026753
0 0.92209 0.295136 0.0362568 0.0413183 0.0267225
0 0.548802 0.369963 0.0474324 0.0503471 0.0267155
0 0.84587 0.161253 0.0401464 0.0524762 0.0266472
0 0.64193 0.409041 0.0276344 0.0389178 0.0264508
0 0.554763 0.325012 0.0469337 0.0525932 0.0260453
0 0.307208 0.151579 0.194335 0.271117 0.02604
0 0.930701 0.310014 0.055678 0.0661524 0.0259675
0 0.831659 0.181667 0.0631231 0.0721624 0.0259548
0 0.438359 0.306065 0.0721043 0.0832453 0.0259407
0 0.786802 0.187926 0.222601 0.267321 0.0258593
0 0.823045 0.202408 0.0971724 0.0980799 0.0257034
0 0.547485 0.443363 0.0218067 0.0386022 0.0255929
0 0.829631 0.364574 0.0618135 0.0867566 0.0254557
0 0.285052 0.424515 0.131252 0.117583 0.0253969
0 0.0946641 0.371819 0.0483642 0.0586405 0.0253326
0 0.317455 0.454622 0.0235688 0.0307777 0.0253227
0 0.0121962 0.498345 0.0249002 0.0773736 0.0252476
0 0.728815 0.231543 0.0384001 0.0239004 0.0250099
0 0.926622 0.179266 0.149706 0.263203 0.0248603
0 0.19752 0.432556 0.0422704 0.0666651 0.0248493
0 0.173772 0.396176 0.0563241 0.0651605 0.0248333
0 0.108864 0.429702 0.0632889 0.101569 0.0244328
0 0.0418022 0.357348 0.077564 0.0648555 0.024205
0 0.306135 0.398887 0.0698816 0.0824347 0.0241663
