0 0.521301 0.479143 0.0172256 0.0248194 0.730361
0 0.110287 0.468823 0.0432398 0.0453256 0.697966
0 0.468054 0.481576 0.0304965 0.0395137 0.516008
0 0.234096 0.472702 0.036709 0.0321994 0.449324
0 0.26641 0.474761 0.0190596 0.0268165 0.344343
0 0.346577 0.46684 0.0227897 0.0229481 0.333367
0 0.0584465 0.460203 0.07164 0.0589149 0.32555
0 0.21585 0.474691 0.0228679 0.0252858 0.309794
0 0.486494 0.477451 0.0133809 0.0206401 0.283007
0 0.338387 0.466621 0.0231688 0.0232795 0.260549
0 0.200967 0.476905 0.039628 0.0295733 0.247907
0 0.243807 0.473609 0.0168157 0.0244375 0.236529
0 0.447658 0.477199 0.0235175 0.0419779 0.234785
0 0.506891 0.474837 0.0122442 0.0181274 0.229376
0 0.0150442 0.461321 0.0300883 0.0422474 0.228269
0 0.516216 0.478503 0.016213 0.0237907 0.219238
0 0.535606 0.476821 0.0161652 0.0268836 0.2178
0 0.350278 0.466879 0.0161532 0.019612 0.209935
0 0.395718 0.471183 0.0171504 0.0233184 0.204423
0 0.239954 0.472486 0.0257626 0.0279198 0.201794
0 0.344362 0.46444 0.0295424 0.0297038 0.19696
0 0.337466 0.467957 0.015574 0.0199376 0.192781
0 0.329636 0.464699 0.0188414 0.0224153 0.191878
0 0.472359 0.48418 0.0226449 0.0299914 0.190459
0 0.267823 0.472524 0.0244396 0.0353358 0.185268
0 0.463523 0.483421 0.0198325 0.0291703 0.181341
0 0.48581 0.481671 0.0119661 0.019548 0.179475
0 0.312677 0.466481 0.0275651 0.0232374 0.176862
0 0.478372 0.48196 0.0140999 0.0248007 0.175006
0 0.0204801 0.455036 0.0297613 0.0348384 0.172731
0 0.481691 0.481225 0.0126495 0.0216926 0.172245
0 0.305783 0.466346 0.0287122 0.0252532 0.164374
0 0.38937 0.47263 0.0261221 0.0287305 0.164365
0 0.426803 0.472324 0.0193872 0.0280592 0.160781
0 0.364741 0.4652 0.0225217 0.0251105 0.1588
0 0.186059 0.480323 0.0561569 0.0344743 0.157513
0 0.501467 0.476465 0.0141686 0.018345 0.157316
0 0.341744 0.467147 0.0170014 0.0194022 0.156733
0 0.421839 0.470105 0.0193718 0.0260199 0.154796
0 0.494525 0.476443 0.0120266 0.0184116 0.153689
0 0.353191 0.462585 0.0180116 0.0219838 0.151928
0 0.221877 0.474122 0.0206941 0.0231059 0.149585
0 0.41215 0.470799 0.0212944 0.0269761 0.146353
0 0.275108 0.476205 0.035001 0.0385359 0.143356
0 0.164379 0.47231 0.0319587 0.0275347 0.142406
0 0.511267 0.477307 0.00963211 0.0165247 0.142391
0 0.187164 0.464077 0.0612744 0.0427017 0.138942
0 0.345097 0.46395 0.0173411 0.0207262 0.138594
0 0.214808 0.479452 0.0187534 0.023851 0.136279
0 0.5625 0.464309 0 0.042155 0.135303
0 0.511995 0.483103 0.0148121 0.0212852 0.13385
0 0.0817179 0.462171 0.0639599 0.0566055 0.13202
0 0.262304 0.472079 0.0171838 0.0221322 0.131202
0 0.354491 0.470163 0.0188153 0.0254467 0.129338
0 0.357937 0.4705 0.0180846 0.0209868 0.128483
0 0.12658 0.466564 0.0180089 0.0363713 0.127447
0 0.479651 0.476415 0.0141206 0.0214053 0.126246
0 0.194272 0.472087 0.0244988 0.0222438 0.125455
0 0.461589 0.47719 0.0280841 0.0368405 0.12456
0 0.306441 0.446877 0.0362158 0.0565028 0.124151
0 0.472915 0.483214 0.0147189 0.0217708 0.124125
0 0.370133 0.467513 0.0210433 0.0237414 0.123208
0 0.0186793 0.464783 0.0344171 0.0621256 0.121773
0 0.465336 0.474997 0.0207849 0.0265707 0.121245
0 0.0812567 0.45571 0.0970477 0.0714017 0.121199
0 0.524819 0.480385 0.0130021 0.0189523 0.120747
0 0.581756 0.462629 0.0374728 0.0449389 0.120432
0 0.266267 0.479501 0.0155166 0.0231641 0.120406
0 0.448466 0.480857 0.0163886 0.0324691 0.117972
0 0.168002 0.477102 0.0402591 0.0352971 0.116284
0 0.548964 0.477621 0.0247296 0.0353442 0.114602
0 0.015187 0.448281 0.032345 0.0502879 0.11314
0 0.0152442 0.478201 0.0319967 0.0894364 0.113079
0 0.132859 0.466397 0.0236608 0.0420758 0.111727
0 0.026511 0.456413 0.0165231 0.0297733 0.10866
0 0.459458 0.482945 0.0164083 0.0257659 0.108434
0 0.259894 0.475632 0.0175152 0.0246973 0.107358
0 0.205538 0.473362 0.0221118 0.0237157 0.107109
0 0.252204 0.475953 0.0186127 0.0260962 0.10645
0 0.402231 0.46937 0.016491 0.0235369 0.105671
0 0.436427 0.47373 0.0204746 0.0301915 0.10479
0 0.85202 0.390786 0.123731 0.0661196 0.10397
0 0.130718 0.465923 0.0166525 0.0337123 0.103089
0 0.57647 0.470681 0.0479422 0.0552941 0.102348
0 0.0999088 0.468784 0.0232323 0.0355144 0.101493
0 0.351302 0.46046 0.0235977 0.0338461 0.101335
0 0.19502 0.461726 0.0568416 0.0579017 0.100385
0 0.301332 0.46686 0.0175367 0.0202459 0.0995428
0 0.1215 0.468 0.0215494 0.0354555 0.0980131
0 0.360381 0.47249 0.025592 0.0307571 0.0977461
0 0.307446 0.469137 0.0201886 0.0210197 0.0964961
0 0.49634 0.473788 0.0174726 0.0302786 0.0963676
0 0.530875 0.483084 0.0135714 0.0233549 0.0958611
0 0.58966 0.459747 0.0319066 0.0364295 0.0949443
0 0.201333 0.466684 0.0433554 0.0408946 0.09459
0 0.958601 0.485371 0.0829664 0.194742 0.0937441
0 0.561367 0.481413 0.0325197 0.0498868 0.0936448
0 0.38599 0.471005 0.017595 0.0216443 0.0932246
0 0.36257 0.467992 0.0145839 0.0177351 0.0931974
0 0.416604 0.473416 0.0152083 0.0217323 0.0923286
0 0.321958 0.469241 0.0146635 0.0195892 0.0917872
0 0.574235 0.485976 0.0491158 0.063293 0.0913795
0 0.165512 0.459674 0.0315076 0.0403425 0.0907907
0 0.0289421 0.460755 0.0213691 0.0270548 0.086348
0 0.225248 0.479051 0.022019 0.0260329 0.0857226
0 0.453875 0.478996 0.0169528 0.0257166 0.0854566
0 0.166111 0.463992 0.023205 0.0271539 0.08161
0 0.238495 0.476924 0.0202216 0.0245902 0.0792753
0 0.835513 0.343108 0.090271 0.0635089 0.0781328
0 0.11056 0.452302 0.0545878 0.0744088 0.0778544
0 0.545793 0.47467 0.0175206 0.0295063 0.0769395
0 0.0297299 0.452591 0.018425 0.0255079 0.0763479
0 0.172009 0.47339 0.0195009 0.0246109 0.0752763
0 0.931067 0.488306 0.13572 0.204984 0.0747078
0 0.199636 0.478658 0.0268696 0.0242903 0.0720066
0 0.257598 0.483571 0.0179416 0.0237168 0.071093
0 0.0483621 0.452614 0.0280243 0.0316047 0.0707397
0 0.178829 0.478009 0.029433 0.0234704 0.068397
0 0.842062 0.35659 0.110738 0.0959847 0.0664815
0 0.884762 0.467894 0.236633 0.244396 0.0664764
0 0.103963 0.462867 0.0457524 0.0448893 0.0653474
0 0.162558 0.467217 0.0224842 0.0272009 0.0652355
0 0.410794 0.475868 0.0162088 0.0238423 0.0647542
0 0.808859 0.405132 0.0406341 0.0364786 0.0643846
0 0.651922 0.456612 0.0769778 0.061178 0.062704
0 0.54894 0.482631 0.015708 0.0284616 0.0614304
0 0.162835 0.475887 0.0227651 0.0255132 0.0610398
0 0.956005 0.366648 0.0808645 0.0640837 0.0609921
0 0.00645974 0.450528 0.0138167 0.0290174 0.0601026
0 0.874573 0.388582 0.0843548 0.0487221 0.0595783
0 0.0631578 0.45272 0.0243783 0.0303739 0.0581481
0 0.0934502 0.467459 0.0192646 0.027912 0.0565921
0 0.960047 0.476178 0.0795969 0.12051 0.0564925
0 0.336131 0.457624 0.0158743 0.0202202 0.0562101
0 0.814287 0.396371 0.0492863 0.051039 0.055715
0 0.506486 0.446518 0.0257537 0.0427589 0.0536749
0 0.644189 0.454027 0.102003 0.0781563 0.0530363
0 0.940154 0.395503 0.0407877 0.02251 0.0527088
0 0.590103 0.455737 0.0202007 0.0301907 0.0523522
0 0.842447 0.318336 0.0809587 0.0504828 0.050854
0 0.855512 0.404046 0.0786781 0.0528336 0.0506496
0 0.947825 0.374104 0.0613247 0.0476936 0.0492807
0 0.841404 0.402328 0.173658 0.0804766 0.0492762
0 0.153825 0.474396 0.0201096 0.0281885 0.0488512
0 0.580542 0.461095 0.0279972 0.0329405 0.0483274
0 0.0872595 0.453059 0.0283449 0.0291628 0.0478126
0 0.128823 0.45374 0.0180564 0.0225654 0.0470481
0 0.956863 0.312771 0.086059 0.155059 0.0464936
0 0.550552 0.469423 0.0171309 0.0268882 0.0463556
0 0.861717 0.186392 0.259211 0.419299 0.0463268
0 0.933479 0.444409 0.110362 0.113762 0.0461448
0 0.600223 0.485436 0.049946 0.065069 0.045679
0 0.0347787 0.46156 0.024731 0.037115 0.0453044
0 0.0543706 0.460666 0.0233311 0.0269586 0.0449688
0 0.329308 0.458759 0.0162147 0.022628 0.0448453
0 0.867196 0.405923 0.108083 0.0885646 0.0445402
0 0.886867 0.369202 0.211567 0.112826 0.0437554
0 0.949997 0.399565 0.0727921 0.0765476 0.0437274
0 0.0998549 0.450494 0.0348363 0.0330592 0.0436567
0 0.787407 0.193333 0.373723 0.43699 0.0436051
0 0.634861 0.459437 0.0777523 0.0605175 0.043047
0 0.959535 0.544783 0.08006 0.179211 0.0428867
0 0.942088 0.592947 0.11689 0.370016 0.0428341
0 0.977183 0.480442 0.0462355 0.0921551 0.0427603
0 0.979103 0.502462 0.0414762 0.156516 0.0427405
0 0.847988 0.41944 0.142111 0.100907 0.042611
0 0.970506 0.366001 0.0552555 0.0552911 0.0424946
0 0.852996 0.316355 0.115548 0.0654529 0.0421923
0 0.839391 0.307216 0.0549078 0.0307167 0.0418819
0 0.33963 0.462522 0.0162937 0.0201235 0.0415475
0 0.837515 0.462278 0.185277 0.18301 0.0406473
0 0.83726 0.40402 0.0752895 0.0484795 0.0404295
0 0.91982 0.859741 0.154985 0.18397 0.0404244
0 0.988965 0.473487 0.0218348 0.0856965 0.0401221
0 0.951013 0.449697 0.0943394 0.142994 0.0396609
0 0.203607 0.435112 0.0622422 0.108223 0.0383457
0 0.604728 0.464187 0.0237849 0.0336254 0.0383252
0 0.911766 0.444117 0.0750948 0.0931252 0.0382205
0 0.00639788 0.469222 0.0132944 0.0539322 0.0381432
0 0.940214 0.418337 0.0616842 0.0587323 0.0379286
0 0.869973 0.435878 0.107735 0.117522 0.0369553
0 0.78547 0.407029 0.0734483 0.043599 0.0367734
0 0.838338 0.296968 0.0472898 0.026698 0.036675
0 0.341457 0.456042 0.0154128 0.0192607 0.0366055
0 0.189465 0.491246 0.0524345 0.0503844 0.0365286
0 0.603901 0.480618 0.0364473 0.0462562 0.0362485
0 0.901585 0.78762 0.193498 0.334437 0.0359862
0 0.428466 0.481137 0.0172802 0.0231272 0.0359567
0 0.772 0.407868 0.0406218 0.0352552 0.0358134
0 0.883395 0.416536 0.0729212 0.0843389 0.0356258
0 0.384475 0.479206 0.0165947 0.0229368 0.035575
0 0.895012 0.437474 0.0556534 0.0803553 0.0355067
0 0.953943 0.395937 0.0674902 0.0430847 0.0354913
0 0.0687066 0.442928 0.0670991 0.0708129 0.035491
0 0.560054 0.467168 0.0188172 0.027851 0.0353368
0 0.826347 0.432638 0.151983 0.107339 0.0349606
0 0.828543 0.361136 0.191979 0.13135 0.0345847
0 0.115496 0.450078 0.036816 0.0373286 0.0343736
0 0.585578 0.448012 0.0209694 0.0320827 0.0343674
0 0.855813 0.337428 0.121675 0.0969272 0.0342347
0 0.957653 0.400914 0.0838114 0.123977 0.0338613
0 0.88484 0.429557 0.0568172 0.0796534 0.03385
0 0.913181 0.426268 0.095109 0.0953401 0.0336288
0 0.347825 0.393782 0.0524532 0.0845104 0.0335362
0 0.946876 0.884172 0.103839 0.157584 0.0334666
0 0.946623 0.345644 0.0794224 0.111574 0.0333073
0 0.918891 0.468571 0.0789372 0.117839 0.0332754
0 0.678612 0.428885 0.0212858 0.0295204 0.0329693
0 0.565083 0.486657 0.0255264 0.0361726 0.0328143
0 0.664797 0.440374 0.043336 0.0436841 0.0326941
0 0.979153 0.455777 0.0430214 0.111454 0.0325107
0 0.970443 0.433816 0.0597197 0.132367 0.0324818
0 0.550453 0.449552 0.0454233 0.0674267 0.0323881
0 0.885691 0.462622 0.0829189 0.109316 0.0323579
0 0.396559 0.477917 0.0153261 0.0247074 0.0323099
0 0.756501 0.396602 0.302269 0.215197 0.0323044
0 0.375743 0.481244 0.0161836 0.0217746 0.0318223
0 0.0360017 0.440074 0.0263238 0.0386614 0.031401
0 0.507858 0.455686 0.0109439 0.0164452 0.0311669
0 0.77865 0.439321 0.0920365 0.0999646 0.0309366
0 0.0465168 0.469822 0.0235915 0.0316902 0.0307732
0 0.885201 0.315448 0.0488665 0.0443685 0.0307224
0 0.966734 0.571015 0.06611 0.123759 0.030208
0 0.67487 0.434075 0.0365268 0.0459413 0.0301704
0 0.943971 0.527081 0.112689 0.126027 0.0300838
0 0.1267 0.473526 0.0150856 0.0269741 0.0299456
0 0.845075 0.456288 0.103039 0.113368 0.0298519
0 0.895702 0.31655 0.210454 0.179387 0.0296634
0 0.713709 0.420017 0.042535 0.0426968 0.0296085
0 0.18715 0.505782 0.0892148 0.104619 0.0294946
0 0.29411 0.437652 0.0543507 0.082098 0.0293218
0 0.267806 0.42586 0.0775014 0.132244 0.0292594
0 0.656273 0.426384 0.0527699 0.0525293 0.0291774
0 0.0289568 0.394648 0.0539554 0.0882963 0.028928
0 0.946277 0.802612 0.104228 0.283422 0.0286559
0 0.0143208 0.433609 0.0190519 0.0379646 0.0286433
0 0.872464 0.313003 0.0723585 0.0510295 0.0285135
0 0.0861954 0.441299 0.11218 0.105187 0.0284326
0 0.168547 0.448052 0.0215147 0.0365139 0.0283667
0 0.29635 0.387957 0.0568026 0.109675 0.0282048
0 0.915622 0.135342 0.149508 0.285875 0.0279038
0 0.805084 0.418067 0.0370941 0.0345701 0.0277895
0 0.261112 0.397696 0.0550575 0.128524 0.0275527
0 0.0270214 0.750498 0.0527716 0.151066 0.027281
0 0.0905771 0.475785 0.0239301 0.0380742 0.0272747
0 0.643204 0.432941 0.0440291 0.0480298 0.0271376
0 0.79266 0.449917 0.0821665 0.0899535 0.0270727
0 0.945944 0.67049 0.106688 0.311725 0.0268965
0 0.163046 0.442832 0.0193091 0.0307332 0.0268794
0 0.34654 0.471618 0.0140233 0.0179675 0.0268223
0 0.525923 0.450057 0.0133788 0.0197784 0.026757
0 0.187591 0.437358 0.0604039 0.0950367 0.0267258
0 0.355656 0.388346 0.0378119 0.0576642 0.0267019
0 0.350368 0.452381 0.0164467 0.0220011 0.0266997
0 0.177066 0.489876 0.0450853 0.0468139 0.0266444
0 0.543245 0.433797 0.0150742 0.0276791 0.0266361
0 0.332474 0.390865 0.0816191 0.123832 0.0265643
0 0.0696335 0.462792 0.0274754 0.037345 0.02652
0 0.412747 0.495855 0.0198008 0.0309584 0.0265101
0 0.309031 0.450253 0.0261359 0.039809 0.0264925
0 0.789044 0.401642 0.0925322 0.0684725 0.0264168
0 0.622963 0.448743 0.0582229 0.0741742 0.0264046
0 0.856608 0.477512 0.0580303 0.0650903 0.0263636
0 0.0516405 0.463315 0.0328108 0.0383257 0.0260456
0 0.7297 0.438179 0.22705 0.170441 0.0259401
0 0.712287 0.44564 0.0610613 0.0700936 0.02593
0 0.497955 0.457287 0.0108235 0.0159911 0.0258633
0 0.974999 0.390207 0.0460754 0.058595 0.0256634
0 0.669913 0.427055 0.0353699 0.0412479 0.025591
0 0.764382 0.409378 0.0544819 0.0440093 0.0255307
0 0.930865 0.380171 0.0701466 0.0413037 0.0253669
0 0.352562 0.443318 0.0277546 0.0420585 0.0253187
0 0.527572 0.482083 0.0127215 0.022489 0.0253059
0 0.569072 0.496594 0.0239698 0.0387502 0.0251988
0 0.978332 0.541214 0.0427412 0.160746 0.025158
0 0.835158 0.53009 0.0858562 0.098769 0.025115
0 0.553517 0.421084 0.033891 0.0702058 0.0250974
0 0.310292 0.37397 0.0419272 0.084166 0.0250148
0 0.967724 0.625006 0.0615219 0.299596 0.0246435
0 0.727592 0.417009 0.0695073 0.0686997 0.0244643
0 0.0669325 0.382351 0.0379803 0.0425302 0.0244435
0 0.635451 0.414821 0.0923095 0.15921 0.0244117
0 0.430004 0.350431 0.0204422 0.0400876 0.0243531
0 0.781405 0.403323 0.14991 0.11502 0.0241912
0 0.341158 0.471585 0.0138923 0.0182539 0.0241656
0 0.886879 0.326712 0.0505714 0.0569433 0.0241393
0 0.934067 0.753609 0.125045 0.270088 0.0240872
0 0.400967 0.478024 0.0161474 0.0239432 0.0239395
0 0.0997298 0.476083 0.018788 0.0283723 0.0239252
0 0.731007 0.40793 0.158347 0.124807 0.0237969
0 0.814359 0.457318 0.0995281 0.0974345 0.0237832
0 0.429686 0.374661 0.0245069 0.0539198 0.0237159
0 0.740245 0.418916 0.11096 0.0889704 0.0236595
0 0.0556719 0.626475 0.102257 0.153802 0.0236282
0 0.848087 0.757888 0.10959 0.161718 0.0236237
0 0.411606 0.399816 0.0746513 0.156645 0.0234744
0 0.904428 0.49 0.0892088 0.132712 0.0234698
0 0.992463 0.911502 0.0146025 0.0879127 0.023444
0 0.534883 0.444654 0.0152969 0.0247949 0.0234253
0 0.963663 0.866101 0.0674858 0.13707 0.0233453
