0 0.5625 0.462387 0 0.0924394 0.924239
0 0.416901 0.449637 0.0609982 0.083539 0.911874
0 0.503096 0.424864 0.0269547 0.0370828 0.894405
0 0.55283 0.430396 0.01934 0.0470386 0.886948
0 0.175102 0.419249 0.0560853 0.0479769 0.880581
0 0.251015 0.389886 0.076317 0.107794 0.866575
0 0.337205 0.405863 0.0219728 0.0283234 0.824961
0 0.487176 0.415754 0.0173223 0.0290001 0.779409
0 0.53146 0.394578 0.0350257 0.0756972 0.756305
0 0.365351 0.405094 0.0240043 0.031755 0.73505
0 0.387261 0.401544 0.015059 0.020034 0.572229
0 0.470807 0.4105 0.0171054 0.0244492 0.570084
0 0.404698 0.402351 0.0168147 0.0178441 0.532655
0 0.454746 0.408242 0.0125715 0.0198318 0.511652
0 0.503645 0.405954 0.0170067 0.0159437 0.442266
0 0.535466 0.414305 0.0254807 0.0429946 0.374697
0 0.077103 0.396922 0.0427074 0.0196072 0.371579
0 0.464773 0.409156 0.0169601 0.0248618 0.352452
0 0.458376 0.409448 0.0110325 0.018787 0.340984
0 0.423371 0.402357 0.0154458 0.0187689 0.326812
0 0.47576 0.410643 0.012865 0.0202419 0.275422
0 0.462701 0.410808 0.0118725 0.0192886 0.259402
0 0.392391 0.404583 0.0147671 0.0175648 0.253119
0 0.466465 0.411628 0.0124868 0.0213087 0.246285
0 0.511778 0.404732 0.0107359 0.0176065 0.226642
0 0.538172 0.421264 0.0194337 0.028057 0.219325
0 0.408874 0.404892 0.013858 0.0181005 0.188769
0 0.518915 0.414563 0.0117769 0.021926 0.185317
0 0.384965 0.405499 0.0115763 0.0166501 0.177012
0 0.424255 0.408407 0.0215773 0.024649 0.176732
0 0.451619 0.408444 0.0119683 0.0180394 0.166395
0 0.515095 0.416646 0.0151359 0.0256177 0.162355
0 0.517277 0.420559 0.014432 0.0239565 0.160689
0 0.215522 0.402844 0.0106092 0.0309498 0.155742
0 0.414243 0.402222 0.0126057 0.0175275 0.155453
0 0.494105 0.406122 0.0130462 0.0251753 0.147249
0 0.0703719 0.396115 0.0583322 0.0281513 0.14333
0 0.430722 0.405385 0.0136623 0.0176945 0.141037
0 0.483353 0.412785 0.0135804 0.0210649 0.139725
0 0.0923378 0.395806 0.0775228 0.0335525 0.138899
0 0.310148 0.402796 0.0261102 0.025993 0.137381
0 0.504106 0.420276 0.0192945 0.0268583 0.135472
0 0.0744725 0.403335 0.0507747 0.0309116 0.134584
0 0.204024 0.396965 0.0172509 0.0192813 0.133778
0 0.372839 0.403941 0.014826 0.0220163 0.129158
0 0.448121 0.4097 0.0126986 0.0212809 0.127969
0 0.501828 0.409614 0.012291 0.0222336 0.127374
0 0.524409 0.413604 0.0214911 0.034879 0.120272
0 0.337963 0.408216 0.0175641 0.019833 0.110217
0 0.335303 0.402353 0.0171333 0.017477 0.10616
0 0.0703839 0.395386 0.0289697 0.0178074 0.103953
0 0.52858 0.417495 0.0154117 0.0271826 0.10049
0 0.511336 0.411398 0.0123545 0.0227791 0.0998076
0 0.340405 0.399425 0.0246642 0.0370936 0.0961133
0 0.520151 0.406146 0.0142138 0.0266711 0.0959103
0 0.363533 0.411096 0.0157279 0.01953 0.0956206
0 0.367234 0.407486 0.0179432 0.0206575 0.0954746
0 0.298102 0.406903 0.0272589 0.0348724 0.0939537
0 0.539517 0.419286 0.0131395 0.0246146 0.0910156
0 0.308729 0.408547 0.0324253 0.0349264 0.0904355
0 0.0684532 0.405308 0.0592325 0.0445976 0.090258
0 0.0923979 0.380094 0.0804416 0.0637817 0.0884633
0 0.542882 0.423572 0.0127627 0.0262511 0.0878643
0 0.382532 0.404015 0.0139517 0.0202731 0.0863613
0 0.210996 0.397749 0.0142468 0.0230689 0.0861445
0 0.318673 0.39523 0.01727 0.0189596 0.0850003
0 0.31451 0.402932 0.0195762 0.0226986 0.0826019
0 0.0574793 0.389238 0.0762539 0.0374563 0.0812438
0 0.358869 0.411104 0.0149237 0.0202126 0.080364
0 0.0844397 0.407298 0.0624659 0.0435943 0.080235
0 0.212476 0.407375 0.0164667 0.0317349 0.0802072
0 0.0893627 0.384501 0.0673975 0.0447784 0.0796196
0 0.0779922 0.400754 0.0349116 0.0195218 0.075036
0 0.4932 0.389021 0.0171247 0.0267396 0.0738687
0 0.21582 0.409559 0.0117376 0.0272764 0.0733827
0 0.431057 0.430994 0.026425 0.0462093 0.0732463
0 0.0113598 0.385191 0.0225332 0.0356305 0.0726667
0 0.00664713 0.384245 0.0136772 0.0426207 0.0720827
0 0.395221 0.407702 0.0129877 0.0170149 0.0719033
0 0.541664 0.414602 0.016929 0.0270148 0.0718443
0 0.538287 0.413804 0.0159844 0.0323314 0.0716462
0 0.217792 0.390792 0.020309 0.0633927 0.0668898
0 0.200602 0.398398 0.0167194 0.0166615 0.0655296
0 0.219858 0.409254 0.010558 0.0222315 0.0635647
0 0.305067 0.387811 0.0369301 0.035937 0.0632882
0 0.289374 0.409848 0.0227567 0.0371462 0.0631811
0 0.29165 0.404196 0.0165211 0.0265472 0.0626991
0 0.50699 0.392472 0.0125268 0.0197756 0.061274
0 0.466008 0.431224 0.0140079 0.0232469 0.059895
0 0.379542 0.408175 0.0144165 0.0194664 0.0595949
0 0.385809 0.409216 0.0127413 0.0197085 0.0595852
0 0.367554 0.417326 0.0216419 0.033264 0.0590494
0 0.203652 0.404707 0.0163677 0.0240411 0.0587619
0 0.603872 0.443864 0.0196299 0.0352624 0.0584994
0 0.341712 0.399661 0.0183322 0.0245626 0.0581973
0 0.5756 0.429479 0.0127513 0.0250984 0.0562649
0 0.464796 0.409117 0.00986223 0.0172369 0.0561272
0 0.305195 0.393937 0.0234395 0.0257651 0.0554976
0 0.166583 0.417791 0.035031 0.0373968 0.0530973
0 0.0375002 0.405529 0.0718752 0.0646616 0.0527683
0 0.547548 0.420624 0.0157309 0.0255918 0.052557
0 0.533083 0.397159 0.0197448 0.0328429 0.0524896
0 0.241214 0.383288 0.0501153 0.0879414 0.0519424
0 0.585435 0.431046 0.0203852 0.0317386 0.0516165
0 0.341631 0.39332 0.0310643 0.0424849 0.0515705
0 0.098355 0.402523 0.0850589 0.059892 0.0496698
0 0.486167 0.42287 0.0129733 0.0216202 0.0486071
0 0.0357718 0.36145 0.0666664 0.101173 0.0485338
0 0.262635 0.411278 0.0486245 0.0555469 0.0480536
0 0.123341 0.321884 0.0190946 0.0350102 0.046783
0 0.0241515 0.339342 0.0459493 0.133822 0.0466548
0 0.423208 0.435818 0.0367552 0.0535889 0.046417
0 0.597217 0.440936 0.0214828 0.0311328 0.0463696
0 0.422409 0.388414 0.0131464 0.0153091 0.0461686
0 0.199148 0.342266 0.0512056 0.0897143 0.0453204
0 0.0579073 0.415256 0.0963108 0.0814913 0.044768
0 0.0563428 0.368433 0.10544 0.093018 0.0447359
0 0.0466851 0.376658 0.0761314 0.0654169 0.0443488
0 0.474817 0.414513 0.00946579 0.0164736 0.044163
0 0.015107 0.363702 0.0314862 0.086256 0.0440301
0 0.567976 0.697071 0.00142317 0.00268165 0.0439791
0 0.200829 0.327038 0.0426935 0.0575352 0.0431396
0 0.321172 0.397333 0.0349431 0.0446674 0.0426344
0 0.0165121 0.338401 0.0325466 0.163933 0.042068
0 0.336006 0.414078 0.0165085 0.0224166 0.0416147
0 0.279195 0.41264 0.0206905 0.0354847 0.0411999
0 0.347502 0.407365 0.0116766 0.0183709 0.0409351
0 0.136374 0.401598 0.0207427 0.0281274 0.0408443
0 0.0454431 0.341919 0.0876261 0.145175 0.0408189
0 0.156444 0.418497 0.0187735 0.0279153 0.0395808
0 0.0130689 0.398259 0.0257118 0.0488783 0.039482
0 0.112368 0.408744 0.0735766 0.0557916 0.0388084
0 0.601571 0.444704 0.0150448 0.0275726 0.0376101
0 0.00785389 0.398368 0.0156677 0.0488113 0.0375856
0 0.218229 0.414283 0.0151573 0.0298339 0.0367869
0 0.0964025 0.41453 0.0644339 0.0491869 0.0366896
0 0.19914 0.414929 0.0147405 0.0261952 0.0361367
0 0.0844065 0.348469 0.106614 0.113605 0.0358621
0 0.141236 0.415282 0.0371651 0.0407878 0.0357834
0 0.0653273 0.406019 0.0350525 0.0372333 0.0356236
0 0.183603 0.405776 0.0316651 0.0408483 0.0354116
0 0.00472553 0.403187 0.00927303 0.0317112 0.0349462
0 0.0870258 0.413444 0.0760386 0.0648354 0.0345895
0 0.307731 0.408943 0.0190444 0.023523 0.0340583
0 0.449229 0.388857 0.0106041 0.0135151 0.0335725
0 0.154082 0.411839 0.0209878 0.0252495 0.0335383
0 0.19437 0.388594 0.0364097 0.0458208 0.0330377
0 0.19115 0.422178 0.0239774 0.0284954 0.0328152
0 0.0681387 0.325724 0.115624 0.109858 0.0322045
0 0.289884 0.414924 0.015644 0.0252865 0.0321776
0 0.191704 0.354688 0.0731455 0.117872 0.0319437
0 0.462682 0.38866 0.00984793 0.0135935 0.0312842
0 0.0855782 0.408586 0.0291127 0.0249385 0.0306723
0 0.418111 0.388341 0.0115945 0.0159448 0.0300419
0 0.202686 0.364744 0.0367145 0.0638181 0.0298367
0 0.0661639 0.299196 0.129822 0.19733 0.029426
0 0.292533 0.412279 0.0161276 0.0258263 0.0293906
0 0.388741 0.388153 0.0136543 0.0159969 0.02939
0 0.20354 0.37736 0.0294491 0.0430302 0.0293876
0 0.0563473 0.408606 0.064569 0.0491206 0.029266
0 0.10292 0.390152 0.0602629 0.0439742 0.0292605
0 0.202821 0.41607 0.0175108 0.0287092 0.0291723
0 0.402413 0.426237 0.028529 0.0477871 0.0290723
0 0.653439 0.460698 0.0466123 0.0758403 0.0288942
0 0.547341 0.408364 0.0149945 0.0198709 0.0288554
0 0.101611 0.334422 0.0640531 0.0722594 0.0288345
0 0.473127 0.389351 0.010788 0.0145669 0.0288132
0 0.0727322 0.373737 0.077222 0.0663557 0.0285333
0 0.248655 0.36521 0.067879 0.0907241 0.0284766
0 0.591869 0.426455 0.0169382 0.02569 0.0284712
0 0.560035 0.439932 0.0253963 0.0437594 0.0284652
0 0.527356 0.384228 0.0204657 0.0385627 0.0284287
0 0.546565 0.393789 0.0174393 0.0270338 0.0279996
0 0.455181 0.418239 0.011582 0.0183389 0.0279836
0 0.102471 0.305829 0.0614492 0.077752 0.0279813
0 0.266795 0.193168 0.220481 0.30209 0.0278264
0 0.422309 0.339322 0.0203286 0.0294464 0.0277204
0 0.495704 0.389535 0.0113479 0.0145888 0.0273376
0 0.504989 0.392483 0.0109928 0.0145825 0.0273269
0 0.0528499 0.313221 0.0846634 0.097638 0.027181
0 0.410042 0.339408 0.0210452 0.0299352 0.0269928
0 0.0226088 0.312256 0.0429364 0.0870376 0.0269368
0 0.299015 0.38208 0.0572654 0.0813956 0.0265686
0 0.252709 0.418071 0.0610497 0.0567908 0.0263806
0 0.277389 0.384114 0.0483962 0.0666985 0.0262064
0 0.566228 0.428879 0.0271184 0.037938 0.0261534
0 0.470979 0.337658 0.016451 0.0227034 0.0260792
0 0.15801 0.415097 0.025565 0.0307072 0.0259692
0 0.214896 0.173714 0.257937 0.32144 0.0258448
0 0.543011 0.381473 0.0147891 0.0263605 0.0250422
0 0.0820429 0.309023 0.103131 0.102222 0.0249452
0 0.190833 0.38026 0.0588359 0.0730375 0.0248882
0 0.151832 0.415076 0.0158164 0.0219836 0.0245785
0 0.284411 0.415124 0.0145461 0.0293336 0.0244491
0 0.597149 0.453439 0.0130209 0.0339089 0.0244041
0 0.665809 0.462228 0.0267033 0.0571894 0.0241863
0 0.242877 0.413606 0.0397612 0.0501185 0.0239031
0 0.456834 0.335765 0.0190596 0.0272569 0.0238862
0 0.0589024 0.487156 0.113193 0.227767 0.0238497
0 0.672867 0.470082 0.014713 0.0342427 0.0238207
0 0.547194 0.377106 0.0153109 0.0247132 0.0238144
0 0.578083 0.432338 0.0124641 0.0248084 0.0237463
0 0.365971 0.236876 0.0231411 0.0349527 0.0237075
0 0.144677 0.42032 0.0174088 0.0251536 0.0232598
0 0.59448 0.420258 0.017601 0.029473 0.0232093
0 0.280972 0.314351 0.149534 0.195176 0.0231663
0 0.194388 0.410465 0.0198342 0.0266017 0.0230201
0 0.183719 0.368762 0.0475133 0.0582108 0.0224419
0 0.0148766 0.302182 0.0289231 0.0877441 0.0224198
0 0.482928 0.332943 0.0183301 0.0250647 0.0223541
0 0.51191 0.46703 0.0193063 0.0418755 0.0222467
0 0.552065 0.416192 0.0229201 0.03741 0.0221512
0 0.100834 0.286801 0.0613803 0.0816351 0.0217556
0 0.112466 0.367765 0.0438582 0.0438157 0.0215187
0 0.601848 0.429561 0.0269296 0.0432532 0.0212627
0 0.0532409 0.430157 0.0945798 0.138345 0.0210529
0 0.157894 0.181252 0.2217 0.28468 0.0206377
0 0.392517 0.34465 0.0272573 0.0329739 0.0205459
0 0.606669 0.437526 0.0244304 0.0356528 0.0202591
0 0.375629 0.408128 0.0138149 0.0224113 0.0202542
0 0.657451 0.620918 0.042944 0.060437 0.0200602
0 0.960325 0.721338 0.0803677 0.275693 0.0199829
0 0.833056 0.176871 0.277034 0.329029 0.0199249
0 0.661282 0.455319 0.0380934 0.0637486 0.0199076
0 0.314816 0.250868 0.167499 0.302819 0.0198768
0 0.443724 0.339418 0.0219809 0.0309204 0.0193628
0 0.610191 0.447424 0.0315774 0.0516557 0.0191728
0 0.0135226 0.411115 0.0282338 0.0530626 0.0190643
0 0.961001 0.788346 0.0803146 0.270456 0.0189741
0 0.990389 0.672947 0.0181736 0.0949708 0.0189559
0 0.00498147 0.414432 0.0125551 0.0550768 0.0189165
0 0.137431 0.413344 0.0179355 0.0230081 0.0188838
0 0.186233 0.420171 0.0276731 0.0356131 0.0188818
0 0.239084 0.319377 0.131195 0.183161 0.0188521
0 0.380732 0.34071 0.0341171 0.0463518 0.0187878
0 0.664118 0.547469 0.0509478 0.0904715 0.0184705
0 0.362672 0.387059 0.0163044 0.0177774 0.0183356
0 0.20036 0.322617 0.0321827 0.0382059 0.0182512
0 0.574833 0.412996 0.0229598 0.0411558 0.0181854
0 0.392328 0.451151 0.0131294 0.0349554 0.0181683
0 0.124682 0.413578 0.0472219 0.044631 0.0180949
0 0.370722 0.387126 0.0144147 0.0155127 0.0176675
0 0.249175 0.334903 0.053597 0.0560977 0.0176576
0 0.0450074 0.278878 0.0631354 0.0890579 0.0176511
0 0.448019 0.239583 0.0230891 0.040224 0.0175256
0 0.651736 0.336034 0.0784332 0.0769409 0.0174926
0 0.262968 0.413715 0.0308676 0.0471277 0.0173418
0 0.434512 0.342557 0.0233541 0.0328428 0.0173346
0 0.0555131 0.545277 0.103405 0.226305 0.0173054
0 0.676518 0.552791 0.0399803 0.0721948 0.0171716
0 0.496621 0.331503 0.0180555 0.0233402 0.0170181
0 0.272076 0.419382 0.0219562 0.033783 0.0169642
0 0.635552 0.391737 0.0859688 0.0994436 0.0168998
0 0.0480363 0.215292 0.0366632 0.054852 0.016888
0 0.565716 0.426963 0.0198019 0.0299064 0.0165834
0 0.295091 0.366806 0.0349614 0.057034 0.0165742
0 0.221696 0.425517 0.01948 0.0319655 0.0165563
0 0.688066 0.442089 0.0389947 0.04864 0.0165498
0 0.598153 0.425769 0.0203527 0.032049 0.0165407
0 0.514312 0.419897 0.0112428 0.0223836 0.0164859
0 0.316102 0.3735 0.0458605 0.0479309 0.0162983
0 0.254853 0.371043 0.101362 0.124598 0.016293
0 0.681851 0.488514 0.0277631 0.0407912 0.0162716
0 0.0756068 0.284935 0.0990377 0.102394 0.016216
0 0.758864 0.674871 0.0719337 0.107105 0.0161356
0 0.990567 0.382463 0.0193739 0.0640504 0.015892
0 0.0603934 0.891578 0.0981506 0.171167 0.015844
0 0.178232 0.412637 0.0288735 0.0294113 0.0158398
0 0.337146 0.383693 0.0155173 0.0185054 0.0157756
0 0.286478 0.456272 0.0247063 0.0400166 0.015748
0 0.301422 0.442216 0.025737 0.0340761 0.0156779
0 0.45131 0.429774 0.0110039 0.0246987 0.0155953
0 0.675703 0.457068 0.0224763 0.0378438 0.0155927
0 0.975861 0.738205 0.0460838 0.196228 0.0155704
0 0.280481 0.389557 0.0340312 0.0601698 0.0155697
0 0.653828 0.415934 0.0712493 0.106154 0.0155136
0 0.971506 0.779247 0.0530025 0.181575 0.0153846
0 0.978881 -0.0106393 0.0407495 0.0457128 0.0153623
0 0.931353 0.652378 0.138965 0.28333 0.0152868
0 0.992282 0.554016 0.0154053 0.0934541 0.0152811
0 0.318557 0.453616 0.0433246 0.0692121 0.0152401
0 0.576851 0.379406 0.0553701 0.0799313 0.0151263
0 0.957453 0.646096 0.0835695 0.237665 0.0151026
0 0.181789 0.552466 0.0641132 0.07536 0.015031
0 0.445462 0.232628 0.0240239 0.0421287 0.0150126
0 0.928191 0.724515 0.145629 0.303686 0.0150102
0 0.643662 0.357817 0.0928833 0.091767 0.0149454
0 0.971232 0.531836 0.0566284 0.128414 0.0149344
0 0.0459613 0.227867 0.0567112 0.087937 0.0148566
0 0.0265439 0.287869 0.0489651 0.0950943 0.0148548
0 0.0462972 0.211902 0.0465216 0.0784975 0.0147548
0 0.729959 0.343393 0.0284577 0.036204 0.0147324
0 0.990131 0.418876 0.0206064 0.0789961 0.0146579
0 0.982895 0.532651 0.0357977 0.135883 0.0145115
0 0.990005 0.399222 0.0204185 0.0697993 0.0144989
0 0.485721 0.0328215 0.0968106 0.105519 0.0144628
0 0.256449 0.342739 0.0770527 0.106574 0.0144561
0 0.691048 0.203739 0.036436 0.0763968 0.0144252
0 0.722113 0.171003 0.207692 0.262163 0.0144015
0 0.923762 0.79765 0.153521 0.31609 0.014343
0 0.5625 0.462387 0 0.0924394 0.924239
0 0.416901 0.449637 0.0609982 0.083539 0.911874
0 0.503096 0.424864 0.0269547 0.0370828 0.894405
0 0.55283 0.430396 0.01934 0.0470386 0.886948
0 0.175102 0.419249 0.0560853 0.0479769 0.880581
0 0.251015 0.389886 0.076317 0.107794 0.866575
0 0.337205 0.405863 0.0219728 0.0283234 0.824961
0 0.487176 0.415754 0.0173223 0.0290001 0.779409
0 0.53146 0.394578 0.0350257 0.0756972 0.756305
0 0.365351 0.405094 0.0240043 0.031755 0.73505
0 0.387261 0.401544 0.015059 0.020034 0.572229
0 0.470807 0.4105 0.0171054 0.0244492 0.570084
0 0.404698 0.402351 0.0168147 0.0178441 0.532655
0 0.454746 0.408242 0.0125715 0.0198318 0.511652
0 0.503645 0.405954 0.0170067 0.0159437 0.442266
0 0.535466 0.414305 0.0254807 0.0429946 0.374697
0 0.077103 0.396922 0.0427074 0.0196072 0.371579
0 0.464773 0.409156 0.0169601 0.0248618 0.352452
0 0.458376 0.409448 0.0110325 0.018787 0.340984
0 0.423371 0.402357 0.0154458 0.0187689 0.326812
0 0.47576 0.410643 0.012865 0.0202419 0.275422
0 0.462701 0.410808 0.0118725 0.0192886 0.259402
0 0.392391 0.404583 0.0147671 0.0175648 0.253119
0 0.466465 0.411628 0.0124868 0.0213087 0.246285
0 0.511778 0.404732 0.0107359 0.0176065 0.226642
0 0.538172 0.421264 0.0194337 0.028057 0.219325
0 0.408874 0.404892 0.013858 0.0181005 0.188769
0 0.518915 0.414563 0.0117769 0.021926 0.185317
0 0.384965 0.405499 0.0115763 0.0166501 0.177012
0 0.424255 0.408407 0.0215773 0.024649 0.176732
0 0.451619 0.408444 0.0119683 0.0180394 0.166395
0 0.515095 0.416646 0.0151359 0.0256177 0.162355
0 0.517277 0.420559 0.014432 0.0239565 0.160689
0 0.215522 0.402844 0.0106092 0.0309498 0.155742
0 0.414243 0.402222 0.0126057 0.0175275 0.155453
0 0.494105 0.406122 0.0130462 0.0251753 0.147249
0 0.0703719 0.396115 0.0583322 0.0281513 0.14333
0 0.430722 0.405385 0.0136623 0.0176945 0.141037
0 0.483353 0.412785 0.0135804 0.0210649 0.139725
0 0.0923378 0.395806 0.0775228 0.0335525 0.138899
0 0.310148 0.402796 0.0261102 0.025993 0.137381
0 0.504106 0.420276 0.0192945 0.0268583 0.135472
0 0.0744725 0.403335 0.0507747 0.0309116 0.134584
0 0.204024 0.396965 0.0172509 0.0192813 0.133778
0 0.372839 0.403941 0.014826 0.0220163 0.129158
0 0.448121 0.4097 0.0126986 0.0212809 0.127969
0 0.501828 0.409614 0.012291 0.0222336 0.127374
0 0.524409 0.413604 0.0214911 0.034879 0.120272
0 0.337963 0.408216 0.0175641 0.019833 0.110217
0 0.335303 0.402353 0.0171333 0.017477 0.10616
0 0.0703839 0.395386 0.0289697 0.0178074 0.103953
0 0.52858 0.417495 0.0154117 0.0271826 0.10049
0 0.511336 0.411398 0.0123545 0.0227791 0.0998076
0 0.340405 0.399425 0.0246642 0.0370936 0.0961133
0 0.520151 0.406146 0.0142138 0.0266711 0.0959103
0 0.363533 0.411096 0.0157279 0.01953 0.0956206
0 0.367234 0.407486 0.0179432 0.0206575 0.0954746
0 0.298102 0.406903 0.0272589 0.0348724 0.0939537
0 0.539517 0.419286 0.0131395 0.0246146 0.0910156
0 0.308729 0.408547 0.0324253 0.0349264 0.0904355
0 0.0684532 0.405308 0.0592325 0.0445976 0.090258
0 0.0923979 0.380094 0.0804416 0.0637817 0.0884633
0 0.542882 0.423572 0.0127627 0.0262511 0.0878643
0 0.382532 0.404015 0.0139517 0.0202731 0.0863613
0 0.210996 0.397749 0.0142468 0.0230689 0.0861445
0 0.318673 0.39523 0.01727 0.0189596 0.0850003
0 0.31451 0.402932 0.0195762 0.0226986 0.0826019
0 0.0574793 0.389238 0.0762539 0.0374563 0.0812438
0 0.358869 0.411104 0.0149237 0.0202126 0.080364
0 0.0844397 0.407298 0.0624659 0.0435943 0.080235
0 0.212476 0.407375 0.0164667 0.0317349 0.0802072
0 0.0893627 0.384501 0.0673975 0.0447784 0.0796196
0 0.0779922 0.400754 0.0349116 0.0195218 0.075036
0 0.4932 0.389021 0.0171247 0.0267396 0.0738687
0 0.21582 0.409559 0.0117376 0.0272764 0.0733827
0 0.431057 0.430994 0.026425 0.0462093 0.0732463
0 0.0113598 0.385191 0.0225332 0.0356305 0.0726667
0 0.00664713 0.384245 0.0136772 0.0426207 0.0720827
0 0.395221 0.407702 0.0129877 0.0170149 0.0719033
0 0.541664 0.414602 0.016929 0.0270148 0.0718443
0 0.538287 0.413804 0.0159844 0.0323314 0.0716462
0 0.217792 0.390792 0.020309 0.0633927 0.0668898
0 0.200602 0.398398 0.0167194 0.0166615 0.0655296
0 0.219858 0.409254 0.010558 0.0222315 0.0635647
0 0.305067 0.387811 0.0369301 0.035937 0.0632882
0 0.289374 0.409848 0.0227567 0.0371462 0.0631811
0 0.29165 0.404196 0.0165211 0.0265472 0.0626991
0 0.50699 0.392472 0.0125268 0.0197756 0.061274
0 0.466008 0.431224 0.0140079 0.0232469 0.059895
0 0.379542 0.408175 0.0144165 0.0194664 0.0595949
0 0.385809 0.409216 0.0127413 0.0197085 0.0595852
0 0.367554 0.417326 0.0216419 0.033264 0.0590494
0 0.203652 0.404707 0.0163677 0.0240411 0.0587619
0 0.603872 0.443864 0.0196299 0.0352624 0.0584994
0 0.341712 0.399661 0.0183322 0.0245626 0.0581973
0 0.5756 0.429479 0.0127513 0.0250984 0.0562649
0 0.464796 0.409117 0.00986223 0.0172369 0.0561272
0 0.305195 0.393937 0.0234395 0.0257651 0.0554976
0 0.166583 0.417791 0.035031 0.0373968 0.0530973
0 0.0375002 0.405529 0.0718752 0.0646616 0.0527683
0 0.547548 0.420624 0.0157309 0.0255918 0.052557
0 0.533083 0.397159 0.0197448 0.0328429 0.0524896
0 0.241214 0.383288 0.0501153 0.0879414 0.0519424
0 0.585435 0.431046 0.0203852 0.0317386 0.0516165
0 0.341631 0.39332 0.0310643 0.0424849 0.0515705
0 0.098355 0.402523 0.0850589 0.059892 0.0496698
0 0.486167 0.42287 0.0129733 0.0216202 0.0486071
0 0.0357718 0.36145 0.0666664 0.101173 0.0485338
0 0.262635 0.411278 0.0486245 0.0555469 0.0480536
0 0.123341 0.321884 0.0190946 0.0350102 0.046783
0 0.0241515 0.339342 0.0459493 0.133822 0.0466548
0 0.423208 0.435818 0.0367552 0.0535889 0.046417
0 0.597217 0.440936 0.0214828 0.0311328 0.0463696
0 0.422409 0.388414 0.0131464 0.0153091 0.0461686
0 0.199148 0.342266 0.0512056 0.0897143 0.0453204
0 0.0579073 0.415256 0.0963108 0.0814913 0.044768
0 0.0563428 0.368433 0.10544 0.093018 0.0447359
0 0.0466851 0.376658 0.0761314 0.0654169 0.0443488
0 0.474817 0.414513 0.00946579 0.0164736 0.044163
0 0.015107 0.363702 0.0314862 0.086256 0.0440301
0 0.567976 0.697071 0.00142317 0.00268165 0.0439791
0 0.200829 0.327038 0.0426935 0.0575352 0.0431396
0 0.321172 0.397333 0.0349431 0.0446674 0.0426344
0 0.0165121 0.338401 0.0325466 0.163933 0.042068
0 0.336006 0.414078 0.0165085 0.0224166 0.0416147
0 0.279195 0.41264 0.0206905 0.0354847 0.0411999
0 0.347502 0.407365 0.0116766 0.0183709 0.0409351
0 0.136374 0.401598 0.0207427 0.0281274 0.0408443
0 0.0454431 0.341919 0.0876261 0.145175 0.0408189
0 0.156444 0.418497 0.0187735 0.0279153 0.0395808
0 0.0130689 0.398259 0.0257118 0.0488783 0.039482
0 0.112368 0.408744 0.0735766 0.0557916 0.0388084
0 0.601571 0.444704 0.0150448 0.0275726 0.0376101
0 0.00785389 0.398368 0.0156677 0.0488113 0.0375856
0 0.218229 0.414283 0.0151573 0.0298339 0.0367869
0 0.0964025 0.41453 0.0644339 0.0491869 0.0366896
0 0.19914 0.414929 0.0147405 0.0261952 0.0361367
0 0.0844065 0.348469 0.106614 0.113605 0.0358621
0 0.141236 0.415282 0.0371651 0.0407878 0.0357834
0 0.0653273 0.406019 0.0350525 0.0372333 0.0356236
0 0.183603 0.405776 0.0316651 0.0408483 0.0354116
0 0.00472553 0.403187 0.00927303 0.0317112 0.0349462
0 0.0870258 0.413444 0.0760386 0.0648354 0.0345895
0 0.307731 0.408943 0.0190444 0.023523 0.0340583
0 0.449229 0.388857 0.0106041 0.0135151 0.0335725
0 0.154082 0.411839 0.0209878 0.0252495 0.0335383
0 0.19437 0.388594 0.0364097 0.0458208 0.0330377
0 0.19115 0.422178 0.0239774 0.0284954 0.0328152
0 0.0681387 0.325724 0.115624 0.109858 0.0322045
0 0.289884 0.414924 0.015644 0.0252865 0.0321776
0 0.191704 0.354688 0.0731455 0.117872 0.0319437
0 0.462682 0.38866 0.00984793 0.0135935 0.0312842
0 0.0855782 0.408586 0.0291127 0.0249385 0.0306723
0 0.418111 0.388341 0.0115945 0.0159448 0.0300419
0 0.202686 0.364744 0.0367145 0.0638181 0.0298367
0 0.0661639 0.299196 0.129822 0.19733 0.029426
0 0.292533 0.412279 0.0161276 0.0258263 0.0293906
0 0.388741 0.388153 0.0136543 0.0159969 0.02939
0 0.20354 0.37736 0.0294491 0.0430302 0.0293876
0 0.0563473 0.408606 0.064569 0.0491206 0.029266
0 0.10292 0.390152 0.0602629 0.0439742 0.0292605
0 0.202821 0.41607 0.0175108 0.0287092 0.0291723
0 0.402413 0.426237 0.028529 0.0477871 0.0290723
0 0.653439 0.460698 0.0466123 0.0758403 0.0288942
0 0.547341 0.408364 0.0149945 0.0198709 0.0288554
0 0.101611 0.334422 0.0640531 0.0722594 0.0288345
0 0.473127 0.389351 0.010788 0.0145669 0.0288132
0 0.0727322 0.373737 0.077222 0.0663557 0.0285333
0 0.248655 0.36521 0.067879 0.0907241 0.0284766
0 0.591869 0.426455 0.0169382 0.02569 0.0284712
0 0.560035 0.439932 0.0253963 0.0437594 0.0284652
0 0.527356 0.384228 0.0204657 0.0385627 0.0284287
0 0.546565 0.393789 0.0174393 0.0270338 0.0279996
0 0.455181 0.418239 0.011582 0.0183389 0.0279836
0 0.102471 0.305829 0.0614492 0.077752 0.0279813
0 0.266795 0.193168 0.220481 0.30209 0.0278264
0 0.422309 0.339322 0.0203286 0.0294464 0.0277204
0 0.495704 0.389535 0.0113479 0.0145888 0.0273376
0 0.504989 0.392483 0.0109928 0.0145825 0.0273269
0 0.0528499 0.313221 0.0846634 0.097638 0.027181
0 0.410042 0.339408 0.0210452 0.0299352 0.0269928
0 0.0226088 0.312256 0.0429364 0.0870376 0.0269368
0 0.299015 0.38208 0.0572654 0.0813956 0.0265686
0 0.252709 0.418071 0.0610497 0.0567908 0.0263806
0 0.277389 0.384114 0.0483962 0.0666985 0.0262064
0 0.566228 0.428879 0.0271184 0.037938 0.0261534
0 0.470979 0.337658 0.016451 0.0227034 0.0260792
0 0.15801 0.415097 0.025565 0.0307072 0.0259692
0 0.214896 0.173714 0.257937 0.32144 0.0258448
0 0.543011 0.381473 0.0147891 0.0263605 0.0250422
0 0.0820429 0.309023 0.103131 0.102222 0.0249452
0 0.190833 0.38026 0.0588359 0.0730375 0.0248882
0 0.151832 0.415076 0.0158164 0.0219836 0.0245785
0 0.284411 0.415124 0.0145461 0.0293336 0.0244491
0 0.597149 0.453439 0.0130209 0.0339089 0.0244041
0 0.665809 0.462228 0.0267033 0.0571894 0.0241863
0 0.242877 0.413606 0.0397612 0.0501185 0.0239031
0 0.456834 0.335765 0.0190596 0.0272569 0.0238862
0 0.0589024 0.487156 0.113193 0.227767 0.0238497
0 0.672867 0.470082 0.014713 0.0342427 0.0238207
0 0.547194 0.377106 0.0153109 0.0247132 0.0238144
0 0.578083 0.432338 0.0124641 0.0248084 0.0237463
0 0.365971 0.236876 0.0231411 0.0349527 0.0237075
0 0.144677 0.42032 0.0174088 0.0251536 0.0232598
0 0.59448 0.420258 0.017601 0.029473 0.0232093
0 0.280972 0.314351 0.149534 0.195176 0.0231663
0 0.194388 0.410465 0.0198342 0.0266017 0.0230201
0 0.183719 0.368762 0.0475133 0.0582108 0.0224419
0 0.0148766 0.302182 0.0289231 0.0877441 0.0224198
0 0.482928 0.332943 0.0183301 0.0250647 0.0223541
0 0.51191 0.46703 0.0193063 0.0418755 0.0222467
0 0.552065 0.416192 0.0229201 0.03741 0.0221512
0 0.100834 0.286801 0.0613803 0.0816351 0.0217556
0 0.112466 0.367765 0.0438582 0.0438157 0.0215187
0 0.601848 0.429561 0.0269296 0.0432532 0.0212627
0 0.0532409 0.430157 0.0945798 0.138345 0.0210529
0 0.157894 0.181252 0.2217 0.28468 0.0206377
0 0.392517 0.34465 0.0272573 0.0329739 0.0205459
0 0.606669 0.437526 0.0244304 0.0356528 0.0202591
0 0.375629 0.408128 0.0138149 0.0224113 0.0202542
0 0.657451 0.620918 0.042944 0.060437 0.0200602
0 0.960325 0.721338 0.0803677 0.275693 0.0199829
0 0.833056 0.176871 0.277034 0.329029 0.0199249
0 0.661282 0.455319 0.0380934 0.0637486 0.0199076
0 0.314816 0.250868 0.167499 0.302819 0.0198768
0 0.443724 0.339418 0.0219809 0.0309204 0.0193628
0 0.610191 0.447424 0.0315774 0.0516557 0.0191728
0 0.0135226 0.411115 0.0282338 0.0530626 0.0190643
0 0.961001 0.788346 0.0803146 0.270456 0.0189741
0 0.990389 0.672947 0.0181736 0.0949708 0.0189559
0 0.00498147 0.414432 0.0125551 0.0550768 0.0189165
0 0.137431 0.413344 0.0179355 0.0230081 0.0188838
0 0.186233 0.420171 0.0276731 0.0356131 0.0188818
0 0.239084 0.319377 0.131195 0.183161 0.0188521
0 0.380732 0.34071 0.0341171 0.0463518 0.0187878
0 0.664118 0.547469 0.0509478 0.0904715 0.0184705
0 0.362672 0.387059 0.0163044 0.0177774 0.0183356
0 0.20036 0.322617 0.0321827 0.0382059 0.0182512
0 0.574833 0.412996 0.0229598 0.0411558 0.0181854
0 0.392328 0.451151 0.0131294 0.0349554 0.0181683
0 0.124682 0.413578 0.0472219 0.044631 0.0180949
0 0.370722 0.387126 0.0144147 0.0155127 0.0176675
0 0.249175 0.334903 0.053597 0.0560977 0.0176576
0 0.0450074 0.278878 0.0631354 0.0890579 0.0176511
0 0.448019 0.239583 0.0230891 0.040224 0.0175256
0 0.651736 0.336034 0.0784332 0.0769409 0.0174926
0 0.262968 0.413715 0.0308676 0.0471277 0.0173418
0 0.434512 0.342557 0.0233541 0.0328428 0.0173346
0 0.0555131 0.545277 0.103405 0.226305 0.0173054
0 0.676518 0.552791 0.0399803 0.0721948 0.0171716
0 0.496621 0.331503 0.0180555 0.0233402 0.0170181
0 0.272076 0.419382 0.0219562 0.033783 0.0169642
0 0.635552 0.391737 0.0859688 0.0994436 0.0168998
0 0.0480363 0.215292 0.0366632 0.054852 0.016888
0 0.565716 0.426963 0.0198019 0.0299064 0.0165834
0 0.295091 0.366806 0.0349614 0.057034 0.0165742
0 0.221696 0.425517 0.01948 0.0319655 0.0165563
0 0.688066 0.442089 0.0389947 0.04864 0.0165498
0 0.598153 0.425769 0.0203527 0.032049 0.0165407
0 0.514312 0.419897 0.0112428 0.0223836 0.0164859
0 0.316102 0.3735 0.0458605 0.0479309 0.0162983
0 0.254853 0.371043 0.101362 0.124598 0.016293
0 0.681851 0.488514 0.0277631 0.0407912 0.0162716
0 0.0756068 0.284935 0.0990377 0.102394 0.016216
0 0.758864 0.674871 0.0719337 0.107105 0.0161356
0 0.990567 0.382463 0.0193739 0.0640504 0.015892
0 0.0603934 0.891578 0.0981506 0.171167 0.015844
0 0.178232 0.412637 0.0288735 0.0294113 0.0158398
0 0.337146 0.383693 0.0155173 0.0185054 0.0157756
0 0.286478 0.456272 0.0247063 0.0400166 0.015748
0 0.301422 0.442216 0.025737 0.0340761 0.0156779
0 0.45131 0.429774 0.0110039 0.0246987 0.0155953
0 0.675703 0.457068 0.0224763 0.0378438 0.0155927
0 0.975861 0.738205 0.0460838 0.196228 0.0155704
0 0.280481 0.389557 0.0340312 0.0601698 0.0155697
0 0.653828 0.415934 0.0712493 0.106154 0.0155136
0 0.971506 0.779247 0.0530025 0.181575 0.0153846
0 0.978881 -0.0106393 0.0407495 0.0457128 0.0153623
0 0.931353 0.652378 0.138965 0.28333 0.0152868
0 0.992282 0.554016 0.0154053 0.0934541 0.0152811
0 0.318557 0.453616 0.0433246 0.0692121 0.0152401
0 0.576851 0.379406 0.0553701 0.0799313 0.0151263
0 0.957453 0.646096 0.0835695 0.237665 0.0151026
0 0.181789 0.552466 0.0641132 0.07536 0.015031
0 0.445462 0.232628 0.0240239 0.0421287 0.0150126
0 0.928191 0.724515 0.145629 0.303686 0.0150102
0 0.643662 0.357817 0.0928833 0.091767 0.0149454
0 0.971232 0.531836 0.0566284 0.128414 0.0149344
0 0.0459613 0.227867 0.0567112 0.087937 0.0148566
0 0.0265439 0.287869 0.0489651 0.0950943 0.0148548
0 0.0462972 0.211902 0.0465216 0.0784975 0.0147548
0 0.729959 0.343393 0.0284577 0.036204 0.0147324
0 0.990131 0.418876 0.0206064 0.0789961 0.0146579
0 0.982895 0.532651 0.0357977 0.135883 0.0145115
0 0.990005 0.399222 0.0204185 0.0697993 0.0144989
0 0.485721 0.0328215 0.0968106 0.105519 0.0144628
0 0.256449 0.342739 0.0770527 0.106574 0.0144561
0 0.691048 0.203739 0.036436 0.0763968 0.0144252
0 0.722113 0.171003 0.207692 0.262163 0.0144015
0 0.923762 0.79765 0.153521 0.31609 0.014343
