0 0.363734 0.416842 0.0239655 0.0263947 0.647491
0 0.507725 0.385228 0.0113609 0.0177261 0.437924
0 0.415607 0.410804 0.0151443 0.0225012 0.369716
0 0.495489 0.392788 0.0143983 0.0229282 0.298689
0 0.336439 0.4084 0.0214124 0.0297426 0.276079
0 0.5625 0.416653 0 0.0291762 0.270697
0 0.530074 0.372814 0.0127634 0.018915 0.253468
0 0.510184 0.387082 0.0125456 0.0178702 0.25296
0 0.498538 0.390542 0.0149375 0.0201289 0.252565
0 0.532689 0.409505 0.0465312 0.0510094 0.2361
0 0.525947 0.373467 0.0143781 0.0182666 0.226899
0 0.418996 0.401312 0.0278701 0.043885 0.223679
0 0.508161 0.38964 0.0135991 0.0229385 0.221215
0 0.499195 0.389461 0.0193196 0.0264539 0.21924
0 0.414602 0.412049 0.0119365 0.0165906 0.217177
0 0.527501 0.369688 0.0149955 0.021633 0.216723
0 0.524596 0.415306 0.0291642 0.0318131 0.216321
0 0.496727 0.393746 0.0106898 0.0178045 0.206372
0 0.5625 0.410398 0 0.0209721 0.191861
0 0.454393 0.393124 0.0145713 0.0197954 0.183986
0 0.530497 0.372486 0.0178292 0.0233489 0.181544
0 0.418986 0.391066 0.0327779 0.0608354 0.180363
0 0.460458 0.392545 0.0255246 0.0263623 0.17627
0 0.516449 0.413167 0.0173329 0.021431 0.174387
0 0.474756 0.392678 0.0136435 0.0199359 0.173335
0 0.471936 0.390017 0.0220865 0.0262041 0.169456
0 0.520624 0.416486 0.018224 0.0227904 0.161483
0 0.332781 0.40598 0.0306731 0.0369805 0.160915
0 0.528519 0.378199 0.0128621 0.0187234 0.156456
0 0.508689 0.380871 0.0137053 0.0179411 0.153172
0 0.364445 0.418632 0.0199692 0.0186252 0.152685
0 0.416294 0.407202 0.0201241 0.0317661 0.151326
0 0.517375 0.390046 0.0124677 0.0176359 0.150549
0 0.512628 0.377575 0.0133641 0.0177465 0.146675
0 0.338106 0.414487 0.0175111 0.0198007 0.145737
0 0.495195 0.386774 0.0109749 0.016905 0.140136
0 0.288007 0.414928 0.0464292 0.0303841 0.138495
0 0.5625 0.411845 0 0.0387314 0.13446
0 0.409511 0.40471 0.0305256 0.040904 0.133475
0 0.418478 0.413552 0.0149714 0.0201189 0.133428
0 0.451122 0.39343 0.0132771 0.0178902 0.133173
0 0.528838 0.386687 0.0121572 0.0203506 0.132305
0 0.5625 0.418192 0 0.0228787 0.131911
0 0.406555 0.41148 0.0154711 0.0247344 0.128738
0 0.521455 0.389316 0.0130549 0.0158227 0.127223
0 0.547327 0.416229 0.0192184 0.0241003 0.125981
0 0.5625 0.409454 0 0.0452428 0.124227
0 0.32875 0.393223 0.0421744 0.0634054 0.121372
0 0.540209 0.413578 0.0335695 0.0344443 0.120108
0 0.478661 0.393135 0.0139553 0.0197314 0.119038
0 0.647663 0.406973 0.0325247 0.0263353 0.117912
0 0.529686 0.391529 0.01613 0.0256337 0.114028
0 0.450673 0.391229 0.01866 0.02288 0.112833
0 0.524579 0.381186 0.0128177 0.0186606 0.112497
0 0.730387 0.417 0.0218187 0.0218586 0.110474
0 0.290599 0.406392 0.0452937 0.0436007 0.110354
0 0.711727 0.412837 0.0502054 0.0340524 0.109479
0 0.366984 0.416685 0.0134983 0.0173381 0.107813
0 0.476156 0.387574 0.0140949 0.0201309 0.104808
0 0.515281 0.399978 0.0149457 0.0256569 0.104157
0 0.42724 0.390119 0.0456706 0.0522228 0.103829
0 0.241498 0.419651 0.061327 0.0292068 0.103199
0 0.640915 0.407106 0.015391 0.0176471 0.101355
0 0.727926 0.420259 0.0195601 0.0204733 0.098982
0 0.538721 0.402932 0.0269124 0.0367684 0.0982916
0 0.650512 0.414363 0.0207236 0.0181753 0.094758
0 0.420587 0.410333 0.0258895 0.02927 0.0944092
0 0.290998 0.385791 0.0319082 0.0392757 0.0929053
0 0.642905 0.410463 0.0172688 0.0174931 0.0901058
0 0.315932 0.392072 0.0654164 0.0673032 0.0880209
0 0.277151 0.404491 0.0649247 0.0512043 0.0849695
0 0.429405 0.40522 0.0357415 0.0399049 0.0829509
0 0.472326 0.397967 0.013531 0.0164847 0.080313
0 0.629349 0.404237 0.0291449 0.0256391 0.0792511
0 0.533562 0.41339 0.0294446 0.0270854 0.0791586
0 0.261905 0.400872 0.0973276 0.0639242 0.0790008
0 0.537245 0.401774 0.0154601 0.020172 0.0780896
0 0.524373 0.365784 0.0129175 0.015665 0.0776818
0 0.638012 0.404578 0.0151457 0.0181196 0.0773648
0 0.369111 0.408892 0.0294066 0.0316068 0.0756767
0 0.533333 0.385106 0.0141578 0.0204536 0.0753883
0 0.414263 0.397489 0.0221107 0.0302912 0.0750459
0 0.245138 0.41065 0.0598652 0.0429784 0.0738342
0 0.33315 0.415131 0.0175754 0.0186522 0.0734867
0 0.529687 0.364564 0.0128928 0.0183205 0.0734625
0 0.646346 0.386138 0.0172599 0.0202511 0.0716182
0 0.0254302 0.364304 0.039705 0.0361849 0.0709659
0 0.533985 0.394331 0.0156561 0.0247507 0.0708725
0 0.26516 0.386524 0.122619 0.104341 0.0703889
0 0.420878 0.377906 0.0205631 0.0299598 0.0701974
0 0.400918 0.405045 0.0600611 0.0517006 0.0695479
0 0.716738 0.416749 0.0193431 0.0199217 0.0677539
0 0.724855 0.414871 0.0327141 0.0280713 0.0662955
0 0.35494 0.41646 0.0161758 0.0189773 0.0656368
0 0.510932 0.374357 0.0112857 0.0164591 0.0652227
0 0.268884 0.423472 0.0164 0.0166536 0.062244
0 0.93249 0.333303 0.0468367 0.0399741 0.0599036
0 0.667047 0.410982 0.0520676 0.0356428 0.0589757
0 0.647924 0.377882 0.0310514 0.0464299 0.0580165
0 0.63115 0.405605 0.0202908 0.0213955 0.0562312
0 0.964446 0.329223 0.0712339 0.0528004 0.0560294
0 0.96943 0.430644 0.0614033 0.062245 0.0556463
0 0.576067 0.395065 0.042909 0.0592668 0.0549551
0 0.652787 0.418668 0.017932 0.0169042 0.0549228
0 0.73783 0.421518 0.0177604 0.0210691 0.0547775
0 0.277819 0.420928 0.02877 0.0198224 0.0538625
0 0.732361 0.439716 0.0274296 0.0290681 0.0538186
0 0.932379 0.399139 0.133671 0.12115 0.0521452
0 0.241846 0.398869 0.0791428 0.0733898 0.0515626
0 0.34555 0.391366 0.0667473 0.0717799 0.0509517
0 0.499869 0.364036 0.0115213 0.0148184 0.0506724
0 0.353876 0.399642 0.037257 0.0467263 0.0502461
0 0.0348592 0.353897 0.0448845 0.0305247 0.0494989
0 0.466167 0.39024 0.0182185 0.022582 0.0492147
0 0.7064 0.411197 0.0305875 0.0264577 0.0490739
0 0.0259085 0.3551 0.0373122 0.0246033 0.0490429
0 0.0299275 0.395858 0.0603883 0.0932088 0.0474797
0 0.362879 0.426013 0.0201293 0.0232252 0.0459073
0 0.736843 0.416466 0.024216 0.0231405 0.0458461
0 0.284745 0.377597 0.0190365 0.0219955 0.0457648
0 0.954461 0.321359 0.0828646 0.0618621 0.0455958
0 0.0130684 0.355892 0.0243001 0.0238408 0.0452126
0 0.98993 0.439197 0.0216055 0.0487002 0.045161
0 0.935105 0.329036 0.0681728 0.0443215 0.0436525
0 0.288853 0.380694 0.019918 0.0245125 0.043563
0 0.633868 0.401855 0.0373864 0.0385425 0.0433001
0 0.621376 0.399531 0.0346054 0.0334694 0.0429308
0 0.453011 0.383512 0.0147567 0.0214056 0.0429216
0 0.748037 0.417161 0.0436687 0.0330936 0.0429209
0 0.925197 0.326618 0.0646105 0.0602868 0.0426
0 0.291965 0.41832 0.0297543 0.0225641 0.0423249
0 0.63777 0.394131 0.0495883 0.0519931 0.0423021
0 0.655253 0.414299 0.0195853 0.0198334 0.0418423
0 0.943175 0.442743 0.103657 0.0487217 0.0412661
0 0.517536 0.397632 0.0148072 0.0188492 0.040658
0 0.278869 0.418149 0.0223382 0.0193058 0.0402306
0 0.52152 0.302809 0.0546057 0.0596882 0.0401752
0 0.501439 0.397088 0.0109117 0.0159853 0.0401551
0 0.659344 0.406256 0.0459256 0.0481179 0.0398661
0 0.22741 0.420993 0.0613531 0.0274396 0.0395228
0 0.623025 0.406094 0.0189208 0.021515 0.0394836
0 0.649966 0.387791 0.050348 0.064403 0.0394603
0 0.559859 0.381928 0.0570866 0.0743128 0.0389186
0 0.747046 0.410265 0.0587922 0.0498197 0.0388922
0 0.302895 0.417524 0.0215752 0.0205958 0.0387266
0 0.37261 0.395561 0.0341679 0.0511442 0.0377855
0 0.666886 0.417661 0.0193269 0.0181608 0.0376887
0 0.730679 0.405253 0.0602874 0.0552112 0.0376752
0 0.171537 0.41395 0.0609797 0.047954 0.037619
0 0.301111 0.412944 0.0219795 0.0209593 0.0375578
0 0.92509 0.441898 0.0647606 0.0336421 0.0371851
0 0.267931 0.428529 0.0202166 0.0164882 0.0370661
0 0.596612 0.35517 0.0241936 0.0253893 0.037034
0 0.6988 0.406252 0.047234 0.0406996 0.0362193
0 0.70184 0.417128 0.0213285 0.0220716 0.0361239
0 0.740919 0.412974 0.0367514 0.0317592 0.0359698
0 0.709195 0.405177 0.0981974 0.0566799 0.0359049
0 0.253598 0.423163 0.0292521 0.0176847 0.0358846
0 0.370617 0.402118 0.0218533 0.029174 0.0351921
0 0.222105 0.38069 0.0333131 0.0371239 0.0347337
0 0.553242 0.374135 0.0162956 0.0227811 0.0346281
0 0.470547 0.334423 0.0208013 0.0214678 0.0345399
0 0.64146 0.398734 0.0169078 0.0195823 0.0342799
0 0.676577 0.566691 0.0622735 0.0748251 0.0342088
0 0.959394 0.303023 0.0806425 0.106269 0.034061
0 0.601498 0.35714 0.0260123 0.0277006 0.0340085
0 0.342292 0.40413 0.0183301 0.0242986 0.0339581
0 0.408506 0.359833 0.0252033 0.030447 0.033698
0 0.553649 0.338998 0.0140872 0.0224192 0.0336476
0 0.504665 0.359001 0.015935 0.0212936 0.0331683
0 0.6828 0.574626 0.0441214 0.0496866 0.0331288
0 0.287299 0.376128 0.0304534 0.0358576 0.0328944
0 0.214402 0.399894 0.0944673 0.0678224 0.0328778
0 0.666937 0.398441 0.0597858 0.0581494 0.032825
0 0.579704 0.359385 0.0255964 0.0291234 0.0327144
0 0.515268 0.304418 0.0373746 0.0395898 0.0326702
0 0.0563409 0.394218 0.110542 0.101627 0.0325273
0 0.553372 0.356215 0.0139299 0.0193338 0.0324503
0 0.952943 0.434838 0.0786301 0.0481939 0.0323861
0 0.147717 0.352184 0.275249 0.198683 0.0322005
0 0.27652 0.421254 0.0194545 0.0169251 0.0321939
0 0.608707 0.385343 0.0547908 0.0647266 0.0317617
0 0.606595 0.221066 0.0307843 0.0634861 0.0316603
0 0.0229964 0.507501 0.0467477 0.0837904 0.0315037
0 0.805698 0.388684 0.142488 0.0993647 0.0313812
0 0.453511 0.399863 0.0113568 0.0140433 0.0311564
0 0.561231 0.398461 0.0183314 0.0297883 0.0311313
0 0.229693 0.425277 0.0286437 0.0189031 0.0311091
0 0.833778 0.427688 0.0454321 0.0302545 0.0311005
0 0.221553 0.425862 0.023948 0.0182289 0.0309521
0 0.612153 0.237105 0.0333076 0.0501501 0.0302702
0 0.341475 0.428054 0.0216121 0.0278896 0.0302457
0 0.681174 0.582467 0.0312118 0.0343128 0.0302144
0 0.633909 0.374873 0.0186563 0.0241872 0.0302072
0 0.0321448 0.346976 0.0512717 0.0417551 0.0300571
0 0.966099 0.445258 0.0661686 0.0562308 0.0300033
0 0.530676 0.292055 0.0452294 0.0498502 0.0291207
0 0.573378 0.347521 0.0182446 0.0232505 0.028872
0 0.864586 0.387037 0.118741 0.109923 0.0288338
0 0.398918 0.352505 0.0206881 0.0240429 0.0287656
0 0.21689 0.378832 0.0442906 0.0481714 0.0287171
0 0.021802 0.377889 0.0438036 0.0536914 0.0285926
0 0.652419 0.396159 0.0204143 0.020443 0.0284449
0 0.54023 0.286775 0.0317663 0.0387068 0.0284397
0 0.0949758 0.38897 0.188756 0.110565 0.0283867
0 0.00531345 0.354204 0.0115366 0.0252634 0.0283815
0 0.957471 0.410559 0.08505 0.103439 0.0280461
0 0.680865 0.589364 0.0238383 0.0231588 0.0280403
0 0.928017 0.342876 0.1126 0.0824805 0.0280322
0 0.242602 0.422448 0.0324889 0.0207505 0.0278794
0 0.764634 0.390362 0.0981253 0.093552 0.0278697
0 0.03361 0.350551 0.0277884 0.0288245 0.0278452
0 0.53158 0.409696 0.0155765 0.0203663 0.0277866
0 0.502877 0.313074 0.0215675 0.0267881 0.0277105
0 0.619624 0.412299 0.0209882 0.0241304 0.0276554
0 0.775263 0.402889 0.0972497 0.0655511 0.0273342
0 0.744161 0.380249 0.0656634 0.093402 0.026921
0 0.690711 0.38267 0.0740714 0.0850408 0.0268481
0 0.560441 0.409395 0.0471393 0.0666535 0.0267037
0 0.685394 0.411567 0.0224766 0.023022 0.0264672
0 0.559069 0.40289 0.0144514 0.0230347 0.0264536
0 0.725704 0.393078 0.0661924 0.0731728 0.0263074
0 0.661823 0.555522 0.0959372 0.0953343 0.0262678
0 0.0172557 0.389877 0.031187 0.0724488 0.0259161
0 0.947272 0.379254 0.10103 0.151949 0.0257159
0 0.0218781 0.349448 0.0437374 0.0395498 0.0254561
0 0.216235 0.427391 0.0198805 0.0172245 0.0254395
0 0.557139 0.324751 0.0254802 0.0387052 0.0254303
0 0.216199 0.367164 0.0449023 0.0871232 0.0251252
0 0.813534 0.368323 0.126835 0.0969678 0.0250545
0 0.679957 0.309783 0.0198094 0.0234383 0.0249849
0 0.770958 0.41507 0.0775414 0.045319 0.0249459
0 0.93213 0.506943 0.131112 0.177458 0.0249049
0 0.65091 0.359929 0.042626 0.062724 0.0248037
0 0.685068 0.420141 0.0213246 0.0220798 0.024763
0 0.796045 0.343222 0.0315474 0.031083 0.0246981
0 0.991373 0.446764 0.0170153 0.0504139 0.0246361
0 0.551293 0.450444 0.0429088 0.0727449 0.0246301
0 0.674439 0.380701 0.062078 0.071632 0.0245281
0 0.405631 0.352227 0.0164944 0.0184415 0.0244832
0 0.158321 0.419859 0.062986 0.0383433 0.0241643
0 0.576467 0.405536 0.0218453 0.028653 0.0241385
0 0.90551 0.347725 0.105484 0.0725694 0.023986
0 0.709998 0.389026 0.0769731 0.0810562 0.0234005
0 0.754211 0.341796 0.0343469 0.033734 0.0231473
0 0.908921 0.376227 0.186236 0.161833 0.0228158
0 0.560852 0.411747 0.018319 0.024548 0.0226555
0 0.675144 0.4371 0.0836932 0.0827749 0.0224876
0 0.760768 0.429845 0.0192691 0.0218773 0.0224296
0 0.605527 0.404453 0.0153714 0.0236588 0.0221262
0 0.917859 0.435464 0.0551252 0.0337519 0.0221078
0 0.763982 0.364092 0.0939077 0.0899101 0.0218856
0 0.465752 0.336533 0.021571 0.021926 0.0218574
0 0.302294 0.379506 0.0442358 0.0683895 0.0217607
0 0.545911 0.297623 0.0246782 0.0316694 0.0216984
0 0.413561 0.352367 0.0172915 0.0189072 0.0215876
0 0.798153 0.415902 0.0913037 0.0506085 0.0214769
0 0.832435 0.375159 0.21006 0.145031 0.0214188
0 0.0806569 0.752796 0.12546 0.179276 0.0213627
0 0.502574 0.21858 0.0203167 0.0317226 0.0211574
0 0.845511 0.397745 0.082378 0.0891816 0.0210854
0 0.274381 0.374113 0.0339267 0.0395437 0.0209597
0 0.578744 0.395871 0.0314552 0.0437 0.0209223
0 0.562524 0.331953 0.0164187 0.0224491 0.0208934
0 0.158426 0.41239 0.0826879 0.0556293 0.0207883
0 0.0743722 0.367111 0.147334 0.116283 0.0206079
0 0.22904 0.372403 0.0717803 0.110043 0.020471
0 0.0713015 0.649441 0.147625 0.316388 0.0204548
0 0.401969 0.349699 0.0167487 0.0200366 0.0203925
0 0.681464 0.609921 0.0408608 0.0511914 0.0203574
0 0.581822 0.332127 0.0184833 0.0226919 0.0200927
0 0.38672 0.347005 0.0196474 0.0221643 0.0199501
0 0.930746 0.315543 0.105033 0.0925197 0.0199305
0 0.689945 0.347088 0.0504768 0.0521859 0.0199072
0 0.877327 0.41855 0.0948673 0.060578 0.019842
0 0.537955 0.27429 0.0297836 0.0333949 0.0198043
0 0.633592 0.43107 0.0710616 0.0867482 0.0196419
0 0.596484 0.347733 0.0227954 0.0238682 0.0195809
0 0.169466 0.401409 0.112149 0.0759304 0.0195752
0 0.199716 0.384158 0.093809 0.0921055 0.0194699
0 0.756269 0.334415 0.0421871 0.055152 0.0194574
0 0.213994 0.437408 0.0207723 0.018551 0.019342
0 0.686418 0.586883 0.041732 0.0344878 0.0192715
0 0.643527 0.334486 0.0207111 0.0281332 0.0191585
0 0.916949 0.411196 0.102332 0.0851764 0.0190327
0 0.295435 0.372445 0.0338344 0.0421682 0.0189895
0 0.0619278 0.368102 0.11482 0.0881693 0.0188796
0 0.76985 0.339815 0.0730845 0.056443 0.0187702
0 0.93251 0.365864 0.0997305 0.0837155 0.0187546
0 0.843933 0.418691 0.0607773 0.0485669 0.0187351
0 0.589417 0.350027 0.0219231 0.0237809 0.0187294
0 0.989432 0.474097 0.0228239 0.0706683 0.0187205
0 0.16911 0.369337 0.0776437 0.0907744 0.0187129
0 0.382243 0.332645 0.0178085 0.0215691 0.0186351
0 0.640277 0.358602 0.0576008 0.0707275 0.0186239
0 0.893025 0.386772 0.119217 0.11881 0.0185722
0 0.0103662 0.336036 0.020938 0.0395957 0.0185296
0 0.924472 0.646272 0.151517 0.304462 0.0185053
0 0.504092 0.265878 0.0284761 0.0302395 0.0185021
0 0.74091 0.355296 0.0565255 0.0646976 0.0184848
