0 0.0827814 0.631122 0.165295 0.206912 0.889391
0 0.84521 0.671121 0.309579 0.313451 0.886842
0 0.444352 0.561017 0.0236258 0.0354075 0.824596
0 0.201695 0.602023 0.115832 0.126095 0.686753
0 0.373594 0.572639 0.0289153 0.0470474 0.654426
0 0.33814 0.569723 0.0523033 0.0691567 0.639268
0 0.629498 0.586764 0.110353 0.135556 0.627077
0 0.389148 0.569719 0.0222448 0.0394663 0.614387
0 0.545439 0.573864 0.0221828 0.0526113 0.593502
0 0.504397 0.551172 0.0180342 0.0236299 0.584296
0 0.271262 0.582113 0.086565 0.112052 0.534772
0 0.562787 0.580736 0.0313599 0.0702318 0.513262
0 0.571904 0.582663 0.0336444 0.0791946 0.382467
0 0.578853 0.582503 0.0352719 0.0901242 0.338278
0 0.505267 0.554312 0.0129537 0.0174908 0.307567
0 0.498343 0.54855 0.0127783 0.0212401 0.302309
0 0.454427 0.538014 0.0137277 0.0225849 0.289515
0 0.394245 0.567345 0.023116 0.0388331 0.28273
0 0.362758 0.573462 0.0359936 0.0560508 0.259582
0 0.495814 0.546192 0.0097188 0.0186201 0.256783
