0 0.368561 0.438314 0.0844913 0.0981754 0.913704
0 0.495076 0.376792 0.059761 0.0539503 0.881994
0 0.3452 0.344205 0.0469744 0.0416428 0.861189
0 0.27456 0.323429 0.0342212 0.0382825 0.738767
0 0.700424 0.378699 0.0501528 0.028722 0.619123
0 0.587877 0.363269 0.0467089 0.0305267 0.605138
0 0.642003 0.366761 0.0607351 0.0343611 0.602905
0 0.785046 0.378201 0.0405118 0.039296 0.548692
0 0.767287 0.388606 0.033588 0.0295202 0.544569
0 0.219798 0.30611 0.020402 0.031131 0.444638
0 0.546311 0.354249 0.0257483 0.023367 0.442855
0 0.203976 0.29962 0.0396907 0.0345256 0.431206
0 0.790317 0.385978 0.0369646 0.0349355 0.415644
0 0.576391 0.360248 0.0306763 0.0254628 0.415311
0 0.435831 0.345678 0.0237891 0.0216475 0.366032
0 0.118216 0.287976 0.0242789 0.0267663 0.348122
0 0.426406 0.341699 0.0423555 0.0303741 0.346817
0 0.669543 0.368486 0.0271926 0.0287237 0.326299
0 0.140723 0.287493 0.0221029 0.0309942 0.308363
0 0.316949 0.313026 0.0161163 0.0172549 0.303559
0 0.192453 0.297665 0.0317828 0.0315764 0.296994
0 0.130813 0.288121 0.0355093 0.033569 0.29471
0 0.461964 0.343674 0.0257768 0.0205166 0.285107
0 0.471867 0.343411 0.0229068 0.0211326 0.264145
0 0.49186 0.34462 0.0274319 0.0190023 0.250026
