0 0.177594 0.527948 0.0588851 0.0627129 0.588585
0 0.421545 0.501337 0.0110785 0.0156437 0.50466
0 0.432018 0.499948 0.0117183 0.0172408 0.496531
0 0.211748 0.526536 0.0256351 0.0377141 0.446601
0 0.395289 0.496663 0.00946419 0.0127577 0.364714
0 0.478616 0.496012 0.0126016 0.0156937 0.319139
0 0.340578 0.508002 0.0262204 0.0271126 0.26888
0 0.395543 0.499745 0.00916359 0.013221 0.248616
0 0.372986 0.502152 0.0114817 0.015249 0.243372
0 0.427815 0.500002 0.0135782 0.0170381 0.222278
0 0.5625 0.470562 0 0.0198485 0.199951
0 0.419925 0.499504 0.010748 0.014567 0.197766
0 0.385597 0.496287 0.0167039 0.0208303 0.196206
0 0.393359 0.496062 0.0121631 0.0159526 0.195377
0 0.391144 0.49908 0.0104605 0.0135945 0.195268
0 0.387597 0.497967 0.0120441 0.0149134 0.193751
0 0.434548 0.498285 0.0123775 0.0152859 0.192612
0 0.5625 0.464517 0 0.0421611 0.181197
0 0.429997 0.500225 0.0116282 0.0142252 0.1728
0 0.407899 0.498605 0.0121018 0.0163706 0.171156
0 0.266626 0.516721 0.0208928 0.0228505 0.170091
0 0.389821 0.495944 0.0114477 0.0152055 0.16962
0 0.5625 0.464686 0 0.0668243 0.167368
0 0.332114 0.512424 0.013645 0.0205075 0.167277
0 0.416311 0.497958 0.0115942 0.0145508 0.155623
0 0.5625 0.437968 0 0.109713 0.155187
0 0.381864 0.501873 0.0123557 0.0159632 0.151671
0 0.437924 0.497033 0.0123667 0.0144986 0.148941
0 0.208546 0.519391 0.0340865 0.051317 0.14043
0 0.208636 0.527146 0.0185898 0.0292244 0.138019
0 0.5625 0.33467 0 0.327597 0.13745
0 0.371418 0.50311 0.0162161 0.0180699 0.134052
0 0.0182488 0.58297 0.0364976 0.208897 0.133424
0 0.5625 0.466781 0 0.0413888 0.129591
0 0.360942 0.504565 0.0164303 0.0176426 0.128239
0 0.333973 0.509562 0.0216769 0.0269349 0.127322
0 0.376845 0.498846 0.0126704 0.016738 0.126431
0 0.454417 0.498445 0.0130628 0.0147568 0.121376
0 0.469774 0.498677 0.0112356 0.0161933 0.120552
0 0.5625 0.472038 0 0.0173514 0.119099
0 0.5625 0.464737 0 0.0277987 0.118824
0 0.5625 0.458018 0 0.0516424 0.118115
0 0.343875 0.507099 0.0203496 0.0192608 0.11579
0 0.443979 0.494532 0.0150155 0.0170321 0.112326
0 0.0530225 0.548773 0.103419 0.254613 0.110061
0 0.26419 0.515113 0.0153469 0.0179141 0.108159
0 0.5625 0.468482 0 0.0222673 0.106459
0 0.339091 0.508206 0.0170824 0.0198789 0.104539
0 0.5625 0.470707 0 0.0691833 0.102521
0 0.152383 0.524528 0.0205725 0.0373301 0.101213
0 0.380952 0.4989 0.0154274 0.0172286 0.100448
0 0.0535085 0.416769 0.107228 0.554813 0.0983635
0 0.356329 0.504754 0.0148239 0.0171964 0.0961259
0 0.674051 0.46127 0.0300031 0.0423258 0.0913677
0 0.608533 0.470177 0.0386657 0.036657 0.0897739
0 0.350045 0.508089 0.0167226 0.0206639 0.0874222
0 0.931843 0.450401 0.0355722 0.0650893 0.0869253
0 0.213807 0.527285 0.0180591 0.0249954 0.0865252
0 0.187025 0.515994 0.0865217 0.0916874 0.0828303
0 0.564953 0.476467 0.0149961 0.0219624 0.0816956
0 0.267782 0.52045 0.0170431 0.0191337 0.0799968
0 0.321454 0.505433 0.0372834 0.0362518 0.0793315
0 0.666252 0.470308 0.0184134 0.0313341 0.0784099
0 0.478705 0.500006 0.0115582 0.0137473 0.0743573
0 0.347768 0.515402 0.0155585 0.0225359 0.073836
0 0.266716 0.522072 0.0265787 0.0303143 0.0728387
0 0.347662 0.500926 0.0262745 0.0263986 0.072701
0 0.0218486 0.644069 0.0449695 0.379714 0.0724922
0 0.276519 0.513851 0.0411505 0.0353457 0.0721299
0 0.221104 0.523913 0.0491496 0.04979 0.0721199
0 0.628768 0.473238 0.0700249 0.0475344 0.0709563
0 0.0394504 0.54947 0.0259629 0.0642003 0.0701399
0 0.939168 0.438291 0.0482754 0.104557 0.0696354
0 0.990061 0.450594 0.0191183 0.102225 0.0684354
0 0.239755 0.518248 0.0540068 0.043284 0.068359
0 0.202125 0.534162 0.0164451 0.0247371 0.0679228
0 0.602261 0.453432 0.0247291 0.027407 0.0667657
0 0.685763 0.454638 0.0517012 0.0550802 0.0662397
0 0.209514 0.521352 0.0216342 0.0258531 0.066237
0 0.554676 0.47303 0.0360099 0.0349329 0.0653839
0 0.974751 0.283705 0.0494173 0.190112 0.0646562
0 0.488044 0.492359 0.0276209 0.0274013 0.0639284
0 0.544522 0.479955 0.0403222 0.0403274 0.0637945
0 0.0303703 0.580389 0.0487077 0.160674 0.0628429
0 0.0424062 0.542441 0.0260212 0.0461348 0.0624536
0 0.128566 0.524817 0.0528272 0.0619852 0.0624092
0 0.977245 0.441642 0.041535 0.125251 0.0616065
0 0.993219 0.491103 0.0131092 0.0582586 0.0612283
0 0.460916 0.495328 0.0126656 0.0144106 0.0610767
0 0.0161097 0.540618 0.0321185 0.159913 0.0603294
0 0.486644 0.484399 0.0421267 0.0449513 0.0599985
0 0.989724 0.512555 0.0215956 0.11515 0.0580391
0 0.0422857 0.499943 0.0767172 0.379885 0.0575181
0 0.0662729 0.53697 0.0801091 0.0806831 0.0575056
0 0.288712 0.489275 0.0749784 0.0780592 0.0574728
0 0.926138 0.457315 0.0260193 0.0617189 0.0574685
0 0.698613 0.456969 0.0810118 0.0619103 0.0570514
0 0.541329 0.470659 0.034988 0.033621 0.056824
0 0.989268 0.416755 0.021439 0.180006 0.0557017
0 0.0371403 0.575794 0.0371486 0.129184 0.0553669
0 0.971684 0.299939 0.0565861 0.317243 0.0552835
0 0.327456 0.494016 0.0511223 0.0606497 0.0547058
0 0.484427 0.495585 0.0133333 0.0157605 0.0545611
0 0.313754 0.499477 0.0498101 0.0516399 0.0539548
0 0.272321 0.506958 0.0355882 0.0394245 0.053147
0 0.919263 0.760641 0.165851 0.121309 0.0523426
0 0.349593 0.499378 0.0162859 0.0204564 0.0522078
0 0.77054 0.448378 0.0683104 0.065512 0.0518872
0 0.984252 0.291593 0.0317589 0.169515 0.0512305
0 0.667419 0.485824 0.0179414 0.0339932 0.0494704
0 0.218273 0.526766 0.0188323 0.0241089 0.0493962
0 0.658928 0.463382 0.015869 0.0207375 0.0490291
0 0.56473 0.481373 0.0138214 0.0205235 0.0483923
0 0.0505683 0.540275 0.0425796 0.0634912 0.0482624
0 0.600705 0.471914 0.0601871 0.049762 0.0481162
0 0.241271 0.510489 0.0681965 0.0622391 0.0476985
0 0.968882 0.488973 0.058082 0.10363 0.0464577
0 0.66446 0.476464 0.0153519 0.0209107 0.0458793
0 0.0629135 0.565196 0.0900906 0.14395 0.0454627
0 0.990887 0.35601 0.0176394 0.108373 0.0453735
0 0.0265278 0.528689 0.046306 0.135981 0.0451248
0 0.985868 0.534918 0.0283842 0.174405 0.0441913
0 0.320731 0.511787 0.0197307 0.023198 0.0438913
0 0.183604 0.530726 0.02159 0.0282578 0.043284
0 0.734107 0.554513 0.143882 0.223759 0.0431545
0 0.769778 0.497349 0.074468 0.114101 0.0428736
0 0.325638 0.510767 0.0262094 0.0287136 0.0425502
0 0.661792 0.715812 0.0474487 0.110937 0.0423075
0 0.254207 0.522236 0.0215683 0.0254125 0.0418951
0 0.969497 0.724823 0.0603668 0.0587092 0.0417497
0 0.990853 0.330113 0.0178602 0.0794091 0.0416584
0 0.566081 0.469447 0.0155252 0.0235621 0.0416038
0 0.730762 0.450698 0.129637 0.107135 0.0414797
0 0.841318 0.444068 0.184657 0.0991407 0.0414722
0 0.343474 0.498974 0.0182094 0.0213603 0.0413976
0 0.963313 0.426219 0.0719185 0.165228 0.0413227
0 0.263454 0.527186 0.0186882 0.0228533 0.0410103
0 0.8924 0.466967 0.0937534 0.0556142 0.0408549
0 0.715549 0.471018 0.107337 0.136318 0.0401946
0 0.762831 0.459568 0.0578946 0.0539951 0.0400888
0 0.303215 0.492075 0.0672887 0.0690993 0.0399718
0 0.269968 0.531309 0.02101 0.023813 0.039577
0 0.498033 0.484599 0.0499044 0.0440776 0.039314
0 0.75636 0.504735 0.0530466 0.107204 0.0392029
0 0.457428 0.495782 0.0120239 0.0138528 0.0389897
0 0.548642 0.465366 0.0498703 0.0501695 0.0388411
0 0.191793 0.516096 0.0566172 0.0652794 0.0384776
0 0.691345 0.717221 0.110339 0.115437 0.0384256
0 0.614034 0.466254 0.0275599 0.0243685 0.0383828
0 0.448207 0.755066 0.130361 0.102166 0.0378041
0 0.752497 0.487297 0.0831769 0.0969107 0.0377341
0 0.0562703 0.616966 0.103044 0.20301 0.0372172
0 0.0655154 0.509834 0.0742416 0.238751 0.036916
0 0.519109 0.480059 0.050712 0.0508024 0.0368348
0 0.706626 0.44449 0.0977042 0.0800925 0.0358736
0 0.611064 0.472379 0.0270714 0.0263457 0.0358142
0 0.907801 0.789866 0.177624 0.172223 0.0355616
0 0.716006 0.521862 0.0946319 0.168572 0.0354778
0 0.0635832 0.640416 0.119881 0.415179 0.0352908
0 0.754584 0.449175 0.0425221 0.0507153 0.0344616
0 0.871507 0.456116 0.148506 0.1149 0.0343263
0 0.0419853 0.532224 0.0397417 0.0738301 0.0339493
0 0.640399 0.470176 0.0341564 0.0256507 0.0337543
0 0.489066 0.494331 0.0153226 0.0153748 0.03366
0 0.941644 0.741903 0.124765 0.0701294 0.0333302
0 0.643727 0.378864 0.0232377 0.0302547 0.0331121
0 0.968968 0.518134 0.0674271 0.274372 0.0327925
0 0.959638 0.766847 0.0831081 0.14736 0.0324079
0 0.765926 0.4632 0.154548 0.167738 0.0323428
0 0.124983 0.52551 0.0391407 0.0472354 0.0323006
0 0.273724 0.508243 0.0272663 0.0306202 0.0322362
0 0.0336063 0.515028 0.0644464 0.153741 0.0315182
0 0.967162 0.176506 0.0295378 0.0606038 0.0314093
0 0.927699 0.436448 0.0468363 0.10208 0.0313545
0 0.617354 0.469617 0.0215872 0.0231761 0.0313241
0 0.755694 0.480361 0.0482516 0.0616781 0.0312479
0 0.315292 0.516104 0.0187415 0.0205481 0.0310259
0 0.0561354 0.495032 0.0949677 0.157945 0.0309453
0 0.706018 0.681865 0.134019 0.183254 0.0307011
0 0.720817 0.3939 0.0937269 0.0902608 0.0303046
0 0.985289 0.394349 0.0309582 0.195941 0.0302514
0 0.73861 0.709531 0.208044 0.159312 0.0300326
0 0.734489 0.664986 0.192269 0.224291 0.0299573
0 0.910158 0.462997 0.0542633 0.055995 0.0297204
0 0.492998 0.495436 0.0196982 0.0195456 0.0296377
0 0.975141 0.692367 0.0469082 0.0668545 0.0295887
0 0.971163 0.236718 0.0500736 0.186062 0.0294622
0 0.332639 0.492303 0.0202342 0.0304828 0.0293521
0 0.083049 0.44883 0.0273646 0.0456389 0.0292299
0 0.303867 0.517021 0.0212505 0.0243228 0.0291443
0 0.843263 0.408751 0.214644 0.158661 0.0289146
0 0.952445 0.73274 0.0968773 0.0537411 0.0284797
0 0.746128 0.384315 0.0310379 0.0493658 0.0284388
0 0.969628 0.646341 0.0631731 0.151811 0.0283326
0 0.692564 0.383973 0.0251142 0.0366976 0.0283194
0 0.218071 0.513069 0.0287005 0.0412576 0.0282649
0 0.989815 0.654774 0.0201914 0.142172 0.0281019
0 0.789626 0.447999 0.069106 0.0686842 0.0279644
0 0.0234791 0.945699 0.0456329 0.114832 0.0279264
0 0.285481 0.515186 0.0380027 0.0338554 0.0279249
0 0.810586 0.446021 0.124956 0.0846153 0.0278782
0 0.560244 0.470713 0.0194727 0.0275302 0.0278286
0 0.717366 0.806343 0.0895954 0.10627 0.0278097
0 0.538571 0.484002 0.0252699 0.0270149 0.0277633
0 0.181835 0.964101 0.0438495 0.0587311 0.0275942
0 0.97579 0.550617 0.0478445 0.167683 0.0274879
0 0.738029 0.461504 0.0393976 0.0466706 0.0271294
0 0.89679 0.422126 0.12533 0.130755 0.0270828
0 0.731648 0.412317 0.114482 0.13658 0.0270401
0 0.747343 0.52096 0.0439943 0.107064 0.0268251
0 0.630293 0.461393 0.0819673 0.0648065 0.0267715
0 0.436356 0.459898 0.0176656 0.0256601 0.0267367
0 0.658307 0.476494 0.0173691 0.0215712 0.0265764
0 0.622095 0.45291 0.0217397 0.0260162 0.0265128
0 0.48259 0.52413 0.0157598 0.0248274 0.0264414
0 0.42907 0.46875 0.0130651 0.0173536 0.0263967
0 0.706868 0.468386 0.108516 0.0904639 0.0263556
0 0.978448 0.250119 0.0424219 0.123068 0.0263275
0 0.713934 0.427167 0.111691 0.0917844 0.0263116
0 0.60586 0.470645 0.02421 0.0234541 0.0262513
0 0.631675 0.472146 0.0273854 0.0240356 0.0259911
0 0.500726 0.472652 0.0196464 0.0264512 0.0259751
0 0.353255 0.483579 0.0192666 0.0243837 0.0259515
0 0.501002 0.744897 0.0285404 0.0476749 0.025945
0 0.0609211 0.463922 0.0782408 0.0901384 0.0259449
0 0.600787 0.44571 0.0178548 0.0222948 0.0259437
0 0.904304 0.445415 0.0803625 0.0950438 0.0259067
0 0.181984 0.517166 0.0302723 0.0467918 0.025861
0 0.801986 0.695237 0.330488 0.208167 0.0257602
0 0.696183 0.48267 0.0723198 0.0973192 0.0257406
0 0.537674 0.464198 0.0328956 0.0399596 0.0257023
0 0.727566 0.449039 0.0729613 0.068716 0.025673
0 0.508123 0.743825 0.0437356 0.0798409 0.0254703
0 0.967239 0.593125 0.0690502 0.245349 0.0252948
0 0.975892 0.673156 0.0518562 0.135507 0.0252305
0 0.983575 0.579567 0.0338642 0.209996 0.0252049
0 0.155799 0.515936 0.0468999 0.0641634 0.0249737
0 0.745645 0.388999 0.0395985 0.0669515 0.0249608
0 0.582319 0.464018 0.0564065 0.0480499 0.0249418
0 0.0164444 0.629823 0.0339845 0.129598 0.024933
0 0.0578992 0.677866 0.102321 0.276309 0.0249031
0 0.988392 0.567654 0.0222486 0.148259 0.0247666
0 0.749989 0.432198 0.044458 0.0627241 0.0246779
0 0.97214 0.708591 0.0556511 0.0698915 0.0246417
0 0.809404 0.628481 0.333349 0.269617 0.0245798
0 0.779836 0.548132 0.137034 0.162989 0.0245745
0 0.123138 0.551053 0.0378124 0.0641946 0.0245638
0 0.956801 0.526493 0.0872568 0.177729 0.0243906
0 0.763315 0.554513 0.0579644 0.0915337 0.0242853
0 0.206351 0.542749 0.0230782 0.0341601 0.0241896
0 0.7546 0.39788 0.0529665 0.0920433 0.0239784
0 0.770196 0.601006 0.190171 0.183915 0.0239141
0 0.0979188 0.54625 0.0193167 0.0454109 0.0238517
0 0.751758 0.556643 0.042946 0.0837813 0.0236254
0 0.850297 0.754441 0.183124 0.125124 0.0236198
0 0.66322 0.677132 0.0561051 0.181312 0.0234866
0 0.0171537 0.732606 0.034796 0.348254 0.023406
0 0.569283 0.482407 0.0214119 0.0243727 0.0232187
0 0.649718 0.401424 0.0399359 0.0598199 0.0231782
0 0.729102 0.387351 0.0673138 0.0722623 0.0231397
0 0.971846 0.364246 0.0563562 0.154507 0.0229139
0 0.0746565 0.451267 0.0429277 0.0577153 0.0227826
0 0.958535 0.564535 0.0766891 0.132956 0.0227355
0 0.0523667 0.448145 0.0885238 0.101834 0.022592
0 0.696737 0.399557 0.0413544 0.0565778 0.0222406
0 0.105601 0.543373 0.0209276 0.0470148 0.0220996
0 0.771721 0.549719 0.0808239 0.11028 0.0219946
0 0.134692 0.53192 0.0302796 0.0385609 0.0219724
0 0.993239 0.611378 0.0127232 0.101672 0.0218405
0 0.763923 0.380808 0.065413 0.0957653 0.0218343
0 0.46275 0.750636 0.108944 0.0761731 0.021803
0 0.444126 0.778852 0.114788 0.126487 0.0217714
0 0.186894 0.531752 0.0250461 0.0366309 0.0215942
0 0.739101 0.474403 0.0448088 0.0619426 0.0214941
0 0.438467 0.464948 0.016094 0.0260161 0.0214798
0 0.0802505 0.545187 0.0510821 0.0756555 0.0214033
0 0.418236 0.467637 0.0145908 0.0180762 0.0212744
0 0.830275 0.545084 0.171525 0.168607 0.0212488
0 0.9126 0.555225 0.171585 0.213705 0.0212074
0 0.778893 0.78518 0.0756328 0.0798633 0.0209848
0 0.595795 0.459715 0.0647934 0.0554704 0.0209785
0 0.705442 0.786175 0.119658 0.157936 0.0209768
0 0.991926 0.592503 0.0146652 0.102445 0.0209573
0 0.965998 0.749783 0.0753559 0.0927121 0.0209127
0 0.742335 0.496841 0.0453458 0.0962121 0.0208753
0 0.0147493 0.490457 0.0290225 0.136156 0.0208577
0 0.668886 0.504673 0.0127774 0.0431237 0.0208116
0 0.761288 0.407077 0.0742319 0.133782 0.0208056
0 0.741833 0.610014 0.190714 0.239197 0.0206569
0 0.531374 0.460223 0.0204947 0.0312217 0.0206253
0 0.187659 0.926355 0.0437087 0.0688629 0.0206166
0 0.953483 0.246794 0.0890425 0.214517 0.0205821
0 0.311142 0.463737 0.0383856 0.0568041 0.0203974
0 0.425501 0.506766 0.0110701 0.0182058 0.0203869
0 0.923068 0.759909 0.111975 0.065126 0.0202971
0 0.707108 0.508275 0.0748523 0.110378 0.0201739
0 0.872843 0.453392 0.109364 0.0741423 0.0201464
0 0.0766192 0.712166 0.142516 0.417687 0.0201128
0 0.967281 0.815605 0.0704432 0.210099 0.0201108
0 0.183055 0.64626 0.0252735 0.0327413 0.0200682
