0 0.532113 0.498625 0.0607737 0.102318 0.9238
0 0.254703 0.5772 0.212707 0.226501 0.900716
0 0.0685117 0.589708 0.136867 0.259313 0.862061
0 0.475227 0.500836 0.0504156 0.0689306 0.851606
0 0.5625 0.487988 0 0.0437007 0.849505
0 0.436064 0.510243 0.0226289 0.0525637 0.651505
0 0.389367 0.515754 0.0893897 0.136446 0.618262
0 0.5625 0.48252 0 0.0267828 0.508862
0 0.501428 0.484633 0.0169591 0.0432498 0.336227
0 0.425222 0.51393 0.0214273 0.0670302 0.285607
0 0.5625 0.483264 0 0.0205047 0.247789
0 0.38711 0.460542 0.0603664 0.0405151 0.239723
0 0.5625 0.482739 0 0.0262416 0.224171
0 0.456108 0.50302 0.0299315 0.0558403 0.20689
0 0.431471 0.513639 0.0210834 0.0614285 0.178422
0 0.56119 0.482897 0.00261917 0.0247793 0.171132
0 0.558965 0.48226 0.00707049 0.0223122 0.162652
0 0.503118 0.475206 0.0133224 0.0263326 0.157399
0 0.5625 0.48156 0 0.0223421 0.15112
0 0.561032 0.475464 0.00293512 0.0200009 0.147637
0 0.449466 0.5081 0.0245665 0.0554398 0.145944
0 0.501214 0.490967 0.0127566 0.0426515 0.144709
0 0.502008 0.480311 0.0123279 0.0280028 0.132856
0 0.443888 0.50925 0.0157183 0.0438585 0.123299
0 0.416964 0.519364 0.033171 0.0846566 0.119867
0 0.559096 0.473275 0.00680747 0.0208733 0.118674
0 0.4315 0.506455 0.0165247 0.0405321 0.109639
0 0.5625 0.486879 0 0.0199226 0.108298
0 0.562455 0.476106 8.92639e-05 0.0244936 0.108235
0 0.498291 0.486772 0.0171061 0.0326288 0.106169
0 0.385929 0.490408 0.0674195 0.106307 0.102262
0 0.380765 0.471302 0.0731295 0.0669846 0.100244
0 0.438884 0.509392 0.0147908 0.0393441 0.0976308
0 0.153851 0.582747 0.0650799 0.166358 0.0975144
0 0.5625 0.466662 0 0.0468354 0.096208
0 0.367652 0.53668 0.0461016 0.0854828 0.0952678
0 0.506605 0.482989 0.0150533 0.0244368 0.0942868
0 0.5625 0.483423 0 0.0282743 0.0913654
0 0.5625 0.453373 0 0.0571665 0.0908221
0 0.509929 0.463639 0.0164682 0.0193662 0.0757977
0 0.0648569 0.516169 0.121048 0.108035 0.0747599
0 0.440799 0.498747 0.0165357 0.034264 0.0743895
0 0.148846 0.5109 0.0688841 0.0974039 0.0738393
0 0.445401 0.495479 0.0159564 0.031388 0.0737873
0 0.531125 0.462423 0.0414767 0.043022 0.0735353
0 0.5625 0.457628 0 0.0737215 0.0734501
0 0.5625 0.478171 0 0.0464802 0.0728658
0 0.550289 0.473062 0.0166856 0.030019 0.0725967
0 0.171696 0.491593 0.0326606 0.050169 0.0713639
0 0.5625 0.482745 0 0.0244278 0.0687395
0 0.655529 0.440183 0.0191201 0.029724 0.06835
0 0.171779 0.580545 0.0793281 0.184514 0.0676305
0 0.606203 0.486404 0.0143847 0.0258918 0.067441
0 0.721014 0.454872 0.0517135 0.0732653 0.0648631
0 0.668464 0.470901 0.0519052 0.0486359 0.0647614
0 0.502766 0.493567 0.0121033 0.0271617 0.0636726
0 0.1779 0.493012 0.0513769 0.0630269 0.0632538
0 0.490146 0.495693 0.017413 0.0328617 0.0628169
0 0.390574 0.450916 0.055197 0.0356684 0.0624337
0 0.0616747 0.48256 0.105952 0.0501322 0.0617695
0 0.672426 0.453909 0.0554765 0.0637197 0.0602178
0 0.68892 0.452217 0.0493521 0.0691712 0.060198
0 0.495836 0.474965 0.0147594 0.0198296 0.060178
0 0.147051 0.586583 0.0424134 0.118319 0.059696
0 0.469934 0.492265 0.0181591 0.0305216 0.0593179
0 0.320829 0.491839 0.0499699 0.0519549 0.0583553
0 0.989973 0.592301 0.0202185 0.206326 0.0581239
0 0.590965 0.486006 0.0247162 0.0333817 0.0581021
0 0.163551 0.488756 0.0465295 0.05804 0.0578266
0 0.153845 0.490609 0.0666686 0.0728334 0.0569573
0 0.652387 0.471148 0.0304605 0.0479568 0.0539306
0 0.710994 0.461623 0.0739078 0.0930532 0.0534204
0 0.154787 0.544537 0.0609913 0.104962 0.0520833
0 0.601624 0.483798 0.0137006 0.023789 0.0516033
0 0.0572236 0.285406 0.11606 0.459136 0.0511157
0 0.191078 0.485442 0.0559491 0.0614154 0.0496667
0 0.724624 0.44646 0.0781868 0.0898365 0.0493562
0 0.454815 0.529005 0.0321718 0.0525143 0.0492246
0 0.162516 0.570855 0.0781873 0.11809 0.0473637
0 0.20908 0.4801 0.0886324 0.0751238 0.0468288
0 0.167825 0.533235 0.0654192 0.0980985 0.0467219
0 0.612515 0.483555 0.015554 0.0264287 0.0462678
0 0.0581112 0.497655 0.109795 0.0776757 0.0458457
0 0.145875 0.527755 0.0881679 0.13176 0.044958
0 0.631587 0.475712 0.0328769 0.0438669 0.0447435
0 0.329903 0.519145 0.0467691 0.092123 0.0443324
0 0.52046 0.458055 0.0244025 0.024094 0.0440311
0 0.471091 0.499108 0.0168967 0.0308781 0.0439521
0 0.229471 0.463931 0.0763421 0.0521472 0.0426086
0 0.243514 0.460555 0.0697857 0.0444607 0.0419266
0 0.562905 0.489522 0.0122319 0.0241796 0.0416356
0 0.351735 0.533114 0.0187919 0.0425127 0.041384
0 0.326766 0.542516 0.068074 0.159192 0.0412947
0 0.147068 0.55545 0.0570508 0.144996 0.041101
0 0.0510121 0.51698 0.101947 0.202722 0.0409555
0 0.013735 0.609582 0.0269365 0.190929 0.0406912
0 0.509747 0.474987 0.0207456 0.0341238 0.0398755
0 0.654404 0.450158 0.0167575 0.0285424 0.0397675
0 0.398953 0.526803 0.0637032 0.0945833 0.0389532
0 0.28518 0.501423 0.124512 0.0766094 0.0389059
0 0.209013 0.605159 0.10187 0.152631 0.0384844
0 0.167434 0.479035 0.0931699 0.0962327 0.0384594
0 0.497779 0.501085 0.0166748 0.0443649 0.0372151
0 0.377846 0.529594 0.0644188 0.100717 0.0369598
0 0.983951 0.589634 0.0365501 0.305381 0.0367618
0 0.766717 0.442425 0.0574996 0.0829575 0.0364242
0 0.700324 0.439716 0.0641558 0.0985092 0.0362931
0 0.140334 0.487757 0.0746387 0.0935386 0.0362906
0 0.295304 0.490934 0.0914587 0.0598442 0.0354271
0 0.619898 0.475639 0.0228459 0.0346636 0.03527
0 0.35976 0.528588 0.040106 0.0805366 0.0348031
0 0.301022 0.521619 0.0969563 0.11023 0.0340606
0 0.752272 0.444262 0.0867368 0.0937391 0.033639
0 0.134795 0.60972 0.0866754 0.200466 0.0335972
0 0.0251035 0.585567 0.0497954 0.204909 0.0335934
0 0.350965 0.502565 0.0500786 0.0762572 0.033553
0 0.488099 0.474821 0.0170477 0.0194752 0.033229
0 0.5537 0.451157 0.0132866 0.0178513 0.0330723
0 0.611186 0.498985 0.0205405 0.0367162 0.033008
0 0.592177 0.521693 0.0285802 0.0600623 0.0328799
0 0.512763 0.507937 0.0177675 0.0348326 0.0321954
0 0.264882 0.480958 0.0724637 0.0471796 0.0317074
0 0.0195009 0.629322 0.0373254 0.195612 0.0316155
0 0.0145961 0.540869 0.0335244 0.148979 0.0313649
0 0.417776 0.460893 0.0288232 0.030572 0.0308644
0 0.993671 0.444502 0.0117949 0.147299 0.0307921
0 0.683128 0.437935 0.0575693 0.0817613 0.0307422
0 0.62312 0.492473 0.0280646 0.0417942 0.0305959
0 0.318441 0.481653 0.0421041 0.0399233 0.0302236
0 0.993738 0.478201 0.0125277 0.143877 0.0298952
0 0.0807365 0.535588 0.12022 0.133579 0.0296859
0 0.309031 0.487971 0.0659445 0.0503582 0.0296659
0 0.115739 0.538341 0.0561738 0.124182 0.0296472
0 0.0863182 0.566132 0.103732 0.173647 0.0296434
0 0.579494 0.474715 0.0172615 0.0228981 0.0293908
0 0.0158212 0.496984 0.0338302 0.112401 0.0293448
0 0.20074 0.557894 0.104414 0.187273 0.0292702
0 0.985739 0.655322 0.0273794 0.257997 0.028399
0 0.379354 0.454361 0.0651947 0.0538124 0.028074
0 0.613936 0.475967 0.0299419 0.0495209 0.0279637
0 0.0825034 0.492157 0.0746355 0.056789 0.0276525
0 0.560753 0.451471 0.0120291 0.0180709 0.0276078
0 0.336741 0.497272 0.116008 0.13731 0.0275356
0 0.127471 0.601405 0.0408114 0.128737 0.0275159
0 0.255152 0.452351 0.0581572 0.0434772 0.0275002
0 0.361733 0.485579 0.0887894 0.090411 0.0274073
0 0.992375 0.421168 0.0150206 0.137091 0.0271138
0 0.629488 0.463576 0.0369219 0.0553196 0.0269673
0 0.651946 0.433966 0.0207429 0.028598 0.0266666
0 0.1836 0.576636 0.0756886 0.122469 0.0266022
0 0.992634 0.510778 0.0155838 0.172222 0.0258977
0 0.1255 0.500422 0.0830157 0.0965016 0.0258888
0 0.0123955 0.566815 0.0240863 0.170855 0.0258866
0 0.242397 0.483781 0.0911483 0.0586004 0.0257816
0 0.772698 0.452829 0.0918824 0.106638 0.0255876
0 0.228625 0.497686 0.10458 0.0758903 0.0255641
0 0.689923 0.483432 0.0483265 0.0612297 0.0253935
0 0.0552059 0.406946 0.110665 0.215932 0.0252502
0 0.110575 0.573392 0.0737054 0.182004 0.0251584
0 0.00679592 0.647131 0.0135741 0.127466 0.0251294
0 0.990135 0.501717 0.0226994 0.294541 0.0251142
0 0.132283 0.585676 0.0330925 0.10756 0.0249603
0 0.243029 0.443923 0.0768454 0.0747487 0.0241563
0 0.902978 0.202394 0.176538 0.40889 0.0241152
0 0.0400751 0.575293 0.0755473 0.192198 0.0238314
0 0.765513 0.444958 0.116876 0.146551 0.0237993
0 0.00731305 0.47291 0.0153762 0.0725286 0.0237819
0 0.0278769 0.533012 0.0518727 0.12065 0.0236821
0 0.859807 0.401339 0.0660021 0.0896247 0.023668
0 0.461145 0.512189 0.0308152 0.0622097 0.0236186
0 0.107483 0.499972 0.0436366 0.0600778 0.0235902
0 0.286099 0.476703 0.0972939 0.0424586 0.0234648
0 0.223276 0.448716 0.089628 0.0804931 0.0232855
0 0.204759 0.50041 0.106263 0.105442 0.0232028
0 0.540905 0.448091 0.0168048 0.0188274 0.0231459
0 0.886868 0.549478 0.0267508 0.0449714 0.0228104
0 0.739262 0.416141 0.0594357 0.0681059 0.0226054
0 0.347696 0.47612 0.0775446 0.0729586 0.0225641
0 0.567254 0.450943 0.0142257 0.0207244 0.0225009
0 0.0134065 0.685729 0.0273126 0.196122 0.0224074
0 0.828762 0.393418 0.0450506 0.110326 0.022319
0 0.887725 0.578567 0.028241 0.0473927 0.0222875
0 0.888202 0.596218 0.0300171 0.042745 0.0222541
0 0.306752 0.479731 0.0557517 0.043057 0.0222134
0 0.62966 0.485265 0.0229793 0.0339492 0.022069
0 0.185984 0.51315 0.0774161 0.10443 0.0219374
0 0.878171 0.383728 0.127481 0.184345 0.0218485
0 0.65867 0.490642 0.0439195 0.0644561 0.0217633
0 0.982665 0.387138 0.0340366 0.248015 0.0217388
0 0.956505 0.339495 0.060026 0.182353 0.0216578
0 0.974144 0.364675 0.0454891 0.260305 0.0215975
0 0.305433 0.262374 0.182116 0.212021 0.0215155
0 0.0116431 0.493311 0.0242411 0.0802656 0.0214167
0 0.0379563 0.614389 0.0675961 0.162979 0.0212894
0 0.609297 0.494765 0.0332661 0.0579568 0.0212757
0 0.676005 0.485478 0.0681126 0.075089 0.0211906
0 0.654697 0.412009 0.019618 0.0273977 0.0210642
0 0.519748 0.489766 0.0190655 0.0364374 0.0210342
0 0.0090501 0.508443 0.0185817 0.107391 0.0208806
0 0.0136709 0.517951 0.027762 0.0956817 0.0207969
0 0.812459 0.383434 0.045503 0.122189 0.020793
0 0.586699 0.447545 0.018517 0.0245896 0.0205844
0 0.990526 0.340491 0.0186825 0.165636 0.0205332
0 0.306612 0.569347 0.103383 0.189377 0.0204916
0 0.808584 0.435999 0.041794 0.0732091 0.0204356
0 0.158189 0.637498 0.104937 0.18694 0.0201758
0 0.364628 0.453092 0.088755 0.0736785 0.0201587
0 0.257514 0.498445 0.122095 0.0678563 0.0201244
0 0.412165 0.283927 0.188427 0.311875 0.0200455
0 0.114503 0.619247 0.0523834 0.14327 0.0198998
0 0.112312 0.485619 0.0702072 0.0755003 0.0198756
0 0.699313 0.491843 0.0348219 0.0490684 0.0198696
0 0.785214 0.428163 0.0929418 0.105547 0.0198141
0 0.818264 0.438203 0.0395691 0.065113 0.0197364
0 0.0567806 0.454076 0.105049 0.168117 0.0196945
0 0.733722 0.428624 0.106893 0.138906 0.0195961
0 0.487753 0.78386 0.0259947 0.0433263 0.0195844
0 0.753224 0.405886 0.0322924 0.0443277 0.019565
0 0.0557406 0.458887 0.0866313 0.0630987 0.0193716
0 0.807164 0.41149 0.0571404 0.101929 0.0191748
0 0.962949 0.425237 0.0505877 0.108481 0.0191401
0 0.843661 0.186523 0.241084 0.356524 0.0190686
0 0.989629 0.433169 0.0231342 0.229002 0.0189813
0 0.963523 0.185026 0.07426 0.342209 0.0189245
0 0.0856942 0.513462 0.0831444 0.0768417 0.0188301
0 0.187656 0.659274 0.111957 0.156447 0.0186782
0 0.916668 0.326328 0.0339041 0.0892971 0.0185951
0 0.279659 0.96132 0.0530475 0.0555313 0.0185577
0 0.392695 0.45448 0.0721457 0.0651965 0.018537
0 0.827947 0.433637 0.0441721 0.0721647 0.0185285
0 0.580554 0.489315 0.0115686 0.0267697 0.0184215
0 0.636959 0.381863 0.0321207 0.0336546 0.0183958
0 0.768286 0.413735 0.0435542 0.0543012 0.0180651
0 0.012712 0.466399 0.0252696 0.0656437 0.017968
0 0.94864 0.118079 0.0461582 0.0909019 0.0178986
0 0.844746 0.394278 0.0681513 0.111032 0.01786
0 0.648651 0.485845 0.0251422 0.0456756 0.0176922
0 0.852144 0.424484 0.0874025 0.105655 0.0176429
0 0.257934 0.455918 0.0848714 0.074865 0.0175899
0 0.128443 0.731549 0.035988 0.0477924 0.0175779
0 0.136092 0.552622 0.0410076 0.122211 0.0175628
0 0.918342 0.290945 0.0266996 0.0407574 0.0175213
0 0.626231 0.380314 0.0340771 0.0388702 0.0174963
0 0.721105 0.486051 0.0535587 0.0676821 0.0173282
0 0.576587 0.495828 0.0137816 0.0265166 0.0172858
0 0.883607 0.53742 0.0246611 0.0393763 0.0171787
0 0.0713593 0.464458 0.118852 0.113037 0.0170611
0 0.274532 0.449467 0.0876606 0.0539845 0.0170348
0 0.310325 0.454244 0.0398764 0.04022 0.0170264
0 0.899655 0.430036 0.0690929 0.0991852 0.0169782
0 0.805507 0.351166 0.0452715 0.0926816 0.016904
0 0.895693 0.411782 0.0527681 0.0715648 0.0168737
0 0.317096 0.595368 0.0742562 0.144968 0.0168672
0 0.942147 0.365539 0.0889662 0.21933 0.0168625
0 0.37473 0.436792 0.0380986 0.0474957 0.01686
0 0.324807 0.462293 0.0681369 0.0739221 0.0167771
0 0.00912772 0.456262 0.0186008 0.0836434 0.0167184
0 0.0636813 0.705377 0.109911 0.161226 0.0166543
0 0.827439 0.792871 0.0421446 0.05001 0.0166437
0 0.796721 0.361923 0.0398361 0.0828532 0.0165201
0 0.0629803 0.455756 0.0722362 0.0406482 0.0165066
0 0.61063 0.464612 0.0207032 0.035607 0.0164836
0 0.582092 0.446179 0.0201033 0.0309503 0.0164627
0 0.841816 0.410153 0.0539659 0.0789848 0.0164019
0 0.768083 0.50671 0.0638284 0.0730632 0.0163094
0 0.559657 0.62998 0.0408275 0.0646367 0.0162825
0 0.298278 0.456332 0.0603777 0.0537565 0.0162514
0 0.922934 0.331295 0.0437271 0.118475 0.0162455
0 0.501548 0.508508 0.0119059 0.0326536 0.0161846
0 0.62707 0.143209 0.215101 0.285031 0.0161713
0 0.634663 0.412203 0.0449006 0.0635995 0.016166
0 0.778639 0.418838 0.054228 0.0740222 0.0161068
0 0.106078 0.260002 0.0340763 0.0569153 0.0160856
0 0.978946 -0.014824 0.0418304 0.0416812 0.0160202
0 0.791294 0.414491 0.060143 0.0902841 0.0160156
0 0.822391 0.438895 0.0962717 0.157588 0.0158383
0 0.196941 0.454714 0.097402 0.0979139 0.0158223
0 0.985296 0.309199 0.0273916 0.135416 0.0157865
0 0.360263 0.275369 0.196801 0.244715 0.0157843
0 0.115508 0.509906 0.0396671 0.0611688 0.0157801
0 0.109909 0.641948 0.0437908 0.10488 0.0157766
0 0.386695 0.417826 0.0721497 0.0758796 0.0157601
0 0.00706852 0.690022 0.0146752 0.125011 0.0157205
0 0.48331 0.417775 0.0452824 0.0569122 0.0156667
0 0.1951 0.473626 0.130469 0.115053 0.0156424
0 0.235224 0.461441 0.100578 0.0826109 0.0155257
0 0.20123 0.281298 0.203986 0.265276 0.0154818
0 0.38638 0.547997 0.0510069 0.0805931 0.0154044
0 0.868399 0.410679 0.103977 0.142248 0.0152387
0 0.577966 0.149382 0.147522 0.192232 0.0152384
0 0.895156 0.564508 0.0482492 0.0892966 0.0151448
0 0.838437 0.425929 0.0660389 0.0878116 0.0150833
0 0.90736 0.40924 0.0675755 0.0911988 0.0150163
0 0.566887 0.381087 0.0280992 0.0455427 0.0149712
0 0.614414 0.372262 0.101035 0.179496 0.0148575
0 0.100682 0.723877 0.0484681 0.0646155 0.0148526
0 0.924578 0.289596 0.0295486 0.05126 0.0148463
0 0.558522 0.345554 0.022202 0.0427542 0.0148319
0 0.724749 0.498687 0.0421163 0.0621646 0.0147252
0 0.86454 0.382078 0.0860558 0.129278 0.0147204
