0 0.209673 0.664788 0.153026 0.189633 0.906085
0 0.398202 0.637164 0.0384767 0.0535134 0.882972
0 0.0633835 0.681535 0.118062 0.103707 0.878574
0 0.134201 0.668543 0.0330815 0.0724472 0.824931
0 0.5625 0.630904 0 0.19098 0.822421
0 0.368586 0.616876 0.0178853 0.0231621 0.631214
0 0.334623 0.615726 0.0160226 0.0249509 0.51681
0 0.314961 0.618175 0.0219566 0.0284511 0.422915
0 0.35183 0.61593 0.0176561 0.0233349 0.310826
0 0.278947 0.636585 0.0130125 0.0307081 0.282232
0 0.343411 0.613903 0.0129612 0.0195523 0.276992
0 0.353009 0.608587 0.0165853 0.0234752 0.275573
0 0.418005 0.618884 0.0149693 0.0217241 0.273572
0 0.319592 0.619353 0.0138941 0.0232806 0.262812
0 0.34662 0.615106 0.0145286 0.0210289 0.253988
0 0.384719 0.614227 0.0141266 0.0187255 0.248446
0 0.0121693 0.688239 0.0243278 0.0760722 0.238273
0 0.386432 0.611851 0.0187611 0.0246372 0.235301
0 0.365431 0.617578 0.013456 0.0184264 0.23017
0 0.381311 0.613317 0.0122775 0.016972 0.224314
0 0.377324 0.613074 0.0121858 0.0175124 0.221128
0 0.5625 0.631509 0 0.0817168 0.216691
0 0.375067 0.614554 0.0123546 0.0172031 0.213231
0 0.5625 0.615932 0 0.0503671 0.207179
0 0.356787 0.607527 0.0127998 0.0179231 0.200915
0 0.31385 0.62134 0.0164515 0.0230775 0.198704
0 0.402695 0.611946 0.0206119 0.026496 0.19632
0 0.385868 0.608463 0.0148419 0.0190522 0.190519
0 0.370221 0.612213 0.0127199 0.018068 0.184916
0 0.35039 0.609043 0.0135668 0.0188401 0.178703
0 0.359037 0.616688 0.0124051 0.0171317 0.178627
0 0.353022 0.613249 0.0130863 0.0183088 0.174732
0 0.29867 0.615906 0.025862 0.0372578 0.169396
0 0.291597 0.616578 0.0278306 0.0413723 0.167769
0 0.416415 0.623418 0.0116747 0.0190905 0.167015
0 0.438489 0.6133 0.0153275 0.0273238 0.163621
0 0.448652 0.615102 0.0255622 0.034711 0.159434
0 0.363354 0.611468 0.0133085 0.0175879 0.156681
0 0.356829 0.616028 0.0104269 0.0144959 0.155528
0 0.337252 0.617841 0.0133087 0.0205171 0.150218
0 0.349608 0.615585 0.0129734 0.0179735 0.1499
0 0.403921 0.616743 0.0131419 0.0199657 0.149596
0 0.392609 0.609467 0.0158292 0.0179771 0.148245
0 0.329498 0.619339 0.0140127 0.021565 0.147085
0 0.338433 0.610867 0.0143286 0.0198324 0.144603
0 0.413341 0.61872 0.0139144 0.0223194 0.143213
0 0.382716 0.620907 0.0127976 0.0241096 0.139589
0 0.303911 0.619282 0.0203977 0.0309875 0.135966
0 0.5625 0.584509 0 0.0742857 0.132893
0 0.283119 0.625481 0.0201064 0.040618 0.131689
0 0.401905 0.608831 0.0148093 0.0199767 0.128664
0 0.473125 0.616638 0.0280214 0.0333435 0.122828
0 0.293043 0.625997 0.0164382 0.0255926 0.121586
0 0.407105 0.62047 0.0141922 0.0214728 0.116005
0 0.477305 0.620048 0.0227496 0.032859 0.115057
0 0.300139 0.626789 0.0137131 0.0235266 0.114743
0 0.02005 0.686342 0.0392677 0.0825039 0.113724
0 0.434042 0.61654 0.0145796 0.0244013 0.110658
0 0.453333 0.611991 0.0170422 0.0295493 0.109255
0 0.466931 0.612315 0.0385428 0.0427821 0.108981
0 0.614527 0.621109 0.0486838 0.0530292 0.10827
0 0.00463137 0.686398 0.00965995 0.0620117 0.108234
0 0.415211 0.614847 0.0135914 0.0225065 0.106757
0 0.984541 0.58524 0.0303391 0.0650464 0.103023
0 0.298765 0.621869 0.014189 0.022414 0.101348
0 0.444556 0.616088 0.0192974 0.0288941 0.101262
0 0.142139 0.66444 0.0391625 0.0865913 0.0998154
0 0.454295 0.60592 0.0157551 0.0239829 0.0997534
0 0.45174 0.618565 0.0163832 0.0252544 0.0990951
0 0.687869 0.635415 0.0657804 0.101786 0.096568
0 0.15079 0.634527 0.0211794 0.0390524 0.0960979
0 0.0303452 0.682761 0.0497276 0.0912811 0.0953399
0 0.431224 0.620222 0.0149107 0.0217574 0.0924867
0 0.43993 0.618895 0.0157922 0.0243248 0.092062
0 0.289838 0.629757 0.0128893 0.023482 0.09182
0 0.660241 0.619523 0.0480071 0.055609 0.0894772
0 0.287445 0.625837 0.0135141 0.0210313 0.0890863
0 0.711914 0.639046 0.0900166 0.13351 0.0886948
0 0.371662 0.620085 0.0149302 0.0208427 0.0886718
0 0.137998 0.61806 0.0637372 0.0760778 0.087817
0 0.428671 0.611229 0.0155715 0.0231727 0.0874817
0 0.281024 0.632493 0.0150476 0.0238291 0.0872504
0 0.440747 0.608399 0.0155588 0.0234282 0.0857809
0 0.477494 0.621413 0.0174404 0.0252078 0.0856812
0 0.672588 0.642355 0.0525103 0.126644 0.0855451
0 0.447249 0.615507 0.0133302 0.0206792 0.0854924
0 0.953746 0.587258 0.0907711 0.0850883 0.080525
0 0.148986 0.655465 0.0380625 0.0956226 0.0778819
0 0.465014 0.612131 0.017193 0.0273522 0.0770895
0 0.394968 0.618537 0.0114035 0.0178359 0.0766514
0 0.280603 0.640954 0.0173299 0.0328155 0.0726557
0 0.273519 0.641197 0.028405 0.0573442 0.0724679
0 0.00722937 0.672266 0.0143163 0.0611883 0.0709743
0 0.146404 0.633006 0.0609996 0.106256 0.0708582
0 0.100757 0.675158 0.0417662 0.0779625 0.0704116
0 0.624085 0.630428 0.0853362 0.0932187 0.0679841
0 0.152214 0.634382 0.0282134 0.0553146 0.0677187
0 0.386122 0.62358 0.0183519 0.0273284 0.0666938
0 0.692355 0.644444 0.0867841 0.131512 0.0658295
0 0.556597 0.622036 0.0386683 0.0391452 0.0654913
0 0.59978 0.622589 0.0487443 0.0452949 0.064905
0 0.323449 0.610682 0.0133561 0.0193328 0.0637334
0 0.300113 0.610661 0.0172712 0.0249301 0.0602214
0 0.274591 0.621252 0.017876 0.0317221 0.0584958
0 0.0493626 0.632745 0.0921565 0.18998 0.0583408
0 0.272661 0.620242 0.0299303 0.056979 0.058282
0 0.548284 0.620677 0.0303308 0.0393738 0.0581743
0 0.15309 0.626625 0.0380978 0.072254 0.05692
0 0.672045 0.597128 0.0524509 0.0766288 0.0550669
0 0.0117763 0.654765 0.0248797 0.14215 0.0548827
0 0.920115 0.609872 0.0814764 0.0924359 0.0535075
0 0.46883 0.618668 0.017027 0.0269213 0.0532161
0 0.668308 0.594377 0.0377747 0.0554525 0.0517787
0 0.312414 0.633739 0.0162421 0.0231657 0.0511727
0 0.31208 0.671985 0.0761005 0.123257 0.0503583
0 0.93612 0.625012 0.119958 0.14338 0.0501266
0 0.727479 0.624113 0.106118 0.145699 0.0501019
0 0.308164 0.625184 0.0128407 0.0200382 0.0499192
0 0.335518 0.622315 0.0117535 0.0204072 0.0497962
0 0.677428 0.608133 0.0434274 0.0668532 0.0493684
0 0.704529 0.615453 0.0626982 0.0883258 0.0477689
0 0.377273 0.587542 0.0112897 0.0153637 0.0471728
0 0.00993833 0.66411 0.0220579 0.0973679 0.0471244
0 0.145997 0.612645 0.0485049 0.0547133 0.0457662
0 0.41188 0.627201 0.0142924 0.0269491 0.0456248
0 0.651067 0.63902 0.0826404 0.0981969 0.0448797
0 0.00816506 0.543066 0.016642 0.0519858 0.0446895
0 0.34537 0.621843 0.0132364 0.0206246 0.0443325
0 0.629237 0.166136 0.13865 0.163192 0.0442684
0 0.381335 0.588265 0.0106542 0.0141684 0.044035
0 0.366387 0.58849 0.0108828 0.0159249 0.0437497
0 0.105087 0.661924 0.0326516 0.0569007 0.0437213
0 0.31618 0.624326 0.0153681 0.0221953 0.0434608
0 0.972713 0.548528 0.0532654 0.15955 0.0424201
0 0.125856 0.674633 0.0145095 0.0390691 0.0419975
0 0.140762 0.65058 0.0244781 0.0372159 0.0417211
0 0.0217032 0.626245 0.0416344 0.208806 0.0411948
0 0.456063 0.63887 0.0263886 0.0437337 0.0411308
0 0.68621 0.60061 0.0757513 0.115099 0.0409251
0 0.4817 0.625603 0.019043 0.0279467 0.0405979
0 0.240637 0.634389 0.0869151 0.12481 0.0401268
0 0.42454 0.623195 0.0140963 0.0235539 0.039995
0 0.29438 0.610422 0.016924 0.0253276 0.0398817
0 0.131834 0.656191 0.0199575 0.0321214 0.0397516
0 0.257679 0.60698 0.0346319 0.039405 0.0394957
0 0.026479 0.608657 0.0517831 0.139462 0.0394808
0 0.974064 0.562109 0.0532312 0.0974944 0.039327
0 0.00837573 0.634871 0.0167304 0.106987 0.0386078
0 0.906727 0.600397 0.0704119 0.0863057 0.0385327
0 0.122487 0.659565 0.0175695 0.0273424 0.0384098
0 0.326102 0.622341 0.0117048 0.0188242 0.0380017
0 0.92499 0.592093 0.127097 0.108052 0.0377605
0 0.723676 0.595417 0.0829716 0.107312 0.0376439
0 0.835134 0.613658 0.105591 0.147887 0.0375311
0 0.223999 0.618459 0.1098 0.093548 0.0368008
0 0.274752 0.655404 0.0239593 0.0612681 0.0367939
0 0.00630963 0.69664 0.0126327 0.0667948 0.0366479
0 0.174181 0.670503 0.0807914 0.164867 0.0364183
0 0.727891 0.517126 0.0304347 0.0237267 0.0363322
0 0.508088 0.617024 0.0412399 0.055253 0.0361949
0 0.0494787 0.650679 0.0534766 0.0454613 0.0361234
0 0.386046 0.58834 0.0107105 0.0151822 0.0361062
0 0.356837 0.587688 0.0102211 0.0152784 0.0353165
0 0.257954 0.665329 0.0583354 0.121792 0.0344528
0 0.503283 0.620475 0.0298106 0.0420007 0.0343322
0 0.146938 0.641568 0.0288095 0.0409092 0.0343206
0 0.687914 0.601875 0.0564399 0.0861277 0.0342841
0 0.820453 0.657631 0.127381 0.14317 0.0340496
0 0.284534 0.681109 0.0175064 0.0279409 0.032831
0 0.940679 0.562742 0.119167 0.140775 0.0328211
0 0.113801 0.619689 0.104663 0.0897347 0.0323741
0 0.973686 0.607409 0.0537954 0.125267 0.0322037
0 0.304654 0.664565 0.0525281 0.0893069 0.0319106
0 0.348197 0.584864 0.0116991 0.0159412 0.0317233
0 0.225561 0.596225 0.105826 0.0536091 0.0312233
0 0.155644 0.674369 0.0499386 0.154395 0.0310084
0 0.845086 0.641106 0.0878826 0.150069 0.0309884
0 0.125737 0.671633 0.0230898 0.0694985 0.0309652
0 0.661224 0.641462 0.0531319 0.11419 0.0307684
0 0.0120045 0.591853 0.024165 0.178116 0.0304909
0 0.123765 0.690308 0.0155613 0.0396637 0.0304623
0 0.435203 0.637317 0.0142961 0.024703 0.0303654
0 0.130314 0.648919 0.0221825 0.0364471 0.0298699
0 0.253095 0.0975531 0.461146 0.288904 0.0296501
0 0.9855 0.542553 0.0285355 0.103969 0.0293004
0 0.282485 0.652482 0.0275046 0.0599812 0.029095
0 0.737228 0.587629 0.0724516 0.075818 0.0289854
0 0.354884 0.601872 0.0131951 0.0189361 0.0289055
0 0.0785771 0.669763 0.0811247 0.082286 0.0288644
0 0.983721 0.612527 0.0367777 0.126775 0.0287573
0 0.989658 0.614452 0.0222309 0.111881 0.0285813
0 0.698139 0.576973 0.0959847 0.10129 0.0284263
0 0.40717 0.582448 0.0111406 0.0185336 0.0283706
0 0.0363478 0.626279 0.0694956 0.129754 0.0275912
0 0.244313 0.600052 0.0685287 0.0571704 0.0274777
0 0.00825424 0.521246 0.0156165 0.0440108 0.0273608
0 0.113159 0.691566 0.0353339 0.0644786 0.0268458
0 0.565427 0.606899 0.0499866 0.0712084 0.0268413
0 0.874132 0.601549 0.0950899 0.119612 0.0268128
0 0.283502 0.608857 0.014709 0.027165 0.0267194
0 0.751792 0.639752 0.13984 0.160324 0.0267175
0 0.143169 0.675783 0.0220238 0.0770156 0.026306
0 0.717245 0.516433 0.0374489 0.0258104 0.0262123
0 0.61331 0.593608 0.0363899 0.0530791 0.0259982
0 0.010087 0.927079 0.0205388 0.0613985 0.0256106
0 0.306004 0.698717 0.0508974 0.0819779 0.0255804
0 0.653824 0.60572 0.0373248 0.0613481 0.0254896
0 0.723322 0.528032 0.0427359 0.039392 0.0253404
0 0.678091 0.158666 0.252867 0.295556 0.0252718
0 0.591341 0.597283 0.0347664 0.0500149 0.0250253
0 0.520686 0.617795 0.0500856 0.0549065 0.0250209
0 0.486824 0.642652 0.0185364 0.0318459 0.0250062
0 0.366489 0.602656 0.0128803 0.0178446 0.0248576
0 0.992465 0.644723 0.0156534 0.12497 0.0248326
0 0.563188 0.55954 0.153173 0.211872 0.0246176
0 0.23564 1.01297 0.0236168 0.0243427 0.0245542
0 0.499592 0.635187 0.0298472 0.0504262 0.024258
0 0.688841 0.582102 0.116316 0.157421 0.024175
0 0.722366 0.573498 0.0695915 0.066463 0.0240686
0 0.879198 0.599723 0.0468451 0.0697144 0.0239466
0 0.319096 0.649924 0.0520071 0.0724338 0.0239358
0 0.809926 0.613721 0.0860935 0.130949 0.0235139
0 0.854869 0.606324 0.0715937 0.105336 0.0234923
0 0.540921 0.618854 0.0250084 0.0352102 0.0234081
0 0.23631 0.588707 0.0637668 0.0440404 0.0233937
0 0.610016 0.631419 0.0634343 0.0712306 0.0233733
0 0.781719 0.655001 0.0885926 0.133455 0.0232429
0 0.406876 0.665699 0.0287299 0.0558813 0.0231039
0 0.911346 0.562158 0.135634 0.149587 0.0229824
0 0.0437279 0.331235 0.0832247 0.117049 0.0227413
0 0.93039 0.531907 0.126881 0.192837 0.0227339
0 0.131336 0.675315 0.0191472 0.0556681 0.022729
0 0.538503 0.63377 0.0350168 0.0462095 0.0223709
0 0.89589 0.616934 0.0675442 0.0984624 0.0222525
0 0.817279 0.532182 0.100242 0.0962369 0.0221746
0 0.0458138 0.610631 0.100917 0.105105 0.0219072
0 0.0868113 0.276734 0.160316 0.194489 0.0218446
0 0.566431 0.606443 0.105495 0.174879 0.0218266
0 0.984485 0.670116 0.032461 0.193175 0.0217343
0 0.433063 0.563404 0.0157978 0.0247983 0.0215901
0 0.970647 0.505607 0.0645624 0.218161 0.0215643
0 0.740546 0.571184 0.0677495 0.0580319 0.0215231
0 0.588337 0.174625 0.0497029 0.0816473 0.0213221
0 0.500872 0.60588 0.0281488 0.0623892 0.0213026
0 0.772207 0.617128 0.0920723 0.136601 0.0212903
0 0.329091 0.585619 0.0137641 0.0182038 0.0212271
0 0.722028 0.499878 0.0358471 0.03517 0.0211786
0 0.867592 0.620128 0.0659159 0.121689 0.0209974
0 0.0215161 0.33711 0.0379418 0.0823549 0.0208332
0 0.808484 0.668924 0.0962876 0.105382 0.0206036
0 0.617821 0.121419 0.123524 0.199484 0.0205698
0 0.628147 0.600565 0.0587966 0.0785436 0.0204585
0 0.711425 0.53669 0.071228 0.0584868 0.02039
0 0.793308 0.610928 0.0621896 0.103712 0.0203713
0 0.108298 0.643104 0.0283261 0.0407762 0.0203074
0 0.736302 0.530336 0.0521197 0.0447456 0.0202807
0 0.681232 0.508573 0.0419944 0.0457878 0.0202804
0 0.536374 0.59001 0.0988491 0.161576 0.0202492
0 0.710359 0.488453 0.045305 0.0490888 0.0202372
0 0.233706 0.56113 0.0374557 0.030873 0.0202324
0 0.0626548 0.594909 0.119296 0.195263 0.0201893
0 0.378954 0.604011 0.0121859 0.0180958 0.0201441
0 0.670679 0.568753 0.0604669 0.104775 0.0201075
0 0.0193802 0.716393 0.028634 0.0728238 0.0200851
0 0.0338201 0.557046 0.0636005 0.0777422 0.0199805
0 0.841265 0.591453 0.0870167 0.0960197 0.0198298
0 0.421168 0.57188 0.0131351 0.0225186 0.0198289
0 0.00989157 0.997559 0.0175392 0.0281252 0.0198064
0 0.186915 0.603549 0.0727859 0.0852809 0.0196633
0 0.632559 0.159299 0.079308 0.105426 0.0196158
0 0.75071 0.59686 0.0940886 0.0993478 0.019601
0 0.97352 0.643958 0.0558813 0.157522 0.0195997
0 0.348273 0.597381 0.0136986 0.0195233 0.0194613
0 0.0674642 0.610306 0.0986571 0.086726 0.0194032
0 0.707687 0.516553 0.0531694 0.0362476 0.0193658
0 0.420653 0.504635 0.0240841 0.0369818 0.0193596
0 0.712626 0.509187 0.127926 0.191419 0.0192809
0 0.92953 0.695001 0.127788 0.226902 0.0192723
0 0.478584 0.59546 0.0183225 0.0430989 0.0191889
0 0.698927 0.552126 0.106434 0.092537 0.0191347
0 0.388251 0.598609 0.0130555 0.0169283 0.0190385
0 0.635635 0.655433 0.0839657 0.123114 0.0190061
0 0.721643 0.559495 0.101601 0.110706 0.0189809
0 0.984905 0.517936 0.0267719 0.103578 0.0189709
0 0.220131 0.383644 0.0324904 0.0516395 0.0189683
0 0.652853 0.592305 0.0593636 0.100723 0.0189304
0 0.679821 0.67947 0.043608 0.0930791 0.0188726
0 0.524645 0.596755 0.0693246 0.111038 0.0188647
0 0.520887 0.567039 0.0765828 0.172853 0.0188115
0 0.549258 0.660113 0.0433578 0.0701056 0.0187919
0 0.0422757 0.640135 0.0394375 0.0413078 0.0187836
0 0.346636 0.636777 0.0196389 0.0321579 0.0186612
0 0.221152 0.560162 0.0549377 0.0419774 0.018562
0 0.607835 0.658425 0.06987 0.0989994 0.0184774
0 0.0122591 0.697045 0.0164525 0.0524609 0.0184195
0 0.0143681 0.112185 0.027805 0.0700799 0.0184114
0 0.598559 0.170985 0.070647 0.101958 0.018257
0 0.312232 0.580708 0.015734 0.021689 0.0182527
0 0.838283 0.551106 0.0926121 0.113402 0.0182157
0 0.0300244 0.649762 0.0530361 0.093828 0.0182143
