0 0.5625 0.620998 0 0.166168 0.875745
0 0.366711 0.488842 0.109433 0.0818393 0.815167
0 0.562436 0.559901 0.000128078 0.139548 0.654597
0 0.400829 0.473011 0.043268 0.0456763 0.557317
0 0.313556 0.474644 0.0302113 0.0433172 0.454979
0 0.519503 0.512197 0.0859934 0.108266 0.444373
0 0.460011 0.497967 0.0376609 0.0419902 0.342834
0 0.252016 0.470118 0.0579612 0.0293204 0.322414
0 0.491037 0.466305 0.101466 0.105603 0.305887
0 0.5625 0.545705 0 0.0453257 0.279135
0 0.105726 0.423908 0.063272 0.0768583 0.238966
0 0.535413 0.522417 0.0541741 0.0933198 0.222603
0 0.539718 0.523887 0.0455632 0.108518 0.209943
0 0.464561 0.487179 0.0466012 0.059915 0.207077
0 0.161248 0.431485 0.0598651 0.0749546 0.195179
0 0.133647 0.425108 0.117448 0.0904254 0.194313
0 0.306331 0.475982 0.0169704 0.0344782 0.193141
0 0.518429 0.493764 0.0855219 0.0704218 0.18942
0 0.408419 0.473691 0.0260362 0.0421596 0.169728
0 0.221911 0.464581 0.0391469 0.0282855 0.167134
0 0.289157 0.476939 0.0264458 0.02727 0.162901
0 0.212002 0.464004 0.0284621 0.0246245 0.150486
0 0.5625 0.550563 0 0.0447575 0.149189
0 0.259831 0.469004 0.0262795 0.0173495 0.143206
0 0.255516 0.466158 0.028057 0.0189494 0.142855
0 0.213948 0.423468 0.0413937 0.0990488 0.142833
0 0.5625 0.574971 0 0.122977 0.137169
0 0.332983 0.478293 0.0504887 0.05911 0.133507
0 0.247999 0.464282 0.0481977 0.0275402 0.130842
0 0.158041 0.417364 0.08071 0.118937 0.129274
0 0.242943 0.456005 0.0337082 0.0272206 0.127072
0 0.185056 0.418756 0.0993349 0.106373 0.125112
0 0.466789 0.467311 0.0547402 0.10669 0.12451
0 0.5625 0.548133 0 0.0626117 0.124227
0 0.5625 0.826683 0 0.304021 0.118938
0 0.496628 0.48633 0.0549278 0.0673066 0.118839
0 0.507048 0.493806 0.110904 0.130705 0.118814
0 0.5625 0.54076 0 0.0328039 0.116211
0 0.39119 0.49038 0.0616237 0.0737781 0.114794
0 0.5625 0.614038 0 0.0910072 0.111481
0 0.5625 0.591791 0 0.0990052 0.109998
0 0.231413 0.465875 0.0280043 0.025335 0.109592
0 0.248782 0.461757 0.0249557 0.0186441 0.107428
0 0.225835 0.426486 0.0638377 0.100927 0.103415
0 0.213496 0.455935 0.0290811 0.0333065 0.103213
0 0.343153 0.483511 0.0582881 0.0676997 0.100253
0 0.257877 0.470423 0.0421018 0.0235213 0.0999613
0 0.14498 0.427047 0.0548536 0.0753469 0.0988164
0 0.22597 0.464928 0.024062 0.0226066 0.0954373
0 0.460711 0.500697 0.0289599 0.0289009 0.095131
0 0.513438 0.457181 0.103475 0.0881075 0.0942259
0 0.302108 0.478497 0.0201555 0.0309275 0.0939721
0 0.317326 0.469599 0.021455 0.0335062 0.0924927
0 0.57873 0.537218 0.0742418 0.0934911 0.0905702
0 0.694836 0.566486 0.061011 0.108731 0.0870693
0 0.270076 0.471857 0.0328236 0.0227688 0.0870693
0 0.412917 0.47906 0.0215817 0.0336189 0.0859989
0 0.98607 0.875589 0.0247938 0.207955 0.0844076
0 0.563363 0.509827 0.126983 0.131696 0.0839114
0 0.24397 0.467765 0.0348156 0.0212891 0.0825868
0 0.581504 0.550628 0.0902805 0.149105 0.0824473
0 0.449047 0.493583 0.0174107 0.0297303 0.0805992
0 0.287539 0.463836 0.0569982 0.0538133 0.0800669
0 0.667068 0.559592 0.0904263 0.127686 0.0797112
0 0.720909 0.552947 0.0313226 0.0310824 0.0789791
0 0.271088 0.472741 0.0191041 0.0193727 0.0782763
0 0.512464 0.506955 0.069006 0.0852038 0.0778036
0 0.223829 0.441134 0.0606072 0.0563395 0.0755303
0 0.897372 0.636868 0.0917429 0.132781 0.0751606
0 0.73128 0.554519 0.0306286 0.0269258 0.0731519
0 0.558941 0.547305 0.106661 0.169549 0.0727456
0 0.56773 0.487589 0.0882279 0.0570491 0.0727052
0 0.206019 0.466466 0.0199745 0.0227665 0.072165
0 0.383921 0.453546 0.032058 0.0392282 0.0721067
0 0.72581 0.55889 0.0491965 0.0475778 0.0718725
0 0.465604 0.478415 0.0232474 0.035277 0.0717384
0 0.727727 0.597699 0.0724314 0.121312 0.0713098
0 0.603123 0.551333 0.112655 0.120436 0.0710151
0 0.996739 0.578789 0.00694942 0.0743183 0.0680698
0 0.983404 0.961004 0.0320894 0.0773273 0.0676301
0 0.28788 0.472674 0.0336207 0.0312495 0.0673467
0 0.736368 0.555903 0.0490129 0.0363793 0.0668896
0 0.396361 0.450374 0.0582124 0.0974556 0.0661816
0 0.440543 0.490209 0.0252162 0.0383753 0.0650572
0 0.541352 0.486707 0.0786837 0.0550596 0.0640615
0 0.995107 0.52161 0.0101158 0.183263 0.0638623
0 0.335422 0.456094 0.0404491 0.0312773 0.0638145
0 0.244365 0.427272 0.0427821 0.0944298 0.0617284
0 0.349036 0.44944 0.0327987 0.0245432 0.0616946
0 0.595796 0.535946 0.0739973 0.0859108 0.0603186
0 0.204968 0.466661 0.0424494 0.0301648 0.0601186
0 0.288707 0.480716 0.0208764 0.0240241 0.0598106
0 0.995178 0.658216 0.009478 0.191668 0.0596667
0 0.532729 0.461154 0.172805 0.162725 0.0596485
0 0.278502 0.467346 0.0273498 0.0288195 0.059501
0 0.631454 0.55587 0.0756841 0.12254 0.0591935
0 0.675677 0.57162 0.0517345 0.0999452 0.0591844
0 0.402667 0.464309 0.0351692 0.053641 0.0570718
0 0.128941 0.3838 0.0328453 0.0420888 0.0570435
0 0.278863 0.430377 0.0963974 0.127207 0.0569167
0 0.521611 0.475207 0.121954 0.101436 0.0566007
0 0.32019 0.479551 0.0201376 0.0327167 0.0563233
0 0.587191 0.477911 0.0614045 0.0470876 0.0557758
0 0.387039 0.436836 0.0563789 0.0981367 0.0554444
0 0.987471 0.788552 0.0201021 0.292627 0.0553997
0 0.0355272 0.43067 0.0732746 0.112743 0.0553562
0 0.300114 0.463812 0.0408138 0.0536359 0.0547104
0 0.157799 0.38427 0.0810828 0.0563801 0.0544382
0 0.019184 0.444161 0.0388908 0.0890953 0.0544103
0 0.434405 0.460463 0.074131 0.118655 0.0529976
0 0.270651 0.479599 0.0239449 0.0249154 0.0525169
0 0.326759 0.470162 0.0338841 0.0438552 0.0522552
0 0.792144 0.568161 0.109952 0.0546383 0.0505469
0 0.513529 0.5349 0.107195 0.112471 0.0502863
0 0.996486 0.555391 0.00776882 0.102814 0.0501405
0 0.995214 0.617969 0.00946541 0.100531 0.0499936
0 0.20893 0.388019 0.0508747 0.0606397 0.0497863
0 0.99139 0.603724 0.0108509 0.0727492 0.0496324
0 0.245968 0.402912 0.0304107 0.098412 0.0493808
0 0.141003 0.434083 0.0264017 0.0579543 0.0492992
0 0.99375 0.686162 0.0116724 0.225263 0.0490533
0 0.469598 0.499549 0.0183783 0.0304057 0.0490083
0 0.215098 0.380793 0.0304789 0.0344298 0.0487505
0 0.291969 0.451842 0.0597954 0.0923938 0.0487268
0 0.98439 0.910086 0.0313547 0.209123 0.0478499
0 0.415267 0.473497 0.0357103 0.0498286 0.0471667
0 0.0568875 0.432599 0.0442299 0.0517946 0.0467307
0 0.139045 0.44618 0.0164883 0.0318907 0.0457622
0 0.9904 0.73815 0.018227 0.273118 0.0453431
0 0.699775 0.542842 0.0258616 0.0334113 0.0453413
0 0.32582 0.477143 0.0177612 0.0285338 0.0448469
0 0.110547 0.392962 0.0536138 0.0492917 0.0448315
0 0.174598 0.390831 0.112028 0.0705901 0.044789
0 0.505168 0.412196 0.0622452 0.0429879 0.043588
0 0.698457 0.610204 0.0652092 0.0990385 0.043533
0 0.970133 0.628547 0.0466833 0.0943235 0.043347
0 0.632234 0.506838 0.109332 0.102533 0.0430722
0 0.43638 0.402747 0.0333267 0.0331818 0.0428294
0 0.15412 0.445126 0.0207015 0.0350513 0.0427319
0 0.966487 0.660889 0.0483334 0.161154 0.0424688
0 0.586149 0.575369 0.0648053 0.102453 0.0424036
0 0.425049 0.482467 0.0162133 0.0249622 0.0423171
0 0.955087 0.639833 0.0722418 0.119893 0.0421509
0 0.42335 0.479683 0.0382544 0.040411 0.0419283
0 0.444625 0.47439 0.0198448 0.028471 0.0413291
0 0.987027 0.626701 0.0156389 0.0884418 0.0413266
0 0.677754 0.526126 0.0723433 0.061285 0.0412056
0 0.348294 0.44933 0.0221827 0.0199159 0.0411096
0 0.794737 0.558166 0.0908343 0.0350161 0.0405914
0 0.428943 0.49196 0.0219944 0.0313462 0.040588
0 0.88497 0.591614 0.0662159 0.0579874 0.0405698
0 0.580103 0.479066 0.128726 0.154001 0.0405313
0 0.0415764 0.42733 0.0738735 0.0732932 0.0404906
0 0.931044 0.654977 0.0444036 0.08627 0.0398459
0 0.210146 0.47419 0.0224876 0.0287928 0.0397215
0 0.509292 0.428549 0.0708126 0.0616885 0.0394502
0 0.518069 0.697037 0.0773549 0.162004 0.0392829
0 0.237409 0.481772 0.049443 0.050698 0.0392742
0 0.240362 0.280453 0.0381287 0.0578798 0.0385911
0 0.533283 0.40838 0.0508546 0.077593 0.0384912
0 0.891961 0.610819 0.0916664 0.103344 0.037644
0 0.0164231 0.463368 0.0330993 0.0881433 0.0374936
0 0.809424 0.554081 0.0622802 0.0261909 0.0373985
0 0.991818 0.581053 0.0123072 0.0720853 0.0367925
0 0.223231 0.36238 0.028591 0.043038 0.0366892
0 0.344875 0.45213 0.0203813 0.0172423 0.0364841
0 0.479455 0.409237 0.0437119 0.0408525 0.0364697
0 0.423667 0.404957 0.0485541 0.0431779 0.0364274
0 0.0134974 0.432592 0.0261124 0.0819556 0.0362749
0 0.0716301 0.536873 0.0532168 0.0431745 0.0360589
0 0.923794 0.664234 0.0381943 0.0768321 0.035987
0 0.635634 0.47048 0.0376351 0.0456707 0.0354886
0 0.0498503 0.413489 0.0656144 0.0891162 0.0350758
0 0.610454 0.513293 0.186551 0.181204 0.0350145
0 0.874246 0.64233 0.0990574 0.120357 0.0345047
0 0.579329 0.469865 0.083615 0.0814131 0.0342366
0 0.469525 0.418387 0.0368934 0.0468747 0.0341943
0 0.957306 0.537985 0.0755514 0.156138 0.0341213
0 0.565466 0.473847 0.137494 0.088616 0.0340258
0 0.74997 0.565365 0.0820899 0.0533524 0.0339777
0 0.995741 0.470571 0.00887203 0.0971132 0.0339587
0 0.617742 0.530013 0.078933 0.0769695 0.0338621
0 0.734895 0.549898 0.0279962 0.025133 0.0337679
0 0.410317 0.484424 0.0226617 0.027446 0.0337584
0 0.338306 0.454452 0.0178762 0.0175836 0.0334961
0 0.416442 0.484911 0.0160888 0.0247515 0.0331507
0 0.0634804 0.436946 0.0295739 0.0383335 0.0328214
0 0.516562 0.426712 0.0928779 0.106101 0.0327976
0 0.588745 0.437538 0.0576856 0.103943 0.0325542
0 0.532534 0.392916 0.0307829 0.0491413 0.032237
0 0.991993 0.664612 0.0123285 0.153091 0.031803
0 0.459317 0.420858 0.0362255 0.0490484 0.0315706
0 0.980341 0.705863 0.0392605 0.29413 0.0314972
0 0.924895 0.654058 0.048632 0.117593 0.0313249
0 0.466323 0.506298 0.0181153 0.035565 0.0312578
0 0.134332 0.403794 0.120704 0.15414 0.0311943
0 0.570748 0.442034 0.110344 0.125366 0.0310818
0 0.19782 0.45732 0.0180723 0.0266843 0.0308665
0 0.762792 0.610063 0.118333 0.139643 0.030858
0 0.0347536 0.46195 0.0657743 0.10036 0.0308474
0 0.724836 0.616094 0.0368983 0.0582426 0.0306998
0 0.956995 0.746753 0.0602152 0.273451 0.0304668
0 0.434403 0.485131 0.0336902 0.0397978 0.0303785
0 0.278211 0.293006 0.0300048 0.0499789 0.0303525
0 0.993814 0.599336 0.0107765 0.0952823 0.0301049
0 0.0268459 0.412919 0.0512218 0.0991288 0.0300491
0 0.533193 0.539583 0.1104 0.155441 0.0299964
0 0.410417 0.423118 0.0990094 0.0884512 0.0299169
0 0.977533 0.862084 0.0244638 0.202689 0.0297763
0 0.666222 0.512921 0.0881922 0.0873033 0.0296586
0 0.645642 0.530506 0.0860344 0.0749848 0.0296576
0 0.907469 0.658995 0.0688429 0.0908883 0.0295962
0 0.341741 0.449761 0.0250425 0.0211234 0.0295057
0 0.216731 0.356931 0.0295133 0.0324198 0.0293886
0 0.88884 0.506228 0.0783386 0.121655 0.0290969
0 0.966856 0.832068 0.0248024 0.13497 0.0289613
0 0.663063 0.514939 0.0437035 0.0430458 0.0288559
0 0.439642 0.486113 0.0147998 0.0243967 0.0287082
0 0.707062 0.481642 0.0742027 0.110773 0.0286305
0 0.23288 0.38349 0.0296956 0.0442007 0.0285434
0 0.971083 0.596978 0.050518 0.0870587 0.0284373
0 0.989946 0.692584 0.0134003 0.176389 0.0282502
0 0.942967 0.561567 0.100112 0.100431 0.0281986
0 0.469372 0.514796 0.0235873 0.0433531 0.0281753
0 0.131569 0.439728 0.0187257 0.0359984 0.0280006
0 0.297225 0.434565 0.0642117 0.0809049 0.0278882
0 0.666341 0.59767 0.118301 0.143492 0.0277998
0 0.948905 0.610181 0.0793535 0.0854223 0.0277608
0 0.330796 0.457088 0.0209223 0.0211721 0.0277274
0 0.182462 0.412768 0.128293 0.149147 0.0277038
0 0.543624 0.403685 0.0439231 0.066561 0.0276411
0 0.971172 0.816429 0.0317163 0.251574 0.0275287
0 0.12587 0.376649 0.0226915 0.026832 0.0274014
0 0.812118 0.566956 0.0834582 0.0474111 0.0273749
0 0.388019 0.449561 0.0408635 0.0538039 0.0273292
0 0.0831324 0.43604 0.0424135 0.0765819 0.0272906
0 0.900925 0.596712 0.0775578 0.0755979 0.0269168
0 0.289457 0.420541 0.0626984 0.0973964 0.0268417
0 0.606902 0.562463 0.0762747 0.109309 0.0266379
0 0.948549 0.707394 0.0718563 0.20237 0.026609
0 0.770601 0.577159 0.113633 0.0714649 0.0264809
0 0.449031 0.510336 0.0185124 0.0318846 0.0264579
0 0.182487 0.463047 0.023511 0.0289818 0.0260247
0 0.0584657 0.567049 0.0973081 0.106772 0.0260029
0 0.369633 0.44008 0.0545866 0.0626113 0.0257395
0 0.122648 0.364435 0.0220129 0.0328869 0.0256631
0 0.979468 0.875677 0.0449936 0.233949 0.0256444
0 0.582887 0.422368 0.0471167 0.0827685 0.0255993
0 0.645033 0.518022 0.0658819 0.0602707 0.0255636
0 0.163015 0.443889 0.0226243 0.0374346 0.0254236
0 0.734188 0.613659 0.0447742 0.0663431 0.0252462
0 0.502812 0.390987 0.0423118 0.0615028 0.0251461
0 0.595896 0.467964 0.0715005 0.0730204 0.024991
0 0.959582 0.575683 0.0660137 0.0824203 0.0249114
0 0.649459 0.506859 0.151285 0.172516 0.0248533
0 0.867799 0.653152 0.0776255 0.0888937 0.0248069
0 0.256126 0.52578 0.042603 0.0558774 0.0247167
0 0.974282 0.710471 0.0285 0.211985 0.0246491
0 0.555087 0.407424 0.0441222 0.0614146 0.0246063
0 0.996244 0.438638 0.00856934 0.0813093 0.024409
0 0.0361637 0.387619 0.0751429 0.163046 0.0243872
0 0.822717 0.573855 0.0996513 0.0633035 0.0243393
0 0.665004 0.583935 0.0516901 0.0790777 0.0243299
0 0.614711 0.477641 0.0548334 0.0443005 0.0243068
0 0.641953 0.466033 0.0550233 0.0602461 0.0242997
0 0.634679 0.474687 0.0851234 0.0956575 0.0242544
0 0.467199 0.7045 0.0492976 0.0936598 0.024204
0 0.030305 0.389278 0.056317 0.0779221 0.0241352
0 0.194993 0.46949 0.0177352 0.0238952 0.0240807
0 0.940821 0.687993 0.0572416 0.132694 0.0240349
0 0.65379 0.502523 0.02939 0.0243383 0.0240293
0 0.626921 0.597809 0.121001 0.159721 0.0238729
0 0.0101399 0.404952 0.0198977 0.0704614 0.0238223
0 0.640839 0.481158 0.0404099 0.0372065 0.0235794
0 0.355725 0.460757 0.0283995 0.0373416 0.023429
0 0.911592 0.577276 0.0583818 0.0769942 0.0233144
0 0.272039 0.291791 0.0411865 0.0634596 0.0232607
0 0.588571 0.599615 0.04661 0.0694594 0.0230149
0 0.24503 0.284212 0.0513241 0.0760082 0.0229887
0 0.973041 0.763013 0.0265839 0.268088 0.0227977
0 0.355306 0.356067 0.0273659 0.0393301 0.0227562
0 0.981722 0.995847 0.0343161 0.0533836 0.0227098
0 0.703011 0.520533 0.0562749 0.0722142 0.0226523
0 0.0757612 0.427364 0.0154076 0.0354176 0.0225343
0 0.0765463 0.515103 0.0750118 0.0771375 0.0224645
0 0.355239 0.370278 0.0316513 0.0449711 0.0222051
0 0.91262 0.538465 0.128415 0.168354 0.0220744
0 0.307605 0.314055 0.0224093 0.0276446 0.022043
0 0.0588582 0.530885 0.075558 0.0649252 0.0220085
0 0.0494672 0.462913 0.0537424 0.0655632 0.0219317
0 0.0084412 0.380437 0.0178647 0.0621231 0.0218197
0 0.932254 0.588347 0.10204 0.0990803 0.0217843
0 0.132277 0.356918 0.0309408 0.0375097 0.0217824
0 0.737501 0.551556 0.0574817 0.0524618 0.0217757
0 0.0678246 0.454717 0.0245909 0.0340094 0.0216506
0 0.456699 0.381069 0.0242755 0.0311508 0.0212901
0 0.599168 0.42005 0.0616163 0.126053 0.021186
0 0.264915 0.476721 0.0286864 0.0250763 0.020924
0 0.0439897 0.451409 0.0570813 0.0598896 0.0208375
0 0.568556 0.683689 0.11745 0.205897 0.0207885
