0 0.269157 0.468589 0.0490525 0.0725022 0.844488
0 0.195464 0.482808 0.113362 0.120559 0.831756
0 0.320686 0.458062 0.0287249 0.0524614 0.654174
0 0.300751 0.46129 0.0324201 0.0613385 0.629948
0 0.392221 0.449677 0.0149948 0.0249573 0.627973
0 0.434501 0.459543 0.0160209 0.0220851 0.611517
0 0.379506 0.453722 0.0182147 0.0250973 0.605506
0 0.349964 0.446491 0.0357379 0.0572921 0.569802
0 0.401597 0.450315 0.0101443 0.0195691 0.377459
0 0.387619 0.451558 0.0150197 0.0232321 0.331976
0 0.399576 0.45161 0.00948987 0.0193921 0.294437
0 0.397028 0.451295 0.011491 0.0217783 0.238954
0 0.394629 0.45258 0.0111053 0.0193675 0.207875
0 0.43394 0.461186 0.0124871 0.0168765 0.192973
0 0.376698 0.457107 0.0146492 0.0210335 0.192434
0 0.399631 0.451412 0.0126332 0.0252365 0.191955
0 0.474671 0.454374 0.0259428 0.0313428 0.16633
0 0.381629 0.45662 0.0118775 0.0206913 0.158291
0 0.411 0.452846 0.0126731 0.0199777 0.156807
0 0.364377 0.452327 0.0191902 0.0348737 0.151255
0 0.402977 0.458304 0.0125659 0.0199943 0.150728
0 0.420037 0.45551 0.0139603 0.0188908 0.147403
0 0.408101 0.451328 0.0125821 0.0183185 0.146498
0 0.414932 0.453715 0.0110416 0.0167222 0.146224
0 0.369639 0.456586 0.0166245 0.0283821 0.137176
0 0.35035 0.435336 0.0438206 0.0799312 0.129363
0 0.318512 0.451061 0.0211919 0.0397167 0.127007
0 0.360849 0.452555 0.0156619 0.0311299 0.113938
0 0.464831 0.455767 0.0213478 0.0245995 0.111336
0 0.232366 0.473137 0.0442545 0.097535 0.105426
0 0.432844 0.454753 0.0159192 0.0200059 0.0998317
0 0.340062 0.45337 0.0173764 0.0361492 0.0979703
0 0.369887 0.458402 0.0123423 0.021723 0.0965587
0 0.32542 0.458718 0.0163599 0.0400996 0.0958923
0 0.311247 0.459472 0.0215605 0.0474108 0.0926783
0 0.45088 0.457043 0.0170607 0.0217987 0.0860751
0 0.324187 0.450901 0.0180494 0.0360574 0.0758953
0 0.5625 0.422039 0 0.058131 0.0744958
0 0.222012 0.464698 0.0564595 0.0811713 0.0736294
0 0.473654 0.456246 0.016656 0.0212389 0.0729362
0 0.30647 0.461442 0.0199389 0.0485784 0.0724069
0 0.233802 0.463237 0.0364122 0.0703694 0.0700289
0 0.460166 0.457554 0.0157958 0.0218903 0.0683435
0 0.349311 0.460093 0.0232825 0.0297165 0.0675962
0 0.212631 0.47705 0.0713372 0.100089 0.0657535
0 0.29735 0.453222 0.0194669 0.036463 0.0640461
0 0.286368 0.458647 0.0484517 0.0776146 0.063191
0 0.384486 0.431904 0.0147855 0.023328 0.0585313
0 0.332614 0.453549 0.0139073 0.0335676 0.0567345
0 0.298884 0.462947 0.0194625 0.0459279 0.0557873
0 0.0421614 0.561163 0.0847033 0.227589 0.0538859
0 0.0716201 0.525775 0.145531 0.227206 0.0534776
0 0.917066 0.82213 0.166308 0.349216 0.0488101
0 0.175177 0.490785 0.0774217 0.101245 0.0466671
0 0.481141 0.455498 0.0212986 0.0248778 0.0465838
0 0.652903 0.422494 0.074549 0.0669207 0.0448184
0 0.47727 0.448914 0.0330763 0.0455491 0.0422589
0 0.38955 0.433427 0.0119492 0.0199192 0.0422216
0 0.468468 0.467545 0.0165255 0.0239622 0.0406571
0 0.617645 0.427989 0.0211632 0.0462716 0.0405954
0 0.501884 0.452994 0.0657853 0.0478291 0.0397557
0 0.166201 0.494601 0.053721 0.0762182 0.0392493
0 0.305413 0.472845 0.0224004 0.0539155 0.0385079
0 0.916941 0.453626 0.172605 0.204787 0.0380928
0 0.443984 0.445502 0.0148427 0.0219142 0.0378758
0 0.100727 0.500293 0.115544 0.154547 0.0364588
0 0.675533 0.429802 0.114122 0.0774785 0.0361612
0 0.241103 0.458276 0.0379499 0.0668784 0.0355098
0 0.453589 0.465684 0.0197391 0.0291831 0.0339531
0 0.293186 0.466327 0.0229314 0.0495293 0.0327385
0 0.39355 0.426316 0.0132722 0.0200986 0.0315937
0 0.365453 0.426079 0.0220512 0.036326 0.0313094
0 0.168074 0.469194 0.056997 0.0824835 0.0299725
0 0.645047 0.409813 0.0574799 0.0819316 0.029941
0 0.247245 0.469833 0.0253209 0.0503021 0.0297205
0 0.250395 0.450912 0.0235562 0.037542 0.029377
0 0.133278 0.48369 0.0639209 0.0974964 0.0291998
0 0.25231 0.490364 0.0255521 0.0527076 0.0291527
0 0.0315906 0.537836 0.0582437 0.262133 0.0291376
0 0.395623 0.431012 0.0105424 0.0173264 0.0288847
0 0.664277 0.413048 0.0958666 0.0780216 0.028585
0 0.914877 0.508181 0.169658 0.169988 0.0282806
0 0.3523 0.421336 0.0230497 0.0342309 0.0281944
0 0.0107841 0.4779 0.022098 0.109601 0.0279926
0 0.0135852 0.480964 0.0282129 0.144402 0.0278562
0 0.125368 0.498272 0.089686 0.136965 0.0276432
0 0.917276 0.395776 0.16685 0.235486 0.0273391
0 0.395401 0.374256 0.0219844 0.0319803 0.0272812
0 0.230958 0.441553 0.0359072 0.0469243 0.0271659
0 0.0186614 0.51665 0.0372198 0.231367 0.0267432
0 0.626552 0.223027 0.0345206 0.0632003 0.02659
0 0.490169 0.468334 0.0220865 0.0291931 0.0265066
0 0.0689081 0.46868 0.128984 0.132636 0.0264242
0 0.499313 0.440413 0.0793614 0.0722212 0.0262715
0 0.451763 0.400062 0.0526868 0.0924986 0.0260307
0 0.57911 0.425642 0.0904735 0.0740369 0.0257433
0 0.300153 0.424577 0.0297969 0.0507693 0.0255188
0 0.0718184 0.465172 0.104144 0.0937288 0.0250012
0 0.294748 0.490636 0.0329812 0.0705565 0.024621
0 0.681173 0.456412 0.115663 0.0769149 0.0244962
0 0.122378 0.520719 0.121352 0.186804 0.0242395
0 0.401529 0.368574 0.0306575 0.0477144 0.0240093
0 0.920704 0.705865 0.166181 0.541222 0.0237629
0 0.672795 0.443004 0.142466 0.092784 0.0237546
0 0.0200196 0.461123 0.0384409 0.125951 0.0232743
0 0.78317 0.4677 0.0973866 0.0914705 0.0230192
0 0.229177 0.507184 0.0690947 0.120658 0.0228758
0 0.0105405 0.52974 0.0215142 0.184412 0.0227681
0 0.288395 0.454419 0.0201288 0.0337036 0.0227361
0 0.0506313 0.493364 0.097999 0.198432 0.0227101
0 0.485038 0.470666 0.0196528 0.0248539 0.0225247
0 0.332083 0.484562 0.0404812 0.080993 0.0223583
0 0.639529 0.431338 0.0798469 0.0854051 0.0222596
0 0.220676 0.442621 0.0475931 0.0496042 0.0220374
0 0.617082 0.418023 0.0586654 0.0727785 0.0218653
0 0.0504593 0.462189 0.0862145 0.101104 0.021817
0 0.0926483 0.467929 0.0867951 0.0868842 0.0217852
0 0.385116 0.382426 0.0283522 0.0421204 0.0215844
0 0.596118 0.301062 0.0167603 0.0251425 0.0215383
0 0.902374 0.489549 0.132342 0.113676 0.0213881
0 0.967786 0.527643 0.0625458 0.14161 0.0213731
0 0.320892 0.345905 0.0321366 0.0682951 0.0210837
0 0.521439 0.433823 0.053967 0.0540159 0.0210515
0 0.637713 0.116939 0.0799029 0.103297 0.0210501
0 0.415251 0.359415 0.034745 0.0564571 0.0207768
0 0.0977833 0.562568 0.102529 0.169389 0.0207536
0 0.905334 0.855109 0.136687 0.24863 0.0207181
0 0.283055 0.43553 0.0569916 0.0961856 0.0206565
0 0.949826 0.522881 0.0946493 0.130984 0.0203505
0 0.00774681 0.560984 0.0160225 0.14505 0.0201474
0 0.235006 0.478898 0.0321214 0.0777158 0.0196374
0 0.16137 0.512303 0.0946967 0.146428 0.0196137
0 0.0287224 0.448824 0.0540344 0.134398 0.0193407
0 0.796215 0.458164 0.0776652 0.0733476 0.0191619
0 0.35078 0.389838 0.0251094 0.0328946 0.0190193
0 0.520033 0.455296 0.038342 0.0416734 0.018935
0 0.141354 0.469388 0.0888066 0.114308 0.0188966
0 0.611446 0.607754 0.0517816 0.0589899 0.0188871
0 0.559506 0.425367 0.0608956 0.0573892 0.0186364
0 0.0427864 0.602688 0.0736689 0.160942 0.0185485
0 0.0122523 0.446027 0.0246287 0.132193 0.0184856
0 0.579407 0.428996 0.119302 0.126639 0.0183215
0 0.579907 0.650119 0.0294201 0.0412246 0.0182146
0 0.269339 0.447568 0.0262729 0.037847 0.0182071
0 0.630333 0.411504 0.0382268 0.0720372 0.0180778
0 0.249635 0.477124 0.0393919 0.0801744 0.0180604
0 0.553199 0.419864 0.039749 0.0509387 0.0180458
0 0.215943 0.420187 0.0658137 0.0901669 0.0180359
0 0.413312 0.411429 0.0200974 0.0343893 0.0179371
0 0.35897 0.399862 0.0221635 0.0258052 0.0177743
0 0.375323 0.38852 0.0277815 0.0361653 0.0177214
0 0.429173 0.351169 0.0293261 0.0501511 0.017709
0 0.595797 0.413811 0.0792131 0.0736328 0.0174005
0 0.32765 0.34218 0.0316916 0.0740269 0.0172374
0 0.539011 0.420242 0.0463868 0.0547424 0.017204
0 0.064911 0.407341 0.123364 0.221557 0.017186
0 0.185927 0.271826 0.0465406 0.0839327 0.0171178
0 0.612076 0.433165 0.0218751 0.035758 0.0171044
0 0.209103 0.460369 0.0633162 0.0619506 0.0169772
0 0.916368 0.508171 0.172021 0.36248 0.0169403
0 0.523445 0.423687 0.0649325 0.068539 0.0168657
0 0.333703 0.410037 0.0266925 0.0430692 0.0167622
0 0.980077 -0.0127769 0.0392927 0.0428235 0.0164131
0 0.130712 0.566797 0.0960079 0.149653 0.0163602
0 0.124751 0.658494 0.0769991 0.111438 0.0162414
0 0.105905 0.468859 0.103041 0.117734 0.0161601
0 0.579419 0.639753 0.035386 0.0537664 0.0161121
0 0.0245663 0.500859 0.0483874 0.165811 0.0160608
0 0.797603 0.436502 0.0696623 0.0722782 0.0159987
0 0.783114 0.448746 0.0827941 0.0826192 0.0159111
0 0.772313 0.488071 0.0994123 0.102896 0.0159015
0 0.599356 0.323196 0.0228824 0.0442491 0.01584
0 0.106379 0.479307 0.077264 0.0837986 0.0158383
0 0.977256 0.540269 0.0450636 0.12705 0.0158379
0 0.599088 0.899199 0.0383378 0.0631075 0.015797
0 0.442472 0.357879 0.0289928 0.0493876 0.0157258
0 0.915235 0.349518 0.143032 0.185986 0.0156893
0 0.504243 0.423601 0.0771775 0.0844794 0.015654
0 0.609059 -0.00401529 0.0883475 0.0579004 0.0156493
0 0.331245 0.360713 0.0376612 0.0657174 0.0156385
0 0.498472 0.45767 0.0279386 0.0273148 0.0156151
0 0.618693 0.440725 0.0339031 0.0417904 0.0155945
0 0.73202 -0.00419751 0.10092 0.0582023 0.01558
0 0.386352 0.462434 0.0129457 0.0233509 0.0155343
0 0.192042 0.284973 0.0462176 0.0983882 0.0153637
0 0.758302 -0.00516442 0.0983405 0.0566898 0.0152987
0 0.599008 0.605742 0.0287572 0.0452589 0.0151932
0 0.974154 0.495905 0.0506437 0.125931 0.0151652
0 0.786594 -0.00579406 0.0925267 0.055568 0.0151586
0 0.557627 0.456766 0.0516433 0.056427 0.0151126
0 0.433937 0.399203 0.0297918 0.0549344 0.0149799
0 0.209522 0.652854 0.0597245 0.090839 0.0148392
0 0.599842 0.296834 0.0207608 0.0304144 0.0147984
0 0.877745 0.370011 0.0737114 0.0995891 0.01477
0 0.626173 0.102812 0.0746181 0.107646 0.0147459
0 0.983041 0.515496 0.0343916 0.124087 0.0147046
0 0.398601 0.4632 0.0134765 0.0244875 0.0146906
0 0.150432 0.659255 0.0658596 0.0981991 0.0146864
0 0.586767 -0.00598035 0.0789505 0.0523048 0.0146858
0 0.984881 0.42504 0.0315586 0.0983491 0.0145624
0 0.916222 0.308117 0.170842 0.402682 0.0145393
0 0.71487 0.479368 0.045811 0.0437252 0.0145389
0 0.89858 0.441401 0.113958 0.108427 0.0143733
0 0.0135992 0.586931 0.0287561 0.167886 0.0143447
0 0.986903 0.527535 0.0247391 0.11536 0.0143149
0 0.559226 -0.00562416 0.0755013 0.0518461 0.0142416
0 0.948266 0.477854 0.0960789 0.108374 0.0142055
0 0.709051 -0.00520898 0.094321 0.0556553 0.0141789
0 0.37768 0.284402 0.0254513 0.0403462 0.014151
0 0.983942 0.480486 0.0335732 0.12127 0.0141382
0 0.631976 0.238144 0.0438557 0.0784907 0.0141249
0 0.240188 0.441756 0.0197104 0.0310223 0.0141175
0 0.855068 0.310797 0.0306673 0.0446645 0.0140722
0 0.625779 0.24708 0.0312206 0.0583548 0.0140559
0 0.610945 0.403589 0.035779 0.0593234 0.0140399
0 0.877334 0.470431 0.0974772 0.0963487 0.0139492
0 0.322 0.40937 0.0259247 0.0507239 0.0139389
0 0.656566 -0.00443927 0.0878531 0.055936 0.0138922
0 0.190142 0.248584 0.0294081 0.0453888 0.0138363
0 0.531773 0.48875 0.0320247 0.0448 0.0138232
0 0.276958 0.362576 0.110341 0.244383 0.0137926
0 0.682619 -0.0057966 0.0866813 0.0523875 0.0137857
0 0.55305 0.494099 0.0376147 0.0521079 0.0137679
0 0.689059 0.471721 0.0981144 0.0713058 0.0137405
0 0.612472 0.555821 0.0366958 0.0542213 0.0136829
0 0.376162 0.465803 0.0142767 0.0257806 0.0136692
0 0.564822 0.609105 0.0561648 0.0652606 0.0136666
0 0.108758 0.654411 0.0700956 0.0989885 0.0135669
0 0.751189 0.467119 0.0795447 0.0770719 0.013538
0 0.785505 0.50313 0.0976316 0.103385 0.0135198
0 0.313742 0.339449 0.0425269 0.0822259 0.0134859
0 0.469367 0.401863 0.0664283 0.093855 0.0133751
0 0.251719 0.472466 0.0156823 0.0468447 0.0132518
0 0.596292 0.318586 0.0166284 0.0307335 0.0132435
0 0.811313 -0.00498139 0.0903523 0.0558558 0.0132429
0 0.736849 0.42954 0.0814403 0.0671967 0.0131915
0 0.535065 -0.00497959 0.079908 0.0542475 0.0131768
0 0.877912 0.875815 0.0849337 0.193676 0.0131675
0 0.00755517 0.605753 0.0160773 0.117557 0.0131671
0 0.182127 0.655422 0.053656 0.0802656 0.0131058
0 0.668677 0.393261 0.0905746 0.0889071 0.0130853
0 0.869098 0.339295 0.0644499 0.0945072 0.0129621
0 0.348867 0.180664 0.0405666 0.0702092 0.0129273
0 0.611459 0.866055 0.0308896 0.0610211 0.012913
0 0.9756 0.470279 0.047138 0.101643 0.0128831
0 0.611202 0.491322 0.0383156 0.0568078 0.0128657
0 0.338134 0.340541 0.0397353 0.0761906 0.0128374
0 0.57964 0.613559 0.0326842 0.0469567 0.012834
0 0.841908 0.846968 0.023682 0.0667419 0.0128268
0 0.971982 0.903058 0.0492178 0.120864 0.0128195
0 0.314155 0.360798 0.0430967 0.093389 0.0127623
0 0.600759 0.860145 0.0325569 0.0632968 0.012757
0 0.772875 0.712395 0.123039 0.260591 0.0127534
0 0.823724 0.731733 0.0844702 0.234558 0.0127528
0 0.635965 0.867524 0.0268634 0.0409517 0.0127213
0 0.509065 0.460067 0.030155 0.0276827 0.0127162
0 0.558201 0.618379 0.0656734 0.0924003 0.0126872
0 0.78957 0.0331836 0.0933359 0.0995684 0.0126823
0 0.759587 0.820437 0.152676 0.256655 0.0126466
0 0.632284 0.477965 0.0405648 0.0510845 0.0126439
0 0.733013 0.0382531 0.112578 0.116936 0.0126258
0 0.643072 0.121838 0.0599305 0.0761046 0.0125364
0 0.14915 0.48523 0.045154 0.0769995 0.0125088
0 0.0159792 0.41047 0.0335823 0.154653 0.0125046
0 0.835742 -0.00479183 0.0862352 0.0550011 0.0124894
0 0.436608 0.464272 0.0120728 0.0207678 0.0124836
0 0.580859 0.456207 0.0756221 0.0705715 0.012465
0 0.930396 0.382326 0.130758 0.152229 0.012461
0 0.609285 0.56095 0.0516269 0.0915385 0.0124533
0 0.181979 -0.00827487 0.0768799 0.0493439 0.0124285
0 0.455171 0.359794 0.0363762 0.0558779 0.0123967
0 0.929611 0.432226 0.13754 0.152326 0.0123807
0 0.310012 -0.00955221 0.0712705 0.0474475 0.0123471
0 0.208002 -0.00814757 0.0788227 0.0499263 0.0123461
0 0.762074 0.0359201 0.105132 0.107125 0.0123347
0 0.87131 0.818535 0.062994 0.19546 0.0123148
0 0.284452 -0.00998891 0.0718388 0.0468488 0.0123088
0 0.576713 0.445071 0.0956536 0.0694297 0.0122948
0 0.42898 0.324869 0.0282742 0.0486236 0.0122798
0 0.405867 -0.00792082 0.0746313 0.0484578 0.0122239
0 0.0101347 0.408928 0.0200124 0.101792 0.0122091
0 0.785216 0.121802 0.0980267 0.148113 0.0122015
0 0.413135 0.465029 0.0141091 0.024839 0.0121623
0 0.0416288 0.701298 0.0748702 0.154235 0.0121609
0 0.381061 -0.00769215 0.0735292 0.0492166 0.0121461
0 0.593591 0.297205 0.0221272 0.0312993 0.0121326
0 0.510922 -0.00534916 0.0823213 0.0540689 0.0121213
0 0.068674 0.493156 0.0899287 0.114096 0.0121096
0 0.351538 0.194288 0.0289532 0.0454094 0.0120994
0 0.233582 -0.00831452 0.0780912 0.0495723 0.0120558
0 0.826522 0.436725 0.0997569 0.0986396 0.012012
0 0.876616 0.504719 0.100268 0.113998 0.011998
0 0.211114 0.579121 0.0731482 0.107691 0.0119948
0 0.587374 0.892015 0.0356532 0.059552 0.0119834
0 0.230804 0.433199 0.0222138 0.0288651 0.0119517
0 0.98266 0.380493 0.0356306 0.110008 0.0119489
0 0.132789 -0.00915425 0.0751641 0.0477573 0.0119488
0 0.704237 0.478866 0.0670306 0.0547527 0.0119484
0 0.258874 -0.00895441 0.0762273 0.0484076 0.0119413
0 0.897281 0.344253 0.104909 0.142397 0.0119352
