0 0.5625 0.579817 0 0.219368 0.892841
0 0.309828 0.527825 0.059783 0.0713322 0.883738
0 0.5625 0.543854 0 0.0987393 0.834694
0 0.510611 0.511117 0.0177025 0.0230677 0.739667
0 0.369284 0.515009 0.0277291 0.057588 0.696347
0 0.349007 0.521114 0.0401226 0.063579 0.686135
0 0.560468 0.528648 0.00406342 0.0865593 0.608136
0 0.467499 0.507983 0.0210648 0.0246397 0.488858
0 0.489978 0.507365 0.0116306 0.0177361 0.477047
0 0.476062 0.506648 0.0177648 0.0226097 0.433133
0 0.5625 0.443673 0 0.887346 0.391695
0 0.499981 0.508205 0.00955114 0.01748 0.356489
0 0.5625 0.526959 0 0.659981 0.332388
0 0.479317 0.507476 0.0119496 0.0182232 0.312876
0 0.497823 0.507295 0.0105562 0.0184976 0.302107
0 0.50206 0.508238 0.0129915 0.020383 0.292846
0 0.494674 0.507272 0.0111813 0.0188483 0.287787
0 0.471771 0.506019 0.0243225 0.0273109 0.28218
0 0.463722 0.508169 0.0130439 0.0197499 0.279389
0 0.471474 0.507501 0.0164802 0.021088 0.252275
0 0.486219 0.507302 0.0124859 0.0186128 0.252006
0 0.452903 0.508656 0.0118136 0.0177518 0.202166
0 0.447191 0.507288 0.0156816 0.0223217 0.201523
0 0.455888 0.508593 0.0124047 0.0183436 0.200562
0 0.561121 0.529876 0.00275846 0.0708348 0.198824
0 0.508805 0.511599 0.0116835 0.0196446 0.197679
0 0.430392 0.508493 0.019782 0.0284545 0.19062
0 0.5625 0.663357 0 0.407244 0.165544
0 0.521058 0.509589 0.0126234 0.0205465 0.164077
0 0.515081 0.510197 0.0131533 0.0193576 0.156397
0 0.338859 0.520873 0.0363619 0.0576239 0.15433
0 0.5625 0.604288 0 0.354894 0.148506
0 0.449542 0.509589 0.0132199 0.0188865 0.147156
0 0.459937 0.505783 0.01291 0.0207114 0.14179
0 0.43823 0.507105 0.0157116 0.0244558 0.135507
0 0.42871 0.513139 0.0164143 0.0220814 0.129678
0 0.5625 0.742466 0 0.270641 0.127894
0 0.518014 0.515179 0.0153025 0.0228196 0.123086
0 0.372272 0.516817 0.0195665 0.0485763 0.120695
0 0.5625 0.728281 0 0.367474 0.117115
0 0.501539 0.510812 0.0146936 0.0300484 0.115874
0 0.499822 0.495373 0.0146151 0.0236144 0.113993
0 0.550262 0.503968 0.0244767 0.0600579 0.113598
0 0.5625 0.623995 0 0.571042 0.111545
0 0.485149 0.501583 0.0120337 0.0177205 0.111445
0 0.5625 0.388247 0 0.776494 0.110057
0 0.5625 0.825409 0 0.319201 0.107537
0 0.54885 0.518954 0.0273005 0.0710715 0.102257
0 0.5625 0.781904 0 0.285078 0.0998131
0 0.555924 0.514528 0.013152 0.0642992 0.0977048
0 0.526952 0.502684 0.0297758 0.0471762 0.0958861
0 0.497547 0.499197 0.0120186 0.017687 0.0898332
0 0.49963 0.501602 0.0110988 0.0173615 0.0895618
0 0.424201 0.511911 0.026118 0.029808 0.0868844
0 0.62873 0.545509 0.0591645 0.0844733 0.0866921
0 0.0201791 0.515122 0.0404476 0.0669586 0.0836817
0 0.375816 0.518651 0.0147203 0.0408756 0.0805241
0 0.462498 0.526691 0.0164505 0.0291095 0.0795641
0 0.928628 0.756519 0.118685 0.35702 0.0784926
0 0.343511 0.523065 0.0228053 0.0530662 0.0775066
0 0.503353 0.502146 0.0123353 0.0224614 0.076008
0 0.839694 0.636523 0.190498 0.393019 0.0752174
0 0.858371 0.413717 0.167474 0.589809 0.073287
0 0.968523 0.505498 0.0640221 0.602252 0.0731986
0 0.936757 0.834286 0.142925 0.314783 0.0728222
0 0.346263 0.515211 0.0220866 0.046849 0.0725385
0 0.895692 0.821528 0.0871834 0.279047 0.072402
0 0.893942 0.41907 0.100776 0.245878 0.0714165
0 0.454793 0.500713 0.0136684 0.0187759 0.0671494
0 0.826903 0.587214 0.138578 0.291348 0.066413
0 0.340599 0.510629 0.0210002 0.0377249 0.0652419
0 0.912404 0.824453 0.0524248 0.126255 0.0642569
0 0.468561 0.503778 0.0117904 0.0177071 0.0629828
0 0.667739 0.556808 0.0300198 0.0676964 0.0622514
0 0.838474 0.264389 0.166082 0.410254 0.0621973
0 0.916267 0.834247 0.0696478 0.256993 0.0607046
0 0.967741 0.71218 0.0644171 0.156839 0.0606795
0 0.836239 0.506235 0.0328983 0.0546823 0.0589489
0 0.791683 0.648331 0.226647 0.330144 0.0588341
0 0.458574 0.498552 0.0131647 0.0207779 0.0558511
0 0.189329 0.549833 0.0565763 0.0824285 0.0555308
0 0.635432 0.483163 0.0301541 0.0599071 0.0552852
0 0.574804 0.530602 0.023743 0.0512516 0.0539425
0 0.910701 0.790232 0.0561211 0.168569 0.0531584
0 0.772565 0.765521 0.243813 0.266542 0.0525113
0 0.826951 0.504842 0.0474386 0.0584067 0.0520795
0 0.183165 0.523352 0.0544914 0.043541 0.0515881
0 0.412408 0.510779 0.0182457 0.027158 0.0510746
0 0.44458 0.500603 0.0122076 0.0210537 0.0502857
0 0.852342 0.549894 0.127026 0.319161 0.0500911
0 0.867665 0.799069 0.140377 0.258299 0.0485495
0 0.915605 0.820848 0.0404257 0.0807661 0.0485136
0 0.399823 0.51564 0.0228584 0.0356902 0.0483952
0 0.507554 0.500397 0.0135736 0.0187944 0.0479567
0 0.42418 0.511973 0.0166426 0.0231348 0.0477495
0 0.386462 0.519137 0.0128648 0.0322297 0.0471135
0 0.670677 0.549783 0.0453753 0.0791533 0.0470845
0 0.381232 0.517215 0.0198001 0.0402501 0.0460958
0 0.641384 0.52646 0.0388532 0.0684925 0.0460576
0 0.968272 0.775865 0.0614763 0.190665 0.0456073
0 0.543324 0.52729 0.0288159 0.0522341 0.0453704
0 0.360828 0.519016 0.0161593 0.0482943 0.0435802
0 0.740955 0.482913 0.0629277 0.0382223 0.0428766
0 0.333676 0.504793 0.0198717 0.0269872 0.0427188
0 0.840198 0.515511 0.0271685 0.0591609 0.0412572
0 0.861932 0.63991 0.0510818 0.235002 0.0411475
0 0.433622 0.499229 0.0153914 0.0252417 0.0406154
0 0.857608 0.505605 0.0699137 0.0648407 0.0402506
0 0.638163 0.494289 0.0500845 0.0863078 0.0401946
0 0.362057 0.526853 0.0213228 0.0522413 0.0400268
0 0.196504 0.533234 0.0340595 0.0484857 0.0395292
0 0.877412 0.699271 0.103075 0.289833 0.0387519
0 0.598241 0.510516 0.0475248 0.0543872 0.0387472
0 0.674341 0.548432 0.0319775 0.0630159 0.0386428
0 0.854048 0.710866 0.023497 0.0889002 0.0385959
0 0.19768 0.551283 0.0381226 0.0653173 0.038574
0 0.389326 0.515094 0.0172748 0.0295723 0.0384991
0 0.970448 0.659544 0.0599361 0.215491 0.0384345
0 0.348995 0.512958 0.018952 0.0360808 0.0382893
0 0.0205567 0.49973 0.0418436 0.1106 0.038213
0 0.935487 0.910428 0.138406 0.187327 0.038106
0 0.904829 0.713259 0.0646818 0.171744 0.0376564
0 0.901612 0.825737 0.0771427 0.169428 0.0370492
0 0.558703 0.50818 0.0161726 0.0316377 0.0366712
0 0.0283075 0.508563 0.0519186 0.0850664 0.0357274
0 0.326858 0.523915 0.0252149 0.052189 0.0352701
0 0.812722 0.500341 0.0582898 0.0490917 0.035244
0 0.958542 0.755804 0.0573011 0.169929 0.0348021
0 0.889219 0.536774 0.0977877 0.139553 0.0340668
0 0.665269 0.54148 0.0300719 0.0556838 0.0338267
0 0.884968 0.697669 0.0870901 0.170546 0.0337216
0 0.566993 0.526756 0.0170053 0.0507983 0.0336724
0 0.933798 0.864278 0.0852043 0.252131 0.033646
0 0.88858 0.793271 0.0953751 0.179858 0.0336425
0 0.405663 0.519707 0.0161849 0.027213 0.0333898
0 0.962035 0.87381 0.0781557 0.241197 0.0332198
0 0.683502 0.537032 0.0364978 0.0750186 0.0330934
0 0.848093 0.538458 0.0218039 0.0497403 0.0329183
0 0.921048 0.855765 0.0416952 0.131938 0.0328878
0 0.860591 0.520534 0.0526157 0.0780991 0.0325278
0 0.336506 0.533423 0.027388 0.0587485 0.0321783
0 0.794631 0.598443 0.108422 0.173685 0.0319127
0 0.654569 0.490283 0.0679059 0.0997021 0.0301734
0 0.901517 0.39437 0.0765478 0.193497 0.0299326
0 0.803911 0.494837 0.0506823 0.0393623 0.0298688
0 0.0105065 0.490595 0.0221449 0.0952767 0.0295961
0 0.702398 0.532682 0.0694952 0.112254 0.0294512
0 0.792243 0.489237 0.0889045 0.0605657 0.0292277
0 0.983112 0.755924 0.0332472 0.138026 0.0289291
0 0.317389 0.495702 0.0230779 0.0268862 0.0289196
0 0.47378 0.511849 0.013062 0.0194115 0.0288387
0 0.806865 0.503954 0.0805407 0.0611443 0.0285866
0 0.843926 0.76788 0.162058 0.219448 0.0283728
0 0.879298 0.518089 0.096981 0.0994337 0.0283456
0 0.823873 0.679432 0.146993 0.183517 0.0283453
0 0.865265 0.705144 0.0431404 0.118492 0.028181
0 0.69876 0.663145 0.135436 0.259399 0.0281217
0 0.52589 0.491414 0.0164046 0.0289589 0.0280677
0 0.875484 0.723277 0.062752 0.126259 0.0280431
0 0.785392 0.506866 0.154999 0.0722261 0.0277204
0 0.885582 0.334939 0.129893 0.366674 0.0276853
0 0.788716 0.489504 0.0678861 0.0345697 0.0276478
0 0.944757 0.777347 0.071768 0.189114 0.0276073
0 0.465301 0.511584 0.0120996 0.0188601 0.0273749
0 0.259456 0.526775 0.0347085 0.0452301 0.0273239
0 0.977984 0.812963 0.0436337 0.197876 0.0272429
0 0.848118 0.541685 0.0157495 0.0341053 0.0267439
0 0.919483 0.753162 0.0645533 0.202852 0.0267315
0 0.651487 0.518697 0.036536 0.0744106 0.0266089
0 0.914576 0.863529 0.052803 0.169908 0.0265744
0 0.368951 0.491835 0.0187056 0.0270558 0.0259858
0 0.0155986 0.47177 0.0365942 0.138231 0.025942
0 0.663808 0.571405 0.0276171 0.0619787 0.0256693
0 0.967801 0.278641 0.0665831 0.513564 0.0253402
0 0.874028 0.504208 0.0625347 0.0623275 0.025269
0 0.745286 0.502193 0.129332 0.0708956 0.0252303
0 0.784709 0.234321 0.202516 0.317551 0.0252177
0 0.379901 0.545479 0.0299366 0.0623325 0.0251222
0 0.646374 0.557235 0.0383408 0.0874157 0.0251017
0 0.761163 0.377516 0.0299207 0.0434703 0.0250751
0 0.336781 0.495954 0.0313831 0.0468337 0.0249046
0 0.877884 0.870357 0.118231 0.22797 0.0248198
0 0.228473 0.553361 0.0681752 0.083476 0.0248161
0 0.960364 0.81317 0.0705191 0.190115 0.0246067
0 0.0543226 0.837538 0.100042 0.204101 0.0245723
0 0.859005 0.586626 0.0538315 0.203538 0.0244908
0 0.238122 0.522469 0.0510903 0.0566076 0.0244009
0 0.771241 0.265295 0.0229435 0.0271651 0.0240879
0 0.813356 0.531682 0.0832665 0.111181 0.0240299
0 0.682746 0.520576 0.028085 0.0469895 0.0238413
0 0.971519 0.591477 0.0580374 0.211003 0.0237593
0 0.48965 0.471234 0.0114547 0.0157756 0.0237234
0 0.849969 0.856959 0.170175 0.262216 0.0236608
0 0.659294 0.561832 0.0330843 0.0802518 0.0234862
0 0.247403 0.401291 0.0244897 0.0257356 0.0231896
0 0.866598 0.929645 0.144513 0.154073 0.0231658
0 0.844641 0.810844 0.130442 0.177019 0.0230942
0 0.865218 0.733296 0.0416115 0.111106 0.0230249
0 0.825629 0.951962 0.181345 0.136478 0.0229837
0 0.883154 0.836241 0.0927004 0.145991 0.0229408
0 0.325471 0.504217 0.0423415 0.0606773 0.0228785
0 0.232337 0.549707 0.052154 0.0543864 0.0225085
0 0.0247368 0.46845 0.0519338 0.159092 0.0224344
0 0.688084 0.505148 0.033236 0.0486394 0.0224001
0 0.808494 0.383667 0.150408 0.226708 0.0221871
0 0.925755 0.875044 0.0363987 0.116231 0.0220587
0 0.913286 0.368385 0.0618999 0.144553 0.0218556
0 0.869059 0.6906 0.0568354 0.160952 0.0218326
0 0.609691 0.52536 0.063766 0.0792754 0.0215925
0 0.850553 0.554896 0.0237068 0.0574714 0.021578
0 0.299095 0.525164 0.0371314 0.0553915 0.0215002
0 0.838517 0.499124 0.0408094 0.0741757 0.021436
0 0.809382 0.564953 0.0884016 0.163487 0.021339
0 0.284704 0.508855 0.0245388 0.0413787 0.0212846
0 0.0432037 0.493177 0.084317 0.117811 0.0212119
0 0.923614 0.902679 0.0892275 0.179045 0.0211481
0 0.842037 0.434536 0.0996607 0.208132 0.020986
0 0.965976 0.632491 0.0462582 0.127086 0.0209628
0 0.182941 0.33288 0.0441646 0.0777162 0.0208756
0 0.725366 0.602065 0.116551 0.153555 0.0207521
0 0.335578 0.52238 0.0161343 0.0428293 0.0207136
0 0.00901048 0.539317 0.0199273 0.0961544 0.0206115
0 0.671003 0.527347 0.0277953 0.0501394 0.0205933
0 0.957325 0.645916 0.0399433 0.152066 0.0205797
0 0.422681 0.490478 0.0186444 0.0304054 0.0205218
0 0.855921 0.727849 0.0333637 0.131435 0.0204276
0 0.828928 0.5191 0.0556641 0.078502 0.0203955
0 0.566605 0.497834 0.0289268 0.0471583 0.0202997
0 0.882939 0.274183 0.132716 0.217768 0.0200364
0 0.593499 0.407513 0.0315116 0.0491239 0.0199602
0 0.680806 0.556919 0.0542964 0.11787 0.0198273
0 0.7144 0.500145 0.069814 0.0858281 0.0197829
0 0.487454 0.474147 0.0103275 0.0151439 0.0197813
0 0.861435 0.402604 0.119971 0.207412 0.0196482
0 0.0230643 0.445032 0.0416353 0.119329 0.0195849
0 0.171197 0.306672 0.0208078 0.0326234 0.0194297
0 0.2527 0.549241 0.0522252 0.0739772 0.0193781
0 0.00896059 0.461293 0.0194525 0.0923285 0.0193747
0 0.49937 0.465728 0.0151754 0.0225876 0.0191917
0 0.336027 0.490548 0.0190545 0.0243322 0.0191529
0 0.885597 0.418659 0.0877529 0.162963 0.0191097
0 0.836707 0.643002 0.0275677 0.076423 0.019094
0 0.0345701 0.346747 0.0593109 0.0941005 0.0190776
0 0.682016 0.504691 0.0694938 0.103052 0.0190374
0 0.182245 0.491748 0.0598931 0.107061 0.0189799
0 0.63587 0.614485 0.090423 0.157715 0.0189525
0 0.97254 0.8562 0.0532269 0.205344 0.0188049
0 0.786187 0.725738 0.104666 0.145016 0.0186783
0 0.891226 0.590796 0.0907738 0.219173 0.018587
0 0.695319 0.562948 0.078021 0.147484 0.0185622
0 0.951024 0.600696 0.031498 0.132891 0.0185493
0 0.0146787 0.526439 0.0276394 0.0682353 0.0183033
0 0.899656 0.668358 0.0692101 0.21552 0.018291
0 0.0587964 0.762105 0.0944362 0.158341 0.0181264
0 0.913125 0.685398 0.0608347 0.169663 0.0179599
0 0.00489717 0.667938 0.0111285 0.088012 0.0179099
0 0.599532 0.423338 0.050963 0.0790623 0.017908
0 0.328656 0.467308 0.0300646 0.034715 0.0179069
0 0.0593665 0.513079 0.0719933 0.0648935 0.0178454
0 0.377884 0.510677 0.0271557 0.0579325 0.0178385
0 0.788999 0.660465 0.113819 0.11638 0.0178122
0 0.8062 0.444918 0.0901672 0.131686 0.0177955
0 0.594096 0.418911 0.0376833 0.061158 0.0177388
0 0.621239 0.17209 0.224678 0.325102 0.01773
0 0.278642 0.415666 0.0256973 0.0399334 0.0176696
0 0.184882 0.506982 0.0489573 0.0773799 0.0176265
0 0.8449 0.584405 0.0289999 0.12033 0.0176011
0 0.358217 0.4294 0.0391631 0.0558809 0.0175954
0 0.324746 0.416888 0.0446699 0.0610244 0.0175442
0 0.553217 0.459564 0.0600228 0.0941722 0.0175374
0 0.680085 0.499194 0.0380993 0.0618393 0.0174841
0 0.311961 0.547777 0.0346476 0.0556175 0.0174824
0 0.872414 0.761872 0.0698711 0.16733 0.0174789
0 0.927568 0.81741 0.0745348 0.157232 0.0174354
0 0.862491 0.437704 0.0546185 0.155417 0.0173909
0 0.129368 0.581657 0.122337 0.131016 0.017368
0 0.0087673 0.576847 0.0184813 0.125978 0.017339
0 0.557938 0.485947 0.028606 0.0539044 0.0171812
0 0.346905 0.487528 0.0207993 0.0276613 0.0171547
0 0.743531 0.346876 0.0465089 0.0718208 0.0171122
0 0.372849 0.492402 0.0202451 0.0342511 0.0170303
0 0.569774 0.479266 0.0321376 0.0576042 0.0168264
0 0.152613 0.556943 0.120904 0.128497 0.0168186
0 0.792197 0.536524 0.113458 0.118167 0.0167624
0 0.929598 0.28673 0.0955141 0.329858 0.0167158
0 0.83504 0.613554 0.0377964 0.138218 0.0166894
0 0.229797 0.493224 0.0400121 0.0737695 0.0166416
0 0.594046 0.498402 0.0251161 0.0337468 0.0166181
0 0.598028 0.476045 0.0291923 0.0408636 0.0166065
0 0.821868 0.585309 0.0638309 0.165319 0.0166014
0 0.0598747 0.465585 0.110286 0.171687 0.0165569
0 0.00930581 0.641316 0.0197542 0.118774 0.0165522
0 0.978785 0.997041 0.0432951 0.0512455 0.0164662
0 0.782938 0.479892 0.0530378 0.029276 0.0163471
0 0.372443 0.498586 0.015344 0.0257536 0.0162771
0 0.265974 0.541382 0.0376409 0.0547284 0.0162009
0 0.239154 0.411912 0.0583161 0.0637688 0.0161671
0 0.722723 0.486097 0.0577388 0.0428773 0.0161161
0 0.478083 0.472966 0.0123031 0.0170803 0.0160982
0 0.0820723 0.478609 0.115795 0.130971 0.0160381
