0 0.293151 0.617827 0.0612443 0.069903 0.81289
0 0.237088 0.618327 0.0431502 0.0516512 0.756209
0 0.180406 0.626707 0.0245449 0.0256644 0.542456
0 0.124389 0.628835 0.0249627 0.0248911 0.471922
0 0.202278 0.623254 0.0203689 0.0269918 0.469083
0 0.0313263 0.621573 0.0550582 0.100555 0.468042
0 0.0151977 0.64197 0.0303954 0.136378 0.466689
0 0.151086 0.626058 0.0266009 0.0250483 0.452955
0 0.0707845 0.635267 0.0268161 0.04358 0.426513
0 0.0850324 0.627845 0.0438939 0.0432944 0.379339
0 0.104793 0.628578 0.0253125 0.0294508 0.366654
0 0.213335 0.623045 0.0181363 0.0300073 0.33967
0 0.0403766 0.626042 0.0393033 0.0764967 0.302991
0 0.184137 0.62658 0.0184611 0.021214 0.300835
0 0.15343 0.627164 0.0196219 0.0193461 0.261345
0 0.20816 0.623497 0.0177679 0.0279715 0.247781
0 0.104392 0.630012 0.0189187 0.0232229 0.246509
0 0.174764 0.627015 0.0148018 0.0200939 0.245221
0 0.150531 0.620296 0.0319688 0.0374796 0.239761
0 0.183862 0.622793 0.0253257 0.0305898 0.238774
0 0.197341 0.624823 0.0197167 0.0245535 0.232794
0 0.129241 0.628209 0.0196062 0.0201159 0.231742
0 0.0989475 0.618722 0.0410151 0.0515866 0.211541
0 0.138169 0.628502 0.0205982 0.0210721 0.208476
0 0.115409 0.618431 0.0445894 0.048729 0.207062
0 0.0745211 0.625372 0.0444527 0.0609016 0.204194
0 0.0544366 0.628632 0.0405163 0.0692123 0.19797
0 0.123704 0.619465 0.0343 0.0426738 0.197696
0 0.167891 0.627361 0.0176437 0.0203697 0.196989
0 0.414988 0.608696 0.153638 0.148276 0.191316
0 0.164138 0.632733 0.0144084 0.0207706 0.183835
0 0.123266 0.629638 0.0170893 0.0209064 0.173083
0 0.117349 0.629771 0.0191077 0.024527 0.169174
0 0.0974717 0.628563 0.0284354 0.0308842 0.163433
0 0.0275064 0.641116 0.054793 0.157363 0.157471
0 0.119639 0.635209 0.0141656 0.0200048 0.1544
0 0.0785088 0.632375 0.0288248 0.0400742 0.134504
0 0.5625 0.28376 0 0.153647 0.130807
0 0.0916162 0.63212 0.0180868 0.0297842 0.128673
0 0.5625 0.2979 0 0.253473 0.122146
0 0.0874637 0.610805 0.0573642 0.0791282 0.117644
0 0.120156 0.631396 0.0171515 0.0195745 0.11639
0 0.5625 0.628274 0 0.0694177 0.109963
0 0.197766 0.629009 0.0153482 0.0250609 0.109482
0 0.0614711 0.613164 0.0557345 0.0965093 0.10942
0 0.26424 0.604956 0.0250551 0.0505183 0.107736
0 0.0556032 0.644868 0.0488225 0.0755957 0.104785
0 0.0739165 0.637292 0.01933 0.0292091 0.10333
0 0.5625 0.269732 0 0.413063 0.0905006
0 0.233414 0.608792 0.0553793 0.0706015 0.0833484
0 0.894031 0.251126 0.086747 0.0947815 0.0808037
0 0.0862994 0.63634 0.0224238 0.0290137 0.0800672
0 0.823065 0.253006 0.341085 0.355409 0.0750415
0 0.102035 0.623366 0.0250979 0.0446434 0.0742026
0 0.329756 0.626935 0.0298759 0.0531185 0.0739541
0 0.221507 0.61868 0.0227288 0.0375917 0.0730089
0 0.9895 0.625554 0.0207582 0.0823812 0.0729772
0 0.247397 0.620742 0.0143741 0.0275779 0.0726599
0 0.912618 0.362593 0.172779 0.439196 0.0713989
0 0.853467 0.309039 0.172927 0.226897 0.0703974
0 0.03324 0.670441 0.063011 0.243303 0.0680429
0 0.574048 0.605704 0.0216378 0.0416256 0.0678187
0 0.0744892 0.597038 0.0802467 0.107168 0.0672234
0 0.251194 0.618796 0.0200835 0.0363796 0.0645129
0 0.0291122 0.562748 0.0568364 0.291979 0.0633529
0 0.873862 0.224655 0.16939 0.281918 0.0620511
0 0.917517 0.318832 0.159922 0.26357 0.0617647
0 0.563957 0.60854 0.0422639 0.058807 0.0616386
0 0.717657 0.614516 0.0594967 0.0626962 0.0608669
0 0.153333 0.630962 0.0168334 0.0199047 0.0604403
0 0.0961091 0.592228 0.069353 0.101797 0.059946
0 0.0775933 0.642625 0.0306788 0.0482026 0.059622
0 0.905322 0.183445 0.188761 0.249294 0.0592993
0 0.60771 0.603516 0.0849448 0.0800346 0.0582396
0 0.581026 0.606349 0.034941 0.0568395 0.0573726
0 0.272207 0.619035 0.0309227 0.0560087 0.0552346
0 0.592831 0.605971 0.0537496 0.0656025 0.0541592
0 0.0087452 0.602235 0.0191914 0.11842 0.0540666
0 0.889305 0.342711 0.114946 0.28972 0.0535686
0 0.264533 0.619601 0.0167585 0.0368337 0.0525212
0 0.256662 0.616507 0.015058 0.0340135 0.0524907
0 0.552731 0.607831 0.0645857 0.0671081 0.0524377
0 0.329717 0.613536 0.0247873 0.0639265 0.0520655
0 0.735135 0.61322 0.0901138 0.0740256 0.0520343
0 0.636553 0.605073 0.0543689 0.0668557 0.051132
0 0.982095 0.623988 0.035091 0.0891052 0.0504312
0 0.642585 0.601311 0.0763865 0.0889496 0.0496706
0 0.260895 0.620693 0.0172425 0.0329334 0.0494465
0 0.875844 0.142957 0.158148 0.141416 0.0492408
0 0.36873 0.60376 0.0598225 0.131329 0.0492246
0 0.991499 0.653133 0.0176195 0.117516 0.0490491
0 0.441276 0.623031 0.0981727 0.113969 0.0486287
0 0.932383 0.613062 0.135652 0.140856 0.0484846
0 0.962823 0.321046 0.0698473 0.199738 0.0480017
0 0.199797 0.624758 0.0141789 0.0200239 0.0455567
0 0.746435 0.320435 0.190252 0.236411 0.0455295
0 0.837702 0.147912 0.0563473 0.0393937 0.044877
0 0.0567961 0.592508 0.0457187 0.1695 0.0445148
0 0.720078 0.159484 0.0720765 0.113415 0.043657
0 0.810629 0.36598 0.25561 0.321426 0.0432023
0 0.266603 0.625751 0.0152272 0.0266524 0.0423286
0 0.987858 0.608234 0.0247557 0.122721 0.0422319
0 0.729096 0.290304 0.354236 0.308245 0.0412724
0 0.622225 0.592905 0.108648 0.0991556 0.0400389
0 0.858599 0.172606 0.118471 0.118535 0.0400181
0 0.203342 0.608645 0.0162092 0.0254488 0.0394563
0 0.969917 0.223615 0.0588743 0.228359 0.0394207
0 0.691928 0.606902 0.0751032 0.0751105 0.0393962
0 0.9827 0.747344 0.0360907 0.0911794 0.0393935
0 0.261324 0.598486 0.0210372 0.0307511 0.0388013
0 0.497742 0.614439 0.0228253 0.0735537 0.0387302
0 0.982654 0.764897 0.0304913 0.0535358 0.0387211
0 0.726676 0.582988 0.125117 0.126655 0.0385456
0 0.762568 0.568144 0.0535677 0.0892075 0.0382735
0 0.198185 0.609721 0.0154872 0.0236131 0.037752
0 0.660415 0.605964 0.0701004 0.0771729 0.0372389
0 0.986886 0.665207 0.0268501 0.148447 0.0372382
0 0.683703 0.591251 0.0680264 0.10176 0.0370317
0 0.964594 0.167677 0.0678574 0.230065 0.036989
0 0.705942 0.222263 0.334096 0.341753 0.0369397
0 0.915445 0.247849 0.118987 0.105705 0.0368595
0 0.980344 0.725893 0.0408398 0.150692 0.0367667
0 0.877613 0.21819 0.125248 0.12416 0.0366008
0 0.187645 0.630624 0.0154973 0.0203242 0.0364731
0 0.725523 0.558026 0.162609 0.161685 0.035963
0 0.831183 0.178366 0.0910861 0.10109 0.0359186
0 0.700819 0.589792 0.0869514 0.114126 0.034974
0 0.658154 0.592789 0.0900802 0.107446 0.0344956
0 0.525373 0.611807 0.0616261 0.0703894 0.0344805
0 0.438244 0.586424 0.102971 0.0955834 0.0343331
0 0.836208 0.160583 0.069791 0.0688366 0.0340167
0 0.857544 0.193053 0.155857 0.147238 0.0337609
0 0.726457 0.178764 0.0576682 0.0674458 0.0337391
0 0.92728 0.528782 0.149078 0.271979 0.0336777
0 0.972748 0.346544 0.0558323 0.18144 0.0335697
0 0.746668 0.386318 0.239995 0.312193 0.0333482
0 0.735019 0.183395 0.0419253 0.0472849 0.0333215
0 0.318911 0.620555 0.0162927 0.0315402 0.0326737
0 0.538652 0.606777 0.0861564 0.0908834 0.0326063
0 0.979349 0.0987176 0.0416698 0.150964 0.0319485
0 0.971912 0.3037 0.0532768 0.144614 0.0319468
0 0.842174 0.545855 0.133574 0.152268 0.0317382
0 0.40572 0.262486 0.0243021 0.0385503 0.0309842
0 0.624056 0.608512 0.0778668 0.0801963 0.030864
0 0.41778 0.575919 0.147947 0.0824034 0.030799
0 0.097202 0.576504 0.0843781 0.148706 0.0307417
0 0.268402 0.602095 0.0234375 0.0345023 0.0307245
0 0.131162 0.608414 0.026748 0.0289312 0.0307016
0 0.751405 0.598462 0.0754449 0.0943681 0.0305473
0 0.204967 0.625615 0.0125637 0.0212273 0.0302431
0 0.978551 0.649806 0.0429359 0.132802 0.0299289
0 0.314134 0.599986 0.0543028 0.0898376 0.0297952
0 0.716235 0.126588 0.0522812 0.0530389 0.029736
0 0.369914 0.575075 0.0620532 0.0738661 0.0297186
0 0.323431 0.639537 0.0194846 0.0334033 0.029665
0 0.407965 0.372009 0.0199049 0.0395874 0.0295497
0 0.972246 0.31955 0.0496538 0.0922114 0.029469
0 0.798776 0.357895 0.070236 0.152483 0.0294303
0 0.387546 0.603646 0.0991807 0.136426 0.0294094
0 0.976675 0.23048 0.0461426 0.146843 0.0293309
0 0.945984 0.246688 0.106356 0.113965 0.0292802
0 0.59048 0.487264 0.0189306 0.0270299 0.0292525
0 0.854899 0.155013 0.0925262 0.0637674 0.0291927
0 0.63298 0.562988 0.137016 0.158494 0.028906
0 0.965367 0.275708 0.0673857 0.160528 0.0288587
0 0.878869 0.514977 0.074617 0.097796 0.0288097
0 0.761875 0.551752 0.047976 0.0673771 0.028292
0 0.341942 0.601968 0.0457893 0.0939334 0.028139
0 0.0189097 0.604018 0.0379721 0.112602 0.0280772
0 0.895506 0.107612 0.0665287 0.0544815 0.0280703
0 0.682531 0.585501 0.0433376 0.101404 0.0280036
0 0.21853 0.596379 0.0442915 0.0719234 0.0277679
0 0.153345 0.611696 0.0187481 0.0240016 0.0277607
0 0.435331 0.394341 0.0194727 0.0388813 0.0277375
0 0.353711 0.599701 0.0380353 0.0998908 0.0275105
0 0.787728 0.513834 0.249389 0.234866 0.027421
0 0.970201 0.624903 0.0561369 0.0843497 0.0273158
0 0.697109 0.166165 0.0466817 0.0763978 0.0270307
0 0.731542 0.195432 0.0475424 0.0447788 0.0268502
0 0.372507 0.56029 0.0529813 0.0495448 0.0268281
0 0.591889 0.575478 0.0410805 0.116397 0.0267868
0 0.966879 0.0896075 0.0642309 0.17461 0.0267252
0 0.935836 0.539854 0.127474 0.173063 0.0264246
0 0.675251 0.564857 0.166197 0.150799 0.0263727
0 0.851075 0.52221 0.115394 0.105979 0.0261331
0 0.988298 0.719948 0.0240688 0.1284 0.0260858
0 0.720467 0.214168 0.0671394 0.0724302 0.0260143
0 0.702491 0.209733 0.0607727 0.079559 0.0260095
0 0.0141234 0.547326 0.0289234 0.179479 0.0259445
0 0.815407 0.441275 0.0396412 0.0697293 0.0255442
0 0.771604 0.239995 0.223047 0.237785 0.0253063
0 0.697138 0.19048 0.0395226 0.0574659 0.0252848
0 0.433901 0.585625 0.0708621 0.0796626 0.0252288
0 0.680672 0.168304 0.033762 0.0573389 0.025128
0 0.574747 0.616265 0.0228962 0.0380781 0.0251185
0 0.315239 0.646687 0.0261523 0.0456525 0.0251135
0 0.373796 0.539116 0.0497506 0.0245512 0.0250059
0 0.930904 0.677569 0.134444 0.215383 0.0248433
0 0.888483 0.186817 0.124063 0.150893 0.024776
0 0.703107 0.296246 0.158535 0.201451 0.0247172
0 0.912118 0.151783 0.127674 0.143525 0.0247169
0 0.330255 0.630743 0.0225707 0.0346505 0.0244274
0 0.407326 0.338721 0.0223445 0.0487414 0.0243614
0 0.664918 0.348853 0.243966 0.305501 0.0243514
0 0.205306 0.627873 0.0178288 0.0264405 0.0243092
0 0.591618 0.551781 0.0279854 0.0972039 0.0242681
0 0.0449102 0.743422 0.0829446 0.284154 0.0242428
0 0.909072 0.105051 0.173091 0.148477 0.0241176
0 0.895134 0.518945 0.0384283 0.0557957 0.0240903
0 0.682727 0.539208 0.0233005 0.0312929 0.0240452
0 0.165918 0.611001 0.0162027 0.0211068 0.0240362
0 0.955293 0.113078 0.084576 0.118936 0.0238263
0 0.70796 0.148881 0.0627915 0.0899125 0.0237975
0 0.962838 0.234548 0.0703066 0.121611 0.0236629
0 0.379511 0.509898 0.0536994 0.0568821 0.0235918
0 0.729388 0.216919 0.0553163 0.047062 0.0235402
0 0.440229 0.277935 0.0226301 0.0382285 0.0232002
0 0.678509 0.208266 0.0536789 0.0861847 0.0230693
0 0.758277 0.183041 0.054147 0.0491526 0.0230242
0 0.727611 0.269095 0.155298 0.146665 0.0229552
0 0.711235 0.179939 0.0971911 0.162052 0.0228732
0 0.530935 0.519084 0.0239065 0.0445467 0.0227019
0 0.981758 0.361172 0.0364286 0.165964 0.0226476
0 0.811219 0.485908 0.0467173 0.0409387 0.0225364
0 0.035072 0.50197 0.0709659 0.301068 0.022436
0 0.820077 0.186278 0.12648 0.133104 0.0222558
0 0.680178 0.265631 0.178243 0.165856 0.0222511
0 0.972106 0.751318 0.0488056 0.0779505 0.0222241
0 0.715689 0.541003 0.0432344 0.0428078 0.0221764
0 0.370147 0.630315 0.0546442 0.0859218 0.0220688
0 0.971336 0.120091 0.0556116 0.136371 0.0219038
0 0.52545 0.384067 0.0233027 0.0411881 0.0218921
0 0.970984 0.593101 0.0562988 0.128096 0.0218332
0 0.215053 0.51373 0.0503874 0.0811123 0.0218136
0 0.809593 0.517364 0.0598478 0.0874747 0.0217902
0 0.905889 0.120935 0.102305 0.0874776 0.0217689
0 0.769871 0.32607 0.115236 0.168715 0.0217171
0 0.991131 0.581647 0.0191414 0.112924 0.0217151
0 0.985173 0.301971 0.0299248 0.152156 0.0216829
0 0.908952 0.391486 0.123548 0.319375 0.0216349
0 0.530908 0.423488 0.0308077 0.0336881 0.0215636
0 0.639381 0.199445 0.260272 0.313979 0.0215444
0 0.816895 0.451159 0.0331457 0.0477542 0.0213299
0 0.0512457 0.668447 0.0663034 0.133254 0.0213289
0 0.407809 0.358339 0.0210402 0.0437642 0.0213048
0 0.847223 0.222797 0.125895 0.151714 0.0212713
0 0.389214 0.558689 0.0824446 0.0522492 0.0212035
0 0.401183 0.554343 0.10478 0.132403 0.0211222
0 0.984133 0.242771 0.0310486 0.131604 0.0210332
0 0.958218 0.657184 0.082221 0.129071 0.0209027
0 0.706248 0.476159 0.0649576 0.05109 0.0208727
0 0.823958 0.501658 0.0620065 0.0652602 0.02086
0 0.588341 0.447457 0.0239857 0.0592794 0.0208389
0 0.0496758 0.535547 0.0941225 0.24949 0.020767
0 0.679703 0.190391 0.0386219 0.0635383 0.0207351
0 0.60566 0.581792 0.0640437 0.117425 0.020723
0 0.413249 0.424699 0.0308909 0.0333841 0.0206036
0 0.434398 0.559517 0.101538 0.0637262 0.0205129
0 0.411715 0.379797 0.026505 0.0467341 0.0204905
0 0.897861 0.0935612 0.0560587 0.0454582 0.0204559
0 0.41048 0.543751 0.0607312 0.0421374 0.0204547
0 0.961301 0.340328 0.049663 0.126017 0.0204195
0 0.523097 0.418002 0.0257659 0.0296946 0.0203524
0 0.00857634 0.152071 0.0175583 0.198517 0.0203072
0 0.485024 0.623944 0.0289586 0.0707054 0.0200484
0 0.429085 0.418442 0.0266076 0.0328189 0.0200409
0 0.712993 0.231022 0.114736 0.112426 0.0200184
0 0.0620486 0.579456 0.0756494 0.139283 0.0200119
0 0.983884 0.119548 0.0324594 0.117186 0.0199609
0 0.962075 0.727482 0.0725098 0.140172 0.019866
0 0.981706 0.196744 0.0367424 0.182176 0.0197889
0 0.588536 0.463648 0.0229303 0.0530567 0.0196677
0 0.750167 0.615958 0.111659 0.121113 0.0196642
0 0.188751 0.612134 0.0145008 0.0196363 0.0196204
0 0.924154 0.502493 0.134728 0.171883 0.0195728
0 0.902342 0.571237 0.0688356 0.0729162 0.0195697
0 0.898358 0.520772 0.0555061 0.0756272 0.0195311
0 0.857073 0.292956 0.0507309 0.125472 0.0194819
0 0.572724 0.294651 0.155903 0.213215 0.0194672
0 0.00708862 0.232425 0.0156017 0.163455 0.0194559
0 0.36004 0.516565 0.0294298 0.0400223 0.0194375
0 0.921908 0.0455455 0.0616985 0.0840732 0.0193073
0 0.00542784 0.269619 0.0122297 0.107644 0.0190855
0 0.481575 0.592108 0.0421218 0.0825382 0.0190707
0 0.0145392 0.687928 0.0307292 0.206901 0.0190401
0 0.888543 0.468753 0.180823 0.319783 0.0189577
0 0.432591 0.447104 0.0434945 0.0477071 0.0189335
0 0.946685 0.0813775 0.101683 0.157098 0.018914
0 0.222114 0.385743 0.0310195 0.0571459 0.0189005
0 0.811213 0.426588 0.052338 0.0962118 0.0187891
0 0.562336 0.589967 0.0538864 0.0832888 0.0187545
0 0.61829 0.325287 0.0300086 0.0686243 0.0187457
0 0.503967 0.60329 0.0293563 0.0763952 0.0186815
0 0.673163 0.485211 0.0164696 0.0256638 0.0185657
0 0.976224 0.696256 0.0467695 0.138411 0.0185383
0 0.931386 0.394769 0.116465 0.264076 0.018503
0 0.825876 0.431389 0.0443674 0.0804735 0.0183891
0 0.507834 0.633725 0.0296584 0.0553952 0.0183777
0 0.960974 0.612581 0.0746292 0.0959427 0.0183509
0 0.672047 0.614323 0.0669406 0.0661303 0.0183082
