0 0.401978 0.593165 0.110832 0.132947 0.908224
0 0.470102 0.5797 0.057876 0.0911994 0.889194
0 0.209475 0.653432 0.28832 0.289277 0.878428
0 0.544837 0.584564 0.0353268 0.094589 0.848424
0 0.0502718 0.629647 0.100287 0.152882 0.740221
0 0.515598 0.579391 0.0244143 0.0398644 0.621086
0 0.495195 0.573992 0.0225572 0.0624524 0.530513
0 0.5625 0.583221 0 0.0503845 0.391149
0 0.521319 0.578626 0.0220028 0.0389802 0.304829
0 0.5625 0.592626 0 0.0215178 0.292866
0 0.5625 0.575127 0 0.0256688 0.253444
0 0.5625 0.56705 0 0.0279787 0.233889
0 0.5625 0.590812 0 0.0546505 0.232135
0 0.5625 0.609473 0 0.0214157 0.231437
0 0.5625 0.585836 0 0.0434107 0.230999
0 0.527371 0.576774 0.0149669 0.0338576 0.224803
0 0.5625 0.582123 0 0.0401328 0.221884
0 0.521891 0.580208 0.0140997 0.0272624 0.221322
0 0.507883 0.579553 0.0168957 0.0381831 0.219739
0 0.5625 0.5695 0 0.0345389 0.210822
0 0.5625 0.602779 0 0.0327054 0.2098
0 0.5625 0.572479 0 0.0253435 0.203133
0 0.5625 0.588306 0 0.0298634 0.198654
0 0.5625 0.573703 0 0.0713203 0.195874
0 0.5625 0.592321 0 0.0418501 0.193071
0 0.5625 0.570054 0 0.0364731 0.190509
0 0.5625 0.582509 0 0.0328563 0.189897
0 0.5625 0.588715 0 0.0397829 0.188123
0 0.5625 0.566536 0 0.031342 0.184848
0 0.5625 0.586608 0 0.0368482 0.184669
0 0.5625 0.567372 0 0.0312604 0.183037
0 0.5625 0.572586 0 0.039264 0.182748
0 0.5625 0.581653 0 0.0767905 0.181045
0 0.5625 0.597176 0 0.0407565 0.172821
0 0.505078 0.58433 0.01462 0.033087 0.172035
0 0.515461 0.581914 0.0141023 0.030574 0.16797
0 0.00929798 0.615883 0.018596 0.095873 0.158782
0 0.5625 0.561006 0 0.0239276 0.151397
0 0.556811 0.556712 0.0113772 0.0697294 0.150845
0 0.5625 0.611762 0 0.0169334 0.150211
0 0.5625 0.577882 0 0.0205254 0.149803
0 0.339056 0.577099 0.0294385 0.0518578 0.147907
0 0.489447 0.580137 0.0234271 0.0732892 0.147555
0 0.0142174 0.618058 0.0280554 0.112197 0.146915
0 0.5625 0.575612 0 0.040223 0.143918
0 0.511244 0.584863 0.0156346 0.0319746 0.141925
0 0.5625 0.606425 0 0.0227312 0.137571
0 0.5625 0.576018 0 0.0200808 0.136962
0 0.5625 0.583111 0 0.0437084 0.13293
0 0.5625 0.569166 0 0.0210541 0.130209
0 0.871061 0.595445 0.0178175 0.0164311 0.130015
0 0.918303 0.579638 0.0647734 0.0598948 0.129551
0 0.977855 0.581941 0.0433695 0.079538 0.128953
0 0.023218 0.626427 0.0450648 0.124762 0.128092
0 0.620205 0.574801 0.0232756 0.0207812 0.127842
0 0.934163 0.579714 0.0812996 0.0646951 0.126283
0 0.580278 0.583499 0.016995 0.0552696 0.123603
0 0.661883 0.568515 0.024446 0.0261472 0.12031
0 0.843688 0.586341 0.0194788 0.0250288 0.119103
0 0.85898 0.577959 0.0535503 0.0503781 0.11759
0 0.63642 0.573715 0.0179213 0.0194327 0.112017
0 0.597704 0.559674 0.0183243 0.030133 0.111758
0 0.0400999 0.636797 0.0720734 0.125754 0.111273
0 0.52993 0.584177 0.0143868 0.028246 0.109655
0 0.792935 0.566796 0.032269 0.0281273 0.10914
0 0.63188 0.572276 0.0224277 0.0194308 0.10869
0 0.758789 0.568565 0.0333747 0.0278398 0.108314
0 0.0186936 0.600193 0.0370004 0.0808657 0.10731
0 0.759531 0.574062 0.0518151 0.0312627 0.106563
0 0.500734 0.585734 0.0146721 0.0370419 0.10622
0 0.720451 0.563498 0.0586877 0.0555545 0.105136
0 0.561081 0.591908 0.038857 0.0662717 0.104606
0 0.684173 0.564028 0.0179557 0.0249472 0.104268
0 0.43951 0.535584 0.0370029 0.0321559 0.102682
0 0.987955 0.614309 0.0175173 0.0155002 0.0998945
0 0.766831 0.579006 0.0442322 0.0241024 0.0997303
0 0.332153 0.569333 0.0356093 0.0608203 0.0987536
0 0.596703 0.563622 0.0140036 0.0222766 0.0985151
0 0.94793 0.574884 0.103837 0.0889935 0.0983344
0 0.81854 0.563042 0.0435939 0.0287902 0.0958673
0 0.991432 0.612011 0.0136847 0.0193889 0.0917381
0 0.595489 0.569571 0.0153943 0.0206826 0.0914695
0 0.699414 0.575939 0.0176607 0.0225811 0.0912971
0 0.657742 0.563121 0.0197321 0.0258233 0.0911627
0 0.685052 0.570589 0.0199503 0.0247297 0.0905745
0 0.869626 0.580902 0.0423702 0.0433841 0.0904199
0 0.804015 0.56306 0.0244179 0.022591 0.0900272
0 0.33804 0.589745 0.0330339 0.0759704 0.0895773
0 0.684274 0.563642 0.0447973 0.0456327 0.0892781
0 0.495028 0.585413 0.0149838 0.0490808 0.0887787
0 0.457656 0.550404 0.0659966 0.0586923 0.0878055
0 0.586889 0.576041 0.0144569 0.0225602 0.0851331
0 0.900298 0.592924 0.0185684 0.0254384 0.0847388
0 0.855918 0.593081 0.0200867 0.0205863 0.0841262
0 0.0736299 0.634748 0.0979539 0.171977 0.0833073
0 0.84338 0.593505 0.0185614 0.0216347 0.0827134
0 0.644356 0.57172 0.0209522 0.0207047 0.0815236
0 0.743093 0.567446 0.0175625 0.0201067 0.0810015
0 0.339588 0.565254 0.047782 0.0761363 0.0803179
0 0.691424 0.570256 0.0229178 0.027502 0.080102
0 0.0081615 0.598318 0.0168723 0.0808734 0.0792854
0 0.580539 0.580073 0.0127353 0.024462 0.0791112
0 0.616485 0.57304 0.0158509 0.0193223 0.0786701
0 0.576118 0.579066 0.020224 0.0414634 0.0783688
0 0.591587 0.575398 0.0161362 0.0233944 0.0765413
0 0.762352 0.562312 0.0423735 0.0330202 0.0759451
0 0.804814 0.561808 0.0163127 0.0190669 0.0741679
0 0.493189 0.565587 0.0165635 0.0421744 0.0736457
0 0.716743 0.579035 0.0192298 0.020322 0.072604
0 0.326928 0.56493 0.0485139 0.0776946 0.0720952
0 0.0720872 0.623858 0.151727 0.192173 0.0714908
0 0.839677 0.589611 0.0202259 0.0218432 0.0708114
0 0.529315 0.566572 0.0131195 0.0217275 0.0707235
0 0.627355 0.571857 0.018754 0.0178005 0.070398
0 0.822534 0.568024 0.0792889 0.0635131 0.0700461
0 0.752601 0.56811 0.0202461 0.02072 0.0687514
0 0.96493 0.602437 0.0318167 0.0235956 0.0685574
0 0.691245 0.564605 0.0206022 0.0241961 0.0665136
0 0.702765 0.573581 0.0180049 0.0224132 0.0664588
0 0.00848327 0.643612 0.0169182 0.132317 0.0655933
0 0.576634 0.578878 0.014998 0.0307107 0.065509
0 0.931402 0.596869 0.0248606 0.0272529 0.0654104
0 0.0625128 0.616479 0.0750241 0.122152 0.0649364
0 0.916496 0.57072 0.0825796 0.0815224 0.0647075
0 0.822361 0.567987 0.0253599 0.0244125 0.0645146
0 0.437858 0.545363 0.0451879 0.0467094 0.0639677
0 0.754926 0.556506 0.0305205 0.031225 0.0634686
0 0.847433 0.56974 0.0476862 0.0630647 0.0633498
0 0.813083 0.561776 0.0217459 0.0195132 0.0633413
0 0.824589 0.563183 0.0197634 0.0202662 0.0632498
0 0.624726 0.563171 0.0405339 0.0372865 0.0627216
0 0.625236 0.579557 0.0319501 0.0353117 0.0627139
0 0.723912 0.575116 0.0212063 0.0226688 0.0621714
0 0.434552 0.580185 0.0494489 0.0983999 0.062113
0 0.704851 0.565415 0.0209458 0.0236664 0.0617291
0 0.739217 0.567754 0.0260791 0.0252933 0.0609739
0 0.588364 0.567242 0.0135485 0.0222021 0.0606754
0 0.678606 0.572023 0.0174716 0.0219059 0.0598098
0 0.784474 0.562834 0.019928 0.0211962 0.058437
0 0.335139 0.5791 0.0255893 0.0398285 0.0582661
0 0.92511 0.595326 0.0264076 0.0276405 0.0581551
0 0.0571315 0.586669 0.0783867 0.065526 0.0580317
0 0.889213 0.570407 0.0747833 0.0831451 0.0577602
0 0.936522 0.592892 0.0325066 0.0317191 0.0572569
0 0.947349 0.598991 0.0282698 0.0267494 0.0566401
0 0.77652 0.558969 0.0717272 0.0629427 0.0559786
0 0.643492 0.56645 0.0176251 0.0184575 0.0558544
0 0.877493 0.573163 0.0576385 0.0667198 0.0556793
0 0.582393 0.565146 0.0164923 0.0266038 0.0554501
0 0.141645 0.660908 0.150086 0.253456 0.0547403
0 0.311475 0.569027 0.0787735 0.101357 0.0547155
0 0.904159 0.574387 0.0600607 0.0666351 0.0534941
0 0.847931 0.600931 0.0195284 0.0226316 0.0532343
0 0.519308 0.587392 0.014657 0.0271311 0.0531769
0 0.603294 0.556735 0.0222708 0.0334435 0.0519034
0 0.725924 0.601854 0.0392362 0.0754607 0.0517335
0 0.449404 0.525092 0.0677445 0.0510189 0.0502635
0 0.71823 0.587346 0.0312216 0.0313059 0.0500928
0 0.807024 0.575895 0.0325051 0.0269986 0.0493568
0 0.0427734 0.669977 0.0819803 0.218022 0.0489331
0 0.96183 0.606654 0.0251188 0.0220534 0.048766
0 0.382983 0.550221 0.0558549 0.0456327 0.0476205
0 0.587605 0.583378 0.0131152 0.0257101 0.0472737
0 0.563067 0.555515 0.0168678 0.0249369 0.0462599
0 0.454942 0.561554 0.0503493 0.0624054 0.0458199
0 0.60381 0.562347 0.0175793 0.0201697 0.0456488
0 0.776961 0.563509 0.0212729 0.021632 0.0455497
0 0.252919 0.44228 0.0175498 0.0304227 0.0453043
0 0.331338 0.585554 0.0419808 0.092162 0.0450697
0 0.441602 0.549359 0.0209401 0.0253924 0.0446641
0 0.363146 0.557382 0.0475628 0.0538215 0.0446576
0 0.520281 0.570283 0.0157397 0.0267072 0.0440917
0 0.0625398 0.677604 0.113377 0.26156 0.0438473
0 0.816074 0.571054 0.0213064 0.0220766 0.0437887
0 0.794828 0.621575 0.125749 0.13011 0.0432269
0 0.770161 0.58606 0.0468785 0.0295084 0.0432035
0 0.888927 0.600291 0.0200722 0.0260893 0.043184
0 0.714928 0.563484 0.0289876 0.0270089 0.0426767
0 0.0868226 0.619478 0.0591198 0.12142 0.0413519
0 0.970926 0.609187 0.0547235 0.0574303 0.0413051
0 0.832757 0.57875 0.0241819 0.0241945 0.0406776
0 0.787433 0.580208 0.0464844 0.0313622 0.0404769
0 0.800399 0.583716 0.0667121 0.0391356 0.0404203
0 0.426028 0.54552 0.0407082 0.0417387 0.0398615
0 0.67632 0.578355 0.0380909 0.0403637 0.0394714
0 0.303693 0.554539 0.0617576 0.063299 0.0390586
0 0.434267 0.53451 0.0342186 0.0251858 0.0377106
0 0.988333 0.632314 0.0174084 0.0387248 0.0374
0 0.378687 0.544045 0.0416935 0.0393898 0.0372852
0 0.0306562 0.579428 0.0589354 0.0738623 0.0372389
0 0.107803 0.613431 0.11793 0.194166 0.0365482
0 0.0989269 0.687501 0.0709311 0.176134 0.0351107
0 0.0179577 0.66198 0.0345588 0.202384 0.0349583
0 0.070625 0.593561 0.0914219 0.0824649 0.0345247
0 0.438821 0.596051 0.0376065 0.0990821 0.0343288
0 0.760448 0.587635 0.0352305 0.0437737 0.0342379
0 0.00642869 0.577329 0.0130625 0.0563076 0.0328906
0 0.977623 0.542651 0.0456406 0.176083 0.0328376
0 0.793936 0.618791 0.0640175 0.0776115 0.0326193
0 0.452402 0.538932 0.0528717 0.055034 0.0325764
0 0.0993334 0.632248 0.0824781 0.190218 0.0321449
0 0.106374 0.617239 0.0687007 0.129459 0.0316952
0 0.792733 0.563133 0.0553891 0.0463615 0.0311307
0 0.688663 0.451904 0.0230538 0.0457609 0.0310645
0 0.341786 0.592725 0.0218988 0.0587508 0.0309221
0 0.934893 0.610151 0.140373 0.125685 0.0304233
0 0.449151 0.575546 0.0157588 0.0339091 0.0303822
0 0.265856 0.559458 0.124686 0.0940208 0.0303137
0 0.805455 0.579727 0.0252223 0.0226434 0.0299906
0 0.49794 0.592146 0.0150309 0.0329208 0.0299455
0 0.57375 0.520097 0.0300426 0.0327229 0.0298868
0 0.560786 0.512858 0.0436049 0.0403019 0.0298046
0 0.353255 0.592487 0.0259228 0.0594775 0.0296267
0 0.380295 0.574426 0.0676205 0.0902468 0.0296044
0 0.335694 0.564985 0.0210842 0.0333341 0.029428
0 0.99208 0.746923 0.0150969 0.151755 0.0292035
0 0.051437 0.571743 0.0663671 0.0464741 0.0290737
0 0.521132 0.499661 0.0316636 0.033532 0.0290728
0 0.0304006 0.671332 0.0624309 0.144513 0.0288178
0 0.424527 0.532995 0.0551924 0.0443548 0.0287981
0 0.600373 0.576022 0.0123544 0.0239582 0.0284612
0 0.0150955 0.5715 0.0329774 0.110105 0.0283039
0 0.0494504 0.580273 0.0951244 0.234422 0.0282637
0 0.688287 0.438724 0.0220012 0.0421849 0.0281128
0 0.529305 0.509257 0.0307569 0.0343772 0.0263087
0 0.0237734 0.564425 0.0486948 0.101902 0.026217
0 0.332055 0.561095 0.0218591 0.035706 0.0259711
0 0.767168 0.596945 0.0415823 0.0455167 0.0256582
0 0.95532 0.546533 0.0934683 0.147529 0.0255656
0 0.805766 0.622395 0.05495 0.0916622 0.0253063
0 0.0782115 0.670693 0.0771362 0.215344 0.025273
0 0.586074 0.525114 0.0161638 0.0194784 0.0252565
0 0.446239 0.590263 0.0281953 0.0981337 0.025117
0 0.302745 0.704015 0.0909439 0.151963 0.0250614
0 0.550254 0.513709 0.0344712 0.0369222 0.0248258
0 0.424063 0.606059 0.0630513 0.0912837 0.0246782
0 0.332411 0.618128 0.0322814 0.0713587 0.0245059
0 0.773028 0.622505 0.0609399 0.10536 0.02418
0 0.587573 0.250537 0.0204552 0.0318216 0.0240248
0 0.512992 0.509719 0.0420074 0.0455649 0.0238368
0 0.243417 0.556031 0.0860569 0.0810399 0.0238239
0 0.993943 0.690465 0.0164099 0.0880091 0.0237534
0 0.284186 0.555387 0.0769011 0.0756362 0.0237464
0 0.0726839 0.754175 0.141436 0.259536 0.0236705
0 0.730931 0.618718 0.0232008 0.0389697 0.0234122
0 0.348426 0.6148 0.0241756 0.0542701 0.0233189
0 0.112589 0.597168 0.0869613 0.10525 0.0232461
0 0.312929 0.617167 0.0924872 0.164866 0.0229329
0 0.826571 0.607294 0.0344061 0.0494703 0.0225641
0 0.986844 0.731057 0.0257441 0.154773 0.0225402
0 0.452687 0.61419 0.0178464 0.0362254 0.0225342
0 0.344911 0.947071 0.0146043 0.0226044 0.0224652
0 0.2868 0.546433 0.0563289 0.0580161 0.0224361
0 0.146937 0.602205 0.140513 0.17644 0.0221968
0 0.0855608 0.58179 0.16019 0.18396 0.0221611
0 0.517652 0.528781 0.0423259 0.0830621 0.0219946
0 0.0532913 0.643591 0.0549168 0.114876 0.0219244
0 0.795523 0.588977 0.0362974 0.0309981 0.0218536
0 0.170401 0.543428 0.111971 0.0665329 0.0218382
0 0.774942 0.607995 0.0595841 0.0653549 0.0216644
0 0.0959234 0.597335 0.0561744 0.08013 0.0212915
0 0.353293 0.616336 0.0190408 0.0377898 0.0212543
0 0.36354 0.572349 0.0350486 0.0602844 0.0210785
0 0.166519 0.537079 0.0777141 0.0556653 0.0210382
0 0.86572 0.563319 0.0832434 0.0914805 0.0208087
0 0.422386 0.529971 0.0252099 0.0228204 0.0207998
0 0.264724 0.547538 0.0991728 0.0673609 0.0206958
0 0.343999 0.93928 0.0165804 0.0276974 0.0205493
0 0.0426241 0.526632 0.0834018 0.27314 0.0204436
0 0.436182 0.526975 0.04357 0.0350997 0.0202268
0 0.987207 0.53533 0.0320816 0.135586 0.0199617
0 0.740933 0.524366 0.0156215 0.0214936 0.0199138
0 0.398193 0.613754 0.0905425 0.0857916 0.0199112
0 0.359755 0.603787 0.0334002 0.0724701 0.0197532
0 0.216197 0.566364 0.207688 0.114881 0.0197505
0 0.347249 0.610239 0.0149708 0.0359597 0.0196092
0 0.0683884 0.568825 0.0680415 0.0444155 0.0195794
0 0.129033 0.584954 0.108004 0.111706 0.0195628
0 0.246839 0.591823 0.0266479 0.0499991 0.0194791
0 0.355865 0.468075 0.0268953 0.0426882 0.0194653
0 0.410195 0.635514 0.0435785 0.0611007 0.0194137
0 0.603114 0.611734 0.027986 0.0496153 0.0193455
0 0.498128 0.515406 0.0370145 0.0452009 0.0193246
0 0.978207 0.710687 0.0435869 0.128221 0.0192944
0 0.152888 0.535159 0.0569795 0.0499301 0.0192523
0 0.930037 0.632699 0.0373394 0.0566755 0.0192177
0 0.688847 0.429646 0.0236817 0.0379785 0.0189211
0 0.263199 0.573015 0.0780482 0.0888514 0.0187409
0 0.245033 0.53995 0.0737874 0.0522635 0.0187297
0 0.323625 0.716118 0.0503679 0.0865133 0.0185701
0 0.920766 0.699976 0.159748 0.308439 0.0184363
0 0.0575497 0.746386 0.0870175 0.207179 0.0184091
0 0.931198 0.547468 0.110678 0.134047 0.0182322
0 0.984792 0.681173 0.0348474 0.129998 0.0182187
0 0.487076 0.597063 0.0195947 0.0415655 0.0181104
0 0.431924 0.633295 0.0347593 0.0580293 0.0179899
0 0.296123 0.66793 0.11671 0.233206 0.0179666
0 0.596729 0.534505 0.0123003 0.0202134 0.0178583
0 0.96469 0.647614 0.0450233 0.0762542 0.0177094
0 0.240835 0.573742 0.0493282 0.0767238 0.0177038
