0 0.444911 0.670725 0.141755 0.252396 0.89927
0 0.186722 0.697009 0.277656 0.305809 0.893411
0 0.537688 0.647087 0.049624 0.0926664 0.881656
0 0.522641 0.586816 0.0465784 0.0755168 0.609813
0 0.360498 0.623805 0.0236347 0.0270421 0.551513
0 0.325498 0.634892 0.0302941 0.0379468 0.501745
0 0.5625 0.632041 0 0.083883 0.46013
0 0.351015 0.625913 0.0213924 0.0283164 0.395708
0 0.5625 0.636553 0 0.0322717 0.356592
0 0.363862 0.623657 0.0166286 0.0223159 0.299156
0 0.348747 0.626555 0.014462 0.0236355 0.248273
0 0.345631 0.627937 0.0186195 0.0285934 0.226262
0 0.5625 0.631903 0 0.0721611 0.225933
0 0.5625 0.632769 0 0.0790983 0.224803
0 0.334992 0.632128 0.0207156 0.0296494 0.210673
0 0.350464 0.630574 0.016419 0.0245748 0.204851
0 0.383667 0.61136 0.0157325 0.0441569 0.204355
0 0.380684 0.616019 0.016886 0.0447701 0.197312
0 0.0369532 0.673915 0.0529305 0.0823043 0.1972
0 0.5625 0.665189 0 0.110797 0.196215
0 0.358494 0.630937 0.0154284 0.0241837 0.189793
0 0.367935 0.6211 0.0153238 0.0281637 0.181526
0 0.5625 0.6546 0 0.0752767 0.178829
0 0.0221005 0.676809 0.0422068 0.0809371 0.174345
0 0.5625 0.660931 0 0.13996 0.165294
0 0.314315 0.621783 0.032429 0.0492102 0.162042
0 0.317955 0.634792 0.0225954 0.0310059 0.152755
0 0.355497 0.623501 0.0152648 0.0258818 0.151415
0 0.5625 0.617464 0 0.084343 0.148165
0 0.0448586 0.598115 0.0694735 0.124537 0.143318
0 0.374424 0.623192 0.012404 0.0256978 0.142477
0 0.5625 0.619685 0 0.0871373 0.140532
0 0.377108 0.621844 0.0156061 0.0357808 0.138493
0 0.551821 0.58834 0.0213583 0.0531206 0.136137
0 0.0191718 0.652011 0.0381954 0.113894 0.135155
0 0.307483 0.622236 0.0254447 0.0397812 0.132712
0 0.5625 0.640995 0 0.0463272 0.129302
0 0.383891 0.612571 0.0113303 0.0330238 0.129151
0 0.5625 0.639374 0 0.0440136 0.126625
0 0.5625 0.67333 0 0.109786 0.126313
0 0.5625 0.64556 0 0.0401033 0.125034
0 0.0377119 0.620616 0.073438 0.100109 0.124448
0 0.0183165 0.630193 0.0361982 0.0730078 0.122065
0 0.306598 0.597514 0.0580052 0.0875939 0.12106
0 0.308826 0.633445 0.0157157 0.0259575 0.120283
0 0.378509 0.618635 0.0107091 0.0261853 0.118493
0 0.0517069 0.618295 0.0996584 0.172435 0.116103
0 0.562192 0.638217 0.000616646 0.0382412 0.111919
0 0.5625 0.636612 0 0.0525498 0.109676
0 0.0276189 0.632433 0.0504765 0.094062 0.107618
0 0.0275765 0.696073 0.0538179 0.133961 0.10415
0 0.0319276 0.629565 0.06433 0.180826 0.102711
0 0.792589 0.615776 0.0833632 0.0747317 0.102634
0 0.509776 0.591923 0.0245338 0.0747242 0.10154
0 0.606063 0.588583 0.04247 0.0289221 0.100313
0 0.514846 0.637046 0.0168584 0.0634281 0.100091
0 0.918157 0.646547 0.0571869 0.10609 0.0991997
0 0.808799 0.621818 0.0535491 0.058156 0.0939431
0 0.892951 0.623814 0.062182 0.078948 0.0935605
0 0.556309 0.598308 0.031354 0.0823554 0.0912255
0 0.626894 0.621227 0.0636562 0.0722514 0.0906714
0 0.313156 0.593388 0.0860678 0.101583 0.0897141
0 0.513488 0.621529 0.0127739 0.0485787 0.0891104
0 0.879322 0.637264 0.0413336 0.0497079 0.0886379
0 0.0753931 0.624229 0.116465 0.186234 0.0862806
0 0.0328762 0.714851 0.0650868 0.204828 0.0858186
0 0.798738 0.644834 0.0851063 0.0551412 0.0858084
0 0.926143 0.629185 0.0705063 0.0715965 0.0848459
0 0.770903 0.614753 0.0783171 0.0658212 0.0841957
0 0.762571 0.646887 0.0745628 0.0484829 0.0827796
0 0.556386 0.602669 0.0413157 0.106454 0.0817131
0 0.818072 0.649059 0.0930084 0.0676198 0.0805266
0 0.320388 0.628214 0.0258585 0.0371508 0.0793485
0 0.384588 0.606081 0.0128079 0.0288978 0.0792755
0 0.0438839 0.65551 0.0654877 0.125422 0.0786255
0 0.762246 0.636942 0.0629106 0.0336717 0.077975
0 0.355635 0.606929 0.0147923 0.0213891 0.0775824
0 0.573587 0.638866 0.0117406 0.0351236 0.0764525
0 0.301001 0.591502 0.045245 0.0665336 0.0757284
0 0.515172 0.633242 0.0123034 0.0451973 0.0741711
0 0.645334 0.616063 0.060255 0.0747842 0.0729736
0 0.576573 0.635471 0.0221412 0.0544174 0.0718814
0 0.602833 0.597238 0.0456652 0.0435466 0.0715185
0 0.851569 0.606754 0.106629 0.0945025 0.0714667
0 0.789502 0.629848 0.0938138 0.0550252 0.0698679
0 0.613051 0.607016 0.0571635 0.0577627 0.0684115
0 0.862273 0.635244 0.057814 0.0539218 0.0683635
0 0.899362 0.614399 0.0408758 0.0772525 0.067499
0 0.511664 0.61367 0.0127282 0.0435127 0.067061
0 0.0655133 0.591765 0.0993153 0.127582 0.0665996
0 0.00966988 0.611789 0.0205717 0.0947084 0.066355
0 0.8356 0.622749 0.0993368 0.0741391 0.065398
0 0.510478 0.604613 0.0135152 0.0434721 0.0645244
0 0.983585 0.699082 0.0344791 0.152333 0.0638553
0 0.895585 0.644161 0.0519182 0.0527551 0.0624569
0 0.299491 0.596974 0.0341618 0.0516087 0.0617549
0 0.337229 0.641925 0.0322909 0.0524645 0.061646
0 0.38283 0.602155 0.0120079 0.0292586 0.0615384
0 0.855466 0.628354 0.0835474 0.0679689 0.060674
0 0.751782 0.636138 0.0426841 0.0258642 0.0604872
0 0.301388 0.617948 0.0384685 0.0690566 0.0601909
0 0.941029 0.596641 0.119698 0.183861 0.0599109
0 0.319809 0.639193 0.0166698 0.0314307 0.0597163
0 0.973077 0.69563 0.0531605 0.148562 0.0591533
0 0.510086 0.630098 0.0128977 0.0380219 0.0576264
0 0.38621 0.595639 0.0138778 0.0279654 0.0574848
0 0.499699 0.591671 0.0313089 0.0769644 0.0572157
0 0.0417491 0.686729 0.0584236 0.141081 0.0570769
0 0.652012 0.630376 0.0585821 0.0540249 0.0544653
0 0.453039 0.589838 0.131404 0.094389 0.0542599
0 0.826381 0.607709 0.0817551 0.0962014 0.0535754
0 0.0585421 0.573654 0.112774 0.257098 0.0529112
0 0.670958 0.642155 0.0262643 0.0311551 0.0518669
0 0.57122 0.63261 0.0136687 0.0306643 0.051415
0 0.678017 0.640831 0.0355288 0.0358584 0.0508228
0 0.585892 0.586952 0.0950501 0.111809 0.0502812
0 0.989498 0.702014 0.019997 0.1183 0.0500266
0 0.494754 0.601731 0.0445684 0.0852936 0.0497371
0 0.262648 0.956481 0.0852955 0.0965866 0.0492116
0 0.667875 0.629753 0.0317835 0.0464266 0.0484106
0 0.563078 0.594319 0.0315325 0.0548171 0.0475662
0 0.302782 0.616392 0.0252142 0.0364896 0.0473205
0 0.554694 0.59652 0.0162735 0.0317991 0.0461138
0 0.519447 0.651277 0.0153072 0.0341626 0.0457962
0 0.308477 0.620181 0.018893 0.0289029 0.0440232
0 0.480553 0.588086 0.0686331 0.0873614 0.043804
0 0.414484 0.600609 0.073827 0.0888873 0.0428533
0 0.0540533 0.574786 0.0740134 0.103517 0.0424714
0 0.11062 0.604203 0.170838 0.148568 0.0420177
0 0.0646932 0.669229 0.0949279 0.172594 0.0405128
0 0.988139 0.734524 0.0258839 0.163495 0.0404568
0 0.0192564 0.72719 0.0373055 0.192512 0.04035
0 0.215151 0.950775 0.104183 0.0994965 0.0403434
0 0.949913 0.604198 0.0978527 0.0643092 0.0402939
0 0.610816 0.592831 0.027923 0.0305108 0.0401572
0 0.319142 0.97534 0.076689 0.0717758 0.0401344
0 0.304813 0.641504 0.0431985 0.0802417 0.0396404
0 0.706698 0.623142 0.0469869 0.0648923 0.0393179
0 0.501154 0.588552 0.0178872 0.0310588 0.0383697
0 0.550669 0.637521 0.0440079 0.0729361 0.0383329
0 0.971577 0.602836 0.0509985 0.131828 0.0380849
0 0.0927684 0.651839 0.106807 0.223412 0.0379875
0 0.3326 0.651417 0.0399992 0.0705259 0.0378632
0 0.0452759 0.785853 0.0884214 0.386376 0.0378509
0 0.69084 0.621119 0.0635195 0.0754556 0.0376206
0 0.517192 0.660876 0.0132193 0.0473246 0.0376062
0 0.957828 0.566238 0.0887117 0.113121 0.0368205
0 0.71252 0.63012 0.0362263 0.0506209 0.0362254
0 0.5123 0.593417 0.0186315 0.0340858 0.0360729
0 0.555712 0.639435 0.028241 0.0637636 0.035978
0 0.658019 0.843086 0.0630139 0.0778295 0.0358477
0 0.965764 0.606056 0.069672 0.0849531 0.0355661
0 0.423406 0.583712 0.0696111 0.0770846 0.0351945
0 0.875434 0.604529 0.076461 0.107705 0.0351663
0 0.936669 0.778571 0.127935 0.335582 0.0350664
0 0.514447 0.666357 0.0164009 0.0602829 0.0347887
0 0.344918 0.567521 0.0297104 0.0562384 0.0347473
0 0.661783 0.62129 0.051364 0.069844 0.0344848
0 0.104754 0.691161 0.110894 0.258395 0.0340564
0 0.246365 0.660431 0.133218 0.179109 0.0340293
0 0.266954 0.737749 0.112219 0.187315 0.0335876
0 0.595 0.582882 0.0412462 0.0360203 0.0334163
0 0.331213 0.574227 0.07073 0.109426 0.0334157
0 0.0562103 0.970874 0.0500071 0.0512736 0.0333297
0 0.346943 0.57647 0.0253472 0.0415922 0.0331382
0 0.879624 0.620155 0.0529613 0.0705968 0.0329087
0 0.0325011 0.579113 0.0655838 0.127786 0.0327933
0 0.353461 0.664844 0.0340644 0.0746691 0.0326805
0 0.602785 0.58415 0.0333645 0.0250291 0.0326577
0 0.819403 0.611781 0.0611003 0.0713115 0.0326365
0 0.371759 0.624919 0.0111453 0.0210666 0.0325046
0 0.732762 0.653095 0.0240873 0.0321594 0.0321701
0 0.899739 0.655992 0.0594742 0.0682203 0.0321615
0 0.0458301 0.890901 0.0874539 0.221781 0.0315959
0 0.0678594 0.714107 0.0848439 0.209021 0.0311808
0 0.313733 0.895311 0.12487 0.189292 0.0309396
0 0.672269 0.850062 0.0342288 0.062803 0.0308137
0 0.0847793 0.566653 0.0852867 0.0627652 0.0306005
0 0.38056 0.647523 0.0122158 0.0370634 0.0304851
0 0.971849 0.561278 0.0563435 0.0972288 0.0302397
0 0.640417 0.634909 0.0595478 0.0643177 0.0301913
0 0.596783 0.625842 0.0307397 0.0694843 0.0301391
0 0.901185 0.96658 0.0348959 0.0573597 0.0296705
0 0.990032 0.758867 0.0199249 0.130163 0.0295912
0 0.109868 0.551699 0.0312577 0.0275671 0.0294089
0 0.933136 0.613653 0.0884203 0.0783686 0.0293554
0 0.025159 0.761291 0.0513843 0.262136 0.0292565
0 0.586284 0.579918 0.0578628 0.072437 0.0291687
0 0.081667 0.583681 0.100672 0.0957737 0.0291625
0 0.038677 0.441703 0.0825462 0.450159 0.0289055
0 0.98084 0.571654 0.0420704 0.0995068 0.0286261
0 0.735737 0.612823 0.0880219 0.0785312 0.0286174
0 0.378432 0.586213 0.0118942 0.0200751 0.0283456
0 0.396606 0.600787 0.0267422 0.0471839 0.0282719
0 0.0702776 0.957692 0.0824122 0.0729641 0.0278774
0 0.989787 0.82268 0.0196264 0.095172 0.0278393
0 0.370959 0.681674 0.0312563 0.0778536 0.0276698
0 0.783879 0.664214 0.102294 0.0860365 0.0275775
0 0.936504 0.568532 0.0924599 0.107161 0.0275473
0 0.322262 0.659332 0.0144995 0.0350639 0.0275361
0 0.310148 0.658126 0.028504 0.0638302 0.0274085
0 0.183767 0.956847 0.0919898 0.0783759 0.0274056
0 0.473737 0.620419 0.085664 0.155073 0.0273156
0 0.519134 0.61566 0.0417975 0.0930069 0.0272881
0 0.656836 0.82335 0.064936 0.0864059 0.027257
0 0.0936577 0.959853 0.110579 0.0780262 0.0270921
0 0.555175 0.525377 0.0217323 0.0307242 0.0269671
0 0.155334 0.569009 0.102015 0.0564681 0.0265776
0 0.282693 0.616814 0.0645506 0.102508 0.0265546
0 0.148467 0.603371 0.152731 0.117594 0.0263201
0 0.109928 0.541694 0.184131 0.268845 0.0261867
0 0.649403 0.837893 0.0452257 0.0587065 0.0260754
0 0.38015 0.636426 0.0162215 0.0374202 0.026043
0 0.419076 0.58168 0.0334592 0.0530691 0.0260063
0 0.0624756 0.694516 0.0493827 0.135799 0.0259706
0 0.569759 0.518872 0.0203671 0.0273699 0.0258527
0 0.787763 0.168582 0.241255 0.329402 0.0256654
0 0.848918 0.288856 0.0407557 0.0497384 0.0255901
0 0.165264 0.556055 0.107824 0.0332698 0.0255581
0 0.342756 0.494204 0.0201931 0.0332639 0.0255168
0 0.344113 0.530296 0.0187158 0.0289201 0.0254328
0 0.815141 0.595491 0.0462868 0.0637987 0.0254045
0 0.430397 0.746346 0.0812147 0.104092 0.0253899
0 0.977008 0.726622 0.047768 0.173021 0.0251995
0 0.345719 0.664661 0.061275 0.116605 0.0248803
0 0.652153 0.84602 0.0753135 0.118425 0.0248368
0 0.0155302 0.762661 0.0298151 0.203158 0.0248287
0 0.0774059 0.753087 0.0885236 0.187746 0.0248137
0 0.988007 0.801586 0.0249926 0.117086 0.0247097
0 0.605469 0.578045 0.0424307 0.0365436 0.024581
0 0.790957 0.640767 0.0339281 0.0285936 0.024468
0 0.884347 0.65631 0.0436184 0.0524291 0.0242185
0 0.133908 0.409046 0.0505549 0.0542948 0.024091
0 0.276837 0.56305 0.084747 0.109574 0.0238681
0 0.0544721 0.708604 0.0283783 0.100594 0.0237822
0 0.335039 0.534619 0.033567 0.0480191 0.023659
0 0.9009 0.559138 0.0374279 0.0544096 0.0236412
0 0.010939 0.570317 0.0234981 0.113519 0.0234092
0 0.298474 0.660895 0.0516745 0.101166 0.0233386
0 0.914906 0.566784 0.0621393 0.0913066 0.0232795
0 0.899512 0.608032 0.0246664 0.0393085 0.0231906
0 0.20421 0.595086 0.155659 0.0986081 0.0230708
0 0.724609 0.168383 0.215996 0.322815 0.0230015
0 0.932632 0.972149 0.0434504 0.0529351 0.0229594
0 0.0826686 0.515588 0.0631409 0.0579466 0.0228976
0 0.656445 0.642542 0.0458501 0.0451107 0.022892
0 0.429764 0.569319 0.0696388 0.0535984 0.0228819
0 0.289464 0.596963 0.0436529 0.0626765 0.0228432
0 0.0553336 0.546841 0.111314 0.149087 0.0228321
0 0.805231 0.644599 0.057558 0.0431596 0.0226228
0 0.50482 0.571534 0.020189 0.0303016 0.0224329
0 0.0351666 0.917798 0.0663742 0.162625 0.0224249
0 0.516007 0.576764 0.0282556 0.0389553 0.0223143
0 0.417267 0.531188 0.0389094 0.0405075 0.0222333
0 0.869433 0.652859 0.0307379 0.0371368 0.0221722
0 0.655126 0.888128 0.0795245 0.121099 0.0221176
0 0.278368 0.604473 0.0494953 0.0540651 0.0220346
0 0.0869025 0.593339 0.0722092 0.0911214 0.0219058
0 0.299972 0.743069 0.0448665 0.0794211 0.0217588
0 0.0983337 0.769329 0.0856824 0.135126 0.0217419
0 0.573933 0.660727 0.0186669 0.0429004 0.0216633
0 0.913708 0.917343 0.117383 0.152175 0.0215337
0 0.945327 0.877025 0.105241 0.248775 0.0215187
0 0.0114799 1.00521 0.0208845 0.0292945 0.0214486
0 0.665742 0.671579 0.0421184 0.07006 0.0212747
0 0.340411 0.827822 0.0754251 0.113896 0.021217
0 0.0387524 0.948119 0.0740942 0.100508 0.02116
0 0.136266 0.555161 0.05083 0.0298443 0.0211375
0 0.718446 0.607849 0.0698073 0.0888223 0.0210825
0 0.445318 0.521462 0.051043 0.0518685 0.0210771
0 0.25424 0.606255 0.097667 0.106465 0.0210757
0 0.813294 0.55567 0.0307753 0.0419041 0.0209745
0 0.655732 0.565428 0.0501183 0.057583 0.0209287
0 0.6157 0.396394 0.0202147 0.0332162 0.0208952
0 0.662268 0.694172 0.0492049 0.0956748 0.0208773
0 0.48257 0.547741 0.0209264 0.0252865 0.020753
0 0.0298543 0.876523 0.0554045 0.255068 0.020724
0 0.298794 0.603684 0.023186 0.0316483 0.020602
0 0.803471 0.665871 0.0475422 0.0577504 0.0205441
0 0.540244 0.526254 0.0298684 0.035626 0.0204632
0 0.431128 0.530864 0.0455806 0.0360768 0.020391
0 0.368028 0.649052 0.0219281 0.0477019 0.020339
0 0.580162 0.51758 0.0265624 0.034985 0.0202976
0 0.0747038 0.524462 0.0586009 0.0689207 0.0201758
0 0.293357 0.654831 0.053656 0.0713234 0.0201737
0 0.278086 0.698632 0.0945418 0.20106 0.0201216
0 0.532721 0.523753 0.0346339 0.038387 0.0199726
0 0.118178 0.555931 0.17774 0.173979 0.0198829
0 0.454259 0.559543 0.0637771 0.0344188 0.0198666
0 0.519799 0.706516 0.0168155 0.0523324 0.0198442
0 0.245136 0.696189 0.158747 0.266405 0.0198305
0 0.781877 0.590366 0.0810689 0.108341 0.0198213
0 0.936204 0.523257 0.137361 0.287607 0.0197755
0 0.410256 0.538853 0.0321856 0.0344618 0.0197151
0 0.243373 0.573032 0.0522568 0.0393473 0.0197086
0 0.954432 0.698122 0.0886189 0.125965 0.0196542
0 0.920098 0.582308 0.0835806 0.130125 0.0195903
0 0.673241 0.665498 0.0319048 0.0537709 0.0193349
0 0.418947 0.521321 0.0372787 0.0441168 0.0192807
0 0.983625 0.0984876 0.0297792 0.114528 0.0192506
