0 0.5625 0.443344 0 0.0793182 0.829331
0 0.5625 0.442801 0 0.0459254 0.82806
0 0.389431 0.434608 0.0512491 0.0271237 0.279436
0 0.449861 0.432537 0.0379751 0.0288625 0.225089
0 0.543023 0.426664 0.0389539 0.0417537 0.218234
0 0.5625 0.407541 0 0.0212936 0.205647
0 0.558014 0.430631 0.00897164 0.0388095 0.205013
0 0.333241 0.427793 0.0484542 0.0340499 0.191072
0 0.5625 0.42036 0 0.0402174 0.148298
0 0.375103 0.434717 0.0417645 0.0264767 0.144603
0 0.379343 0.437881 0.0228389 0.0204381 0.141962
0 0.380285 0.434795 0.0304708 0.0196675 0.12785
0 0.40063 0.436435 0.0268121 0.0208159 0.12319
0 0.372624 0.436935 0.0297032 0.020271 0.122432
0 0.5625 0.411867 0 0.0238165 0.113512
0 0.5625 0.443762 0 0.0405118 0.112623
0 0.5625 0.43033 0 0.0457591 0.112234
0 0.5625 0.413359 0 0.0355264 0.111293
0 0.395624 0.434197 0.0344959 0.0210243 0.110912
0 0.387656 0.432811 0.0385772 0.0211776 0.110766
0 0.451374 0.435967 0.0296713 0.0192588 0.107246
0 0.538587 0.428635 0.0273892 0.0265768 0.106915
0 0.5625 0.442161 0 0.0277884 0.105335
0 0.5625 0.405123 0 0.0171544 0.103755
0 0.0738309 0.423907 0.0810579 0.0620901 0.0999319
0 0.5625 0.416583 0 0.0196693 0.0991442
0 0.5625 0.41022 0 0.0330552 0.0987353
0 0.512825 0.42972 0.0300288 0.029459 0.0983536
0 0.5625 0.409401 0 0.0169746 0.0974157
0 0.0267147 0.425998 0.0534294 0.0532539 0.0972281
0 0.528017 0.428755 0.0425469 0.0358571 0.0959399
0 0.540641 0.404402 0.0437189 0.0912463 0.0926632
0 0.498071 0.424579 0.0606116 0.0466104 0.0905552
0 0.439281 0.43831 0.0172852 0.0172794 0.0902601
0 0.558842 0.441535 0.00731511 0.0248568 0.0857344
0 0.460746 0.434869 0.0206715 0.0206724 0.0853782
0 0.444829 0.421867 0.0490599 0.0495807 0.0847193
0 0.434587 0.435788 0.0209204 0.0202242 0.0829082
0 0.389083 0.4393 0.0638237 0.0386086 0.0813598
0 0.340266 0.424029 0.0667675 0.0504369 0.0762357
0 0.516476 0.432312 0.0206471 0.0241141 0.0754138
0 0.5625 0.432777 0 0.0239332 0.0754087
0 0.553168 0.406818 0.018665 0.0901889 0.0750372
0 0.5625 0.403746 0 0.0177179 0.0746745
0 0.396952 0.433531 0.0210877 0.0168989 0.0744241
0 0.5625 0.438705 0 0.0310173 0.074068
0 0.0596788 0.424022 0.113517 0.0766101 0.0708509
0 0.0281703 0.415172 0.0563405 0.0952634 0.0707493
0 0.455271 0.436155 0.0200927 0.0165798 0.0698477
0 0.5625 0.438479 0 0.0259991 0.0679374
0 0.668764 0.403123 0.0191771 0.0301036 0.0676123
0 0.62714 0.424183 0.0169068 0.0209762 0.0668007
0 0.0581441 0.424874 0.0721936 0.051084 0.0666369
0 0.355451 0.413905 0.0973814 0.0729409 0.0656472
0 0.661048 0.364195 0.0309114 0.064747 0.0642065
0 0.608588 0.440846 0.0281842 0.0516352 0.0641577
0 0.524067 0.41344 0.0280273 0.0444336 0.0613255
0 0.368815 0.436019 0.0216278 0.0164617 0.0601313
0 0.526414 0.429831 0.0174503 0.0214962 0.0600125
0 0.328394 0.42583 0.0316092 0.0251103 0.0587083
0 0.64275 0.35841 0.0431879 0.0662923 0.0586832
0 0.667086 0.415778 0.0195641 0.0218078 0.0575753
0 0.329182 0.387789 0.0309567 0.036774 0.057207
0 0.642821 0.41367 0.0169979 0.0226932 0.0571088
0 0.182952 0.425938 0.0532156 0.0337863 0.0570927
0 0.418812 0.43744 0.0206267 0.0184426 0.0566932
0 0.520071 0.400883 0.0127628 0.0181035 0.0566254
0 0.668339 0.409453 0.0164938 0.0234149 0.0560407
0 0.0645435 0.408873 0.0942923 0.089474 0.0553649
0 0.42871 0.436268 0.0225083 0.0222538 0.0549308
0 0.188698 0.426728 0.0411078 0.0258912 0.0534281
0 0.33605 0.392865 0.0478119 0.0602085 0.0525306
0 0.329839 0.409951 0.0366348 0.0312984 0.052303
0 0.618808 0.441615 0.013579 0.0220523 0.0520484
0 0.582215 0.431533 0.0414466 0.0726223 0.0516697
0 0.638048 0.445323 0.0217101 0.0311307 0.0508199
0 0.662297 0.406824 0.0194905 0.0231428 0.0505237
0 0.303486 0.436545 0.0371879 0.0216439 0.0501695
0 0.349588 0.43207 0.0937699 0.0624889 0.0501086
0 0.519652 0.438386 0.017041 0.0196793 0.0492706
0 0.59481 0.392131 0.0750389 0.0953024 0.0490332
0 0.289947 0.429409 0.045044 0.0304225 0.0489267
0 0.170407 0.425114 0.0786567 0.0473272 0.047475
0 0.029317 0.446431 0.0603969 0.105397 0.0473201
0 0.825303 0.16732 0.164273 0.147368 0.046676
0 0.658107 0.425492 0.0141413 0.0200706 0.0445248
0 0.395819 0.428775 0.0241557 0.0215644 0.0443378
0 0.363566 0.387424 0.121841 0.126379 0.0440479
0 0.12176 0.42056 0.181703 0.0868593 0.0438843
0 0.326592 0.398855 0.0334456 0.0411241 0.0438457
0 0.417886 0.434212 0.0350378 0.0221352 0.0438259
0 0.341355 0.427265 0.0299033 0.0224937 0.0434647
0 0.549807 0.43534 0.0185534 0.022816 0.0419365
0 0.525559 0.4357 0.0175478 0.0222995 0.0418759
0 0.656921 0.431186 0.0269778 0.0398154 0.0416913
0 0.649764 0.410651 0.0268074 0.0392385 0.041519
0 0.338863 0.400868 0.0630761 0.0770504 0.041055
0 0.0550048 0.450699 0.106864 0.141189 0.040125
0 0.548174 0.401698 0.0624565 0.1341 0.0397587
0 0.567209 0.420197 0.018181 0.0433161 0.0394561
0 0.522209 0.394871 0.0142438 0.0259319 0.0388025
0 0.396426 0.336912 0.025033 0.0336891 0.0382352
0 0.0588261 0.3819 0.11479 0.162938 0.0382177
0 0.65159 0.400848 0.029517 0.0476355 0.036699
0 0.496519 0.415797 0.0814171 0.0709028 0.0362435
0 0.399114 0.343959 0.0300818 0.0428637 0.0360332
0 0.539931 0.390732 0.0456343 0.0852168 0.0355228
0 0.278038 0.424851 0.0677305 0.0406213 0.0352734
0 0.652464 0.431522 0.0165682 0.0269861 0.0349626
0 0.643742 0.405397 0.0164545 0.019437 0.0347541
0 0.458118 0.428436 0.0277442 0.0288036 0.0344999
0 0.665013 0.393392 0.0202332 0.0319911 0.0344062
0 0.854876 0.195275 0.245271 0.23576 0.0335549
0 0.560365 0.398744 0.0474974 0.124394 0.0334862
0 0.477691 0.432366 0.0228489 0.0258264 0.0331697
0 0.58634 0.418855 0.0428872 0.0678357 0.0325041
0 0.156851 0.422717 0.125938 0.0630282 0.032152
0 0.518215 0.411724 0.0177552 0.0241363 0.0321319
0 0.367885 0.428428 0.0301444 0.0268255 0.0321003
0 0.599994 0.423468 0.0594321 0.0849052 0.0319809
0 0.0377703 0.467314 0.0724575 0.177331 0.0319195
0 0.978191 0.185154 0.0408348 0.0888252 0.0317258
0 0.255966 0.419383 0.0986833 0.0569946 0.0317129
0 0.466368 0.432897 0.0190321 0.0209688 0.031677
0 0.297153 0.435401 0.0209682 0.0180071 0.0316217
0 0.378382 0.420845 0.0369211 0.0411624 0.0315739
0 0.620986 0.455878 0.0143912 0.0316985 0.0312514
0 0.460047 0.44543 0.0224194 0.0272852 0.0312144
0 0.406571 0.428304 0.0219848 0.0212737 0.031003
0 0.574794 0.412527 0.054361 0.0929377 0.0309442
0 0.439485 0.429282 0.0278644 0.025356 0.0308091
0 0.317534 0.429055 0.0261549 0.0209227 0.0304686
0 0.638236 0.216128 0.135586 0.137006 0.0297634
0 0.83235 0.243856 0.252066 0.261994 0.0292306
0 0.349191 0.43432 0.0221824 0.0199662 0.0287633
0 0.0555919 0.333229 0.109035 0.24643 0.0285776
0 0.139902 0.439132 0.155542 0.0967152 0.0284359
0 0.305487 0.43453 0.0221042 0.0184399 0.0284346
0 0.200686 0.42529 0.0570259 0.0426461 0.0282493
0 0.302662 0.417024 0.0591923 0.0523635 0.0277696
0 0.0905504 0.418987 0.103426 0.0741353 0.0273867
0 0.331592 0.433794 0.0330626 0.0228755 0.0273234
0 0.974712 0.195672 0.0508282 0.124142 0.0272902
0 0.431878 0.432634 0.028699 0.0245723 0.0268951
0 0.00698156 0.785328 0.0143938 0.0972365 0.0265332
0 0.0594369 0.709483 0.105876 0.166109 0.0261392
0 0.432419 0.440408 0.0559585 0.0399153 0.0259964
0 0.0970953 0.380868 0.178833 0.151477 0.0259271
0 0.536755 0.434068 0.0195864 0.0215006 0.0258718
0 0.574755 0.455027 0.0129451 0.0273217 0.0257961
0 0.530813 0.408996 0.0312254 0.0501855 0.0254355
0 0.51094 0.440274 0.0173613 0.0205883 0.0252725
0 0.0273825 0.369963 0.0583665 0.191379 0.0251395
0 0.298777 0.440646 0.0195942 0.0172473 0.0250762
0 0.663168 0.432821 0.0214631 0.0226658 0.0238764
0 0.482991 0.435513 0.0734752 0.0629006 0.0237721
0 0.670305 0.439121 0.022145 0.0268279 0.0237111
0 0.652695 0.442486 0.0165623 0.02634 0.0232479
0 0.191632 0.421685 0.030377 0.0281648 0.0230921
0 0.291769 0.421455 0.0551921 0.0464233 0.0230652
0 0.392598 0.338038 0.0341687 0.0416418 0.0227992
0 0.689411 0.150584 0.0384919 0.0386286 0.0227414
0 0.648884 0.37295 0.0220289 0.0256342 0.0226883
0 0.479632 0.439567 0.0201881 0.0214279 0.0225103
0 0.385484 0.349013 0.057014 0.0564042 0.0222961
0 0.330761 0.444407 0.0411195 0.0375721 0.0219374
0 0.947584 0.201953 0.0759172 0.102268 0.0219013
0 0.164503 0.409918 0.0885785 0.0636184 0.0218019
0 0.191175 0.180369 0.232374 0.231905 0.0215691
0 0.514449 0.453156 0.0248094 0.0336931 0.021517
0 0.783637 0.257486 0.190413 0.232351 0.0213967
0 0.109476 0.421393 0.0791348 0.0640344 0.0212817
0 0.0160656 0.785972 0.0330063 0.138359 0.0212377
0 0.668004 0.215112 0.0842491 0.108871 0.0210211
0 0.0770494 0.483125 0.13297 0.171595 0.0209566
0 0.186695 0.418845 0.050086 0.0392862 0.0208862
0 0.67231 0.422869 0.0207164 0.0209657 0.0208735
0 0.18055 0.412439 0.0631278 0.0582119 0.0208009
0 0.0559412 0.789611 0.100826 0.181255 0.0206756
0 0.32059 0.402954 0.0534064 0.0578612 0.0206104
0 0.574001 0.448413 0.0111485 0.024821 0.0204691
0 0.233689 0.421467 0.0736901 0.0477943 0.0204139
0 0.264602 0.406058 0.113693 0.0795749 0.0202764
0 0.920078 0.18207 0.0646828 0.0824362 0.0202716
0 0.486741 0.417917 0.0373598 0.0393676 0.0202666
0 0.136796 0.346895 0.244795 0.227374 0.0200116
0 0.0640552 0.4989 0.130893 0.263682 0.0199895
0 0.0162604 0.521283 0.0333262 0.177815 0.0199834
0 0.923696 0.223234 0.116126 0.148863 0.0198958
0 0.0478049 0.519343 0.0899949 0.240442 0.0195375
0 0.678959 0.213467 0.0576509 0.0922452 0.0195158
0 0.292201 0.443602 0.0283566 0.0232006 0.0195067
0 0.293066 0.407547 0.105782 0.0783291 0.0195017
0 0.982391 0.372704 0.037463 0.100595 0.0193484
0 0.657306 0.786044 0.0204811 0.0288422 0.0193005
0 0.0556786 0.841473 0.0979746 0.189406 0.0192671
0 0.967503 0.883992 0.0603388 0.168118 0.0192566
0 0.663474 0.193859 0.203721 0.283263 0.0192024
0 0.625387 0.44651 0.0110684 0.0258062 0.0191444
0 0.978024 0.224501 0.0444311 0.133226 0.0191418
0 0.116417 0.453132 0.158565 0.113951 0.0190936
0 0.30619 0.438785 0.0207954 0.0180612 0.0188885
0 0.675213 0.401471 0.0162167 0.0221472 0.0188711
0 0.375156 0.365428 0.0845263 0.0753798 0.0188247
0 0.480229 0.636144 0.0383492 0.0404093 0.018742
0 0.843798 0.141125 0.117261 0.099527 0.0187271
0 0.0224667 0.276045 0.0438872 0.138275 0.0185673
0 0.566066 0.351 0.024319 0.0354644 0.0183581
0 0.573019 0.363084 0.0368537 0.0550725 0.0182553
0 0.614133 0.217879 0.0946931 0.107566 0.018237
0 0.987055 0.103346 0.0249149 0.123481 0.0180158
0 0.0151175 0.7502 0.0315547 0.148403 0.0179815
0 0.32242 0.433099 0.0229162 0.0194719 0.0179577
0 0.640181 0.242077 0.160951 0.233806 0.017868
0 0.686971 0.162621 0.0393152 0.0516003 0.0177427
0 0.0268081 0.838243 0.0500406 0.214964 0.0177293
0 0.598385 0.209162 0.0511193 0.0686145 0.0176826
0 0.795397 0.789096 0.119116 0.126066 0.0176706
0 0.988502 0.16245 0.0222555 0.091902 0.0175941
0 0.567264 0.386568 0.0258635 0.0478948 0.0175633
0 0.196914 0.442802 0.0324149 0.0306061 0.0175368
0 0.0464553 0.277271 0.0856043 0.215724 0.0175061
0 0.570378 0.446703 0.0120916 0.0283244 0.0174326
0 0.756893 0.187778 0.172848 0.202297 0.0174115
0 0.0268929 0.320614 0.054124 0.191602 0.0173936
0 0.979948 0.335321 0.0407103 0.144602 0.017392
0 0.280532 0.354588 0.196227 0.202506 0.0172846
0 0.980193 0.161044 0.0384068 0.10547 0.0172694
0 0.296077 0.450268 0.0206078 0.0175738 0.0172558
0 0.0744362 0.438721 0.109194 0.083536 0.0172556
0 0.273744 0.433647 0.115442 0.0812101 0.0172416
0 0.17511 0.441568 0.0796472 0.060207 0.0171979
0 0.601542 0.231392 0.0600131 0.080134 0.0171643
0 0.50176 0.365301 0.0554862 0.0783047 0.0171591
0 0.608361 0.372265 0.0273306 0.0285432 0.0171204
0 0.260516 0.154896 0.189925 0.199466 0.0171198
0 0.149848 0.451214 0.109408 0.0818779 0.0170936
0 0.925239 0.340691 0.148709 0.163764 0.0170288
0 0.618506 0.322449 0.0200779 0.0199785 0.0169449
0 0.634781 0.774918 0.0132923 0.018278 0.016905
0 0.513404 0.382038 0.0246428 0.0377196 0.016863
0 0.954942 0.147913 0.0657888 0.0706274 0.0168475
0 0.368831 0.80177 0.0245307 0.0390237 0.0168057
0 0.980717 -0.0135644 0.0381804 0.0428482 0.0167472
0 0.53036 0.349535 0.0337719 0.0440697 0.0167136
0 0.657762 0.333991 0.0200998 0.023935 0.0166793
0 0.266798 0.637368 0.105552 0.199424 0.0166627
0 0.66051 0.183609 0.0815966 0.0679185 0.016452
0 0.344508 0.379933 0.0389051 0.0460978 0.0163804
0 0.921718 0.270821 0.152071 0.213594 0.016361
0 0.00545427 0.562454 0.0125986 0.0930076 0.0163506
0 0.331801 0.375977 0.0191852 0.0234356 0.0162954
0 0.49399 0.395021 0.0772819 0.0946627 0.016247
0 0.573702 0.376216 0.0755167 0.116898 0.016045
0 0.923263 0.208349 0.0781189 0.104758 0.0160314
0 0.952398 0.18785 0.0629721 0.0691512 0.0159304
0 0.646318 0.178016 0.0524784 0.0412354 0.0158922
0 0.574301 0.181299 0.180696 0.286935 0.0158656
0 0.569993 0.338489 0.0165195 0.0224778 0.0158522
0 0.645851 0.264811 0.0306468 0.0295405 0.0158424
0 0.184241 0.439477 0.0508824 0.0406799 0.0158093
0 0.567456 0.452489 0.0286216 0.0476201 0.0157547
0 0.728387 0.783547 0.0359052 0.0556551 0.0156944
0 0.978779 0.275996 0.0433317 0.178834 0.0156439
0 0.983294 0.135001 0.0335087 0.131821 0.0156238
0 0.698929 0.785182 0.0354149 0.057658 0.0155503
0 0.868226 0.172058 0.104193 0.123348 0.0154954
0 0.674688 0.475022 0.0375004 0.0531505 0.0154808
0 0.986997 0.360846 0.0266167 0.0998771 0.0154261
0 0.954606 0.173161 0.0617821 0.0599834 0.0154237
0 0.123479 0.429226 0.082369 0.0560872 0.0153881
0 0.540354 0.357788 0.0500555 0.0661011 0.015266
0 0.626953 0.47164 0.0184096 0.0338786 0.0152582
0 0.33863 0.383454 0.0266579 0.0300176 0.0152541
0 0.66369 0.441926 0.0470692 0.0602101 0.0152445
0 0.00611083 0.53424 0.0138939 0.0863951 0.0152392
0 0.415899 0.39365 0.113661 0.106797 0.0152332
0 0.634387 0.321875 0.0146731 0.0168418 0.015231
0 0.972153 0.360877 0.0533672 0.114554 0.0152288
0 0.975787 0.0895668 0.0470665 0.17359 0.0152225
0 0.531879 0.3015 0.0434828 0.0537108 0.0151946
0 0.679324 0.78649 0.0319181 0.0454839 0.0151379
0 0.0125737 0.583957 0.0291113 0.174218 0.0151326
0 0.518144 0.345359 0.0308766 0.0364984 0.0151082
0 0.683274 0.196017 0.0504054 0.0837821 0.0150802
0 0.478186 0.646134 0.0522079 0.0578692 0.0150415
0 0.0152463 0.470103 0.0284255 0.101677 0.0150395
0 0.645051 0.316878 0.015206 0.0170025 0.0150037
0 0.662095 0.234834 0.052555 0.0587819 0.0149917
0 0.382192 0.534996 0.0558891 0.0634371 0.0149765
0 0.953456 0.335956 0.0898161 0.159517 0.0148733
0 0.0235349 0.481821 0.047597 0.101751 0.0148613
0 0.598195 0.25754 0.0486888 0.0483178 0.0147835
0 0.984533 0.204429 0.0314642 0.100099 0.0147677
0 0.374789 0.449531 0.0184227 0.0206593 0.0146819
0 0.219329 0.343309 0.237817 0.23196 0.01467
0 0.777581 0.138847 0.0588361 0.0661182 0.0145915
0 0.554899 0.337798 0.0267776 0.0322088 0.0145833
0 0.220388 0.402933 0.120235 0.0806024 0.0145664
0 0.96908 0.158634 0.0566174 0.0883181 0.0145355
