0 0.540571 0.469587 0.0438587 0.0898775 0.881522
0 0.5625 0.455274 0 0.0323708 0.846452
0 0.466976 0.472426 0.0652371 0.0955313 0.84066
0 0.5625 0.455876 0 0.0343969 0.827495
0 0.0522945 0.501874 0.104589 0.175165 0.794288
0 0.447377 0.444338 0.0858934 0.121764 0.739839
0 0.5625 0.452042 0 0.027753 0.73242
0 0.0989839 0.67792 0.197812 0.341686 0.691313
0 0.5625 0.451057 0 0.0330071 0.678903
0 0.5625 0.436724 0 0.0206803 0.58809
0 0.5625 0.439031 0 0.0213934 0.550026
0 0.5625 0.44263 0 0.0216693 0.511381
0 0.5625 0.421761 0 0.0145373 0.344366
0 0.5625 0.426174 0 0.0170453 0.342351
0 0.5625 0.431509 0 0.0205005 0.340913
0 0.5625 0.433093 0 0.0190883 0.339253
0 0.5625 0.436887 0 0.0226519 0.326621
0 0.5625 0.423105 0 0.0160661 0.30671
0 0.5625 0.442338 0 0.0302169 0.268778
0 0.5625 0.431811 0 0.0195772 0.243858
0 0.5625 0.451152 0 0.027666 0.24091
0 0.562338 0.434377 0.000324249 0.0305109 0.239168
0 0.5625 0.427368 0 0.0195719 0.220908
0 0.5625 0.433643 0 0.0204307 0.219189
0 0.5625 0.432155 0 0.0171996 0.206527
0 0.5625 0.446522 0 0.0204244 0.203024
0 0.5625 0.433248 0 0.0182398 0.201116
0 0.5625 0.426792 0 0.019291 0.196467
0 0.5625 0.4536 0 0.0349995 0.192268
0 0.5625 0.429189 0 0.0173643 0.17809
0 0.5625 0.423957 0 0.0161071 0.175952
0 0.5625 0.439577 0 0.0207649 0.175519
0 0.5625 0.445909 0 0.0256322 0.172966
0 0.5625 0.447816 0 0.0250211 0.168677
0 0.423551 0.461286 0.0356909 0.0827058 0.160504
0 0.5625 0.436899 0 0.0174784 0.159173
0 0.5625 0.446191 0 0.0222177 0.158042
0 0.5625 0.441132 0 0.0223656 0.158034
0 0.5625 0.441903 0 0.021139 0.154233
0 0.5625 0.446604 0 0.0216963 0.14581
0 0.5625 0.440911 0 0.0166076 0.145806
0 0.5625 0.447187 0 0.0254854 0.145006
0 0.5625 0.452412 0 0.0203304 0.142705
0 0.5625 0.457774 0 0.0202245 0.142402
0 0.5625 0.439013 0 0.0201124 0.141195
0 0.5625 0.459879 0 0.027211 0.136022
0 0.512014 0.447081 0.0268613 0.0525828 0.134436
0 0.50516 0.452974 0.0286869 0.0560417 0.133811
0 0.5625 0.453996 0 0.0272412 0.130831
0 0.5625 0.456139 0 0.029849 0.130411
0 0.594325 0.413453 0.0107265 0.0154831 0.130004
0 0.697614 0.456509 0.0178948 0.0286263 0.12814
0 0.47033 0.429187 0.0546476 0.0647606 0.126838
0 0.738056 0.458361 0.0233114 0.0255051 0.124015
0 0.974679 0.51383 0.051902 0.0585692 0.121012
0 0.564767 0.428632 0.0166366 0.0190578 0.119878
0 0.523045 0.441651 0.0207853 0.0400678 0.119807
0 0.711532 0.460264 0.0136508 0.021809 0.118727
0 0.516174 0.43732 0.0267541 0.0465076 0.117599
0 0.742561 0.45883 0.0169802 0.0204581 0.11337
0 0.989838 0.513059 0.0201796 0.0787153 0.112565
0 0.585399 0.415383 0.0121117 0.0144331 0.110168
0 0.56228 0.423565 0.0165927 0.0173417 0.109756
0 0.604936 0.455989 0.0125796 0.0169139 0.109123
0 0.959252 0.506878 0.0630844 0.0633096 0.1084
0 0.298558 0.483984 0.0448789 0.0434799 0.103298
0 0.429813 0.447543 0.0504162 0.114184 0.10293
0 0.632753 0.449205 0.0166644 0.022959 0.102194
0 0.60865 0.411777 0.0128016 0.01608 0.102101
0 0.581738 0.417672 0.0113683 0.0160446 0.100945
0 0.78843 0.459819 0.0253555 0.0307414 0.100586
0 0.65654 0.458669 0.0132784 0.0194357 0.0987315
0 0.982673 0.509949 0.034218 0.0765856 0.0986376
0 0.228999 0.463137 0.032299 0.0414543 0.0972225
0 0.561999 0.436823 0.0151203 0.023778 0.095289
0 0.0625278 0.654068 0.122087 0.370392 0.0949499
0 0.298829 0.478652 0.0352454 0.0324809 0.0948252
0 0.796795 0.450051 0.0233236 0.0378326 0.0941055
0 0.756311 0.465008 0.0205222 0.0269677 0.0937243
0 0.558659 0.420327 0.0228314 0.0213653 0.092321
0 0.521718 0.430358 0.0298077 0.0478522 0.0921628
0 0.379698 0.469475 0.0355878 0.0513548 0.0920609
0 0.0591074 0.535882 0.0983704 0.103995 0.0910533
0 0.680354 0.434325 0.019519 0.0296794 0.088534
0 0.62953 0.453172 0.0147754 0.0244663 0.0875291
0 0.348863 0.476627 0.0382758 0.0507081 0.087023
0 0.514878 0.42513 0.0435749 0.0730933 0.0867838
0 0.915829 0.501346 0.0671742 0.0648827 0.0865733
0 0.0352322 0.568372 0.0665749 0.206712 0.0855556
0 0.767204 0.468513 0.0235773 0.0334781 0.0844074
0 0.340524 0.477378 0.02348 0.0430094 0.0840672
0 0.604308 0.447411 0.0106354 0.0191466 0.0832326
0 0.358578 0.473067 0.029459 0.0470825 0.0825385
0 0.367935 0.471599 0.0429773 0.0558156 0.0823511
0 0.649954 0.430974 0.0123109 0.0168354 0.0806587
0 0.582601 0.412024 0.0115313 0.0158343 0.080539
0 0.283661 0.50412 0.08081 0.0818822 0.0805184
0 0.615211 0.408577 0.0121382 0.0157199 0.0804161
0 0.788532 0.466419 0.0344924 0.0386128 0.0802584
0 0.586826 0.411663 0.0106264 0.0145604 0.0790704
0 0.28757 0.489982 0.0626494 0.0533808 0.0783327
0 0.937183 0.507795 0.0329914 0.0466055 0.0776477
0 0.800552 0.465401 0.0423813 0.0508364 0.0763024
0 0.946568 0.512347 0.0352646 0.0413708 0.0761096
0 0.603143 0.420129 0.0110737 0.013887 0.0759969
0 0.385403 0.47563 0.0277232 0.0383893 0.0755466
0 0.671642 0.444413 0.0131243 0.0209241 0.0740544
0 0.636755 0.448463 0.0120131 0.0202202 0.0739063
0 0.894531 0.504051 0.0563204 0.0526 0.0737618
0 0.772572 0.451475 0.0331554 0.0475278 0.0735549
0 0.748274 0.461776 0.0152861 0.0225732 0.0731468
0 0.894603 0.498269 0.0389923 0.0559664 0.0728044
0 0.26204 0.516858 0.0641911 0.063178 0.0706425
0 0.2935 0.515943 0.0580651 0.0788039 0.070522
0 0.50464 0.461587 0.022198 0.0392072 0.0681065
0 0.804611 0.449722 0.0413003 0.0538116 0.0678701
0 0.625249 0.409056 0.011879 0.0145528 0.0678308
0 0.228453 0.470462 0.0369821 0.0620051 0.067087
0 0.0374139 0.659594 0.0747632 0.343388 0.0669212
0 0.789876 0.458746 0.0140028 0.0264821 0.0652593
0 0.8077 0.456345 0.0550832 0.0675292 0.0647969
0 0.404753 0.461113 0.0211299 0.0583621 0.0644169
0 0.273562 0.521413 0.0958066 0.0854696 0.0632536
0 0.738449 0.452904 0.0207598 0.0264524 0.0628883
0 0.627903 0.424634 0.0113128 0.0143846 0.0621759
0 0.792746 0.472241 0.0474402 0.0605742 0.0610399
0 0.421969 0.485987 0.0274973 0.0471286 0.0605664
0 0.496777 0.427939 0.0508221 0.0756121 0.060179
0 0.326939 0.486913 0.0165168 0.0307016 0.0595561
0 0.883634 0.499157 0.0538856 0.0599939 0.059443
0 0.938049 0.50997 0.0557987 0.0525949 0.0590296
0 0.549326 0.427633 0.0182022 0.0188482 0.0589301
0 0.0267256 0.546947 0.0539862 0.0889355 0.0588307
0 0.38756 0.461461 0.0403327 0.069207 0.0577945
0 0.47408 0.474474 0.0387203 0.0634221 0.0572935
0 0.576426 0.410367 0.0125559 0.0156595 0.0568844
0 0.514924 0.460399 0.0157892 0.0308536 0.0562818
0 0.661422 0.432155 0.014897 0.0198844 0.0556336
0 0.968149 0.502739 0.0633228 0.0872897 0.0555656
0 0.272441 0.491141 0.0524048 0.0521865 0.0555572
0 0.0140017 0.527814 0.0280611 0.127048 0.0554911
0 0.510385 0.462834 0.020575 0.0343818 0.055034
0 0.0387952 0.459052 0.0765412 0.0821242 0.0545805
0 0.475779 0.452702 0.049266 0.0955709 0.0545789
0 0.568859 0.465999 0.0137683 0.0225338 0.0542274
0 0.64064 0.409678 0.0123423 0.0152595 0.0541024
0 0.506316 0.456267 0.0159431 0.0270756 0.0539068
0 0.802445 0.470732 0.0597996 0.0742056 0.0527482
0 0.457352 0.408128 0.076578 0.0636463 0.0515429
0 0.416132 0.441766 0.0456791 0.104867 0.0512349
0 0.226298 0.490411 0.0460778 0.07355 0.0509688
0 0.403201 0.447643 0.0313089 0.0999433 0.0503416
0 0.0849854 0.5467 0.0436418 0.0709479 0.0496146
0 0.738356 0.445824 0.0152516 0.0234123 0.0494468
0 0.0884794 0.56064 0.0386253 0.0516939 0.0485942
0 0.762483 0.471059 0.017943 0.0251767 0.0485307
0 0.991374 0.529117 0.0182964 0.0864763 0.0483815
0 0.781375 0.460674 0.0184056 0.0221799 0.0483413
0 0.721672 0.45877 0.014045 0.0230971 0.0477294
0 0.701539 0.452906 0.019654 0.0264678 0.0476283
0 0.411016 0.468915 0.0154798 0.0323425 0.0475716
0 0.435042 0.47989 0.0137976 0.0364845 0.0470893
0 0.796243 0.461721 0.0235026 0.0288388 0.0466488
0 0.0173394 0.497996 0.034752 0.173855 0.0464519
0 0.177905 0.516505 0.044065 0.0604951 0.0459206
0 0.402819 0.474586 0.0144509 0.0263034 0.0457876
0 0.146906 0.630492 0.0946656 0.119353 0.0455913
0 0.247025 0.525302 0.0506401 0.0698051 0.045577
0 0.0279489 0.47801 0.0559108 0.14111 0.0453136
0 0.392538 0.446683 0.0337123 0.0947928 0.0452867
0 0.0563097 0.334124 0.115241 0.495366 0.0450278
0 0.345352 0.474578 0.023807 0.040019 0.0447287
0 0.015322 0.55623 0.0313655 0.101301 0.0442222
0 0.631636 0.423284 0.0121966 0.0167459 0.0441888
0 0.358482 0.471759 0.0196884 0.0401377 0.0436848
0 0.523754 0.454214 0.013672 0.0289155 0.0434182
0 0.0753277 0.458831 0.0734934 0.108487 0.0431332
0 0.87815 0.491318 0.0798828 0.0741533 0.0428815
0 0.151937 0.617319 0.076275 0.0839539 0.0426774
0 0.506807 0.467677 0.020978 0.0325809 0.0418334
0 0.338332 0.471372 0.0159388 0.0404333 0.0413504
0 0.0352508 0.570585 0.0701031 0.120707 0.0412991
0 0.562712 0.410375 0.0140358 0.0170978 0.0411075
0 0.522139 0.429356 0.0238998 0.0342692 0.0410342
0 0.990527 0.474644 0.021633 0.159774 0.0408432
0 0.251591 0.46974 0.0401964 0.0416195 0.0407005
0 0.675153 0.431747 0.0153633 0.0203421 0.0400576
0 0.259688 0.53036 0.0772903 0.0808777 0.040023
0 0.863653 0.460182 0.0936081 0.118341 0.0396002
0 0.546075 0.441309 0.0300623 0.0416515 0.0394208
0 0.385983 0.477329 0.0204909 0.0304781 0.038919
0 0.944222 0.499158 0.0728365 0.0790861 0.0384168
0 0.65528 0.404647 0.0138551 0.0177503 0.0382691
0 0.0881292 0.613827 0.163071 0.233682 0.038259
0 0.395774 0.478302 0.0179925 0.0289188 0.0380756
0 0.495769 0.47874 0.0156797 0.0395333 0.0380309
0 0.0252945 0.702604 0.0508303 0.241985 0.0376997
0 0.383751 0.447263 0.043186 0.0835575 0.037523
0 0.0950518 0.484564 0.126332 0.162299 0.0374797
0 0.0784668 0.536382 0.0443004 0.0821217 0.0369741
0 0.115619 0.623444 0.166905 0.110101 0.036946
0 0.787363 0.467355 0.0228203 0.0299271 0.0368539
0 0.418448 0.481285 0.016918 0.0280512 0.0361687
0 0.96645 0.475132 0.0675705 0.156928 0.0355263
0 0.366349 0.453178 0.0409804 0.0843863 0.034781
0 0.520693 0.462128 0.0133893 0.0262173 0.0346225
0 0.393476 0.483908 0.0165893 0.0248758 0.0344332
0 0.422126 0.486711 0.0229187 0.0331212 0.0342326
0 0.972283 0.5329 0.0539845 0.0749202 0.0337561
0 0.548697 0.409919 0.016279 0.0197042 0.033738
0 0.507069 0.431157 0.0192908 0.0328647 0.0336867
0 0.132315 0.523088 0.0325124 0.0539405 0.0334594
0 0.0501528 0.453028 0.0944342 0.26216 0.0333523
0 0.9113 0.469541 0.0442251 0.0750211 0.0333219
0 0.219532 0.500681 0.0534493 0.0735896 0.0330454
0 0.331452 0.471012 0.0650882 0.0921377 0.0327867
0 0.982245 0.472762 0.0390156 0.169733 0.0325456
0 0.358605 0.484147 0.0218293 0.0332253 0.0324704
0 0.16142 0.631085 0.069195 0.0991469 0.0321397
0 0.759359 0.432657 0.0322399 0.0486882 0.0319903
0 0.341313 0.460454 0.0226298 0.053625 0.0319107
0 0.0681143 0.473825 0.0501739 0.0706346 0.0318733
0 0.791661 0.446644 0.0191509 0.0334468 0.031827
0 0.379504 0.478123 0.0207315 0.0303919 0.0318062
0 0.88749 0.466867 0.113055 0.132692 0.0317286
0 0.0231719 0.446437 0.0468973 0.0673642 0.0317099
0 0.816378 0.454708 0.0700087 0.0855383 0.0316392
0 0.160331 0.596428 0.0278593 0.0259544 0.0315919
0 0.49279 0.264561 0.020512 0.0303107 0.0314893
0 0.568178 0.460887 0.0128518 0.0233085 0.0314369
0 0.388499 0.489347 0.0177293 0.0254688 0.0314292
0 0.580758 0.457466 0.0123142 0.0257616 0.0310627
0 0.331834 0.489515 0.0207677 0.0342684 0.0310031
0 0.930623 0.472816 0.136106 0.164706 0.0309857
0 0.445672 0.470485 0.0209854 0.0538255 0.0307844
0 0.336551 0.456437 0.0248596 0.0652157 0.0307571
0 0.376684 0.472013 0.0212794 0.033622 0.0307361
0 0.859213 0.497512 0.035631 0.0430463 0.0305736
0 0.299585 0.528114 0.0432644 0.0642125 0.0305148
0 0.582267 0.383845 0.0113161 0.0159906 0.0302802
0 0.853154 0.457027 0.0580978 0.105175 0.0301253
0 0.806829 0.428367 0.0505707 0.0888145 0.0299308
0 0.0659522 0.501557 0.0573357 0.104885 0.029919
0 0.298372 0.471092 0.0266275 0.0270556 0.0298044
0 0.685715 0.427089 0.0189512 0.0225005 0.0295502
0 0.593703 0.375617 0.0113903 0.0156064 0.0294903
0 0.134167 0.712609 0.131588 0.247082 0.0294895
0 0.0775497 0.744892 0.148357 0.203543 0.0294163
0 0.992803 0.47907 0.0154188 0.113196 0.029279
0 0.0193066 0.57332 0.0383469 0.13912 0.0288918
0 0.578121 0.385625 0.0116442 0.0174153 0.0288149
0 0.652904 0.419192 0.0131418 0.0182198 0.0284997
0 0.793311 0.308803 0.0565732 0.0391564 0.0281251
0 0.283747 0.468314 0.111437 0.114808 0.0280149
0 0.175341 0.50926 0.0275994 0.0466793 0.0278646
0 0.0395833 0.838987 0.0774012 0.232283 0.0273606
0 0.589156 0.455149 0.0105285 0.0197667 0.0272389
0 0.606136 0.370412 0.0111084 0.0158826 0.0271492
0 0.222009 0.447473 0.0194714 0.0287161 0.0268284
0 0.144408 0.526507 0.059485 0.0713184 0.0267831
0 0.506391 0.423164 0.0314276 0.0526049 0.0267267
0 0.0222025 0.730129 0.0427927 0.112047 0.0266581
0 0.96984 0.551297 0.0582308 0.131464 0.0266554
0 0.846371 0.497286 0.0469395 0.051864 0.02651
0 0.993352 0.53083 0.0125242 0.0740202 0.026483
0 0.819837 0.478066 0.0480293 0.059536 0.0263718
0 0.320783 0.370868 0.0352331 0.0430509 0.0262974
0 0.177045 0.603584 0.0426294 0.0672114 0.0262431
0 0.397527 0.433877 0.0589419 0.104327 0.0262365
0 0.824383 0.172893 0.259326 0.329642 0.0260387
0 0.972712 0.444941 0.0570181 0.178765 0.0259354
0 0.196437 0.454261 0.0311722 0.0601634 0.0257588
0 0.210083 0.511884 0.0731905 0.0702217 0.0257182
0 0.56964 0.368869 0.0130816 0.0183544 0.0256021
0 0.133923 0.473235 0.0218367 0.0542976 0.0255071
0 0.675865 0.389639 0.0326134 0.0449908 0.0254124
0 0.51986 0.403805 0.0197247 0.0248941 0.0252403
0 0.778647 0.308149 0.0325103 0.03135 0.0251924
0 0.2057 0.475056 0.0625445 0.0858376 0.0251874
0 0.0120448 0.569767 0.0238089 0.137812 0.0248638
0 0.498793 0.469259 0.011957 0.0328284 0.024827
0 0.0556464 0.561231 0.111454 0.0994071 0.024691
0 0.164899 0.517127 0.0485003 0.0593911 0.0246802
0 0.166767 0.476857 0.0919729 0.12034 0.024433
0 0.988248 0.546343 0.0255005 0.110038 0.0243023
0 0.0629859 0.233372 0.12938 0.450366 0.0241712
0 0.918999 0.476149 0.0587816 0.100272 0.0240304
0 0.0205122 0.748748 0.0412993 0.183065 0.0240082
0 0.971862 0.344459 0.0458843 0.0695467 0.0238273
0 0.204231 0.459156 0.0476776 0.0805231 0.0236562
0 0.0630783 0.436364 0.0708058 0.112699 0.0234982
0 0.796493 0.309502 0.0923934 0.0756471 0.0234859
0 0.910907 0.176565 0.179196 0.326511 0.0233759
0 0.135341 0.486303 0.0799555 0.115231 0.0230125
0 0.0507965 0.598838 0.0958839 0.159464 0.0229676
0 0.822801 0.296243 0.0261196 0.0300201 0.0228767
0 0.0893808 0.452703 0.117443 0.113246 0.0228092
0 0.381705 0.42662 0.0687105 0.118183 0.0226888
0 0.0670321 0.448849 0.0976086 0.190579 0.0226746
0 0.622176 0.368239 0.013162 0.0186283 0.0225134
