0 0.336905 0.469022 0.0414915 0.0587607 0.869789
0 0.307131 0.476925 0.0239966 0.0386364 0.713313
0 0.962495 0.50148 0.0490149 0.0416199 0.405671
0 0.937014 0.499924 0.0396626 0.040743 0.404234
0 0.922407 0.503024 0.038921 0.031583 0.37609
0 0.894473 0.503188 0.0289099 0.0216748 0.354409
0 0.989598 0.506037 0.0208044 0.0394663 0.352293
0 0.00753389 0.513848 0.0150678 0.037341 0.347612
0 0.975012 0.501985 0.0497475 0.0436708 0.328954
0 0.858935 0.494101 0.0385942 0.02729 0.316911
0 0.588625 0.451875 0.0404284 0.0353775 0.315369
0 0.906084 0.500394 0.050425 0.0301512 0.270962
