0 0.441865 0.466227 0.11963 0.174711 0.868471
0 0.548894 0.426165 0.0769323 0.101845 0.862643
0 0.323891 0.423286 0.0863817 0.106256 0.791878
0 0.904308 0.405386 0.191383 0.717378 0.751703
0 0.224699 0.427429 0.0900636 0.10768 0.740423
0 0.497985 0.41849 0.0212087 0.0558514 0.669894
0 0.532436 0.406887 0.0605345 0.0994929 0.49812
0 0.384558 0.410653 0.0264071 0.0353638 0.434753
0 0.274922 0.41427 0.0337197 0.0768594 0.404458
0 0.47588 0.386268 0.0293994 0.0392975 0.35924
0 0.265741 0.417084 0.0502839 0.0843219 0.329109
0 0.838422 0.427633 0.0793021 0.112078 0.310831
0 0.376498 0.411384 0.0240349 0.0356291 0.310054
