0 0.73412 0.385143 0.194609 0.285575 0.816254
0 0.410654 0.43492 0.023566 0.0304971 0.69263
0 0.0603052 0.474901 0.105278 0.0926634 0.681362
0 0.153129 0.468402 0.0650923 0.0670193 0.546034
0 0.440151 0.431944 0.0193936 0.0218453 0.534147
0 0.244784 0.451831 0.043344 0.0636863 0.516857
0 0.523839 0.423295 0.025121 0.0263658 0.505507
0 0.205675 0.45975 0.0507988 0.0631075 0.402463
0 0.629556 0.421634 0.0401857 0.130247 0.364298
0 0.455015 0.430101 0.0154446 0.020665 0.340588
0 0.221188 0.452626 0.0811285 0.0766184 0.324977
0 0.472828 0.429254 0.0158726 0.0168676 0.281142
0 0.190311 0.458445 0.0650182 0.0687376 0.276409
0 0.629561 0.452324 0.0356927 0.072023 0.268246
