0 0.532455 0.483114 0.0252737 0.0293742 0.265951
0 0.558848 0.492174 0.00730486 0.0291675 0.24107
0 0.5625 0.492559 0 0.0287046 0.230163
0 0.5625 0.488448 0 0.039586 0.215012
0 0.5625 0.437697 0 0.0285496 0.208631
0 0.338945 0.481931 0.0312943 0.0323482 0.200934
0 0.347721 0.480129 0.0468931 0.0422816 0.175501
0 0.538817 0.481924 0.0164161 0.0196377 0.171352
0 0.5625 0.496364 0 0.0202729 0.154276
0 0.514247 0.481111 0.0227965 0.0282381 0.152676
0 0.557954 0.484096 0.00909185 0.0435265 0.150289
0 0.376294 0.477301 0.0555668 0.051571 0.147424
0 0.245893 0.480154 0.0506093 0.0432801 0.144171
0 0.526879 0.485184 0.0156381 0.0207602 0.142934
0 0.275469 0.47933 0.0384102 0.0350368 0.139413
0 0.5625 0.450017 0 0.0335913 0.133592
0 0.5625 0.495188 0 0.0210917 0.130529
0 0.5625 0.489671 0 0.0407707 0.128605
0 0.338909 0.475075 0.0435356 0.0497269 0.128016
0 0.560033 0.494527 0.00493469 0.0216577 0.126547
0 0.5625 0.478372 0 0.0607384 0.125597
0 0.5625 0.494214 0 0.0282734 0.124604
0 0.208721 0.477285 0.0558638 0.0458017 0.123711
0 0.555241 0.487841 0.0145184 0.0246922 0.118277
0 0.0812455 0.487148 0.0318295 0.0334097 0.114973
0 0.5625 0.490953 0 0.0399169 0.110548
0 0.5625 0.495289 0 0.0239381 0.110417
0 0.311291 0.477342 0.0451364 0.0424787 0.108314
0 0.426717 0.469376 0.0537461 0.062082 0.104698
0 0.5625 0.447844 0 0.0495338 0.103536
0 0.520857 0.484083 0.0172063 0.0222221 0.103015
0 0.5625 0.48928 0 0.0476226 0.102783
0 0.165993 0.476526 0.059628 0.046128 0.102437
0 0.227796 0.476715 0.080923 0.0616213 0.0988026
0 0.528199 0.495264 0.0140058 0.0188425 0.0986412
0 0.5625 0.460753 0 0.0630224 0.0979758
0 0.413296 0.471812 0.0475673 0.0572354 0.0969791
0 0.397557 0.47695 0.0406485 0.0534593 0.0939858
0 0.280436 0.476237 0.0531717 0.052324 0.0927647
0 0.5625 0.435796 0 0.0378504 0.0908688
0 0.10964 0.480311 0.0795453 0.0583665 0.0890468
0 0.360084 0.473959 0.0700765 0.0643437 0.0885081
0 0.5625 0.494227 0 0.0294868 0.0883196
0 0.176592 0.47434 0.0740288 0.0624182 0.0879283
0 0.557802 0.490694 0.0093955 0.0198696 0.0875944
0 0.502488 0.482198 0.0245104 0.0333516 0.0872757
0 0.33665 0.483823 0.022064 0.0225687 0.0842069
0 0.0798583 0.496459 0.0435072 0.0608286 0.0829043
0 0.0673339 0.503412 0.0672188 0.0751412 0.0815032
0 0.0537056 0.508963 0.082734 0.0918173 0.0803111
0 0.543072 0.491401 0.0168977 0.020384 0.0765375
0 0.979566 0.452788 0.0323883 0.0440726 0.0757099
0 0.516453 0.484292 0.0171677 0.0204279 0.0753503
0 0.959798 0.435686 0.0624683 0.0492205 0.0739732
0 0.969892 0.462369 0.054952 0.0816036 0.0736631
0 0.0812245 0.507764 0.0648094 0.0902684 0.0734517
0 0.250312 0.485971 0.0667104 0.0622584 0.0731467
0 0.384534 0.46935 0.0446512 0.0529204 0.0725364
0 0.331188 0.485712 0.0205342 0.02424 0.0717071
0 0.344158 0.48052 0.0221571 0.0240668 0.0716018
0 0.979268 0.477201 0.0406342 0.0821709 0.0707817
0 0.0930319 0.496011 0.0750384 0.085542 0.0704825
0 0.265398 0.485961 0.0596958 0.059515 0.0696759
0 0.156634 0.473979 0.0368835 0.035331 0.0692149
0 0.0403043 0.51807 0.0749037 0.0843819 0.0691758
0 0.505863 0.489251 0.0145776 0.0211028 0.0685854
0 0.348692 0.483281 0.0268955 0.0311774 0.0676079
0 0.866562 0.447496 0.0760763 0.0681479 0.0669371
0 0.883653 0.452538 0.0250952 0.0263459 0.0667432
0 0.133026 0.475972 0.0424254 0.0377398 0.06668
0 0.972106 0.442007 0.0182983 0.0222688 0.0664066
0 0.589995 0.494461 0.0167936 0.0238172 0.0661881
0 0.496374 0.477818 0.0368855 0.0422447 0.065935
0 0.532499 0.487838 0.0151726 0.0200827 0.0658568
0 0.509365 0.481772 0.0174608 0.0268648 0.0651058
0 0.259271 0.471218 0.0834311 0.0702136 0.0649714
0 0.439185 0.465561 0.0651056 0.0664176 0.0647727
0 0.541037 0.477078 0.0165742 0.0232626 0.0639894
0 0.705767 0.472877 0.053353 0.0589372 0.0638233
0 0.705299 0.45207 0.0569499 0.0762249 0.063472
0 0.0606209 0.489742 0.0643307 0.0532851 0.0630609
0 0.978412 0.4417 0.020422 0.0234964 0.0629579
0 0.487548 0.467879 0.0299612 0.0386741 0.0607738
0 0.809843 0.468521 0.0606253 0.0671452 0.0605971
0 0.963554 0.483764 0.0654018 0.080821 0.0596357
0 0.206293 0.471108 0.0703417 0.0634558 0.0593037
0 0.904863 0.442765 0.0578671 0.0523546 0.058975
0 0.784882 0.471798 0.0817438 0.074038 0.0586304
0 0.964566 0.447371 0.0571222 0.063789 0.0583958
0 0.83509 0.464896 0.0872683 0.078335 0.0581251
0 0.568651 0.454753 0.0537553 0.111655 0.0577443
0 0.625784 0.48505 0.0626007 0.0650721 0.0574799
0 0.850461 0.462575 0.10707 0.105942 0.0574243
0 0.961794 0.473687 0.0792416 0.117505 0.0570276
0 0.202693 0.484571 0.0820922 0.0701171 0.0566249
0 0.971845 0.464406 0.0389748 0.0629512 0.0564726
0 0.763698 0.466602 0.0909251 0.0825729 0.0561397
0 0.915092 0.441726 0.0443453 0.0458547 0.0557158
0 0.849486 0.453221 0.0371607 0.0460182 0.055713
0 0.604209 0.484167 0.0526518 0.0553306 0.0551277
0 0.96441 0.525795 0.0739689 0.154332 0.0548221
0 0.723312 0.47647 0.0648559 0.0709502 0.0542934
0 0.161889 0.486175 0.074109 0.0698022 0.0538068
0 0.296898 0.469323 0.0612333 0.0586702 0.052796
0 0.952371 0.49155 0.0439795 0.0646189 0.052556
0 0.0470572 0.49084 0.0945794 0.143074 0.0514877
0 0.869837 0.449329 0.04237 0.0389284 0.0514471
0 0.980704 0.430916 0.0286896 0.0432013 0.0510344
0 0.659139 0.492057 0.0496598 0.0598671 0.0504346
0 0.451203 0.470576 0.057391 0.0613409 0.0503482
0 0.530183 0.173646 0.0145332 0.0319655 0.0501621
0 0.535504 0.478683 0.0165266 0.0212063 0.0499072
0 0.922384 0.43743 0.040472 0.0407515 0.0487967
0 0.861606 0.480621 0.0677629 0.0621725 0.0485182
0 0.489987 0.464713 0.0568721 0.0700639 0.0483885
0 0.740236 0.470044 0.0516688 0.0662474 0.0478298
0 0.608551 0.50105 0.0167368 0.020916 0.0476025
0 0.680552 0.488349 0.0846629 0.0776377 0.0474428
0 0.983189 0.451173 0.0328115 0.0690192 0.0470796
0 0.599594 0.347721 0.0178858 0.0226963 0.0462957
0 0.698102 0.507265 0.0374582 0.0422579 0.0462588
0 0.150968 0.466956 0.100725 0.0741186 0.045975
0 0.529268 0.189803 0.0141892 0.0284573 0.0457301
0 0.305288 0.484008 0.0398498 0.0441894 0.0454828
0 0.902606 0.477249 0.112427 0.113199 0.0452187
0 0.800379 0.457375 0.0821131 0.0964589 0.0451089
0 0.0893526 0.476964 0.0565108 0.0713043 0.0447342
0 0.120974 0.471416 0.0856469 0.0711301 0.0442154
0 0.715098 0.462627 0.0763446 0.0801934 0.0440388
0 0.451568 0.458166 0.0687387 0.0716957 0.0438319
0 0.916437 0.451992 0.0718931 0.0748125 0.0438064
0 0.523722 0.469445 0.0190298 0.0263657 0.0433045
0 0.0581224 0.481907 0.0829032 0.0820233 0.0432011
0 0.334108 0.477834 0.0205642 0.0251055 0.0420957
0 0.430452 0.452703 0.0686925 0.0981992 0.042068
0 0.69118 0.469114 0.0723511 0.0705427 0.0420215
0 0.0774411 0.482798 0.0671049 0.0763755 0.0415614
0 0.912509 0.489216 0.0778885 0.0798553 0.0413269
0 0.644504 0.483474 0.0687905 0.0686352 0.0411467
0 0.70241 0.500262 0.0471958 0.0526019 0.0410873
0 0.937746 0.529464 0.0406216 0.0867722 0.0407198
0 0.352608 0.476367 0.0239417 0.025361 0.0390744
0 0.931738 0.492046 0.039501 0.0656498 0.038757
0 0.896553 0.504108 0.127533 0.135811 0.038522
0 0.923527 0.516751 0.0639704 0.113992 0.0385016
0 0.953155 0.502238 0.0879198 0.139928 0.0383305
0 0.50482 0.472882 0.0169613 0.0251163 0.0379199
0 0.956014 0.429611 0.0771793 0.0720634 0.0379005
0 0.140452 0.486138 0.0743461 0.0697417 0.0374049
0 0.276758 0.480022 0.0267814 0.0268087 0.0373228
0 0.45437 0.195482 0.0167262 0.0351053 0.0366882
0 0.837834 0.432686 0.129021 0.155907 0.036134
0 0.602446 0.503864 0.013693 0.0228628 0.0359994
0 0.589688 0.455385 0.0805831 0.118337 0.0358328
0 0.513824 0.478632 0.0156608 0.021336 0.0351767
0 0.302579 0.477478 0.0225523 0.0232624 0.0351624
0 0.471121 0.46953 0.0379748 0.0450855 0.0351583
0 0.734288 0.455151 0.0956383 0.0986121 0.0351203
0 0.634738 0.473706 0.0955075 0.092765 0.0349311
0 0.329285 0.466586 0.0607563 0.0743379 0.034775
0 0.268583 0.481927 0.0222832 0.026246 0.0347554
0 0.524847 0.478893 0.0147834 0.020507 0.0344168
0 0.167777 0.460475 0.0791976 0.0807621 0.0340401
0 0.190937 0.468038 0.114859 0.0845377 0.0339214
0 0.694165 0.505871 0.0489385 0.0569838 0.0338797
0 0.683494 0.49972 0.0569284 0.0572419 0.0337476
0 0.508168 0.469158 0.0315003 0.0430316 0.0334704
0 0.402333 0.473941 0.0223195 0.0290602 0.0333356
0 0.716267 0.494015 0.0670505 0.062794 0.0326851
0 0.978509 0.563242 0.0455132 0.180248 0.0325268
0 0.310466 0.483573 0.0241539 0.0281972 0.0324656
0 0.574504 0.501284 0.0152249 0.0213536 0.0323694
0 0.0625794 0.530526 0.0510659 0.0575365 0.032303
0 0.340669 0.477282 0.022612 0.0230566 0.0321473
0 0.37018 0.474968 0.0249784 0.0286348 0.031838
0 0.367527 0.482254 0.0226676 0.0310617 0.0315686
0 0.894591 0.437065 0.069652 0.0735525 0.0314871
0 0.276777 0.465654 0.0895461 0.0820296 0.0313272
0 0.378512 0.4704 0.0241753 0.0311915 0.0312171
0 0.397963 0.468522 0.0239384 0.0357897 0.0307447
0 0.490749 0.477955 0.0205365 0.0256461 0.0304719
0 0.567556 0.500383 0.016038 0.0221998 0.0304054
0 0.565707 0.483303 0.0218161 0.0301442 0.0303179
0 0.261846 0.476025 0.0217762 0.0246626 0.0301345
0 0.59351 0.388316 0.0265259 0.0370038 0.0301291
0 0.978217 0.51362 0.046554 0.120154 0.0300223
0 0.98129 0.432402 0.0188278 0.0244414 0.0298717
0 0.033781 0.499795 0.0654099 0.10187 0.0295965
0 0.932061 0.512778 0.121086 0.159038 0.0295085
0 0.85502 0.439217 0.0678165 0.0802961 0.0295061
0 0.301697 0.484463 0.0220583 0.0238948 0.0293155
0 0.483714 0.480857 0.0168954 0.0256754 0.0292955
0 0.80407 0.457263 0.150365 0.144148 0.029146
0 0.263835 0.483712 0.0171187 0.0255597 0.0288493
0 0.276476 0.486808 0.0231641 0.0241835 0.0287642
0 0.384543 0.482606 0.0245548 0.0333119 0.0286005
0 0.115429 0.470379 0.10981 0.0934868 0.0285471
0 0.678728 0.461992 0.100687 0.0992568 0.0285368
0 0.294831 0.482121 0.0212166 0.0264442 0.0284429
0 0.604239 0.481117 0.0268206 0.0398916 0.0283925
0 0.40322 0.191846 0.0426779 0.0623677 0.0276954
0 0.257777 0.485349 0.0348421 0.0388468 0.0275948
0 0.23536 0.487465 0.047428 0.0555428 0.0275908
0 0.748646 0.478937 0.089369 0.0782909 0.027116
0 0.950969 0.548116 0.0856981 0.123112 0.0269336
0 0.253951 0.473398 0.0263205 0.0285378 0.0268411
0 0.923119 0.431916 0.124309 0.116214 0.0267921
0 0.0194063 0.511572 0.0364763 0.0863316 0.0262188
0 0.487679 0.178077 0.0206103 0.0420709 0.0258449
0 0.260531 0.491115 0.023013 0.0246604 0.0256831
0 0.655693 0.467407 0.117039 0.110835 0.02559
0 0.285244 0.47528 0.0236999 0.0265329 0.0255324
0 0.59388 0.350251 0.0290549 0.0333906 0.0255251
0 0.0678281 0.500469 0.0322623 0.0385078 0.025101
0 0.297052 0.473596 0.0225952 0.0276128 0.0250441
0 0.81894 0.477141 0.0914482 0.0737818 0.025028
0 0.495013 0.485848 0.0156704 0.02127 0.0249088
0 0.230847 0.492317 0.0224621 0.0264088 0.0247699
0 0.954896 0.58481 0.0822384 0.109653 0.0247332
0 0.304799 0.472952 0.0221633 0.0292758 0.0247289
0 0.396836 0.484377 0.0235466 0.0339237 0.0241733
0 0.529831 0.161528 0.0175468 0.0447581 0.0236735
0 0.719723 0.512562 0.0671537 0.072988 0.0232661
0 0.221277 0.471103 0.0359527 0.0367731 0.0228874
0 0.620821 0.493834 0.0237829 0.0324719 0.0228579
0 0.47754 0.461155 0.0297386 0.0441108 0.0227301
0 0.572292 0.436693 0.0398766 0.0819597 0.0225229
0 0.145485 0.469585 0.0330892 0.0407266 0.0225024
0 0.404214 0.461409 0.0345351 0.0554782 0.0224245
0 0.805512 0.372739 0.026437 0.043313 0.0222375
0 0.739142 0.46125 0.119142 0.132217 0.0222243
0 0.431496 0.4816 0.0324891 0.0361792 0.0220615
0 0.934157 0.434707 0.0443604 0.0503405 0.0218965
0 0.879621 0.492972 0.110009 0.106487 0.0218964
0 0.526805 0.196518 0.0151637 0.0288876 0.021813
0 0.840654 0.430113 0.0795437 0.101312 0.0217181
0 0.598652 0.504265 0.0128341 0.018951 0.021605
0 0.233889 0.472475 0.0290446 0.0313544 0.0215158
0 0.69444 0.518746 0.0291927 0.0418861 0.0213216
0 0.97306 0.42809 0.0246853 0.0329349 0.0212907
0 0.530602 0.151254 0.0192806 0.05264 0.0211187
0 0.931643 0.541877 0.0716356 0.0906193 0.0211
0 0.273027 0.47584 0.0238 0.0257894 0.0209268
0 0.608337 0.49712 0.032117 0.0418344 0.0209065
0 0.91555 0.860144 0.125957 0.144001 0.0208594
0 0.451165 0.198954 0.019758 0.0384045 0.0208548
0 0.314599 0.321038 0.0217534 0.0347858 0.0203076
0 0.407009 0.484748 0.0215364 0.0324192 0.020294
0 0.114548 0.504595 0.08441 0.0789949 0.0201779
0 0.194081 0.468107 0.0511689 0.0467161 0.0201269
0 0.969881 0.588415 0.0624434 0.208098 0.0198546
0 0.489686 0.191173 0.0202606 0.0368112 0.0196629
0 0.846605 0.381506 0.0668146 0.0777943 0.0195512
0 0.990508 0.419002 0.0142799 0.0372501 0.0195228
0 0.248865 0.484791 0.0242035 0.0292362 0.019498
0 0.439018 0.475935 0.0261444 0.0320673 0.0194483
0 0.687387 0.661785 0.03731 0.0455336 0.0193112
0 0.620334 0.451771 0.0805139 0.0988922 0.0192888
0 0.557454 0.438642 0.0463876 0.0919566 0.0192646
0 0.805254 0.425649 0.128926 0.159597 0.0191707
0 0.696918 0.431996 0.0313343 0.0432374 0.0191384
0 0.455328 0.490188 0.0327032 0.0376693 0.0190013
0 0.037782 0.586089 0.0724571 0.183227 0.0189727
0 0.591208 0.398641 0.0204829 0.0329703 0.0189379
0 0.612886 0.291585 0.0269972 0.03975 0.0188221
0 0.910845 0.540945 0.109497 0.114392 0.0186412
0 0.28913 0.449277 0.0440851 0.0572433 0.0182396
0 0.485522 0.49769 0.022788 0.0291074 0.0182337
0 0.26752 0.254204 0.0251123 0.0416115 0.0182307
0 0.944271 0.828837 0.0704124 0.0836107 0.0181923
0 0.944743 0.587761 0.0723024 0.0821756 0.0181693
0 0.400693 0.493049 0.0256631 0.034975 0.0176622
0 0.524721 0.175955 0.0201542 0.0393152 0.0175911
0 0.849644 0.490499 0.106972 0.0906218 0.0175852
0 0.981387 0.836397 0.0346554 0.0945255 0.0175217
0 0.226535 0.488266 0.0345899 0.0430734 0.0175127
0 0.0252502 0.527147 0.0452302 0.127471 0.0174737
0 0.949307 0.410399 0.0495522 0.0703991 0.0174076
0 0.186934 0.490642 0.042954 0.0545539 0.0173071
0 0.911896 0.405506 0.17509 0.238879 0.0172577
0 0.442258 0.36748 0.172533 0.221815 0.0172506
0 0.814697 0.374809 0.043472 0.0607415 0.0171707
0 0.87181 0.829427 0.0929888 0.0782576 0.0170863
0 0.703921 0.51748 0.0536149 0.062287 0.0169433
0 0.545025 0.429662 0.0500113 0.0858975 0.0168779
0 0.658108 0.453614 0.0810843 0.0869417 0.0168761
0 0.452565 0.231978 0.0221028 0.035191 0.0168643
0 0.106759 0.501173 0.1267 0.129902 0.0167967
0 0.431575 0.19292 0.0493665 0.064398 0.0167625
0 0.813393 0.133289 0.0490143 0.0680949 0.0167305
0 0.920141 0.290231 0.171808 0.347081 0.0165733
0 0.643855 0.495053 0.0227952 0.0328385 0.0164619
0 0.3813 0.354355 0.0230514 0.031415 0.0164118
0 0.884831 0.52926 0.119745 0.11775 0.0164009
0 0.383268 0.442218 0.0508794 0.0695572 0.016367
0 0.981024 0.600729 0.0373489 0.141977 0.0163141
0 0.455123 0.183529 0.0231362 0.0483959 0.0162501
0 0.489443 0.163715 0.0249347 0.0487287 0.0162042
0 0.980612 -0.0159439 0.038678 0.0396651 0.0161597
0 0.863635 0.830096 0.0596199 0.0661674 0.0161392
