0 0.195101 0.563162 0.21743 0.305072 0.845285
0 0.345309 0.470056 0.0382941 0.0655234 0.636515
0 0.302566 0.487351 0.0243541 0.0440252 0.525393
0 0.30375 0.472049 0.0176638 0.0225875 0.428335
0 0.321192 0.472535 0.0133833 0.0218958 0.379392
0 0.290612 0.476126 0.0149761 0.0272807 0.345419
0 0.318897 0.472669 0.01151 0.0183978 0.270889
0 0.287236 0.474294 0.0156796 0.0264249 0.258481
0 0.291925 0.47379 0.0123791 0.0192059 0.250726
0 0.297045 0.473341 0.0134767 0.0189258 0.234789
0 0.287597 0.482362 0.0179171 0.0353294 0.231619
0 0.29606 0.487022 0.0281542 0.0414361 0.207767
0 0.309547 0.47318 0.0116424 0.02031 0.201446
0 0.313363 0.472463 0.0112657 0.0198077 0.194179
0 0.30125 0.474764 0.0114234 0.0198149 0.193183
0 0.370906 0.479073 0.0171589 0.0328412 0.192067
0 0.326584 0.471221 0.0110742 0.0248791 0.189316
0 0.304135 0.484377 0.0184222 0.029652 0.172843
0 0.331786 0.483521 0.0127775 0.0247108 0.168933
0 0.306894 0.472336 0.0114046 0.0188964 0.166171
0 0.339316 0.488227 0.0244939 0.0294412 0.162794
0 0.290384 0.496547 0.0208664 0.0467118 0.150551
0 0.294175 0.475713 0.013276 0.0237061 0.143053
0 0.331831 0.474285 0.0122954 0.028416 0.130129
0 0.283573 0.475846 0.014161 0.0367052 0.129048
0 0.362381 0.478145 0.0143018 0.0291064 0.128011
0 0.30258 0.498606 0.0205182 0.0300329 0.125551
0 0.323586 0.468265 0.0108771 0.0280322 0.120488
0 0.37029 0.471816 0.015132 0.0290644 0.116599
0 0.366503 0.482443 0.0136825 0.0252141 0.110645
0 0.373392 0.481172 0.0138603 0.0261236 0.110363
0 0.271215 0.475734 0.0416321 0.0880519 0.109521
0 0.293323 0.5165 0.0266916 0.0633758 0.10572
0 0.347647 0.477088 0.0148982 0.0256054 0.1029
0 0.5625 0.44673 0 0.136275 0.101415
0 0.279989 0.47182 0.0209767 0.0454397 0.101393
0 0.372295 0.486243 0.0145963 0.0227711 0.101071
0 0.340743 0.476376 0.0122992 0.0251391 0.0957679
0 0.5625 0.454933 0 0.0976159 0.0910157
0 0.0173354 0.498604 0.0346708 0.103717 0.0908926
0 0.288234 0.525562 0.0314891 0.127033 0.0887914
0 0.5625 0.452714 0 0.0743874 0.088709
0 0.351851 0.477756 0.0152111 0.0299537 0.086187
0 0.4694 0.482138 0.0246042 0.0372048 0.0853135
0 0.335317 0.447048 0.0193633 0.0321103 0.0845327
0 0.0304321 0.454525 0.0608641 0.0885166 0.0814591
0 0.5625 0.455356 0 0.113054 0.0812853
0 0.299651 0.465481 0.0120957 0.0191089 0.0809321
0 0.0453558 0.539766 0.0896389 0.244115 0.0783403
0 0.286502 0.502576 0.024144 0.0817588 0.0760309
0 0.015647 0.478662 0.0311017 0.0809968 0.0752028
0 0.040821 0.449595 0.0829096 0.404168 0.0726129
0 0.479093 0.480959 0.0465168 0.047251 0.0670061
0 0.0382717 0.462137 0.0774026 0.249468 0.0654576
0 0.022097 0.469558 0.0409139 0.0590094 0.0638729
0 0.699153 0.419048 0.0272177 0.0543365 0.0625532
0 0.703083 0.427116 0.0363137 0.078678 0.0564545
0 0.728263 0.412875 0.0903731 0.145818 0.0550238
0 0.271598 0.509123 0.060354 0.14635 0.0549043
0 0.0837709 0.496623 0.0555816 0.0776324 0.0543276
0 0.791354 0.444388 0.195818 0.178709 0.0542822
0 0.045674 0.467872 0.0762388 0.0638976 0.0528103
0 0.359786 0.472304 0.016792 0.0352606 0.0522781
0 0.0310183 0.521112 0.0603952 0.193619 0.0519531
0 0.0687932 0.497774 0.0972935 0.0858748 0.0513178
0 0.277022 0.455348 0.032768 0.0644398 0.0512975
0 0.0617304 0.477279 0.0730454 0.0526436 0.0510477
0 0.0452833 0.50584 0.102773 0.0904644 0.0509376
0 0.335084 0.453584 0.0165612 0.0247654 0.0497095
0 0.43112 0.473102 0.0248979 0.046574 0.0495875
0 0.381348 0.480641 0.02161 0.0393811 0.0482996
0 0.66421 0.441795 0.0770678 0.0794188 0.0480919
0 0.0387519 0.474643 0.0492358 0.0468208 0.0478403
0 0.25458 0.489542 0.0893423 0.141685 0.0473878
0 0.295656 0.45614 0.0113905 0.0187626 0.0462397
0 0.304652 0.455436 0.011002 0.0169657 0.0456507
0 0.111701 0.349796 0.218188 0.66177 0.0452657
0 0.324217 0.483691 0.00955281 0.0178313 0.0451051
0 0.436553 0.470814 0.0241388 0.0480666 0.0439855
0 0.569116 0.511617 0.0348499 0.041555 0.0437113
0 0.286262 0.453664 0.0138479 0.0247346 0.0436385
0 0.325677 0.455587 0.0123753 0.0203816 0.0432951
0 0.471769 0.472023 0.0405782 0.0675178 0.0432776
0 0.0681145 0.479608 0.135128 0.347073 0.0416928
0 0.251529 0.466657 0.0722192 0.0970365 0.0413026
0 0.0818238 0.400842 0.159492 0.532119 0.0412142
0 0.742614 0.469868 0.0657528 0.125497 0.0411356
0 0.314914 0.45534 0.0119278 0.0176833 0.0405844
0 0.421738 0.469279 0.0411526 0.0629643 0.0401241
0 0.499414 0.469882 0.0868256 0.0815614 0.0396466
0 0.578607 0.510275 0.0519526 0.0473253 0.0396341
0 0.417608 0.452152 0.0591678 0.0975568 0.0389453
0 0.689711 0.454231 0.0527913 0.0921287 0.0386372
0 0.0181217 0.541388 0.037666 0.240874 0.0384297
0 0.0566365 0.439142 0.109787 0.221523 0.0383923
0 0.0625902 0.52422 0.0964823 0.143084 0.0381925
0 0.707133 0.389971 0.0430288 0.0833416 0.0379333
0 0.364414 0.468262 0.0160838 0.0336587 0.0378801
0 0.670925 0.426907 0.0910678 0.0742336 0.0377235
0 0.407644 0.475238 0.045852 0.0605009 0.0374893
0 0.721788 0.373286 0.0706038 0.0649096 0.0373853
0 0.468029 0.466176 0.0259701 0.0604121 0.0371854
0 0.032954 0.422211 0.0671781 0.168746 0.0370397
0 0.0367146 0.401756 0.0732277 0.256992 0.0367008
0 0.460865 0.490728 0.0266994 0.0407798 0.0365786
0 0.442675 0.471948 0.0349358 0.0542138 0.0362229
0 0.704231 0.372223 0.0358743 0.054368 0.0356977
0 0.471057 0.453889 0.0494803 0.0981274 0.0351531
0 0.496356 0.487068 0.0760477 0.0725323 0.0349389
0 0.430607 0.451603 0.0410236 0.0885269 0.0345497
0 0.651273 0.448447 0.143887 0.156104 0.0344525
0 0.331222 0.453016 0.0167025 0.0220325 0.0343553
0 0.487498 0.486912 0.0534006 0.0618446 0.0342923
0 0.0143541 0.586084 0.0285834 0.155447 0.0342802
0 0.260911 0.540696 0.0840653 0.214759 0.0341459
0 0.233306 0.557305 0.137317 0.263607 0.0338802
0 0.567373 0.499731 0.0376238 0.0577577 0.0337115
0 0.895408 0.451013 0.0436771 0.102839 0.0334162
0 0.578151 0.462863 0.0857625 0.1269 0.0334063
0 0.725169 0.387536 0.0797307 0.0961608 0.0332958
0 0.465069 0.485342 0.0177249 0.0299911 0.0331169
0 0.515258 0.484986 0.0894053 0.0771696 0.0331016
0 0.585599 0.498199 0.06989 0.0718162 0.0329731
0 0.53754 0.488523 0.0589993 0.0701224 0.0327526
0 0.895096 0.422174 0.0318439 0.0410652 0.032632
0 0.563322 0.466109 0.0620539 0.11176 0.0315515
0 0.75552 0.417598 0.136329 0.16472 0.0314599
0 0.739462 0.43023 0.0710501 0.104414 0.0312317
0 0.0850289 0.506173 0.0387183 0.0779074 0.0311794
0 0.262104 0.603794 0.0765047 0.177626 0.030982
0 0.703079 0.475929 0.0477145 0.107283 0.0307292
0 0.560578 0.49009 0.0510038 0.0758747 0.0305527
0 0.7534 0.489619 0.0493809 0.0888951 0.0303149
0 0.0562865 0.466992 0.107708 0.0951039 0.0303026
0 0.345804 0.45071 0.0197013 0.0239412 0.0301886
0 0.554703 0.607003 0.0164799 0.0267793 0.0299035
0 0.453257 0.453292 0.0559063 0.0979924 0.0290706
0 0.0363665 0.173905 0.0638869 0.0851058 0.028978
0 0.819099 0.440804 0.140485 0.144535 0.028939
0 0.0333788 0.57382 0.0635063 0.172512 0.0289244
0 0.521576 0.464127 0.0929347 0.116428 0.0287637
0 0.212571 0.360571 0.0480586 0.107719 0.0282147
0 0.25618 0.429386 0.0472859 0.0608588 0.0281384
0 0.532318 0.380033 0.0322444 0.0386044 0.028135
0 0.396999 0.467803 0.0452785 0.0708186 0.0276979
0 0.0866394 0.401215 0.172963 0.284602 0.0276537
0 0.60315 0.445241 0.138387 0.164175 0.0276209
0 0.210851 0.484915 0.159822 0.141137 0.0274485
0 0.260863 0.418462 0.0283098 0.0413751 0.027431
0 0.48096 0.46109 0.0505009 0.0823992 0.0273757
0 0.443108 0.496222 0.0316476 0.0432206 0.0273147
0 0.890946 0.436844 0.0388567 0.0737292 0.0271836
0 0.663789 0.416764 0.0714826 0.0603701 0.0269712
0 0.229437 0.4639 0.107047 0.102507 0.0268882
0 0.715859 0.473155 0.0717325 0.129171 0.0267191
0 0.519339 0.472622 0.0604909 0.0861227 0.0266572
0 0.382462 0.489719 0.0151785 0.0272519 0.0266408
0 0.292452 0.534474 0.0161971 0.0610463 0.0265823
0 0.263865 0.410829 0.0705849 0.14338 0.0262387
0 0.0396473 0.279583 0.0860647 0.501786 0.0262078
0 0.323314 0.474955 0.0114999 0.018735 0.026082
0 0.0249573 0.416993 0.046833 0.144577 0.0258303
0 0.987436 0.545499 0.0250639 0.0728249 0.0256966
0 0.306743 0.418381 0.0138612 0.0193523 0.0256233
0 0.206054 0.362469 0.0719745 0.143565 0.0252175
0 0.530637 0.400535 0.0387548 0.0475108 0.0251796
0 0.14746 0.24458 0.288605 0.491556 0.0251414
0 0.369188 0.446636 0.0152883 0.0256453 0.0248685
0 0.0102023 0.594872 0.021583 0.118033 0.0245381
0 0.870317 0.573199 0.129378 0.162172 0.0243378
0 0.751864 0.45145 0.0446621 0.0980738 0.0242931
0 0.531458 0.367353 0.037264 0.0544247 0.024278
0 0.529718 0.399362 0.0320101 0.0333533 0.0239788
0 0.294885 0.422841 0.0135592 0.0224093 0.0238817
0 0.250099 0.404029 0.0322858 0.0350191 0.0236631
0 0.434373 0.492278 0.0213028 0.03595 0.0233485
0 0.232351 0.360251 0.115157 0.287967 0.023325
0 0.598766 0.518963 0.0515176 0.0462449 0.0232174
0 0.401151 0.485186 0.0231455 0.0376771 0.0231471
0 0.976362 0.986929 0.0387905 0.0465269 0.0230482
0 0.941063 0.404362 0.133966 0.245289 0.0229392
0 0.357959 0.431103 0.020135 0.0389705 0.0228258
0 0.358632 0.451694 0.0141992 0.0215062 0.0228153
0 0.927415 0.985304 0.0445316 0.0458003 0.0227685
0 0.732921 0.27108 0.031992 0.0349842 0.0227492
0 0.605506 0.505276 0.0638363 0.0598369 0.0227448
0 0.0813666 0.452722 0.139922 0.177658 0.0227131
0 0.545188 0.478187 0.0744848 0.0943027 0.0224207
0 0.237134 0.267245 0.12332 0.317727 0.0222987
0 0.345044 0.671207 0.0483921 0.0609939 0.0219157
0 0.0327329 0.304926 0.0590973 0.0744645 0.0218962
0 0.652393 0.437035 0.0562737 0.0660498 0.0218895
0 0.865015 0.936215 0.0865911 0.124358 0.0217613
0 0.196279 0.650135 0.151855 0.109196 0.0217293
0 0.904037 0.538854 0.0608646 0.105448 0.0216652
0 0.323443 0.39617 0.0248831 0.0349157 0.0216283
0 0.400073 0.178116 0.021688 0.0363248 0.0215081
0 0.0322522 0.425713 0.0724408 0.0884598 0.0213928
0 0.387245 0.487386 0.0142421 0.0264547 0.0213496
0 0.887354 0.974387 0.0430208 0.0528912 0.0213033
0 0.477945 0.492348 0.0354176 0.0529338 0.0212428
0 0.390816 0.428621 0.0294486 0.0491331 0.0211975
0 0.121311 0.547718 0.0694639 0.155838 0.0211697
0 0.289604 0.540361 0.0232666 0.0892538 0.0211541
0 0.0938447 0.550111 0.0227339 0.0909667 0.0211469
0 0.287902 0.425043 0.013833 0.0243515 0.02114
0 0.0979341 0.545517 0.0472613 0.127143 0.0210921
0 0.131479 0.602201 0.0813463 0.16944 0.02097
0 0.903613 0.451319 0.0656631 0.123039 0.0208883
0 0.797416 0.354599 0.0561981 0.0479089 0.0208671
0 0.770784 0.30495 0.0335082 0.0613177 0.0207892
0 0.985207 0.391819 0.028307 0.0891869 0.0207495
0 0.603199 0.377243 0.0468717 0.0364886 0.0206125
0 0.362731 0.666236 0.0667588 0.0838142 0.0205075
0 0.530386 0.334778 0.049848 0.0896764 0.0204932
0 0.55224 0.453775 0.0738434 0.131707 0.020487
0 0.924156 0.173713 0.155694 0.35211 0.0204033
0 0.699179 0.430312 0.0973671 0.166477 0.0201541
0 0.266692 0.552649 0.0699152 0.130061 0.020143
0 0.318511 0.406902 0.0179407 0.0236824 0.020117
0 0.533586 0.512766 0.0843157 0.0906993 0.01992
0 0.0427679 0.531574 0.0826518 0.149478 0.0198429
0 0.830211 0.413447 0.089439 0.0903432 0.0198334
0 0.410441 0.423289 0.0416084 0.0771883 0.0198301
0 0.626108 0.527747 0.0499101 0.0429128 0.0198125
0 0.690511 0.496319 0.0531795 0.089064 0.0195552
0 0.838878 0.151254 0.212855 0.295799 0.0195364
0 0.234414 0.445541 0.0860789 0.0653662 0.019496
0 0.256781 0.0314304 0.0539509 0.0638621 0.0193659
0 0.463152 0.493603 0.0196219 0.0288062 0.0192947
0 0.630399 0.514073 0.0700888 0.0617901 0.019239
0 0.714844 0.508214 0.0783727 0.105801 0.0191758
0 0.70162 0.346799 0.031247 0.0420377 0.0191565
0 0.476705 0.514169 0.028472 0.0523953 0.0191256
0 0.409142 0.48918 0.0278629 0.0428682 0.0191054
0 0.0526066 0.892994 0.0953418 0.173734 0.0190866
0 0.740749 0.374818 0.0568947 0.046399 0.0190408
0 0.190803 0.456431 0.109286 0.0828879 0.0189638
0 0.876308 0.967614 0.0615603 0.0728856 0.0189218
0 0.0939008 0.869054 0.0315463 0.0443044 0.0188523
0 0.644125 0.453724 0.0616545 0.104166 0.0188098
0 0.925194 0.573922 0.0243986 0.0579139 0.018806
0 0.042578 0.605909 0.0811996 0.248039 0.0186602
0 0.234012 0.421028 0.0502145 0.0423703 0.0186534
0 0.853739 0.930088 0.0583754 0.107285 0.0186531
0 0.0348772 0.385339 0.0680812 0.0952441 0.0186293
0 0.16568 0.453801 0.0963265 0.0808179 0.0186172
0 0.100381 0.549112 0.0271084 0.091141 0.0185867
0 0.663393 0.387523 0.0936668 0.0897157 0.0184547
0 0.94933 0.41228 0.0933107 0.132539 0.0184508
0 0.98289 0.507366 0.0331875 0.11542 0.0184281
0 0.55028 0.506137 0.0768218 0.0743285 0.0183909
0 0.663524 0.482097 0.108106 0.118143 0.0183144
0 0.595235 0.377932 0.0628527 0.0454822 0.0182646
0 0.622864 0.341146 0.0602905 0.0653646 0.0182499
0 0.982506 0.478411 0.0296923 0.0766261 0.0182458
0 0.519119 0.335913 0.0666496 0.110503 0.018217
0 0.100198 0.499025 0.07911 0.150819 0.0182047
0 0.16777 0.614747 0.137196 0.167642 0.0180084
0 0.512441 0.356241 0.0875037 0.147795 0.0179977
0 0.13163 0.506375 0.097578 0.196635 0.0179501
0 0.73328 0.282407 0.0388019 0.0471923 0.0178611
0 0.905 0.290632 0.030011 0.0530499 0.0178572
0 0.891137 0.419811 0.0407391 0.0657272 0.0178367
0 0.171571 0.677225 0.100393 0.0818952 0.0178236
0 0.49588 0.315212 0.0328196 0.0415155 0.0177534
0 0.520551 0.440463 0.0562231 0.0917107 0.017662
0 0.146414 0.565587 0.115677 0.25174 0.0176013
0 0.854397 0.457131 0.122599 0.154661 0.0175432
0 0.427633 0.490631 0.0228477 0.0378747 0.0175005
0 0.962884 0.573435 0.0702583 0.137533 0.0174472
0 0.2281 0.402913 0.0288879 0.0302819 0.0174102
0 0.695646 0.383472 0.0873809 0.0868855 0.0173311
0 0.614169 0.48378 0.0486341 0.06841 0.0173296
0 0.22187 0.413531 0.0633958 0.117842 0.0172938
0 0.906352 0.519229 0.0501171 0.0613393 0.0172596
0 0.506775 0.444291 0.086962 0.104342 0.0172471
0 0.134259 0.642524 0.0788995 0.113499 0.017244
0 0.99186 0.380096 0.0146492 0.0618543 0.0172357
0 0.192351 0.374068 0.0474833 0.0749241 0.0172317
0 0.930342 0.580104 0.0186651 0.0584893 0.0172165
0 0.503471 0.508706 0.0596869 0.0903551 0.0172132
0 0.338868 0.391278 0.0326016 0.0410538 0.0171087
0 0.377743 0.384785 0.022863 0.0353797 0.0171039
0 0.815017 0.248473 0.0250582 0.0369219 0.0170907
0 0.702039 0.519163 0.0500169 0.0809172 0.0170749
0 0.567427 0.329374 0.0340663 0.0655399 0.0170532
0 0.141931 0.219271 0.027094 0.0481879 0.0169889
0 0.803494 0.158079 0.0368969 0.0493155 0.0169833
0 0.577208 0.112723 0.0986853 0.103782 0.0169754
0 0.584141 0.96706 0.0378613 0.0560525 0.0169474
0 0.981297 0.983267 0.0284718 0.0319933 0.0169013
0 0.905366 1.01143 0.039377 0.0375375 0.0168784
0 0.355977 0.390858 0.0321013 0.0368681 0.0168511
0 0.535135 0.0885946 0.0597447 0.0879199 0.0168282
0 0.734938 0.504961 0.0890526 0.0997482 0.0167915
0 0.990574 0.278773 0.0191311 0.0671578 0.0167718
0 0.864492 0.609907 0.12028 0.16373 0.0167483
0 0.901243 0.421765 0.0386333 0.050855 0.0167169
0 0.697457 0.339217 0.0276044 0.0375148 0.0167063
