0 0.505766 0.399898 0.0525822 0.0793829 0.864462
0 0.36027 0.425091 0.0949487 0.125564 0.852326
0 0.453479 0.396379 0.0228102 0.0299536 0.620354
0 0.47888 0.392544 0.012433 0.029213 0.353179
0 0.474668 0.386029 0.0128344 0.0228561 0.272042
0 0.531698 0.375576 0.0156465 0.0230389 0.259085
0 0.47841 0.386922 0.0151388 0.0315826 0.225103
0 0.527817 0.380582 0.0197822 0.0321571 0.199761
0 0.47736 0.387217 0.0121073 0.0218185 0.189184
0 0.536954 0.375769 0.0235489 0.0293076 0.179792
0 0.428885 0.390528 0.0166352 0.0225149 0.17304
0 0.534427 0.378528 0.0164792 0.0259505 0.157304
0 0.554102 0.362783 0.0164663 0.0178911 0.157061
0 0.5625 0.360363 0 0.0318553 0.152693
0 0.551161 0.364894 0.0221143 0.0232996 0.150326
0 0.535429 0.37336 0.0120071 0.0156141 0.143509
0 0.473364 0.382514 0.0120584 0.0198619 0.139909
0 0.455184 0.396553 0.0141665 0.0231209 0.138635
0 0.482801 0.388902 0.0110785 0.0220036 0.133488
0 0.427058 0.394786 0.0142254 0.0204464 0.131203
0 0.529931 0.381864 0.0129413 0.0204758 0.13105
0 0.544814 0.368235 0.0161183 0.0189632 0.12879
0 0.459205 0.39386 0.0113606 0.0174666 0.12746
0 0.25448 0.402941 0.062163 0.0575603 0.127033
0 0.321393 0.426295 0.0205618 0.0593875 0.12396
0 0.5625 0.368227 0 0.030033 0.118877
0 0.518454 0.375128 0.0131563 0.0171382 0.118583
0 0.465416 0.39112 0.0125452 0.0190182 0.118248
0 0.31087 0.414148 0.0169207 0.0226029 0.112838
0 0.549523 0.369137 0.0157921 0.0178918 0.110697
0 0.527243 0.377491 0.0111001 0.0174417 0.10693
0 0.419962 0.390543 0.0307028 0.0336164 0.104335
0 0.5625 0.359685 0 0.0236304 0.102039
0 0.514181 0.38507 0.0151736 0.0344064 0.0975824
0 0.514332 0.383385 0.0134914 0.0201092 0.096328
0 0.558135 0.361613 0.00873022 0.0220903 0.0948635
0 0.294173 0.409985 0.0416332 0.0369679 0.0936107
0 0.5625 0.365698 0 0.0446065 0.0932897
0 0.546104 0.382535 0.0157963 0.0223117 0.0923327
0 0.442141 0.393107 0.0170285 0.0212429 0.0922611
0 0.491756 0.37476 0.0252797 0.0364484 0.0915344
0 0.549975 0.374582 0.0250501 0.0331275 0.09065
0 0.561736 0.37357 0.00152698 0.0320582 0.090101
0 0.5625 0.364067 0 0.0313117 0.0883533
0 0.280527 0.409755 0.0398182 0.0397051 0.0876981
0 0.5625 0.362153 0 0.0284947 0.0856587
0 0.315752 0.419766 0.0192848 0.0298323 0.0839721
0 0.5625 0.34153 0 0.0404993 0.0826506
0 0.359928 0.384738 0.0582915 0.0407862 0.0825234
0 0.433491 0.391339 0.0138852 0.0179788 0.0821486
0 0.233746 0.402709 0.10006 0.0733116 0.0816026
0 0.46182 0.38671 0.0144579 0.0184228 0.0783074
0 0.272304 0.38748 0.112137 0.102193 0.073212
0 0.603713 0.362156 0.0387178 0.0346679 0.0706312
0 0.591115 0.371607 0.0472311 0.0447066 0.0690485
0 0.572007 0.35832 0.0287816 0.034001 0.0685668
0 0.444173 0.388267 0.0204664 0.0266771 0.0659521
0 0.296551 0.3829 0.0761646 0.0994783 0.0658788
0 0.306192 0.410721 0.0298604 0.0355748 0.0648257
0 0.291204 0.400477 0.0606716 0.0591566 0.0642826
0 0.317904 0.413832 0.0267779 0.0478809 0.0634357
0 0.329972 0.41113 0.0424079 0.0825635 0.0633002
0 0.566259 0.372763 0.0210368 0.02393 0.0612352
0 0.533078 0.371537 0.0131166 0.0174561 0.0612002
0 0.566296 0.368508 0.0161093 0.0186318 0.0605934
0 0.051665 0.427385 0.0969985 0.0885488 0.0600548
0 0.667785 0.3562 0.0462711 0.057889 0.059714
0 0.439862 0.389434 0.0142968 0.0196687 0.0583931
0 0.397596 0.391286 0.0184433 0.0281481 0.0565914
0 0.643692 0.36977 0.0682182 0.0622843 0.0563423
0 0.0597518 0.408435 0.100153 0.102005 0.0559409
0 0.537649 0.367453 0.0138005 0.0172751 0.0556714
0 0.0309918 0.419256 0.0602432 0.0954831 0.0556128
0 0.423921 0.391239 0.0242547 0.025878 0.0551675
0 0.629301 0.373839 0.0664242 0.063551 0.0541542
0 0.374274 0.387209 0.0451787 0.0411579 0.0538172
0 0.19628 0.397324 0.177363 0.109826 0.0523101
0 0.349422 0.408123 0.0773015 0.0917844 0.0508712
0 0.635433 0.307235 0.101686 0.141971 0.0505116
0 0.0235836 0.434879 0.0487673 0.096996 0.0504896
0 0.618866 0.354833 0.0342877 0.0309199 0.0484453
0 0.548645 0.356639 0.0191317 0.0248834 0.0478427
0 0.571822 0.372706 0.0177601 0.0225176 0.0474402
0 0.21351 0.397667 0.103008 0.0812619 0.0469264
0 0.305622 0.419893 0.0167826 0.0195938 0.0468629
0 0.434314 0.398871 0.0180349 0.0278581 0.0467697
0 0.304625 0.41485 0.0239846 0.0247094 0.0463738
0 0.578936 0.35374 0.0395878 0.0428769 0.0461298
0 0.27977 0.410832 0.0185531 0.0265478 0.0461217
0 0.556373 0.374098 0.0142987 0.0185558 0.0458294
0 0.668908 0.333207 0.0472292 0.0600755 0.0454362
0 0.570784 0.360791 0.0198403 0.0232402 0.0443514
0 0.656733 0.288232 0.0286824 0.0935582 0.0441812
0 0.41554 0.402272 0.0205254 0.0267942 0.0436342
0 0.397999 0.406941 0.0169988 0.0328765 0.0432203
0 0.623514 0.361763 0.0238317 0.0243531 0.0431027
0 0.247008 0.392383 0.0929029 0.10249 0.0427807
0 0.627291 0.353022 0.05051 0.0394524 0.0418453
0 0.664704 0.318264 0.0461212 0.0992746 0.041677
0 0.516372 0.36695 0.0139495 0.0155405 0.0404297
0 0.0104759 0.426761 0.0214465 0.0715185 0.039178
0 0.624543 0.341462 0.0435004 0.0549661 0.0389253
0 0.0842906 0.41682 0.114841 0.0967541 0.0386631
0 0.0153902 0.434896 0.0299268 0.0845562 0.0386086
0 0.315054 0.39072 0.0485124 0.109141 0.0381177
0 0.205968 0.380684 0.0521978 0.0488147 0.0380412
0 0.52917 0.366225 0.0137967 0.0157282 0.0377562
0 0.420815 0.395598 0.0166606 0.0204694 0.0375391
0 0.187762 0.402456 0.101933 0.0858448 0.0369006
0 0.0694347 0.406407 0.138765 0.129724 0.0366865
0 0.667138 0.299805 0.0536459 0.144123 0.0363097
0 0.277195 0.414847 0.0187294 0.0272664 0.0362394
0 0.637632 0.327548 0.0748338 0.109737 0.0357934
0 0.635386 0.34707 0.0534317 0.0514643 0.0350785
0 0.402913 0.398927 0.0170469 0.0245534 0.0349702
0 0.0714603 0.433161 0.0915099 0.0690907 0.0345845
0 0.476829 0.367209 0.0107879 0.0152762 0.0343849
0 0.226355 0.383555 0.113687 0.0880736 0.03417
0 0.595826 0.355031 0.0271044 0.0300388 0.0334398
0 0.157541 0.393891 0.196574 0.126515 0.0321031
0 0.653196 0.298854 0.040616 0.126472 0.0315896
0 0.320432 0.429583 0.0134502 0.0472428 0.0315698
0 0.191197 0.380521 0.0668444 0.0530279 0.0314285
0 0.362635 0.377732 0.0475681 0.0363152 0.0312518
0 0.676584 0.365575 0.0500937 0.0611675 0.0310356
0 0.386207 0.390515 0.0450031 0.0577296 0.0306944
0 0.190362 0.377583 0.0862747 0.0826467 0.0304302
0 0.165183 0.408218 0.0837653 0.0799763 0.0303899
0 0.154636 0.382428 0.260557 0.179502 0.030096
0 0.0875716 0.379801 0.173381 0.168829 0.0299328
0 0.491199 0.366162 0.014652 0.016856 0.0295781
0 0.452678 0.396723 0.0139331 0.0179218 0.0294075
0 0.174119 0.395265 0.0599764 0.0601618 0.0288565
0 0.413683 0.362206 0.057562 0.0964556 0.0286382
0 0.125167 0.417992 0.10409 0.0845184 0.0285534
0 0.392638 0.37756 0.0352918 0.0501013 0.0281735
0 0.364964 0.372919 0.0882583 0.110304 0.0278915
0 0.176312 0.384373 0.0485603 0.0451858 0.0274522
0 0.396157 0.426155 0.0200905 0.0419879 0.0270278
0 0.469938 0.366766 0.0108316 0.0153533 0.0266936
0 0.654304 0.373723 0.0262287 0.030411 0.0263424
0 0.404394 0.390664 0.0216537 0.0314081 0.0261767
0 0.459545 0.365899 0.0118024 0.0178057 0.0259689
0 0.282445 0.424635 0.0208964 0.0269889 0.0256886
0 0.321001 0.372263 0.0633539 0.0963014 0.0251319
0 0.0964429 0.426913 0.0876882 0.0743091 0.0246196
0 0.474509 0.359791 0.0148032 0.0215747 0.0245406
0 0.0491997 0.383098 0.0955716 0.183688 0.0240395
0 0.480351 0.375912 0.0130591 0.0183144 0.0238984
0 0.365699 0.169807 0.121085 0.207295 0.0237467
0 0.393023 0.431744 0.0266457 0.0610535 0.0235296
0 0.0333937 0.389507 0.0650376 0.151974 0.0234764
0 0.402582 0.435152 0.0193892 0.0315374 0.023456
0 0.82871 0.124358 0.0503572 0.0592924 0.0228766
0 0.323269 0.44343 0.0262302 0.0493097 0.02251
0 0.10439 0.403468 0.124213 0.113526 0.0222658
0 0.0580848 0.745223 0.104762 0.195675 0.0222567
0 0.163084 0.376914 0.0753497 0.0886593 0.0222344
0 0.543507 0.301271 0.0263311 0.0374555 0.021728
0 0.708012 0.348873 0.0798776 0.0838535 0.0215705
0 0.697168 0.361876 0.0869267 0.082418 0.0214026
0 0.620784 0.315097 0.0733714 0.101612 0.021244
0 0.701913 0.307447 0.112687 0.140743 0.0210797
0 0.556595 0.304506 0.0371921 0.0556729 0.0204225
0 0.133654 0.397514 0.118441 0.105507 0.0203797
0 0.661824 0.379653 0.0482999 0.052685 0.020317
0 0.377706 0.386728 0.0308587 0.0319065 0.0202579
0 0.446754 0.398526 0.0129975 0.0206285 0.0201932
0 0.677245 0.381746 0.029264 0.0331729 0.0199407
0 0.602178 0.395976 0.0243439 0.036014 0.0197568
0 0.771389 0.279856 0.214358 0.232485 0.0196489
0 0.332486 0.164528 0.136833 0.209632 0.0196421
0 0.742956 0.307735 0.147026 0.152625 0.0196292
0 0.0170567 0.411213 0.0298938 0.102453 0.0193303
0 0.81214 0.132109 0.0191263 0.0343233 0.0191805
0 0.449956 0.326531 0.0417256 0.0723123 0.0191021
0 0.725261 0.335053 0.127285 0.115344 0.0188904
0 0.474521 0.374328 0.0125005 0.0170902 0.0188677
0 0.154385 0.392647 0.0990053 0.0879072 0.0188088
0 0.778853 0.187249 0.218526 0.309272 0.0186546
0 0.372972 0.344159 0.0909799 0.151479 0.0183692
0 0.478324 0.394261 0.0107266 0.0189596 0.0183177
0 0.637888 0.417178 0.118992 0.143634 0.0183109
0 0.595022 0.376074 0.0231398 0.0262022 0.0180597
0 0.367463 0.438339 0.0684449 0.0870494 0.0180291
0 0.673511 0.276035 0.0683019 0.0953461 0.0178794
0 0.349245 0.431458 0.062885 0.0955861 0.0177491
0 0.638929 0.527098 0.133145 0.189892 0.0177056
0 0.483702 0.302957 0.0384013 0.0526604 0.0177034
0 0.559882 0.266465 0.0788732 0.14047 0.0176122
0 0.979692 -0.0135228 0.0396027 0.0412642 0.017573
0 0.319274 0.428485 0.0131074 0.0312166 0.0175292
0 0.216905 0.638123 0.162899 0.230421 0.0175074
0 0.443068 0.360602 0.0181637 0.032093 0.0174721
0 0.0293243 0.516396 0.0615228 0.199997 0.0174714
0 0.377895 0.439365 0.0527815 0.0734255 0.0174169
0 0.0616212 0.662538 0.102026 0.171703 0.0174139
0 0.665094 0.27828 0.0424591 0.0865384 0.0173745
0 0.568961 0.306687 0.0385917 0.0608686 0.0172922
0 0.677077 0.378124 0.0575192 0.0635842 0.0172616
0 0.475774 0.397293 0.0119241 0.0227044 0.0172558
0 0.0678037 0.350041 0.122945 0.216548 0.017231
0 0.0135793 0.486624 0.0284979 0.138344 0.0172268
0 0.534001 0.399531 0.0127098 0.0258916 0.0172073
0 0.496589 0.304046 0.0364079 0.0443976 0.0170746
0 0.567686 0.452698 0.0629067 0.111473 0.0170647
0 0.0575316 0.828413 0.0997461 0.177881 0.0170498
0 0.296969 0.342348 0.0704114 0.11747 0.0169983
0 0.578687 0.307674 0.0410837 0.0645498 0.0169873
0 0.450747 0.399308 0.0121673 0.0205199 0.0168465
0 0.267847 0.412267 0.0213168 0.0275271 0.0168348
0 0.536329 0.303463 0.023322 0.0306773 0.0167177
0 0.0470601 0.703418 0.0852443 0.215437 0.0164177
0 0.0694854 0.703804 0.111181 0.171814 0.0163428
0 0.838098 0.12395 0.0509684 0.0498636 0.0161738
0 0.679746 0.169634 0.177691 0.269267 0.016139
0 0.609973 0.375432 0.0257977 0.0283663 0.0160692
0 0.695034 0.335273 0.060231 0.0588642 0.0159549
0 0.837478 0.134784 0.0438356 0.0453726 0.0159497
0 0.242548 0.381759 0.0607301 0.0573721 0.0159405
0 0.602919 0.311882 0.0683105 0.0958865 0.015906
0 0.471817 0.300359 0.0340178 0.0519108 0.0158741
0 0.842852 0.134119 0.0770332 0.0873695 0.0155895
0 0.622433 0.417423 0.0419651 0.0632625 0.0154813
0 0.731315 0.566057 0.0462658 0.0628487 0.0153563
0 0.839997 0.165208 0.0682764 0.0911047 0.0152397
0 0.821019 0.127831 0.0335394 0.0496479 0.0151677
0 0.983947 0.376914 0.0332554 0.115797 0.0151535
0 0.9792 0.357835 0.0418106 0.117723 0.0150524
0 0.13288 0.368557 0.091115 0.115931 0.0150475
0 0.0593609 0.876889 0.100013 0.177163 0.0150083
0 0.265607 0.435 0.0307497 0.029411 0.0149667
0 0.352181 0.370002 0.0469408 0.0516397 0.014908
0 0.692963 0.323239 0.0741842 0.0859679 0.0148691
0 0.481473 0.40693 0.0162657 0.0362539 0.0148587
0 0.612179 0.379253 0.0362826 0.0428406 0.014633
0 0.365829 0.368205 0.0455989 0.0529933 0.0146235
0 0.149933 0.42753 0.0782869 0.0525922 0.0145826
0 0.431147 0.40071 0.0160686 0.022728 0.0145605
0 0.074623 0.62314 0.111323 0.155386 0.0145439
0 0.622101 0.190025 0.156526 0.271226 0.0145325
0 0.965146 0.337971 0.0668724 0.111734 0.0145273
0 0.975103 0.65292 0.0484278 0.198087 0.0145247
0 0.384645 0.462586 0.0471232 0.0768962 0.0144815
0 0.410517 0.342473 0.0474405 0.0880912 0.0144388
0 0.73991 0.756016 0.0589441 0.0966717 0.0143579
0 0.312962 0.334465 0.044429 0.0983182 0.0142761
0 0.926001 0.554304 0.147246 0.25859 0.0142588
0 0.67197 0.265247 0.0479903 0.07154 0.0142396
0 0.513971 0.741734 0.0445481 0.0593377 0.0141046
0 0.312188 0.444425 0.0271132 0.0479448 0.0139783
0 0.677601 0.305242 0.0594194 0.103481 0.0138956
0 0.946778 0.362746 0.0978996 0.121926 0.0138616
0 0.926397 0.645406 0.145135 0.295241 0.0138606
0 0.723103 0.285188 0.127736 0.165856 0.0138472
0 0.943239 0.334554 0.105761 0.12814 0.0137768
0 0.0484167 0.385173 0.0762701 0.131204 0.0137423
0 0.516561 0.304946 0.0266924 0.0328119 0.0137104
0 0.543961 0.738952 0.0480542 0.0648254 0.0136509
0 0.872502 0.165501 0.111972 0.112068 0.0136497
0 0.481365 0.742097 0.0529342 0.0617579 0.0136424
0 0.957424 0.652673 0.0764402 0.18148 0.0136072
0 0.0808907 0.828332 0.111504 0.163004 0.0135667
0 0.359107 0.255983 0.0585381 0.0820478 0.0135598
0 0.958759 0.709253 0.0849337 0.299709 0.0135112
0 0.73783 0.792656 0.0402425 0.0658067 0.0133839
0 0.217414 0.369829 0.084475 0.0701739 0.0133432
0 0.0130669 0.6121 0.0296598 0.193735 0.0132877
0 0.956635 0.801566 0.0879955 0.288585 0.0132645
0 0.816832 0.339511 0.0958616 0.108715 0.0132347
0 0.730489 0.363693 0.102013 0.0952458 0.0131513
0 0.819784 0.168259 0.0672082 0.0929914 0.0131076
0 0.957427 0.607699 0.0751862 0.163557 0.0130432
0 0.712031 0.749033 0.0378411 0.0712847 0.0129125
0 0.690072 0.86109 0.0411797 0.0757534 0.0128892
0 0.629456 0.282596 0.0541906 0.0859195 0.0128245
0 0.0163734 0.458648 0.0361157 0.101055 0.0126759
0 0.072736 0.641813 0.14461 0.289425 0.0126642
0 0.00425683 0.562912 0.0108565 0.0669215 0.0126521
0 0.530522 0.739923 0.0516073 0.0641473 0.0126285
0 0.550149 0.389244 0.0152848 0.0219 0.0126259
0 0.331885 0.344943 0.0584391 0.128699 0.0125996
0 0.469003 0.743904 0.0474359 0.058218 0.0125372
0 0.986542 0.415737 0.0283777 0.114143 0.0125311
0 0.984654 0.336914 0.0319942 0.108328 0.0125299
0 0.815827 0.367497 0.075135 0.0847048 0.0125293
0 0.766043 0.336627 0.170139 0.161937 0.0125161
0 0.76252 0.545117 0.10785 0.180527 0.0124987
0 0.606534 -0.00422355 0.0816582 0.0572037 0.0124807
0 0.502103 0.304302 0.0307695 0.0336923 0.0124432
0 0.708308 0.377954 0.0860921 0.0763956 0.0124427
0 0.0401168 0.788861 0.0836234 0.28183 0.0124418
0 0.632341 -0.00389496 0.0798139 0.0573071 0.0124284
0 0.358716 0.266364 0.0448154 0.0504977 0.012388
0 0.0638668 0.377716 0.074895 0.11392 0.012355
0 0.171701 0.360413 0.0837341 0.0952033 0.0123384
0 0.582581 -0.00402474 0.0813192 0.0574128 0.0123176
0 0.989094 0.667548 0.0218178 0.112201 0.0122874
0 0.713165 0.523393 0.0526242 0.065695 0.0122854
0 0.732996 0.524849 0.0457396 0.0590591 0.0122846
