0 0.659097 0.568897 0.0645424 0.0862545 0.9134
0 0.336342 0.576008 0.0966622 0.17296 0.90715
0 0.51486 0.565054 0.118764 0.212073 0.902754
0 0.746668 0.591686 0.124355 0.136984 0.892706
0 0.220316 0.600576 0.222359 0.263954 0.863116
0 0.938077 0.620955 0.123846 0.17202 0.862308
0 0.102944 0.629482 0.205888 0.543447 0.852497
0 0.366508 0.53707 0.117841 0.180466 0.80836
0 0.601867 0.562722 0.0383798 0.0597014 0.803703
0 0.964804 0.770306 0.0703251 0.345011 0.660671
0 0.448905 0.534218 0.0270947 0.0522697 0.614253
0 0.578418 0.557817 0.0174766 0.0643856 0.486928
0 0.421248 0.556735 0.0237139 0.091816 0.379237
0 0.433984 0.534426 0.0208109 0.045492 0.288113
0 0.6254 0.564074 0.0186801 0.0499719 0.283421
0 0.974936 0.659966 0.0500147 0.122143 0.277826
