0 0.454675 0.541661 0.0196761 0.0234909 0.794014
0 0.314322 0.537912 0.0414194 0.0421752 0.570946
0 0.377848 0.546135 0.0175313 0.0231328 0.546781
0 0.350451 0.533907 0.0375326 0.0464305 0.513808
0 0.399638 0.54481 0.0171256 0.0235263 0.471197
0 0.417163 0.540619 0.0138183 0.0216677 0.388719
0 0.424492 0.541327 0.0122265 0.0165567 0.370393
0 0.5625 0.554207 0 0.0367583 0.307498
0 0.427876 0.540066 0.0109161 0.0139487 0.277779
0 0.425822 0.541324 0.00904274 0.0131337 0.25066
0 0.5625 0.546273 0 0.0324587 0.221145
0 0.430858 0.540379 0.0105618 0.0134455 0.218654
0 0.5625 0.554721 0 0.0306836 0.218413
0 0.434021 0.539974 0.0122233 0.0158918 0.21737
0 0.429248 0.542838 0.0118281 0.0165076 0.216128
0 0.5625 0.547372 0 0.0320267 0.203926
0 0.5625 0.546181 0 0.0279434 0.203688
0 0.420827 0.539956 0.0126615 0.0179283 0.194636
0 0.41722 0.545241 0.0121363 0.0179944 0.191873
0 0.132746 0.541017 0.0207672 0.0231406 0.176805
0 0.388725 0.5463 0.0131393 0.0188896 0.175246
0 0.148842 0.545184 0.0322322 0.027225 0.175175
0 0.0837609 0.546948 0.0243831 0.0215066 0.174936
0 0.347658 0.519199 0.0475216 0.0813502 0.173186
0 0.452256 0.540728 0.0148977 0.0181716 0.171475
0 0.108078 0.539353 0.0278179 0.0233287 0.169225
0 0.348433 0.53634 0.0280392 0.0372249 0.165362
0 0.400374 0.547101 0.0132576 0.0168421 0.163906
0 0.477249 0.541561 0.0155117 0.0185488 0.155319
0 0.140386 0.544304 0.0252888 0.0256333 0.154202
0 0.332412 0.520236 0.0725575 0.0842564 0.152957
0 0.437578 0.540972 0.0132731 0.0180138 0.152092
0 0.394194 0.543704 0.0129711 0.0184489 0.150175
0 0.5625 0.556432 0 0.046052 0.147457
0 0.41076 0.544869 0.0139606 0.0178924 0.14203
0 0.448961 0.546118 0.013766 0.0192062 0.141748
0 0.366382 0.54451 0.0178103 0.0244608 0.140947
0 0.445481 0.541334 0.013752 0.0177319 0.140935
0 0.407728 0.54337 0.0137197 0.0193164 0.139713
0 0.179797 0.543342 0.0284323 0.0245848 0.136842
0 0.356038 0.539295 0.0213256 0.0312788 0.133288
0 0.173525 0.546955 0.029389 0.0222078 0.129404
0 0.383038 0.550514 0.0121185 0.0208249 0.1278
0 0.5625 0.547731 0 0.0213615 0.127604
0 0.5625 0.549017 0 0.0246819 0.127106
0 0.30959 0.539346 0.0288202 0.0321504 0.127043
0 0.381872 0.545064 0.0153929 0.0239038 0.12649
0 0.182047 0.533809 0.0331489 0.0365419 0.125795
0 0.136456 0.54253 0.0147278 0.0189485 0.123982
0 0.155926 0.546824 0.0177384 0.0190756 0.119434
0 0.39037 0.542847 0.0154047 0.0204117 0.119324
0 0.656727 0.553246 0.0320307 0.0331921 0.118938
0 0.636036 0.53806 0.0507351 0.0498539 0.117812
0 0.00972672 0.549044 0.0196917 0.0250558 0.115287
0 0.369644 0.5447 0.0156337 0.0213125 0.112849
0 0.472842 0.541685 0.0138691 0.0175531 0.109758
0 0.705183 0.557399 0.0536386 0.0337545 0.108281
0 0.475401 0.544422 0.0123501 0.0152474 0.107964
0 0.447952 0.551615 0.0140667 0.0205392 0.104284
0 0.463051 0.542076 0.0132238 0.0184572 0.103733
0 0.618723 0.549407 0.0222481 0.0268405 0.10203
0 0.512412 0.548715 0.0282872 0.0240859 0.101899
0 0.504414 0.539219 0.0192944 0.0246696 0.101346
0 0.496272 0.540261 0.0226728 0.0246355 0.100983
0 0.710727 0.553748 0.0232854 0.0235313 0.100146
0 0.481338 0.53937 0.0129919 0.019024 0.10003
0 0.12924 0.537711 0.027286 0.0289831 0.0994963
0 0.0840517 0.542168 0.0228779 0.0174493 0.0991867
0 0.105681 0.540589 0.0213302 0.0180093 0.0985633
0 0.173641 0.543145 0.0181429 0.0177932 0.097882
0 0.681042 0.554846 0.0236357 0.0268932 0.0963283
0 0.336706 0.534963 0.0197396 0.0327798 0.0963103
0 0.177928 0.527627 0.0444511 0.0518422 0.0957351
0 0.697382 0.539208 0.0780625 0.072089 0.0956089
0 0.71964 0.558724 0.0254861 0.0230622 0.0937968
0 0.114634 0.538285 0.0226893 0.0215522 0.0936721
0 0.516861 0.552221 0.0245291 0.021388 0.0933145
0 0.624534 0.550162 0.0236529 0.0273315 0.091804
0 0.124203 0.540832 0.0212629 0.0202866 0.0895339
0 0.272581 0.540689 0.0252334 0.027788 0.0873027
0 0.509464 0.541117 0.0285817 0.0303892 0.0866556
0 0.164865 0.547548 0.02016 0.017971 0.0860213
0 0.639953 0.551551 0.0207864 0.0248147 0.085947
0 0.204905 0.537377 0.0193422 0.0229536 0.0842809
0 0.502409 0.53978 0.0137081 0.0203451 0.0834273
0 0.15777 0.540958 0.0300651 0.0281297 0.0833129
0 0.647937 0.537775 0.0344271 0.0413954 0.0827463
0 0.694648 0.554791 0.0327171 0.0314262 0.0808711
0 0.713151 0.539409 0.0536794 0.0674328 0.0808186
0 0.70127 0.554534 0.0205201 0.0238253 0.080216
0 0.0540488 0.542755 0.019329 0.0256772 0.0796684
0 0.00968408 0.542533 0.0183016 0.0249216 0.0792848
0 0.164865 0.536537 0.0491849 0.0411823 0.079176
0 0.675754 0.554039 0.018331 0.0230595 0.0784578
0 0.439219 0.520923 0.0248144 0.0364821 0.0784428
0 0.457439 0.543226 0.0147764 0.0169678 0.0782148
0 0.0166029 0.551464 0.0289365 0.030185 0.078077
0 0.513708 0.544766 0.0186837 0.0214528 0.0770431
0 0.305363 0.542344 0.0204371 0.0271279 0.0762776
0 0.506871 0.546395 0.0199524 0.0193827 0.0745529
0 0.253441 0.538923 0.0228991 0.0237433 0.0743932
0 0.247742 0.539079 0.0251992 0.0246816 0.0735077
0 0.227886 0.537338 0.027791 0.0277749 0.0727435
0 0.44078 0.543178 0.0114385 0.0140766 0.0725936
0 0.665527 0.553447 0.0250278 0.0243668 0.0723206
0 0.331129 0.540228 0.0205709 0.0300536 0.0715331
0 0.661083 0.530139 0.0917341 0.0778485 0.0714778
0 0.20216 0.539605 0.0149145 0.0208897 0.0711335
0 0.263454 0.537651 0.0289643 0.0266967 0.0704102
0 0.0325117 0.548862 0.0509586 0.0336529 0.0702021
0 0.198518 0.539554 0.0155301 0.0232368 0.0666477
0 0.635092 0.527199 0.0598474 0.0727737 0.0628822
0 0.237315 0.537385 0.020351 0.023671 0.0626597
0 0.323836 0.539918 0.0252363 0.0317006 0.0623382
0 0.323249 0.53036 0.0503607 0.0536899 0.0613849
0 0.500781 0.547561 0.0145174 0.0180698 0.0608996
0 0.181619 0.508056 0.0289142 0.0357773 0.0600595
0 0.108575 0.543479 0.0223218 0.0199595 0.0597907
0 0.291518 0.540177 0.0249065 0.0274048 0.0587569
0 0.150767 0.542214 0.0195188 0.0216929 0.0586051
0 0.621168 0.553597 0.0176986 0.021488 0.054721
0 0.0557689 0.538218 0.0253149 0.0309456 0.0545544
0 0.14972 0.525822 0.0341194 0.0348723 0.0539706
0 0.0868245 0.539019 0.0208052 0.0184958 0.0538022
0 0.119497 0.533034 0.0296317 0.0295554 0.0531338
0 0.123163 0.924776 0.0330452 0.0246753 0.0515353
0 0.264123 0.540115 0.0195451 0.0209837 0.0506717
0 0.0553452 0.92357 0.0401556 0.0259398 0.0496074
0 0.292144 0.544503 0.0178297 0.0229815 0.0495576
0 0.254687 0.54247 0.0185231 0.0203677 0.048692
0 0.169988 0.521698 0.0525552 0.0673884 0.0486801
0 0.602033 0.532706 0.0409645 0.0525376 0.0486418
0 0.158218 0.555156 0.0232614 0.0239112 0.0480467
0 0.984526 0.562081 0.0308844 0.060454 0.0476378
0 0.286694 0.541191 0.0168804 0.0224169 0.0473873
0 0.741712 0.553574 0.0822106 0.0439131 0.0467735
0 0.250131 0.543256 0.0174486 0.0192967 0.0466462
0 0.282285 0.541496 0.0173592 0.0222138 0.0465166
0 0.0609869 0.455222 0.029571 0.0537729 0.0459073
0 0.13904 0.457728 0.0285112 0.0473654 0.0453862
0 0.363621 0.548239 0.0180493 0.0257961 0.0453583
0 0.461805 0.545136 0.0112748 0.013824 0.0452811
0 0.345149 0.54436 0.0215491 0.0268045 0.0450249
0 0.612492 0.536016 0.0615569 0.0698641 0.0446752
0 0.298526 0.54398 0.0262929 0.0286278 0.0441765
0 0.0580421 0.546673 0.0258898 0.0241861 0.0441683
0 0.735856 0.531648 0.103916 0.0937613 0.0426566
0 0.682258 0.529263 0.0819648 0.0875438 0.0425419
0 0.0130417 0.565741 0.0255355 0.0558289 0.0425201
0 0.446868 0.543339 0.00938759 0.0141931 0.0419708
0 0.748214 0.540991 0.0986114 0.0680567 0.0415735
0 0.404892 0.216331 0.0507851 0.142696 0.0411885
0 0.177371 0.534118 0.020518 0.0212067 0.0410547
0 0.798275 0.463751 0.0414533 0.061713 0.0407821
0 0.214664 0.540536 0.0173639 0.0189033 0.0402297
0 0.272664 0.543596 0.0204657 0.0204343 0.039894
0 0.236992 0.54313 0.0162544 0.0186828 0.0396139
0 0.582261 0.536874 0.0707095 0.0793093 0.0386487
0 0.716996 0.546842 0.0287336 0.029365 0.0386183
0 0.536381 0.52848 0.0365859 0.0421461 0.0383408
0 0.0567835 0.849424 0.0277813 0.0354877 0.0383288
0 0.535621 0.535268 0.0300745 0.0384564 0.0379092
0 0.59099 0.493306 0.0216739 0.0253418 0.0377799
0 0.572245 0.492164 0.0176354 0.0254453 0.0375722
0 0.0300424 0.532659 0.0535836 0.056351 0.0367702
0 0.0698704 0.528285 0.0206992 0.0244817 0.0363293
0 0.591877 0.301855 0.0198248 0.0507412 0.0361992
0 0.520468 0.555179 0.0178585 0.0215235 0.0361837
0 0.0550766 0.550424 0.0199584 0.0234352 0.0355991
0 0.526302 0.55318 0.0208686 0.0223735 0.0351889
0 0.542198 0.520995 0.0400786 0.0416082 0.034821
0 0.724469 0.560701 0.0227986 0.0228455 0.0344155
0 0.594168 0.519054 0.0265474 0.0365198 0.0343286
0 0.0610552 0.511987 0.035431 0.0429196 0.0337256
0 0.761515 0.550824 0.0873741 0.067949 0.0326459
0 0.622032 0.520246 0.0728854 0.0659604 0.0326284
0 0.72444 0.286139 0.0199896 0.0387068 0.0326081
0 0.283911 0.55214 0.0189363 0.0252178 0.032283
0 0.548591 0.533004 0.0407463 0.0484923 0.0322815
0 0.526608 0.538954 0.0278707 0.0320873 0.0320693
0 0.655846 0.608519 0.0298504 0.0417891 0.03183
0 0.250418 0.528288 0.0175883 0.0196609 0.0317776
0 0.253222 0.551046 0.0196973 0.025446 0.0316085
0 0.983194 0.581154 0.0351192 0.0961822 0.0314235
0 0.287746 0.547806 0.0148177 0.0192248 0.0312607
0 0.88727 0.386223 0.0427013 0.0409698 0.0312057
0 0.580509 0.492992 0.0240405 0.0267802 0.0310992
0 0.420174 0.304097 0.0260327 0.0586109 0.030896
0 0.818034 0.539038 0.0553679 0.0703681 0.0308257
0 0.787518 0.490939 0.0216603 0.0253777 0.0303448
0 0.470429 0.505571 0.0231064 0.0327171 0.0301172
0 0.00735608 0.558056 0.0162782 0.0425711 0.0300823
0 0.104708 0.466192 0.0760704 0.0675339 0.0299387
0 0.16925 0.55143 0.0170894 0.0189887 0.0297399
0 0.190416 0.917331 0.0244951 0.0226374 0.0297352
0 0.312896 0.526608 0.018544 0.0282291 0.0296385
0 0.314029 0.922446 0.0247462 0.0235742 0.0293786
0 0.795737 0.484984 0.0367568 0.0393894 0.0289955
0 0.257232 0.53434 0.0195362 0.0234031 0.0286733
0 0.13387 0.54871 0.0172429 0.0207366 0.0285944
0 0.734131 0.564754 0.0231621 0.0236204 0.0285906
0 0.0220187 0.572367 0.047652 0.0716503 0.0285091
0 0.130083 0.574934 0.0567093 0.068375 0.0283763
0 0.978424 0.54996 0.0442167 0.0870397 0.0282823
0 0.278409 0.538551 0.0183512 0.0259928 0.0280015
0 0.170178 0.184897 0.297106 0.418325 0.0276287
0 0.509895 0.532525 0.0210773 0.0294946 0.0276255
0 0.795742 0.521275 0.0427412 0.0591429 0.0275699
0 0.533494 0.542267 0.0271997 0.0317958 0.0268326
0 0.0482261 0.556023 0.0248767 0.0276333 0.026655
0 0.990744 0.575259 0.0194225 0.0783487 0.0265121
0 0.194403 0.546335 0.0161823 0.01742 0.0263968
0 0.436612 0.30535 0.0448284 0.0686892 0.0259828
0 0.372129 0.51717 0.0228567 0.0357257 0.0257388
0 0.0558638 0.515759 0.0310977 0.0547702 0.0257027
0 0.798615 0.525561 0.0626478 0.0762522 0.0256644
0 0.58996 0.537647 0.0271071 0.0363955 0.0256525
0 0.821227 0.535876 0.082126 0.0905507 0.0255684
0 0.269078 0.535375 0.024834 0.0277996 0.0253948
0 0.587638 0.552414 0.0294797 0.03461 0.0253711
0 0.0685896 0.459978 0.0450847 0.0781865 0.0251623
0 0.613533 0.535654 0.030736 0.037575 0.0249228
0 0.179113 0.115482 0.0460826 0.0797176 0.0249169
0 0.782379 0.526171 0.0467221 0.0547855 0.0248445
0 0.954231 0.563752 0.0836561 0.0662065 0.0245749
0 0.798554 0.959658 0.0641594 0.0888243 0.0245488
0 0.987182 0.545939 0.026256 0.0911387 0.024469
0 0.795826 0.479691 0.047328 0.0591783 0.0244341
0 0.0146577 0.512817 0.0306464 0.0752022 0.0242084
0 0.0480649 0.924691 0.0213307 0.0197939 0.0241985
0 0.782144 0.971826 0.0278567 0.0460359 0.0241251
0 0.0256749 0.559319 0.0417955 0.0404433 0.024118
0 0.025792 0.503695 0.0442481 0.066743 0.0239791
0 0.207498 0.464531 0.125753 0.162241 0.0238481
0 0.230427 0.530999 0.0184608 0.0224076 0.0233919
0 0.627939 0.51893 0.0510101 0.0540883 0.0233717
0 0.278482 0.551537 0.0177458 0.0201741 0.0231773
0 0.792156 0.504884 0.0312491 0.0426077 0.0230792
0 0.727039 0.293251 0.0314699 0.0649654 0.0230706
0 0.340028 0.540778 0.0155791 0.0256129 0.0230595
0 0.837981 0.544367 0.0813246 0.0728441 0.0229052
0 0.790017 0.542976 0.0730212 0.0631925 0.022859
0 0.415874 0.209737 0.0515006 0.133605 0.0228013
0 0.179759 0.485151 0.0224197 0.0247699 0.0227917
0 0.617628 0.299427 0.0671779 0.0744395 0.0226846
0 0.103806 0.559188 0.024854 0.0273226 0.0226318
0 0.157302 0.467966 0.0676373 0.0638568 0.0225568
0 0.0507682 0.456623 0.047556 0.0739925 0.0225526
0 0.974671 0.532997 0.0520353 0.101245 0.0224646
0 0.788822 0.894892 0.0425846 0.068492 0.0223175
0 0.180124 0.470737 0.0201049 0.0252494 0.0222637
0 0.227108 0.551705 0.0201137 0.0246186 0.0221907
0 0.318333 0.542027 0.0214325 0.0279784 0.0220044
0 0.0390613 0.51072 0.0561882 0.0724348 0.0217278
0 0.389394 0.517836 0.0144731 0.0225484 0.0216349
0 0.419678 0.221816 0.03089 0.0903013 0.0215699
0 0.992352 0.591027 0.0159708 0.079559 0.0214219
0 0.318618 0.50734 0.06659 0.101897 0.0214072
0 0.557656 0.555545 0.0278268 0.0306933 0.0210838
0 0.0843881 0.479306 0.119598 0.156683 0.0210282
0 0.0573981 0.564464 0.0348605 0.0410943 0.0210179
0 0.70616 0.953696 0.16325 0.132655 0.0209456
0 0.510276 0.475421 0.0415331 0.0701647 0.0208356
0 0.394452 0.304398 0.071897 0.0832036 0.0205993
0 0.604005 0.555101 0.0187697 0.0238582 0.0205918
0 0.49689 0.564747 0.0140467 0.0195249 0.0204744
0 0.651753 0.300946 0.0347813 0.0544253 0.0204289
0 0.765345 0.517761 0.0798801 0.0789023 0.0201527
0 0.484084 0.480377 0.0370677 0.0659667 0.0200951
0 0.499312 0.482311 0.0422009 0.0754773 0.0200128
0 0.653773 0.531775 0.0245153 0.0309787 0.0199955
0 0.779091 0.992082 0.0221372 0.0252786 0.0199616
0 0.953232 0.582821 0.0898508 0.0929041 0.0197918
0 0.60997 0.684061 0.081678 0.129939 0.0197274
0 0.718907 0.520725 0.0773951 0.0972925 0.0194854
0 0.551255 0.536376 0.0297652 0.0365651 0.0194081
0 0.844566 0.529124 0.104807 0.0927223 0.0193069
0 0.16998 0.475731 0.0459524 0.0481465 0.0192711
0 0.445068 0.309967 0.0607242 0.0862414 0.0192516
0 0.398033 0.510555 0.0181734 0.0257913 0.0192418
0 0.563409 0.515136 0.0289446 0.0385091 0.0192254
0 0.0334794 0.359903 0.0751766 0.299017 0.0191381
0 0.164018 0.28073 0.277975 0.398532 0.0190759
0 0.0376339 0.113013 0.0808572 0.256162 0.0189878
0 0.962077 0.54694 0.0741835 0.0888802 0.0189561
0 0.387038 0.203599 0.0656522 0.145041 0.0188319
0 0.800677 0.921283 0.0555584 0.0906754 0.0188258
0 0.0826081 0.591757 0.041181 0.0567755 0.0188184
0 0.40677 0.19834 0.0324055 0.107088 0.0187534
0 0.0298377 0.897379 0.0602232 0.127398 0.0187511
0 0.390115 0.324745 0.087034 0.137479 0.0186759
0 0.236353 0.918765 0.0287458 0.0191535 0.0186501
0 0.462337 0.489381 0.0280628 0.0460385 0.0186044
0 0.758844 0.954982 0.0751711 0.103938 0.018547
0 0.400871 0.188182 0.0361967 0.09575 0.0185323
0 0.939814 0.556874 0.081798 0.0658379 0.0182394
0 0.380262 0.223956 0.0511982 0.0998403 0.0182002
0 0.416973 0.228374 0.099128 0.215672 0.01802
0 0.770263 0.960077 0.051073 0.0748506 0.0180039
0 0.171558 0.467947 0.0223635 0.0299887 0.0180032
