0 0.5625 0.454682 0 0.0808723 0.84847
0 0.463184 0.569402 0.198632 0.280263 0.810056
0 0.5625 0.433413 0 0.0735132 0.330423
0 0.5625 0.436413 0 0.0591567 0.263666
0 0.401217 0.452993 0.0341559 0.0578742 0.237577
0 0.53114 0.451574 0.0277695 0.0439813 0.217548
0 0.547816 0.47423 0.029368 0.077056 0.176765
0 0.5625 0.440836 0 0.0698208 0.159686
0 0.535738 0.464797 0.0368549 0.0703361 0.155919
0 0.373298 0.454928 0.0254604 0.0400291 0.152771
0 0.441947 0.427491 0.0350122 0.0280919 0.139341
0 0.5625 0.413867 0 0.133603 0.132244
0 0.391083 0.448399 0.0572933 0.0729981 0.118972
0 0.526094 0.446837 0.0391434 0.042562 0.103382
0 0.558939 0.487354 0.00712123 0.0540914 0.102651
0 0.43021 0.438289 0.0536972 0.0442795 0.101804
0 0.479315 0.423862 0.0433945 0.0293197 0.094388
0 0.519435 0.462567 0.0584629 0.0653803 0.0898223
0 0.376172 0.449606 0.03346 0.0509043 0.0894637
0 0.416672 0.455076 0.0664849 0.0808745 0.0886423
0 0.440571 0.431936 0.0474823 0.0359295 0.086804
0 0.401229 0.458674 0.0423636 0.0779831 0.0809222
0 0.486897 0.419139 0.049209 0.0351419 0.0789962
0 0.558358 0.471929 0.00828323 0.0745668 0.0784483
0 0.508609 0.447837 0.0764401 0.0426369 0.0752909
0 0.5625 0.443873 0 0.0816219 0.0710077
0 0.500463 0.419418 0.0475641 0.0392604 0.0709718
0 0.5625 0.448892 0 0.0899764 0.06926
0 0.503493 0.462843 0.0944296 0.0709597 0.0685452
0 0.539228 0.473362 0.0465446 0.0887527 0.0678595
0 0.54314 0.458131 0.0387196 0.0874877 0.0646455
0 0.398032 0.446066 0.0271737 0.0399488 0.0631974
0 0.528589 0.447195 0.0184951 0.030658 0.0626436
0 0.493903 0.436985 0.0717009 0.0337708 0.062552
0 0.5625 0.41263 0 0.144012 0.0623739
0 0.242688 0.481629 0.0305931 0.0426684 0.0615831
0 0.56231 0.49403 0.000380611 0.036783 0.0608764
0 0.441296 0.422899 0.0230105 0.0245356 0.0586582
0 0.446883 0.422761 0.0364774 0.0289725 0.0584977
0 0.5625 0.419839 0 0.104981 0.057582
0 0.5625 0.458392 0 0.0549047 0.0573295
0 0.522258 0.428585 0.0390304 0.053163 0.0556922
0 0.402593 0.451643 0.0251529 0.0363573 0.0551199
0 0.244027 0.490574 0.0282261 0.0401849 0.0547458
0 0.402045 0.466251 0.0284891 0.0543432 0.054691
0 0.154655 0.465112 0.0295156 0.0442252 0.054161
0 0.368737 0.443659 0.0469719 0.0696235 0.0527036
0 0.5625 0.449446 0 0.0614457 0.0525358
0 0.471448 0.415769 0.0544249 0.0427099 0.0517781
0 0.52183 0.473208 0.0764269 0.0943434 0.0516408
0 0.436099 0.425129 0.0258515 0.0265378 0.0512456
0 0.231758 0.445555 0.0486128 0.0654204 0.0501853
0 0.238107 0.459112 0.0334265 0.0518211 0.0501461
0 0.498025 0.442804 0.0576621 0.0339823 0.0499331
0 0.46606 0.429243 0.0854566 0.0377877 0.0496824
0 0.38308 0.46567 0.0290851 0.0543882 0.049658
0 0.32382 0.453015 0.0383348 0.0534624 0.0490131
0 0.451568 0.417516 0.0535832 0.0420971 0.0487546
0 0.351948 0.456263 0.0506458 0.0537849 0.0485261
0 0.971372 0.450895 0.0196228 0.0392833 0.0480518
0 0.577803 0.477502 0.03201 0.0609943 0.0472375
0 0.458386 0.459746 0.0986262 0.072215 0.0456794
0 0.383219 0.445138 0.0354144 0.0524108 0.0455528
0 0.236905 0.44867 0.0332822 0.0421855 0.0455257
0 0.616203 0.389033 0.0187431 0.0303046 0.0451272
0 0.538562 0.451865 0.0184775 0.0411979 0.0448851
0 0.527629 0.441849 0.0279933 0.0540988 0.0447942
0 0.976867 0.35083 0.0487427 0.287896 0.0444712
0 0.406015 0.437085 0.0291311 0.0368837 0.043851
0 0.977679 0.453161 0.025086 0.0756855 0.043798
0 0.468657 0.428571 0.0278979 0.0196741 0.0432188
0 0.564911 0.459742 0.0423092 0.0981244 0.0420859
0 0.375088 0.457594 0.0184837 0.0328099 0.0416477
0 0.190263 0.464726 0.0414751 0.0526234 0.0396393
0 0.823356 0.463224 0.0303886 0.0366575 0.0393873
0 0.342449 0.448663 0.0575663 0.0638016 0.0389495
0 0.527177 0.43746 0.0188942 0.0267576 0.0381249
0 0.914842 0.430744 0.0697828 0.0456778 0.0379945
0 0.249503 0.477096 0.0283103 0.037542 0.0376957
0 0.437993 0.435139 0.0287945 0.0291415 0.0375942
0 0.143948 0.467531 0.0316149 0.0441572 0.0374195
0 0.21144 0.466287 0.0859324 0.0695513 0.037261
0 0.476625 0.419191 0.0273816 0.0289984 0.0366856
0 0.200871 0.46636 0.0592536 0.0593998 0.036193
0 0.404653 0.430026 0.0199798 0.0296046 0.0353044
0 0.317728 0.444746 0.0515024 0.0592609 0.035233
0 0.240339 0.473496 0.0350163 0.0629328 0.035026
0 0.462645 0.420344 0.0264803 0.0267916 0.0345436
0 0.994295 0.463597 0.0119635 0.0920347 0.0345067
0 0.354976 0.44076 0.0653611 0.0761746 0.0342822
0 0.379311 0.501594 0.0313346 0.065017 0.0342547
0 0.160821 0.46751 0.0424803 0.0548187 0.034144
0 0.849101 0.174027 0.0618553 0.0928358 0.034107
0 0.987982 0.399174 0.0243319 0.111752 0.0336666
0 0.90484 0.0557362 0.0440224 0.0752725 0.0336311
0 0.842669 0.450403 0.0580021 0.0606552 0.0333202
0 0.38755 0.453936 0.0203478 0.0356304 0.032961
0 0.18061 0.448768 0.081607 0.114095 0.0329546
0 0.468978 0.461631 0.163532 0.0932042 0.0328257
0 0.616528 0.383338 0.0159325 0.0291495 0.0325762
0 0.228237 0.459306 0.0294437 0.0432235 0.0325258
0 0.490646 0.418352 0.0260174 0.029616 0.0321218
0 0.993849 0.509783 0.0128595 0.168161 0.0318333
0 0.566283 0.575796 0.0241518 0.0890274 0.0318228
0 0.359462 0.425093 0.0700416 0.115502 0.0316037
0 0.286409 0.436394 0.0415883 0.0502291 0.0309692
0 0.177995 0.460821 0.0540649 0.0653963 0.0308363
0 0.493723 0.479537 0.104954 0.10363 0.0307985
0 0.584675 0.460023 0.0445717 0.0764544 0.0303656
0 0.819663 0.466969 0.0201637 0.0272798 0.0300709
0 0.93484 0.411297 0.120009 0.100675 0.0299204
0 0.148058 0.469085 0.0173683 0.0298907 0.029879
0 0.973595 0.338468 0.0429974 0.130859 0.0297742
0 0.401844 0.422593 0.0246557 0.0447289 0.0297585
0 0.207821 0.442862 0.0958606 0.0895091 0.0297382
0 0.822381 0.0832968 0.0454237 0.0779815 0.0292115
0 0.44956 0.474762 0.107148 0.0988973 0.0290109
0 0.50679 0.422436 0.0208049 0.0292431 0.0288387
0 0.888609 0.423217 0.0689962 0.0366392 0.0282313
0 0.526274 0.426781 0.020104 0.0306469 0.0281107
0 0.41514 0.42963 0.0186481 0.0244976 0.0277995
0 0.139928 0.451308 0.0256513 0.0391153 0.0277165
0 0.239231 0.502357 0.0303708 0.0623292 0.0276943
0 0.0109408 0.449318 0.0210812 0.0447956 0.0275853
0 0.0089615 0.439843 0.0198217 0.0798197 0.0272771
0 0.819915 0.472901 0.0259621 0.0330164 0.0272348
0 0.139855 0.439259 0.0406446 0.0530454 0.0269258
0 0.614217 0.417872 0.0242953 0.0500105 0.0269063
0 0.41273 0.433241 0.0232688 0.0337324 0.0268134
0 0.911881 0.0523747 0.0645319 0.108837 0.0267495
0 0.159299 0.442132 0.0469627 0.0663529 0.0267242
0 0.553894 0.47492 0.0192192 0.0440045 0.0265378
0 0.898251 0.428314 0.0746206 0.0399626 0.0264956
0 0.919344 0.510665 0.143309 0.163776 0.0264239
0 0.970038 0.360756 0.043429 0.20038 0.0262656
0 0.78362 0.468578 0.0475893 0.0423515 0.0261353
0 0.456634 0.422567 0.0238937 0.0253401 0.0260196
0 0.561967 0.51179 0.0497921 0.125416 0.0258996
0 0.574727 0.496589 0.0180947 0.0392732 0.0258678
0 0.251535 0.442807 0.0438533 0.0612613 0.0257613
0 0.217407 0.47657 0.062101 0.0591935 0.0257352
0 0.821501 0.113822 0.0650188 0.0777914 0.0255573
0 0.312903 0.429121 0.0547562 0.0706524 0.0253472
0 0.91428 0.639353 0.161494 0.259289 0.0249557
0 0.287162 0.45664 0.0430631 0.0511411 0.0249072
0 0.0103701 0.702874 0.0192388 0.0736084 0.0248655
0 0.149486 0.477323 0.0208156 0.0298065 0.0248475
0 0.578978 0.530653 0.0309419 0.0742323 0.0247317
0 0.613043 0.438515 0.0448204 0.0780653 0.024493
0 0.592374 0.546818 0.0672168 0.0988359 0.024452
0 0.0174269 0.445615 0.0391991 0.108029 0.0243004
0 0.398283 0.47335 0.0215905 0.043697 0.0240365
0 0.341758 0.469477 0.0366859 0.0420885 0.024031
0 0.571555 0.510145 0.0192969 0.0434595 0.0240147
0 0.984815 0.364751 0.0301352 0.145046 0.0239947
0 0.427769 0.466517 0.0703472 0.0881277 0.0239461
0 0.249794 0.4921 0.0223724 0.0369125 0.0238374
0 0.0103468 0.399163 0.0233843 0.0921753 0.0236452
0 0.966955 0.253212 0.0363081 0.0718322 0.0236304
0 0.565196 0.52191 0.0223973 0.0815653 0.0234654
0 0.370051 0.466295 0.0211641 0.0342777 0.023384
0 0.134907 0.471622 0.0475662 0.0551007 0.0232894
0 0.536031 0.416082 0.0448972 0.0938325 0.0232332
0 0.975572 0.489464 0.0598833 0.170375 0.0230328
0 0.283797 0.424856 0.032759 0.0523728 0.0227994
0 0.951244 0.344621 0.0843823 0.239068 0.0225148
0 0.421292 0.542062 0.103846 0.223291 0.0224557
0 0.545672 0.474074 0.0257462 0.056661 0.0223814
0 0.597923 0.441033 0.0489713 0.089976 0.0221798
0 0.126108 0.463971 0.0569711 0.0558267 0.0219361
0 0.543728 0.405588 0.0603911 0.149157 0.0219248
0 0.344458 0.417701 0.0733103 0.122763 0.0218874
0 0.568159 0.594087 0.0268981 0.0895429 0.0218755
0 0.889979 0.0520191 0.0584475 0.100887 0.0218568
0 0.0719581 0.762551 0.120333 0.160025 0.0217918
0 0.945264 0.395329 0.0769201 0.128449 0.0217524
0 0.528701 0.603109 0.0659334 0.154899 0.0217182
0 0.884525 0.635298 0.148207 0.200723 0.0216945
0 0.96995 0.463262 0.0297611 0.0616252 0.0215619
0 0.00726721 0.459982 0.0157604 0.0697751 0.0214511
0 0.612926 0.37265 0.021609 0.0510979 0.0214488
0 0.811665 0.0561999 0.0269317 0.0545376 0.0214303
0 0.00486333 0.462684 0.0103196 0.0517097 0.0213526
0 0.120922 0.423085 0.0414715 0.0526633 0.021334
0 0.131791 0.428891 0.0275123 0.0462289 0.021179
0 0.969403 0.30827 0.0328066 0.0743781 0.02116
0 0.915372 0.0602005 0.0335766 0.0580029 0.0211405
0 0.446569 0.657868 0.155698 0.160352 0.0210991
0 0.560776 0.558026 0.0341068 0.148 0.020948
0 0.15045 0.441392 0.027305 0.0560028 0.0209437
0 0.124378 0.436773 0.0440644 0.0483593 0.0209289
0 0.543413 0.580668 0.0481511 0.130917 0.0208787
0 0.814889 0.128327 0.0894509 0.0942323 0.0208156
0 0.533251 0.56421 0.0820437 0.221882 0.0207906
0 0.896611 0.344422 0.156921 0.227353 0.0207258
0 0.383249 0.40537 0.050323 0.10144 0.0206786
0 0.434071 0.611769 0.117842 0.162332 0.0206716
0 0.81733 0.452104 0.0333548 0.0418608 0.0205909
0 0.160133 0.400157 0.0536573 0.0837153 0.0204854
0 0.544079 0.536281 0.0634892 0.17607 0.0204589
0 0.570239 0.560881 0.0329615 0.10974 0.0204351
0 0.559858 0.515159 0.025133 0.0747724 0.020427
0 0.610065 0.462358 0.0783092 0.0902538 0.0203048
0 0.164939 0.438377 0.0524419 0.104168 0.020277
0 0.603595 0.404524 0.0370362 0.0622405 0.0202198
0 0.994513 0.548211 0.0129766 0.130485 0.0202001
0 0.29452 0.37305 0.03175 0.0532813 0.0201777
0 0.641916 0.442938 0.0339651 0.0632328 0.0201179
0 0.324456 0.463098 0.0219826 0.0335621 0.0200849
0 0.326799 0.415716 0.0462796 0.080959 0.0200644
0 0.925887 0.386745 0.116283 0.115458 0.0200186
0 0.277547 0.442122 0.0744767 0.117161 0.0200131
0 0.556214 0.412202 0.0545339 0.126381 0.0199962
0 0.122631 0.4707 0.0798058 0.0683004 0.0199935
0 0.297168 0.423841 0.0456026 0.0629706 0.0199312
0 0.840955 0.471066 0.0361362 0.0379812 0.0199234
0 0.895558 0.064931 0.0779932 0.128216 0.019888
0 0.0860442 0.378221 0.0246525 0.0439411 0.0198403
0 0.040127 0.442097 0.0545202 0.0491859 0.0197785
0 0.0105898 0.652837 0.0199297 0.0614122 0.0196799
0 0.169437 0.473635 0.0184765 0.0298103 0.0196391
0 0.284872 0.396012 0.0327481 0.0494155 0.0194906
0 0.779142 0.475889 0.0580936 0.0435266 0.0194651
0 0.966133 0.287285 0.0407547 0.134972 0.0193997
0 0.113397 0.434657 0.0782174 0.0746707 0.0193986
0 0.392751 0.479124 0.0239352 0.0473882 0.0193747
0 0.471799 0.404684 0.0707988 0.0895698 0.0193139
0 0.872105 0.431122 0.0892012 0.0517314 0.0193092
0 0.0274024 0.444215 0.0460632 0.0513698 0.0192667
0 0.367495 0.485542 0.0408535 0.077796 0.0192487
0 0.564531 0.356061 0.0244062 0.0525875 0.0192388
0 0.319983 0.459718 0.0256834 0.0368624 0.019213
0 0.760883 0.0492167 0.0488475 0.0768663 0.0192102
0 0.907172 0.414861 0.0874912 0.0510852 0.0191116
0 0.836644 0.167546 0.0874107 0.119202 0.019079
0 0.393478 0.562951 0.0528158 0.0993031 0.0190485
0 0.880725 0.116331 0.138021 0.224596 0.0188069
0 0.979905 0.281915 0.0407358 0.18551 0.0188055
0 0.981019 0.462898 0.0378233 0.115537 0.0187512
0 0.291119 0.390888 0.0345942 0.050165 0.018656
0 0.0111824 0.749959 0.0243278 0.12859 0.0186517
0 0.111793 0.433288 0.0533109 0.0516944 0.0186358
0 0.91746 0.458628 0.0592106 0.0571787 0.0186342
0 0.969532 0.139716 0.0485428 0.0559808 0.0185226
0 0.806396 0.0444502 0.0206189 0.044773 0.0184901
0 0.588468 0.529523 0.049386 0.0671433 0.0184455
0 0.988348 0.146394 0.0245457 0.0958606 0.018412
0 0.958835 0.629349 0.0851583 0.278732 0.0183666
0 0.0121355 0.367093 0.0264834 0.10489 0.0182907
0 0.567044 0.620401 0.0239122 0.0649381 0.0182035
0 0.310541 0.622727 0.0563993 0.0646183 0.0182028
0 0.783886 0.457308 0.0443767 0.0523388 0.018179
0 0.894063 0.282691 0.143259 0.227512 0.0181604
0 0.211231 0.502091 0.0735453 0.0885003 0.0180984
0 0.983115 0.497197 0.0348471 0.174774 0.0180649
0 0.270256 0.439281 0.0295907 0.0427699 0.0179698
0 0.756447 0.471558 0.0404004 0.0418179 0.0179032
0 0.304742 0.396504 0.0513124 0.0713342 0.0178853
0 0.240521 0.616553 0.0533741 0.0588372 0.0178557
0 0.48905 0.424087 0.0727615 0.0567318 0.0178366
0 0.3254 0.472125 0.0157485 0.0252783 0.0178081
0 0.892476 0.19439 0.167203 0.385977 0.0178078
0 0.785413 0.0486573 0.0315574 0.0674495 0.0178021
0 0.933683 0.469863 0.0389046 0.0489231 0.0177896
0 0.18564 0.522901 0.137841 0.291996 0.0177471
0 0.610831 0.441926 0.0656454 0.0961502 0.0177282
0 0.269048 0.63086 0.0983244 0.178574 0.0177135
0 0.344182 0.381702 0.0587147 0.123093 0.0176905
0 0.51632 0.307495 0.091142 0.181244 0.017587
0 0.00488604 0.492042 0.0129969 0.077111 0.0175523
0 0.989189 0.102579 0.022254 0.115766 0.0175142
0 0.285001 0.394768 0.0480984 0.0715201 0.0175133
0 0.759134 0.480902 0.046993 0.0413506 0.0174136
0 0.189185 0.403301 0.0788357 0.108214 0.0173378
0 0.238237 0.542395 0.0395923 0.0828772 0.0172514
0 0.332816 0.485778 0.033447 0.0583864 0.0172394
0 0.986978 0.241746 0.0266554 0.100262 0.0172267
0 0.0663366 0.440413 0.0356811 0.0367484 0.0171679
0 0.834293 0.457585 0.0316309 0.0374469 0.0171654
0 0.824123 0.156788 0.116632 0.160576 0.0171617
0 0.270148 0.535694 0.108217 0.213136 0.0171477
0 0.950266 0.35743 0.0460999 0.15725 0.0170521
0 0.856773 0.153766 0.0920473 0.143727 0.017044
0 0.135048 0.483015 0.0268206 0.0359461 0.0169888
0 0.570341 0.433965 0.0469136 0.109728 0.0169701
0 0.81815 0.479002 0.0207586 0.0309444 0.0169699
0 0.201528 0.357963 0.0282013 0.0463653 0.016894
0 0.0887795 0.437197 0.0807164 0.0811267 0.0167603
0 0.604479 0.448716 0.0471214 0.0638829 0.0167525
0 0.923271 0.0655747 0.0319059 0.0656805 0.0167518
0 0.649802 0.583247 0.0454391 0.0829234 0.0167421
0 0.638546 0.58299 0.0304756 0.0683252 0.0167377
0 0.0372146 0.453593 0.0671235 0.0632663 0.0166863
0 0.949673 0.321023 0.0290733 0.0894355 0.0165817
0 0.310773 0.650478 0.0530974 0.0726549 0.0164858
0 0.157765 0.412041 0.0363366 0.0720131 0.0164788
0 0.32997 0.471762 0.0193621 0.0265676 0.016427
0 0.0453655 0.427789 0.0565542 0.0531993 0.0164174
0 0.785965 0.0736273 0.0464757 0.104602 0.0164156
0 0.83071 0.63696 0.138695 0.20115 0.0163287
