0 0.0834552 0.3836 0.165895 0.159 0.925113
0 0.519828 0.326717 0.0456777 0.0567696 0.871036
0 0.5625 0.387669 0 0.292802 0.799183
0 0.5625 0.468495 0 0.463401 0.762594
0 0.5625 0.366155 0 0.175448 0.674758
0 0.459438 0.318554 0.0234113 0.0300705 0.649965
0 0.492812 0.323732 0.0192484 0.0370234 0.616747
0 0.397942 0.325038 0.043006 0.0508416 0.427002
0 0.5625 0.371232 0 0.148646 0.254702
0 0.357529 0.32887 0.0465529 0.0600756 0.252868
0 0.42465 0.327454 0.0178555 0.0292293 0.252528
0 0.486809 0.321633 0.0154267 0.0302379 0.251515
0 0.478618 0.32507 0.0146572 0.0234556 0.243043
0 0.185309 0.357541 0.0369278 0.0400404 0.220228
0 0.496785 0.326779 0.0150763 0.0355634 0.208386
0 0.483405 0.321462 0.0131477 0.0268209 0.2026
0 0.377394 0.325484 0.0852419 0.0769665 0.194358
0 0.397561 0.320966 0.0572151 0.0749454 0.178294
0 0.460492 0.321066 0.0181325 0.0231166 0.17103
0 0.496458 0.328661 0.0113795 0.0272451 0.164494
0 0.415798 0.327363 0.0203821 0.0268401 0.159096
0 0.47614 0.320856 0.0144984 0.023257 0.151923
0 0.42948 0.323405 0.0191207 0.0308963 0.151884
0 0.5625 0.389242 0 0.125039 0.13923
0 0.487314 0.332638 0.0143397 0.0274313 0.133005
0 0.330518 0.335429 0.0383478 0.047646 0.131793
0 0.5625 0.406092 0 0.333982 0.130729
0 0.0180541 0.370386 0.0359283 0.100008 0.130133
0 0.435245 0.324585 0.0143195 0.0236201 0.128187
0 0.42744 0.331437 0.0136706 0.0222664 0.127868
0 0.322809 0.332874 0.0524499 0.0591864 0.127202
0 0.0180937 0.348297 0.0359441 0.0592982 0.123827
0 0.5625 0.383693 0 0.135798 0.122967
0 0.408236 0.32885 0.0211377 0.0286287 0.116167
0 0.5625 0.419947 0 0.211392 0.114334
0 0.5625 0.370397 0 0.122354 0.10992
0 0.492053 0.324985 0.0125847 0.0273212 0.109143
0 0.0139416 0.404346 0.0278832 0.161742 0.105671
0 0.438574 0.330909 0.0137989 0.023057 0.100461
0 0.455127 0.319843 0.0182423 0.0250019 0.0955779
0 0.190671 0.349813 0.0439502 0.0612425 0.0923244
0 0.0291425 0.42681 0.058285 0.192757 0.0916866
0 0.32489 0.322484 0.0649895 0.0822754 0.0886414
0 0.0102428 0.41977 0.0201688 0.146498 0.0881877
0 0.0248153 0.473638 0.0496306 0.238987 0.0872893
0 0.397997 0.325635 0.031562 0.0346602 0.085242
0 0.0205631 0.32998 0.0393613 0.0641795 0.084283
0 0.5625 0.388845 0 0.16311 0.0838868
0 0.352206 0.312066 0.0865637 0.106584 0.0835511
0 0.468224 0.32547 0.0162005 0.0233448 0.0828566
0 0.307361 0.328786 0.0746336 0.0767125 0.0814557
0 0.399958 0.336942 0.0324645 0.0435461 0.0798626
0 0.620096 0.339141 0.0581476 0.11457 0.0796956
0 0.944953 0.342411 0.108643 0.21125 0.0752231
0 0.680636 0.381819 0.134972 0.228707 0.0746876
0 0.343148 0.330772 0.0208414 0.0323779 0.0709701
0 0.209009 0.348316 0.0723469 0.0696515 0.0703909
0 0.381157 0.308284 0.103678 0.131552 0.0702637
0 0.287272 0.314019 0.110547 0.103969 0.0673479
0 0.315831 0.308039 0.0749396 0.110007 0.0667923
0 0.94733 0.318969 0.0984034 0.117493 0.0661397
0 0.0527969 0.427505 0.101096 0.175799 0.0656657
0 0.339643 0.334033 0.0206378 0.0329372 0.0638002
0 0.222273 0.329957 0.0841125 0.0830206 0.0624302
0 0.261004 0.326952 0.077875 0.0797952 0.0606797
0 0.346053 0.336082 0.0221827 0.0291582 0.0604514
0 0.186203 0.361768 0.0273046 0.0319953 0.0594865
0 0.184624 0.338183 0.0513868 0.0842253 0.0588428
0 0.369381 0.337766 0.0548114 0.0736752 0.0582555
0 0.863017 0.407901 0.110337 0.295508 0.0579973
0 0.9577 0.48806 0.0797523 0.403621 0.0575775
0 0.619067 0.314271 0.0507957 0.0691363 0.057383
0 0.133681 0.373669 0.072533 0.143889 0.0570684
0 0.508174 0.339587 0.0307355 0.0439673 0.0567987
0 0.536071 0.328013 0.0149459 0.0286502 0.056646
0 0.903712 0.385358 0.174633 0.303196 0.055882
0 0.945421 0.545068 0.108586 0.31269 0.0557527
0 0.986433 0.087041 0.0272013 0.21809 0.0553182
0 0.507449 0.325584 0.0163637 0.0336008 0.0551681
0 0.207286 0.324666 0.0733312 0.103271 0.0550379
0 0.296092 0.335466 0.059129 0.0629426 0.0549899
0 0.241523 0.335782 0.0438052 0.056539 0.054895
0 0.389399 0.338257 0.0224377 0.0357984 0.054503
0 0.281443 0.295427 0.139481 0.148763 0.0533428
0 0.964508 0.55633 0.0660309 0.31138 0.052734
0 0.24639 0.318473 0.0942409 0.0989894 0.052533
0 0.0543625 0.15348 0.0257223 0.0330598 0.0524017
0 0.611123 0.330339 0.0400818 0.0814211 0.0521495
0 0.971189 0.319596 0.0583307 0.160747 0.0520739
0 0.830194 0.39884 0.162606 0.285511 0.0517366
0 0.0253386 0.348563 0.0449128 0.0739484 0.0496662
0 0.411974 0.321327 0.0207679 0.0335875 0.0495937
0 0.0582197 0.154507 0.0192811 0.0274723 0.0494034
0 0.0408791 0.396169 0.0763746 0.170804 0.0490607
0 0.714039 0.384445 0.173249 0.264059 0.046747
0 0.160637 0.360254 0.02383 0.0436794 0.0467009
0 0.940043 0.383305 0.119288 0.161873 0.0462684
0 0.953264 0.589249 0.0926744 0.210923 0.0460416
0 0.0615195 0.47351 0.118275 0.232688 0.0458334
0 0.657027 0.332325 0.0787667 0.106785 0.0453002
0 0.611179 0.360729 0.0311633 0.0737695 0.045256
0 0.182945 0.325759 0.0663638 0.112733 0.0443019
0 0.0173069 0.452172 0.0354046 0.216299 0.0441612
0 0.610446 0.310752 0.0374592 0.0549877 0.0433994
0 0.0427434 0.499183 0.0815174 0.256963 0.0426286
0 0.587576 0.324129 0.0531867 0.0829531 0.0416553
0 0.914065 0.579571 0.165749 0.234191 0.0414856
0 0.664374 0.401336 0.0631278 0.122026 0.040664
0 0.178034 0.353866 0.046668 0.0579888 0.0405014
0 0.938342 0.339729 0.0917942 0.101223 0.0403543
0 0.138627 0.391841 0.0569621 0.101965 0.0400304
0 0.64923 0.31589 0.0791397 0.0728619 0.0399337
0 0.976071 0.622559 0.0449942 0.188284 0.0398739
0 0.925841 0.302528 0.0983526 0.104529 0.039492
0 0.0654726 0.33476 0.0854485 0.0604016 0.0394073
0 0.349146 0.34663 0.0263874 0.0462768 0.038826
0 0.169061 0.360341 0.0263717 0.0475254 0.0387685
0 0.869648 0.4881 0.0866819 0.273044 0.0385205
0 0.68024 0.421875 0.0605492 0.12908 0.0383381
0 0.0560893 0.161264 0.0224825 0.0379562 0.0376441
0 0.0594734 0.347449 0.100886 0.0774155 0.0376022
0 0.0570616 0.397279 0.126813 0.145996 0.0371727
0 0.597809 0.605294 0.0259994 0.039034 0.0367179
0 0.035866 0.153279 0.0665456 0.070056 0.0363055
0 0.103076 0.337648 0.130805 0.0649098 0.0358098
0 0.0263892 0.340757 0.0574684 0.158011 0.0358091
0 0.981484 0.327395 0.0381369 0.139397 0.0356776
0 0.58128 0.338302 0.0565156 0.0871112 0.0351469
0 0.961802 0.370138 0.0748175 0.184002 0.0347869
0 0.663548 0.306376 0.0584968 0.0588195 0.0347851
0 0.330681 0.334818 0.025331 0.0348399 0.034615
0 0.135686 0.335535 0.0531853 0.0579482 0.0344258
0 0.149867 0.391319 0.0384924 0.0842573 0.0340175
0 0.5956 0.316457 0.0433197 0.0635936 0.0339882
0 0.559925 0.331593 0.0410915 0.0563999 0.0339854
0 0.608807 0.382831 0.0302954 0.081533 0.0339129
0 0.0492413 0.156616 0.0364678 0.0432483 0.0337084
0 0.0421614 0.15383 0.0493738 0.0526388 0.0335712
0 0.109306 0.375457 0.117353 0.136384 0.0332432
0 0.982384 0.272822 0.0360456 0.112925 0.0325318
0 0.159679 0.380573 0.0238919 0.063485 0.0322914
0 0.93177 0.292382 0.137398 0.202188 0.0322531
0 0.41496 0.305553 0.028372 0.0493249 0.0322146
0 0.977482 0.370189 0.0473373 0.182568 0.032104
0 0.153631 0.377826 0.0250701 0.054581 0.0319446
0 0.928016 0.358122 0.0818811 0.100173 0.03157
0 0.922506 0.324845 0.0853701 0.113096 0.0314982
0 0.592942 0.347399 0.0719051 0.117 0.0314604
0 0.175879 0.371128 0.0267719 0.0505161 0.0314542
0 0.252482 0.287022 0.154479 0.189393 0.0313841
0 0.139553 0.348134 0.0619567 0.0874824 0.0306235
0 0.0560852 0.171957 0.0268452 0.0473315 0.0305174
0 0.762849 0.444187 0.117141 0.146649 0.0304842
0 0.186843 0.371333 0.0273793 0.0369101 0.0304173
0 0.369807 0.329478 0.036344 0.0553969 0.029705
0 0.0321442 0.377492 0.0591938 0.13175 0.0295838
0 0.0113906 0.481881 0.0223116 0.205943 0.0288574
0 0.96668 0.28392 0.0631268 0.129765 0.0283107
0 0.123223 0.403803 0.0827541 0.104523 0.0281394
0 0.301376 0.267615 0.153111 0.211346 0.0279215
0 0.258795 0.303 0.0905344 0.134859 0.0276785
0 0.369517 0.287274 0.0755913 0.141149 0.0273168
0 0.979093 0.444104 0.0418129 0.203546 0.0270551
0 0.0726607 0.413655 0.0881692 0.109885 0.0269269
0 0.054693 0.858141 0.105525 0.183056 0.02671
0 0.916323 0.375475 0.102735 0.125305 0.0266733
0 0.57315 0.314394 0.0559153 0.0731731 0.0264338
0 0.982769 0.131856 0.0351534 0.266684 0.0263647
0 0.587 0.360043 0.0474352 0.0956799 0.0262085
0 0.554396 0.341909 0.0261072 0.0478189 0.0260442
0 0.197556 0.359798 0.0435392 0.0483004 0.0258441
0 0.0169124 0.5768 0.0332651 0.295371 0.0255171
0 0.0872214 0.544876 0.138828 0.198994 0.0254361
0 0.0815842 0.408695 0.0578204 0.0876021 0.0254299
0 0.231952 0.305243 0.0890635 0.133178 0.0253759
0 0.986471 0.610583 0.0253647 0.169661 0.0252551
0 0.13058 0.408553 0.0634899 0.0806154 0.0252012
0 0.642204 0.428718 0.0619832 0.104907 0.0252005
0 0.934362 0.433691 0.142249 0.208706 0.0251956
0 0.881725 0.346529 0.167381 0.239905 0.0250141
0 0.941311 0.289504 0.0921095 0.0949201 0.0248294
0 0.0728935 0.374676 0.109544 0.125128 0.0248288
0 0.0500537 0.328191 0.0751968 0.0659148 0.0248236
0 0.670672 0.319195 0.0792464 0.0925243 0.0247797
0 0.351227 0.286523 0.0755397 0.13467 0.0247257
0 0.834994 0.336714 0.127356 0.177121 0.024503
0 0.67303 0.348928 0.102029 0.162167 0.0244102
0 0.892804 0.432321 0.144221 0.187293 0.024378
0 0.802992 0.321764 0.170716 0.147145 0.0242857
0 0.554753 0.320289 0.0322469 0.0516007 0.024284
0 0.714846 0.455045 0.131649 0.163592 0.0239266
0 0.0644955 0.269978 0.107028 0.216378 0.0238576
0 0.187884 0.370546 0.0417914 0.0605884 0.0238329
0 0.96985 0.591594 0.0584705 0.180908 0.0236854
0 0.905505 0.292773 0.0769218 0.0972741 0.0236172
0 0.0660151 0.321302 0.105206 0.118304 0.0235232
0 0.985214 0.388466 0.0307835 0.1693 0.0234427
0 0.38014 0.37355 0.0770776 0.151356 0.0234309
0 0.953295 0.441943 0.0892378 0.234305 0.0233923
0 0.844975 0.386383 0.0656361 0.0866397 0.0233746
0 0.984963 0.252957 0.0304789 0.0855211 0.0231535
0 0.606624 0.405143 0.0335928 0.094181 0.0231318
0 0.431591 0.523972 0.094732 0.151791 0.0230791
0 0.466653 0.384928 0.0658162 0.103826 0.0230663
0 0.387902 0.277505 0.0657146 0.11959 0.0227343
0 0.546679 0.355409 0.0241878 0.0537729 0.022733
0 0.768832 0.376114 0.0687026 0.0835754 0.0227078
0 0.607563 0.607004 0.0492425 0.0591844 0.0226787
0 0.158202 0.425897 0.0229702 0.044578 0.0224751
0 0.489086 0.327751 0.0119172 0.0218088 0.02244
0 0.0329992 0.145356 0.0692842 0.11033 0.0224325
0 0.505966 0.311068 0.0307052 0.0458888 0.022298
0 0.767786 0.438903 0.0390618 0.0514656 0.0221597
0 0.986466 0.457603 0.0266626 0.187348 0.0220693
0 0.349577 0.269952 0.111681 0.198964 0.0220691
0 0.194267 0.381964 0.0347827 0.0522862 0.022
0 0.892537 0.283051 0.0644672 0.0841353 0.0218975
0 0.855367 0.368567 0.0982389 0.149099 0.0218032
0 0.320237 0.338201 0.0349806 0.0407939 0.0217949
0 0.572134 0.293588 0.0782786 0.117639 0.0217075
0 0.122872 0.430205 0.0741382 0.104413 0.0215764
0 0.0374547 0.459919 0.0657435 0.144573 0.0215257
0 0.0189227 0.519415 0.0374122 0.257021 0.0214443
0 0.989182 0.116237 0.0216917 0.177184 0.0214029
0 0.316035 0.348258 0.0474036 0.0539873 0.021385
0 0.897663 0.395373 0.123946 0.137986 0.0213344
0 0.742644 0.252407 0.0707101 0.0477104 0.0212184
0 0.0502414 0.0839056 0.0356703 0.0545653 0.0211155
0 0.944459 0.256033 0.107717 0.215129 0.0210488
0 0.154589 0.322899 0.0845414 0.106287 0.0210346
0 0.0312326 0.565338 0.0572056 0.303581 0.0209828
0 0.987666 0.552215 0.022945 0.187279 0.0208044
0 0.982228 0.576434 0.0354612 0.201842 0.0207043
0 0.766058 0.427461 0.0271938 0.033042 0.0206964
0 0.780632 0.377351 0.101931 0.129367 0.0205704
0 0.776788 0.251393 0.109628 0.0524646 0.0205576
0 0.91835 0.274081 0.130532 0.136073 0.0205209
0 0.0277279 0.323514 0.0390053 0.062643 0.0204526
0 0.188375 0.386985 0.0522694 0.0838576 0.0203929
0 0.877453 0.488271 0.102594 0.180108 0.02039
0 0.983692 0.0612025 0.0328678 0.14533 0.0202968
0 0.888996 0.259413 0.0502935 0.0496525 0.0202429
0 0.943521 0.588124 0.0840813 0.111378 0.0201918
0 0.331816 0.287042 0.074953 0.138927 0.020186
0 0.074925 0.329042 0.0680594 0.04588 0.0200388
0 0.880408 0.24637 0.0388454 0.0381733 0.0200073
0 0.594445 0.291506 0.0720079 0.110484 0.019934
0 0.601717 0.653441 0.030965 0.0631201 0.0197737
0 0.77073 0.363609 0.0570453 0.0647769 0.0197232
0 0.622751 0.609792 0.085049 0.0681735 0.0196363
0 0.833006 0.290451 0.113543 0.0984455 0.0195283
0 0.109115 0.327446 0.0797282 0.0569308 0.0194922
0 0.873938 0.254454 0.0743486 0.0682037 0.0193771
0 0.971541 0.228528 0.0542444 0.236163 0.0191809
0 0.184001 0.303041 0.0932049 0.169307 0.0191186
0 0.404488 0.272299 0.038006 0.0805549 0.019015
0 0.268195 0.220902 0.184554 0.280222 0.0189915
0 0.912981 0.624368 0.133181 0.169263 0.0189652
0 0.186428 0.18892 0.034139 0.046091 0.0188999
0 0.343691 0.36648 0.0373429 0.0608084 0.0187586
0 0.971457 0.487516 0.0543354 0.225315 0.0187367
0 0.583041 0.377707 0.042168 0.0957061 0.018724
0 0.627039 0.630487 0.0919534 0.100982 0.0186794
0 0.0375524 0.195202 0.0731662 0.153918 0.0186523
0 0.24231 0.780098 0.0442977 0.058814 0.0185059
0 0.970338 0.257688 0.0574493 0.0972622 0.0184533
0 0.887162 0.362435 0.144139 0.165283 0.0184356
0 0.394277 0.225612 0.0237782 0.0379238 0.0184026
0 0.598779 0.582092 0.0309523 0.0477485 0.0183523
0 0.0121106 0.641463 0.0254058 0.180991 0.0182152
0 0.745202 0.682323 0.0300629 0.0538155 0.0181684
0 0.963855 0.648285 0.0674959 0.184604 0.018154
0 0.290774 0.353977 0.0620165 0.0702735 0.0181406
0 0.782083 0.442288 0.0852534 0.0929322 0.0180543
0 0.209718 0.301438 0.0498439 0.0975855 0.0180344
0 0.776522 0.441398 0.053359 0.0689218 0.0179458
0 0.886519 0.248674 0.0569168 0.0541829 0.0179314
0 0.834634 0.410064 0.0828291 0.105667 0.0177875
0 0.835572 0.259336 0.0862309 0.0609458 0.0177038
0 0.194992 0.294491 0.0319141 0.0707259 0.0176064
0 0.251903 0.355928 0.0717019 0.077825 0.0175488
0 0.00737365 0.546067 0.0155897 0.156744 0.0175487
0 0.896339 0.267318 0.0663288 0.068302 0.0174279
0 0.466666 0.332205 0.0155984 0.0246889 0.0174239
0 0.854033 0.401038 0.0907566 0.129806 0.0173473
0 0.978912 -0.0171281 0.04048 0.0399286 0.0173096
0 0.303807 0.344904 0.0414831 0.0495678 0.0172714
0 0.556125 0.256593 0.0347762 0.0644825 0.017157
0 0.736136 0.677458 0.036091 0.0570902 0.0171394
0 0.79713 0.468144 0.136351 0.164284 0.0171352
0 0.623697 0.294295 0.0651207 0.0983384 0.017084
0 0.149268 0.296811 0.0895246 0.141544 0.0170001
0 0.00608221 0.591279 0.0126892 0.0939269 0.0168613
0 0.62719 0.303344 0.0744812 0.150336 0.0168372
0 0.12226 0.567331 0.0930026 0.124297 0.016828
0 0.876058 0.574144 0.0888611 0.202515 0.0167786
0 0.0469395 0.192854 0.0486371 0.0903144 0.016778
0 0.991631 0.148631 0.0159594 0.0870085 0.0167272
0 0.676137 0.56587 0.0857669 0.117146 0.0167145
0 0.9683 0.0979947 0.0629173 0.210508 0.0167066
