0 0.369499 0.384504 0.0499946 0.0713505 0.940205
0 0.536787 0.387769 0.033886 0.0446978 0.858297
0 0.5625 0.463661 0 0.266474 0.808872
0 0.419728 0.370013 0.0180603 0.0337398 0.776368
0 0.40144 0.37699 0.0250279 0.0503895 0.765931
0 0.510601 0.377967 0.0155602 0.0276249 0.762722
0 0.514624 0.379606 0.0172623 0.0294201 0.681049
0 0.431622 0.367498 0.0155087 0.0269737 0.657104
0 0.500002 0.373433 0.0134554 0.025672 0.564474
0 0.486421 0.368914 0.0148961 0.022585 0.488954
0 0.435608 0.369345 0.0113415 0.0201825 0.353248
0 0.51796 0.381906 0.0150609 0.0306101 0.352754
0 0.503159 0.375409 0.0128906 0.0256869 0.328554
0 0.427867 0.36792 0.0131213 0.0286505 0.310794
0 0.5625 0.429216 0 0.0761824 0.285125
0 0.5625 0.495919 0 0.21929 0.279792
0 0.5625 0.367291 0 0.0335645 0.263325
0 0.505874 0.377793 0.0141499 0.0250466 0.259389
0 0.48626 0.369891 0.0110818 0.0169262 0.258758
0 0.496937 0.371148 0.0126803 0.0219687 0.245971
0 0.437984 0.370587 0.00976906 0.0184122 0.243284
0 0.5625 0.403177 0 0.075626 0.241612
0 0.5625 0.447373 0 0.112404 0.197644
0 0.414788 0.373422 0.0127574 0.0317893 0.189222
0 0.490818 0.372557 0.0122823 0.0213581 0.188505
0 0.5625 0.370703 0 0.0321146 0.187808
0 0.409722 0.373491 0.0152723 0.0373493 0.182149
0 0.5625 0.435188 0 0.194854 0.166579
0 0.483655 0.372196 0.0115737 0.0209158 0.155541
0 0.411793 0.3743 0.0140192 0.0245154 0.155472
0 0.424644 0.370105 0.013057 0.0266414 0.152725
0 0.5625 0.391239 0 0.144929 0.150128
0 0.439941 0.36781 0.0117512 0.0202154 0.147142
0 0.5625 0.367729 0 0.0336503 0.146199
0 0.5625 0.372169 0 0.0270275 0.144693
0 0.5625 0.475338 0 0.195849 0.13937
0 0.5625 0.368888 0 0.0332754 0.135422
0 0.5625 0.489965 0 0.235144 0.132867
0 0.5625 0.516913 0 0.294248 0.127244
0 0.414521 0.366462 0.0121591 0.027121 0.123652
0 0.522748 0.373165 0.0167597 0.0256452 0.116348
0 0.5625 0.367617 0 0.0339396 0.108862
0 0.466655 0.365265 0.027745 0.0296406 0.107777
0 0.5625 0.367859 0 0.0259056 0.102529
0 0.5625 0.374358 0 0.0206359 0.0975886
0 0.494987 0.368217 0.0109288 0.0182944 0.0972368
0 0.053581 0.397935 0.10662 0.149038 0.0953054
0 0.5625 0.52158 0 0.232283 0.0950242
0 0.5625 0.400901 0 0.202046 0.0939754
0 0.5625 0.416316 0 0.0944872 0.0927579
0 0.799166 0.501711 0.139132 0.173818 0.091541
0 0.445801 0.368993 0.0132668 0.0195936 0.0915386
0 0.334426 0.373972 0.0309127 0.0460362 0.0905876
0 0.620457 0.374488 0.0213606 0.0259954 0.0889994
0 0.636219 0.365769 0.0488476 0.0429342 0.0861604
0 0.588082 0.376707 0.0161429 0.027025 0.0842988
0 0.335473 0.358639 0.0316958 0.0500779 0.0834549
0 0.976139 0.403608 0.0500935 0.324585 0.0825065
0 0.615498 0.374391 0.0179144 0.0218797 0.0781252
0 0.499218 0.36765 0.0129833 0.0192195 0.0780513
0 0.949881 0.442026 0.103602 0.243684 0.0778676
0 0.449101 0.370261 0.0144403 0.017205 0.0770751
0 0.713794 0.387073 0.101901 0.0730192 0.0765992
0 0.403615 0.381787 0.0165783 0.03507 0.075719
0 0.382145 0.379719 0.036217 0.0596769 0.0733843
0 0.66672 0.369272 0.0196823 0.0216352 0.0732427
0 0.671657 0.379165 0.0413343 0.0388181 0.0723985
0 0.0649531 0.367542 0.127524 0.166759 0.0717392
0 0.50936 0.372269 0.0134574 0.0245143 0.0716371
0 0.602216 0.374942 0.0191361 0.0235196 0.0710327
0 0.536107 0.385121 0.0152311 0.028845 0.0699242
0 0.55564 0.374307 0.0274884 0.0332887 0.0683732
0 0.662971 0.363314 0.0189509 0.0245814 0.0668808
0 0.649195 0.36629 0.0187101 0.0297444 0.0667137
0 0.612159 0.369537 0.0257613 0.0279097 0.0659563
0 0.570177 0.369329 0.022364 0.0243206 0.065512
0 0.964055 0.444551 0.0714806 0.146 0.063916
0 0.971624 0.576749 0.0606302 0.326286 0.0622798
0 0.0887073 0.380941 0.0715013 0.0890645 0.0614285
0 0.940933 0.461906 0.104369 0.159832 0.0610924
0 0.0926685 0.341558 0.0723125 0.109649 0.0609963
0 0.0662511 0.387216 0.0868976 0.0974366 0.0605944
0 0.871792 0.413586 0.189253 0.161665 0.0600797
0 0.597464 0.376923 0.0172307 0.0233291 0.0595402
0 0.651617 0.360128 0.034946 0.0380527 0.0574091
0 0.678341 0.390131 0.0543303 0.0531409 0.0570904
0 0.334936 0.34684 0.0333701 0.04845 0.0570055
0 0.0771719 0.377103 0.0583827 0.0754916 0.0565527
0 0.962426 0.377097 0.0719389 0.246259 0.0550869
0 0.644195 0.358518 0.0586059 0.0572961 0.0541547
0 0.420892 0.355196 0.014739 0.0279571 0.053425
0 0.66718 0.363179 0.0400951 0.0369383 0.0530547
0 0.3984 0.380682 0.0170649 0.0389839 0.0527069
0 0.988795 0.560303 0.0214403 0.220586 0.0523676
0 0.895015 0.440152 0.212487 0.237624 0.0512903
0 0.631297 0.354211 0.04075 0.0607918 0.0491605
0 0.6721 0.362372 0.0191957 0.0221625 0.0490454
0 0.0347372 0.378625 0.0673877 0.135715 0.0488933
0 0.541349 0.387228 0.0211992 0.0300947 0.047817
0 0.532443 0.377549 0.022169 0.0257824 0.0472506
0 0.687651 0.394842 0.0775823 0.0665502 0.046625
0 0.504766 0.365748 0.0133211 0.0180847 0.0462376
0 0.0980771 0.357697 0.122294 0.150865 0.0454708
0 0.419133 0.376993 0.0135047 0.0242855 0.0440287
0 0.614321 0.384782 0.0227459 0.0307521 0.0430471
0 0.638768 0.367136 0.0247087 0.030226 0.0426741
0 0.603489 0.358182 0.0379146 0.0512678 0.0422697
0 0.938557 0.411233 0.125068 0.142225 0.0417768
0 0.574761 0.358073 0.062009 0.0632156 0.0414892
0 0.71501 0.371024 0.119422 0.0975308 0.0411272
0 0.965683 0.531855 0.0645588 0.220106 0.0407054
0 0.935238 0.498743 0.106026 0.184905 0.0406674
0 0.983429 0.574511 0.0328144 0.229749 0.0405005
0 0.977308 0.34698 0.0447306 0.181556 0.0403983
0 0.663399 0.382511 0.0337789 0.0403433 0.04012
0 0.579593 0.381047 0.0165723 0.0269649 0.0399066
0 0.3341 0.371479 0.0398781 0.0640795 0.0396597
0 0.618228 0.364985 0.0211444 0.0255387 0.0396259
0 0.662735 0.373375 0.0176919 0.0212752 0.0396004
0 0.0830086 0.396431 0.0882228 0.125337 0.0390204
0 0.39794 0.36008 0.0231015 0.0332474 0.0389235
0 0.014721 0.372962 0.0298655 0.128624 0.0383155
0 0.135947 0.362258 0.0623078 0.0785611 0.0380708
0 0.91744 0.406653 0.169128 0.198967 0.0379265
0 0.130521 0.352589 0.0755349 0.112181 0.0379038
0 0.109308 0.379318 0.035394 0.0707175 0.0376874
0 0.608088 0.362582 0.0215838 0.0269512 0.0371957
0 0.0682382 0.432232 0.133023 0.181414 0.0371575
0 0.386781 0.366474 0.0193376 0.0294454 0.0369143
0 0.933376 0.476823 0.0790012 0.121876 0.0367483
0 0.393166 0.376877 0.0135505 0.036875 0.0367048
0 0.983574 0.34507 0.0315006 0.139662 0.0364297
0 0.905009 0.268058 0.18364 0.311293 0.0355382
0 0.340264 0.385833 0.0177891 0.0313889 0.0353639
0 0.657287 0.360434 0.0214711 0.0316727 0.0348786
0 0.119553 0.366714 0.0395164 0.0558862 0.0346299
0 0.349394 0.380915 0.0310673 0.047197 0.0326321
0 0.955826 0.395202 0.0968119 0.137158 0.0325643
0 0.62536 0.343747 0.0443135 0.0709577 0.0318857
0 0.669886 0.351997 0.0296229 0.0453156 0.0318526
0 0.0645566 0.478523 0.127702 0.320631 0.0316392
0 0.266855 0.342965 0.0487152 0.0483696 0.0315613
0 0.430684 0.37071 0.010868 0.0185617 0.0309399
0 0.118562 0.378147 0.0957526 0.112656 0.0306355
0 0.0909235 0.42513 0.0786812 0.0908834 0.030011
0 0.853134 0.36598 0.125763 0.0736014 0.0299446
0 0.546733 0.422808 0.0299711 0.0610048 0.0298732
0 0.593964 0.348965 0.0200701 0.0361862 0.0298406
0 0.665298 0.311616 0.0713443 0.14445 0.0297041
0 0.829663 0.355832 0.083235 0.0560326 0.0295885
0 0.530379 0.388921 0.0223204 0.0340999 0.0291718
0 0.922686 0.444068 0.102843 0.2113 0.0288157
0 0.929529 0.348662 0.141193 0.244316 0.028536
0 0.0338776 0.413004 0.0660499 0.138137 0.0284813
0 0.963152 0.328066 0.0708704 0.133013 0.0283069
0 0.905102 0.461778 0.111677 0.157577 0.0282743
0 0.0339522 0.422945 0.0589184 0.221896 0.0282137
0 0.910953 0.401042 0.108421 0.130806 0.0281656
0 0.991803 0.600656 0.0169434 0.190751 0.0279323
0 0.0650424 0.310122 0.129386 0.275657 0.0278895
0 0.500144 0.311273 0.0472377 0.0778288 0.0277124
0 0.0186133 0.399451 0.0377262 0.128903 0.0276034
0 0.14578 0.351507 0.0623077 0.0989329 0.0272793
0 0.341862 0.360132 0.0219112 0.0291309 0.0272582
0 0.14375 0.331231 0.037467 0.0679887 0.0269581
0 0.752815 0.496402 0.0540994 0.113181 0.0266007
0 0.283798 0.313424 0.0607926 0.10114 0.0265241
0 0.0225628 0.357434 0.0437229 0.114231 0.0264514
0 0.759099 0.488238 0.0703691 0.14999 0.0263357
0 0.644414 0.31779 0.0663248 0.125056 0.025907
0 0.933244 0.559932 0.138555 0.238525 0.0253927
0 0.791809 0.412786 0.110976 0.149265 0.0253901
0 0.572512 0.34577 0.074157 0.0813659 0.0253896
0 0.723351 0.402449 0.0942802 0.089692 0.0252487
0 0.350119 0.398181 0.0184045 0.0385132 0.0250683
0 0.290042 0.33896 0.0355908 0.0489639 0.0250294
0 0.76673 0.437599 0.0824037 0.149709 0.0250055
0 0.546771 0.335599 0.0347216 0.0518417 0.0248472
0 0.977276 0.310032 0.0407001 0.097041 0.0246518
0 0.0654262 0.424758 0.116739 0.110094 0.0244324
0 0.347466 0.358773 0.0250066 0.0422127 0.0240704
0 0.972519 0.310898 0.0527834 0.291708 0.0237785
0 0.740132 0.458753 0.0705152 0.129769 0.02362
0 0.115135 0.408122 0.0791008 0.0956371 0.023311
0 0.743831 0.507982 0.0363041 0.08419 0.0232427
0 0.285101 0.347673 0.0481232 0.0565638 0.0230348
0 0.263148 0.318722 0.0560991 0.0906102 0.0229994
0 0.948431 0.343785 0.107873 0.150018 0.0226747
0 0.521386 0.307954 0.0523523 0.0860277 0.0224784
0 0.940636 0.301524 0.107262 0.336799 0.0223471
0 0.329308 0.384298 0.0228907 0.0359474 0.0223269
0 0.529693 0.362178 0.0188178 0.0236519 0.0221274
0 0.0881941 0.319602 0.0636432 0.0997194 0.021855
0 0.622155 0.340217 0.0287169 0.0484005 0.0215612
0 0.0288591 0.333241 0.0556548 0.109869 0.0215078
0 0.255557 0.337062 0.0568724 0.0623141 0.0214473
0 0.320649 0.362303 0.0560801 0.070694 0.0212487
0 0.107466 0.431034 0.0577736 0.0765122 0.0210107
0 0.862226 0.783877 0.0400517 0.0528149 0.0209221
0 0.804934 0.386184 0.0844728 0.0979656 0.0209129
0 0.987251 0.291238 0.0254992 0.0821252 0.0208497
0 0.498641 0.374806 0.0101274 0.0184011 0.020738
0 0.306619 0.267785 0.0262563 0.0378841 0.0207281
0 0.271074 0.372579 0.0662798 0.0867191 0.0205532
0 0.142679 0.382086 0.0874376 0.107362 0.0204872
0 0.49336 0.373475 0.0105987 0.0167781 0.0204296
0 0.886128 0.26766 0.172215 0.211057 0.0204188
0 0.894238 0.381328 0.144389 0.106453 0.0203472
0 0.949045 0.618165 0.0913654 0.263293 0.0201673
0 0.839849 0.386535 0.118596 0.108284 0.0201197
0 0.675171 0.305139 0.0542344 0.109933 0.0200671
0 0.351409 0.377791 0.0145894 0.0290795 0.0194914
0 0.382467 0.354456 0.0298282 0.03983 0.0194143
0 0.752125 0.307572 0.0272402 0.0401572 0.019381
0 0.772445 0.507776 0.0993882 0.143968 0.0193669
0 0.819468 0.372579 0.0785015 0.0784242 0.0192651
0 0.284415 0.380547 0.0796869 0.0830738 0.0192644
0 0.280618 0.358992 0.0958996 0.120331 0.0192622
0 0.173177 0.359858 0.0658303 0.0795264 0.0192611
0 0.687551 0.349884 0.0566508 0.0653222 0.0190636
0 0.728328 0.833179 0.0322231 0.037636 0.0190479
0 0.24378 0.3821 0.123668 0.111694 0.018976
0 0.426477 0.334536 0.012666 0.0195303 0.018954
0 0.213465 0.38466 0.102921 0.0970394 0.018828
0 0.0512475 0.327375 0.0732073 0.101917 0.0187945
0 0.662137 0.379746 0.017917 0.023388 0.0186897
0 0.447567 0.324539 0.0348697 0.0575796 0.0186769
0 0.45965 0.311719 0.0473874 0.0795169 0.0186526
0 0.904529 0.500186 0.105121 0.150595 0.0185335
0 0.566316 0.391722 0.0248319 0.0356802 0.0185096
0 0.738595 0.364735 0.0800819 0.0911787 0.0185012
0 0.179686 0.379311 0.0899076 0.0934141 0.0184342
0 0.478466 0.310848 0.0475987 0.0784549 0.0183785
0 0.24047 0.335274 0.0644552 0.0738104 0.0183749
0 0.973651 0.593301 0.0499168 0.214362 0.0180628
0 0.535989 0.305547 0.0589518 0.093137 0.0178697
0 0.491338 0.312554 0.0343016 0.0601951 0.0178064
0 0.510034 0.378363 0.0110331 0.0227323 0.0177145
0 0.750928 0.301093 0.0438038 0.0553045 0.0177023
0 0.0913236 0.252723 0.0589168 0.0841884 0.017555
0 0.541736 0.360523 0.0276066 0.0277314 0.0174098
0 0.5682 0.391927 0.040626 0.0565601 0.0173414
0 0.0143581 0.420966 0.0281506 0.145741 0.0172441
0 0.156965 0.41507 0.0612147 0.0643739 0.0172381
0 0.752641 0.291353 0.0264315 0.0334127 0.0170187
0 0.417991 0.332232 0.0144938 0.0221954 0.016881
0 0.504427 0.274881 0.0365818 0.052972 0.0168503
0 0.434544 0.329646 0.0180233 0.028078 0.0168353
0 0.349675 0.387178 0.0137101 0.0295097 0.016828
0 0.664826 0.383921 0.019427 0.027398 0.0168137
0 0.976923 0.647745 0.0450451 0.307397 0.0167512
0 0.251084 0.317861 0.0535434 0.0837941 0.0166826
0 0.930741 0.273384 0.0404924 0.0584356 0.0166376
0 0.29363 0.369944 0.0549317 0.077958 0.0166259
0 0.488833 0.27736 0.0326711 0.056038 0.0166211
0 0.419513 0.27192 0.024887 0.0399725 0.0165756
0 0.468768 0.277102 0.0279843 0.047503 0.0165634
0 0.9594 0.551489 0.0677341 0.148446 0.0164302
0 0.814937 0.359443 0.0566223 0.0453156 0.0164177
0 0.797595 0.364875 0.0895692 0.0811796 0.0163434
0 0.332858 0.395864 0.0332746 0.0465626 0.0162377
0 0.86736 0.510414 0.0776571 0.120718 0.0161948
0 0.52717 0.263239 0.0297755 0.0438288 0.0161356
0 0.882977 0.318769 0.17006 0.163575 0.0161342
0 0.0705933 0.304777 0.0620126 0.0970119 0.0161202
0 0.307299 0.298284 0.0371949 0.0732038 0.016073
0 0.267069 0.291042 0.140211 0.219814 0.016049
0 0.960796 0.658527 0.0706461 0.230733 0.0160205
0 0.962312 0.217774 0.0382532 0.0604404 0.0160084
0 0.460601 0.277629 0.0313833 0.0497968 0.0159314
0 0.481776 0.279365 0.0305997 0.0556751 0.0158614
0 0.862146 0.358121 0.186805 0.0625603 0.015706
0 0.705151 0.431964 0.0455493 0.0791378 0.015699
0 0.244801 0.408167 0.096812 0.089116 0.0156295
0 0.0125405 0.32405 0.024477 0.0699034 0.0155946
0 0.908831 0.202938 0.0316027 0.0540361 0.0155427
0 0.955883 0.290016 0.0819885 0.0822922 0.015364
0 0.569761 0.300073 0.0639791 0.100343 0.0153283
0 0.647572 0.350173 0.0256808 0.0374254 0.0152848
0 0.619416 0.320739 0.0615156 0.11682 0.0152624
0 0.402887 0.324581 0.0267017 0.0387204 0.0152445
0 0.855103 0.508608 0.158539 0.15912 0.0152091
0 0.352642 0.387137 0.0165748 0.037096 0.0152067
0 0.979612 -0.0128039 0.0389208 0.0426991 0.0151898
0 0.284587 0.386455 0.0538957 0.0651191 0.0151825
0 0.247835 0.347786 0.0840353 0.0762927 0.0151657
0 0.418903 0.0226378 0.104905 0.100123 0.0151614
0 0.890645 0.395937 0.0985331 0.0973657 0.0151141
0 0.0193968 0.465768 0.0358387 0.195325 0.0150076
0 0.518858 0.267948 0.0274942 0.0413283 0.0149913
0 0.364954 0.342299 0.0587358 0.0684979 0.0148668
0 0.910269 0.573924 0.123891 0.135475 0.0148135
0 0.6831 0.360415 0.0469329 0.0537505 0.0147024
0 0.0971056 0.50371 0.0710894 0.112218 0.0146721
0 0.933745 0.360968 0.0852415 0.0877282 0.0146623
0 0.220068 0.354971 0.1066 0.102869 0.0144556
0 0.310747 0.344993 0.0589933 0.0737615 0.0144067
0 0.0831 0.621475 0.0397921 0.0651292 0.0144024
0 0.528449 0.252265 0.0367336 0.0552935 0.0144016
0 0.0634958 0.844023 0.107198 0.172715 0.0143588
