0 0.259312 0.666978 0.199918 0.232035 0.916613
0 0.543014 0.6076 0.0303093 0.0442442 0.864686
0 0.0616939 0.643491 0.119698 0.0991896 0.807691
0 0.518381 0.603816 0.0209245 0.0303348 0.804581
0 0.378753 0.610696 0.0261906 0.0365089 0.799601
0 0.0413611 0.66001 0.0826415 0.0975998 0.740806
0 0.126072 0.618678 0.1465 0.124759 0.724663
0 0.457833 0.608162 0.0152399 0.0216297 0.717775
0 0.440263 0.609497 0.0194733 0.0225527 0.704481
0 0.405999 0.608446 0.0294991 0.0319934 0.701154
0 0.426141 0.607563 0.0208092 0.0278941 0.68018
0 0.391998 0.609469 0.0293471 0.0339349 0.670522
0 0.346423 0.598282 0.0475403 0.0712106 0.627699
0 0.467933 0.606162 0.0119902 0.0194155 0.618605
0 0.492608 0.60064 0.01391 0.0208672 0.561919
0 0.398912 0.609446 0.0253033 0.0320526 0.560172
0 0.478025 0.603874 0.0124805 0.0180452 0.523466
0 0.489381 0.602955 0.0132711 0.0192593 0.492072
0 0.00830899 0.679513 0.016618 0.083894 0.417766
0 0.497504 0.5967 0.0149768 0.0218107 0.382099
0 0.446083 0.609502 0.0163267 0.0217317 0.376166
0 0.51685 0.589511 0.0165977 0.0208271 0.360956
0 0.475567 0.605935 0.0125245 0.0184972 0.355684
0 0.529166 0.584116 0.0127701 0.0155865 0.334435
0 0.500878 0.594053 0.0128036 0.0200087 0.330032
0 0.464115 0.606936 0.0119387 0.0203178 0.3283
0 0.418887 0.609314 0.0174128 0.0253762 0.292978
0 0.108768 0.642818 0.080884 0.0861092 0.291218
0 0.543494 0.586848 0.0201945 0.022856 0.288689
0 0.397432 0.609548 0.0174191 0.0276752 0.287156
0 0.0114411 0.669446 0.022422 0.099108 0.27893
0 0.482651 0.603399 0.0133461 0.0194097 0.277963
0 0.412913 0.60783 0.0168995 0.027399 0.270564
0 0.455263 0.605133 0.014119 0.0223997 0.268913
0 0.460764 0.606774 0.0114227 0.0189334 0.257806
0 0.509041 0.590781 0.0110774 0.0164736 0.257688
