0 0.417913 0.472008 0.0944867 0.141485 0.883832
0 0.309269 0.427678 0.0833549 0.145142 0.85307
0 0.0876053 0.553853 0.175211 0.316574 0.825927
0 0.5625 0.488491 0 0.154467 0.79958
0 0.544704 0.451848 0.0355914 0.0480325 0.778628
0 0.498316 0.443312 0.0206099 0.0306135 0.539909
0 0.465102 0.444095 0.022605 0.0419981 0.490795
0 0.36517 0.44661 0.0232362 0.0367031 0.456996
0 0.480323 0.441731 0.0218195 0.0352242 0.447619
0 0.221003 0.448348 0.0330547 0.0328466 0.328736
0 0.36527 0.437848 0.0272585 0.0540656 0.291913
0 0.261008 0.447777 0.0202972 0.0344603 0.291805
0 0.47538 0.443857 0.0151652 0.0304793 0.253775
0 0.187711 0.448171 0.0370517 0.0476102 0.248538
0 0.369781 0.442507 0.0251892 0.04417 0.240915
0 0.362135 0.448399 0.0176241 0.028486 0.233624
0 0.500506 0.445283 0.0147872 0.0226803 0.229401
0 0.468831 0.444453 0.0187695 0.0343356 0.224667
0 0.250636 0.450461 0.0379691 0.041032 0.223218
0 0.212927 0.449458 0.0428572 0.0421227 0.222018
0 0.355409 0.44567 0.0212869 0.0365076 0.199459
0 0.175336 0.454036 0.0523081 0.0649428 0.194822
0 0.357734 0.44765 0.0147715 0.0275922 0.193182
0 0.195174 0.45503 0.0536376 0.0636049 0.189187
0 0.366699 0.448178 0.0170885 0.0277728 0.18734
0 0.461408 0.444421 0.0145651 0.0306385 0.187025
0 0.482024 0.44456 0.0138788 0.0257597 0.179362
0 0.488362 0.44452 0.0145507 0.0257315 0.1718
0 0.201511 0.444649 0.0578376 0.0539681 0.16737
0 0.5625 0.500108 0 0.147821 0.165362
0 0.227677 0.445791 0.0251143 0.0284609 0.164326
0 0.495445 0.443706 0.0145144 0.0223017 0.164093
0 0.21836 0.44268 0.0433944 0.0460418 0.162789
0 0.2093 0.456708 0.0593056 0.0624805 0.162697
0 0.465325 0.450331 0.015134 0.0317338 0.158554
0 0.458362 0.440318 0.0124672 0.0351805 0.157249
0 0.371184 0.443722 0.0146132 0.0268721 0.156348
0 0.5625 0.386174 0 0.0627652 0.154693
0 0.541515 0.452894 0.0317926 0.0383032 0.154634
0 0.5625 0.417556 0 0.0456111 0.153183
0 0.5625 0.462695 0 0.211602 0.152045
0 0.245342 0.458622 0.051094 0.056969 0.150756
0 0.483213 0.433012 0.0168351 0.0267751 0.149546
0 0.5625 0.415973 0 0.0800568 0.142451
0 0.209685 0.449015 0.022243 0.0260154 0.140278
0 0.5625 0.491593 0 0.14008 0.135229
0 0.187823 0.445877 0.0304585 0.0344114 0.134499
0 0.5625 0.488554 0 0.100025 0.131067
0 0.5625 0.393345 0 0.051407 0.130728
0 0.458649 0.445531 0.0168355 0.0431545 0.129977
0 0.533858 0.451634 0.0174339 0.0297986 0.1293
0 0.681909 0.430341 0.067769 0.0788183 0.128844
0 0.37607 0.440204 0.0128996 0.0274779 0.128693
0 0.978691 0.473318 0.0418652 0.10231 0.124512
0 0.217951 0.447441 0.0247341 0.025802 0.12394
0 0.98789 0.510777 0.0243364 0.133946 0.122976
0 0.930862 0.395082 0.0262035 0.0369294 0.122808
0 0.663687 0.437646 0.0539681 0.0818278 0.120959
0 0.236323 0.444611 0.0627701 0.0576736 0.120512
0 0.165187 0.450214 0.067537 0.0787304 0.120334
0 0.893475 0.393724 0.0360689 0.042844 0.120033
0 0.921613 0.476403 0.112988 0.130483 0.119302
0 0.223133 0.460868 0.0528819 0.0615434 0.118771
0 0.924371 0.477309 0.0940857 0.0924076 0.118557
0 0.964409 0.471868 0.0715902 0.202467 0.118192
0 0.342147 0.427573 0.0204448 0.0870316 0.117569
0 0.14545 0.434678 0.101223 0.113306 0.114299
0 0.00839854 0.405777 0.0166215 0.034394 0.11328
0 0.356839 0.438995 0.0158919 0.0287309 0.112785
0 0.497122 0.432445 0.014608 0.0241881 0.112305
0 0.938412 0.457566 0.113945 0.119826 0.111712
0 0.958453 0.390501 0.0783157 0.0716077 0.111207
0 0.310982 0.46706 0.0525813 0.0669692 0.109044
0 0.455598 0.431081 0.0132493 0.0254656 0.10782
0 0.465013 0.445655 0.0122781 0.0250118 0.106155
0 0.0112407 0.398794 0.0232595 0.0347499 0.104912
0 0.961218 0.418127 0.0746359 0.108447 0.103762
0 0.379052 0.437858 0.017052 0.0358112 0.103334
0 0.937904 0.460388 0.12706 0.190921 0.100179
0 0.907711 0.472053 0.0625618 0.0645738 0.0994678
0 0.316789 0.462918 0.0315788 0.0553387 0.0982467
0 0.729636 0.49163 0.0781198 0.120614 0.0969509
0 0.461712 0.451716 0.0137196 0.0273157 0.0968492
0 0.0167168 0.40152 0.0333098 0.0396422 0.0961459
0 0.145511 0.45627 0.0407924 0.0606959 0.0959478
0 0.342081 0.447082 0.0161344 0.0445769 0.0958996
0 0.142738 0.447512 0.0608269 0.0783907 0.0958728
0 0.6896 0.422292 0.0537924 0.0601645 0.0944519
0 0.267383 0.447144 0.0144991 0.0292914 0.0928993
0 0.967992 0.426014 0.0650562 0.167573 0.0927294
0 0.86899 0.392492 0.0657763 0.0533525 0.0918146
0 0.193603 0.446263 0.0254127 0.0273727 0.0901
0 0.0123412 0.418647 0.0250224 0.065488 0.0898468
0 0.922318 0.404953 0.0634914 0.0597059 0.0893131
0 0.0242503 0.399961 0.0513641 0.0452982 0.0876607
0 0.699506 0.438802 0.0412055 0.0770561 0.087298
0 0.847916 0.392946 0.0276152 0.0371785 0.08701
0 0.515458 0.450459 0.0173713 0.0246195 0.0865675
0 0.458228 0.433746 0.0139339 0.0253117 0.0857392
0 0.930145 0.422034 0.124568 0.149756 0.0842106
0 0.812931 0.492332 0.102255 0.130566 0.0840929
0 0.123088 0.435333 0.0798692 0.11579 0.0833191
0 0.527977 0.450134 0.0149964 0.0232196 0.0823143
0 0.373772 0.442077 0.0151105 0.0338066 0.0819796
0 0.893913 0.460838 0.126446 0.15428 0.0819763
0 0.932999 0.508229 0.131645 0.171083 0.0816144
0 0.335301 0.419066 0.0348769 0.114559 0.0810135
0 0.499783 0.432691 0.0123433 0.0201842 0.0803047
0 0.270155 0.450511 0.0238739 0.059908 0.0802411
0 0.522565 0.452329 0.0181493 0.0272174 0.078886
0 0.260423 0.447233 0.0167067 0.0247001 0.0785468
0 0.378948 0.430149 0.0142823 0.0238854 0.0782112
0 0.96926 0.513326 0.0615515 0.128238 0.0773896
0 0.911169 0.457314 0.0788292 0.0956115 0.0773539
0 0.944699 0.406012 0.0600435 0.0671596 0.0773343
0 0.558093 0.453777 0.0211929 0.0312536 0.0766719
0 0.0377844 0.551114 0.0769193 0.319679 0.0766686
0 0.595457 0.413303 0.0348577 0.0496656 0.0766001
0 0.371943 0.43211 0.016254 0.0303094 0.0743111
0 0.129543 0.450666 0.0579695 0.0754882 0.0740185
0 0.00844741 0.595676 0.0183605 0.210452 0.0739019
0 0.957477 0.369255 0.0816246 0.111966 0.0735747
0 0.036074 0.398458 0.0345711 0.0342206 0.0733358
0 0.887945 0.400144 0.0952221 0.0899213 0.072913
0 0.888477 0.47995 0.0730852 0.0989499 0.0728089
0 0.112167 0.471805 0.0997791 0.118754 0.0720444
0 0.354291 0.459237 0.0223904 0.0413163 0.0719527
0 0.592921 0.407929 0.0265648 0.0365868 0.0713892
0 0.766206 0.396646 0.0885684 0.0770959 0.0705008
0 0.554936 0.462034 0.020573 0.0300973 0.0700035
0 0.708045 0.426658 0.0563392 0.0715172 0.0696546
0 0.027964 0.436611 0.0584756 0.113341 0.0681114
0 0.0178078 0.586172 0.0364155 0.275158 0.0675971
0 0.442162 0.442874 0.02508 0.0361833 0.0670937
0 0.285495 0.433494 0.0491098 0.0958179 0.0662882
0 0.7154 0.416524 0.0498674 0.0563322 0.0655334
0 0.365795 0.434465 0.0180727 0.0371183 0.0648241
0 0.755655 0.400776 0.0677491 0.0563054 0.0643956
0 0.729235 0.406318 0.0264696 0.0360247 0.0640968
0 0.574531 0.441223 0.0375643 0.0590706 0.0639201
0 0.262801 0.452353 0.014078 0.0306695 0.0638195
0 0.780622 0.410069 0.0286497 0.0327211 0.0634804
0 0.581475 0.450149 0.0369795 0.0495469 0.0634086
0 0.568658 0.452088 0.0338178 0.0458442 0.0622807
0 0.501339 0.46617 0.0166015 0.0277068 0.0619348
0 0.426055 0.418318 0.0600915 0.0378257 0.0619141
0 0.675792 0.404434 0.0569255 0.0830063 0.0612484
0 0.0176955 0.485162 0.036427 0.186783 0.0612398
0 0.908449 0.387193 0.0727417 0.0749319 0.0612132
0 0.604395 0.421046 0.0546956 0.0721988 0.0606798
0 0.971739 0.373544 0.0525393 0.0915215 0.0602606
0 0.00646087 0.619548 0.0131761 0.204962 0.059644
0 0.716657 0.441245 0.0582551 0.0683022 0.0595766
0 0.785135 0.395574 0.0700666 0.0590483 0.0595569
0 0.97568 0.54181 0.0478092 0.171803 0.0590535
0 0.534285 0.455859 0.013962 0.0261127 0.0576607
0 0.717018 0.4617 0.0555949 0.0682927 0.0571063
0 0.875508 0.455379 0.0781189 0.114246 0.0564691
0 0.642338 0.429221 0.0893367 0.0897613 0.0563572
0 0.729121 0.447698 0.075993 0.0869468 0.0557176
0 0.292391 0.459139 0.0518866 0.083026 0.0547778
0 0.1175 0.548284 0.11726 0.166213 0.0547253
0 0.559936 0.460227 0.0160288 0.0277312 0.053758
0 0.0259559 0.411758 0.0547848 0.0591177 0.053699
0 0.818311 0.404207 0.086422 0.0764188 0.0530428
0 0.783161 0.404332 0.0390129 0.0441727 0.0523277
0 0.983867 0.537579 0.0335312 0.214983 0.0522607
0 0.420757 0.412533 0.0498803 0.0315542 0.0521562
0 0.621816 0.43349 0.0482442 0.0686671 0.0514883
0 0.0465977 0.398802 0.0264739 0.0299188 0.0514473
0 0.0245603 0.552043 0.0483736 0.22 0.0514016
0 0.841089 0.392847 0.0385662 0.0410222 0.0512765
0 0.919022 0.553152 0.159656 0.234566 0.0512319
0 0.973489 0.386543 0.0569641 0.311748 0.0505538
0 0.131916 0.404756 0.0529354 0.0558283 0.0503087
0 0.990431 0.534805 0.0184481 0.124431 0.0501013
0 0.118053 0.510233 0.112698 0.128971 0.0494219
0 0.851292 0.398597 0.0441999 0.0538202 0.049173
0 0.0168376 0.434172 0.0333256 0.0834921 0.0484041
0 0.116424 0.414375 0.0782866 0.070238 0.0477798
0 0.275098 0.432492 0.02233 0.0797309 0.0477713
0 0.0326763 0.491942 0.0643453 0.22036 0.0471731
0 0.990979 0.340852 0.0191971 0.0833519 0.0466427
0 0.156665 0.47145 0.0307565 0.0542704 0.0461986
0 0.687775 0.447631 0.0689898 0.0919039 0.04596
0 0.0235129 0.613167 0.0455768 0.199144 0.0458441
0 0.0128081 0.450853 0.0262245 0.120581 0.044713
0 0.259616 0.426355 0.0217389 0.0473363 0.0444953
0 0.0661763 0.427496 0.0930084 0.0917464 0.0442636
0 0.41919 0.448514 0.0334633 0.0452454 0.0435387
0 0.330192 0.463283 0.016801 0.0356079 0.0431299
0 0.270093 0.462176 0.0165102 0.0402813 0.042602
0 0.111136 0.538543 0.130216 0.256153 0.0425729
0 0.348419 0.450253 0.0107365 0.0287415 0.0425338
0 0.791956 0.492865 0.0854651 0.121822 0.0417994
0 0.865438 0.477748 0.0651974 0.0927628 0.041573
0 0.0432655 0.62731 0.0873706 0.231154 0.041511
0 0.0108771 0.974802 0.0210584 0.0466868 0.0408393
0 0.00532987 0.993369 0.0118109 0.0270901 0.0406215
0 0.829758 0.391766 0.0646158 0.0562648 0.0405877
0 0.94167 0.37189 0.06194 0.0871202 0.0402192
0 0.928021 0.38399 0.128941 0.11882 0.0400557
0 0.725906 0.908145 0.029409 0.0649775 0.0397497
0 0.872251 0.387898 0.0795753 0.0747695 0.039663
0 0.592847 0.964673 0.0176929 0.043445 0.0392748
0 0.681338 0.408556 0.0919843 0.113276 0.039156
0 0.383231 0.420055 0.0161427 0.02116 0.038489
0 0.166925 0.429922 0.0969263 0.0908925 0.0382908
0 0.266885 0.439966 0.0142354 0.0268069 0.0382289
0 0.0466872 0.529349 0.0910894 0.206945 0.0381618
0 0.740135 0.39502 0.0598351 0.0736308 0.0379817
0 0.219089 0.453573 0.0240314 0.0287932 0.0379064
0 0.0825681 0.458465 0.156884 0.170212 0.0378855
0 0.0302978 0.391793 0.0361897 0.0511681 0.0377647
0 0.704336 0.405206 0.0674077 0.0899762 0.037677
0 0.00735053 0.383823 0.0141448 0.0386654 0.0372827
0 0.802678 0.401339 0.080541 0.0592063 0.0372186
0 0.129146 0.511935 0.0911334 0.186904 0.0371388
0 0.500733 0.451976 0.0124149 0.0176989 0.0369626
0 0.547943 0.436145 0.0539022 0.0962949 0.0365974
0 0.667821 0.456322 0.0615225 0.0800681 0.0363685
0 0.280011 0.41542 0.029461 0.0953577 0.0353122
0 0.477832 0.450038 0.0131944 0.0213907 0.0347777
0 0.836959 0.480158 0.0569679 0.0890951 0.0341391
0 0.432633 0.446323 0.0616487 0.0877422 0.0340111
0 0.591672 0.444176 0.0577252 0.067849 0.0339592
0 0.437932 0.415053 0.0219612 0.0200059 0.0331666
0 0.71418 0.475441 0.0402246 0.0687358 0.0331411
0 0.84894 0.433043 0.0775494 0.0976117 0.0329026
0 0.745565 0.435701 0.101745 0.0937809 0.0327369
0 0.890994 0.3816 0.138007 0.101548 0.0326667
0 0.0677618 0.523171 0.0973584 0.123785 0.0324447
0 0.780312 0.421241 0.0328002 0.0454561 0.0324138
0 0.56799 0.453965 0.0223435 0.0325301 0.0320541
0 0.640822 0.439953 0.0667704 0.0782668 0.0320278
0 0.775988 0.457663 0.0589142 0.0741744 0.0319416
0 0.543274 0.449917 0.0213719 0.0344902 0.0319085
0 0.789998 0.922027 0.0277363 0.0503079 0.0318058
0 0.703082 0.455978 0.0341388 0.0579926 0.0316933
0 0.113595 0.396567 0.0816253 0.0642836 0.0316028
0 0.0613461 0.419059 0.0687829 0.0644998 0.0315395
0 0.837201 0.411336 0.144153 0.134062 0.0315367
0 0.100908 0.445312 0.0969302 0.0813189 0.0313681
0 0.651951 0.411348 0.0758178 0.101529 0.0313297
0 0.81999 0.38336 0.080563 0.0784183 0.0312806
0 0.844926 0.473589 0.0369019 0.0654741 0.0312103
0 0.952886 0.544722 0.0902081 0.165543 0.0311789
0 0.229121 0.454832 0.0234941 0.0319085 0.0310749
0 0.137441 0.562351 0.0764294 0.144347 0.0309558
0 0.0931182 0.426055 0.0691465 0.0661915 0.0308891
0 0.468269 0.450947 0.011549 0.0240493 0.0308122
0 0.083441 0.399565 0.143011 0.164599 0.0307507
0 0.058867 0.484904 0.124121 0.172978 0.0305203
0 0.15209 0.499014 0.0593682 0.119767 0.0300727
0 0.212721 0.456029 0.0256691 0.0316763 0.0299528
0 0.130238 0.481274 0.0764302 0.0923168 0.0297775
0 0.990909 0.569238 0.0185217 0.171162 0.029724
0 0.0805579 0.409013 0.0581831 0.0506229 0.029674
0 0.748738 0.468941 0.114386 0.109246 0.0295579
0 0.54482 0.413389 0.0775684 0.140185 0.0295224
0 0.294314 0.384999 0.0524827 0.0719899 0.029522
0 0.800366 0.468275 0.0671509 0.0822101 0.0294376
0 0.96225 0.350147 0.0653578 0.101643 0.0292648
0 0.312034 0.448876 0.0467131 0.0857325 0.0285514
0 0.036269 0.573263 0.0681816 0.183372 0.0285076
0 0.259116 0.447526 0.0283697 0.0486886 0.0284339
0 0.100529 0.495715 0.106923 0.131796 0.0284038
0 0.373103 0.456426 0.0133371 0.0306935 0.028172
0 0.33671 0.475391 0.021057 0.0405425 0.0280846
0 0.0655774 0.403354 0.0628411 0.0470953 0.0278615
0 0.0456866 0.459669 0.0853985 0.139953 0.0275904
0 0.00606733 0.662007 0.013144 0.150984 0.0274655
0 0.0874417 0.517863 0.0746713 0.0919029 0.0274167
0 0.10054 0.573882 0.100796 0.164993 0.0273824
0 0.0072011 0.979872 0.0143386 0.0436305 0.0272064
0 0.244064 0.410849 0.0665464 0.094853 0.0270985
0 0.931982 0.388129 0.0460056 0.0586542 0.0270948
0 0.170919 0.415087 0.0643326 0.0791807 0.0269645
0 0.194459 0.460228 0.0312855 0.0425337 0.0268683
0 0.573987 0.429209 0.0497462 0.0679588 0.0267714
0 0.145629 0.467553 0.0249228 0.0361653 0.0266355
0 0.968138 0.365089 0.0678492 0.210221 0.0265614
0 0.547329 0.459814 0.0207842 0.0285762 0.026434
0 0.626545 0.413633 0.105728 0.118415 0.026414
0 0.139497 0.529641 0.0665669 0.131501 0.0261019
0 0.0563847 0.580558 0.102908 0.190712 0.0260638
0 0.755669 0.504678 0.0665031 0.098019 0.0259097
0 0.628062 0.513643 0.1018 0.191744 0.0258961
0 0.226074 0.411119 0.0804997 0.101922 0.0258123
0 0.528068 0.416646 0.0508534 0.0848938 0.025668
0 0.0216707 0.974964 0.0408895 0.0604523 0.0256342
0 0.495109 0.451806 0.0121552 0.0179974 0.0256199
0 0.791074 0.430454 0.0474879 0.0503127 0.0255947
0 0.926164 0.378109 0.0813669 0.0878912 0.0254607
0 0.828338 0.438031 0.070442 0.0707723 0.0252889
0 0.603782 0.449421 0.0543537 0.0643831 0.0252856
0 0.591383 0.694201 0.0289161 0.0871807 0.0251549
0 0.298292 0.46866 0.0194876 0.0360167 0.0251072
0 0.075829 0.546948 0.0821242 0.125062 0.0249723
0 0.826549 0.469328 0.109535 0.131745 0.0247903
