0 0.5625 0.469325 0 0.16318 0.869438
0 0.5625 0.430628 0 0.0527548 0.862185
0 0.5625 0.51416 0 0.228095 0.835601
0 0.5625 0.549379 0 0.613914 0.541502
0 0.490084 0.438587 0.0305238 0.0318246 0.467855
0 0.412233 0.454847 0.0689952 0.040577 0.462188
0 0.426151 0.452949 0.0515242 0.0392994 0.420045
0 0.401065 0.454047 0.0451174 0.0350588 0.398904
0 0.439664 0.452094 0.0291783 0.0342656 0.360429
0 0.376858 0.459543 0.0303875 0.0278399 0.310023
0 0.1867 0.482081 0.0455018 0.0406768 0.30719
0 0.513921 0.432326 0.0187134 0.025257 0.30128
0 0.276611 0.452622 0.0437136 0.0587082 0.298337
0 0.556336 0.421604 0.0123271 0.0188245 0.28963
0 0.54319 0.425414 0.0150476 0.0222548 0.280647
0 0.5625 0.515521 0 0.553564 0.260918
0 0.170742 0.48255 0.0761351 0.0529448 0.252089
0 0.446635 0.4539 0.0317935 0.0357768 0.244171
0 0.35557 0.461832 0.0478888 0.0285155 0.240858
0 0.491736 0.442612 0.0220287 0.0238348 0.220752
0 0.444006 0.450347 0.0198668 0.0242972 0.217629
0 0.0106301 0.506863 0.0212602 0.0646918 0.215555
0 0.0988158 0.479581 0.074928 0.0643084 0.212161
0 0.344168 0.461539 0.0478811 0.0307377 0.205286
0 0.133909 0.482284 0.0562622 0.0527395 0.20146
0 0.496269 0.433039 0.0245255 0.0285733 0.197137
0 0.410402 0.46321 0.0857478 0.0603916 0.188866
0 0.235008 0.466033 0.0554072 0.0546728 0.185825
0 0.154939 0.479782 0.0518744 0.0532024 0.185406
0 0.249578 0.462396 0.076998 0.0598922 0.184289
0 0.50113 0.435243 0.0157343 0.0247753 0.184066
0 0.146106 0.48528 0.0338009 0.0437449 0.183532
0 0.113131 0.473014 0.104382 0.082692 0.183424
0 0.520024 0.432866 0.0269817 0.0314587 0.177633
0 0.515285 0.437106 0.0181833 0.0227624 0.175944
0 0.0119199 0.514853 0.0238399 0.0979262 0.175719
0 0.263412 0.457782 0.0689786 0.0713093 0.173849
0 0.483411 0.443615 0.0188992 0.0226801 0.173728
0 0.0821417 0.470956 0.101302 0.089438 0.173704
0 0.183425 0.489533 0.0545789 0.0586494 0.167837
0 0.287171 0.447876 0.0619041 0.0604589 0.163692
0 0.5625 0.425334 0 0.0377944 0.163209
0 0.307506 0.443076 0.0263145 0.0397487 0.162276
0 0.407529 0.450235 0.0285931 0.0283254 0.16184
0 0.508059 0.437718 0.0169994 0.0235058 0.160131
0 0.418265 0.449194 0.0251686 0.0267732 0.159822
0 0.37398 0.461564 0.0192498 0.022719 0.1556
0 0.5625 0.430875 0 0.0380646 0.151606
0 0.556755 0.42887 0.0112381 0.0198108 0.150903
0 0.420731 0.445931 0.0636422 0.0548073 0.149881
0 0.0592178 0.474452 0.101162 0.0890703 0.14952
0 0.161064 0.457129 0.0951039 0.101426 0.148131
0 0.531267 0.428133 0.0156052 0.0228176 0.146305
0 0.0363899 0.476548 0.074193 0.0990512 0.145176
0 0.298769 0.451687 0.0452342 0.0548924 0.141724
0 0.489128 0.441099 0.0143129 0.0201296 0.134844
0 0.559316 0.417413 0.012588 0.0204297 0.134104
0 0.607147 0.418229 0.0167312 0.0369602 0.133271
0 0.0136908 0.494402 0.0280681 0.0880394 0.132696
0 0.562702 0.420905 0.0117504 0.0192429 0.132347
0 0.0155336 0.524336 0.0317146 0.131687 0.132336
0 0.605389 0.434781 0.0112285 0.0345437 0.129395
0 0.388668 0.460028 0.025139 0.026181 0.129358
0 0.119422 0.483208 0.0806094 0.0635412 0.127896
0 0.388028 0.45042 0.0541873 0.0465239 0.127721
0 0.152941 0.473881 0.0829155 0.0754421 0.126453
0 0.355255 0.46282 0.0239784 0.025278 0.124822
0 0.442449 0.44122 0.0392736 0.0535466 0.123652
0 0.607283 0.416405 0.0138027 0.025779 0.121395
0 0.609347 0.411208 0.0171231 0.032097 0.121295
0 0.390688 0.453903 0.0375794 0.0341659 0.11948
0 0.454078 0.45007 0.0189579 0.0237241 0.119431
0 0.0286638 0.495935 0.0588209 0.116915 0.118248
0 0.412432 0.453205 0.0289843 0.0299324 0.114804
0 0.360573 0.462828 0.0231474 0.0223014 0.111528
0 0.521658 0.432072 0.0171893 0.0214481 0.110319
0 0.186584 0.466403 0.054299 0.0681798 0.108398
0 0.755232 0.530868 0.0618757 0.277278 0.104371
0 0.131936 0.458444 0.085537 0.106049 0.102712
0 0.770455 0.573447 0.0396969 0.255837 0.102134
0 0.565569 0.42094 0.0130087 0.0229361 0.101507
0 0.871765 0.547679 0.24656 0.360794 0.101298
0 0.443061 0.456133 0.0185708 0.0282978 0.100791
0 0.0686754 0.492787 0.137924 0.125771 0.0992134
0 0.746343 0.52504 0.133539 0.268599 0.0965508
0 0.899044 0.789105 0.201266 0.417959 0.0956594
0 0.374467 0.451456 0.0312855 0.042186 0.0953296
0 0.401564 0.454476 0.0273644 0.0260944 0.0946148
0 0.0177261 0.542752 0.0356188 0.213417 0.0927731
0 0.929221 0.354975 0.139838 0.232716 0.0927143
0 0.0835368 0.548278 0.179402 0.242292 0.0920862
0 0.604693 0.410961 0.0149162 0.0288856 0.0911738
0 0.539096 0.433348 0.0154572 0.0203523 0.089338
0 0.379365 0.46243 0.0185424 0.0215156 0.0883197
0 0.0886443 0.487929 0.129634 0.0947001 0.0880079
0 0.0193903 0.476665 0.037986 0.116265 0.0845391
0 0.310246 0.444753 0.019559 0.0308691 0.0844092
0 0.452212 0.457766 0.0205443 0.0289222 0.0839271
0 0.86762 0.33424 0.0769207 0.0796772 0.0838107
0 0.438245 0.455966 0.0206945 0.0259243 0.0834249
0 0.338709 0.44071 0.0666368 0.0649689 0.0823981
0 0.733696 0.377694 0.051412 0.0600314 0.0823367
0 0.0487446 0.520675 0.0960825 0.215291 0.0821415
0 0.445529 0.454996 0.0156989 0.0221545 0.0817495
0 0.143475 0.488632 0.023204 0.0327747 0.0809193
0 0.71686 0.401145 0.0302493 0.0215071 0.0802286
0 0.255792 0.446818 0.0649369 0.0643713 0.0793166
0 0.386542 0.453383 0.0245931 0.0264447 0.0791996
0 0.227096 0.478549 0.0715478 0.077613 0.078251
0 0.0379168 0.552602 0.0742289 0.305751 0.0776373
0 0.0305934 0.455557 0.0629233 0.148278 0.0775918
0 0.541662 0.430858 0.0147881 0.0198314 0.0772782
0 0.571049 0.422613 0.0106741 0.0192306 0.0761603
0 0.0627395 0.445501 0.121301 0.165964 0.0761478
0 0.357422 0.445059 0.0672427 0.0662075 0.0754083
0 0.243366 0.437181 0.0394565 0.0464065 0.0751204
0 0.805665 0.543578 0.117232 0.311113 0.0749443
0 0.63507 0.397505 0.0486415 0.0317184 0.0734906
0 0.376189 0.453919 0.0213655 0.0247058 0.0732668
0 0.0944662 0.585915 0.190563 0.372096 0.0728111
0 0.856692 0.33326 0.0523499 0.067265 0.0720565
0 0.665945 0.400024 0.0475973 0.028707 0.0719942
0 0.888909 0.312642 0.035199 0.0342659 0.0714674
0 0.875683 0.363323 0.0782818 0.145192 0.0695708
0 0.0661892 0.551955 0.127653 0.307162 0.0687228
0 0.91477 0.658706 0.175425 0.368551 0.0672957
0 0.728276 0.394032 0.0419908 0.031557 0.0670922
0 0.151391 0.441474 0.120166 0.139878 0.0668196
0 0.598459 0.397861 0.0240648 0.0387655 0.0667714
0 0.195653 0.462328 0.0967725 0.0875197 0.0664385
0 0.367759 0.460866 0.0233057 0.0242912 0.066434
0 0.610075 0.450733 0.0211851 0.0741278 0.0660631
0 0.654453 0.401192 0.0647489 0.0322915 0.0660586
0 0.199698 0.485626 0.0738649 0.0696534 0.0656662
0 0.901418 0.3284 0.155192 0.14665 0.0652734
0 0.869546 0.398016 0.232829 0.286588 0.0648322
0 0.303966 0.445659 0.0235173 0.030832 0.0642159
0 0.454115 0.465597 0.0243101 0.0365312 0.0641495
0 0.924884 0.282479 0.0615417 0.0428535 0.0639204
0 0.925914 0.568599 0.148876 0.337476 0.0624116
0 0.883632 0.322341 0.0491795 0.0536555 0.0623385
0 0.946459 0.278631 0.108367 0.0675926 0.0622638
0 0.0949533 0.411488 0.187461 0.214229 0.0618465
0 0.109414 0.444519 0.17748 0.145192 0.0617026
0 0.881804 0.331279 0.110115 0.12388 0.0615018
0 0.0579858 0.665386 0.113102 0.349821 0.0600041
0 0.784613 0.508583 0.100342 0.267526 0.0599095
0 0.175482 0.440505 0.0759882 0.101682 0.0595699
0 0.727942 0.506176 0.0764175 0.26719 0.0591419
0 0.594793 0.449303 0.0134093 0.0331996 0.0586725
0 0.618025 0.462021 0.0340955 0.118542 0.0584816
0 0.659996 0.411139 0.0636582 0.0497749 0.0584806
0 0.850233 0.314811 0.0334606 0.0329105 0.0580122
0 0.666136 0.497073 0.0785139 0.197007 0.0575873
0 0.034449 0.521432 0.070931 0.142218 0.0574801
0 0.726699 0.390369 0.0778368 0.108331 0.0569853
0 0.670028 0.394566 0.0315317 0.0185821 0.0569249
0 0.984055 0.247729 0.0325825 0.0488311 0.0568222
0 0.334477 0.461508 0.0236922 0.02286 0.0567032
0 0.340979 0.462384 0.0279416 0.0259804 0.0565868
0 0.675871 0.399881 0.0367458 0.0306783 0.056156
0 0.562444 0.429946 0.0131742 0.0228948 0.056081
0 0.720787 0.550245 0.0859194 0.156619 0.0559007
0 0.624772 0.478585 0.0472878 0.138609 0.0554684
0 0.613464 0.402405 0.0162788 0.0211768 0.053573
0 0.739963 0.393236 0.0491003 0.04059 0.0530834
0 0.625959 0.415109 0.0436181 0.0538452 0.0528913
0 0.278356 0.437452 0.0476656 0.0466744 0.0526691
0 0.84165 0.657655 0.184997 0.411771 0.0526545
0 0.719926 0.392886 0.0421721 0.0406642 0.0525936
0 0.432181 0.456427 0.020398 0.0290328 0.0524809
0 0.751968 0.580433 0.0651621 0.177392 0.0522243
0 0.0987982 0.448613 0.112291 0.118716 0.0520277
0 0.601427 0.44818 0.0172486 0.047397 0.05166
0 0.156306 0.491926 0.0469488 0.0542105 0.0516577
0 0.725736 0.56683 0.0667178 0.119269 0.0514455
0 0.283973 0.455423 0.0248489 0.0322646 0.0512035
0 0.755893 0.538696 0.040011 0.197912 0.0508985
0 0.76914 0.543336 0.03172 0.186321 0.0500148
0 0.58614 0.420423 0.0149849 0.0263273 0.0499845
0 0.633589 0.394523 0.0309117 0.0233743 0.0499371
0 0.487651 0.430008 0.025293 0.0327381 0.0499222
0 0.609669 0.406149 0.0134768 0.0202716 0.0497459
0 0.499942 0.459627 0.027101 0.0511422 0.0497048
0 0.769902 0.632007 0.036084 0.137543 0.0495716
0 0.861785 0.358514 0.0622768 0.123223 0.0493233
0 0.882688 0.357909 0.134097 0.17615 0.0493208
0 0.030134 0.408296 0.0469307 0.0690586 0.0488858
0 0.698321 0.401367 0.0277382 0.023121 0.0485471
0 0.613818 0.436805 0.0259401 0.0440904 0.04848
0 0.309862 0.455913 0.0262951 0.0319728 0.0483645
0 0.734435 0.60707 0.115024 0.195101 0.048334
0 0.722431 0.48392 0.0811656 0.164256 0.048149
0 0.642317 0.384028 0.0485413 0.032346 0.0480061
0 0.0290575 0.418671 0.0563255 0.110029 0.0477657
0 0.205792 0.45441 0.0583437 0.0674134 0.0469248
0 0.743136 0.487721 0.0474998 0.202365 0.0468276
0 0.970961 0.35278 0.0537514 0.236271 0.0466892
0 0.814127 0.637561 0.121412 0.393552 0.0462827
0 0.761608 0.378612 0.0272946 0.0577081 0.0462551
0 0.160651 0.513033 0.11184 0.14422 0.0461699
0 0.112167 0.662852 0.220217 0.344938 0.0456362
0 0.722351 0.358927 0.0639111 0.102767 0.044905
0 0.260694 0.423011 0.0567589 0.0519273 0.0449001
0 0.949017 0.371823 0.0981871 0.337437 0.0448866
0 0.0380268 0.416083 0.0737582 0.215292 0.0446859
0 0.177234 0.609983 0.0866549 0.103777 0.0443178
0 0.789632 0.42229 0.11582 0.273006 0.0443003
0 0.609267 0.411683 0.0145524 0.0214712 0.0441103
0 0.748401 0.39739 0.0369924 0.0417285 0.0435972
0 0.947292 0.629408 0.104272 0.317678 0.0433787
0 0.983771 0.273939 0.0349466 0.0744344 0.0428469
0 0.963197 0.676645 0.0702713 0.300407 0.0426421
0 0.700794 0.460573 0.127067 0.124525 0.0425114
0 0.713066 0.408232 0.0326086 0.0259582 0.0421944
0 0.882719 0.769563 0.173986 0.26824 0.0421734
0 0.914469 0.290672 0.0866795 0.0569205 0.0419194
0 0.466425 0.451908 0.0158867 0.0216602 0.0418541
0 0.760849 0.602176 0.0506688 0.156448 0.0415885
0 0.647575 0.422359 0.0788072 0.0672853 0.0404524
0 0.105708 0.553983 0.148837 0.188964 0.0403346
0 0.949091 0.311119 0.101773 0.128181 0.0402341
0 0.15744 0.845513 0.118887 0.136032 0.0400971
0 0.183096 0.433471 0.130749 0.154581 0.0400334
0 0.896747 0.361215 0.0962538 0.144316 0.0397688
0 0.850914 0.347924 0.0506285 0.0808725 0.039359
0 0.762462 0.387379 0.0214165 0.0551181 0.0392604
0 0.288219 0.448294 0.028887 0.03093 0.0392601
0 0.144665 0.514371 0.0432819 0.0627307 0.0389627
0 0.662428 0.431326 0.0706539 0.0851461 0.0388586
0 0.0498224 0.416917 0.0829549 0.112148 0.0387376
0 0.478367 0.444941 0.0127301 0.0195617 0.0387217
0 0.981256 0.291982 0.038389 0.10465 0.0383204
0 0.956375 0.289198 0.0869976 0.0986997 0.0383177
0 0.667788 0.452277 0.0760969 0.10059 0.0381724
0 0.451281 0.410411 0.0428522 0.0797435 0.0379964
0 0.161187 0.597877 0.0791366 0.110582 0.0379206
0 0.190791 0.43381 0.0635158 0.0936109 0.0379177
0 0.236851 0.420707 0.0273385 0.0361046 0.0373463
0 0.928756 0.297647 0.135694 0.106405 0.0370495
0 0.727106 0.411416 0.0385004 0.0295632 0.0370359
0 0.973181 0.268187 0.0543324 0.0604221 0.0369896
0 0.961824 0.422048 0.067498 0.359948 0.0366685
0 0.744108 0.458026 0.041267 0.116297 0.0364357
0 0.917529 0.763064 0.16653 0.301793 0.0361015
0 0.645627 0.404483 0.0220199 0.0213006 0.0360403
0 0.909003 0.318604 0.0939072 0.126632 0.0360162
0 0.975446 0.312258 0.0488388 0.146266 0.0358711
0 0.117913 0.489689 0.0502738 0.0513195 0.0357038
0 0.897698 0.305893 0.0575487 0.0458709 0.0356946
0 0.87058 0.315608 0.0787046 0.0631482 0.0356217
0 0.848013 0.352886 0.143797 0.144986 0.0355516
0 0.709771 0.424074 0.0618413 0.0551996 0.0354597
0 0.325395 0.461729 0.0218661 0.0266048 0.0348166
0 0.742675 0.363 0.0652338 0.100418 0.0347472
0 0.65043 0.390284 0.0264264 0.0179011 0.0346831
0 0.226031 0.515083 0.105207 0.146941 0.0344327
0 0.195863 0.493147 0.0336435 0.0458089 0.0344316
0 0.888834 0.382982 0.0671455 0.129232 0.0343816
0 0.849302 0.330954 0.0410955 0.0543511 0.0343724
0 0.781167 0.373777 0.0575282 0.0879887 0.0343417
0 0.772751 0.375757 0.0393496 0.0707993 0.0342421
0 0.970495 0.603389 0.0553127 0.303812 0.0342298
0 0.0126091 0.560659 0.0251138 0.178038 0.0341876
0 0.964148 0.769622 0.0682003 0.273522 0.0341398
0 0.16382 0.605475 0.0593721 0.0789582 0.0341273
0 0.958424 0.338061 0.0818579 0.17566 0.0338935
0 0.753336 0.386944 0.0398757 0.0705445 0.0338793
0 0.738197 0.423323 0.051948 0.0472986 0.0337188
0 0.774496 0.520852 0.0390948 0.203824 0.0336846
0 0.103837 0.329337 0.20687 0.425973 0.0336282
0 0.186716 0.488824 0.0309998 0.03781 0.0331143
0 0.63898 0.39082 0.0246123 0.0213917 0.0329851
0 0.681648 0.393756 0.0221724 0.0223534 0.0329776
0 0.800475 0.379153 0.0975595 0.108434 0.0329522
0 0.96475 0.502848 0.0638138 0.34045 0.0328856
0 0.685792 0.394156 0.029763 0.0309728 0.0324733
0 0.276234 0.459505 0.0340519 0.0447303 0.0321009
0 0.725208 0.578446 0.0537409 0.0877245 0.0320216
0 0.957824 0.0816708 0.078982 0.134767 0.0319619
0 0.876694 0.236316 0.224891 0.335698 0.0319279
0 0.826536 0.394449 0.135227 0.218764 0.0311186
0 0.839373 0.369302 0.0632345 0.112906 0.0310318
0 0.844958 0.710923 0.152596 0.295989 0.0309845
0 0.584996 0.459815 0.0423803 0.0898404 0.0309404
0 0.724647 0.429904 0.0672535 0.0684358 0.0309236
0 0.61419 0.394007 0.0165461 0.0229785 0.0309089
0 0.291629 0.45604 0.0197407 0.0317806 0.0308757
0 0.816512 0.357638 0.110467 0.0985048 0.0308002
0 0.852587 0.387801 0.0382286 0.0984445 0.0304527
0 0.762208 0.497476 0.041559 0.255809 0.0304308
0 0.235033 0.434967 0.132778 0.132861 0.0302997
0 0.650345 0.498376 0.060892 0.147154 0.0298709
0 0.809761 0.326764 0.167987 0.207234 0.0298195
0 0.267969 0.430908 0.0445652 0.0458538 0.029805
0 0.544649 0.330019 0.0226843 0.0374216 0.0297911
0 0.745067 0.434203 0.0384729 0.0706469 0.0296717
0 0.774751 0.65384 0.0330771 0.10125 0.0295464
0 0.692268 0.393739 0.0229795 0.023955 0.0295014
0 0.0547558 0.519521 0.118123 0.1338 0.0293157
