0 0.0607021 0.468768 0.078013 0.074892 0.919676
0 0.547276 0.469995 0.0304473 0.214045 0.918337
0 0.123452 0.459208 0.0591934 0.0647271 0.898347
0 0.237055 0.430492 0.0521598 0.0668511 0.864671
0 0.398652 0.424956 0.0465769 0.0680071 0.839472
0 0.344214 0.428293 0.0206322 0.026183 0.836003
0 0.205119 0.450543 0.0524683 0.0469522 0.827165
0 0.289333 0.437833 0.0303641 0.0306539 0.811683
0 0.314641 0.435197 0.0220877 0.0249828 0.772953
0 0.524958 0.400468 0.0461363 0.0962762 0.76769
0 0.362518 0.424535 0.016494 0.0236259 0.763241
0 0.541106 0.441294 0.039728 0.116454 0.7569
0 0.0136056 0.486367 0.0272111 0.0668015 0.749089
0 0.53088 0.423358 0.0355926 0.0867873 0.67387
0 0.163828 0.459817 0.0313001 0.0450264 0.608038
0 0.428674 0.416792 0.0166687 0.0254273 0.522365
0 0.441672 0.412485 0.0143432 0.0221657 0.482598
0 0.498809 0.406915 0.0171999 0.0393352 0.451327
0 0.482932 0.406826 0.0122849 0.0222724 0.409181
0 0.45783 0.410367 0.0166452 0.0238551 0.408431
0 0.466484 0.409666 0.0134375 0.0208995 0.399302
0 0.373599 0.423386 0.00960999 0.019046 0.353334
0 0.375496 0.421534 0.00920739 0.0183559 0.340318
0 0.166468 0.450128 0.0394971 0.0593395 0.317475
0 0.494724 0.406244 0.0170931 0.038127 0.308054
0 0.368377 0.423262 0.0116768 0.0217484 0.304519
0 0.47751 0.408195 0.0126568 0.0198843 0.303295
0 0.3206 0.434515 0.0128575 0.0202125 0.301294
0 0.42253 0.417852 0.0130114 0.0228934 0.301239
0 0.359194 0.426731 0.0138769 0.02117 0.293396
0 0.308708 0.43682 0.0163426 0.0229617 0.288866
0 0.471341 0.40796 0.0124936 0.0193019 0.287214
0 0.485436 0.409529 0.0111839 0.0218413 0.284676
0 0.371045 0.424128 0.0112183 0.0220819 0.278844
0 0.437468 0.414967 0.0137925 0.0206212 0.274602
0 0.448622 0.412249 0.0134548 0.0202343 0.266969
0 0.488763 0.40774 0.0114567 0.0235619 0.266718
0 0.302751 0.437616 0.0146398 0.0242498 0.26087
0 0.270903 0.406897 0.0623404 0.0682638 0.259414
0 0.480386 0.407386 0.0103376 0.0187766 0.257288
0 0.49646 0.410803 0.0132326 0.0292813 0.236878
0 0.171333 0.457433 0.0367438 0.0453652 0.233236
0 0.503292 0.412701 0.0121295 0.0393675 0.223546
0 0.493972 0.407851 0.0134368 0.0264876 0.219666
0 0.145378 0.459326 0.0434153 0.0534885 0.196272
0 0.503977 0.40553 0.0216013 0.0532922 0.195694
0 0.297782 0.437673 0.0162677 0.022665 0.194296
0 0.485042 0.409869 0.0134769 0.0302748 0.192947
0 0.456513 0.414291 0.0132349 0.0195196 0.191277
0 0.31383 0.43526 0.0131732 0.0197437 0.172215
0 0.386997 0.418149 0.0100014 0.01739 0.169446
0 0.432631 0.415316 0.012275 0.0209508 0.147416
0 0.282694 0.434749 0.0225624 0.023985 0.138888
0 0.281439 0.43825 0.016106 0.0247664 0.133004
0 0.267944 0.435326 0.0128593 0.0242069 0.126924
0 0.494523 0.40792 0.0103213 0.019191 0.123761
0 0.386912 0.420415 0.0134079 0.0208021 0.120144
0 0.179515 0.454017 0.0206307 0.0351991 0.119675
0 0.155103 0.448157 0.0557322 0.0637209 0.117503
0 0.168723 0.454432 0.0197947 0.030516 0.11548
0 0.227033 0.446484 0.0188484 0.0372786 0.114502
0 0.0146922 0.471621 0.0290788 0.0578692 0.11318
0 0.511927 0.41267 0.0148199 0.0428868 0.111482
0 0.884156 0.40709 0.0641281 0.0315797 0.106814
0 0.340699 0.430918 0.013206 0.0179977 0.106388
0 0.162443 0.460177 0.0159288 0.0296279 0.103585
0 0.359184 0.433055 0.0133778 0.023685 0.101813
0 0.434517 0.411047 0.0115081 0.0184347 0.100112
0 0.378095 0.421918 0.0121754 0.0231757 0.0986803
0 0.23003 0.418249 0.0387973 0.0463975 0.0968246
0 0.550326 0.436896 0.0649794 0.143855 0.0952898
0 0.502186 0.390662 0.0127369 0.0210932 0.0940829
0 0.505204 0.399747 0.0137835 0.0335349 0.0937259
0 0.166176 0.448036 0.0234945 0.0324982 0.0917217
0 0.51841 0.403972 0.0180624 0.038674 0.0912492
0 0.265639 0.43998 0.0117317 0.0224542 0.0905865
0 0.364841 0.425644 0.011677 0.0195648 0.0887352
0 0.158326 0.463882 0.0184566 0.0394323 0.0878163
0 0.307127 0.457001 0.0189851 0.0323647 0.083213
0 0.485585 0.393978 0.0170399 0.028336 0.0830909
0 0.0232336 0.453159 0.0302395 0.0334361 0.0816451
0 0.801021 0.417394 0.0613031 0.0612072 0.0807213
0 0.492842 0.389237 0.0119212 0.0189005 0.08025
0 0.0743368 0.417133 0.0682107 0.0538471 0.0801029
0 0.0129545 0.459556 0.0228957 0.0236224 0.0795037
0 0.291957 0.435828 0.0203282 0.0242267 0.0789414
0 0.175868 0.453194 0.0177821 0.0277809 0.0787048
0 0.0207751 0.457503 0.0202757 0.0219797 0.0785174
0 0.719657 0.388411 0.0392266 0.0531009 0.0776358
0 0.710779 0.39085 0.0593465 0.0617924 0.0772344
0 0.890166 0.374105 0.0678087 0.083587 0.0765267
0 0.515179 0.425337 0.0146792 0.0374586 0.075741
0 0.222669 0.44194 0.020347 0.0336108 0.0754845
0 0.133866 0.455589 0.0429258 0.055123 0.074492
0 0.19701 0.442915 0.0231703 0.0287159 0.0742903
0 0.184834 0.451342 0.017712 0.0274025 0.0731258
0 0.421029 0.411063 0.0115139 0.0193416 0.0720225
0 0.164553 0.428975 0.0249984 0.0198095 0.0709477
0 0.275275 0.426347 0.0617374 0.0573107 0.0700476
0 0.17183 0.459592 0.0202867 0.0393769 0.0700038
0 0.0773542 0.459216 0.0439 0.0611256 0.0698728
0 0.549492 0.394674 0.0170059 0.0257629 0.068431
0 0.0076288 0.483432 0.0134254 0.0401978 0.068197
0 0.524234 0.428773 0.0200778 0.0678381 0.0680146
0 0.0622976 0.423285 0.0515052 0.0307649 0.0673979
0 0.0850078 0.422376 0.0456406 0.0384674 0.0670236
0 0.56336 0.44136 0.0750166 0.169204 0.0668189
0 0.751748 0.38386 0.0545537 0.0893403 0.0654781
0 0.736375 0.391879 0.0795925 0.0847962 0.0649069
0 0.668226 0.368814 0.0255269 0.0308032 0.0633555
0 0.710164 0.408987 0.0666341 0.0888526 0.0623529
0 0.00996026 0.464097 0.0191591 0.0279661 0.0622874
0 0.0880783 0.433184 0.0370836 0.0356338 0.0621212
0 0.961962 0.375047 0.0757109 0.0950966 0.0619425
0 0.795034 0.408662 0.0427286 0.0436076 0.061481
0 0.547862 0.403939 0.0212265 0.0352899 0.0603883
0 0.757809 0.397212 0.0437416 0.0717659 0.058368
0 0.784319 0.414929 0.0797182 0.0639404 0.057074
0 0.696126 0.395861 0.0546273 0.0673259 0.0559772
0 0.571601 0.413808 0.0533977 0.0808942 0.055574
0 0.0981832 0.440518 0.0324808 0.0413421 0.055497
0 0.884545 0.424381 0.0743465 0.0676543 0.0554591
0 0.89024 0.401235 0.068474 0.0470601 0.0553327
0 0.0993574 0.459969 0.0350225 0.0595662 0.0545714
0 0.543795 0.397449 0.0203319 0.031862 0.0544949
0 0.206027 0.436839 0.0204912 0.0272753 0.0542667
0 0.188904 0.456284 0.0218367 0.035146 0.0524236
0 0.507413 0.418287 0.0143774 0.0427739 0.0522946
0 0.672676 0.381551 0.0265104 0.0431233 0.0520499
0 0.185436 0.468251 0.0233697 0.0437561 0.0516718
0 0.818734 0.415184 0.0827404 0.069352 0.0513644
0 0.772843 0.372794 0.084756 0.0840532 0.0513492
0 0.701159 0.432967 0.0341938 0.0730685 0.0512296
0 0.259492 0.436506 0.0190442 0.0265927 0.0506872
0 0.766414 0.407092 0.0558332 0.0641236 0.0502902
0 0.546099 0.429898 0.0357255 0.0829038 0.0493808
0 0.263818 0.434841 0.0166655 0.0280635 0.0488881
0 0.0808174 0.448837 0.0363371 0.0439911 0.0484412
0 0.889256 0.357093 0.054278 0.059228 0.0481716
0 0.663725 0.387841 0.0437171 0.0547274 0.0478979
0 0.69842 0.423362 0.0485708 0.0915141 0.0471349
0 0.593713 0.350834 0.0416881 0.0399712 0.0470868
0 0.988218 0.390042 0.0240007 0.0677473 0.0456771
0 0.0869624 0.420456 0.0701409 0.0634383 0.0450576
0 0.208849 0.445219 0.0168637 0.0306021 0.0447246
0 0.728166 0.377397 0.106099 0.118259 0.044614
0 0.473856 0.409243 0.0109678 0.0183663 0.0441536
0 0.569062 0.399094 0.0341897 0.0476211 0.0438014
0 0.189251 0.451312 0.0349966 0.040473 0.0435897
0 0.582769 0.35835 0.0274408 0.0304969 0.0435037
0 0.893077 0.410144 0.0808905 0.0468231 0.0433872
0 0.548963 0.455285 0.0424771 0.152425 0.0433668
0 0.883511 0.338359 0.0359596 0.0332525 0.0433277
0 0.0513715 0.430869 0.0311021 0.021141 0.0432617
0 0.410544 0.409065 0.0129018 0.018743 0.0429387
0 0.576284 0.426123 0.0871374 0.123383 0.0414399
0 0.0290324 0.469192 0.0202055 0.0303423 0.041093
0 0.702341 0.383236 0.0787489 0.0957884 0.0409747
0 0.0416509 0.463381 0.0412107 0.0525881 0.0408359
0 0.833918 0.409873 0.0596212 0.055683 0.0404544
0 0.154615 0.468088 0.0197549 0.0241156 0.0397297
0 0.727692 0.413066 0.0838249 0.0910171 0.0395194
0 0.347967 0.374893 0.0228857 0.0403958 0.0392771
0 0.226994 0.453255 0.0156241 0.0315544 0.0388224
0 0.578402 0.378381 0.0230004 0.0393517 0.0387384
0 0.622277 0.357648 0.054231 0.0286526 0.0385929
0 0.429329 0.420408 0.0127425 0.0213321 0.038541
0 0.0230917 0.451888 0.0223414 0.0245388 0.0381933
0 0.248195 0.440741 0.0225487 0.0354116 0.0381118
0 0.458159 0.386846 0.0102536 0.0144653 0.0377042
0 0.486398 0.387684 0.0103009 0.0141312 0.0375053
0 0.732197 0.382683 0.0462159 0.0559708 0.0373177
0 0.00868084 0.484306 0.016755 0.0597185 0.0371616
0 0.1699 0.478876 0.0259506 0.0487203 0.0370164
0 0.78629 0.361949 0.0558439 0.0735581 0.0365352
0 0.470401 0.386889 0.0106923 0.0142664 0.0361872
0 0.842862 0.41904 0.0725081 0.072471 0.0361514
0 0.986394 0.371543 0.0271227 0.0887917 0.0353274
0 0.0281808 0.461018 0.030431 0.0416389 0.03457
0 0.704714 0.361311 0.0735127 0.0973325 0.0341067
0 0.104543 0.461948 0.0198119 0.0316891 0.0340659
0 0.182703 0.430865 0.0205271 0.0165007 0.0340502
0 0.66969 0.367455 0.0184356 0.0231532 0.0340352
0 0.0751223 0.432079 0.0553054 0.0454666 0.0340171
0 0.904068 0.373177 0.110179 0.135139 0.0339728
0 0.92982 0.362301 0.14921 0.168059 0.0334852
0 0.549872 0.383596 0.0150626 0.0207665 0.0334518
0 0.715989 0.429893 0.0638947 0.0866714 0.0333899
0 0.122804 0.458288 0.0245295 0.0313446 0.0326399
0 0.63445 0.383253 0.0859155 0.067935 0.0326363
0 0.573348 0.377011 0.0300161 0.0318945 0.0324999
0 0.659454 0.36828 0.0553837 0.0571177 0.0321325
0 0.0210023 0.483624 0.0199785 0.0431142 0.0320592
0 0.783123 0.380654 0.115886 0.119024 0.0316045
0 0.917556 0.213976 0.169132 0.384334 0.0312241
0 0.631146 0.362329 0.0605823 0.028059 0.0312181
0 0.142801 0.462904 0.0223075 0.0452882 0.0310195
0 0.101189 0.461078 0.0170285 0.0412025 0.0309059
0 0.152055 0.42735 0.0435608 0.0331371 0.0308811
0 0.981577 0.111474 0.0367311 0.116726 0.0307334
0 0.00274357 0.43527 0.0093053 0.0327955 0.0305798
0 0.11326 0.430936 0.100294 0.0949532 0.030557
0 0.256743 0.413577 0.0700474 0.0759917 0.0303352
0 0.475568 0.341889 0.0152349 0.0227119 0.0302748
0 0.613257 0.33837 0.0761059 0.0679166 0.0299418
0 0.92847 0.364167 0.0365587 0.0583857 0.0297742
0 0.942587 0.380288 0.0859346 0.086176 0.0295111
0 0.634845 0.355608 0.115973 0.104025 0.0294831
0 0.0210198 0.471934 0.0201379 0.0363958 0.0292569
0 0.850668 0.404085 0.0775352 0.0587691 0.0292414
0 0.596611 0.36989 0.0628934 0.0367942 0.029149
0 0.887701 0.439179 0.09391 0.0995861 0.0291315
0 0.193857 0.433376 0.0197938 0.0187813 0.0290859
0 0.595733 0.393586 0.0938015 0.0598896 0.0289886
0 0.442924 0.385551 0.0107839 0.0140284 0.0289761
0 0.0760945 0.70844 0.141023 0.26396 0.0288823
0 0.757784 0.354386 0.0431042 0.0399974 0.0285231
0 0.0583232 0.431495 0.0440273 0.0251189 0.02836
0 0.790965 0.351167 0.0376403 0.0500653 0.0282569
0 0.628612 0.403154 0.115294 0.0807752 0.0281856
0 0.205762 0.455226 0.0242845 0.0359268 0.0281726
0 0.521952 0.438967 0.0134293 0.0470101 0.027926
0 0.487936 0.414669 0.00987568 0.0173623 0.027774
0 0.46017 0.334588 0.0162344 0.0244585 0.0276946
0 0.447858 0.415843 0.00964403 0.0167583 0.0276418
0 0.488224 0.345538 0.0128578 0.0205591 0.0274299
0 0.500372 0.414052 0.00937471 0.0220203 0.0272793
0 0.615528 0.36918 0.0857057 0.0349942 0.0267953
0 0.197012 0.42963 0.0211501 0.0207308 0.0267342
0 0.219781 0.479862 0.0502323 0.0800506 0.0263963
0 0.558501 0.46976 0.0565092 0.181789 0.0262916
0 0.616278 0.386058 0.133579 0.0601206 0.0260418
0 0.432801 0.384095 0.011028 0.0167302 0.0257519
0 0.474751 0.41513 0.00969 0.0169103 0.0257335
0 0.588668 0.315417 0.0446215 0.115967 0.0256091
0 0.635099 0.370965 0.0716475 0.0334839 0.0253576
0 0.856579 0.358148 0.126003 0.123362 0.0251089
0 0.32353 0.416791 0.0164619 0.026934 0.0248714
0 0.543347 0.384185 0.017888 0.025458 0.0247731
0 0.0901907 0.463883 0.0198408 0.0441234 0.0247068
0 0.809882 0.371177 0.115524 0.110864 0.0246619
0 0.82425 0.367974 0.182031 0.174532 0.0246082
0 0.4614 0.416676 0.010525 0.0172796 0.024583
0 0.984437 0.353448 0.0331894 0.0943801 0.0243986
0 0.0719049 0.412667 0.0859903 0.0825407 0.0240759
0 0.225352 0.417628 0.0240786 0.0239427 0.0240412
0 0.864461 0.346172 0.0845255 0.0799455 0.0240014
0 0.583921 0.345816 0.0321903 0.0532507 0.0238555
0 0.629869 0.420207 0.0896655 0.101087 0.0237227
0 0.582174 0.474297 0.0977122 0.178566 0.0236896
0 0.831601 0.347655 0.0503241 0.0829449 0.0236566
0 0.372784 0.41047 0.0122678 0.0187047 0.0236529
0 0.921868 0.373054 0.115855 0.102281 0.0235873
0 0.879912 0.307895 0.0416422 0.0628533 0.023493
0 0.375997 0.410937 0.0107785 0.0177418 0.0233454
0 0.447552 0.325004 0.0213902 0.0335194 0.023097
0 0.727172 0.361693 0.0613045 0.0867748 0.0230947
0 0.0663203 0.382542 0.0946961 0.115505 0.0230127
0 0.841177 0.352918 0.0421213 0.068107 0.0228955
0 0.848697 0.389637 0.0613909 0.0482834 0.0228601
0 0.125016 0.626661 0.154544 0.312387 0.0228591
0 0.601244 0.328288 0.0587877 0.0910675 0.0226565
0 0.350161 0.4386 0.0132999 0.0197719 0.022594
0 0.116379 0.0272496 0.023503 0.0290356 0.022514
0 0.683978 0.39241 0.0407375 0.0569774 0.0224999
0 0.597218 0.41848 0.105832 0.108122 0.0223749
0 0.590151 0.350319 0.0334327 0.0730949 0.0222684
0 0.914716 0.404299 0.0863285 0.0601484 0.0221701
0 0.665607 0.447653 0.0771495 0.134105 0.0221331
0 0.123145 0.414273 0.12852 0.107541 0.0220763
0 0.876524 0.324252 0.0555153 0.0650767 0.0218596
0 0.700826 0.450702 0.0280148 0.0807403 0.0218317
0 0.800203 0.286417 0.0340818 0.0614081 0.0217693
0 0.509833 0.455898 0.0237201 0.0585553 0.0216601
0 0.989894 0.422134 0.0208895 0.0936128 0.0216593
0 0.838849 0.38833 0.042515 0.037499 0.0216336
0 0.975226 0.224928 0.0496185 0.230917 0.0213983
0 0.989944 0.07826 0.0194031 0.0939268 0.0212117
0 0.636434 0.439991 0.0657599 0.111701 0.021075
0 0.499873 0.348759 0.0148442 0.0255976 0.0210486
0 0.423684 0.424711 0.0123421 0.0268854 0.0208772
0 0.127889 0.42192 0.0525235 0.0657165 0.0206723
0 0.791709 0.427885 0.10668 0.0996429 0.0204606
0 0.334115 0.4393 0.0118823 0.0181044 0.0204408
0 0.672741 0.391258 0.0401772 0.0514877 0.0203995
0 0.739717 0.359456 0.0614906 0.0578963 0.0203932
0 0.406393 0.667195 0.0643018 0.0984962 0.0203258
0 0.0525038 0.362579 0.0705226 0.0944261 0.0203096
0 0.877557 0.325838 0.0439545 0.0492654 0.0200318
0 0.826162 0.317979 0.0628914 0.110439 0.01992
0 0.865916 0.322721 0.0755169 0.078512 0.0199194
0 0.0360686 0.35236 0.0549451 0.0905284 0.0198495
0 0.185518 0.705471 0.0570634 0.0903154 0.019813
0 0.961611 0.223517 0.0769251 0.258712 0.0197872
0 0.984616 0.318121 0.0296457 0.0493763 0.0197652
0 0.653263 0.387067 0.0689702 0.0630366 0.0196975
0 0.843243 0.315322 0.0422823 0.0705718 0.0194917
0 0.116847 0.308533 0.0553349 0.0653391 0.0194617
0 0.655458 0.420087 0.108358 0.109709 0.0193481
0 0.616241 0.440873 0.0748944 0.117657 0.0192682
