0 0.514293 0.431363 0.0640628 0.0878097 0.891368
0 0.28491 0.432914 0.0466901 0.0570901 0.858083
0 0.444365 0.415425 0.0244222 0.0365155 0.829646
0 0.311488 0.423155 0.0231643 0.0451976 0.659335
0 0.327187 0.421043 0.0216608 0.0363449 0.619518
0 0.479981 0.424547 0.0261728 0.0565616 0.580585
0 0.345483 0.415821 0.0255505 0.0344659 0.571617
0 0.466776 0.420916 0.0219712 0.0481521 0.548055
0 0.369906 0.411477 0.0242664 0.0255357 0.52909
0 0.423201 0.409181 0.0163999 0.0228857 0.384753
0 0.429024 0.411232 0.0128822 0.0234567 0.332361
0 0.364333 0.412008 0.0156785 0.0230787 0.320359
0 0.375238 0.412703 0.0152518 0.0211411 0.31321
0 0.383036 0.410405 0.0152749 0.0208793 0.309721
0 0.413963 0.410376 0.0124593 0.0184096 0.274307
0 0.352302 0.416188 0.0152665 0.0265222 0.27227
0 0.376986 0.408989 0.0225757 0.0276904 0.269709
0 0.418213 0.408774 0.018181 0.0215225 0.260501
0 0.433886 0.412198 0.0165407 0.0280557 0.258726
0 0.423068 0.411502 0.0122773 0.0182432 0.247723
0 0.381196 0.412984 0.0127441 0.0182216 0.24237
0 0.412256 0.40755 0.0113569 0.0184731 0.218475
0 0.37168 0.411911 0.0124161 0.0193323 0.217149
0 0.462152 0.421403 0.0168766 0.0409924 0.214547
0 0.356037 0.41111 0.0143885 0.0251604 0.211183
0 0.331018 0.421592 0.0176088 0.0286513 0.210993
0 0.426093 0.411406 0.0117647 0.0220295 0.200158
0 0.475355 0.424085 0.0186685 0.0507025 0.19094
0 0.439959 0.414054 0.0151507 0.0334276 0.186187
0 0.338663 0.419855 0.0146512 0.0259412 0.183383
0 0.431191 0.416394 0.0149343 0.0284033 0.180745
0 0.456623 0.420979 0.0141068 0.0326947 0.161037
0 0.5625 0.357653 0 0.0624446 0.16023
0 0.454144 0.415848 0.0154038 0.0329532 0.148682
0 0.405761 0.41122 0.0132695 0.0189786 0.143193
0 0.36394 0.428414 0.0139095 0.0254824 0.114819
0 0.4745 0.423562 0.0135008 0.0322984 0.110291
0 0.488219 0.422548 0.0291591 0.0629328 0.109093
0 0.351022 0.410567 0.0176746 0.0269183 0.104808
0 0.41197 0.422519 0.0133196 0.0236966 0.101812
0 0.318824 0.425329 0.0201656 0.0356455 0.101186
0 0.5625 0.346861 0 0.10556 0.0950478
0 0.483926 0.425991 0.0177379 0.0418775 0.0892646
0 0.302888 0.415889 0.0437209 0.0685948 0.0809468
0 0.0344439 0.934861 0.0688877 0.130279 0.0767117
0 0.5625 0.378579 0 0.139585 0.0755426
0 0.468319 0.410157 0.0174767 0.0323463 0.0747165
0 0.5625 0.359074 0 0.064738 0.0715982
0 0.474582 0.410692 0.0198111 0.031219 0.0669744
0 0.5625 0.357679 0 0.0494644 0.065778
0 0.302683 0.424241 0.0205192 0.0328061 0.0657376
0 0.48222 0.408574 0.0192698 0.0279747 0.0593785
0 0.485682 0.420762 0.0147023 0.0304687 0.0578128
0 0.00355276 0.453334 0.00761048 0.0849002 0.0576053
0 0.99128 0.385306 0.0200584 0.113275 0.0551004
0 0.330401 0.412824 0.0144078 0.0237951 0.0520012
0 0.312531 0.427974 0.0150574 0.0372779 0.0506103
0 0.940742 0.361362 0.122857 0.13995 0.0460114
0 0.336209 0.414739 0.0142972 0.0251132 0.0451692
0 0.47965 0.430932 0.0181347 0.049954 0.0433666
0 0.961542 0.361876 0.0372566 0.0538612 0.0410631
0 0.413862 0.375994 0.0133343 0.0205817 0.0397828
0 0.00343495 0.473184 0.00737264 0.0489334 0.0393772
0 0.316292 0.411154 0.0143827 0.0231031 0.0369308
0 0.00573974 0.458022 0.0122427 0.0636606 0.0351538
0 0.305636 0.401419 0.0288459 0.0456283 0.0350874
0 0.986358 0.333738 0.0257742 0.0835956 0.0347158
0 0.279494 0.437936 0.0187027 0.0279301 0.0345972
0 0.277258 0.434079 0.0298225 0.0454543 0.0342741
0 0.567473 0.468569 0.029126 0.0309243 0.0341138
0 0.260856 0.434697 0.0155767 0.0240154 0.0339656
0 0.0074548 0.46708 0.0142558 0.0668092 0.0337713
0 0.00367557 0.482786 0.00848932 0.0495178 0.0329769
0 0.232292 0.441221 0.0600118 0.0674109 0.0327705
0 0.8396 0.423828 0.0667456 0.069033 0.0325452
0 0.428452 0.387194 0.0120233 0.019155 0.0320858
0 0.00541965 0.433964 0.0122496 0.117968 0.0320787
0 0.90545 0.262626 0.0496174 0.0636141 0.031948
0 0.0494183 0.902748 0.0962812 0.202863 0.0319477
0 0.715668 0.356533 0.0702729 0.112486 0.0315399
0 0.0193376 0.460443 0.0376146 0.078136 0.0314884
0 0.236287 0.437998 0.0431982 0.0536647 0.0301737
0 0.970394 0.417242 0.0581709 0.0872019 0.0293525
0 0.0675788 0.470002 0.0430012 0.0446104 0.0286594
0 0.384552 0.412002 0.0112105 0.0166136 0.0285287
0 0.778372 0.412041 0.051788 0.0731632 0.0283924
0 0.412318 0.332157 0.020407 0.0337899 0.0282213
0 0.0840622 0.464793 0.0685835 0.064429 0.0280022
0 0.408136 0.325645 0.0194538 0.0303406 0.02771
0 0.433961 0.388853 0.0130441 0.0189661 0.0276654
0 0.304658 0.428248 0.0141753 0.0359128 0.0276628
0 0.324892 0.427226 0.0143934 0.0309458 0.0276508
0 0.049758 0.312692 0.0429885 0.0432773 0.02763
0 0.370817 0.35771 0.0244958 0.0355587 0.0273882
0 0.292821 0.379993 0.0423566 0.0571023 0.0272611
0 0.287049 0.417662 0.0308184 0.0480903 0.0272348
0 0.267189 0.438261 0.020773 0.0334451 0.0270048
0 0.268032 0.429431 0.0251764 0.0396865 0.0268899
0 0.116744 0.429952 0.0468618 0.0711719 0.0265994
0 0.341627 0.424526 0.0155868 0.024736 0.0263422
0 0.446636 0.420237 0.015806 0.0271352 0.0260838
0 0.411864 0.379456 0.010821 0.0164938 0.0258116
0 0.0267539 0.392134 0.0514018 0.12754 0.0254499
0 0.810935 0.372641 0.113095 0.152375 0.0252415
0 0.0631865 0.782529 0.109269 0.215262 0.0252242
0 0.495521 0.380478 0.0380901 0.0713022 0.024945
0 0.0430636 0.858043 0.0836984 0.222326 0.0247695
0 0.384905 0.365629 0.0212972 0.0297613 0.0246553
0 0.965214 0.32404 0.0614779 0.0706071 0.0244275
0 0.941757 0.339398 0.0920155 0.0978653 0.0235958
0 0.406993 0.384459 0.012397 0.018949 0.0235371
0 0.96468 0.39108 0.0447151 0.107714 0.0235029
0 0.540581 0.446864 0.0360992 0.0514748 0.0234412
0 0.0177006 0.938551 0.0345232 0.14092 0.023405
0 0.969536 0.335307 0.064879 0.193321 0.0233164
0 0.536801 0.472756 0.0398828 0.0837041 0.02325
0 0.435871 0.415065 0.0108674 0.0200508 0.022956
0 0.498975 0.404848 0.0428171 0.0567443 0.0225375
0 0.868545 0.37676 0.127439 0.15949 0.0225191
0 0.556479 0.438718 0.0370505 0.0562859 0.0225173
0 0.256506 0.435836 0.0232646 0.0389454 0.0225122
0 0.787575 0.371643 0.0834975 0.145622 0.0224321
0 0.285829 0.433051 0.0255594 0.0301414 0.0222844
0 0.693898 0.211799 0.0283917 0.0422454 0.0221912
0 0.247946 0.390926 0.13522 0.160945 0.0221836
0 0.823282 0.4336 0.0408165 0.0620606 0.0220265
0 0.0259455 0.440117 0.0501485 0.119186 0.0218917
0 0.428777 0.413791 0.0103234 0.0163951 0.0218673
0 0.46614 0.426461 0.0165211 0.0433 0.0217861
0 0.0499509 0.81304 0.0938132 0.22018 0.0216714
0 0.696067 0.344618 0.0265985 0.0564901 0.0216204
0 0.268932 0.443404 0.0170193 0.0285149 0.0215631
0 0.425559 0.336906 0.01997 0.0377733 0.0212701
0 0.903234 0.368357 0.0855473 0.139815 0.0211727
0 0.533656 0.426028 0.0497278 0.0869386 0.020888
0 0.553127 0.450161 0.0276976 0.0469937 0.0208605
0 0.726847 0.350061 0.052242 0.0904876 0.0208337
0 0.782595 0.393829 0.0646767 0.104916 0.0208157
0 0.363071 0.355315 0.0289622 0.0441888 0.0207777
0 0.0425666 0.962504 0.0460842 0.0722287 0.0207776
0 0.80105 0.417827 0.055917 0.0719326 0.0207569
0 0.24875 0.416104 0.0700927 0.101224 0.0205488
0 0.0635742 0.364613 0.11646 0.185752 0.0204972
0 0.398805 0.412632 0.0111635 0.0169548 0.0204372
0 0.915864 0.41043 0.093391 0.102291 0.0204275
0 0.804319 0.433375 0.0409945 0.0531706 0.0203183
0 0.439673 0.386089 0.0165831 0.0230751 0.0202584
0 0.740565 0.369034 0.113318 0.148176 0.0202444
0 0.555126 0.463681 0.0274081 0.0359217 0.0202197
0 0.0862645 0.437372 0.080583 0.0969439 0.0201489
0 0.989634 0.41053 0.0230915 0.0907901 0.0201328
0 0.690677 0.247202 0.0413067 0.0801947 0.0201165
0 0.836584 0.389235 0.0846076 0.127334 0.0199066
0 0.39781 0.331569 0.0203694 0.0311323 0.0198843
0 0.680915 0.251744 0.0270721 0.0648624 0.0196363
0 0.313912 0.482819 0.0368895 0.0623448 0.0195398
0 0.56047 0.568676 0.0423347 0.0739132 0.0194928
0 0.719536 0.418585 0.0852823 0.0930498 0.0190069
0 0.0455465 0.322132 0.0537863 0.0566531 0.0189908
0 0.0497051 0.951023 0.0690986 0.108957 0.0189236
0 0.970251 0.265915 0.056739 0.102337 0.0186596
0 0.0699786 0.936117 0.12099 0.136438 0.0186389
0 0.380809 0.330966 0.0215971 0.0348678 0.0186251
0 0.413153 0.414115 0.0109019 0.0167258 0.0185914
0 0.553616 0.494906 0.0297238 0.0596554 0.0184083
0 0.276746 0.369557 0.0346796 0.0540836 0.0183815
0 0.57587 0.405109 0.0358684 0.0755407 0.0183782
0 0.592092 0.429027 0.0770167 0.0884906 0.0183464
0 0.90333 0.323555 0.0482349 0.0551178 0.0181979
0 0.712611 0.433352 0.0737111 0.0739472 0.0179002
0 0.722719 0.332579 0.0467228 0.0702859 0.0176823
0 0.707839 0.33453 0.0466331 0.0777711 0.0175781
0 0.214105 0.458247 0.0397807 0.0492176 0.0174565
0 0.0641978 0.406829 0.0890072 0.136065 0.0172866
0 0.197136 0.435834 0.0686572 0.0772909 0.0171972
0 0.554534 0.422332 0.042959 0.0745086 0.0171471
0 0.440296 0.331038 0.0244098 0.0473647 0.0169389
0 0.968554 0.289657 0.0667004 0.142967 0.0169343
0 0.952766 0.307871 0.093334 0.2017 0.0169162
0 0.222187 0.426533 0.0447453 0.0769796 0.0169058
0 0.369736 0.328642 0.0240671 0.0383969 0.0169035
0 0.269222 0.474482 0.0331258 0.0498373 0.0168445
0 0.7817 0.364806 0.0529489 0.116663 0.0167901
0 0.922041 0.265025 0.0331829 0.0534178 0.0167012
0 0.0712996 0.413154 0.0492701 0.0961729 0.0166558
0 0.501512 0.375542 0.0214998 0.039728 0.0166266
0 0.474764 0.168558 0.0296155 0.0510569 0.0165792
0 0.562595 0.455736 0.0265025 0.039882 0.0165359
0 0.060965 0.320963 0.0991614 0.138417 0.016527
0 0.881269 0.424626 0.0340298 0.0565384 0.0164692
0 0.54573 0.434801 0.0275186 0.0604383 0.0164456
0 0.036141 0.306637 0.0606603 0.0699184 0.0163941
0 0.252336 0.445836 0.0306682 0.0390898 0.0163584
0 0.218673 0.413107 0.0761355 0.109918 0.0163581
0 0.89782 0.420101 0.080739 0.0813015 0.0163189
0 0.0830706 0.771481 0.109359 0.16735 0.0162909
0 0.063352 0.442582 0.0736589 0.0928754 0.0162662
0 0.697454 0.328544 0.0340557 0.0671115 0.0161901
0 0.350258 0.359007 0.0258739 0.0435368 0.0161686
0 0.574714 0.44366 0.0387609 0.0557309 0.0161577
0 0.111102 0.391295 0.0411375 0.0620093 0.0161348
0 0.737715 0.326089 0.041416 0.0574429 0.016092
0 0.907696 0.385385 0.0511139 0.135526 0.0158946
0 0.061981 0.355623 0.0471047 0.0605456 0.0158622
0 0.0747294 0.445118 0.0565592 0.0779808 0.0157307
0 0.233572 0.45164 0.0361269 0.0464235 0.0157255
0 0.980996 -0.0124013 0.0376354 0.0439237 0.015588
0 0.81732 0.41623 0.0635622 0.0725261 0.0155808
0 0.0367031 0.464886 0.0587889 0.0819672 0.015484
0 0.456997 0.378462 0.0232581 0.0349353 0.015438
0 0.317791 0.341385 0.0496817 0.0706986 0.015414
0 0.117743 0.718698 0.0597168 0.0715714 0.0153766
0 0.0883865 0.32456 0.0410972 0.0535534 0.0153732
0 0.727482 0.356423 0.0372694 0.0688744 0.0153535
0 0.697028 0.219896 0.0301621 0.0461997 0.0153276
0 0.933793 0.283026 0.103335 0.148174 0.0152851
0 0.0329044 0.852902 0.0602247 0.172723 0.0152782
0 0.0188597 0.812199 0.0332948 0.138509 0.0152557
0 0.936971 0.300567 0.0279165 0.0340172 0.0152501
0 0.0358059 0.409653 0.0630829 0.151787 0.0152445
0 0.0718269 0.378874 0.039472 0.0512616 0.0152189
0 0.53077 0.413945 0.0293317 0.0566971 0.0151712
0 0.561953 0.47615 0.0194652 0.0241873 0.0151548
0 0.476675 0.160895 0.0229794 0.0378702 0.015141
0 0.583796 0.400928 0.03736 0.0753281 0.0150755
0 0.186113 0.462406 0.0426736 0.054258 0.0150257
0 0.97134 0.233815 0.0643343 0.266127 0.0150119
0 0.440882 0.288184 0.0267066 0.0418992 0.0149394
0 0.220051 0.452096 0.0379342 0.0488555 0.0148766
0 0.242502 0.429657 0.0373774 0.0580168 0.0148732
0 0.0128737 0.388443 0.0236711 0.15241 0.0147621
0 0.558057 0.407941 0.0409063 0.0824832 0.014759
0 0.116504 0.416552 0.0346151 0.0564706 0.0147494
0 0.704872 0.355165 0.040093 0.0874563 0.0147177
0 0.636291 0.428663 0.0681815 0.0767482 0.0147013
0 0.189917 0.449051 0.0418965 0.0506147 0.0146807
0 0.785138 0.42289 0.0589367 0.0680722 0.0146753
0 0.685258 0.215376 0.0332471 0.0483864 0.0145492
0 0.0162103 0.7712 0.0317844 0.176481 0.0144411
0 0.231948 0.595804 0.0445344 0.0691138 0.0143531
0 0.0489478 0.297436 0.047088 0.0665593 0.014234
0 0.468923 0.282867 0.040941 0.0548044 0.0142183
0 0.913556 0.406475 0.0597851 0.0933575 0.0141964
0 0.758286 0.382761 0.0832842 0.120464 0.0141934
0 0.504417 0.415841 0.0557503 0.079108 0.0141614
0 0.163413 0.102619 0.0441528 0.0843675 0.0141117
0 0.465514 0.313255 0.0535014 0.0849471 0.0140697
0 0.127757 0.458206 0.0452366 0.0562369 0.0140196
0 0.573287 0.420967 0.0302137 0.0608318 0.014019
0 0.0123407 0.947597 0.0253343 0.0997706 0.0139972
0 0.650294 0.426906 0.0467648 0.0600136 0.013984
0 0.590173 0.290534 0.0423636 0.0646942 0.0139685
0 0.609443 0.402363 0.0805412 0.106654 0.0139548
0 0.491871 0.451782 0.0144588 0.026424 0.0139481
0 0.265347 0.405082 0.0242843 0.0527762 0.0139421
0 0.101777 0.323995 0.0427538 0.0586924 0.0137649
0 0.504893 0.249572 0.0722625 0.106727 0.0137289
0 0.715948 0.381725 0.0806747 0.130316 0.0136877
0 0.357407 0.320857 0.0281334 0.0490658 0.0136629
0 0.19583 0.406376 0.0880343 0.119103 0.0136621
0 0.781248 0.262413 0.0301966 0.0460654 0.0136113
0 0.505227 0.399922 0.0207788 0.0303869 0.0135985
0 0.779123 0.336834 0.0489492 0.0814197 0.0135962
0 0.662237 0.254585 0.053724 0.0844245 0.0135942
0 0.00530428 0.538607 0.0131515 0.0914169 0.0135186
0 0.0359573 0.42848 0.0413596 0.0889497 0.0134922
0 0.581548 0.418826 0.0369908 0.0682028 0.0134818
0 0.0708392 0.452245 0.0437682 0.0557809 0.0134776
0 0.541559 0.412141 0.0459751 0.0920314 0.0134597
0 0.851632 0.0839724 0.0563507 0.0974262 0.0133938
0 0.00718132 0.787385 0.0158276 0.100821 0.0133927
0 0.683384 0.232201 0.0320657 0.0620339 0.0133571
0 0.567938 0.478926 0.0275994 0.0263841 0.0133566
0 0.153239 0.42646 0.0418782 0.075715 0.0133557
0 0.769301 0.372648 0.0448914 0.0862996 0.0133502
0 0.280217 0.441007 0.0281884 0.0361443 0.0133141
0 0.114776 0.37631 0.028014 0.0373255 0.0132557
0 0.76789 0.333024 0.0535039 0.081153 0.0132486
0 0.946706 0.257395 0.0337212 0.0563708 0.0132445
0 0.22021 0.572354 0.0530559 0.0855381 0.0131849
0 0.658343 0.433251 0.0391777 0.0518894 0.0131757
0 0.950104 0.274648 0.0326374 0.0522316 0.0131477
0 0.211636 0.438791 0.0434512 0.0581623 0.0131088
0 0.704373 -0.00630451 0.0719383 0.0514475 0.0131087
0 0.900332 0.420705 0.0560135 0.0691465 0.0131071
0 0.231955 0.623527 0.0567351 0.0743057 0.0131036
0 0.187947 0.439796 0.112414 0.13907 0.0130949
0 0.00880308 0.342234 0.0174527 0.0790511 0.0130648
0 0.0214969 0.36558 0.0410257 0.103345 0.0130102
0 0.475424 0.186486 0.0300385 0.0692338 0.0130091
0 0.196348 0.429638 0.0449019 0.0713669 0.0130042
0 0.90484 0.342181 0.0558056 0.0931349 0.0130011
0 0.537398 0.434685 0.0369208 0.0632056 0.012985
0 0.335088 0.353027 0.0352508 0.0552308 0.0129782
0 0.471231 0.256428 0.0313466 0.0415952 0.0129338
0 0.0807575 0.439026 0.12153 0.175124 0.0129276
0 0.0807768 0.34923 0.0421913 0.0544485 0.0128968
0 0.508681 -0.00689262 0.0656972 0.0497053 0.0128853
0 0.238727 0.575751 0.0356572 0.0627419 0.0128733
0 0.59372 0.351972 0.046902 0.0564521 0.0128074
