0 0.428441 0.574542 0.268119 0.465539 0.848588
0 0.294685 0.443199 0.0274666 0.0291245 0.589856
0 0.317838 0.437576 0.0222281 0.0300047 0.582394
0 0.338051 0.43843 0.0193641 0.0234649 0.423876
0 0.5625 0.381391 0 0.0616385 0.276498
0 0.343509 0.439648 0.0131315 0.0186232 0.269309
0 0.289915 0.443918 0.0194216 0.0237664 0.255864
0 0.322636 0.441354 0.014496 0.022776 0.244782
0 0.349171 0.434444 0.0215093 0.0297571 0.239328
0 0.353014 0.430261 0.0200069 0.0332417 0.235635
0 0.310455 0.440768 0.0165911 0.0230418 0.219611
0 0.34789 0.435635 0.0151761 0.0232478 0.201672
0 0.304586 0.443756 0.015412 0.0217639 0.189294
0 0.329974 0.440283 0.0139724 0.0212404 0.17794
0 0.219804 0.452451 0.0232891 0.0370872 0.164622
0 0.326347 0.438806 0.0147444 0.0213101 0.162924
0 0.290597 0.446227 0.0141448 0.0195369 0.148998
0 0.319759 0.447176 0.014306 0.0214536 0.147894
0 0.355961 0.4257 0.0209559 0.0379335 0.144648
0 0.5625 0.384816 0 0.0759808 0.14375
0 0.337333 0.441496 0.0128355 0.0210782 0.141452
0 0.5625 0.448102 0 0.196638 0.140965
0 0.288416 0.444576 0.027673 0.032074 0.140102
0 0.354303 0.427973 0.0134277 0.0245422 0.128252
0 0.34932 0.42899 0.0126587 0.020821 0.128115
0 0.316902 0.441085 0.0154536 0.0209305 0.123737
0 0.319053 0.432539 0.0187993 0.0234518 0.10944
0 0.5625 0.392513 0 0.298055 0.108373
0 0.351385 0.434828 0.0121205 0.0213514 0.0942612
0 0.5625 0.279011 0 0.546373 0.0905731
0 0.5625 0.372133 0 0.0878632 0.0899632
0 0.332704 0.437889 0.0124503 0.0188353 0.0850424
0 0.362646 0.427702 0.024554 0.0327565 0.0777952
0 0.334065 0.441282 0.0111001 0.0173219 0.0768934
0 0.359009 0.414876 0.0189254 0.031724 0.0731401
0 0.200684 0.436254 0.0544594 0.0607545 0.0719587
0 0.441389 0.411013 0.170155 0.144749 0.0714253
0 0.256982 0.417549 0.0492523 0.0641026 0.0672094
0 0.30108 0.451375 0.0174718 0.0290819 0.0665081
0 0.5625 0.386793 0 0.0680566 0.0664857
0 0.249238 0.43838 0.0340867 0.0395275 0.0645258
0 0.278925 0.442006 0.0406347 0.0384453 0.0638587
0 0.358024 0.411193 0.0152354 0.0194544 0.0610959
0 0.5625 0.393157 0 0.0352838 0.0600733
0 0.5625 0.391973 0 0.0383953 0.0596148
0 0.218888 0.443765 0.0225583 0.0319095 0.0559236
0 0.5625 0.397294 0 0.0298164 0.0541042
0 0.366569 0.424335 0.0165525 0.0251695 0.0537605
0 0.176605 0.441855 0.0215319 0.0403799 0.053444
0 0.5625 0.410856 0 0.0437495 0.0534135
0 0.181194 0.449421 0.051548 0.0649895 0.0521852
0 0.898033 0.367294 0.167455 0.258647 0.0504252
0 0.771455 0.371952 0.0695601 0.103833 0.0501045
0 0.833222 0.389794 0.1119 0.110572 0.0491406
0 0.232612 0.449171 0.039661 0.0456391 0.0487403
0 0.939906 0.489233 0.112508 0.12139 0.0486626
0 0.250632 0.428331 0.0408396 0.0587044 0.0485302
0 0.965841 0.475505 0.0666195 0.14716 0.0472186
0 0.869959 0.397577 0.128351 0.170032 0.0468972
0 0.18622 0.437641 0.0302953 0.0445006 0.0468202
0 0.2021 0.450309 0.0549332 0.0563552 0.0467743
0 0.774583 0.400433 0.02002 0.0277524 0.0451085
0 0.368538 0.391512 0.0226631 0.0342886 0.0446826
0 0.511044 0.334052 0.0192339 0.022487 0.044416
0 0.325338 0.444769 0.0117324 0.0174021 0.0435993
0 0.240135 0.462469 0.0370753 0.0395104 0.0428651
0 0.863954 0.189522 0.222553 0.381958 0.0428452
0 0.491701 0.333269 0.0386437 0.0264901 0.0423823
0 0.173934 0.449232 0.0284692 0.0462372 0.0412839
0 0.00876867 0.41718 0.0180116 0.031947 0.0412523
0 0.480776 0.396603 0.103579 0.112573 0.0403966
0 0.974898 0.491815 0.0508739 0.11496 0.0399619
0 0.761315 0.403425 0.079025 0.0916874 0.0397757
0 0.253971 0.404066 0.0565655 0.0941041 0.0393195
0 0.442527 0.319272 0.027036 0.0365621 0.0388154
0 0.4648 0.340213 0.0683288 0.031491 0.0387505
0 0.166919 0.452259 0.0353189 0.0559712 0.0386411
0 0.794022 0.404296 0.0383894 0.0759526 0.0385408
0 0.51946 0.329311 0.021359 0.0344627 0.0383381
0 0.478376 0.436097 0.130104 0.138143 0.0382869
0 0.170029 0.355857 0.049922 0.0406849 0.0376811
0 0.453231 0.315455 0.0410946 0.0491538 0.0373547
0 0.465175 0.315721 0.0584579 0.0550663 0.0370824
0 0.985808 0.482885 0.0286177 0.128747 0.0370753
0 0.415755 0.424216 0.0702845 0.0938719 0.0366679
0 0.818707 0.4096 0.104542 0.146709 0.0364204
0 0.248683 0.377292 0.039821 0.0567926 0.0363632
0 0.360607 0.404631 0.019171 0.0284369 0.0361693
0 0.272661 0.448604 0.0159787 0.0224305 0.0361478
0 0.183523 0.40069 0.0185521 0.0297471 0.0361215
0 0.231409 0.456688 0.0294859 0.0375365 0.0356921
0 0.230101 0.432016 0.0457017 0.0665219 0.0352935
0 0.486503 0.330289 0.053038 0.0318984 0.0350973
0 0.375008 0.408974 0.032265 0.0435744 0.0348819
0 0.337036 0.450017 0.016018 0.0231504 0.0339477
0 0.200346 0.416883 0.0503867 0.0569512 0.0338148
0 0.736464 0.397066 0.0299191 0.0614997 0.0335992
0 0.475693 0.429111 0.104822 0.0979724 0.0332409
0 0.252175 0.389915 0.0379574 0.0593721 0.0331784
0 0.723727 0.425622 0.0170123 0.0467668 0.0330946
0 0.247322 0.451665 0.0335424 0.0341238 0.0330839
0 0.409328 0.415803 0.118539 0.120143 0.0330375
0 0.381682 0.413495 0.0473095 0.0625148 0.0328657
0 0.433648 0.427626 0.0341894 0.0628629 0.0323662
0 0.628577 0.646568 0.159642 0.271998 0.0318055
0 0.661685 0.351297 0.125467 0.198718 0.0315889
0 0.0145456 0.427427 0.0272521 0.0498059 0.0314841
0 0.687347 0.421254 0.0896662 0.0865718 0.0310329
0 0.264215 0.430868 0.0208366 0.0337289 0.0310014
0 0.0149279 0.417263 0.0292869 0.0343849 0.0307918
0 0.446526 0.427933 0.0397354 0.0625816 0.0307633
0 0.39795 0.427285 0.0855526 0.0999386 0.0307419
0 0.492609 0.349068 0.060531 0.0246904 0.0306418
0 0.342377 0.451133 0.0164456 0.0267231 0.0305142
0 0.0209276 0.418408 0.0405504 0.0451497 0.0304554
0 0.846465 0.314746 0.150168 0.268132 0.0304363
0 0.446302 0.401972 0.113959 0.117166 0.0303332
0 0.0669143 0.0867631 0.0597583 0.0762402 0.0302184
0 0.263228 0.425296 0.0706534 0.0955114 0.030197
0 0.25422 0.448585 0.0252409 0.0278301 0.0300933
0 0.819939 0.382466 0.0523598 0.0784685 0.0298415
0 0.508859 0.343705 0.0286133 0.0233707 0.0296442
0 0.275081 0.30497 0.0344872 0.0298332 0.0294536
0 0.292392 0.429962 0.0222518 0.0249239 0.0293762
0 0.479051 0.321687 0.051491 0.0476503 0.0293373
0 0.393071 0.40423 0.0499738 0.058906 0.0290674
0 0.510371 0.323576 0.0181436 0.0307297 0.0289761
0 0.224916 0.465434 0.0208786 0.0340112 0.028956
0 0.70057 0.426875 0.0593356 0.0710146 0.0288794
0 0.447462 0.34829 0.0639663 0.0395215 0.0285899
0 0.491901 0.326136 0.0318246 0.0331885 0.0283506
0 0.373597 0.382734 0.0269969 0.0377114 0.0282391
0 0.679212 0.403619 0.102207 0.113819 0.028019
0 0.143178 0.237848 0.217516 0.401392 0.0280041
0 0.960157 0.369783 0.0711729 0.281547 0.0278482
0 0.837596 0.345723 0.107165 0.183321 0.0276953
0 0.820181 0.417573 0.0551453 0.114613 0.0276595
0 0.540239 0.330633 0.0346136 0.0372194 0.0275234
0 0.221208 0.233008 0.0226041 0.0433034 0.0274802
0 0.360517 0.448955 0.0532896 0.0750038 0.0274177
0 0.354606 0.416187 0.015175 0.0224914 0.0271161
0 0.482555 0.370285 0.106131 0.0630688 0.0271013
0 0.179164 0.378379 0.0284955 0.0282769 0.0269937
0 0.397843 0.698037 0.167556 0.152394 0.0268806
0 0.376106 0.428252 0.0449638 0.0618192 0.0267961
0 0.98585 0.444117 0.0278547 0.172219 0.0267308
0 0.532122 0.32974 0.0270702 0.0396525 0.0266747
0 0.419151 0.201765 0.0288224 0.0365172 0.0264038
0 0.709914 0.42958 0.0395379 0.0629797 0.0263967
0 0.345987 0.402333 0.025716 0.0340759 0.0263489
0 0.381862 0.647628 0.167955 0.241294 0.0263
0 0.526587 0.418912 0.159548 0.132468 0.0261141
0 0.48317 0.351041 0.0887572 0.0256616 0.0260364
0 0.601864 0.346658 0.0254285 0.0345361 0.0260239
0 0.0833417 0.45262 0.0473826 0.0599442 0.0259889
0 0.435767 0.440338 0.0391615 0.0683372 0.0258203
0 0.496238 0.420253 0.0923905 0.101994 0.025643
0 0.187115 0.386848 0.0344445 0.0315553 0.0254183
0 0.556714 0.329236 0.0497438 0.0496226 0.0253646
0 0.758048 0.364964 0.072097 0.123069 0.0253481
0 0.481472 0.33956 0.0734302 0.032632 0.0253452
0 0.976743 0.447218 0.0471725 0.205462 0.0253028
0 0.244399 0.456852 0.0202205 0.0236861 0.0253006
0 0.469891 0.224563 0.0207558 0.0317693 0.0252795
0 0.668149 0.421192 0.0720226 0.091704 0.0252133
0 0.466345 0.484761 0.141567 0.164419 0.0251535
0 0.562261 0.33487 0.0372984 0.0404601 0.0250694
0 0.560373 0.42189 0.163011 0.149584 0.0250474
0 0.741678 0.424243 0.0452522 0.0674154 0.0249676
0 0.169258 0.366727 0.0360888 0.0321771 0.0249428
0 0.0260214 0.458607 0.0548235 0.144495 0.0248525
0 0.871861 0.413507 0.0797024 0.13831 0.0246227
0 0.459939 0.440046 0.0896632 0.0924366 0.0245788
0 0.311259 0.446682 0.0129918 0.0184708 0.0244156
0 0.00808448 0.427007 0.0164004 0.0482708 0.0243754
0 0.357562 0.448316 0.019658 0.0300517 0.0243581
0 0.383048 0.364019 0.0289624 0.0376188 0.0243492
0 0.30991 0.388985 0.0640284 0.0877117 0.0242327
0 0.0860817 0.426484 0.0360735 0.0279787 0.0241256
0 0.824056 0.421406 0.051647 0.0763948 0.0239386
0 0.873828 0.449726 0.0663763 0.118499 0.0237947
0 0.74088 0.381363 0.0372855 0.0834297 0.0237517
0 0.434352 0.380612 0.139794 0.0845591 0.0236285
0 0.725722 0.448493 0.0211165 0.0330057 0.0236083
0 0.318642 0.466913 0.0290681 0.0445723 0.0235143
0 0.00718417 0.404886 0.0140614 0.0337901 0.0232464
0 0.322754 0.390747 0.0529283 0.0766063 0.0232156
0 0.917432 0.492197 0.0754425 0.110262 0.0231915
0 0.931229 0.506996 0.0787687 0.0828802 0.0231076
0 0.514277 0.332062 0.0313064 0.0278264 0.023026
0 0.090637 0.337218 0.0819982 0.0598838 0.0229927
0 0.182979 0.158272 0.28258 0.33016 0.0228421
0 0.324412 0.412548 0.0156173 0.0221787 0.0227658
0 0.462492 0.415407 0.057455 0.079777 0.0226229
0 0.0257271 0.176745 0.0422491 0.0719749 0.0224958
0 0.722145 0.382814 0.0175169 0.0837431 0.0224264
0 0.290953 0.795344 0.0170257 0.0327259 0.0224147
0 0.498282 0.398809 0.0769019 0.0975689 0.0224131
0 0.262806 0.471926 0.0345429 0.0475644 0.0224086
0 0.774773 0.35353 0.0520419 0.111293 0.0223657
0 0.811466 0.351283 0.0895668 0.169078 0.022156
0 0.422801 0.172791 0.0407311 0.064763 0.0219977
0 0.314187 0.315767 0.0302177 0.0390605 0.0219267
0 0.7858 0.370001 0.0240904 0.0451438 0.0219235
0 0.0377878 0.44484 0.0728356 0.116817 0.0218399
0 0.465395 0.217489 0.0338588 0.0437022 0.0217954
0 0.664121 0.619675 0.0979224 0.300022 0.0217564
0 0.437733 0.467746 0.0276478 0.0496192 0.0215676
0 0.0296074 0.488593 0.0616246 0.151205 0.0215541
0 0.0645387 0.863274 0.0400122 0.0570272 0.0215177
0 0.656532 0.14935 0.13208 0.23608 0.0214079
0 0.0216728 0.446132 0.0415963 0.0872427 0.0213998
0 0.060275 0.0918265 0.0870092 0.127554 0.0212471
0 0.0105764 0.414265 0.0237371 0.0594404 0.02116
0 0.290905 0.385605 0.0589334 0.0854685 0.0210491
0 0.594274 0.416718 0.124361 0.136511 0.0208227
0 0.348475 0.670664 0.0914305 0.164331 0.0207544
0 0.0315946 0.422416 0.0592309 0.0677525 0.0206624
0 0.410055 0.201371 0.0286325 0.0364999 0.0205129
0 0.582508 0.449945 0.168002 0.184274 0.0204259
0 0.141817 0.449956 0.0423491 0.05562 0.0203221
0 0.4683 0.243004 0.0331802 0.0515063 0.0203102
0 0.470854 0.251603 0.0198007 0.03813 0.0202806
0 0.454218 0.311143 0.0292874 0.0380401 0.0201937
0 0.426494 0.20255 0.0342856 0.0487097 0.0201701
0 0.00927676 0.450311 0.0183223 0.0566465 0.0201603
0 0.643184 0.39684 0.0650683 0.100449 0.0199986
0 0.4933 0.359881 0.0675743 0.0417901 0.0198635
0 0.795667 0.431729 0.0745011 0.0939592 0.0197782
0 0.179397 0.363952 0.0468069 0.0464878 0.0196729
0 0.331908 0.419095 0.0150341 0.0229509 0.0196614
0 0.760125 0.334132 0.0629875 0.150003 0.0196432
0 0.91669 0.507408 0.0568699 0.075638 0.0196259
0 0.786741 0.149918 0.24644 0.302054 0.0195158
0 0.211804 0.472841 0.0312281 0.0519231 0.0194733
0 0.937482 0.528136 0.11476 0.162165 0.0194542
0 0.730638 0.437623 0.0771727 0.094931 0.0194539
0 0.406531 0.387678 0.0785614 0.076125 0.0194283
0 0.0877186 0.464965 0.0499116 0.0539018 0.0194225
0 0.0147899 0.466084 0.032126 0.107597 0.0193584
0 0.721134 0.291184 0.0191649 0.0787433 0.0193334
0 0.7102 0.363809 0.108029 0.179024 0.0192646
0 0.510783 0.350407 0.0319203 0.0279892 0.0192297
0 0.542294 0.336233 0.0236729 0.0327526 0.0191309
0 0.599778 0.337288 0.0291232 0.0484261 0.0191064
0 0.197251 0.458568 0.0250991 0.0303385 0.0190631
0 0.634206 0.156035 0.167954 0.296016 0.0190221
0 0.659339 0.474248 0.0993335 0.162567 0.0189792
0 0.742363 0.351412 0.124178 0.201053 0.0188906
0 0.79542 0.363616 0.0524785 0.107473 0.0188828
0 0.0374147 0.409065 0.0698284 0.0763953 0.0188582
0 0.0262894 0.478485 0.054738 0.0833161 0.0188356
0 0.922093 0.469489 0.0933748 0.155684 0.0187682
0 0.421769 0.187151 0.0402729 0.0552721 0.0187043
0 0.0414157 0.254845 0.0728687 0.0911087 0.0186788
0 0.427821 0.215785 0.0293707 0.0427776 0.0186729
0 0.0836529 0.430437 0.0426753 0.040655 0.018624
0 0.960557 0.426884 0.0748526 0.186907 0.0185464
0 0.311593 0.34841 0.0383746 0.0543479 0.0185214
0 0.564114 0.348 0.0311225 0.0351591 0.0184167
0 0.419422 0.370075 0.0946707 0.0621718 0.0183663
0 0.290675 0.775877 0.017101 0.0288372 0.0182868
0 0.348454 0.471927 0.0311698 0.046715 0.0182523
0 0.0234232 0.143234 0.045077 0.101515 0.0182413
0 0.919013 0.336148 0.124705 0.219884 0.0182359
0 0.423531 0.463951 0.0467199 0.0797526 0.0181705
0 0.388536 0.204477 0.0298269 0.0387863 0.0181249
0 0.292401 0.463585 0.016588 0.0275819 0.0181082
0 0.395613 0.455219 0.0937041 0.113194 0.0180975
0 0.376012 0.445521 0.0602343 0.0742708 0.0180614
0 0.377474 0.34488 0.0239949 0.037619 0.0180096
0 0.82015 0.35978 0.0607741 0.109145 0.0179231
0 0.164625 0.440166 0.0317587 0.0484582 0.0179117
0 0.443448 0.20259 0.0335516 0.0493639 0.0178569
0 0.403112 0.464361 0.125437 0.166915 0.0178411
0 0.157752 0.411683 0.0407718 0.066524 0.0177841
0 0.45103 0.460276 0.077375 0.0848981 0.0177695
0 0.452493 0.314605 0.0573919 0.0641914 0.0177159
0 0.447383 0.654161 0.0356524 0.0524675 0.0177077
0 0.410272 0.305198 0.054869 0.0827514 0.0176875
0 0.0700889 0.744689 0.116886 0.148765 0.01768
0 0.0365001 0.103866 0.0646183 0.128624 0.0176573
0 0.487723 0.314177 0.0235887 0.033875 0.0176132
0 0.507476 0.506796 0.0939578 0.122202 0.0175944
0 0.174721 0.654116 0.149072 0.203232 0.0175682
0 0.298362 0.449956 0.016137 0.0204111 0.0174978
0 0.412869 0.354364 0.0650917 0.0467379 0.0174738
0 0.466344 0.31139 0.0342542 0.0432177 0.0174573
0 0.278438 0.388241 0.0469952 0.0711251 0.017414
0 0.211452 0.356767 0.0327141 0.0500444 0.01738
0 0.779261 0.317571 0.145956 0.223998 0.0173754
0 0.290249 0.451804 0.0138878 0.0194859 0.0173451
0 0.359967 0.199852 0.0349899 0.0391615 0.0173004
0 0.0287986 0.397551 0.0583237 0.0763239 0.0172755
0 0.41103 0.190302 0.0335138 0.0459487 0.0172441
0 0.269857 0.15456 0.030302 0.0470111 0.017169
0 0.673937 0.634261 0.0632119 0.197712 0.0171498
0 0.626236 0.417254 0.0884058 0.11821 0.017104
0 0.132361 0.344971 0.042507 0.0464757 0.0170983
0 0.402319 0.339023 0.0678122 0.092985 0.0170949
