0 0.131659 0.437654 0.227199 0.197639 0.866893
0 0.346367 0.419647 0.0534772 0.0658501 0.822075
0 0.402918 0.42428 0.0278674 0.0406355 0.763527
0 0.428985 0.426823 0.0268953 0.0329821 0.717144
0 0.280607 0.412831 0.0788516 0.0929637 0.672941
0 0.378747 0.423152 0.0272372 0.0519009 0.659352
0 0.507829 0.439612 0.0176961 0.0218478 0.603218
0 0.492312 0.435289 0.0130822 0.0166894 0.462502
0 0.463954 0.430679 0.0229105 0.0257642 0.372259
0 0.224597 0.390196 0.0404605 0.0536681 0.349287
0 0.213088 0.38846 0.0344576 0.0487046 0.271409
0 0.509821 0.438702 0.0132269 0.0159161 0.269807
0 0.512948 0.437815 0.011205 0.0155406 0.26929
0 0.551903 0.439738 0.0134845 0.0214487 0.265573
0 0.26357 0.40617 0.0698911 0.0909258 0.252713
0 0.311595 0.419511 0.0244199 0.0621179 0.248237
0 0.433529 0.427432 0.0178745 0.0267006 0.242781
0 0.237511 0.392311 0.0265312 0.051009 0.241126
0 0.310801 0.406174 0.0269648 0.0592483 0.240638
0 0.491871 0.435658 0.0102935 0.0127031 0.239941
0 0.423922 0.427145 0.0195366 0.0289914 0.228018
0 0.503501 0.438397 0.0119414 0.0164046 0.226799
0 0.448507 0.429535 0.013872 0.0197832 0.224953
0 0.5625 0.472656 0 0.0502568 0.220883
0 0.5625 0.47174 0 0.0663428 0.202591
0 0.245963 0.395274 0.0417356 0.0663384 0.201707
0 0.507034 0.436939 0.0116212 0.0155245 0.19997
0 0.233194 0.399107 0.0334192 0.0711631 0.19959
0 0.441241 0.428614 0.0149961 0.0245143 0.198341
0 0.554014 0.439091 0.0169722 0.0270192 0.189364
0 0.454527 0.429814 0.0156565 0.0212401 0.185537
0 0.224808 0.394717 0.053333 0.0714072 0.166515
0 0.467052 0.434626 0.0158944 0.0219538 0.156794
0 0.517243 0.439732 0.0100679 0.0168925 0.154456
0 0.495653 0.437078 0.0109512 0.0148984 0.152706
0 0.38015 0.427019 0.0184062 0.0386483 0.14804
0 0.388736 0.421982 0.0166634 0.0377146 0.143546
0 0.5625 0.458327 0 0.095429 0.139305
0 0.480588 0.43313 0.0142879 0.0166396 0.139086
0 0.483786 0.433519 0.0152437 0.0186603 0.136613
0 0.193369 0.386875 0.0839017 0.0909977 0.13541
0 0.0146802 0.373338 0.0293604 0.0472371 0.134699
0 0.546452 0.43916 0.0136106 0.0186426 0.134588
0 0.403248 0.425638 0.0197155 0.0325239 0.130795
0 0.231754 0.39444 0.0226507 0.0413055 0.129919
0 0.5625 0.45779 0 0.0458129 0.129082
0 0.5625 0.471754 0 0.0626481 0.126966
0 0.30493 0.420389 0.0352003 0.0692034 0.125515
0 0.240556 0.405818 0.033365 0.0833379 0.124163
0 0.502745 0.443035 0.0130463 0.0187183 0.123544
0 0.555117 0.442656 0.0155425 0.0231121 0.121715
0 0.459786 0.431904 0.0138279 0.0189443 0.118222
0 0.393151 0.423234 0.0183716 0.0279354 0.117893
0 0.567889 0.442349 0.0420308 0.0383464 0.117544
0 0.606955 0.441638 0.0278439 0.0330641 0.117327
0 0.377608 0.421146 0.0191235 0.0427419 0.116947
0 0.375624 0.414037 0.0339834 0.0695117 0.116923
0 0.188908 0.367291 0.0691809 0.0551751 0.113997
0 0.236115 0.389462 0.0588619 0.0763604 0.112562
0 0.174512 0.395301 0.109187 0.120829 0.111923
0 0.313578 0.412405 0.0202195 0.0413261 0.110731
0 0.539914 0.430634 0.0143102 0.0228432 0.110588
0 0.6903 0.470215 0.088273 0.0868545 0.104339
0 0.118979 0.347839 0.0590497 0.0240913 0.104281
0 0.961669 0.623795 0.0751131 0.192716 0.103904
0 0.191073 0.43163 0.107082 0.193582 0.103658
0 0.0117653 0.365954 0.0241353 0.0401265 0.102226
0 0.31161 0.40124 0.0221399 0.0410288 0.101495
0 0.6098 0.449371 0.034276 0.0443008 0.0992426
0 0.367876 0.410407 0.03924 0.0767542 0.097261
0 0.21005 0.393325 0.0504505 0.0738029 0.0971514
0 0.370819 0.408588 0.0204937 0.0365534 0.0954441
0 0.650142 0.471872 0.0466779 0.055301 0.0946697
0 0.636703 0.466887 0.0319702 0.0469358 0.0933129
0 0.847106 0.473058 0.0349356 0.0356207 0.0922285
0 0.619276 0.456643 0.0443195 0.0519423 0.0890551
0 0.386767 0.410366 0.0165174 0.0271377 0.0870629
0 0.53494 0.435373 0.0171062 0.0201104 0.0864423
0 0.321185 0.40101 0.0354636 0.0577572 0.0863851
0 0.578882 0.451833 0.0579628 0.0543357 0.0851322
0 0.174233 0.360816 0.0382731 0.0439137 0.0818826
0 0.836822 0.468303 0.0485126 0.0417246 0.0809275
0 0.832197 0.465765 0.062414 0.0669879 0.0807405
0 0.52536 0.43918 0.0131607 0.0170207 0.0807197
0 0.601522 0.452236 0.0294224 0.0450894 0.0790743
0 0.374184 0.427108 0.0189557 0.032981 0.0782721
0 0.113732 0.355038 0.0713646 0.030865 0.0775945
0 0.335476 0.40837 0.0631932 0.0806246 0.0766817
0 0.541991 0.439963 0.0238446 0.0255246 0.0763004
0 0.867658 0.478081 0.0556215 0.0539528 0.0727448
0 0.0208475 0.379015 0.0412242 0.0670791 0.0726308
0 0.208136 0.372842 0.0725365 0.0912759 0.0725184
0 0.855927 0.472387 0.0476709 0.0415565 0.0711666
0 0.0352155 0.425443 0.0377011 0.105436 0.0707413
0 0.222821 0.388896 0.0251338 0.0343715 0.0704331
0 0.271339 0.398169 0.0925406 0.130045 0.0687369
0 0.815632 0.467725 0.0382545 0.035296 0.0661776
0 0.219492 0.408703 0.0488368 0.0898428 0.0651389
0 0.00736494 0.348862 0.0151562 0.0302314 0.0649929
0 0.315468 0.405893 0.0199771 0.0341364 0.0643514
0 0.0552612 0.421587 0.0752612 0.138664 0.0636021
0 0.381157 0.411219 0.0164995 0.0297518 0.0633086
0 0.012668 0.354842 0.0283133 0.0542755 0.0623681
0 0.673233 0.468298 0.0250595 0.0304754 0.0620311
0 0.82923 0.451472 0.0779339 0.0947618 0.0612627
0 0.858516 0.466678 0.0750055 0.0805954 0.061036
0 0.582138 0.446042 0.0164524 0.0213867 0.0603829
0 0.595034 0.440284 0.0402916 0.0398197 0.0595847
0 0.437712 0.430209 0.0136687 0.0229518 0.0590711
0 0.252366 0.37881 0.0636579 0.0912972 0.0589644
0 0.0525433 0.398371 0.0662518 0.0873377 0.0585742
0 0.172388 0.35194 0.0339866 0.035722 0.0581941
0 0.98453 0.614376 0.0315969 0.1341 0.0576723
0 0.114718 0.343489 0.0701982 0.0383043 0.0573203
0 0.862404 0.491355 0.0619183 0.0728533 0.0569214
0 0.977707 0.581393 0.0457623 0.123343 0.0566968
0 0.702052 0.45539 0.0865674 0.103123 0.0565492
0 0.204569 0.425751 0.081822 0.149008 0.0558005
0 0.596246 0.451877 0.0166116 0.0245692 0.0554493
0 0.606012 0.435246 0.023603 0.0229318 0.0552562
0 0.567411 0.434306 0.0150754 0.023018 0.0551547
0 0.512077 0.433041 0.0116619 0.0163823 0.0550706
0 0.714239 0.478722 0.043375 0.0507458 0.0550098
0 0.0289462 0.365168 0.0388966 0.0391135 0.0547146
0 0.224808 0.377229 0.0711355 0.0963391 0.0544293
0 0.109074 0.358395 0.0875551 0.0463229 0.0538446
0 0.302884 0.401744 0.0276106 0.0487432 0.0524707
0 0.505612 0.433027 0.0112256 0.0157733 0.0524355
0 0.611992 0.434863 0.0216666 0.0209854 0.0523801
0 0.634273 0.466394 0.0550558 0.0651062 0.0519911
0 0.914603 0.399677 0.169644 0.553853 0.051897
0 0.0708619 0.437963 0.100413 0.168309 0.0504338
0 0.320955 0.416924 0.0180082 0.0312256 0.0502936
0 0.346274 0.418305 0.0217924 0.0349657 0.050163
0 0.600468 0.435463 0.021382 0.022018 0.0499237
0 0.809727 0.477707 0.032456 0.040863 0.0498809
0 0.960681 0.669237 0.0806028 0.320451 0.0498066
0 0.0227888 0.345519 0.0495368 0.0722442 0.0495531
0 0.188761 0.393986 0.0571918 0.072452 0.0493519
0 0.103961 0.377093 0.0953413 0.0655075 0.0490785
0 0.956401 0.559263 0.0849199 0.147793 0.0489791
0 0.671877 0.446076 0.102596 0.133132 0.0482832
0 0.175622 0.370997 0.0473844 0.0655861 0.047938
0 0.629865 0.444871 0.0512937 0.0559674 0.0475379
0 0.249274 0.393016 0.0228867 0.0339733 0.0474044
0 0.421806 0.431225 0.014986 0.0260189 0.0463772
0 0.875484 0.469695 0.0897301 0.0919832 0.0461415
0 0.557035 0.432879 0.0150392 0.0198717 0.0460122
0 0.605446 0.454705 0.0222568 0.0344398 0.0458793
0 0.946731 0.533275 0.105478 0.17322 0.0454426
0 0.014188 0.385202 0.0278784 0.0841987 0.0450151
0 0.601913 0.463222 0.0187541 0.0265324 0.0445953
0 0.7774 0.462529 0.127921 0.138405 0.0438798
0 0.111349 0.324815 0.0638101 0.0591459 0.0431636
0 0.0963574 0.348846 0.0645348 0.0438009 0.0426173
0 0.405406 0.430632 0.0197737 0.029734 0.0426066
0 0.625277 0.446169 0.0199829 0.0247536 0.0426025
0 0.849356 0.454115 0.0679872 0.0820513 0.0422528
0 0.728856 0.485297 0.0296324 0.0387143 0.0421938
0 0.990623 0.495753 0.0185453 0.0512319 0.0419874
0 0.866637 0.466988 0.080257 0.142439 0.0418562
0 0.549222 0.447277 0.0124814 0.0206895 0.0417039
0 0.354599 0.408358 0.0238218 0.0334937 0.0410857
0 0.960055 0.539022 0.0799728 0.327673 0.0409503
0 0.940744 0.586492 0.128557 0.225031 0.0409065
0 0.229675 0.417685 0.0251069 0.0517171 0.0408741
0 0.821157 0.488271 0.0543111 0.0691313 0.0408425
0 0.811592 0.445328 0.0906468 0.0997456 0.0402981
0 0.314172 0.434191 0.0246489 0.0493377 0.0401721
0 0.472215 0.383023 0.0546763 0.0687835 0.0401252
0 0.0813864 0.403936 0.141445 0.118064 0.0399603
0 0.849003 0.488004 0.0581139 0.0777825 0.0398508
0 0.549722 0.441308 0.0101046 0.0157146 0.0394207
0 0.367423 0.406444 0.019835 0.0290162 0.0390799
0 0.543828 0.433553 0.0116781 0.0176274 0.0387003
0 0.982014 0.546985 0.0365591 0.141898 0.0385407
0 0.261009 0.366899 0.0657047 0.0815262 0.0381939
0 0.212517 0.451989 0.0651197 0.137634 0.0377978
0 0.148937 0.349482 0.100458 0.0436959 0.0372787
0 0.784223 0.468839 0.0760106 0.0679423 0.0368621
0 0.389833 0.415111 0.0160129 0.027689 0.0365339
0 0.759586 0.469974 0.0964172 0.086127 0.0360314
0 0.909915 0.448454 0.172208 0.189734 0.0359955
0 0.72768 0.477949 0.0415782 0.053034 0.035994
0 0.0995033 0.317507 0.0346691 0.0386872 0.0355859
0 0.964996 0.584754 0.0675779 0.104365 0.0350467
0 0.639863 0.464336 0.0207277 0.0320084 0.0348962
0 0.071388 0.363214 0.081287 0.0717203 0.0347022
0 0.969945 0.537989 0.0567366 0.163162 0.0345476
0 0.766776 0.468672 0.0706129 0.0599253 0.0345244
0 0.63078 0.461427 0.0215807 0.0287416 0.0344573
0 0.189932 0.412105 0.0639274 0.0973416 0.0344424
0 0.642753 0.451237 0.0298108 0.0410192 0.0344084
0 0.934214 0.290546 0.129335 0.277472 0.0341711
0 0.780023 0.468857 0.0560523 0.0463082 0.0340965
0 0.811778 0.490754 0.0467869 0.0589546 0.0339429
0 0.914973 0.766704 0.170884 0.273344 0.0338249
0 0.89401 0.481721 0.0711643 0.0729622 0.0335398
0 0.321138 0.426913 0.0220779 0.0384772 0.0334425
0 0.0105478 0.399413 0.0216592 0.0979913 0.0333793
0 0.585012 0.452142 0.0333075 0.0396382 0.033176
0 0.798151 0.479619 0.0525167 0.0533007 0.0328077
0 0.887605 0.23109 0.211392 0.404194 0.0322815
0 0.972532 0.515586 0.0518305 0.102167 0.0322672
0 0.777203 0.456579 0.111164 0.0869629 0.0321857
0 0.983929 0.497575 0.0323687 0.0634621 0.0320519
0 0.882203 0.488288 0.0573225 0.0733327 0.0319523
0 0.676023 0.490021 0.0258593 0.0366308 0.0316227
0 0.101374 0.393128 0.110386 0.0936403 0.0315056
0 0.160704 0.346467 0.0644131 0.0507025 0.0308943
0 0.917984 0.481393 0.131462 0.139891 0.0307865
0 0.860407 0.50742 0.06269 0.0684689 0.0306978
0 0.0507344 0.385003 0.0484241 0.0542114 0.0300239
0 0.951145 0.728224 0.097633 0.286637 0.0298988
0 0.00843351 0.285915 0.0166527 0.0467236 0.0297752
0 0.930087 0.400877 0.143559 0.301386 0.029653
0 0.941411 0.447171 0.115961 0.247129 0.0293073
0 0.747033 0.473813 0.0691786 0.0696553 0.0285177
0 0.399473 0.410287 0.0165149 0.0222605 0.0285132
0 0.0724227 0.349867 0.0284606 0.0406656 0.0281216
0 0.30168 0.389867 0.0308033 0.0472098 0.0279753
0 0.989236 0.483005 0.0222862 0.0805635 0.0277486
0 0.0382453 0.424031 0.0609119 0.137584 0.027649
0 0.572762 0.425667 0.019733 0.0236638 0.0276095
0 0.667923 0.491299 0.0505067 0.0791823 0.0273145
0 0.739137 0.483084 0.049174 0.0511653 0.0272784
0 0.957822 0.519758 0.080629 0.122575 0.0271555
0 0.723117 0.490199 0.0290541 0.038703 0.0271061
0 0.859229 0.439646 0.0895123 0.12395 0.0269183
0 0.0728444 0.374073 0.0605548 0.0529718 0.0266693
0 0.233809 0.409029 0.0226129 0.0618069 0.0262398
0 0.977503 0.485257 0.0435408 0.077747 0.0262232
0 0.0837644 0.462275 0.106069 0.133785 0.0258569
0 0.0154495 0.424268 0.036398 0.1294 0.0256166
0 0.0947824 0.294475 0.0253514 0.0325543 0.0254669
0 0.122476 0.394216 0.0899114 0.079596 0.0254544
0 0.509221 0.443981 0.0136189 0.0198068 0.0253717
0 0.0929299 0.323783 0.0303556 0.0437617 0.0251671
0 0.787966 0.49011 0.072989 0.0689727 0.0250735
0 0.016367 0.286778 0.031807 0.0576927 0.0250046
0 0.903982 0.495031 0.0604347 0.0795147 0.0248528
0 0.894845 0.509265 0.15801 0.391315 0.0248321
0 0.696781 0.576709 0.0842278 0.0845569 0.0248255
0 0.656029 0.496452 0.0766212 0.108692 0.0246867
0 0.39684 0.428861 0.015542 0.02881 0.0245194
0 0.460722 0.387234 0.0462132 0.0674502 0.0244514
0 0.740607 0.444558 0.0863968 0.105888 0.0243367
0 0.941484 0.240806 0.112547 0.234866 0.0243134
0 0.605932 0.427708 0.0192131 0.0214929 0.0241743
0 0.125793 0.365022 0.109822 0.0632607 0.0241523
0 0.48046 0.382307 0.0402197 0.0482855 0.0239619
0 0.320849 0.243198 0.0496024 0.0445286 0.0235269
0 0.0384937 0.347373 0.0759106 0.0806606 0.0235172
0 0.0677889 0.35502 0.0402708 0.0449653 0.0232698
0 0.30885 0.386532 0.0200049 0.0291713 0.0231827
0 0.873499 0.499294 0.0520552 0.072001 0.0231465
0 0.161167 0.711939 0.133718 0.22176 0.0230475
0 0.150518 0.380895 0.131684 0.0845397 0.0229413
0 0.592184 0.420057 0.0221721 0.0242152 0.0228444
0 0.613984 0.427142 0.0187454 0.0215559 0.0228339
0 0.837169 0.182773 0.278115 0.391892 0.0227553
0 0.154039 0.314864 0.172771 0.2104 0.0227398
0 0.538984 0.303722 0.0187282 0.0342629 0.0227323
0 0.458209 0.466739 0.0218938 0.0379464 0.0226762
0 0.50614 0.424105 0.0118394 0.0178068 0.0226473
0 0.929258 0.50272 0.0780172 0.0855743 0.0225303
0 0.934492 0.520872 0.0811037 0.0930561 0.0224729
0 0.0541909 0.366944 0.0447549 0.042058 0.0224132
0 0.0301808 0.173262 0.0559701 0.0660867 0.0222448
0 0.116644 0.33496 0.061485 0.0416027 0.02218
0 0.69907 0.486975 0.0457658 0.0555194 0.0218336
0 0.959577 0.643987 0.0645304 0.109797 0.0217444
0 0.126382 0.327633 0.0684574 0.0525755 0.0216608
0 0.479023 0.105837 0.0781355 0.137325 0.0216271
0 0.243378 0.935314 0.0147906 0.023351 0.021602
0 0.161763 0.399521 0.0854932 0.0897043 0.0213784
0 0.216817 0.471409 0.051352 0.0866823 0.0212341
0 0.00847789 0.309248 0.0199942 0.0577936 0.0211933
0 0.624707 0.129786 0.0580055 0.0842891 0.0211735
0 0.508015 0.383933 0.0207441 0.0311997 0.0211587
0 0.0319773 0.301235 0.0599496 0.0929697 0.0211404
0 0.701887 0.421035 0.0721732 0.0959943 0.0210953
0 0.127406 0.712689 0.163978 0.279451 0.0210046
0 0.224445 0.444973 0.0392694 0.0891563 0.0208615
0 0.796729 0.258853 0.233946 0.310447 0.0208298
0 0.101114 0.3007 0.0438186 0.0526016 0.0207927
0 0.830327 0.508358 0.0645998 0.0821544 0.0207676
0 0.733783 0.494754 0.0397961 0.0473414 0.0207423
0 0.858298 1.0046 0.0340298 0.0277957 0.0207377
0 0.173598 0.41016 0.0552584 0.0899202 0.0207179
0 0.420891 0.401014 0.0196774 0.0266079 0.0206321
0 0.71445 0.406259 0.0509667 0.0687842 0.020588
0 0.984159 0.441184 0.0327471 0.146968 0.0204916
0 0.437412 0.392248 0.0316195 0.0453382 0.0204889
0 0.187535 0.437057 0.055364 0.107685 0.0204415
0 0.944408 0.493535 0.0808767 0.0794779 0.0202702
0 0.909405 0.478969 0.0691656 0.0675706 0.020149
0 0.178856 0.0854485 0.0774553 0.111701 0.0201228
0 0.613446 0.421292 0.0634138 0.0835958 0.0200603
0 0.724997 0.513978 0.0846651 0.124607 0.0200441
0 0.131659 0.437654 0.227199 0.197639 0.866893
0 0.346367 0.419647 0.0534772 0.0658501 0.822075
0 0.402918 0.42428 0.0278674 0.0406355 0.763527
0 0.428985 0.426823 0.0268953 0.0329821 0.717144
0 0.280607 0.412831 0.0788516 0.0929637 0.672941
0 0.378747 0.423152 0.0272372 0.0519009 0.659352
0 0.507829 0.439612 0.0176961 0.0218478 0.603218
0 0.492312 0.435289 0.0130822 0.0166894 0.462502
0 0.463954 0.430679 0.0229105 0.0257642 0.372259
0 0.224597 0.390196 0.0404605 0.0536681 0.349287
0 0.213088 0.38846 0.0344576 0.0487046 0.271409
0 0.509821 0.438702 0.0132269 0.0159161 0.269807
0 0.512948 0.437815 0.011205 0.0155406 0.26929
0 0.551903 0.439738 0.0134845 0.0214487 0.265573
0 0.26357 0.40617 0.0698911 0.0909258 0.252713
0 0.311595 0.419511 0.0244199 0.0621179 0.248237
0 0.433529 0.427432 0.0178745 0.0267006 0.242781
0 0.237511 0.392311 0.0265312 0.051009 0.241126
0 0.310801 0.406174 0.0269648 0.0592483 0.240638
0 0.491871 0.435658 0.0102935 0.0127031 0.239941
0 0.423922 0.427145 0.0195366 0.0289914 0.228018
0 0.503501 0.438397 0.0119414 0.0164046 0.226799
0 0.448507 0.429535 0.013872 0.0197832 0.224953
0 0.5625 0.472656 0 0.0502568 0.220883
0 0.5625 0.47174 0 0.0663428 0.202591
0 0.245963 0.395274 0.0417356 0.0663384 0.201707
0 0.507034 0.436939 0.0116212 0.0155245 0.19997
0 0.233194 0.399107 0.0334192 0.0711631 0.19959
0 0.441241 0.428614 0.0149961 0.0245143 0.198341
0 0.554014 0.439091 0.0169722 0.0270192 0.189364
0 0.454527 0.429814 0.0156565 0.0212401 0.185537
0 0.224808 0.394717 0.053333 0.0714072 0.166515
0 0.467052 0.434626 0.0158944 0.0219538 0.156794
0 0.517243 0.439732 0.0100679 0.0168925 0.154456
0 0.495653 0.437078 0.0109512 0.0148984 0.152706
0 0.38015 0.427019 0.0184062 0.0386483 0.14804
0 0.388736 0.421982 0.0166634 0.0377146 0.143546
0 0.5625 0.458327 0 0.095429 0.139305
0 0.480588 0.43313 0.0142879 0.0166396 0.139086
0 0.483786 0.433519 0.0152437 0.0186603 0.136613
0 0.193369 0.386875 0.0839017 0.0909977 0.13541
0 0.0146802 0.373338 0.0293604 0.0472371 0.134699
0 0.546452 0.43916 0.0136106 0.0186426 0.134588
0 0.403248 0.425638 0.0197155 0.0325239 0.130795
0 0.231754 0.39444 0.0226507 0.0413055 0.129919
0 0.5625 0.45779 0 0.0458129 0.129082
0 0.5625 0.471754 0 0.0626481 0.126966
0 0.30493 0.420389 0.0352003 0.0692034 0.125515
0 0.240556 0.405818 0.033365 0.0833379 0.124163
0 0.502745 0.443035 0.0130463 0.0187183 0.123544
0 0.555117 0.442656 0.0155425 0.0231121 0.121715
0 0.459786 0.431904 0.0138279 0.0189443 0.118222
0 0.393151 0.423234 0.0183716 0.0279354 0.117893
0 0.567889 0.442349 0.0420308 0.0383464 0.117544
0 0.606955 0.441638 0.0278439 0.0330641 0.117327
0 0.377608 0.421146 0.0191235 0.0427419 0.116947
0 0.375624 0.414037 0.0339834 0.0695117 0.116923
0 0.188908 0.367291 0.0691809 0.0551751 0.113997
0 0.236115 0.389462 0.0588619 0.0763604 0.112562
0 0.174512 0.395301 0.109187 0.120829 0.111923
0 0.313578 0.412405 0.0202195 0.0413261 0.110731
0 0.539914 0.430634 0.0143102 0.0228432 0.110588
0 0.6903 0.470215 0.088273 0.0868545 0.104339
0 0.118979 0.347839 0.0590497 0.0240913 0.104281
0 0.961669 0.623795 0.0751131 0.192716 0.103904
0 0.191073 0.43163 0.107082 0.193582 0.103658
0 0.0117653 0.365954 0.0241353 0.0401265 0.102226
0 0.31161 0.40124 0.0221399 0.0410288 0.101495
0 0.6098 0.449371 0.034276 0.0443008 0.0992426
0 0.367876 0.410407 0.03924 0.0767542 0.097261
0 0.21005 0.393325 0.0504505 0.0738029 0.0971514
0 0.370819 0.408588 0.0204937 0.0365534 0.0954441
0 0.650142 0.471872 0.0466779 0.055301 0.0946697
0 0.636703 0.466887 0.0319702 0.0469358 0.0933129
0 0.847106 0.473058 0.0349356 0.0356207 0.0922285
0 0.619276 0.456643 0.0443195 0.0519423 0.0890551
0 0.386767 0.410366 0.0165174 0.0271377 0.0870629
0 0.53494 0.435373 0.0171062 0.0201104 0.0864423
0 0.321185 0.40101 0.0354636 0.0577572 0.0863851
0 0.578882 0.451833 0.0579628 0.0543357 0.0851322
0 0.174233 0.360816 0.0382731 0.0439137 0.0818826
0 0.836822 0.468303 0.0485126 0.0417246 0.0809275
0 0.832197 0.465765 0.062414 0.0669879 0.0807405
0 0.52536 0.43918 0.0131607 0.0170207 0.0807197
0 0.601522 0.452236 0.0294224 0.0450894 0.0790743
0 0.374184 0.427108 0.0189557 0.032981 0.0782721
0 0.113732 0.355038 0.0713646 0.030865 0.0775945
0 0.335476 0.40837 0.0631932 0.0806246 0.0766817
0 0.541991 0.439963 0.0238446 0.0255246 0.0763004
0 0.867658 0.478081 0.0556215 0.0539528 0.0727448
0 0.0208475 0.379015 0.0412242 0.0670791 0.0726308
0 0.208136 0.372842 0.0725365 0.0912759 0.0725184
0 0.855927 0.472387 0.0476709 0.0415565 0.0711666
0 0.0352155 0.425443 0.0377011 0.105436 0.0707413
0 0.222821 0.388896 0.0251338 0.0343715 0.0704331
0 0.271339 0.398169 0.0925406 0.130045 0.0687369
0 0.815632 0.467725 0.0382545 0.035296 0.0661776
0 0.219492 0.408703 0.0488368 0.0898428 0.0651389
0 0.00736494 0.348862 0.0151562 0.0302314 0.0649929
0 0.315468 0.405893 0.0199771 0.0341364 0.0643514
0 0.0552612 0.421587 0.0752612 0.138664 0.0636021
0 0.381157 0.411219 0.0164995 0.0297518 0.0633086
0 0.012668 0.354842 0.0283133 0.0542755 0.0623681
0 0.673233 0.468298 0.0250595 0.0304754 0.0620311
0 0.82923 0.451472 0.0779339 0.0947618 0.0612627
0 0.858516 0.466678 0.0750055 0.0805954 0.061036
0 0.582138 0.446042 0.0164524 0.0213867 0.0603829
0 0.595034 0.440284 0.0402916 0.0398197 0.0595847
0 0.437712 0.430209 0.0136687 0.0229518 0.0590711
0 0.252366 0.37881 0.0636579 0.0912972 0.0589644
0 0.0525433 0.398371 0.0662518 0.0873377 0.0585742
0 0.172388 0.35194 0.0339866 0.035722 0.0581941
0 0.98453 0.614376 0.0315969 0.1341 0.0576723
0 0.114718 0.343489 0.0701982 0.0383043 0.0573203
0 0.862404 0.491355 0.0619183 0.0728533 0.0569214
0 0.977707 0.581393 0.0457623 0.123343 0.0566968
0 0.702052 0.45539 0.0865674 0.103123 0.0565492
0 0.204569 0.425751 0.081822 0.149008 0.0558005
0 0.596246 0.451877 0.0166116 0.0245692 0.0554493
0 0.606012 0.435246 0.023603 0.0229318 0.0552562
0 0.567411 0.434306 0.0150754 0.023018 0.0551547
0 0.512077 0.433041 0.0116619 0.0163823 0.0550706
0 0.714239 0.478722 0.043375 0.0507458 0.0550098
0 0.0289462 0.365168 0.0388966 0.0391135 0.0547146
0 0.224808 0.377229 0.0711355 0.0963391 0.0544293
0 0.109074 0.358395 0.0875551 0.0463229 0.0538446
0 0.302884 0.401744 0.0276106 0.0487432 0.0524707
0 0.505612 0.433027 0.0112256 0.0157733 0.0524355
0 0.611992 0.434863 0.0216666 0.0209854 0.0523801
0 0.634273 0.466394 0.0550558 0.0651062 0.0519911
0 0.914603 0.399677 0.169644 0.553853 0.051897
0 0.0708619 0.437963 0.100413 0.168309 0.0504338
0 0.320955 0.416924 0.0180082 0.0312256 0.0502936
0 0.346274 0.418305 0.0217924 0.0349657 0.050163
0 0.600468 0.435463 0.021382 0.022018 0.0499237
0 0.809727 0.477707 0.032456 0.040863 0.0498809
0 0.960681 0.669237 0.0806028 0.320451 0.0498066
0 0.0227888 0.345519 0.0495368 0.0722442 0.0495531
0 0.188761 0.393986 0.0571918 0.072452 0.0493519
0 0.103961 0.377093 0.0953413 0.0655075 0.0490785
0 0.956401 0.559263 0.0849199 0.147793 0.0489791
0 0.671877 0.446076 0.102596 0.133132 0.0482832
0 0.175622 0.370997 0.0473844 0.0655861 0.047938
0 0.629865 0.444871 0.0512937 0.0559674 0.0475379
0 0.249274 0.393016 0.0228867 0.0339733 0.0474044
0 0.421806 0.431225 0.014986 0.0260189 0.0463772
0 0.875484 0.469695 0.0897301 0.0919832 0.0461415
0 0.557035 0.432879 0.0150392 0.0198717 0.0460122
0 0.605446 0.454705 0.0222568 0.0344398 0.0458793
0 0.946731 0.533275 0.105478 0.17322 0.0454426
0 0.014188 0.385202 0.0278784 0.0841987 0.0450151
0 0.601913 0.463222 0.0187541 0.0265324 0.0445953
0 0.7774 0.462529 0.127921 0.138405 0.0438798
0 0.111349 0.324815 0.0638101 0.0591459 0.0431636
0 0.0963574 0.348846 0.0645348 0.0438009 0.0426173
0 0.405406 0.430632 0.0197737 0.029734 0.0426066
0 0.625277 0.446169 0.0199829 0.0247536 0.0426025
0 0.849356 0.454115 0.0679872 0.0820513 0.0422528
0 0.728856 0.485297 0.0296324 0.0387143 0.0421938
0 0.990623 0.495753 0.0185453 0.0512319 0.0419874
0 0.866637 0.466988 0.080257 0.142439 0.0418562
0 0.549222 0.447277 0.0124814 0.0206895 0.0417039
0 0.354599 0.408358 0.0238218 0.0334937 0.0410857
0 0.960055 0.539022 0.0799728 0.327673 0.0409503
0 0.940744 0.586492 0.128557 0.225031 0.0409065
0 0.229675 0.417685 0.0251069 0.0517171 0.0408741
0 0.821157 0.488271 0.0543111 0.0691313 0.0408425
0 0.811592 0.445328 0.0906468 0.0997456 0.0402981
0 0.314172 0.434191 0.0246489 0.0493377 0.0401721
0 0.472215 0.383023 0.0546763 0.0687835 0.0401252
0 0.0813864 0.403936 0.141445 0.118064 0.0399603
0 0.849003 0.488004 0.0581139 0.0777825 0.0398508
0 0.549722 0.441308 0.0101046 0.0157146 0.0394207
0 0.367423 0.406444 0.019835 0.0290162 0.0390799
0 0.543828 0.433553 0.0116781 0.0176274 0.0387003
0 0.982014 0.546985 0.0365591 0.141898 0.0385407
0 0.261009 0.366899 0.0657047 0.0815262 0.0381939
0 0.212517 0.451989 0.0651197 0.137634 0.0377978
0 0.148937 0.349482 0.100458 0.0436959 0.0372787
0 0.784223 0.468839 0.0760106 0.0679423 0.0368621
0 0.389833 0.415111 0.0160129 0.027689 0.0365339
0 0.759586 0.469974 0.0964172 0.086127 0.0360314
0 0.909915 0.448454 0.172208 0.189734 0.0359955
0 0.72768 0.477949 0.0415782 0.053034 0.035994
0 0.0995033 0.317507 0.0346691 0.0386872 0.0355859
0 0.964996 0.584754 0.0675779 0.104365 0.0350467
0 0.639863 0.464336 0.0207277 0.0320084 0.0348962
0 0.071388 0.363214 0.081287 0.0717203 0.0347022
0 0.969945 0.537989 0.0567366 0.163162 0.0345476
0 0.766776 0.468672 0.0706129 0.0599253 0.0345244
0 0.63078 0.461427 0.0215807 0.0287416 0.0344573
0 0.189932 0.412105 0.0639274 0.0973416 0.0344424
0 0.642753 0.451237 0.0298108 0.0410192 0.0344084
0 0.934214 0.290546 0.129335 0.277472 0.0341711
0 0.780023 0.468857 0.0560523 0.0463082 0.0340965
0 0.811778 0.490754 0.0467869 0.0589546 0.0339429
0 0.914973 0.766704 0.170884 0.273344 0.0338249
0 0.89401 0.481721 0.0711643 0.0729622 0.0335398
0 0.321138 0.426913 0.0220779 0.0384772 0.0334425
0 0.0105478 0.399413 0.0216592 0.0979913 0.0333793
0 0.585012 0.452142 0.0333075 0.0396382 0.033176
0 0.798151 0.479619 0.0525167 0.0533007 0.0328077
0 0.887605 0.23109 0.211392 0.404194 0.0322815
0 0.972532 0.515586 0.0518305 0.102167 0.0322672
0 0.777203 0.456579 0.111164 0.0869629 0.0321857
0 0.983929 0.497575 0.0323687 0.0634621 0.0320519
0 0.882203 0.488288 0.0573225 0.0733327 0.0319523
0 0.676023 0.490021 0.0258593 0.0366308 0.0316227
0 0.101374 0.393128 0.110386 0.0936403 0.0315056
0 0.160704 0.346467 0.0644131 0.0507025 0.0308943
0 0.917984 0.481393 0.131462 0.139891 0.0307865
0 0.860407 0.50742 0.06269 0.0684689 0.0306978
0 0.0507344 0.385003 0.0484241 0.0542114 0.0300239
0 0.951145 0.728224 0.097633 0.286637 0.0298988
0 0.00843351 0.285915 0.0166527 0.0467236 0.0297752
0 0.930087 0.400877 0.143559 0.301386 0.029653
0 0.941411 0.447171 0.115961 0.247129 0.0293073
0 0.747033 0.473813 0.0691786 0.0696553 0.0285177
0 0.399473 0.410287 0.0165149 0.0222605 0.0285132
0 0.0724227 0.349867 0.0284606 0.0406656 0.0281216
0 0.30168 0.389867 0.0308033 0.0472098 0.0279753
0 0.989236 0.483005 0.0222862 0.0805635 0.0277486
0 0.0382453 0.424031 0.0609119 0.137584 0.027649
0 0.572762 0.425667 0.019733 0.0236638 0.0276095
0 0.667923 0.491299 0.0505067 0.0791823 0.0273145
0 0.739137 0.483084 0.049174 0.0511653 0.0272784
0 0.957822 0.519758 0.080629 0.122575 0.0271555
0 0.723117 0.490199 0.0290541 0.038703 0.0271061
0 0.859229 0.439646 0.0895123 0.12395 0.0269183
0 0.0728444 0.374073 0.0605548 0.0529718 0.0266693
0 0.233809 0.409029 0.0226129 0.0618069 0.0262398
0 0.977503 0.485257 0.0435408 0.077747 0.0262232
0 0.0837644 0.462275 0.106069 0.133785 0.0258569
0 0.0154495 0.424268 0.036398 0.1294 0.0256166
0 0.0947824 0.294475 0.0253514 0.0325543 0.0254669
0 0.122476 0.394216 0.0899114 0.079596 0.0254544
0 0.509221 0.443981 0.0136189 0.0198068 0.0253717
0 0.0929299 0.323783 0.0303556 0.0437617 0.0251671
0 0.787966 0.49011 0.072989 0.0689727 0.0250735
0 0.016367 0.286778 0.031807 0.0576927 0.0250046
0 0.903982 0.495031 0.0604347 0.0795147 0.0248528
0 0.894845 0.509265 0.15801 0.391315 0.0248321
0 0.696781 0.576709 0.0842278 0.0845569 0.0248255
0 0.656029 0.496452 0.0766212 0.108692 0.0246867
0 0.39684 0.428861 0.015542 0.02881 0.0245194
0 0.460722 0.387234 0.0462132 0.0674502 0.0244514
0 0.740607 0.444558 0.0863968 0.105888 0.0243367
0 0.941484 0.240806 0.112547 0.234866 0.0243134
0 0.605932 0.427708 0.0192131 0.0214929 0.0241743
0 0.125793 0.365022 0.109822 0.0632607 0.0241523
0 0.48046 0.382307 0.0402197 0.0482855 0.0239619
0 0.320849 0.243198 0.0496024 0.0445286 0.0235269
0 0.0384937 0.347373 0.0759106 0.0806606 0.0235172
0 0.0677889 0.35502 0.0402708 0.0449653 0.0232698
0 0.30885 0.386532 0.0200049 0.0291713 0.0231827
0 0.873499 0.499294 0.0520552 0.072001 0.0231465
0 0.161167 0.711939 0.133718 0.22176 0.0230475
0 0.150518 0.380895 0.131684 0.0845397 0.0229413
0 0.592184 0.420057 0.0221721 0.0242152 0.0228444
0 0.613984 0.427142 0.0187454 0.0215559 0.0228339
0 0.837169 0.182773 0.278115 0.391892 0.0227553
0 0.154039 0.314864 0.172771 0.2104 0.0227398
0 0.538984 0.303722 0.0187282 0.0342629 0.0227323
0 0.458209 0.466739 0.0218938 0.0379464 0.0226762
0 0.50614 0.424105 0.0118394 0.0178068 0.0226473
0 0.929258 0.50272 0.0780172 0.0855743 0.0225303
0 0.934492 0.520872 0.0811037 0.0930561 0.0224729
0 0.0541909 0.366944 0.0447549 0.042058 0.0224132
0 0.0301808 0.173262 0.0559701 0.0660867 0.0222448
0 0.116644 0.33496 0.061485 0.0416027 0.02218
0 0.69907 0.486975 0.0457658 0.0555194 0.0218336
0 0.959577 0.643987 0.0645304 0.109797 0.0217444
0 0.126382 0.327633 0.0684574 0.0525755 0.0216608
0 0.479023 0.105837 0.0781355 0.137325 0.0216271
0 0.243378 0.935314 0.0147906 0.023351 0.021602
0 0.161763 0.399521 0.0854932 0.0897043 0.0213784
0 0.216817 0.471409 0.051352 0.0866823 0.0212341
0 0.00847789 0.309248 0.0199942 0.0577936 0.0211933
0 0.624707 0.129786 0.0580055 0.0842891 0.0211735
0 0.508015 0.383933 0.0207441 0.0311997 0.0211587
0 0.0319773 0.301235 0.0599496 0.0929697 0.0211404
0 0.701887 0.421035 0.0721732 0.0959943 0.0210953
0 0.127406 0.712689 0.163978 0.279451 0.0210046
0 0.224445 0.444973 0.0392694 0.0891563 0.0208615
0 0.796729 0.258853 0.233946 0.310447 0.0208298
0 0.101114 0.3007 0.0438186 0.0526016 0.0207927
0 0.830327 0.508358 0.0645998 0.0821544 0.0207676
0 0.733783 0.494754 0.0397961 0.0473414 0.0207423
0 0.858298 1.0046 0.0340298 0.0277957 0.0207377
0 0.173598 0.41016 0.0552584 0.0899202 0.0207179
0 0.420891 0.401014 0.0196774 0.0266079 0.0206321
0 0.71445 0.406259 0.0509667 0.0687842 0.020588
0 0.984159 0.441184 0.0327471 0.146968 0.0204916
0 0.437412 0.392248 0.0316195 0.0453382 0.0204889
0 0.187535 0.437057 0.055364 0.107685 0.0204415
0 0.944408 0.493535 0.0808767 0.0794779 0.0202702
0 0.909405 0.478969 0.0691656 0.0675706 0.020149
0 0.178856 0.0854485 0.0774553 0.111701 0.0201228
0 0.613446 0.421292 0.0634138 0.0835958 0.0200603
0 0.724997 0.513978 0.0846651 0.124607 0.0200441
