0 0.5625 0.543779 0 0.101422 0.902692
0 0.463811 0.571773 0.0858912 0.113741 0.869946
0 0.5625 0.540205 0 0.0614278 0.844221
0 0.5625 0.602432 0 0.239973 0.803543
0 0.523643 0.507047 0.0760917 0.147545 0.748973
0 0.389667 0.538764 0.0187297 0.0296427 0.741948
0 0.37328 0.543062 0.0164067 0.0308957 0.707751
0 0.160934 0.593124 0.0989292 0.10056 0.704898
0 0.353312 0.546511 0.0319047 0.0396027 0.70311
0 0.560945 0.537405 0.00310955 0.050951 0.698442
0 0.5625 0.552811 0 0.146128 0.694605
0 0.418058 0.536232 0.0231394 0.0300413 0.671652
0 0.231569 0.570234 0.05968 0.0835794 0.619242
0 0.284996 0.551985 0.0578477 0.0720018 0.611508
0 0.5625 0.577332 0 0.182535 0.60425
0 0.033935 0.62206 0.0677926 0.162127 0.504381
0 0.271599 0.562374 0.0363731 0.0587619 0.364552
0 0.295604 0.549421 0.038309 0.0590995 0.288021
0 0.191718 0.583711 0.0452919 0.0796358 0.262815
0 0.369557 0.541716 0.0167738 0.0325735 0.253672
0 0.379046 0.541359 0.0138762 0.0268812 0.249525
0 0.39468 0.53739 0.0136996 0.0260088 0.249252
0 0.433313 0.531915 0.0176867 0.0301208 0.231933
0 0.560825 0.534916 0.00335097 0.0437317 0.223774
0 0.381761 0.544085 0.0135157 0.026236 0.219686
0 0.377103 0.544417 0.0121568 0.0235907 0.212591
0 0.363639 0.54609 0.0187216 0.0306992 0.212351
0 0.203904 0.57557 0.0525684 0.0829983 0.210838
0 0.146132 0.599482 0.0706794 0.0851212 0.207513
0 0.402227 0.541238 0.0150701 0.0256063 0.196243
0 0.5625 0.577632 0 0.166335 0.192171
0 0.398107 0.536963 0.0156611 0.0241227 0.18569
0 0.244334 0.565154 0.0432355 0.0743191 0.184024
0 0.5625 0.53861 0 0.0466565 0.178687
0 0.522936 0.472882 0.0708167 0.0786439 0.177469
0 0.40295 0.535032 0.014042 0.0236137 0.177378
0 0.434733 0.534157 0.012989 0.0241069 0.175439
0 0.093622 0.606036 0.0683291 0.0793884 0.173072
0 0.358188 0.548201 0.019991 0.0293007 0.172932
0 0.0331822 0.676027 0.0663643 0.305957 0.170177
0 0.5625 0.539361 0 0.0550256 0.166937
0 0.5625 0.553961 0 0.131867 0.16591
0 0.5625 0.573389 0 0.164669 0.158145
0 0.323885 0.547678 0.0263955 0.0383489 0.156823
0 0.01176 0.614531 0.0234138 0.164437 0.15309
0 0.352554 0.550868 0.0252501 0.0292306 0.14915
0 0.051714 0.693393 0.102404 0.333742 0.148937
0 0.391484 0.538119 0.0128208 0.0208198 0.146685
0 0.260366 0.569347 0.0342632 0.0656579 0.14205
0 0.423652 0.53122 0.0139721 0.0238864 0.141611
0 0.0573292 0.623139 0.103411 0.141387 0.139956
0 0.413286 0.537669 0.014196 0.0245373 0.138575
0 0.0767624 0.618427 0.0927616 0.106089 0.137697
0 0.484929 0.502327 0.0128238 0.0341609 0.134878
0 0.135297 0.606022 0.0503109 0.0682986 0.134399
0 0.434957 0.525534 0.0186242 0.0336112 0.132835
0 0.0435719 0.617499 0.0558642 0.118618 0.130831
0 0.886128 0.578068 0.174039 0.206425 0.127169
0 0.7711 0.559824 0.111937 0.160757 0.125356
0 0.302945 0.551306 0.0208321 0.0439373 0.124879
0 0.416905 0.537263 0.0139438 0.0230799 0.124479
0 0.739242 0.552476 0.0719853 0.139038 0.12397
0 0.430354 0.534693 0.0138071 0.0209245 0.122837
0 0.176504 0.586986 0.0683207 0.0856378 0.119914
0 0.848511 0.583785 0.118437 0.163962 0.119733
0 0.39689 0.542449 0.0144578 0.0232597 0.114833
0 0.023718 0.634688 0.0447886 0.128677 0.114078
0 0.487567 0.499793 0.0133652 0.0413088 0.112091
0 0.00796028 0.640985 0.0161477 0.13896 0.111803
0 0.0951532 0.610955 0.0861503 0.106324 0.110108
0 0.443083 0.514618 0.0251903 0.0301093 0.107882
0 0.344452 0.550961 0.0184163 0.0289719 0.103725
0 0.00805533 0.582481 0.0160266 0.095512 0.0993103
0 0.0295914 0.59212 0.0595722 0.121122 0.0978786
0 0.760423 0.548935 0.0731909 0.132697 0.0975006
0 0.782758 0.577531 0.168349 0.199163 0.0972531
0 0.0463171 0.603081 0.0424465 0.0913478 0.0960883
0 0.221044 0.566888 0.0858173 0.106152 0.0946295
0 0.502805 0.510721 0.0286801 0.0489905 0.0928199
0 0.472566 0.509215 0.0180569 0.0215042 0.0925333
0 0.637447 0.541489 0.0234402 0.0557883 0.0899404
0 0.532661 0.489506 0.0556171 0.0925159 0.0886068
0 0.440418 0.525911 0.025954 0.0356842 0.087219
0 0.330478 0.552592 0.0168185 0.0333957 0.0849362
0 0.57782 0.540437 0.0152181 0.0333323 0.0841153
0 0.115515 0.604039 0.0876553 0.0882444 0.0826834
0 0.488982 0.494102 0.0176831 0.0534971 0.0811995
0 0.007095 0.566637 0.0137553 0.0694433 0.0809914
0 0.751546 0.572628 0.0935417 0.129823 0.0805103
0 0.013244 0.647967 0.0269227 0.132225 0.0791021
0 0.488969 0.512383 0.0146344 0.0324993 0.0783005
0 0.264969 0.5531 0.0631969 0.0908531 0.0744138
0 0.736102 0.578342 0.0572764 0.096842 0.074357
0 0.317611 0.550082 0.0198145 0.0362682 0.073612
0 0.0400197 0.585786 0.0441007 0.0695536 0.0723637
0 0.282152 0.532248 0.067592 0.106755 0.0708636
0 0.53421 0.462211 0.0475618 0.0654384 0.0708148
0 0.570305 0.53349 0.0131683 0.0339294 0.069182
0 0.266015 0.568321 0.0220629 0.0423682 0.0661541
0 0.245212 0.562708 0.0777243 0.0987375 0.0645816
0 0.537012 0.48757 0.0430983 0.0641389 0.064312
0 0.434594 0.520252 0.0144993 0.0210091 0.0636661
0 0.921713 0.589956 0.146228 0.245186 0.0632428
0 0.0263681 0.573199 0.0510117 0.0851276 0.0632325
0 0.307384 0.558981 0.0194095 0.0386829 0.063135
0 0.491185 0.483215 0.0269117 0.0699839 0.0623711
0 0.484825 0.511616 0.0104379 0.0276917 0.0612529
0 0.769029 0.506324 0.0484973 0.0543103 0.0610517
0 0.18127 0.58202 0.105168 0.109048 0.0600567
0 0.64796 0.48865 0.0827603 0.0999745 0.0589781
0 0.879459 0.627254 0.159332 0.217182 0.0583747
0 0.858217 0.540566 0.219884 0.231137 0.0578803
0 0.00547379 0.553609 0.0111257 0.0468328 0.0578229
0 0.980119 0.52221 0.0415678 0.0785617 0.0557917
0 0.824106 0.563974 0.0982263 0.16607 0.0552198
0 0.0679712 0.663199 0.127648 0.226199 0.0540981
0 0.440862 0.517906 0.0156555 0.0203003 0.053707
0 0.875123 0.601572 0.0915699 0.145047 0.0534143
0 0.977541 0.580699 0.0447084 0.212136 0.0531837
0 0.634129 0.534053 0.0259481 0.0537222 0.0529287
0 0.0819525 0.554976 0.0455614 0.0659128 0.0528332
0 0.271513 0.56267 0.0228981 0.0402723 0.0525492
0 0.130146 0.592349 0.0800514 0.107705 0.0520407
0 0.640685 0.533512 0.0251853 0.0553946 0.0510336
0 0.493031 0.524095 0.018987 0.0425759 0.0509085
0 0.55375 0.530424 0.0182357 0.0386788 0.0504496
0 0.771528 0.49587 0.0379524 0.0341904 0.049586
0 0.50044 0.504663 0.0357441 0.0907882 0.0495615
0 0.349176 0.543681 0.0219733 0.0288495 0.0492789
0 0.0417125 0.769539 0.0842865 0.357311 0.0490137
0 0.261453 0.562597 0.0260561 0.039433 0.0489731
0 0.0100096 0.671814 0.0202871 0.176607 0.0487996
0 0.015414 0.676946 0.0314304 0.199538 0.0486685
0 0.572568 0.524837 0.0137941 0.0240471 0.0481744
0 0.409071 0.536814 0.0110871 0.0218398 0.0480424
0 0.801545 0.598625 0.083787 0.126634 0.0477936
0 0.475819 0.510764 0.0140474 0.0188159 0.0477427
0 0.26415 0.57778 0.0228363 0.0435383 0.0474714
0 0.340133 0.556488 0.0192465 0.0310353 0.0474126
0 0.898618 0.612673 0.0831194 0.165871 0.0472604
0 0.858936 0.629452 0.204444 0.304134 0.0470866
0 0.0716714 0.747995 0.134384 0.232855 0.0466463
0 0.400297 0.522772 0.0126723 0.0213142 0.046452
0 0.82044 0.603837 0.055471 0.104191 0.0457091
0 0.981935 0.500354 0.0381392 0.0887945 0.0453973
0 0.956492 0.53314 0.0848541 0.270497 0.0449605
0 0.425432 0.544696 0.0125316 0.0300769 0.0449266
0 0.397322 0.521831 0.0145479 0.0215486 0.044252
0 0.978984 0.51221 0.0429705 0.170496 0.0440854
0 0.15064 0.575393 0.101166 0.110289 0.0431095
0 0.837537 0.605954 0.070426 0.111019 0.042825
0 0.527789 0.531116 0.0627664 0.0937758 0.0425462
0 0.434335 0.543056 0.018233 0.0334051 0.0423797
0 0.920801 0.624801 0.041345 0.126751 0.0420279
0 0.502597 0.53661 0.0182685 0.0359904 0.0417501
0 0.728052 0.511895 0.0580248 0.0561218 0.0415888
0 0.755802 0.506473 0.0490643 0.0448986 0.0412267
0 0.779682 0.5233 0.066646 0.088684 0.0411776
0 0.276473 0.567834 0.0246321 0.0415382 0.0408856
0 0.569892 0.546251 0.0165455 0.0403292 0.040367
0 0.654072 0.476076 0.0637063 0.071581 0.0403649
0 0.0909754 0.566267 0.0644595 0.0870388 0.0402372
0 0.719693 0.52524 0.0673001 0.0786423 0.0396333
0 0.651561 0.534882 0.0384 0.0759326 0.0395286
0 0.947247 0.634334 0.0952568 0.147872 0.0391879
0 0.824527 0.62372 0.153343 0.235818 0.0390021
0 0.683869 0.549452 0.0471378 0.0816911 0.0385479
0 0.695924 0.552005 0.0531579 0.120845 0.03771
0 0.422748 0.520535 0.012994 0.0170113 0.0375376
0 0.0167481 0.734141 0.0346911 0.231756 0.0372213
0 0.273125 0.574392 0.0267081 0.0448168 0.0370083
0 0.518353 0.42982 0.0480944 0.0467832 0.0366457
0 0.196127 0.555497 0.0812088 0.103075 0.0365638
0 0.971839 0.536614 0.0569767 0.10196 0.0363642
0 0.811554 0.540768 0.142543 0.184106 0.0356932
0 0.777709 0.501467 0.0405149 0.0441288 0.0356526
0 0.566533 0.520755 0.01463 0.025032 0.0351906
0 0.076057 0.807875 0.140325 0.299462 0.0347885
0 0.632526 0.522826 0.0441098 0.0695514 0.0345825
0 0.315354 0.53108 0.0193688 0.0301763 0.0344749
0 0.272133 0.545364 0.032132 0.0410544 0.0343219
0 0.958625 0.523524 0.0834166 0.116604 0.0328932
0 0.51322 0.423275 0.0411144 0.0354006 0.0328673
0 0.987481 0.465869 0.025848 0.0793798 0.0319383
0 0.329713 0.543192 0.0196954 0.0316806 0.0319329
0 0.498707 0.535425 0.0213821 0.05323 0.0318169
0 0.483563 0.517467 0.0224237 0.0246463 0.0317432
0 0.773458 0.488224 0.0282412 0.0253517 0.0315352
0 0.764003 0.495929 0.0734336 0.0592009 0.0314272
0 0.498867 0.541573 0.0161372 0.0396699 0.0314111
0 0.620457 0.510651 0.0435428 0.062537 0.0302956
0 0.804863 0.532071 0.0646099 0.0910721 0.0300515
0 0.980587 0.471481 0.0419991 0.108448 0.0296128
0 0.0658683 0.563604 0.0667585 0.0927101 0.0294443
0 0.939936 0.511069 0.120873 0.203536 0.0286189
0 0.334896 0.56646 0.0345947 0.0554441 0.0285806
0 0.229342 0.554222 0.0479017 0.0774231 0.0282823
0 0.0246237 0.672979 0.0511261 0.192889 0.0280825
0 0.762924 0.472212 0.0443229 0.0394709 0.0279808
0 0.085185 0.579118 0.089838 0.14387 0.0279428
0 0.968462 0.617064 0.0632862 0.200802 0.0278517
0 0.314191 0.535811 0.0263442 0.0522183 0.0276056
0 0.929115 0.617685 0.0772146 0.170526 0.0275935
0 0.775886 0.478403 0.0257148 0.0272867 0.0271946
0 0.236624 0.605668 0.0549325 0.0884504 0.0261341
0 0.213323 0.595659 0.0419783 0.0691177 0.0260843
0 0.983854 0.62829 0.0307898 0.158696 0.0255566
0 0.278339 0.509638 0.0583037 0.0934959 0.025232
0 0.647522 0.500256 0.0550796 0.0815731 0.0252282
0 0.050109 0.526868 0.0916144 0.303553 0.02518
0 0.119646 0.640546 0.041047 0.075223 0.0250541
0 0.646864 0.511348 0.0323334 0.0432953 0.0250259
0 0.422496 0.542516 0.0131948 0.0276968 0.0247902
0 0.483434 0.542855 0.0327837 0.0607897 0.0243419
0 0.0247222 0.537348 0.0515934 0.147935 0.0241534
0 0.0168254 0.518789 0.0337346 0.256745 0.0240333
0 0.129586 0.562261 0.0741417 0.0890927 0.0240299
0 0.900889 0.555266 0.111382 0.1277 0.0238755
0 0.972307 0.651201 0.0543098 0.12918 0.0237185
0 0.183219 0.656275 0.0799708 0.157682 0.0236005
0 0.10653 0.569562 0.107714 0.143565 0.0235663
0 0.918208 0.591024 0.0972246 0.19482 0.0231579
0 0.450138 0.557935 0.044492 0.0782199 0.0228849
0 0.559551 0.541813 0.0120721 0.0287811 0.0228291
0 0.0118244 0.551471 0.0237293 0.0702555 0.0228197
0 0.851921 0.620371 0.0928295 0.115733 0.0227247
0 0.522424 0.439878 0.0627706 0.0653621 0.0227168
0 0.579579 0.554047 0.0192416 0.043537 0.0226675
0 0.746088 0.469617 0.0263123 0.0290526 0.02255
0 0.631186 0.50456 0.052709 0.0815253 0.0224276
0 0.561133 0.535895 0.0177824 0.0402563 0.0222207
0 0.386445 0.546566 0.0119856 0.0193653 0.0221374
0 0.257935 0.54618 0.0235958 0.0318443 0.0220102
0 0.0774781 0.548009 0.0574799 0.0949559 0.0218368
0 0.0279566 0.414598 0.0602601 0.309801 0.0218081
0 0.955201 0.699054 0.0870947 0.194161 0.0215778
0 0.773064 0.636948 0.112323 0.194524 0.0214325
0 0.568092 0.4929 0.0142668 0.0228119 0.0214215
0 0.684675 0.511437 0.0420645 0.0580802 0.0210022
0 0.626411 0.544499 0.0301464 0.0553891 0.0209577
0 0.53247 0.546744 0.0264079 0.0455476 0.0208539
0 0.393182 0.420232 0.0237392 0.0341548 0.020527
0 0.776763 0.470088 0.0279413 0.0331084 0.0204823
0 0.150656 0.544164 0.105309 0.0961839 0.020327
0 0.503547 0.57494 0.0220695 0.0389494 0.0201271
0 0.474629 0.520266 0.0241743 0.0462913 0.0200053
0 0.0507634 0.539513 0.0555181 0.113436 0.0199631
0 0.694573 0.59503 0.0736176 0.149954 0.0197795
0 0.316833 0.330667 0.0249799 0.0416318 0.0196724
0 0.654815 0.598095 0.0422215 0.085085 0.019636
0 0.414014 0.469446 0.0196605 0.0286394 0.0195256
0 0.585562 0.549234 0.0198307 0.0438049 0.0194664
0 0.825711 0.532396 0.0750285 0.0972181 0.0194621
0 0.023333 0.477557 0.0440802 0.258879 0.01916
0 0.386705 0.516464 0.0139686 0.0200105 0.019139
0 0.369919 0.459866 0.0178409 0.0272524 0.0191046
0 0.627104 0.540891 0.017007 0.0376281 0.018955
0 0.697807 0.509813 0.040758 0.0489973 0.0187244
0 0.885692 0.538508 0.111131 0.116185 0.0187112
0 0.730523 0.59574 0.12008 0.184978 0.0186977
0 0.925894 0.697447 0.116804 0.221205 0.0186585
0 0.398769 0.46817 0.0194735 0.0322635 0.018588
0 0.303811 0.563034 0.0190491 0.0373033 0.0185695
0 0.948929 0.500645 0.100589 0.121438 0.0185641
0 0.0624193 0.475973 0.101231 0.192435 0.0185578
0 0.769565 0.506332 0.142965 0.161019 0.0184902
0 0.62932 0.506272 0.0866978 0.107013 0.0182516
0 0.4223 0.476452 0.0182308 0.0241471 0.0182045
0 0.0609341 0.428639 0.0576857 0.0652963 0.0181155
0 0.389024 0.466565 0.0197475 0.0318439 0.0179709
0 0.0834563 0.813416 0.110647 0.159716 0.01786
0 0.162126 0.657367 0.06385 0.114745 0.0178225
0 0.165463 0.901401 0.0544365 0.0779829 0.017788
0 0.963281 0.48425 0.0684433 0.107642 0.0176605
0 0.987627 0.655636 0.0228703 0.119906 0.0175194
0 0.376736 0.551908 0.0138406 0.0222033 0.0174847
0 0.98493 0.409652 0.0317825 0.133539 0.0173045
0 0.990726 0.799225 0.0186659 0.124023 0.0172999
0 0.986743 0.430741 0.0262232 0.0922176 0.0172861
0 0.884269 0.741436 0.205938 0.339924 0.0171541
0 0.639855 0.454931 0.0844755 0.0998035 0.0171538
0 0.657579 0.5016 0.0388034 0.0390588 0.0171141
0 0.565593 0.560318 0.0161304 0.0369891 0.0170728
0 0.389685 0.551153 0.0128361 0.0212554 0.0169449
0 0.0366169 0.756575 0.0688105 0.262168 0.0168283
0 0.437263 0.487246 0.0139639 0.0197905 0.0167968
0 0.502801 0.549567 0.0153155 0.0373279 0.016783
0 0.58542 0.51495 0.0221159 0.0299159 0.0167616
0 0.933426 0.52295 0.0860266 0.106217 0.0167069
0 0.221098 0.528889 0.0886742 0.108146 0.0166625
0 0.964641 0.87703 0.0743765 0.207731 0.01663
0 0.411534 0.542408 0.0125979 0.0227272 0.0165722
0 0.363103 0.456526 0.0199028 0.0296831 0.0165493
0 0.494203 0.438942 0.0212131 0.0275417 0.0165137
0 0.0879495 0.322325 0.0261562 0.0486077 0.0164355
0 0.978313 -0.0115166 0.0417559 0.0456656 0.0162865
0 0.923763 0.540358 0.0831881 0.111531 0.0161938
0 0.739516 0.605851 0.0646869 0.116332 0.0161552
0 0.836825 0.762878 0.203185 0.311474 0.0161211
0 0.825699 0.624108 0.0487013 0.0846822 0.0159994
