0 0.240656 0.521798 0.078532 0.0815771 0.903471
0 0.399264 0.545338 0.113881 0.163525 0.89889
0 0.560177 0.524887 0.0046463 0.235066 0.896289
0 0.0920697 0.530699 0.13054 0.118405 0.858057
0 0.5625 0.490386 0 0.0740442 0.804186
0 0.305874 0.504135 0.0348078 0.0412735 0.784474
0 0.345135 0.499537 0.0222127 0.0414994 0.597286
0 0.5625 0.497937 0 0.0407264 0.414454
0 0.528575 0.491305 0.0204182 0.0248636 0.391566
0 0.4434 0.494158 0.0244803 0.0408028 0.338143
0 0.559618 0.492387 0.00576487 0.041326 0.327678
0 0.552061 0.492304 0.020878 0.0373031 0.307412
0 0.469196 0.484802 0.0530987 0.0950768 0.297748
0 0.47131 0.501069 0.0451173 0.0620562 0.279196
0 0.279714 0.508327 0.0204436 0.0381161 0.265983
0 0.546534 0.491342 0.0283685 0.0343266 0.259293
0 0.5625 0.490482 0 0.0607124 0.255196
0 0.5625 0.484801 0 0.069415 0.239299
0 0.169485 0.516733 0.0440182 0.0546616 0.237526
0 0.530626 0.491523 0.0147366 0.0196539 0.221733
0 0.5625 0.523901 0 0.100827 0.220729
0 0.5625 0.469928 0 0.0517706 0.219787
0 0.343135 0.503856 0.0164799 0.0346453 0.218837
0 0.5625 0.491095 0 0.0580678 0.21791
0 0.349262 0.493679 0.0307232 0.0544668 0.211649
0 0.5625 0.482308 0 0.0840311 0.211607
0 0.356959 0.492431 0.0456955 0.06074 0.186401
0 0.5625 0.470422 0 0.208478 0.184424
0 0.5625 0.498543 0 0.0326425 0.184155
0 0.509106 0.487348 0.0163827 0.0215126 0.183707
0 0.5625 0.490994 0 0.0668257 0.166197
0 0.495761 0.489301 0.0213163 0.0274193 0.165663
0 0.275928 0.51144 0.0219574 0.0456427 0.165013
0 0.445736 0.492908 0.0163349 0.0287603 0.16103
0 0.527137 0.491979 0.013799 0.020257 0.161002
0 0.5625 0.475065 0 0.0731481 0.159263
0 0.0444147 0.955224 0.0888293 0.0895524 0.156816
0 0.55302 0.492295 0.0177377 0.0279775 0.156147
0 0.0172821 0.531862 0.0345641 0.0829343 0.154755
0 0.5625 0.513491 0 0.110856 0.153531
0 0.0239015 0.537839 0.0477492 0.100207 0.150945
0 0.0110326 0.526544 0.0220653 0.0766853 0.147995
0 0.200749 0.534668 0.0242346 0.0564664 0.146796
0 0.176767 0.525538 0.0587419 0.0755684 0.144957
0 0.284975 0.508471 0.0182014 0.0333267 0.141793
0 0.20749 0.528729 0.0368241 0.0671824 0.140422
0 0.495103 0.498708 0.0233435 0.0376966 0.136674
0 0.190093 0.526309 0.0395589 0.0667348 0.131801
0 0.45783 0.503257 0.0416912 0.0643525 0.131022
0 0.5625 0.524472 0 0.103811 0.130447
0 0.950964 0.528563 0.0877171 0.0906042 0.129837
0 0.572012 0.504675 0.0341313 0.0823873 0.126123
0 0.448459 0.499916 0.0138276 0.0261335 0.125971
0 0.337198 0.503491 0.015776 0.0294622 0.123705
0 0.570392 0.501375 0.0254606 0.0639899 0.123432
0 0.346728 0.502641 0.0156028 0.0310878 0.122338
0 0.351447 0.497627 0.0209797 0.040708 0.122284
0 0.341968 0.497238 0.0166201 0.0293964 0.118872
0 0.493768 0.494413 0.0179375 0.0282274 0.11519
0 0.281739 0.512103 0.0159474 0.0278924 0.112514
0 0.437147 0.49461 0.0360681 0.049054 0.111857
0 0.543284 0.491858 0.0164095 0.0261344 0.111605
0 0.289142 0.506288 0.0176378 0.0264275 0.111598
0 0.333409 0.500406 0.017882 0.0292963 0.111552
0 0.438713 0.490252 0.0229882 0.0358954 0.110955
0 0.44933 0.494476 0.0171228 0.0287412 0.110393
0 0.0142914 0.921879 0.0279259 0.0282138 0.108846
0 0.337687 0.510291 0.0153369 0.0288409 0.108482
0 0.156574 0.518671 0.0275908 0.0545401 0.106205
0 0.918296 0.521569 0.0829903 0.073607 0.105324
0 0.0255075 0.939467 0.049572 0.0544752 0.105233
0 0.206353 0.523646 0.0537256 0.0851689 0.102096
0 0.327479 0.505962 0.0156754 0.0278722 0.101609
0 0.0158323 0.623277 0.0342774 0.227603 0.101222
0 0.751407 0.482369 0.0608527 0.0822157 0.100666
0 0.0328474 0.526763 0.065752 0.105052 0.0991855
0 0.0388463 0.534816 0.0386465 0.0847435 0.0987184
0 0.537415 0.490109 0.0149749 0.0252816 0.0984784
0 0.442329 0.494466 0.0161673 0.0275119 0.0969507
0 0.49864 0.498167 0.0139184 0.0193245 0.0953246
0 0.294227 0.50732 0.0183078 0.0263553 0.095272
0 0.322922 0.503438 0.0173527 0.030147 0.0932948
0 0.347323 0.510568 0.0168527 0.0318368 0.0927901
0 0.525312 0.479675 0.0173611 0.0253957 0.0921541
0 0.455284 0.495076 0.0160833 0.0302128 0.0919344
0 0.74212 0.494886 0.0167971 0.029243 0.0906787
0 0.438654 0.483927 0.0150143 0.0244084 0.0889277
0 0.570957 0.483762 0.0218739 0.0360484 0.0875327
0 0.492634 0.502556 0.0162642 0.0296065 0.0875027
0 0.37811 0.489408 0.0653946 0.0596173 0.0854398
0 0.307902 0.505781 0.0264248 0.0324533 0.0852956
0 0.748119 0.490855 0.0288858 0.0453028 0.0850859
0 0.751348 0.500436 0.0194464 0.0300197 0.0845613
0 0.974843 0.499541 0.0525742 0.104418 0.0824051
0 0.168603 0.505998 0.0546722 0.0767506 0.0813197
0 0.512935 0.4954 0.0147545 0.0240978 0.0811864
0 0.350366 0.498156 0.0156738 0.0311807 0.0791688
0 0.76925 0.505662 0.0683901 0.0910934 0.0787852
0 0.856145 0.448429 0.0347513 0.035345 0.0787679
0 0.320781 0.501132 0.0122738 0.0254964 0.0778472
0 0.810757 0.462038 0.068602 0.0711638 0.0778263
0 0.946419 0.460783 0.108377 0.112165 0.0766378
0 0.759398 0.492814 0.0177682 0.0260134 0.0758639
0 0.127128 0.522161 0.0581636 0.0941297 0.0757492
0 0.0645198 0.532797 0.0778722 0.105066 0.0750555
0 0.410778 0.489829 0.0723612 0.0566464 0.0734678
0 0.0278121 0.95687 0.0571382 0.0820118 0.0734064
0 0.171947 0.541139 0.0647138 0.127401 0.0733016
0 0.0121745 0.656776 0.0250333 0.206243 0.0726534
0 0.170569 0.794101 0.0309588 0.035279 0.0726462
0 0.954062 0.494006 0.0914751 0.119534 0.0714513
0 0.973444 0.458919 0.055088 0.130673 0.0714327
0 0.0665904 0.952201 0.045128 0.0748864 0.0708084
0 0.798582 0.486172 0.0187759 0.0337526 0.070338
0 0.900453 0.448587 0.0752367 0.0707731 0.068728
0 0.443961 0.485193 0.0314909 0.0511525 0.0681944
0 0.57243 0.483913 0.0290659 0.0555274 0.0680915
0 0.919243 0.460687 0.0778774 0.0619431 0.0676477
0 0.776865 0.495492 0.022221 0.031144 0.0675795
0 0.561359 0.49597 0.0176714 0.0342121 0.0671762
0 0.924333 0.480361 0.112706 0.131469 0.0666351
0 0.363749 0.480839 0.0233435 0.03667 0.0659112
0 0.377039 0.523913 0.0573302 0.103113 0.0657463
0 0.361738 0.501704 0.026651 0.0542634 0.0656006
0 0.0504914 0.528933 0.0563048 0.0953964 0.0641821
0 0.197711 0.530493 0.0178118 0.0337517 0.0638782
0 0.928079 0.45616 0.0662399 0.0470866 0.0636233
0 0.804068 0.485841 0.0221755 0.0454642 0.0631003
0 0.0347313 0.931012 0.0503802 0.0390606 0.0619727
0 0.405962 0.471005 0.0499547 0.0350794 0.0582965
0 0.873926 0.452945 0.0770481 0.0867497 0.0579514
0 0.0188134 0.918683 0.0250271 0.0246774 0.0576496
0 0.00938751 0.695678 0.0191339 0.127972 0.0575102
0 0.841177 0.466042 0.092424 0.100322 0.0571502
0 0.0208186 0.508442 0.0424287 0.114466 0.0563178
0 0.446029 0.48196 0.015509 0.0235886 0.0543233
0 0.440938 0.478616 0.0163068 0.0219661 0.0537707
0 0.855467 0.435736 0.0363993 0.0375871 0.0529273
0 0.815421 0.474316 0.0264681 0.0324051 0.0528844
0 0.93092 0.442616 0.131803 0.0879005 0.052446
0 0.286847 0.516139 0.0191019 0.0318492 0.05203
0 0.490054 0.479151 0.0147943 0.0233295 0.0509219
0 0.0795861 0.915745 0.0330198 0.0387449 0.0485604
0 0.620021 0.695928 0.0240687 0.0352587 0.0481794
0 0.0465604 0.638357 0.0898578 0.227351 0.0471291
0 0.834567 0.465142 0.0771738 0.0695959 0.0461784
0 0.127919 0.503526 0.0490912 0.0532042 0.0461368
0 0.0116572 0.554751 0.0227312 0.123075 0.0461149
0 0.138204 0.514921 0.0458094 0.0738399 0.0446609
0 0.506877 0.495365 0.0139209 0.0203983 0.0445598
0 0.274467 0.514961 0.0206133 0.0288748 0.0445271
0 0.461159 0.479876 0.0236501 0.044426 0.0436338
0 0.943353 0.427286 0.117837 0.133581 0.0436042
0 0.0290236 0.625988 0.0571317 0.282083 0.0435305
0 0.481781 0.445657 0.0438293 0.0871379 0.0431502
0 0.116482 0.49833 0.0649511 0.0506465 0.0430556
0 0.895388 0.438935 0.203618 0.199237 0.0427382
0 0.749861 0.472695 0.0414851 0.0633223 0.0424991
0 0.467997 0.498835 0.0684672 0.101754 0.0421552
0 0.0167826 0.970742 0.033508 0.0592841 0.0421023
0 0.898007 0.435867 0.109921 0.104669 0.0418671
0 0.837017 0.447273 0.0760756 0.059173 0.0413902
0 0.444642 0.505086 0.0175151 0.0294387 0.0411074
0 0.178839 0.507059 0.068624 0.0988227 0.0408857
0 0.368073 0.496319 0.0503942 0.0685008 0.040874
0 0.73443 0.487907 0.0565391 0.0995691 0.0405345
0 0.720859 0.496171 0.0578417 0.114124 0.0403838
0 0.904078 0.50086 0.0590576 0.074511 0.0400181
0 0.74238 0.482211 0.0253785 0.0419351 0.0399644
0 0.0379805 0.506354 0.0713655 0.109955 0.0397016
0 0.57085 0.517114 0.028081 0.0552443 0.0394536
0 0.986926 0.556029 0.0278007 0.156831 0.0391059
0 0.780514 0.468958 0.0821599 0.0947995 0.0388077
0 0.152739 0.501831 0.0572866 0.0862207 0.0386817
0 0.55672 0.413072 0.0792352 0.131145 0.0383499
0 0.0134388 0.912715 0.0172761 0.0293876 0.0366125
0 0.401964 0.455732 0.0406043 0.0366376 0.0364803
0 0.254454 0.496193 0.0589933 0.0763702 0.0355535
0 0.932002 0.356393 0.140444 0.378856 0.0353883
0 0.736862 0.487949 0.0353362 0.0598509 0.0353719
0 0.450894 0.505579 0.0158527 0.0340457 0.0350692
0 0.595441 0.231825 0.0552379 0.0646236 0.0348027
0 0.166289 0.779165 0.0511534 0.0742171 0.0347228
0 0.266767 0.510098 0.0304373 0.052694 0.0347204
0 0.0661401 0.681814 0.130838 0.315313 0.0346841
0 0.145987 0.535756 0.0735488 0.110771 0.0343381
0 0.172082 0.783853 0.0386408 0.0587714 0.0342194
0 0.348757 0.540073 0.0168703 0.0331725 0.0341604
0 0.0989421 0.944308 0.0329268 0.0626848 0.0341093
0 0.0181904 0.752607 0.0387652 0.253502 0.0339966
0 0.34384 0.506337 0.012966 0.0247441 0.0339965
0 0.97132 0.403395 0.0549294 0.0752791 0.0339225
0 0.182317 0.513192 0.0222439 0.0351981 0.0338485
0 0.302011 0.490826 0.0358181 0.0531153 0.0338365
0 0.0175446 0.556944 0.036893 0.156635 0.0332249
0 0.447685 0.510306 0.0195859 0.0457157 0.0325602
0 0.162279 0.538099 0.0389741 0.0610381 0.0323969
0 0.0215293 0.674799 0.0425204 0.202073 0.0322734
0 0.0641264 0.671593 0.119952 0.189346 0.0321211
0 0.922427 0.536573 0.102703 0.107953 0.0318655
0 0.955029 0.39598 0.0938936 0.0973887 0.0317951
0 0.325867 0.510229 0.0202032 0.0359807 0.0315772
0 0.0549042 0.726113 0.104477 0.244639 0.0310152
0 0.553432 0.237762 0.0316701 0.0501372 0.0309013
0 0.583663 0.456684 0.0241493 0.0380745 0.0308301
0 0.51098 0.491181 0.0119454 0.0184194 0.0308026
0 0.542046 0.496803 0.0165701 0.0257217 0.0304734
0 0.742874 0.514312 0.0178709 0.0337849 0.0302982
0 0.0514169 0.490875 0.104989 0.193943 0.0302306
0 0.821649 0.460874 0.0464548 0.0390433 0.0299829
0 0.133205 0.916289 0.0311746 0.0353039 0.0295077
0 0.437324 0.51469 0.0335069 0.0772172 0.02947
0 0.100969 0.487282 0.152057 0.160744 0.0294022
0 0.406991 0.522508 0.0968458 0.109124 0.0291999
0 0.12671 0.789944 0.0517471 0.075649 0.0291483
0 0.250627 0.325583 0.0391744 0.0497335 0.0290716
0 0.0398572 0.767291 0.0749111 0.24453 0.0290516
0 0.0780963 0.793227 0.0931129 0.125626 0.0288731
0 0.131456 0.924474 0.0386121 0.0464096 0.0288627
0 0.106518 0.493048 0.0625486 0.0416803 0.0288229
0 0.0228082 0.922826 0.0383966 0.0548221 0.0284408
0 0.0124048 0.724622 0.0250684 0.142587 0.0282457
0 0.179902 0.52891 0.0302363 0.0512159 0.0281479
0 0.962337 0.719996 0.0758537 0.270735 0.0277079
0 0.694685 0.516878 0.0848406 0.165828 0.0276721
0 0.849749 0.442321 0.115885 0.141602 0.0276285
0 0.0223578 0.485968 0.0400982 0.191453 0.0275426
0 0.531961 0.49636 0.0136921 0.0200822 0.0272086
0 0.828138 0.497258 0.0312666 0.0410453 0.0271651
0 0.147461 0.778854 0.047899 0.0709512 0.02686
0 0.499814 0.479071 0.0151384 0.0184213 0.0267134
0 0.167201 0.564593 0.0599974 0.0989504 0.0267112
0 0.159407 0.792311 0.050474 0.0608478 0.0267069
0 0.656511 0.416962 0.090327 0.0297529 0.0266737
0 0.278742 0.498185 0.0168762 0.0268474 0.0266639
0 0.593913 0.470037 0.0472658 0.0705554 0.0265848
0 0.158547 0.714754 0.133191 0.243107 0.0265603
0 0.0578464 0.779078 0.110913 0.201746 0.0264386
0 0.367871 0.467522 0.0198669 0.0232427 0.0263606
0 0.494212 0.166865 0.0219177 0.0372928 0.0262918
0 0.186078 0.79891 0.0594901 0.0821543 0.0261575
0 0.238237 0.31587 0.02412 0.0501086 0.0260088
0 0.56561 0.507654 0.0150903 0.038346 0.0259048
0 0.772751 0.500517 0.0416503 0.0530651 0.025734
0 0.73292 0.271886 0.0288889 0.0468119 0.0256945
0 0.0329571 0.484233 0.065979 0.117877 0.0256928
0 0.930538 0.566039 0.116851 0.182972 0.0255304
0 0.646336 0.133187 0.0323768 0.0473573 0.0253411
0 0.0504004 0.966004 0.0620078 0.0702065 0.0252698
0 0.286693 0.500424 0.0191668 0.0315621 0.0252663
0 0.112808 0.934949 0.0364562 0.0486384 0.0252011
0 0.273893 0.52192 0.017346 0.0386312 0.0250392
0 0.23861 0.503355 0.103747 0.122935 0.0249524
0 0.161759 0.499329 0.0290893 0.0394134 0.0249323
0 0.667254 0.795827 0.0251843 0.0413261 0.024908
0 0.990175 0.559205 0.0197886 0.132043 0.0248568
0 0.275629 0.328679 0.0445422 0.0489532 0.024694
0 0.051759 0.477139 0.0973127 0.112403 0.0246732
0 0.283184 0.329535 0.0312204 0.0379259 0.0245364
0 0.0791217 0.507767 0.0911953 0.0775074 0.024513
0 0.351587 0.533968 0.0171624 0.0424985 0.0244346
0 0.240505 0.265003 0.0202452 0.0370561 0.0244334
0 0.214567 0.798473 0.0455225 0.0760047 0.0243067
0 0.212223 0.514393 0.0236108 0.0394316 0.024305
0 0.73366 0.502761 0.0231607 0.0415527 0.0241585
0 0.124645 0.94773 0.0572956 0.0857361 0.0241088
0 0.961303 0.867448 0.0810074 0.238905 0.0240182
0 0.299627 0.506421 0.0164742 0.0275063 0.0240048
0 0.0990324 0.748974 0.0795707 0.10007 0.023941
0 0.170501 0.856591 0.0559549 0.0957053 0.0239231
0 0.26236 0.520262 0.0318917 0.0497117 0.0238238
0 0.00392479 0.969242 0.0128416 0.0354987 0.0238058
0 0.0897418 0.934361 0.0389743 0.0533168 0.0237815
0 0.834156 0.434424 0.0951646 0.0939571 0.0235806
0 0.181677 0.777703 0.0663261 0.0856223 0.023493
0 0.61299 0.234713 0.0303199 0.0455146 0.0234743
0 0.219232 0.533372 0.0253454 0.0352965 0.023398
0 0.960587 0.400588 0.0739958 0.233257 0.0233673
0 0.164874 0.506602 0.0346138 0.0495274 0.0233224
0 0.698896 0.459465 0.0830583 0.0932265 0.023257
0 0.819162 0.448454 0.0415773 0.0372754 0.0230324
0 0.0375478 0.91425 0.031727 0.0339786 0.0230286
0 0.0430868 0.454721 0.0814261 0.130389 0.0229794
0 0.261905 0.293893 0.185188 0.3299 0.022907
0 0.0774287 0.903637 0.0249802 0.0222685 0.0228981
0 0.590248 0.449741 0.0456497 0.0552496 0.0226891
0 0.435268 0.472031 0.0145379 0.019637 0.0226415
0 0.0198856 0.699654 0.0400649 0.119916 0.0224515
0 0.177539 0.75174 0.0597826 0.0963231 0.0224158
0 0.356429 0.529262 0.0359011 0.105303 0.0223425
0 0.608505 0.230236 0.0423853 0.0540891 0.0222813
0 0.649303 0.410664 0.0642102 0.0308537 0.0222592
0 0.501402 0.0626147 0.0274376 0.0448504 0.0221982
0 0.689784 0.418843 0.0280006 0.0214601 0.0221135
0 0.990585 0.793648 0.0184113 0.101022 0.0220293
0 0.957225 0.378292 0.066428 0.0635432 0.0219314
0 0.584926 0.530638 0.0809507 0.160734 0.0218784
0 0.128059 0.555487 0.095597 0.136413 0.0218711
0 0.00730381 0.988006 0.0139152 0.0306659 0.021822
0 0.580504 0.338785 0.0201413 0.0431619 0.0216851
