0 0.508992 0.517148 0.0866299 0.115067 0.911056
0 0.23996 0.539401 0.170767 0.274986 0.869845
0 0.5625 0.490678 0 0.603933 0.842088
0 0.364485 0.521621 0.0234578 0.0360127 0.801027
0 0.0696 0.57837 0.1392 0.290939 0.79832
0 0.394504 0.511572 0.0430263 0.0720953 0.794303
0 0.131478 0.577731 0.0612103 0.148726 0.762899
0 0.5625 0.547535 0 0.285911 0.762093
0 0.334887 0.524578 0.0189443 0.0406613 0.718663
0 0.453854 0.514219 0.0398631 0.0669469 0.618182
0 0.348044 0.518253 0.0179353 0.0302327 0.611658
0 0.322397 0.525918 0.0206288 0.0520797 0.533581
0 0.445482 0.515938 0.023793 0.0553367 0.491265
0 0.462722 0.518196 0.0289191 0.0766924 0.489238
0 0.429862 0.501197 0.0167015 0.0289662 0.478242
0 0.355703 0.497701 0.015577 0.0226426 0.469616
0 0.382463 0.465517 0.0137251 0.0201913 0.455168
0 0.416102 0.501455 0.0139699 0.036334 0.433845
0 0.402061 0.450324 0.0106883 0.0171123 0.421259
0 0.37022 0.493645 0.0151896 0.0251757 0.381779
0 0.356061 0.49145 0.0144594 0.0216468 0.370574
0 0.338389 0.523896 0.0149212 0.0361028 0.354651
0 0.330618 0.525478 0.0163788 0.0410244 0.351114
0 0.401863 0.457039 0.0116362 0.0195295 0.324356
0 0.399098 0.446197 0.0106081 0.016672 0.307423
0 0.421673 0.494656 0.0144799 0.0286893 0.304456
0 0.421881 0.489762 0.0115793 0.0214862 0.302327
0 0.370197 0.475931 0.0145539 0.0237407 0.297913
0 0.416737 0.448078 0.011493 0.0170078 0.278107
0 0.323287 0.529349 0.0155907 0.0397269 0.268862
0 0.342797 0.521813 0.0146262 0.0318058 0.260228
0 0.404404 0.449634 0.00940771 0.0135362 0.257913
0 0.382487 0.460578 0.0129197 0.0225588 0.254377
0 0.357383 0.508684 0.0131125 0.0264887 0.251437
0 0.406714 0.448809 0.00983143 0.015797 0.250333
0 0.415515 0.497304 0.0108282 0.0272269 0.245923
0 0.419348 0.4504 0.0112696 0.0157952 0.244781
0 0.364292 0.491105 0.0146186 0.023032 0.239178
0 0.425082 0.494166 0.0131001 0.0313044 0.239103
0 0.407808 0.459258 0.0101379 0.0144946 0.229473
0 0.418686 0.4962 0.0101007 0.0233106 0.223124
0 0.365528 0.472304 0.0129256 0.0205073 0.221021
0 0.410183 0.457494 0.0106401 0.0133575 0.220624
0 0.353622 0.515985 0.0132966 0.0272785 0.212299
0 0.438103 0.508335 0.0160438 0.0367812 0.210075
0 0.359633 0.494134 0.0112612 0.019396 0.207358
0 0.383333 0.454661 0.0115228 0.0171694 0.203832
0 0.403167 0.447263 0.0106769 0.0142411 0.202267
0 0.398077 0.442202 0.0109123 0.014424 0.200027
0 0.396772 0.44687 0.0116247 0.0144315 0.198591
0 0.361299 0.475581 0.0123343 0.0187156 0.195489
0 0.386267 0.449933 0.0109479 0.0166933 0.193212
0 0.41019 0.470335 0.01092 0.0188595 0.192685
0 0.365052 0.498676 0.0107483 0.0194778 0.192209
0 0.346398 0.522347 0.0129539 0.0286617 0.190319
0 0.399754 0.456764 0.0112615 0.0150878 0.187378
0 0.371517 0.501469 0.0133168 0.0248405 0.185603
0 0.0220735 0.560548 0.0439062 0.280031 0.180207
0 0.369347 0.496142 0.0107818 0.018524 0.179557
0 0.364259 0.507439 0.0140177 0.0253972 0.176422
0 0.41419 0.485809 0.0131101 0.0229989 0.174938
0 0.418167 0.464903 0.0110124 0.0172022 0.170509
0 0.416465 0.459688 0.0123434 0.020232 0.164425
0 0.389253 0.452212 0.012357 0.0160216 0.159835
0 0.420562 0.479746 0.0107167 0.0215671 0.149578
0 0.374299 0.4542 0.0107552 0.0158168 0.147216
0 0.14541 0.583601 0.0329129 0.152016 0.145824
0 0.377929 0.458037 0.011412 0.0167396 0.141799
0 0.365251 0.45397 0.0115523 0.0157578 0.137704
0 0.568496 0.498825 0.0367404 0.0629209 0.135608
0 0.461278 0.453854 0.0657821 0.128144 0.1347
0 0.470504 0.516269 0.0286566 0.0931976 0.133205
0 0.406046 0.449828 0.0134437 0.0263067 0.131544
0 0.351764 0.519304 0.012491 0.0250558 0.126467
0 0.0087257 0.753774 0.0173657 0.299861 0.125131
0 0.00636936 0.765795 0.0138062 0.216544 0.122062
0 0.458837 0.517049 0.0190873 0.0559015 0.116023
0 0.147731 0.611105 0.0281726 0.0939418 0.11404
0 0.453171 0.512883 0.0154705 0.0445299 0.1132
0 0.442107 0.480834 0.0489116 0.101002 0.110902
0 0.395389 0.43189 0.00987463 0.0141207 0.110524
0 0.321043 0.535539 0.0135202 0.0317946 0.105857
0 0.65271 0.586702 0.157613 0.203682 0.102812
0 0.387244 0.432552 0.0105533 0.014759 0.0981723
0 0.368143 0.521172 0.014863 0.0277348 0.0978344
0 0.577441 0.502104 0.0386922 0.0623723 0.0971004
0 0.32552 0.524106 0.0147905 0.0438943 0.0969262
0 0.0199534 0.515358 0.0403921 0.184211 0.0951734
0 0.316818 0.521573 0.0172441 0.0441028 0.0911159
0 0.369154 0.459907 0.0106239 0.0159501 0.0896168
0 0.379361 0.431118 0.0114564 0.0170664 0.0872724
0 0.400929 0.431406 0.0114764 0.0152882 0.0843508
0 0.0104887 0.827321 0.0219395 0.297528 0.0823981
0 0.37218 0.515326 0.00952759 0.0252834 0.0819441
0 0.146971 0.524142 0.0274177 0.049624 0.0794024
0 0.0176018 0.757702 0.0374922 0.37612 0.0781188
0 0.416575 0.51376 0.0110755 0.0260067 0.0760228
0 0.321254 0.520584 0.0180257 0.0331163 0.0722251
0 0.436371 0.470338 0.0257172 0.0650574 0.0716205
0 0.328286 0.529061 0.01374 0.0322957 0.0693664
0 0.586736 0.50007 0.028511 0.0502596 0.0681563
0 0.411445 0.434824 0.0113198 0.0182489 0.0680886
0 0.344622 0.497317 0.0135216 0.0216059 0.0669684
0 0.0203067 0.459261 0.0408913 0.0770749 0.0627299
0 0.0374334 0.625105 0.0714259 0.240925 0.0621401
0 0.341258 0.495455 0.017414 0.0282077 0.0615184
0 0.451257 0.414949 0.0841027 0.187906 0.0612712
0 0.587724 0.545282 0.0357297 0.128092 0.0609534
0 0.355371 0.444449 0.0148851 0.0241846 0.0600214
0 0.616996 0.554638 0.0817942 0.216157 0.059814
0 0.695782 0.582231 0.0797845 0.187846 0.0593822
0 0.837188 0.368318 0.055563 0.0658305 0.0582338
0 0.126854 0.559562 0.0554015 0.102474 0.0565637
0 0.0595413 0.514665 0.113133 0.194988 0.0564435
0 0.251736 0.459099 0.126644 0.107488 0.055923
0 0.020683 0.476441 0.0399946 0.129898 0.0550011
0 0.127079 0.533908 0.0499501 0.0545614 0.0547514
0 0.0165533 0.634105 0.030441 0.266654 0.0538242
0 0.0295869 0.477652 0.0613429 0.338902 0.0536728
0 0.756225 0.573956 0.08254 0.318137 0.0535771
0 0.109902 0.485431 0.103056 0.104776 0.053529
0 0.780632 0.576146 0.105515 0.378895 0.0532908
0 0.0310116 0.491312 0.0593778 0.150371 0.0525817
0 0.424009 0.423179 0.0172107 0.0347844 0.051979
0 0.826774 0.375768 0.06118 0.0790367 0.0507051
0 0.0220412 0.770751 0.0434533 0.240675 0.0505458
0 0.397783 0.406008 0.0113302 0.0148551 0.0498318
0 0.00639828 0.695722 0.0131471 0.179276 0.0485951
0 0.697663 0.536019 0.0822287 0.178519 0.0480042
0 0.600953 0.528718 0.0584691 0.156697 0.047665
0 0.395235 0.413718 0.0123945 0.0160639 0.0472402
0 0.0323111 0.711979 0.0619285 0.275194 0.0454587
0 0.106342 0.596886 0.0718569 0.160763 0.0451423
0 0.0545913 0.466912 0.0306846 0.0224338 0.0445066
0 0.268634 0.472432 0.0931181 0.114304 0.0444686
0 0.290744 0.515601 0.0579108 0.107961 0.0444285
0 0.148036 0.5769 0.0495978 0.172446 0.0444199
0 0.987172 0.692443 0.0245598 0.196965 0.0441685
0 0.0307562 0.327819 0.0669369 0.388904 0.0441036
0 0.0431829 0.772395 0.0803518 0.247727 0.0438104
0 0.304743 0.489922 0.0338024 0.0783786 0.0435956
0 0.455137 0.500737 0.0479667 0.0934223 0.0424508
0 0.13592 0.513537 0.0527415 0.0641107 0.0423067
0 0.0816265 0.499474 0.0402496 0.0514586 0.0419961
0 0.399238 0.40976 0.0105106 0.0148483 0.0418489
0 0.15313 0.52335 0.019024 0.043574 0.0416658
0 0.592904 0.493529 0.0343555 0.0662667 0.0416297
0 0.392511 0.410389 0.0104895 0.0149078 0.0408636
0 0.182387 0.54162 0.057801 0.151143 0.0405314
0 0.832328 0.393324 0.0661471 0.108678 0.0404205
0 0.112366 0.540154 0.100959 0.201752 0.0404095
0 0.124269 0.494011 0.0747749 0.0800388 0.0403681
0 0.330045 0.365915 0.0206237 0.0395304 0.0402091
0 0.361119 0.413261 0.0177835 0.0280641 0.0401009
0 0.680313 0.600577 0.117235 0.171862 0.0399438
0 0.0899309 0.52985 0.0907065 0.165164 0.0394043
0 0.556081 0.496882 0.0474872 0.0721506 0.0393223
0 0.0487834 0.502154 0.100768 0.109347 0.0393194
0 0.407804 0.396908 0.0118906 0.0172598 0.0392797
0 0.334294 0.532148 0.0123946 0.0274657 0.0391099
0 0.215635 0.475184 0.120262 0.110586 0.0389099
0 0.41997 0.416802 0.0158817 0.0233907 0.0388379
0 0.313305 0.543148 0.0188781 0.0351076 0.0386327
0 0.82712 0.40816 0.0483978 0.0667562 0.0385781
0 0.701465 0.617808 0.0518991 0.0834586 0.0384578
0 0.0120489 0.704144 0.0240563 0.20219 0.0379954
0 0.330844 0.382915 0.0202815 0.0414072 0.0377563
0 0.0711385 0.494535 0.0626807 0.0591908 0.0377246
0 0.312014 0.470561 0.0499365 0.0813322 0.0376133
0 0.379873 0.400279 0.0116589 0.0171557 0.0375175
0 0.336194 0.473247 0.0167324 0.0331541 0.0374188
0 0.586172 0.512766 0.0330972 0.0702665 0.037372
0 0.716014 0.588405 0.0914196 0.241357 0.0361863
0 0.254227 0.436706 0.111475 0.0657316 0.0360518
0 0.148274 0.266278 0.106712 0.157735 0.0351034
0 0.466565 0.34215 0.0445578 0.0979242 0.0348976
0 0.563114 0.520896 0.0259995 0.059922 0.0348442
0 0.47525 0.395539 0.113673 0.20606 0.0343949
0 0.0936616 0.599973 0.105596 0.197238 0.0342289
0 0.120083 0.601069 0.0548032 0.137027 0.0342032
0 0.230542 0.447959 0.0925827 0.0575982 0.0341576
0 0.846982 0.374324 0.0842514 0.10659 0.0339746
0 0.981659 0.657103 0.036849 0.274595 0.0337463
0 0.102873 0.484426 0.110296 0.212089 0.0337248
0 0.467685 0.318172 0.0377314 0.0522189 0.0335932
0 0.537774 0.511497 0.0256331 0.0668488 0.0325864
0 0.00771906 0.852583 0.0161203 0.242899 0.0325816
0 0.374995 0.397809 0.0153342 0.0201739 0.0323859
0 0.553387 0.49819 0.0214064 0.0467473 0.0320022
0 0.0537165 0.482959 0.0694569 0.0680759 0.0319349
0 0.699154 0.46763 0.167718 0.123523 0.031509
0 0.149054 0.601755 0.0404192 0.104791 0.0314456
0 0.553316 0.506867 0.0172251 0.0450145 0.0309894
0 0.0665633 0.520361 0.0797747 0.10298 0.0309771
0 0.151751 0.559514 0.0239777 0.0835563 0.0308277
0 0.290344 0.490111 0.0696008 0.133009 0.0304038
0 0.590725 0.492037 0.019825 0.0368351 0.0303513
0 0.665834 0.61839 0.0781691 0.140172 0.0302631
0 0.695267 0.493846 0.0969857 0.14055 0.0302619
0 0.0646881 0.47023 0.0436869 0.0273386 0.0302351
0 0.16108 0.494624 0.0177971 0.0326219 0.0300318
0 0.364444 0.376258 0.0152493 0.024977 0.029954
0 0.331133 0.424261 0.0147511 0.0320586 0.0298742
0 0.114549 0.563574 0.0616285 0.1225 0.0295326
0 0.323776 0.538358 0.0121722 0.0262354 0.0293145
0 0.0804428 0.434524 0.157754 0.207527 0.0292807
0 0.269828 0.447892 0.0797685 0.0812953 0.0287262
0 0.733136 0.557368 0.119844 0.30883 0.0287032
0 0.306206 0.556971 0.0385316 0.0795567 0.0284932
0 0.988263 0.755423 0.0252483 0.202208 0.0284386
0 0.324367 0.54859 0.0143268 0.0270287 0.0284055
0 0.475212 0.500293 0.0217288 0.0480627 0.0281515
0 0.0971548 0.62193 0.0808694 0.141056 0.0280776
0 0.113175 0.435363 0.083678 0.0988001 0.0279362
0 0.0646133 0.481307 0.0631736 0.0493087 0.0277714
0 0.283492 0.571091 0.0660573 0.119168 0.0277392
0 0.0994959 0.292124 0.185909 0.415346 0.0275715
0 0.0728336 0.44758 0.14403 0.357639 0.0273371
0 0.376321 0.511267 0.0128837 0.0289508 0.0272017
0 0.519772 0.484549 0.0511849 0.0497972 0.0270733
0 0.0662157 0.549432 0.0874566 0.184812 0.0270422
0 0.433652 0.366213 0.02737 0.0551085 0.0270415
0 0.288417 0.455313 0.0709832 0.0869648 0.0270109
0 0.298114 0.50715 0.0514523 0.078307 0.0265429
0 0.143592 0.50037 0.0305358 0.036345 0.0265253
0 0.0550317 0.820764 0.100751 0.273252 0.0263157
0 0.905166 0.329493 0.194811 0.260145 0.0259962
0 0.847442 0.351288 0.0518177 0.0696533 0.0257926
0 0.176174 0.579888 0.0662725 0.145432 0.0257719
0 0.223098 0.616689 0.107155 0.109097 0.0257261
0 0.593798 0.524917 0.0453813 0.115394 0.0256656
0 0.277958 0.541808 0.090452 0.184141 0.0254697
0 0.461949 0.474158 0.0372962 0.0744904 0.0254598
0 0.241756 0.480552 0.0794787 0.0968713 0.0253967
0 0.146718 0.626462 0.0229523 0.0569881 0.0253951
0 0.673943 0.582755 0.0767277 0.147404 0.025288
0 0.595298 0.479353 0.0303467 0.0556319 0.0252669
0 0.29423 0.531902 0.0443492 0.0638834 0.0251713
0 0.97708 0.701856 0.0446028 0.177063 0.025064
0 0.717023 0.562763 0.0669422 0.214814 0.0250331
0 0.74893 0.401838 0.0355063 0.019714 0.0250242
0 0.415947 0.550393 0.0322168 0.0676523 0.0248705
0 0.773836 0.681138 0.0664196 0.130219 0.0246613
0 0.471778 0.482942 0.0234015 0.0439549 0.024545
0 0.664371 0.477117 0.0953173 0.132718 0.024465
0 0.782327 0.640399 0.0916268 0.230709 0.0244087
0 0.207926 0.449854 0.099134 0.076989 0.024248
0 0.475613 0.352046 0.055795 0.100211 0.0242382
0 0.786301 0.686181 0.0920212 0.157929 0.0242038
0 0.571128 0.494897 0.0215025 0.0496557 0.0240942
0 0.603447 0.470646 0.0519277 0.093507 0.024032
0 0.0345325 0.456747 0.0724263 0.0634635 0.0239798
0 0.849758 0.388337 0.114829 0.123953 0.0239181
0 0.736179 0.458314 0.105383 0.10474 0.0238709
0 0.0116118 0.656584 0.0226285 0.175497 0.0234912
0 0.800665 0.434745 0.0965734 0.0900969 0.0234816
0 0.811549 0.377796 0.0615042 0.0742441 0.0233813
0 0.188929 0.442007 0.0624475 0.0634433 0.0233305
0 0.168988 0.466442 0.0257768 0.0360051 0.0233067
0 0.0903421 0.516042 0.0657887 0.0819597 0.0232744
0 0.822122 0.419946 0.0506119 0.071029 0.0230516
0 0.340975 0.530955 0.012657 0.0233858 0.022767
0 0.23932 0.427595 0.081757 0.0357448 0.0226567
0 0.259205 0.216583 0.0191708 0.0387941 0.0225306
0 0.208694 0.277945 0.163985 0.314552 0.0225208
0 0.00601638 0.885326 0.0128811 0.167498 0.0225013
0 0.178511 0.42521 0.0402894 0.0395933 0.0223821
0 0.247721 0.421765 0.108856 0.0409764 0.0223723
0 0.0242143 0.712059 0.0452929 0.148031 0.0222748
0 0.790631 0.461182 0.100249 0.0930084 0.0220525
0 0.317792 0.556458 0.0182699 0.0366792 0.0219983
0 0.43039 0.377715 0.0170371 0.0300801 0.0219489
0 0.0263727 0.812543 0.0485653 0.182988 0.0219044
0 0.783291 0.484219 0.0999959 0.111333 0.0218446
0 0.189913 0.462953 0.0658936 0.107698 0.0217951
0 0.470989 0.5215 0.0140763 0.0520777 0.021765
0 0.50065 0.46609 0.0681504 0.109749 0.0217362
0 0.074826 0.868212 0.126798 0.205984 0.021705
0 0.623553 0.502667 0.0780719 0.136087 0.0216896
0 0.430681 0.341815 0.0246244 0.0426183 0.0216801
0 0.660606 0.637298 0.0642421 0.0913428 0.0215979
0 0.476809 0.372534 0.0975135 0.131609 0.0213976
0 0.16654 0.596816 0.0542091 0.105401 0.021372
0 0.987453 0.631989 0.0247459 0.194418 0.0213673
0 0.128319 0.619553 0.0401273 0.0969522 0.0212986
0 0.672344 0.550156 0.0872053 0.149471 0.0212828
0 0.733499 0.488412 0.130341 0.186533 0.0212531
0 0.399267 0.422984 0.0116007 0.0157013 0.0212293
0 0.549949 0.564795 0.0504567 0.0974862 0.0212038
0 0.406787 0.420997 0.0119156 0.0179622 0.0211598
0 0.563714 0.525004 0.0343984 0.0820479 0.0211535
0 0.701812 0.668623 0.0947472 0.159398 0.0210134
0 0.20446 0.434482 0.0907484 0.0651697 0.0207892
0 0.045605 0.580022 0.0629481 0.247167 0.0207704
0 0.869052 0.742491 0.250852 0.319017 0.0207194
0 0.599771 0.447832 0.0549182 0.0939173 0.0207188
0 0.941588 0.318198 0.115528 0.371399 0.0207096
0 0.347327 0.366776 0.0275941 0.0408009 0.0206791
0 0.487756 0.345312 0.0886392 0.102435 0.0205875
0 0.808921 0.384852 0.101961 0.111837 0.0205308
