0 0.357845 0.422107 0.0477209 0.058068 0.932128
0 0.675872 0.454003 0.041541 0.0671766 0.909823
0 0.717374 0.461138 0.0705512 0.0973014 0.895308
0 0.957069 0.589192 0.0857414 0.195452 0.882677
0 0.629537 0.436329 0.035811 0.0470115 0.797515
0 0.0347868 0.482393 0.0694279 0.156601 0.710696
0 0.501356 0.407511 0.0189254 0.0246992 0.706376
0 0.404077 0.415799 0.0260397 0.0362549 0.682557
0 0.604117 0.430822 0.0189681 0.0342539 0.675129
0 0.429985 0.411321 0.0153819 0.0302761 0.6571
0 0.420588 0.414356 0.0175348 0.0313963 0.638669
0 0.588888 0.424696 0.0162854 0.0258108 0.621401
0 0.441951 0.411025 0.0151496 0.0278314 0.61584
0 0.484317 0.407215 0.016697 0.0211641 0.545572
0 0.450118 0.409693 0.013178 0.0256305 0.516014
0 0.103469 0.410081 0.0663551 0.0615146 0.445727
0 0.546682 0.408548 0.0150374 0.0191301 0.434818
0 0.529693 0.402736 0.0132124 0.0188358 0.428342
0 0.184474 0.410419 0.0538427 0.0562249 0.423415
0 0.517592 0.403656 0.0122339 0.01802 0.413
0 0.38477 0.419704 0.0168046 0.0315518 0.410459
0 0.473635 0.405315 0.011821 0.0171214 0.371986
0 0.0864798 0.413432 0.0814163 0.0680381 0.343557
0 0.433747 0.41112 0.0145158 0.0280494 0.332125
0 0.866344 0.507622 0.0894842 0.0786375 0.328389
0 0.599161 0.428949 0.0142965 0.0306607 0.315224
0 0.514783 0.404122 0.0105514 0.0166504 0.304495
0 0.608494 0.432333 0.0164681 0.0329802 0.303984
0 0.43778 0.410141 0.0134169 0.0257085 0.294493
0 0.541458 0.406255 0.0114384 0.0164629 0.290177
0 0.452976 0.408611 0.0114672 0.0214332 0.276508
0 0.11758 0.411439 0.0398708 0.046315 0.275894
0 0.5334 0.405157 0.0106869 0.0156099 0.272383
0 0.489065 0.406973 0.0124507 0.0173884 0.272192
0 0.39872 0.417705 0.0223979 0.0351612 0.262847
0 0.537026 0.404809 0.0113379 0.0165353 0.257916
0 0.520727 0.403358 0.0135022 0.0187356 0.253601
0 0.493898 0.405756 0.0128396 0.018798 0.253349
