0 0.335539 0.576432 0.0993207 0.198471 0.892379
0 0.169206 0.642585 0.338068 0.64909 0.87806
0 0.450157 0.538606 0.0211794 0.0287455 0.86667
0 0.394789 0.564474 0.0500008 0.0919608 0.863444
0 0.423108 0.536082 0.0160045 0.0260301 0.530902
0 0.416327 0.550902 0.0181957 0.0490612 0.347925
0 0.5625 0.527897 0 0.0232241 0.319324
0 0.554059 0.527235 0.0168824 0.0292865 0.30523
0 0.559936 0.528306 0.00512896 0.0227687 0.3049
0 0.546218 0.528624 0.0297026 0.0305219 0.300506
0 0.4157 0.538511 0.0246075 0.0403058 0.297466
0 0.551812 0.528817 0.0213753 0.0258061 0.294393
0 0.480598 0.525212 0.0154313 0.0262611 0.289875
0 0.541811 0.525619 0.0296632 0.0389432 0.269363
0 0.510912 0.527639 0.0276942 0.0341248 0.26311
0 0.489035 0.527607 0.0264868 0.0302219 0.245629
0 0.547647 0.521094 0.029706 0.042372 0.225362
0 0.43972 0.535753 0.0121516 0.0233098 0.217113
0 0.562339 0.524023 0.000321484 0.0298577 0.214661
0 0.5625 0.526305 0 0.0360928 0.210182
0 0.418984 0.537612 0.0161294 0.026034 0.208753
0 0.531555 0.526803 0.0410197 0.0414819 0.205298
0 0.431665 0.534573 0.0138001 0.0249852 0.203139
0 0.427779 0.535869 0.0119266 0.0221319 0.192337
0 0.413284 0.528605 0.0252579 0.0395053 0.189468
0 0.5625 0.529161 0 0.0206927 0.182785
0 0.5625 0.526562 0 0.0237389 0.181214
0 0.480194 0.526505 0.0108206 0.0192602 0.17682
0 0.555151 0.529382 0.0146974 0.0225446 0.175146
0 0.5625 0.528046 0 0.0185248 0.163381
0 0.544266 0.531155 0.020915 0.0270508 0.154921
0 0.505385 0.526835 0.0200081 0.0273052 0.151407
0 0.418858 0.543976 0.0118378 0.0274733 0.150005
0 0.51706 0.526653 0.0204786 0.0311233 0.149316
0 0.443977 0.538192 0.014423 0.0233548 0.145
0 0.421328 0.540645 0.011559 0.0234572 0.142258
0 0.492302 0.528698 0.0180167 0.0258735 0.140962
0 0.418208 0.554118 0.0139692 0.037163 0.135586
0 0.477593 0.529943 0.0116449 0.0224215 0.134879
0 0.447052 0.531995 0.0129987 0.0198885 0.131036
0 0.400518 0.561565 0.035408 0.0750446 0.13072
0 0.499167 0.527986 0.0159665 0.0260319 0.130384
0 0.448603 0.53825 0.0152697 0.0215977 0.125244
0 0.475295 0.527912 0.0125044 0.0233535 0.124542
0 0.5625 0.513531 0 0.0555905 0.12393
0 0.406073 0.519852 0.0301688 0.035152 0.121636
0 0.5625 0.525601 0 0.0337307 0.118868
0 0.5625 0.513405 0 0.0647914 0.115769
0 0.5625 0.527511 0 0.024596 0.115566
0 0.407377 0.53443 0.013618 0.0234072 0.114486
0 0.32441 0.497297 0.0753995 0.0497421 0.114414
0 0.372009 0.554905 0.0249403 0.0841642 0.113734
0 0.52331 0.528132 0.0194489 0.0288569 0.112981
0 0.528415 0.527051 0.0205926 0.0355874 0.111867
0 0.975956 0.513002 0.0466637 0.102665 0.111651
0 0.330952 0.478536 0.0776326 0.0651469 0.11112
0 0.0346878 0.719373 0.0684242 0.378344 0.1108
0 0.714157 0.524674 0.016196 0.0326581 0.10698
0 0.837179 0.52761 0.0357336 0.0546579 0.106661
0 0.372325 0.52153 0.0276626 0.0555399 0.106315
0 0.404357 0.509632 0.0317988 0.0369435 0.105009
0 0.384444 0.510447 0.0293194 0.0329136 0.103935
0 0.948169 0.511186 0.083057 0.0884481 0.101235
0 0.892825 0.506487 0.112474 0.0790309 0.0987845
0 0.614757 0.518381 0.0400221 0.0355086 0.0979106
0 0.756492 0.503506 0.0131553 0.0524094 0.0973886
0 0.593788 0.52762 0.0194084 0.0217484 0.0967776
0 0.553032 0.525284 0.0185801 0.0211572 0.0947595
0 0.415221 0.520876 0.0169742 0.0220534 0.0934602
0 0.996189 0.530471 0.0101521 0.0608354 0.0932581
0 0.335482 0.500694 0.0792818 0.0678206 0.0918759
0 0.539626 0.516289 0.0226856 0.0298681 0.0917581
0 0.407853 0.517767 0.0204545 0.0213073 0.091529
0 0.686122 0.526588 0.017307 0.0332786 0.090955
0 0.733642 0.513569 0.0489615 0.0616139 0.0908296
0 0.872166 0.506874 0.0676363 0.0698239 0.0908127
0 0.698425 0.507603 0.0417909 0.069138 0.0855293
0 0.454247 0.539299 0.0134494 0.0242343 0.0847039
0 0.678209 0.524474 0.015179 0.0278645 0.084578
0 0.393771 0.500437 0.0304148 0.0328076 0.0825773
0 0.519459 0.530887 0.0194029 0.023278 0.0820209
0 0.933437 0.5243 0.0473993 0.0528099 0.0816064
0 0.369696 0.502252 0.0304863 0.0508537 0.0806181
0 0.43397 0.537368 0.012336 0.0200539 0.0800364
0 0.421222 0.5207 0.0145266 0.0190282 0.0795698
0 0.937187 0.512479 0.0578083 0.0716043 0.079472
0 0.511725 0.523572 0.0174537 0.0209362 0.0768854
0 0.428268 0.520576 0.0136764 0.0194275 0.0755756
0 0.345685 0.512551 0.0667703 0.0700272 0.0752216
0 0.437654 0.521421 0.0144859 0.0184993 0.0750895
0 0.588576 0.534432 0.0179895 0.0240922 0.0746435
0 0.674494 0.526728 0.0141261 0.0298329 0.0735367
0 0.395858 0.50938 0.0187037 0.0206628 0.0726054
0 0.95569 0.520085 0.0584105 0.0719316 0.0725503
0 0.760925 0.506006 0.0172583 0.0505807 0.0720088
0 0.764784 0.528871 0.0203695 0.0397181 0.0712143
0 0.607605 0.52384 0.022291 0.0233375 0.0693979
0 0.80501 0.53001 0.0783375 0.062876 0.0688118
0 0.75735 0.516988 0.0113685 0.0316312 0.0687267
0 0.914273 0.508052 0.157637 0.0960889 0.0684784
0 0.366616 0.556857 0.0309091 0.100339 0.06828
0 0.342539 0.53679 0.07459 0.11499 0.0680671
0 0.85296 0.532178 0.0636215 0.0752825 0.0680185
0 0.623456 0.510261 0.0455304 0.0452025 0.0675876
0 0.713709 0.508404 0.0288767 0.0598312 0.0654693
0 0.0557618 0.802988 0.110158 0.37886 0.0651568
0 0.861326 0.498949 0.0536253 0.0891965 0.0646949
0 0.867021 0.522326 0.0743629 0.0705418 0.0642786
0 0.918829 0.356229 0.16146 0.404066 0.0636781
0 0.778267 0.535045 0.0308105 0.0430766 0.0629286
0 0.349617 0.486476 0.0560937 0.0707086 0.0627151
0 0.665495 0.524927 0.0140422 0.0258625 0.0626074
0 0.889423 0.526932 0.130306 0.0980574 0.0621465
0 0.32548 0.516127 0.0729714 0.0873828 0.0618382
0 0.697889 0.530868 0.0411781 0.0475481 0.0590861
0 0.834248 0.514604 0.0360216 0.0662066 0.0590611
0 0.934383 0.539398 0.0479349 0.0609673 0.0586714
0 0.397846 0.499266 0.0162411 0.0193294 0.0586566
0 0.391902 0.545557 0.0243199 0.0400065 0.05831
0 0.562951 0.513929 0.0537235 0.0445157 0.0579662
0 0.385976 0.521701 0.0262187 0.0426084 0.0578984
0 0.117473 0.437441 0.234299 0.239708 0.0551281
0 0.996143 0.535242 0.00750999 0.0482984 0.0543076
0 0.429686 0.498111 0.0128594 0.0154822 0.0528491
0 0.356941 0.583084 0.054412 0.150819 0.052605
0 0.783751 0.536904 0.0397974 0.0529139 0.05154
0 0.584684 0.440137 0.0277565 0.0237924 0.0514379
0 0.77288 0.51725 0.0364069 0.052774 0.0505508
0 0.392816 0.497408 0.0182459 0.0218708 0.0505005
0 0.372176 0.576875 0.0305597 0.126828 0.0503155
0 0.902207 0.49544 0.113539 0.1149 0.0501185
0 0.769397 0.536823 0.0241291 0.0376471 0.049583
0 0.0700123 0.70706 0.138761 0.337789 0.0487089
0 0.917229 0.475384 0.153392 0.163456 0.0474511
0 0.761243 0.532126 0.012484 0.0244194 0.0472452
0 0.754982 0.521522 0.0124437 0.0302638 0.0468314
0 0.759551 0.523919 0.0129646 0.0303924 0.0467109
0 0.703148 0.27186 0.092208 0.0615184 0.046671
0 0.619562 0.523814 0.0332863 0.0349183 0.0464961
0 0.724382 0.523101 0.0587172 0.0545124 0.0461774
0 0.0891702 0.948029 0.161984 0.102676 0.0461059
0 0.37572 0.55658 0.016986 0.0510445 0.0458419
0 0.702216 0.525241 0.020863 0.0296617 0.0452493
0 0.276614 0.473538 0.0354136 0.05515 0.0452242
0 0.573824 0.50262 0.0977087 0.0810487 0.0452168
0 0.423652 0.497266 0.012034 0.0144727 0.0450644
0 0.28458 0.479173 0.0466741 0.0628969 0.0446639
0 0.30752 0.470644 0.0931157 0.0742365 0.0444593
0 0.667768 0.521108 0.0139401 0.0263047 0.0443587
0 0.699246 0.485754 0.0372478 0.07627 0.0441156
0 0.437379 0.494126 0.0159207 0.0189849 0.0438302
0 0.946125 0.463711 0.104126 0.184151 0.0432946
0 0.568961 0.507424 0.0702592 0.0655154 0.0431557
0 0.617161 0.521607 0.0178494 0.0235041 0.0429402
0 0.107374 0.824225 0.217955 0.314581 0.0418513
0 0.0308868 0.805745 0.0599554 0.358676 0.0416308
0 0.0495586 0.589329 0.097097 0.494265 0.0415157
0 0.326237 0.556762 0.0739762 0.148292 0.0414444
0 0.927559 0.500446 0.0869219 0.107469 0.0404265
0 0.748124 0.497251 0.0246694 0.0807838 0.0398312
0 0.0488757 0.874601 0.0949769 0.205719 0.0391597
0 0.708233 0.504431 0.0257182 0.0609368 0.039157
0 0.692879 0.532152 0.0184894 0.0335334 0.0390753
0 0.300907 0.544861 0.0797078 0.136408 0.038812
0 0.538705 0.463139 0.0705805 0.0595238 0.0384719
0 0.142613 0.351935 0.0902382 0.0595107 0.0377158
0 0.727795 0.507494 0.0657223 0.0794744 0.0375983
0 0.570854 0.446083 0.058086 0.0369614 0.0370055
0 0.678715 0.504188 0.041547 0.0604398 0.0362988
0 0.178834 0.428968 0.189019 0.215324 0.0362266
0 0.987713 0.529757 0.0234039 0.0942231 0.0355597
0 0.803315 0.516426 0.0901533 0.083352 0.0352575
0 0.674638 0.51354 0.0216501 0.0356873 0.0352031
0 0.684 0.271816 0.0659516 0.058778 0.0344006
0 0.944481 0.535388 0.0989143 0.105079 0.0340101
0 0.0445941 0.95481 0.0852638 0.109449 0.033983
0 0.842548 0.482088 0.0563183 0.108447 0.0339255
0 0.626005 0.511159 0.0207471 0.0262968 0.0335772
0 0.992084 0.538844 0.0174057 0.0612579 0.0331746
0 0.362834 0.512771 0.0319497 0.0325395 0.0331019
0 0.710083 0.471373 0.0642391 0.133886 0.0330978
0 0.659718 0.533992 0.0150652 0.027921 0.0328068
0 0.585632 0.50905 0.0506639 0.0398543 0.0326987
0 0.375446 0.493034 0.0258643 0.0304961 0.0325226
0 0.868927 0.484483 0.0859726 0.119833 0.0323951
0 0.516955 0.451261 0.0472562 0.0475129 0.0322458
0 0.984834 0.457629 0.0299757 0.115917 0.0319949
0 0.432219 0.467888 0.0145802 0.0170596 0.031895
0 0.270882 0.462333 0.04114 0.0725773 0.0317836
0 0.0461663 0.467047 0.0910663 0.284111 0.0315768
0 0.424314 0.544653 0.0110995 0.0218607 0.0314334
0 0.879879 0.547276 0.116963 0.10346 0.0308645
0 0.691799 0.510496 0.0263253 0.0475314 0.0305298
0 0.420973 0.467331 0.0145591 0.0161852 0.0303305
0 0.0724509 0.455147 0.140858 0.268935 0.0300387
0 0.885955 0.465965 0.0454269 0.0962741 0.0297002
0 0.770204 0.499786 0.0401799 0.0676472 0.0295094
0 0.125326 0.937448 0.216152 0.137273 0.0295009
0 0.583992 0.433989 0.0244167 0.0241088 0.029437
0 0.79108 0.283712 0.231593 0.240579 0.0290449
0 0.503967 0.454755 0.0389544 0.0452826 0.0289004
0 0.602695 0.51366 0.0303522 0.0269049 0.0286481
0 0.248295 0.458021 0.0967001 0.13457 0.0282685
0 0.90233 0.46262 0.0553774 0.101019 0.0280364
0 0.341014 0.501888 0.0997336 0.0979683 0.027977
0 0.732059 0.439949 0.036903 0.061672 0.027873
0 0.101294 0.966131 0.09308 0.0740404 0.0278362
0 0.486173 0.466623 0.0325224 0.0468211 0.0277616
0 0.852829 0.465512 0.0820503 0.16634 0.0277224
0 0.652912 0.520923 0.0171453 0.0260841 0.0276834
0 0.478954 0.464424 0.030334 0.0514387 0.0276273
0 0.663176 0.27687 0.19252 0.208501 0.027563
0 0.932133 0.245715 0.125387 0.174367 0.0275493
0 0.737846 0.261422 0.227715 0.222865 0.027492
0 0.835642 0.499911 0.045018 0.0888244 0.0274745
0 0.968446 0.467701 0.0623953 0.146766 0.0274716
0 0.512023 0.494696 0.0160172 0.0217829 0.0272685
0 0.75403 0.533116 0.0144288 0.0236442 0.027109
0 0.288269 0.513278 0.0587714 0.101688 0.0270597
0 0.838323 0.543709 0.0387856 0.075897 0.0270366
0 0.098992 0.494655 0.173119 0.246874 0.0268747
0 0.237173 0.432015 0.103117 0.159031 0.0266832
0 0.924751 0.468495 0.0883877 0.144901 0.0266104
0 0.483095 0.49844 0.0127217 0.0206579 0.0262975
0 0.675458 0.41745 0.0242436 0.0313317 0.0262784
0 0.0296132 0.595207 0.0561742 0.448077 0.0259785
0 0.943676 0.3224 0.111747 0.368178 0.0259179
0 0.831042 0.458949 0.126965 0.185235 0.0258633
0 0.904453 0.562041 0.0779125 0.078398 0.0258405
0 0.463216 0.478008 0.0250824 0.0336179 0.0256865
0 0.940976 0.549105 0.0691919 0.0776884 0.0255529
0 0.110854 0.897008 0.21101 0.181261 0.025541
0 0.458921 0.534794 0.0123128 0.0186646 0.0254461
0 0.592519 0.436753 0.0527166 0.0352787 0.0254087
0 0.0753837 0.634578 0.131472 0.238992 0.0253302
0 0.71812 0.379951 0.0258922 0.0323947 0.0252852
0 0.450698 0.541835 0.0158847 0.0198208 0.0252565
0 0.71791 0.452113 0.0615744 0.108751 0.0252275
0 0.67697 0.406932 0.0255381 0.0262811 0.0251166
0 0.724989 0.522908 0.037231 0.0405818 0.0250508
0 0.563312 0.628964 0.0540216 0.0793481 0.0244742
0 0.414014 0.464909 0.014059 0.0156572 0.0244035
0 0.663886 0.279386 0.0531628 0.0501282 0.0242591
0 0.65166 0.511091 0.019386 0.0265871 0.0240928
0 0.960412 0.358476 0.0736368 0.356186 0.0240125
0 0.974715 0.443267 0.0516689 0.14298 0.0239877
0 0.904932 0.434085 0.135252 0.242002 0.0238531
0 0.440797 0.460853 0.0163609 0.0193387 0.0238441
0 0.736413 0.470814 0.0463535 0.122607 0.023833
0 0.718639 0.486213 0.0956494 0.130014 0.0237
0 0.277706 0.451376 0.0575423 0.0924255 0.0235684
0 0.0307719 0.880727 0.0594817 0.200103 0.0235481
0 0.853739 0.544779 0.0833036 0.11304 0.0232741
0 0.373187 0.583695 0.0207647 0.0836691 0.0232548
0 0.757679 0.548516 0.0163523 0.032227 0.0231553
0 0.28671 0.591997 0.105723 0.192777 0.0230494
0 0.713287 0.267029 0.0630641 0.0423284 0.022858
0 0.892742 0.442764 0.0317331 0.0778085 0.0228008
0 0.125817 0.349844 0.0665583 0.0480181 0.0227518
0 0.764769 0.224955 0.04023 0.0821853 0.0227103
0 0.0149939 0.405226 0.0319522 0.155863 0.0226066
0 0.720254 0.524307 0.0207012 0.0296508 0.0225864
0 0.481303 0.42816 0.0182496 0.0281691 0.0224725
0 0.00803433 0.788752 0.0166096 0.205198 0.0224074
0 0.919363 0.217069 0.0920481 0.0941464 0.022375
0 0.752421 0.481678 0.0287055 0.102635 0.022371
0 0.718802 0.548385 0.0219005 0.0378564 0.0222347
0 0.0837394 0.539843 0.141284 0.266714 0.0221963
0 0.268316 0.462601 0.0982852 0.154833 0.0220695
0 0.598313 0.430063 0.0563509 0.038819 0.0220512
0 0.0379816 0.354416 0.0708537 0.0494761 0.0217506
0 0.870615 0.329815 0.223558 0.357285 0.0216577
0 0.0234425 0.430636 0.0450217 0.212803 0.0216034
0 0.929741 0.553446 0.0541113 0.0665047 0.021586
0 0.0381034 0.373596 0.0708446 0.0825022 0.0215228
0 0.78293 0.4636 0.0677609 0.157509 0.0214333
0 0.678887 0.944867 0.0228676 0.0529244 0.0213643
0 0.401126 0.462145 0.0159028 0.0196767 0.0212307
0 0.0966388 0.545885 0.130718 0.157311 0.0211634
0 0.902726 0.439506 0.0366186 0.0683324 0.0211181
0 0.405541 0.120497 0.0852584 0.152852 0.0210971
0 0.787051 0.455678 0.131588 0.194798 0.021057
0 0.692528 0.257425 0.103965 0.0877742 0.0210495
0 0.575086 0.431 0.0430205 0.0321154 0.0207562
0 0.832148 0.565107 0.020586 0.0348506 0.0205375
0 0.525752 0.431714 0.0287395 0.0367633 0.0205021
0 0.799129 0.494227 0.103325 0.118048 0.0203841
0 0.0238626 0.625437 0.0460525 0.198142 0.0203389
0 0.484068 0.529707 0.0124261 0.0200823 0.0202801
0 0.71522 0.397773 0.0371984 0.0414395 0.0202414
0 0.831324 0.252854 0.0688496 0.0518009 0.0202361
0 0.541939 0.773406 0.0175883 0.0297794 0.0201892
0 0.841183 0.271697 0.0491005 0.0435118 0.020182
0 0.985202 0.190012 0.0294289 0.0686011 0.0201547
0 0.0197915 0.523463 0.0385544 0.304218 0.0201324
0 0.490969 0.974363 0.0135515 0.0251819 0.0199506
0 0.934632 0.434654 0.0733408 0.0960972 0.0198393
0 0.679809 0.256117 0.0682256 0.0646732 0.0196909
0 0.684715 0.473801 0.0446525 0.0922885 0.0196732
0 0.759357 0.476221 0.0278228 0.0908412 0.0195883
