0 0.244396 0.447351 0.0641633 0.0850617 0.908883
0 0.187513 0.468665 0.0674322 0.0790796 0.886576
0 0.5625 0.431059 0 0.163859 0.8769
0 0.5625 0.574767 0 0.322652 0.846801
0 0.483319 0.417536 0.0436099 0.0624677 0.834003
0 0.0999592 0.478739 0.123769 0.118436 0.830644
0 0.435817 0.415296 0.0436464 0.0583032 0.794622
0 0.560668 0.401656 0.00366306 0.0422479 0.752573
0 0.289241 0.435483 0.0539283 0.0756168 0.751164
0 0.5625 0.407208 0 0.0524367 0.722625
0 0.553938 0.399595 0.0145673 0.0248913 0.672474
0 0.0209884 0.50795 0.0419769 0.119694 0.65116
0 0.352906 0.435405 0.0599975 0.0706785 0.595482
0 0.5625 0.429198 0 0.083313 0.5613
0 0.503795 0.399317 0.0172945 0.0238497 0.554518
0 0.5625 0.41412 0 0.0583608 0.528997
0 0.54604 0.395336 0.0114894 0.0203435 0.490615
0 0.5625 0.437148 0 0.0875846 0.422625
0 0.536407 0.390157 0.0127443 0.0190707 0.402329
0 0.5625 0.41599 0 0.0668845 0.396473
0 0.527301 0.387205 0.0158441 0.0201285 0.370362
0 0.5625 0.408883 0 0.0897067 0.320016
0 0.556573 0.399558 0.0118543 0.0295214 0.294887
0 0.54871 0.39715 0.0130106 0.0234546 0.293363
0 0.55099 0.399545 0.0125545 0.0207453 0.288719
0 0.5625 0.406598 0 0.0619539 0.263456
0 0.557907 0.400568 0.00918598 0.0331667 0.260473
0 0.460937 0.403711 0.0152146 0.0316778 0.259046
0 0.52598 0.388868 0.0112396 0.0150887 0.255938
0 0.560266 0.405223 0.00446882 0.0339995 0.250148
0 0.527973 0.391084 0.0125061 0.0183671 0.236886
0 0.542602 0.391242 0.0127964 0.0204666 0.233096
0 0.5625 0.40652 0 0.0408365 0.228405
0 0.532676 0.387028 0.0117744 0.0175579 0.22194
0 0.5625 0.497357 0 0.161534 0.21706
0 0.533977 0.394184 0.0114849 0.0181587 0.211439
0 0.322412 0.431208 0.0308267 0.0597509 0.210549
0 0.5625 0.41466 0 0.0514086 0.206292
0 0.5625 0.412207 0 0.0419502 0.204196
0 0.462764 0.399764 0.0133928 0.024909 0.195688
0 0.515452 0.382068 0.0128839 0.0187941 0.193499
0 0.50279 0.392688 0.0123349 0.0203685 0.186527
0 0.458384 0.408528 0.0145177 0.0297435 0.17303
0 0.434606 0.38214 0.0373338 0.0432152 0.165892
0 0.508516 0.390665 0.0126464 0.0179448 0.152141
0 0.5625 0.420576 0 0.117989 0.147667
0 0.434916 0.390125 0.0437603 0.0632793 0.147285
0 0.464751 0.406333 0.0139483 0.024672 0.144123
0 0.306614 0.435061 0.0425709 0.0716254 0.138414
0 0.5625 0.433391 0 0.107472 0.128048
0 0.474656 0.399656 0.0149593 0.0202059 0.125294
0 0.393935 0.402165 0.0351208 0.0601219 0.1243
0 0.0699001 0.480693 0.0716621 0.10986 0.12078
0 0.125288 0.474077 0.0758477 0.104951 0.115779
0 0.392977 0.417413 0.0372633 0.0588236 0.113663
0 0.466128 0.402325 0.011771 0.0223618 0.108258
0 0.149227 0.475725 0.0326682 0.0763109 0.107428
0 0.0348291 0.490156 0.0633316 0.110923 0.105659
0 0.840969 0.515858 0.160137 0.212996 0.0984045
0 0.502648 0.386992 0.0121924 0.0160949 0.0950998
0 0.618471 0.423361 0.0179559 0.054791 0.0903069
0 0.792004 0.511374 0.0579692 0.139356 0.0866993
0 0.658257 0.428968 0.0472617 0.130353 0.0782404
0 0.161455 0.472549 0.0359261 0.0752946 0.0756924
0 0.385991 0.425662 0.0412736 0.0633942 0.0756309
0 0.350749 0.421355 0.0724675 0.0969398 0.0737508
0 0.968466 0.580777 0.0579718 0.325313 0.073308
0 0.452742 0.41498 0.0169937 0.0368108 0.0716873
0 0.461183 0.389441 0.0151739 0.0209244 0.0705575
0 0.988687 0.605924 0.0223061 0.239875 0.0701127
0 0.601542 0.424113 0.0258338 0.0685937 0.0695221
0 0.980967 0.603989 0.0385416 0.25743 0.0682873
0 0.277491 0.436491 0.0638518 0.0869193 0.0674302
0 0.621137 0.415282 0.021612 0.044614 0.0670743
0 0.47115 0.410013 0.0148461 0.0249127 0.0661876
0 0.445709 0.416144 0.0187997 0.0322504 0.0656733
0 0.418811 0.422507 0.0156261 0.0336578 0.0651193
0 0.806611 0.541669 0.0878477 0.208072 0.0629907
0 0.980313 0.539068 0.0407078 0.275804 0.0619967
0 0.67477 0.426904 0.0765599 0.14058 0.0618696
0 0.778312 0.494182 0.110834 0.176112 0.0609803
0 0.990959 0.646944 0.0171583 0.184689 0.0609705
0 0.213057 0.46306 0.0295893 0.0532081 0.0604911
0 0.945294 0.577247 0.109206 0.317306 0.060061
0 0.23711 0.410068 0.0470299 0.0364339 0.0599039
0 0.519704 0.365301 0.011727 0.0154825 0.0597893
0 0.321197 0.431365 0.0209955 0.0410898 0.0595381
0 0.329652 0.424366 0.0527411 0.0849983 0.0591908
0 0.434774 0.373091 0.034418 0.0347098 0.0586485
0 0.970837 0.517206 0.0568369 0.231171 0.0584853
0 0.543722 0.397596 0.0100911 0.0175272 0.0579828
0 0.546501 0.388159 0.0136779 0.0230767 0.0570306
0 0.98691 0.539994 0.0261633 0.240321 0.0561583
0 0.05219 0.475455 0.0625792 0.107133 0.0559277
0 0.899726 0.432198 0.0462818 0.0238691 0.0558487
0 0.528545 0.36388 0.0114013 0.0153357 0.0550933
0 0.98581 0.644709 0.0279757 0.215083 0.0545459
0 0.5119 0.365589 0.0103883 0.0151377 0.0523244
0 0.199539 0.465588 0.0422336 0.062439 0.0514802
0 0.898146 0.438759 0.0523823 0.036261 0.051203
0 0.413862 0.418881 0.0174881 0.0270562 0.0507729
0 0.148711 0.412085 0.153328 0.108189 0.0503139
0 0.742689 0.472971 0.15721 0.196409 0.0501501
0 0.938422 0.469587 0.123154 0.124901 0.0498909
0 0.560659 0.42171 0.0171557 0.0436244 0.0495688
0 0.872841 0.437239 0.219852 0.221317 0.0484518
0 0.420348 0.391064 0.0667764 0.0744711 0.0481763
0 0.858269 0.568441 0.162955 0.282815 0.0481561
0 0.956075 0.533307 0.0859688 0.248212 0.0472685
0 0.82143 0.449105 0.119824 0.279248 0.0472114
0 0.197231 0.407011 0.0512475 0.0496551 0.0469946
0 0.291139 0.418363 0.0672269 0.101131 0.0465167
0 0.824441 0.522198 0.120976 0.152045 0.0459618
0 0.51756 0.367888 0.00959635 0.0144324 0.0457923
0 0.879095 0.4891 0.136193 0.15117 0.0453857
0 0.893938 0.45752 0.0665134 0.0742402 0.0453512
0 0.0246525 0.531943 0.0462642 0.209696 0.0451605
0 0.874009 0.462469 0.106708 0.090755 0.0445898
0 0.0196011 0.470714 0.0386053 0.091517 0.0444858
0 0.981314 0.469337 0.0382481 0.155043 0.0442812
0 0.546732 0.361319 0.0114811 0.0149067 0.0435109
0 0.969287 0.656097 0.0591002 0.221141 0.043235
0 0.903281 0.468513 0.0876303 0.0971116 0.0429803
0 0.517423 0.373056 0.0126699 0.0190954 0.0429578
0 0.338609 0.444099 0.0683009 0.102549 0.0425498
0 0.396672 0.413961 0.0202677 0.0329498 0.0422031
0 0.307696 0.4223 0.0345018 0.0541916 0.0416344
0 0.626456 0.713209 0.00130911 0.00239461 0.0413163
0 0.427116 0.418137 0.0185294 0.0282839 0.0412881
0 0.584835 0.388378 0.0202385 0.0264861 0.0411465
0 0.0441161 0.509509 0.0780253 0.156203 0.0409483
0 0.830789 0.544391 0.0907943 0.169201 0.0407312
0 0.924598 0.407421 0.0982588 0.0680235 0.0406979
0 0.253238 0.452897 0.0422345 0.0721392 0.0405038
0 0.787557 0.554971 0.102975 0.221022 0.0399148
0 0.859222 0.526113 0.146109 0.156662 0.0397688
0 0.905553 0.484455 0.117902 0.136393 0.0397393
0 0.517193 0.39604 0.0111617 0.0188785 0.039714
0 0.968146 0.470278 0.0609083 0.14467 0.0395861
0 0.646775 0.442473 0.0285152 0.0841771 0.0393586
0 0.754173 0.515839 0.134612 0.196135 0.0392775
0 0.607244 0.420085 0.0175754 0.0521277 0.0392548
0 0.904791 0.441857 0.0616116 0.0496465 0.0386798
0 0.179584 0.410262 0.0933829 0.0766098 0.0386261
0 0.804638 0.550793 0.0477825 0.172048 0.0382008
0 0.861383 0.565317 0.134109 0.176837 0.038195
0 0.990196 0.700719 0.0193287 0.242496 0.0376376
0 0.729262 0.422032 0.0755133 0.147954 0.0374701
0 0.474229 0.413928 0.0333008 0.0504865 0.0373678
0 0.953384 0.700054 0.0965826 0.273848 0.0372551
0 0.958103 0.604555 0.0794077 0.219723 0.0371756
0 0.878361 0.421951 0.210758 0.136275 0.0370874
0 0.108812 0.43501 0.0582469 0.0389019 0.0370144
0 0.889287 0.512221 0.171675 0.204376 0.0366152
0 0.204216 0.440479 0.0367456 0.0557576 0.0364187
0 0.0215459 0.449559 0.0434056 0.0941164 0.036201
0 0.693117 0.340035 0.0485298 0.0333254 0.0359417
0 0.232952 0.408064 0.0302386 0.0233912 0.0358624
0 0.327445 0.445842 0.0241465 0.0428839 0.0357678
0 0.984824 0.447532 0.0312059 0.116389 0.0355695
0 0.928329 0.450803 0.118908 0.0847015 0.0349052
0 0.314268 0.447074 0.0251785 0.0442512 0.0347088
0 0.712547 0.45129 0.100436 0.126433 0.0344984
0 0.599196 0.383047 0.0201653 0.0265407 0.0344521
0 0.784042 0.476906 0.0561026 0.121607 0.0340214
0 0.335593 0.426162 0.0297564 0.0472165 0.0333739
0 0.766738 0.431433 0.0468599 0.0910894 0.0332326
0 0.570071 0.388256 0.0172061 0.0244288 0.0331492
0 0.639031 0.400893 0.0435451 0.0785119 0.0329299
0 0.935973 0.426762 0.12018 0.0812057 0.0328682
0 0.925922 0.767887 0.135225 0.290486 0.032855
0 0.667497 0.401659 0.0662931 0.100055 0.0327303
0 0.125291 0.439628 0.053341 0.047887 0.0322885
0 0.031218 0.457229 0.063468 0.130621 0.0322248
0 0.877225 0.386615 0.201373 0.163525 0.0315594
0 0.983261 0.701248 0.0333939 0.262263 0.0310688
0 0.558653 0.350099 0.0197446 0.0237639 0.0309131
0 0.843697 0.497874 0.138572 0.146387 0.0306468
0 0.690603 0.360175 0.0759646 0.0782745 0.0305556
0 0.238672 0.278887 0.0324153 0.0419748 0.0305497
0 0.822765 0.405259 0.101027 0.181253 0.0305467
0 0.927653 0.361822 0.0829571 0.0728841 0.0303939
0 0.281912 0.452438 0.0243392 0.0415158 0.0303528
0 0.497784 0.363133 0.0129902 0.0186718 0.0302267
0 0.412516 0.423003 0.0420868 0.0683581 0.0295482
0 0.0119239 0.439706 0.025147 0.0678373 0.0294405
0 0.931203 0.391642 0.100259 0.0703199 0.0292356
0 0.871956 0.78217 0.112111 0.213676 0.0291776
0 0.807565 0.572943 0.0275534 0.10846 0.0289805
0 0.0366261 0.453815 0.0762913 0.199597 0.0289573
0 0.384063 0.407501 0.0870967 0.101064 0.0289108
0 0.638752 0.384502 0.0227656 0.0422374 0.0288444
0 0.100439 0.49125 0.0779208 0.0927108 0.0288143
0 0.984797 0.403597 0.0302458 0.0851199 0.0287937
0 0.681534 0.388156 0.0758667 0.0724836 0.0287121
0 0.880369 0.448126 0.0853476 0.0595981 0.0285987
0 0.0965346 0.441438 0.0674049 0.0455006 0.0285314
0 0.133454 0.456804 0.0570874 0.0749681 0.0282187
0 0.923818 0.519767 0.124103 0.197026 0.0280532
0 0.220826 0.409949 0.0342278 0.0266424 0.0278585
0 0.924194 0.857949 0.148048 0.299909 0.0278499
0 0.932348 0.37144 0.107958 0.118345 0.0277395
0 0.390817 0.40126 0.0219211 0.0388652 0.0276484
0 0.925286 0.355774 0.0620581 0.0535235 0.0276446
0 0.203144 0.413391 0.0702264 0.0546511 0.0274222
0 0.565253 0.389261 0.0176685 0.0265412 0.0274076
0 0.941457 0.634481 0.111697 0.181795 0.0273519
0 0.290471 0.245879 0.0412281 0.0510573 0.0273429
0 0.430776 0.423432 0.0269039 0.0367817 0.0271641
0 0.272741 0.443418 0.0261952 0.0621416 0.0271091
0 0.795576 0.465537 0.0653584 0.101697 0.0270016
0 0.279692 0.416647 0.0329794 0.050842 0.0263468
0 0.539695 0.311175 0.0198166 0.0304584 0.0262414
0 0.738366 0.911342 0.0247432 0.0646961 0.0260425
0 0.158885 0.443192 0.0252944 0.0331156 0.0259873
0 0.91381 0.41715 0.071657 0.0442993 0.0258484
0 0.622846 0.37169 0.0276702 0.0273682 0.0257542
0 0.371078 0.436544 0.0583378 0.0827076 0.0256422
0 0.760455 0.469159 0.112483 0.155673 0.025574
0 0.734094 0.460149 0.0723687 0.121438 0.0253513
0 0.688446 0.348776 0.0632779 0.0466925 0.0253182
0 0.362795 0.420361 0.0306517 0.0472672 0.0251455
0 0.161804 0.438493 0.0393621 0.0314067 0.0250291
0 0.971411 0.435928 0.0545683 0.0916052 0.0249777
0 0.683592 0.454543 0.0663567 0.09978 0.0249466
0 0.160047 0.462119 0.0688547 0.0799622 0.024534
0 0.145762 0.434216 0.0499165 0.0355114 0.024493
0 0.163003 0.451181 0.0249025 0.0344584 0.0244125
0 0.0727921 0.464114 0.100184 0.0903022 0.0243348
0 0.404031 0.385467 0.020785 0.0317536 0.0243113
0 0.933531 0.662661 0.084199 0.159799 0.0242217
0 0.806918 0.462161 0.0904343 0.123193 0.0241843
0 0.959661 0.746954 0.0708174 0.26206 0.024184
0 0.874792 0.436102 0.0982742 0.0545581 0.0241615
0 0.343577 0.398835 0.0781475 0.100639 0.0241169
0 0.955449 0.678671 0.0773247 0.174934 0.0240233
0 0.220691 0.281537 0.068292 0.0694026 0.0238806
0 0.991728 0.742696 0.0167135 0.164521 0.0238588
0 0.743993 0.570938 0.122889 0.199534 0.0237798
0 0.90724 0.397761 0.0884026 0.0731874 0.0235918
0 0.836673 0.458965 0.11056 0.0967763 0.0234765
0 0.878902 0.345086 0.0305092 0.0581763 0.0234671
0 0.870448 0.343324 0.0335045 0.0568648 0.0233157
0 0.672231 0.369756 0.0689055 0.0713442 0.023315
0 0.79746 0.606587 0.071531 0.177346 0.0233066
0 0.701242 0.341292 0.071247 0.0414093 0.023224
0 0.535277 0.314328 0.0165537 0.0270939 0.0231848
0 0.636667 0.365473 0.0290844 0.0331024 0.0231554
0 0.761283 0.450151 0.0514241 0.0821614 0.0230359
0 0.355344 0.457817 0.0291766 0.0462711 0.0228865
0 0.741357 0.419896 0.0484821 0.106785 0.0227623
0 0.741459 0.438343 0.041091 0.0793451 0.0225859
0 0.726312 0.527338 0.112869 0.170662 0.0224651
0 0.292471 0.397791 0.0849282 0.113806 0.0222484
0 0.201414 0.427812 0.0345336 0.0380006 0.022211
0 0.898454 0.417793 0.070278 0.052713 0.0221987
0 0.574613 0.341466 0.0213319 0.0263248 0.0220916
0 0.121071 0.399821 0.115584 0.0828665 0.0220739
0 0.252765 0.406628 0.0357888 0.0374423 0.0220034
0 0.230897 0.277498 0.0461839 0.0558175 0.0218209
0 0.781806 0.536452 0.0411966 0.13831 0.021571
0 0.26605 0.441676 0.0475688 0.0672994 0.0213938
0 0.379028 0.455366 0.0275851 0.046764 0.0213932
0 0.781266 0.452604 0.0394811 0.0685733 0.0212413
0 0.722301 0.386495 0.0760291 0.0764686 0.0211858
0 0.0645949 0.439141 0.0923256 0.154267 0.0211231
0 0.755697 0.428436 0.044045 0.0791494 0.0211136
0 0.84966 0.605263 0.0712185 0.151758 0.0210306
0 0.984228 0.35826 0.0336988 0.112458 0.0209375
0 0.219827 0.461203 0.0206135 0.0294005 0.0208272
0 0.192567 0.286333 0.0273477 0.0394483 0.0207789
0 0.739313 0.38764 0.048241 0.0752491 0.0204419
0 0.566945 0.290853 0.0329789 0.043229 0.0204081
0 0.218325 0.400284 0.0320371 0.0365735 0.0202647
0 0.0579641 0.859925 0.105587 0.188744 0.0202064
0 0.960445 0.851013 0.0862938 0.250318 0.0201709
0 0.753407 0.286027 0.027348 0.050391 0.0199633
0 0.647849 0.364911 0.0263518 0.0327149 0.019807
0 0.228812 0.391887 0.0314983 0.0305958 0.0196629
0 0.806752 0.590907 0.0222802 0.0698493 0.019635
0 0.0254276 0.448497 0.0471843 0.18576 0.0195047
0 0.414446 0.373884 0.028498 0.0431266 0.0194963
0 0.528493 0.377629 0.0120862 0.0173264 0.0194939
0 0.622032 0.465617 0.0221972 0.0581594 0.019316
0 0.584584 0.348782 0.0210649 0.0281503 0.0192741
0 0.148144 0.469671 0.023395 0.0439373 0.0192265
0 0.772305 0.425858 0.0231894 0.0448161 0.0190762
0 0.83171 0.357922 0.0778782 0.0912749 0.0190185
0 0.271759 0.466136 0.0340676 0.0522978 0.0189956
0 0.103416 0.421571 0.101769 0.108062 0.0189647
0 0.813156 0.599125 0.0321592 0.0685817 0.0189188
0 0.934826 0.722404 0.0986115 0.185392 0.0188834
0 0.264307 0.455175 0.0211496 0.0479766 0.0188238
0 0.752446 0.407318 0.0461437 0.0987896 0.0186494
0 0.773636 0.41235 0.0672947 0.128042 0.0185063
0 0.977845 0.414752 0.0425915 0.0619631 0.0185033
0 0.246912 0.415742 0.0531354 0.0548122 0.0184381
0 0.206753 0.460842 0.0219767 0.0442169 0.0183821
0 0.223042 0.388664 0.0360502 0.0383344 0.0183308
0 0.798696 0.433245 0.0678769 0.0841147 0.0183146
