0 0.413705 0.398307 0.114866 0.19681 0.930122
0 0.509467 0.490312 0.106066 0.254055 0.918689
0 0.339991 0.458426 0.0461436 0.0544291 0.891253
0 0.5625 0.460678 0 0.10675 0.887382
0 0.5625 0.462578 0 0.109928 0.88418
0 0.5625 0.427168 0 0.038942 0.364016
0 0.474322 0.413442 0.0178918 0.034888 0.25216
0 0.5625 0.401212 0 0.0274274 0.25209
0 0.477094 0.416642 0.017539 0.0275638 0.243625
0 0.5625 0.446214 0 0.0329016 0.242132
0 0.5625 0.415735 0 0.0443252 0.233095
0 0.5625 0.417584 0 0.0400124 0.219237
0 0.5625 0.428277 0 0.0277258 0.206654
0 0.156101 0.629871 0.312202 0.688606 0.200258
0 0.5625 0.413842 0 0.0536753 0.18546
0 0.204936 0.51764 0.171471 0.16531 0.1849
0 0.556846 0.419479 0.0113072 0.0279165 0.179103
0 0.554568 0.408849 0.0158647 0.0166367 0.177787
0 0.151728 0.489736 0.302612 0.40127 0.177437
0 0.480577 0.417761 0.0129876 0.0204761 0.176282
0 0.0827522 0.460528 0.15123 0.139044 0.173887
0 0.558652 0.428061 0.00769663 0.0426592 0.17059
0 0.201922 0.496695 0.135646 0.12869 0.16948
0 0.0239718 0.788009 0.0479062 0.204838 0.169233
0 0.5625 0.41607 0 0.0266498 0.165619
0 0.5625 0.421656 0 0.0633588 0.164938
0 0.459806 0.41773 0.0192524 0.0532065 0.162721
0 0.562462 0.411016 7.51972e-05 0.0317684 0.16156
0 0.5625 0.446231 0 0.0379311 0.159548
0 0.108407 0.470371 0.102428 0.0974259 0.157997
0 0.561411 0.419353 0.00217786 0.0218958 0.15699
0 0.481057 0.414335 0.0172377 0.0269878 0.155482
0 0.0958372 0.491843 0.184926 0.199491 0.154866
0 0.553337 0.413148 0.0183252 0.0203019 0.151412
0 0.45702 0.406358 0.0235165 0.0722389 0.150755
0 0.478415 0.420731 0.0140668 0.0214328 0.14936
0 0.5625 0.423935 0 0.048982 0.14517
0 0.5625 0.445905 0 0.042953 0.144622
0 0.157633 0.516908 0.273774 0.193008 0.14382
0 0.0807125 0.415578 0.161425 0.234981 0.143296
0 0.462865 0.403226 0.0181739 0.0626293 0.139617
0 0.5625 0.447287 0 0.0270649 0.137866
0 0.5625 0.399059 0 0.0252837 0.136683
0 0.29107 0.464631 0.0509792 0.0787287 0.135139
0 0.0662621 0.863203 0.131678 0.273163 0.132683
0 0.45499 0.39005 0.030379 0.105548 0.130379
0 0.111696 0.468065 0.0875417 0.0673466 0.128924
0 0.1264 0.488323 0.127755 0.104853 0.126167
0 0.529926 0.400343 0.0651482 0.057684 0.125895
0 0.315299 0.466937 0.0201312 0.0521398 0.123896
0 0.0593771 0.453049 0.115672 0.311016 0.123285
0 0.460755 0.437803 0.0290035 0.084885 0.122116
0 0.60753 0.408009 0.052807 0.0407685 0.120854
0 0.203812 0.551151 0.221943 0.252063 0.119646
0 0.539267 0.392156 0.0507061 0.0406909 0.119312
0 0.102788 0.44806 0.105079 0.116182 0.118148
0 0.571783 0.407029 0.0188149 0.0232856 0.117567
0 0.455735 0.42109 0.0322128 0.0843904 0.115396
0 0.589777 0.40672 0.0307528 0.0254786 0.115336
0 0.465101 0.43706 0.028779 0.0608389 0.115077
0 0.563557 0.411699 0.0162163 0.0190434 0.112899
0 0.598081 0.406861 0.0210698 0.0222365 0.112318
0 0.475678 0.416835 0.0132086 0.0174136 0.109341
0 0.302902 0.468674 0.0379326 0.0648393 0.109007
0 0.0343853 0.668424 0.0700875 0.49358 0.108797
0 0.036546 0.43551 0.0738808 0.29563 0.108708
0 0.571798 0.412131 0.017053 0.0212097 0.106478
0 0.198176 0.461728 0.215921 0.313948 0.105375
0 0.578958 0.404195 0.0210443 0.0240872 0.105287
0 0.269874 0.468351 0.0765845 0.085055 0.102985
0 0.0303195 0.771632 0.0609702 0.356103 0.102819
0 0.559568 0.41155 0.013848 0.0191213 0.102699
0 0.470954 0.423436 0.0159053 0.0241996 0.0994047
0 0.284944 0.439599 0.0604362 0.140597 0.0986812
0 0.0663834 0.625592 0.129879 0.632955 0.0985241
0 0.123982 0.403952 0.258626 0.234929 0.0974673
0 0.110149 0.693144 0.221756 0.616652 0.09731
0 0.470334 0.430712 0.0181664 0.0341099 0.0969627
0 0.440211 0.456083 0.0367809 0.0632751 0.0948324
0 0.587086 0.405003 0.0164328 0.0245753 0.0939871
0 0.179673 0.49506 0.111735 0.105269 0.0938298
0 0.208058 0.443938 0.162916 0.232734 0.0922369
0 0.111502 0.86017 0.220958 0.271572 0.0894722
0 0.517456 0.395386 0.0476993 0.0530183 0.0883427
0 0.309851 0.465529 0.0286801 0.0574333 0.0875181
0 0.152006 0.461903 0.194768 0.174081 0.0870695
0 0.0537395 0.807185 0.108767 0.221641 0.0870627
0 0.566798 0.407964 0.0131038 0.0202528 0.0840107
0 0.794807 0.406243 0.0511743 0.0908229 0.0827596
0 0.529595 0.397239 0.0422266 0.0394249 0.0827457
0 0.593444 0.403709 0.0181741 0.0233153 0.0823629
0 0.693198 0.445794 0.0242882 0.0291699 0.0806525
0 0.0487141 0.722836 0.0956567 0.37962 0.078119
0 0.805604 0.435216 0.0290262 0.04919 0.0774764
0 0.484988 0.413866 0.0154239 0.0262225 0.0758316
0 0.162532 0.499457 0.0762523 0.0922277 0.0751171
0 0.0728896 0.523036 0.14147 0.324045 0.0745208
0 0.254138 0.469894 0.0955351 0.113818 0.073994
0 0.486401 0.408157 0.0161119 0.0238102 0.0737501
0 0.27227 0.422254 0.0896097 0.200108 0.0728446
0 0.256558 0.458858 0.0389871 0.0514603 0.0727773
0 0.318241 0.463856 0.0136781 0.0359673 0.0718495
0 0.11046 0.56441 0.219796 0.289756 0.0717205
0 0.0341156 0.458352 0.0671296 0.119337 0.0693785
0 0.619826 0.412536 0.050112 0.0498396 0.0690705
0 0.0304967 0.406489 0.0610446 0.154435 0.0690116
0 0.510074 0.396203 0.0170699 0.0318687 0.067425
0 0.448869 0.387201 0.0430604 0.127957 0.0660078
0 0.25147 0.436674 0.123035 0.215886 0.0654788
0 0.0490765 0.547336 0.0978053 0.415595 0.065399
0 0.629867 0.426767 0.0362253 0.0445362 0.0645083
0 0.286448 0.478603 0.0535717 0.0771005 0.0642209
0 0.716116 0.453471 0.0500043 0.0848478 0.064026
0 0.705753 0.444077 0.0465813 0.0578551 0.0637022
0 0.688142 0.450244 0.0179857 0.0247175 0.0636769
0 0.811159 0.452174 0.0226995 0.036096 0.0636182
0 0.60051 0.412584 0.0252894 0.0276029 0.0616855
0 0.0433593 0.474732 0.085845 0.163957 0.0612015
0 0.2395 0.443233 0.0661876 0.0697686 0.0608392
0 0.252027 0.448151 0.0596414 0.0781721 0.0607665
0 0.112475 0.499982 0.129156 0.163999 0.0605073
0 0.358498 0.451229 0.0167583 0.0306442 0.0602589
0 0.231706 0.47444 0.0727498 0.0897028 0.059848
0 0.314987 0.477522 0.0137641 0.0298113 0.0596105
0 0.257763 0.481042 0.0471153 0.0843214 0.0595109
0 0.46506 0.442507 0.0164721 0.0426991 0.0592307
0 0.0395404 0.366992 0.0792753 0.329545 0.0579202
0 0.0382195 0.44308 0.0497036 0.0803844 0.0577027
0 0.0658147 0.448004 0.0977303 0.0923491 0.0562714
0 0.681919 0.452221 0.0187133 0.032144 0.0557533
0 0.205889 0.481636 0.0994497 0.0906212 0.0550738
0 0.584494 0.435694 0.0174201 0.0344824 0.055018
0 0.316362 0.470277 0.016694 0.0352877 0.0548431
0 0.331716 0.434051 0.0503961 0.0955446 0.0547229
0 0.259336 0.523976 0.0938241 0.165324 0.0546506
0 0.361372 0.458167 0.0129717 0.0335083 0.0543241
0 0.423548 0.457537 0.0540401 0.0610697 0.0542974
0 0.0326516 0.369688 0.0643622 0.1668 0.0542364
0 0.784501 0.400376 0.0347935 0.0373096 0.0536615
0 0.654805 0.44453 0.0333162 0.0513123 0.0532831
0 0.497872 0.401352 0.0260157 0.0335221 0.0524599
0 0.408151 0.445597 0.0917865 0.103727 0.0523338
0 0.816825 0.443609 0.0386508 0.0562013 0.0522617
0 0.156135 0.487177 0.122484 0.0934962 0.0522243
0 0.771616 0.45809 0.067561 0.0946181 0.0510053
0 0.700805 0.446404 0.0190693 0.0326648 0.0509552
0 0.234965 0.498878 0.0842133 0.113352 0.0508755
0 0.429487 0.380578 0.0842834 0.140576 0.0500305
0 0.0339539 0.521883 0.0656527 0.183664 0.0500281
0 0.35913 0.443932 0.0110651 0.0269533 0.0499073
0 0.668945 0.434882 0.0298244 0.0463656 0.049215
0 0.356228 0.458634 0.0224184 0.039529 0.0491461
0 0.057013 0.517899 0.101128 0.184372 0.0490163
0 0.550532 0.402104 0.0157443 0.0188991 0.0481563
0 0.286441 0.430911 0.0471941 0.0996957 0.047488
0 0.993644 0.396579 0.0125254 0.0972731 0.0472946
0 0.800261 0.440076 0.0277916 0.0496465 0.0472731
0 0.51781 0.412391 0.04839 0.0666634 0.0469239
0 0.324138 0.46214 0.0176219 0.0279106 0.0468617
0 0.253808 0.502732 0.0615188 0.101629 0.0467778
0 0.497014 0.40312 0.0172703 0.0220639 0.0466928
0 0.810674 0.456755 0.0276403 0.0499744 0.0460919
0 0.0845415 0.617778 0.164142 0.374362 0.0459066
0 0.470119 0.403523 0.0202046 0.0382143 0.0452284
0 0.248535 0.431448 0.0755945 0.113445 0.0445082
0 0.502022 0.403548 0.0191186 0.0240156 0.044247
0 0.995679 0.405158 0.00989723 0.0841799 0.0437458
0 0.658182 0.446648 0.0180383 0.0288646 0.0437151
0 0.662938 0.445449 0.0250121 0.0361387 0.0430322
0 0.468121 0.383262 0.0409862 0.109659 0.0428198
0 0.393446 0.327858 0.072221 0.0574374 0.0427224
0 0.300124 0.449346 0.0411298 0.0958195 0.0423971
0 0.0610849 0.461567 0.0663442 0.0921199 0.0421287
0 0.784366 0.395894 0.0638611 0.0662834 0.0417909
0 0.463433 0.453084 0.0187456 0.0539838 0.0408791
0 0.475369 0.434111 0.0309463 0.0445745 0.0408783
0 0.396544 0.36182 0.0811554 0.120442 0.0407916
0 0.0947141 0.49217 0.112952 0.128206 0.0407226
0 0.871835 0.420713 0.0809235 0.0983621 0.040452
0 0.0810652 0.408045 0.126105 0.144478 0.0402766
0 0.623681 0.415596 0.027269 0.0358835 0.0396786
0 0.395716 0.470582 0.0543944 0.063157 0.0393878
0 0.212793 0.459929 0.0645113 0.0694518 0.039347
0 0.5818 0.44739 0.0195433 0.043714 0.0393082
0 0.757526 0.399225 0.0532978 0.0355928 0.0391721
0 0.933202 0.446178 0.0613953 0.0661528 0.0389617
0 0.225403 0.628068 0.220366 0.433177 0.038712
0 0.37081 0.457883 0.0200856 0.0356389 0.0387097
0 0.51143 0.435365 0.0684425 0.0806628 0.0384493
0 0.744704 0.398872 0.0294202 0.0262839 0.0383792
0 0.0362545 0.280109 0.0775566 0.400209 0.0383494
0 0.492162 0.403551 0.0137494 0.0256875 0.0382803
0 0.787191 0.414417 0.0413772 0.0465701 0.0381489
0 0.617898 0.402703 0.0227267 0.028914 0.0378377
0 0.43395 0.353993 0.0642011 0.0867604 0.0377729
0 0.972799 0.393966 0.0532223 0.137879 0.0376938
0 0.0829204 0.52804 0.0803872 0.138258 0.037496
0 0.160348 0.512333 0.105877 0.120621 0.0373829
0 0.590957 0.456101 0.0153081 0.0263675 0.0372723
0 0.163598 0.607845 0.246589 0.321743 0.037154
0 0.390466 0.317488 0.0611333 0.042001 0.0371366
0 0.35627 0.435856 0.0129413 0.0383491 0.0365889
0 0.825686 0.42548 0.0395163 0.0660271 0.0364201
0 0.842021 0.408363 0.0587282 0.100801 0.0363034
0 0.817892 0.411507 0.0412502 0.101756 0.0362827
0 0.273844 0.423183 0.0725738 0.128038 0.0362226
0 0.496238 0.42814 0.053698 0.0580964 0.0360996
0 0.656861 0.418387 0.0462399 0.0865985 0.0356406
0 0.149227 0.261891 0.291763 0.553231 0.0352689
0 0.29709 0.489444 0.0359491 0.0665722 0.0352246
0 0.650795 0.443016 0.01713 0.0348452 0.0350234
0 0.326758 0.457557 0.0229627 0.0399933 0.0349097
0 0.350474 0.380958 0.021151 0.0617432 0.0347789
0 0.767912 0.416798 0.0520083 0.034837 0.0347213
0 0.651633 0.455714 0.013811 0.0328128 0.0345829
0 0.848094 0.402408 0.080949 0.123066 0.03438
0 0.537654 0.433819 0.084341 0.080216 0.0341232
0 0.954555 0.415654 0.0267586 0.0435076 0.0337323
0 0.222171 0.418443 0.0367918 0.0721982 0.0336216
0 0.0578507 0.39344 0.1002 0.138979 0.033591
0 0.985796 0.386951 0.0247993 0.140309 0.0334373
0 0.454805 0.467589 0.0160557 0.0435512 0.0331359
0 0.642588 0.429808 0.0170969 0.0234927 0.0330725
0 0.192634 0.464089 0.0864714 0.0749161 0.032636
0 0.69583 0.459886 0.0182179 0.0335834 0.0326025
0 0.361398 0.463889 0.0161577 0.036186 0.0325423
0 0.229381 0.594363 0.16794 0.221293 0.032541
0 0.791573 0.415065 0.0230896 0.0314011 0.0319953
0 0.35906 0.429996 0.0108737 0.0309374 0.0319332
0 0.221671 0.438228 0.0434623 0.0611508 0.0318853
0 0.0799369 0.909818 0.144084 0.166891 0.0318814
0 0.39622 0.392175 0.0636867 0.137151 0.031728
0 0.934323 0.438042 0.0476295 0.0541926 0.0316207
0 0.706116 0.455318 0.0369344 0.0646244 0.0315894
0 0.224229 0.74578 0.263549 0.431054 0.0314657
0 0.282122 0.552306 0.0355334 0.0770388 0.0314181
0 0.809449 0.39898 0.0647902 0.1271 0.0312816
0 0.279103 0.528518 0.0564301 0.139084 0.0312553
0 0.637886 0.463133 0.0262567 0.0602508 0.0312057
0 0.0531595 0.897297 0.1039 0.193272 0.0309775
0 0.0963818 0.914438 0.0751717 0.100952 0.0307898
0 0.71721 0.43808 0.0462156 0.0581398 0.0307039
0 0.273386 0.913158 0.15797 0.218203 0.0306562
0 0.394183 0.426923 0.0753649 0.128027 0.0304799
0 0.11023 0.848933 0.16012 0.215615 0.0304389
0 0.493379 0.452802 0.0657167 0.0903709 0.0298336
0 0.345758 0.41879 0.0216063 0.0382696 0.0296543
0 0.0552187 0.795651 0.0968271 0.135639 0.0295295
0 0.252119 0.390957 0.0454342 0.0830498 0.0294794
0 0.357712 0.477876 0.024186 0.0486851 0.0292906
0 0.260758 0.400348 0.0556319 0.0978171 0.0292826
0 0.870052 0.413222 0.0497028 0.0913126 0.0291809
0 0.565632 0.322806 0.0390153 0.0639738 0.0288452
0 0.0624259 0.897237 0.0776651 0.107659 0.0288427
0 0.411276 0.86371 0.0182494 0.0268763 0.0286996
0 0.552758 0.456994 0.0743568 0.102755 0.028559
0 0.137398 0.44125 0.124861 0.104314 0.0283937
0 0.214473 0.400392 0.0299985 0.0522408 0.0282461
0 0.160384 0.448121 0.0866076 0.0691218 0.027715
0 0.899959 0.373098 0.148413 0.201793 0.0275787
0 0.865578 0.32984 0.0427361 0.050391 0.0275212
0 0.273255 0.628697 0.084272 0.146915 0.027503
0 0.443646 0.465667 0.0272861 0.0464317 0.0274009
0 0.936925 0.449843 0.0371939 0.0401357 0.027334
0 0.565863 0.484642 0.0561221 0.141899 0.0270678
0 0.968006 0.419368 0.0624823 0.0979298 0.0269989
0 0.0907013 0.773171 0.157688 0.24412 0.0269325
0 0.512927 0.456461 0.0685432 0.0929014 0.0267528
0 0.697718 0.434255 0.022781 0.0331372 0.0266371
0 0.229563 0.942419 0.230488 0.166974 0.0266064
0 0.865313 0.394686 0.0409401 0.0722108 0.0262437
0 0.629347 0.377239 0.0200227 0.0267863 0.0262388
0 0.856481 0.385427 0.0617289 0.0858977 0.026209
0 0.863333 0.376498 0.0437229 0.0652657 0.0261303
0 0.162329 0.433468 0.067209 0.0666777 0.0260211
0 0.201449 0.376767 0.0742313 0.0843684 0.025823
0 0.361323 0.412347 0.0287353 0.106051 0.0257788
0 0.447062 0.293366 0.0232807 0.0305031 0.0257445
0 0.943021 0.444034 0.0393171 0.0494617 0.0256842
0 0.487423 0.38766 0.0178882 0.0351041 0.0256609
0 0.181856 0.452021 0.0701903 0.0616169 0.0256305
0 0.113911 0.898637 0.161799 0.187222 0.0254708
0 0.770253 0.416587 0.0869066 0.0889381 0.0253478
0 0.954187 0.423434 0.0360773 0.0691839 0.0249341
0 0.160436 0.877162 0.0738415 0.121038 0.0249069
0 0.656511 0.472192 0.0218257 0.0418329 0.0248604
0 0.533275 0.387048 0.0117076 0.0226607 0.0248368
0 0.33869 0.419031 0.0427908 0.0693321 0.0247766
0 0.915872 0.436108 0.0557011 0.06266 0.024753
0 0.492466 0.39077 0.0145518 0.0240667 0.0247466
0 0.409759 0.338657 0.120582 0.0819693 0.0245911
0 0.822267 0.462597 0.0354969 0.0482617 0.0245894
0 0.929878 0.400652 0.068354 0.124617 0.0245704
0 0.168249 0.401422 0.0352442 0.0485954 0.0244748
0 0.564698 0.321517 0.0217196 0.0348092 0.0243769
0 0.678002 0.429283 0.0396687 0.0600009 0.0243253
0 0.350025 0.374871 0.0166108 0.0431092 0.0242214
0 0.202946 0.388085 0.0535474 0.078762 0.0242011
0 0.0652217 0.871639 0.095812 0.149343 0.0241287
0 0.31463 0.425891 0.0337966 0.0765144 0.0240976
