0 0.256871 0.604092 0.43794 0.537421 0.872949
0 0.0288028 0.439234 0.0576057 0.1055 0.508171
0 0.747111 0.445434 0.0198872 0.0231847 0.447569
0 0.611413 0.44479 0.0557925 0.0514001 0.421623
0 0.0797856 0.433135 0.0581202 0.0508041 0.41676
0 0.89605 0.44021 0.0184725 0.0280429 0.408282
0 0.600953 0.447473 0.0361631 0.041332 0.405668
0 0.0132663 0.43835 0.0265325 0.106617 0.40511
0 0.711626 0.4463 0.0462651 0.0344557 0.397225
0 0.107233 0.425624 0.0436369 0.0498956 0.391979
0 0.871551 0.443605 0.0246675 0.027212 0.37531
0 0.0655266 0.431675 0.057951 0.0555401 0.35968
0 0.880098 0.441683 0.0413492 0.0342046 0.344234
0 0.0974826 0.429439 0.0577303 0.0522264 0.336818
0 0.702596 0.44686 0.0344028 0.0320957 0.331257
0 0.662002 0.437175 0.0258224 0.0287108 0.308069
0 0.78304 0.442121 0.0578476 0.0487271 0.305963
0 0.901958 0.437584 0.0316208 0.0354728 0.290255
0 0.887508 0.436877 0.0556372 0.0403854 0.288854
0 0.823816 0.445044 0.0292913 0.031064 0.28384
0 0.956292 0.431869 0.0197496 0.0209944 0.283774
0 0.469004 0.427959 0.0296516 0.0369898 0.264279
0 0.0822978 0.422916 0.0786678 0.0731183 0.262648
0 0.810254 0.44281 0.0185467 0.0319995 0.261253
