0 0.0140097 0.4548 0.0253293 0.0300594 0.658203
0 0.0579312 0.456786 0.020921 0.0290855 0.443921
0 0.0379762 0.455199 0.0177952 0.026097 0.432573
0 0.122731 0.456454 0.0229748 0.0292102 0.343557
0 0.0792538 0.450478 0.0232585 0.0290189 0.302033
0 0.132198 0.455327 0.0413172 0.0401039 0.236132
0 0.264766 0.475148 0.0465166 0.0444582 0.23186
0 0.16525 0.465091 0.0430371 0.0437451 0.22869
0 0.330757 0.478424 0.0309281 0.0411409 0.206558
0 0.15967 0.456867 0.043547 0.0460525 0.206552
0 0.0755361 0.45137 0.0326565 0.0361371 0.200305
0 0.146018 0.45563 0.0679571 0.0581111 0.191441
0 0.170406 0.465703 0.0539316 0.0583093 0.188669
0 0.277904 0.478378 0.0281456 0.0390109 0.184702
0 0.23434 0.471037 0.0451513 0.0456063 0.179579
0 0.109396 0.449214 0.0271531 0.0359209 0.15302
0 0.0420666 0.459561 0.0179776 0.021422 0.152075
0 0.244972 0.471367 0.0634025 0.0515882 0.146021
0 0.535996 0.488193 0.0530085 0.118117 0.141915
0 0.120027 0.459237 0.0180417 0.0224548 0.137767
0 0.314078 0.476959 0.0511905 0.0450211 0.135499
0 0.222962 0.471965 0.0318318 0.0425085 0.134832
0 0.0788286 0.441764 0.0295495 0.0441828 0.133629
0 0.262869 0.466356 0.0549307 0.0631365 0.131418
0 0.34147 0.473775 0.0485014 0.0520671 0.126272
0 0.290304 0.4776 0.0424757 0.0436357 0.122731
0 0.0831539 0.449507 0.0197578 0.0208477 0.121727
0 0.0039282 0.45585 0.00785641 0.0236237 0.11306
0 0.0753243 0.453427 0.0177531 0.0219373 0.111464
0 0.327181 0.482584 0.0260089 0.0296932 0.107939
0 0.124616 0.462636 0.0259557 0.0280663 0.107796
0 0.546777 0.499929 0.0314462 0.0794851 0.107771
0 0.302623 0.475799 0.0565137 0.0497604 0.104622
0 0.203229 0.469804 0.0640912 0.0620847 0.104139
0 0.00703603 0.451148 0.0138394 0.0219589 0.103389
0 0.0628827 0.458328 0.0183101 0.0234784 0.103021
0 0.278242 0.484005 0.0175344 0.0259964 0.102721
0 0.0141929 0.457836 0.0195426 0.0224076 0.101931
0 0.0997227 0.457206 0.0181035 0.0230939 0.10125
0 0.545314 0.496816 0.0343715 0.145689 0.100338
0 0.157856 0.477989 0.0937148 0.0898512 0.0979823
0 0.351288 0.472985 0.070601 0.0639341 0.0972805
0 0.520387 0.470858 0.0443542 0.0700659 0.0968815
0 0.5625 0.444426 0 0.0345913 0.0956938
0 0.33204 0.482653 0.02055 0.0258045 0.0928928
0 0.114557 0.459654 0.0201091 0.0250609 0.091667
0 0.111543 0.453507 0.0169549 0.0198249 0.0914754
0 0.160909 0.459046 0.0276388 0.0302895 0.0906924
0 0.327003 0.486364 0.0197679 0.0251143 0.0905205
0 0.513899 0.501441 0.0451022 0.0654602 0.0898564
0 0.118896 0.452366 0.0189221 0.0262583 0.0888579
0 0.515876 0.482303 0.0525294 0.102662 0.0886852
0 0.220236 0.467136 0.0500779 0.0542381 0.0879519
0 0.572121 0.51335 0.0444691 0.0609201 0.0864539
0 0.247753 0.462453 0.0826922 0.0745685 0.0863934
0 0.506036 0.513088 0.0249932 0.0360362 0.0852209
0 0.0992115 0.444541 0.0294124 0.0364126 0.0847006
0 0.281183 0.480786 0.018864 0.0272239 0.0838316
0 0.723682 0.486443 0.0199507 0.0323434 0.0813723
0 0.412106 0.489702 0.046008 0.0416846 0.0812567
0 0.329275 0.469197 0.0384567 0.0603257 0.0804893
0 0.572468 0.450127 0.0369061 0.0343408 0.0803528
0 0.109904 0.448269 0.0181888 0.0246622 0.0797609
0 0.0172506 0.453922 0.0198957 0.0210504 0.0777121
0 0.466487 0.488913 0.0579777 0.0631499 0.0775931
0 0.719656 0.481897 0.0282138 0.0429333 0.0764188
0 0.154826 0.462479 0.0236249 0.0272298 0.0761336
0 0.528742 0.502517 0.0414055 0.0658226 0.0756547
0 0.162424 0.453267 0.0665218 0.0788668 0.0756081
0 0.49652 0.487886 0.071023 0.0815997 0.0745471
0 0.13972 0.463684 0.0206827 0.0231282 0.0740839
0 0.166685 0.454189 0.0256583 0.0284943 0.0740366
0 0.522489 0.452208 0.0368501 0.0497349 0.0731936
0 0.573076 0.466985 0.0462025 0.0764389 0.0709277
0 0.402749 0.490807 0.0306044 0.0346288 0.0707167
0 0.607868 0.505621 0.110213 0.110634 0.070101
0 0.179702 0.456951 0.0814191 0.0861679 0.0684696
0 0.450021 0.48811 0.0749054 0.0619898 0.068402
0 0.278745 0.469858 0.0529167 0.0612564 0.0676302
0 0.752935 0.462158 0.0846263 0.0911643 0.067573
0 0.510924 0.516448 0.0368506 0.0450535 0.0666282
0 0.537011 0.465267 0.0718234 0.0776873 0.0664953
0 0.733941 0.476396 0.0426707 0.0579348 0.066495
0 0.0496332 0.444084 0.0225 0.0305986 0.0659358
0 0.675748 0.502124 0.122339 0.14149 0.0655976
0 0.0956849 0.455078 0.020367 0.0204052 0.062721
0 0.308185 0.469596 0.0737936 0.064479 0.0623015
0 0.494878 0.476037 0.105287 0.107225 0.0603605
0 0.882793 0.509004 0.219884 0.175315 0.0598564
0 0.222046 0.454271 0.060175 0.0842816 0.0584636
0 0.321477 0.485991 0.0184612 0.0236941 0.0547349
0 0.340072 0.458113 0.0587921 0.0843636 0.0542934
0 0.569147 0.528988 0.0488636 0.0712283 0.0542445
0 0.373513 0.477275 0.0625684 0.0556198 0.054152
0 0.434021 0.482568 0.0859662 0.0690133 0.053239
0 0.22208 0.477174 0.0248028 0.030866 0.0529022
0 0.500679 0.51635 0.0152871 0.0248719 0.0526431
0 0.591471 0.487255 0.107019 0.132451 0.0515516
0 0.700544 0.478361 0.067471 0.0673263 0.0510042
0 0.556867 0.520517 0.0668396 0.0850341 0.0507535
0 0.0561117 0.474325 0.0213029 0.0306573 0.0504729
0 0.265213 0.475991 0.0336569 0.0320873 0.0501699
0 0.14579 0.45512 0.0223533 0.0250102 0.050154
0 0.687893 0.465231 0.0965189 0.108428 0.0495137
0 0.598974 0.52334 0.0897348 0.0889936 0.0491952
0 0.817963 0.511156 0.223183 0.181745 0.0491936
0 0.903786 0.552694 0.192934 0.22297 0.0491852
0 0.967066 0.614458 0.063603 0.244796 0.0489589
0 0.133013 0.085182 0.044971 0.0484783 0.0477506
0 0.109386 0.0864245 0.0402944 0.0571489 0.0476477
0 0.058494 0.0862669 0.0613455 0.0622743 0.047339
0 0.30734 0.481984 0.02044 0.0254378 0.0468055
0 0.26791 0.481058 0.0245256 0.0259899 0.0461864
0 0.222768 0.483671 0.0216613 0.0271986 0.0452819
0 0.279363 0.45186 0.0776091 0.10136 0.044984
0 0.56989 0.437872 0.0578863 0.0482902 0.0444353
0 0.0947505 0.463403 0.0587179 0.0655403 0.0441761
0 0.255894 0.481018 0.0206045 0.0240441 0.0438036
0 0.554219 0.445531 0.0914275 0.0675885 0.0434958
0 0.307383 0.451427 0.0979162 0.104671 0.0429525
0 0.0331601 0.476075 0.0293356 0.0408109 0.0428995
0 0.322185 0.455407 0.0636767 0.0887713 0.0426699
0 0.386671 0.481156 0.0515031 0.0533985 0.0412451
0 0.722292 0.506378 0.0333858 0.0752346 0.0411633
0 0.169026 0.0774233 0.0279892 0.0468706 0.0411513
0 0.810147 0.520767 0.0819595 0.101011 0.0411269
0 0.849 0.493807 0.149449 0.153757 0.0410268
0 0.919678 0.595281 0.161234 0.244219 0.0404738
0 0.788364 0.43983 0.0289889 0.039996 0.0403751
0 0.601355 0.44123 0.0501717 0.0443247 0.0402118
0 0.289865 0.487335 0.0228028 0.0259688 0.0399062
0 0.537625 0.516639 0.0661141 0.0863841 0.039762
0 0.975041 0.65164 0.0505466 0.182563 0.0397258
0 0.607905 0.463068 0.102547 0.0902284 0.0396967
0 0.140992 0.444137 0.0426356 0.0550375 0.0396408
0 0.685178 0.44534 0.0752017 0.0734099 0.0391221
0 0.985007 0.532235 0.0307808 0.134599 0.0378937
0 0.421045 0.445884 0.0404298 0.0703365 0.0373525
0 0.610544 0.437023 0.0744211 0.0510489 0.0366936
0 0.29845 0.484799 0.0181581 0.0226323 0.036282
0 0.981176 0.569433 0.0367935 0.186094 0.036237
0 0.397361 0.49182 0.0195268 0.0280151 0.0362227
0 0.764421 0.477697 0.0960549 0.116667 0.0360866
0 0.514523 0.454421 0.0518851 0.0595623 0.036013
0 0.689881 0.494233 0.0903586 0.101213 0.0358064
0 0.166322 0.477187 0.0246804 0.029315 0.0357685
0 0.797765 0.476727 0.143443 0.148522 0.035383
0 0.778675 0.498182 0.129849 0.150609 0.0351433
0 0.438299 0.472303 0.0963687 0.115396 0.03477
0 0.278548 0.486038 0.0339176 0.0478046 0.0345534
0 0.342861 0.476929 0.0198715 0.0237261 0.0340709
0 0.0803595 0.794616 0.141844 0.207284 0.0338857
0 0.355697 0.458838 0.0896964 0.100891 0.0338722
0 0.148024 0.496073 0.100459 0.0955121 0.0335097
0 0.485959 0.502082 0.0473459 0.0548771 0.0331638
0 0.120498 0.489573 0.102485 0.10081 0.0331281
0 0.584894 0.439621 0.0204149 0.0246778 0.0327378
0 0.707441 0.489488 0.0574165 0.0649266 0.0325539
0 0.500689 0.523574 0.0184804 0.0264893 0.0320005
0 0.809321 0.515858 0.139053 0.150939 0.0308791
0 0.893942 0.402641 0.0686283 0.0707936 0.0306977
0 0.414494 0.457421 0.0580179 0.0953932 0.0306888
0 0.704417 0.507173 0.0712089 0.100326 0.0304272
0 0.942135 0.621806 0.117006 0.214621 0.0303863
0 0.341761 0.476098 0.0298928 0.0361341 0.0303667
0 0.975762 0.546025 0.0484732 0.127879 0.0299278
0 0.0282163 0.406044 0.0596877 0.0989045 0.0296831
0 0.980539 0.674859 0.0397303 0.13491 0.0292954
0 0.72222 0.510066 0.0493371 0.0942741 0.0291999
0 0.959246 0.646585 0.0777729 0.161769 0.0288764
0 0.988741 0.552087 0.0228165 0.104954 0.0288763
0 0.111624 0.487927 0.0320766 0.0355806 0.0287893
0 0.456547 0.481103 0.0778366 0.0905196 0.0280263
0 0.815787 0.541512 0.0601679 0.0816949 0.0279999
0 0.0063009 0.468548 0.0113411 0.0307099 0.027996
0 0.0988383 0.498247 0.108584 0.103084 0.0278216
0 0.814733 0.435647 0.0586038 0.0514583 0.0272516
0 0.750921 0.510138 0.0953529 0.113721 0.0270376
0 0.79894 0.467409 0.0597344 0.0770827 0.0270004
0 0.0741217 0.347319 0.0274273 0.0404601 0.0265252
0 0.21246 0.455444 0.06547 0.0631803 0.0265141
0 0.147011 0.0835421 0.0491901 0.0622478 0.0264859
0 0.523342 0.444563 0.0294571 0.0365373 0.0264815
0 0.960745 0.547531 0.074592 0.13562 0.0260789
0 0.379501 0.467696 0.0889854 0.0830964 0.0260277
0 0.708192 0.511692 0.110721 0.144205 0.0259096
0 0.783775 0.451938 0.0370955 0.0625182 0.0258977
0 0.824174 0.483076 0.113437 0.127807 0.0258627
0 0.222208 0.501651 0.105902 0.117132 0.0257833
0 0.392508 0.487477 0.0281688 0.0320128 0.0255698
0 0.337476 0.466432 0.0263839 0.0403726 0.0252379
0 0.579153 0.510308 0.0661622 0.11654 0.0247689
0 0.161356 0.0799857 0.0369541 0.0467882 0.0247135
0 0.848697 0.438739 0.112827 0.0851903 0.0245757
0 0.871706 0.45323 0.175914 0.140684 0.0241373
0 0.199166 0.486812 0.0715595 0.0741107 0.0239392
0 0.229728 0.483538 0.0230278 0.0259839 0.0238213
0 0.558662 0.422216 0.0684228 0.0786767 0.0238197
0 0.983645 0.49565 0.0317656 0.125879 0.0237144
0 0.331176 0.698035 0.0391374 0.0695655 0.0236723
0 0.782061 0.461648 0.0501642 0.0743908 0.0236674
0 0.392337 0.490841 0.0204579 0.0231187 0.0236094
0 0.167649 0.08505 0.0353053 0.0601122 0.0234457
0 0.10815 0.386253 0.0816802 0.125999 0.0233878
0 0.526679 0.517596 0.0429749 0.0621115 0.0232905
0 0.80383 0.438703 0.0397286 0.0417838 0.0231052
0 0.265372 0.442946 0.0538338 0.102429 0.0229889
0 0.347363 0.344936 0.0229146 0.0334966 0.0227449
0 0.381828 0.278473 0.0235121 0.0359224 0.0225048
0 0.673479 0.438536 0.0507924 0.0489645 0.0224181
0 0.980962 0.626453 0.0384489 0.182005 0.0223678
0 0.792409 0.51664 0.0979411 0.115 0.02194
0 0.0531573 0.407344 0.080032 0.0955206 0.0218999
0 0.433064 0.331368 0.0221069 0.0333777 0.0217864
0 0.416721 0.492654 0.027907 0.0346018 0.0216309
0 0.478061 0.497185 0.0387415 0.0448887 0.0215137
0 0.0342264 0.308805 0.0331985 0.0394439 0.0213303
0 0.950271 0.504836 0.0888992 0.123177 0.0212558
0 0.793031 0.455734 0.0433794 0.0614353 0.0212295
0 0.0313648 0.477922 0.0426694 0.0706343 0.0210314
0 0.816306 0.458135 0.0770464 0.0731507 0.0210116
0 0.081744 0.159972 0.163098 0.218441 0.0209603
0 0.202581 0.494758 0.0292168 0.0363396 0.0206778
0 0.948539 0.566266 0.0968876 0.13949 0.0205577
0 0.400866 0.507358 0.0214478 0.0302213 0.0204836
0 0.493781 0.519283 0.0201584 0.0273323 0.0203119
0 0.428481 0.450976 0.0640903 0.0871069 0.0198513
0 0.369467 0.479653 0.0325904 0.0338687 0.0194572
0 0.807644 0.552131 0.0552126 0.0714143 0.0194056
0 0.0747296 0.391558 0.0423617 0.0599244 0.0193778
0 0.927501 0.508026 0.12408 0.145828 0.0192283
0 0.0762764 0.110866 0.123955 0.114226 0.0190923
0 0.120298 0.154765 0.217654 0.252005 0.0189994
0 0.0774746 0.353626 0.0473741 0.0695229 0.0188032
0 0.291694 0.37472 0.0284842 0.0440228 0.018782
0 0.628565 0.495199 0.0955609 0.0995772 0.0184585
0 0.160737 0.722038 0.0930391 0.0859989 0.0183273
0 0.244026 0.445021 0.0606881 0.0821236 0.0183198
0 0.647603 0.504538 0.102626 0.112416 0.0181194
0 0.760609 0.534436 0.0948294 0.100324 0.0181092
0 0.826443 0.555904 0.064307 0.0781977 0.0180559
0 0.979432 0.474785 0.0393421 0.101517 0.017958
0 0.526165 0.437277 0.0332383 0.0434602 0.0179284
0 0.938435 0.540635 0.104645 0.0989737 0.0179284
0 0.345359 0.360234 0.0276878 0.0457464 0.0179275
0 0.976111 -0.00673517 0.044875 0.052645 0.0178614
0 0.799068 0.54579 0.0759178 0.0925377 0.017832
0 0.766026 0.451308 0.062809 0.0700211 0.0175113
0 0.463391 0.494366 0.0356543 0.0414841 0.0175045
0 0.992327 0.869482 0.0142395 0.0934903 0.0174277
0 0.893573 0.510683 0.115419 0.107268 0.0172291
0 0.931985 0.663067 0.129274 0.168577 0.0172187
0 0.704958 0.427972 0.0659046 0.0766103 0.0171808
0 0.424575 0.493882 0.024834 0.0336633 0.0171424
0 0.355061 0.485924 0.0209767 0.0273456 0.0170247
0 0.376036 0.488386 0.0225718 0.0271038 0.016976
0 0.611872 0.402501 0.0710935 0.080537 0.0169259
0 0.0191175 0.472302 0.0274788 0.0554789 0.0168873
0 0.343555 0.339716 0.0301081 0.0426222 0.0168494
0 0.0917407 0.404874 0.0265651 0.038517 0.0168278
0 0.288073 0.416896 0.0443843 0.0726428 0.0167961
0 0.0109376 0.41185 0.0205727 0.0640199 0.0167822
0 0.206133 0.437448 0.0699583 0.0937892 0.0167055
0 0.816871 0.558992 0.0479979 0.0617711 0.0166777
0 0.868268 0.319669 0.0303076 0.0527037 0.0165714
0 0.702696 0.536 0.0765676 0.0954799 0.0165611
0 0.375874 0.50201 0.0214705 0.0292764 0.0164071
0 0.0334834 0.0953365 0.0414811 0.0617235 0.0163331
0 0.712014 0.340863 0.0300779 0.0374409 0.0162863
0 0.841501 0.522602 0.0952386 0.0956671 0.0162719
0 0.227535 0.435239 0.0568443 0.085269 0.0160835
0 0.515836 0.43209 0.0310698 0.0442524 0.0159994
0 0.59123 0.420974 0.026946 0.0362543 0.015946
0 0.857988 0.404431 0.114307 0.0822091 0.0158008
0 0.9691 0.0344745 0.0594273 0.127558 0.0157769
0 0.857912 0.53655 0.0846079 0.0806874 0.0156267
0 0.703372 0.564118 0.0794501 0.107534 0.0156187
0 0.0773678 0.0786303 0.102004 0.0878655 0.0155425
0 0.0591594 -0.0149237 0.0750059 0.0374813 0.0155119
0 0.852819 0.554468 0.108373 0.103629 0.0154509
0 0.0117995 0.71037 0.0258846 0.133576 0.0154055
0 0.799766 0.380484 0.225256 0.29982 0.0153382
0 0.855051 0.583403 0.14402 0.163874 0.01525
0 0.96515 0.672253 0.0628454 0.147478 0.0152393
0 0.00598293 0.712837 0.0128874 0.0701526 0.0152124
0 0.138568 0.711839 0.0863759 0.0639969 0.0151754
0 0.670032 0.458571 0.0792007 0.0884267 0.0151448
0 0.285947 0.377799 0.0291597 0.0456534 0.0151148
0 0.177863 0.491923 0.0508729 0.051387 0.015081
0 0.0596368 0.162027 0.0680713 0.0762704 0.0150013
0 0.685131 0.419607 0.0697129 0.0819572 0.0149918
0 0.649197 0.44193 0.0557899 0.0549916 0.0149747
0 0.728162 0.437397 0.075845 0.0919693 0.0149665
0 0.824441 0.577212 0.226827 0.242401 0.0149575
0 0.162984 -0.00723153 0.0734551 0.0460294 0.0147721
0 0.31735 0.416526 0.0627718 0.103528 0.0147636
0 0.0495768 0.725594 0.0883152 0.0751614 0.014749
0 0.951654 0.484345 0.0677774 0.0829551 0.0146928
0 0.48416 0.531481 0.0250876 0.0296534 0.0146772
0 0.984058 0.458209 0.0319597 0.11122 0.0146468
