0 0.216917 0.551938 0.0767465 0.100948 0.896662
0 0.554983 0.543417 0.0150332 0.0845873 0.875934
0 0.441583 0.511318 0.016729 0.025535 0.85048
0 0.126313 0.563546 0.115248 0.112985 0.843399
0 0.361343 0.524479 0.0238364 0.0326551 0.773708
0 0.509593 0.531089 0.0313393 0.0384893 0.757444
0 0.481232 0.519322 0.021472 0.0342377 0.751599
0 0.545894 0.540849 0.0307709 0.069514 0.693589
0 0.469851 0.506822 0.015327 0.0294481 0.512054
0 0.493247 0.523474 0.0198346 0.0353926 0.407255
0 0.366656 0.522332 0.0360244 0.0340391 0.290557
0 0.474491 0.511178 0.0158786 0.0292007 0.259064
0 0.37732 0.522316 0.0166984 0.0283474 0.243308
0 0.477518 0.519181 0.0146955 0.027883 0.230412
0 0.490084 0.52428 0.014285 0.0291741 0.213204
0 0.5625 0.587701 0 0.100234 0.186347
0 0.315362 0.51597 0.033932 0.0312363 0.183837
0 0.480154 0.51666 0.0145935 0.0298639 0.182109
0 0.5625 0.541227 0 0.198144 0.177821
0 0.281892 0.519901 0.037407 0.0297274 0.175184
0 0.275345 0.520835 0.0252459 0.0271263 0.171257
0 0.468879 0.509298 0.0119356 0.0209585 0.161941
0 0.5625 0.5132 0 0.0764767 0.161303
0 0.5625 0.537435 0 0.146431 0.154239
0 0.486845 0.522239 0.0169182 0.033155 0.15207
0 0.5625 0.509479 0 0.0841221 0.151998
0 0.379311 0.525591 0.0139544 0.0219643 0.151744
0 0.482999 0.520377 0.0151268 0.0253081 0.146516
0 0.5625 0.539901 0 0.186292 0.141256
0 0.5625 0.579417 0 0.0973776 0.135647
0 0.5625 0.585957 0 0.0776479 0.132911
0 0.497017 0.527756 0.0169535 0.0307473 0.132482
0 0.5625 0.522939 0 0.103308 0.130416
0 0.5625 0.51628 0 0.0845477 0.128597
0 0.5625 0.516926 0 0.0361979 0.128022
0 0.5625 0.5675 0 0.0980949 0.127206
0 0.5625 0.49804 0 0.0627165 0.125493
0 0.5625 0.494943 0 0.0465059 0.125374
0 0.020689 0.534344 0.0413781 0.120972 0.124926
0 0.5625 0.527158 0 0.0821938 0.122442
0 0.5625 0.514149 0 0.0525931 0.120176
0 0.470056 0.499724 0.0140117 0.0230628 0.119236
0 0.320873 0.518407 0.0199553 0.0234681 0.118468
0 0.5625 0.52061 0 0.0956022 0.117419
0 0.5625 0.56047 0 0.140194 0.117321
0 0.5625 0.586324 0 0.103028 0.116849
0 0.441955 0.514233 0.0127113 0.0202919 0.116577
0 0.235968 0.551312 0.0399133 0.0815493 0.116452
0 0.26816 0.521663 0.0273077 0.0289276 0.115481
0 0.0309517 0.550681 0.0619033 0.158961 0.111374
0 0.963738 0.587015 0.0684496 0.117549 0.108132
0 0.682098 0.482944 0.0364077 0.0381975 0.107249
0 0.884808 0.562051 0.159649 0.124803 0.107151
0 0.447093 0.508469 0.0139904 0.0223224 0.104793
0 0.980965 0.560145 0.037746 0.132197 0.104078
0 0.374657 0.527256 0.0133399 0.0228261 0.103397
0 0.357851 0.528056 0.0175204 0.0267076 0.100596
0 0.0410229 0.528458 0.0813609 0.144489 0.0997412
0 0.82269 0.531801 0.0996199 0.107513 0.0983729
0 0.692523 0.488164 0.0582038 0.0458098 0.0982268
0 0.109503 0.565107 0.0776986 0.0983973 0.0972816
0 0.960432 0.519009 0.0786671 0.169897 0.0968658
0 0.695524 0.515889 0.0596356 0.06818 0.0958094
0 0.271543 0.520341 0.0169446 0.0207139 0.0948353
0 0.161568 0.560225 0.0513619 0.093875 0.0935067
0 0.326543 0.518164 0.0235237 0.0261317 0.0933805
0 0.935401 0.565752 0.0840376 0.108005 0.0928243
0 0.745118 0.488048 0.0672681 0.0646269 0.0928031
0 0.773003 0.528231 0.0863367 0.0898314 0.0912855
0 0.985164 0.645717 0.0296135 0.244232 0.0909854
0 0.20021 0.555228 0.0531858 0.0917284 0.0903241
0 0.541872 0.542439 0.0222788 0.0568312 0.0878406
0 0.718001 0.476927 0.109363 0.081811 0.086612
0 0.459825 0.515227 0.0193937 0.0247812 0.0861402
0 0.688871 0.510756 0.0485929 0.0461194 0.0846694
0 0.0162713 0.506354 0.0326425 0.0906837 0.0844624
0 0.775301 0.505185 0.0641222 0.066229 0.0842657
0 0.660471 0.529354 0.0801961 0.0832857 0.0841363
0 0.299688 0.516234 0.0197047 0.0244858 0.0840254
0 0.838414 0.555067 0.0960955 0.101259 0.0834447
0 0.72792 0.497538 0.123341 0.0883831 0.0829317
0 0.440477 0.5091 0.0114988 0.0186582 0.0822145
0 0.443808 0.509909 0.0111297 0.0189933 0.0816719
0 0.177597 0.557305 0.0733652 0.105569 0.0811215
0 0.434279 0.517585 0.014309 0.0205226 0.0794859
0 0.883074 0.465464 0.231865 0.34371 0.0785124
0 0.765297 0.502926 0.122708 0.121579 0.0776525
0 0.302431 0.51944 0.0189043 0.0249029 0.0772984
0 0.794859 0.532826 0.0492971 0.0755576 0.0751583
0 0.981794 0.461531 0.0364908 0.106584 0.0743216
0 0.7096 0.493144 0.051982 0.0424271 0.0731168
0 0.0347606 0.547159 0.0693172 0.0919451 0.0731109
0 0.309424 0.515604 0.024486 0.0246229 0.072448
0 0.910414 0.61653 0.178827 0.251983 0.0718228
0 0.509067 0.527565 0.0156756 0.0312826 0.0716582
0 0.682345 0.501527 0.0341557 0.0406475 0.0714277
0 0.564136 0.536308 0.0403382 0.0622954 0.0709318
0 0.241784 0.526351 0.0293817 0.045942 0.0704578
0 0.970249 0.483659 0.0601809 0.136948 0.0703959
0 0.285171 0.510896 0.0446594 0.0475148 0.070091
0 0.832609 0.514328 0.0704121 0.0649609 0.0692842
0 0.698758 0.470522 0.0707516 0.0843583 0.0690209
0 0.933683 0.607733 0.132944 0.190186 0.0686383
0 0.765148 0.535044 0.119147 0.120995 0.0685007
0 0.633592 0.532991 0.0548929 0.0708315 0.0681968
0 0.145652 0.56178 0.0756029 0.100077 0.0680891
0 0.480248 0.499155 0.0133636 0.0177084 0.0675814
0 0.521272 0.537329 0.0185827 0.0401549 0.0673659
0 0.936109 0.479232 0.127344 0.304759 0.0667695
0 0.740307 0.475794 0.0910987 0.0925799 0.066568
0 0.973516 0.642851 0.0548677 0.263315 0.0665657
0 0.988614 0.693855 0.0229002 0.227971 0.0662295
0 0.988286 0.622463 0.0238678 0.166846 0.0655851
0 0.471214 0.513753 0.0107278 0.0202916 0.064978
0 0.802489 0.541833 0.086935 0.0985659 0.0648117
0 0.97789 0.493365 0.0457066 0.189357 0.0644446
0 0.978103 0.622719 0.0438351 0.188471 0.0626571
0 0.513312 0.531455 0.0201632 0.0300608 0.0623047
0 0.892214 0.546389 0.104763 0.126951 0.0615454
0 0.244696 0.545742 0.0314609 0.0664879 0.0606496
0 0.929376 0.531105 0.114952 0.143712 0.0601105
0 0.361861 0.521921 0.017591 0.0228481 0.0600368
0 0.262815 0.525462 0.0198817 0.0252768 0.0594994
0 0.762216 0.483911 0.0868789 0.10165 0.0592146
0 0.0267134 0.504314 0.0528637 0.12096 0.05848
0 0.0168856 0.567552 0.0329969 0.127601 0.0582848
0 0.958122 0.468088 0.0829693 0.128255 0.0582637
0 0.908657 0.692931 0.178683 0.309698 0.0576994
0 0.370763 0.522258 0.0163574 0.0249197 0.0575425
0 0.336962 0.521806 0.0171422 0.0224175 0.0565538
0 0.983237 0.427212 0.0345055 0.172789 0.0564992
0 0.462008 0.548241 0.0216398 0.0374186 0.0556852
0 0.525616 0.534889 0.0142472 0.0322244 0.0551249
0 0.729295 0.473414 0.131879 0.126845 0.0551015
0 0.439044 0.506237 0.0151343 0.0225145 0.05474
0 0.031179 0.507003 0.0629715 0.196721 0.054708
0 0.9558 0.613355 0.0835342 0.177837 0.0538264
0 0.848094 0.497888 0.180966 0.172373 0.0534909
0 0.442327 0.497773 0.0145715 0.0175995 0.053268
0 0.990367 0.729487 0.0188034 0.187089 0.0531539
0 0.905616 0.577668 0.133129 0.117378 0.0525594
0 0.943247 0.50491 0.129955 0.149958 0.0525126
0 0.0387622 0.592362 0.076171 0.22001 0.0523477
0 0.0653685 0.515334 0.134709 0.190838 0.050795
0 0.843996 0.569648 0.0746567 0.0798196 0.0499216
0 0.87789 0.523192 0.124595 0.118891 0.0497349
0 0.0284077 0.633442 0.0591063 0.296063 0.0492644
0 0.52898 0.533015 0.0167243 0.0375401 0.049108
0 0.0293569 0.587343 0.0587275 0.159523 0.0485979
0 0.979342 0.682478 0.0420298 0.22785 0.0482305
0 0.0904425 0.560979 0.0416092 0.0644097 0.0475115
0 0.460843 0.497346 0.0134755 0.0194171 0.0469371
0 0.666425 0.486845 0.0507935 0.0479835 0.0467708
0 0.423747 0.519564 0.0175661 0.027101 0.0466809
0 0.911408 0.732338 0.179458 0.508289 0.0465849
0 0.974143 0.451836 0.0503572 0.264273 0.0464006
0 0.79421 0.483374 0.173182 0.143463 0.0460135
0 0.281205 0.52167 0.0221775 0.0238519 0.0459404
0 0.753963 0.457624 0.0933903 0.126 0.0457927
0 0.81417 0.547563 0.14541 0.141747 0.045469
0 0.475552 0.506508 0.0129141 0.0224744 0.0453576
0 0.379689 0.507961 0.0294006 0.0414858 0.0446203
0 0.538617 0.541525 0.0152064 0.0452292 0.0442388
0 0.991751 0.766187 0.015848 0.196114 0.0436252
0 0.430934 0.496134 0.0169826 0.0193612 0.0429374
0 0.310644 0.521965 0.0209432 0.0239946 0.0424403
0 0.270695 0.525621 0.0192399 0.0246854 0.0419282
0 0.798229 0.4805 0.109595 0.122806 0.0418294
0 0.408052 0.514687 0.0268986 0.0295991 0.0413877
0 0.0494121 0.535627 0.0686525 0.0830092 0.0409149
0 0.659144 0.499236 0.0682096 0.0717577 0.0405365
0 0.252922 0.525172 0.0172194 0.0255057 0.0402376
0 0.840031 0.506034 0.112137 0.113843 0.0398752
0 0.436688 0.519354 0.0165776 0.0274017 0.0393896
0 0.377848 0.515742 0.0139173 0.0244642 0.038501
0 0.256621 0.522082 0.0158369 0.0248629 0.0381049
0 0.352471 0.521546 0.0173697 0.0206585 0.0377367
0 0.320988 0.510137 0.0377168 0.0505914 0.0375266
0 0.915546 0.418111 0.171181 0.340826 0.0372531
0 0.406153 0.497977 0.0189388 0.0230636 0.0371719
0 0.398047 0.514549 0.0163081 0.0207438 0.0359448
0 0.965226 0.394938 0.0649385 0.301341 0.035232
0 0.418296 0.507805 0.0148812 0.0189936 0.0347727
0 0.0844583 0.553024 0.033098 0.0516064 0.0343493
0 0.480543 0.507657 0.0143886 0.0235394 0.0334694
0 0.981936 0.23096 0.0352867 0.0639453 0.0331639
0 0.152001 0.532939 0.047833 0.0500112 0.0329392
0 0.545458 0.539459 0.0167628 0.0446332 0.0329157
0 0.327753 0.521345 0.0160362 0.0215871 0.0328068
0 0.0757095 0.545505 0.0620954 0.0922178 0.0328066
0 0.0952111 0.556218 0.068062 0.0866291 0.0325675
0 0.840175 0.453883 0.162629 0.233104 0.0325245
0 0.0381067 0.474787 0.0784519 0.167327 0.0324961
0 0.988375 0.764116 0.0238806 0.240549 0.032297
0 0.653565 0.486504 0.0909294 0.077747 0.0311747
0 0.418969 0.503155 0.0157726 0.0202522 0.0308632
0 0.495519 0.494669 0.0177783 0.025399 0.0307539
0 0.409244 0.504352 0.0191313 0.0258688 0.0305096
0 0.00485337 0.71597 0.0106335 0.148234 0.0303818
0 0.258151 0.509644 0.0192138 0.0306246 0.0301564
0 0.629094 0.504428 0.0813838 0.111224 0.0300743
0 0.400254 0.499927 0.0144068 0.0210175 0.0297329
0 0.575898 0.529274 0.0457204 0.0727975 0.0296416
0 0.755112 0.446418 0.145372 0.192253 0.0292404
0 0.54632 0.452353 0.0366146 0.0468664 0.0289301
0 0.135312 0.533464 0.070535 0.052567 0.0288502
0 0.00617104 0.632894 0.0137343 0.156796 0.0287826
0 0.639161 0.510714 0.0681163 0.0791635 0.0286883
0 0.230764 0.542352 0.062356 0.0926979 0.028641
0 0.993304 0.806643 0.0137833 0.17477 0.0280318
0 0.439055 0.517317 0.0126596 0.0190275 0.027873
0 0.176693 0.539611 0.0429073 0.0662169 0.0276538
0 0.86432 0.597071 0.152953 0.182531 0.0275283
0 0.596643 0.544943 0.0422873 0.0645927 0.0273615
0 0.960003 0.42995 0.0755392 0.159547 0.0271153
0 0.563739 0.458795 0.0705066 0.0732657 0.0267909
0 0.786972 0.559545 0.0973017 0.110527 0.0267152
0 0.532073 0.515576 0.0173086 0.0291518 0.0266219
0 0.658579 0.470777 0.0690496 0.0701509 0.0263454
0 0.57217 0.44334 0.0768933 0.0940127 0.026331
0 0.517851 0.520916 0.0193202 0.0271376 0.0262892
0 0.283482 0.499954 0.0552992 0.0682767 0.0260233
0 0.164225 0.535179 0.0374499 0.0518036 0.0258402
0 0.0497861 0.500447 0.0867297 0.117046 0.0258054
0 0.636303 0.489207 0.106551 0.131908 0.0257801
0 0.782748 0.444775 0.0777781 0.187572 0.0256896
0 0.22887 0.497659 0.0411518 0.0444049 0.0255542
0 0.274595 0.285704 0.0240816 0.039497 0.025475
0 0.91192 0.503143 0.107934 0.154651 0.0254459
0 0.534762 0.456009 0.0315187 0.0472788 0.0252994
0 0.519786 0.533369 0.0145391 0.0267837 0.0249736
0 0.0685543 0.604312 0.107297 0.202755 0.0248943
0 0.977232 0.745813 0.045759 0.208613 0.0245731
0 0.984917 0.375818 0.0306355 0.183754 0.0244787
0 0.449207 0.356925 0.0565076 0.0725731 0.0244786
0 0.366454 0.470143 0.0229152 0.0411151 0.0243194
0 0.0910147 0.544111 0.0446419 0.0555633 0.0242742
0 0.0161271 0.639572 0.0318744 0.268042 0.0242619
0 0.323263 0.295922 0.0475721 0.0673424 0.0241527
0 0.0689177 0.756489 0.139193 0.281779 0.024117
0 0.515272 0.382177 0.0445524 0.060334 0.0240619
0 0.628894 0.432109 0.0835457 0.0944948 0.0237682
0 0.118368 0.536344 0.0910896 0.0695499 0.0237663
0 0.323774 0.440684 0.0458905 0.0671282 0.0237407
0 0.0452424 0.649804 0.0790547 0.250567 0.0236007
0 0.0658363 0.558757 0.0445003 0.0646482 0.0234311
0 0.325763 0.420546 0.0380472 0.0436704 0.0233497
0 0.474119 0.469819 0.0119967 0.01666 0.0232484
0 0.499139 0.484195 0.0464345 0.06541 0.0232356
0 0.620851 0.469099 0.115474 0.148935 0.0231104
0 0.971855 0.351865 0.0529099 0.230175 0.0230553
0 0.324456 0.447311 0.0539144 0.0955557 0.0229995
0 0.841658 0.591291 0.102862 0.100415 0.0228682
0 0.155519 0.579954 0.0679847 0.118835 0.0228033
0 0.939555 0.447069 0.121372 0.137074 0.0227796
0 0.723335 0.553177 0.117681 0.147205 0.0227621
0 0.00450178 0.660358 0.01089 0.155572 0.0227407
0 0.668102 0.443804 0.085866 0.116621 0.0226512
0 0.141823 0.743149 0.035276 0.0515613 0.0225222
0 0.24206 0.514251 0.0221227 0.0317451 0.0225054
0 0.784959 0.423765 0.0532588 0.128568 0.0219586
0 0.480641 0.462537 0.0330326 0.0494074 0.0218453
0 0.477831 0.473682 0.015349 0.0207709 0.0217264
0 0.347659 0.306804 0.0275647 0.0443389 0.0216403
0 0.877506 0.496686 0.108349 0.112535 0.0215793
0 0.531897 0.435721 0.0329036 0.0503002 0.0215311
0 0.246662 0.503716 0.0327146 0.0517063 0.0214402
0 0.36357 0.467668 0.0321059 0.0581468 0.0212003
0 0.315246 0.537308 0.0276981 0.0396439 0.0211532
0 0.0812944 0.572233 0.0320294 0.0699422 0.0211494
0 0.641389 0.450538 0.0914086 0.0935407 0.0210687
0 0.065727 0.530768 0.0936197 0.108493 0.0210513
0 0.0786008 0.5423 0.0402004 0.0534727 0.0209257
0 0.180193 0.516951 0.0896342 0.107313 0.0209143
0 0.0610978 0.659266 0.122258 0.332446 0.0208484
0 0.115736 0.519562 0.12952 0.160606 0.0207584
0 0.757093 0.429419 0.0738769 0.137995 0.0206714
0 0.677397 0.469419 0.0430161 0.0558562 0.0206267
0 0.0986205 0.53541 0.0773873 0.0767792 0.0205572
0 0.329004 0.406957 0.0291021 0.0339469 0.0201294
0 0.17043 0.501248 0.0586145 0.0749445 0.0200679
0 0.16893 0.497997 0.0448541 0.0578058 0.0200355
0 0.419051 0.393033 0.0320447 0.0376271 0.0199698
0 0.868993 0.406413 0.191658 0.291839 0.0197869
0 0.25202 0.578373 0.023623 0.0429988 0.0197103
0 0.29742 0.522455 0.0201466 0.0246657 0.019599
0 0.981661 0.224117 0.0378508 0.0997307 0.019525
0 0.595192 0.484849 0.0837101 0.114521 0.0195242
0 0.927917 0.817164 0.134221 0.363005 0.0195047
0 0.413242 0.487059 0.015029 0.0209535 0.019403
0 0.510324 0.434329 0.0617994 0.0748319 0.0193583
0 0.964324 0.745144 0.0691801 0.277092 0.0192957
0 0.459124 0.457995 0.0172893 0.0217381 0.0191631
0 0.497924 0.444956 0.0633512 0.0810435 0.0191305
0 0.524821 0.394755 0.0419133 0.0628901 0.0190913
0 0.379402 0.489362 0.0158844 0.02297 0.0190685
0 0.314522 0.448794 0.0600087 0.0748129 0.0189817
0 0.911289 0.759373 0.159644 0.326603 0.0188881
0 0.790107 0.415396 0.204674 0.284999 0.0188829
0 0.643421 0.547634 0.0714667 0.0921432 0.0188707
