0 0.441522 0.534352 0.0280305 0.0399904 0.912398
0 0.498618 0.548533 0.0615952 0.0844859 0.906072
0 0.59521 0.566532 0.119696 0.138582 0.899735
0 0.827202 0.575173 0.345596 0.447677 0.875027
0 0.321649 0.535817 0.0470094 0.0559177 0.829682
0 0.377813 0.526415 0.0217066 0.0305198 0.747645
0 0.412922 0.528457 0.0237382 0.0308014 0.702026
0 0.471055 0.532956 0.0158101 0.0386073 0.60348
0 0.36247 0.523354 0.0131089 0.0209076 0.534382
0 0.3521 0.522885 0.015516 0.0208457 0.477724
0 0.396768 0.524457 0.0138872 0.0215981 0.475971
0 0.341915 0.526376 0.0151784 0.0276564 0.364678
0 0.42606 0.528897 0.0123576 0.0250958 0.30009
0 0.400151 0.522743 0.0127773 0.0207047 0.256806
