0 0.685935 0.569167 0.269937 0.276626 0.881578
0 0.259169 0.549548 0.0350383 0.0470932 0.878624
0 0.312815 0.55692 0.0896728 0.134037 0.875468
0 0.195986 0.557981 0.0537576 0.0580409 0.821296
0 0.0348759 0.595518 0.0695961 0.185101 0.811539
0 0.155534 0.564373 0.0398878 0.0511163 0.603629
0 0.910811 0.420695 0.178083 0.204267 0.51932
0 0.371561 0.539067 0.0225577 0.026467 0.48765
0 0.400689 0.531349 0.0178054 0.0234372 0.425942
0 0.419236 0.5319 0.0155285 0.0221074 0.408737
0 0.768394 0.467099 0.138756 0.110695 0.394174
0 0.35363 0.538121 0.0165891 0.0266059 0.359177
0 0.415201 0.530885 0.0161427 0.0226335 0.336285
0 0.382042 0.540231 0.0127574 0.0183901 0.28538
