0 0.503111 0.434661 0.0419468 0.0574295 0.898988
0 0.418184 0.411702 0.0714885 0.131301 0.884084
0 0.547241 0.423679 0.0285668 0.0401091 0.820769
0 0.485048 0.406167 0.0168633 0.0259581 0.72065
0 0.58691 0.428235 0.0588778 0.0469627 0.67213
0 0.534785 0.409039 0.0219099 0.0374697 0.671555
0 0.522834 0.402518 0.0115551 0.0237545 0.504659
0 0.672066 0.432774 0.0247922 0.0400821 0.465738
0 0.4954 0.383308 0.0123557 0.0190404 0.442182
0 0.475625 0.380923 0.0164491 0.0189136 0.426363
0 0.364452 0.439377 0.0333742 0.0529873 0.407784
0 0.454542 0.422733 0.0133574 0.0445204 0.405896
0 0.507574 0.395292 0.0194728 0.0232269 0.360108
0 0.455305 0.385746 0.0130539 0.0262368 0.355334
0 0.37019 0.433537 0.032767 0.0581156 0.327592
0 0.563284 0.433462 0.0308434 0.0391751 0.314546
0 0.507589 0.384083 0.0170356 0.0269001 0.297113
0 0.682106 0.433204 0.0464077 0.0465537 0.288515
0 0.524521 0.408988 0.0135755 0.0292697 0.276788
0 0.472779 0.383388 0.0130106 0.0194945 0.262943
0 0.507164 0.390244 0.0156963 0.0243356 0.254054
0 0.476481 0.387008 0.0164189 0.0209485 0.25111
