0 0.441983 0.427864 0.0131242 0.0206749 0.514304
0 0.407131 0.431213 0.0126331 0.019425 0.454923
0 0.451654 0.426104 0.0173355 0.0245902 0.401116
0 0.465398 0.417307 0.0140937 0.0204287 0.328287
0 0.454134 0.427111 0.0123158 0.0201317 0.326029
0 0.418559 0.423341 0.0137554 0.0192052 0.319099
0 0.463269 0.420473 0.012488 0.0192843 0.267248
0 0.482704 0.420773 0.0139833 0.0226402 0.261651
0 0.488512 0.424991 0.0161624 0.022502 0.25793
0 0.432684 0.425451 0.0136499 0.0198311 0.24709
0 0.493849 0.423626 0.0187467 0.0249407 0.234
0 0.5625 0.443553 0 0.0419413 0.219307
0 0.411742 0.426491 0.0136125 0.0198787 0.218536
0 0.484497 0.4243 0.0124143 0.0196409 0.19786
0 0.480045 0.42181 0.0115879 0.0184564 0.197577
0 0.5625 0.452276 0 0.0630814 0.186118
0 0.5625 0.504161 0 0.141809 0.185847
0 0.478767 0.418375 0.0128263 0.0217665 0.182054
0 0.469497 0.419624 0.0102879 0.0180428 0.181158
0 0.515659 0.42745 0.0196041 0.0231477 0.180851
0 0.457909 0.419003 0.0120811 0.018061 0.180621
0 0.461062 0.422206 0.0117796 0.0175847 0.179809
0 0.5625 0.451786 0 0.0392114 0.179176
0 0.481966 0.415677 0.0149905 0.0256021 0.171403
0 0.391301 0.428318 0.0189822 0.0311801 0.16697
0 0.377194 0.435306 0.0280538 0.0372554 0.166219
0 0.5625 0.448645 0 0.0466721 0.159507
0 0.425877 0.424725 0.0116701 0.0171776 0.156299
0 0.44084 0.43174 0.0107404 0.0163078 0.154908
0 0.49549 0.426619 0.0142812 0.0211657 0.150943
0 0.383294 0.430959 0.0237191 0.0356667 0.145688
0 0.496783 0.420067 0.0196716 0.0302601 0.144592
0 0.436479 0.425674 0.0111259 0.0171603 0.13897
0 0.476103 0.419958 0.0136763 0.0205988 0.138054
0 0.41726 0.42694 0.0128809 0.0201758 0.137936
0 0.530202 0.422232 0.0241452 0.028195 0.13518
0 0.420739 0.429424 0.0111695 0.0161749 0.134292
0 0.424661 0.427443 0.0106454 0.0162004 0.133583
0 0.5625 0.479067 0 0.0950573 0.126598
0 0.5625 0.479836 0 0.107361 0.122999
0 0.5625 0.467883 0 0.0800226 0.122952
0 0.5625 0.428809 0 0.0476712 0.120593
0 0.519628 0.428745 0.0184816 0.0213672 0.118807
0 0.466116 0.41114 0.0123452 0.0173108 0.1181
0 0.395623 0.426223 0.0161714 0.0268231 0.116521
0 0.53569 0.420584 0.0273589 0.0305782 0.113555
0 0.499196 0.425259 0.0174385 0.0239592 0.113076
0 0.471136 0.410245 0.0126979 0.0181518 0.112895
0 0.5625 0.471512 0 0.0739282 0.110654
0 0.479578 0.408857 0.0135191 0.0196036 0.110337
0 0.571938 0.425053 0.0298727 0.0388875 0.107108
0 0.456184 0.409572 0.012494 0.0169814 0.106495
0 0.525324 0.427586 0.0208482 0.0236812 0.106359
0 0.394949 0.435534 0.0154418 0.0223305 0.106026
0 0.807987 0.441525 0.0500728 0.0546742 0.105075
0 0.492165 0.430844 0.0147576 0.0211318 0.104961
0 0.899203 0.448536 0.0509912 0.0563934 0.0998315
0 0.443879 0.410667 0.0126927 0.0177323 0.0978131
0 0.364574 0.440731 0.0223352 0.0291377 0.0975909
0 0.813413 0.453842 0.0439442 0.0352587 0.0970365
0 0.986619 0.502905 0.0277866 0.169855 0.0964508
0 0.834955 0.422807 0.0862871 0.130594 0.0962291
0 0.555934 0.424713 0.0251673 0.0321791 0.0955132
0 0.502409 0.426998 0.0168104 0.0213063 0.0936534
0 0.369387 0.443204 0.018402 0.0249274 0.0926543
0 0.388182 0.437428 0.0159425 0.0217155 0.0869961
0 0.472087 0.413927 0.0130993 0.0199846 0.0862832
0 0.378934 0.426335 0.0285287 0.045314 0.0859297
0 0.906933 0.458014 0.103719 0.0864158 0.0844749
0 0.468797 0.415128 0.0117246 0.0177613 0.0842233
0 0.885568 0.453676 0.0724003 0.0626589 0.0830352
0 0.400424 0.431757 0.0163121 0.0206188 0.0816767
0 0.193629 0.437816 0.0260984 0.0396474 0.0807285
0 0.458643 0.412253 0.0102675 0.0149773 0.0802066
0 0.014577 0.509899 0.0282265 0.0720696 0.0799095
0 0.422135 0.410542 0.012079 0.0179564 0.0799005
0 0.5061 0.428109 0.0142349 0.0201318 0.0798392
0 0.776792 0.462106 0.0562496 0.0610215 0.0767273
0 0.797914 0.4827 0.106549 0.104215 0.0764561
0 0.574558 0.416221 0.0270123 0.0488174 0.0760613
0 0.986595 0.490675 0.0275871 0.10168 0.0760215
0 0.566304 0.430083 0.0237905 0.0332683 0.0752595
0 0.459942 0.425514 0.0111707 0.0164064 0.0745944
0 0.880546 0.484338 0.172537 0.137183 0.0745316
0 0.847736 0.419565 0.0669889 0.103713 0.0745307
0 0.845343 0.4503 0.0636539 0.0424871 0.0737632
0 0.851225 0.483438 0.12247 0.114231 0.0736756
0 0.972155 0.397758 0.0544256 0.159346 0.0729051
0 0.459015 0.443739 0.0126362 0.0206176 0.072691
0 0.878273 0.470499 0.128581 0.104277 0.0725121
0 0.36988 0.435275 0.0213933 0.0348988 0.0721424
0 0.66978 0.43151 0.0463516 0.0549336 0.0713737
0 0.989334 0.538695 0.0212641 0.197844 0.0709381
0 0.741443 0.422555 0.0173967 0.0276369 0.0704176
0 0.974507 0.478517 0.0487425 0.0590844 0.0700967
0 0.448126 0.419233 0.0125447 0.0161765 0.0697692
0 0.437889 0.411558 0.0120356 0.0165788 0.0664077
0 0.969691 0.476187 0.0541981 0.0916127 0.0658745
0 0.353222 0.440983 0.0298291 0.0351376 0.0654615
0 0.742188 0.429033 0.027034 0.0311629 0.0624247
0 0.577042 0.433123 0.021803 0.0275814 0.0622605
0 0.374612 0.41188 0.0562133 0.0814679 0.0618631
0 0.824889 0.437451 0.066831 0.0681248 0.061801
0 0.766884 0.446696 0.0279566 0.0308055 0.0613182
0 0.549175 0.415428 0.0340423 0.0446432 0.0609278
0 0.983902 0.474717 0.034619 0.181444 0.0578637
0 0.906335 0.419685 0.187182 0.212445 0.0577884
0 0.865496 0.452794 0.089027 0.0571232 0.0577408
0 0.862785 0.447873 0.0392448 0.0360401 0.0573313
0 0.939013 0.457125 0.0569632 0.0576287 0.0568283
0 0.22872 0.451781 0.0250452 0.0323684 0.0557118
0 0.0181189 0.500256 0.0370593 0.0826718 0.055408
0 0.564057 0.429556 0.0159845 0.025878 0.0553811
0 0.29367 0.448992 0.0340848 0.0371292 0.0553273
0 0.543634 0.42429 0.026213 0.0301126 0.0549069
0 0.756616 0.439516 0.0400064 0.0395792 0.0548705
0 0.976379 0.497338 0.0512409 0.130058 0.0547511
0 0.233353 0.452856 0.0162662 0.0262942 0.0532429
0 0.741836 0.412948 0.0156779 0.0308062 0.0529027
0 0.424593 0.414341 0.0122762 0.0181882 0.0521446
0 0.862103 0.449043 0.0956982 0.0904801 0.0516198
0 0.910821 0.489056 0.122959 0.15743 0.0507489
0 0.359305 0.44486 0.0195508 0.0256209 0.0501427
0 0.666023 0.421314 0.0211962 0.0380519 0.0500863
0 0.412684 0.410689 0.0146137 0.0195847 0.0495414
0 0.797945 0.428655 0.068014 0.0859518 0.0492997
0 0.0309565 0.507181 0.0556371 0.0712418 0.0492669
0 0.309106 0.437638 0.0183902 0.031087 0.0491865
0 0.425898 0.41761 0.0121831 0.0167068 0.0491091
0 0.964495 0.444889 0.0653349 0.120463 0.049049
0 0.772602 0.443549 0.0319559 0.0329429 0.0490086
0 0.939061 0.463422 0.0955034 0.0742203 0.0489722
0 0.352449 0.430412 0.0357554 0.0516212 0.0487572
0 0.878722 0.425173 0.145377 0.152789 0.0484104
0 0.818563 0.425159 0.0645225 0.0972878 0.0481599
0 0.324164 0.420637 0.0263774 0.0496451 0.0477137
0 0.489196 0.408357 0.0168561 0.0230803 0.0469022
0 0.311699 0.430112 0.0213925 0.0340209 0.0465357
0 0.584035 0.413999 0.0365988 0.0593369 0.0462347
0 0.273417 0.433492 0.0147654 0.0438794 0.046145
0 0.306494 0.428075 0.0197508 0.0349413 0.0457646
0 0.57091 0.423018 0.018713 0.0317869 0.0456957
0 0.985173 0.467189 0.029027 0.0872171 0.0451954
0 0.964398 0.50573 0.067136 0.155514 0.0446588
0 0.651519 0.430573 0.0318887 0.0414986 0.0444837
0 0.980662 0.518394 0.0388485 0.135135 0.0443091
0 0.497376 0.400475 0.0174719 0.0228686 0.043877
0 0.00896953 0.48818 0.018488 0.0769149 0.0433171
0 0.154504 0.455307 0.0297691 0.0354068 0.0432494
0 0.759316 0.433883 0.019838 0.0298221 0.0431157
0 0.288335 0.422626 0.0370561 0.0688352 0.0428584
0 0.250253 0.423367 0.0497223 0.0820143 0.0428582
0 0.7241 0.42102 0.0217184 0.0275799 0.0426458
0 0.319928 0.430448 0.0224044 0.0344755 0.0425515
0 0.829639 0.497257 0.0952627 0.112417 0.042426
0 0.741678 0.439299 0.0291364 0.0374015 0.0422646
0 0.940619 0.408576 0.117705 0.185514 0.0421771
0 0.964306 0.423166 0.06975 0.207265 0.0420749
0 0.150643 0.463984 0.0396852 0.0511709 0.0417893
0 0.199042 0.410945 0.0480316 0.0967992 0.0413838
0 0.582677 0.419672 0.0277312 0.0412671 0.0408542
0 0.58293 0.438785 0.0249354 0.0329375 0.0408169
0 0.331244 0.432584 0.0318213 0.0455918 0.0404926
0 0.664483 0.438118 0.021736 0.030163 0.0404852
0 0.237788 0.446765 0.0255252 0.0380024 0.0402797
0 0.966585 0.458532 0.054834 0.0486895 0.039894
0 0.0764612 0.0620227 0.0526424 0.0731245 0.039304
0 0.413836 0.402845 0.0145571 0.0219825 0.0392142
0 0.575635 0.427678 0.0359079 0.0546623 0.0390011
0 0.144909 0.456778 0.0493667 0.0438286 0.0389276
0 0.202247 0.430197 0.0460946 0.0512814 0.0379619
0 0.212804 0.409164 0.033365 0.0728834 0.0379071
0 0.23554 0.146829 0.0173504 0.0349674 0.0377617
0 0.585872 0.721098 0.00467825 0.00824246 0.0376769
0 0.0320313 0.42872 0.0617543 0.171228 0.0376199
0 0.917853 0.436526 0.0655104 0.0960271 0.0375821
0 0.992791 0.579226 0.0146713 0.158917 0.0375804
0 0.763481 0.466688 0.0763787 0.0875387 0.0375475
0 0.744989 0.451008 0.0421333 0.0529508 0.0374694
0 0.0103375 0.549259 0.0214121 0.162647 0.0373286
0 0.552597 0.430789 0.0179691 0.0275959 0.037039
0 0.948291 0.489773 0.101119 0.13167 0.0368676
0 0.719526 0.431399 0.0330274 0.0424817 0.0367902
0 0.0143268 0.574433 0.0277423 0.168149 0.0356929
0 0.0587607 0.0586327 0.0595062 0.0734832 0.0354713
0 0.975876 0.351898 0.0479784 0.0668307 0.0350828
0 0.786189 0.408958 0.063336 0.112535 0.0350021
0 0.0174174 0.527629 0.0369016 0.104297 0.0348875
0 0.705291 0.418133 0.0300739 0.0370813 0.0347016
0 0.186908 0.441968 0.047055 0.0549059 0.0346017
0 0.670512 0.428929 0.0234113 0.0386108 0.0345429
0 0.981258 0.416236 0.0357119 0.184816 0.034406
0 0.238924 0.428135 0.0282031 0.0653882 0.0334262
0 0.00809381 0.527595 0.0159803 0.097089 0.033205
0 0.386745 0.39424 0.0526586 0.0706444 0.0331361
0 0.757524 0.46008 0.0556766 0.0676196 0.0325479
0 0.294335 0.438055 0.036807 0.0552049 0.032318
0 0.0883081 0.0667911 0.0749895 0.0886241 0.0322814
0 0.607999 0.431125 0.0358939 0.0434202 0.0322051
0 0.622161 0.443233 0.021907 0.0251266 0.0319024
0 0.900716 0.513118 0.160976 0.190135 0.0316116
0 0.0608402 0.7952 0.115676 0.277119 0.0315797
0 0.725979 0.436427 0.0336294 0.0385672 0.0312886
0 0.948906 0.447388 0.0746981 0.0763308 0.0312187
0 0.746903 0.422115 0.0164343 0.0286674 0.0308186
0 0.634129 0.438293 0.0252915 0.0307688 0.0302515
0 0.659117 0.437215 0.0216997 0.0294967 0.0301499
0 0.0050557 0.458348 0.0111831 0.0575387 0.0298424
0 0.714706 0.412971 0.0334201 0.0460308 0.0298336
0 0.236909 0.436808 0.0277306 0.0432846 0.0295716
0 0.140507 0.461257 0.0371518 0.0331115 0.0294365
0 0.169407 0.446062 0.0367475 0.0412059 0.0293558
0 0.216846 0.446363 0.0342811 0.0352687 0.0292937
0 0.678195 0.425957 0.0225771 0.0366185 0.0290377
0 0.324829 0.304896 0.0209775 0.0321768 0.0290222
0 0.0418179 0.507733 0.0525085 0.0530842 0.0289313
0 0.738383 0.458018 0.0770297 0.0914815 0.0289249
0 0.709441 0.434997 0.0359574 0.0434171 0.0286991
0 0.737878 0.415433 0.0246143 0.0393486 0.028697
0 0.187128 0.466342 0.0380581 0.0542668 0.0284443
0 0.673334 0.438538 0.0283937 0.0455958 0.0282415
0 0.57884 0.442542 0.016026 0.0219706 0.0277038
0 0.14362 0.417471 0.119142 0.131333 0.0277007
0 0.519472 0.374446 0.0276974 0.0395967 0.027654
0 0.313405 0.400559 0.0356937 0.0647823 0.0276177
0 0.19178 0.45488 0.0300267 0.039663 0.027323
0 0.666689 0.412432 0.0248841 0.0554272 0.0272792
0 0.654864 0.450802 0.0202887 0.0342388 0.0272675
0 0.0091549 0.637599 0.0197895 0.115972 0.0272329
0 0.0526037 0.424816 0.098517 0.193443 0.027182
0 0.940433 0.519259 0.112145 0.191742 0.0270986
0 0.543986 0.350232 0.0395545 0.0567985 0.0268995
0 0.0743503 0.698628 0.12969 0.177197 0.0268716
0 0.368044 0.38118 0.0583562 0.0819195 0.0267224
0 0.640332 0.421789 0.0259506 0.0426465 0.0264769
0 0.0271621 0.553565 0.0500781 0.151105 0.0262445
0 0.529725 0.35976 0.0294105 0.047131 0.0262252
0 0.788577 0.0852501 0.0767689 0.0955177 0.0259854
0 0.769928 0.425534 0.0287748 0.0419146 0.0259026
0 0.351191 0.400997 0.0403406 0.0647525 0.0258623
0 0.97917 0.555867 0.0401319 0.175359 0.0258571
0 0.00478784 0.604616 0.010475 0.115756 0.0256888
0 0.610482 0.419079 0.0229406 0.0401072 0.0256521
0 0.00653896 0.571493 0.0139696 0.159357 0.0253976
0 0.322498 0.403667 0.0333045 0.0619872 0.0252193
0 0.350755 0.39054 0.134233 0.154724 0.0251366
0 0.312095 0.442837 0.018331 0.0282918 0.0248477
0 0.216713 0.457351 0.0302854 0.0370728 0.0248308
0 0.0192894 0.44519 0.0348752 0.133909 0.0248178
0 0.32264 0.440545 0.0175042 0.0269578 0.0246922
0 0.708461 0.388294 0.0584344 0.114986 0.0246764
0 0.742331 0.383749 0.0243636 0.0647302 0.0246513
0 0.71959 0.460093 0.0555601 0.0737504 0.0245045
0 0.520441 0.436935 0.0154822 0.01976 0.0243876
0 0.182931 0.409586 0.0600907 0.0969025 0.0243855
0 0.993608 0.603797 0.0125721 0.0894583 0.0243806
0 0.906661 0.406779 0.0826836 0.145335 0.0243211
0 0.802747 0.5231 0.102211 0.127621 0.0242321
0 0.577014 0.459813 0.0225114 0.0370346 0.0242035
0 0.227473 0.454532 0.0172395 0.0261646 0.0242026
0 0.344498 0.448659 0.0174163 0.0259521 0.0241491
0 0.77052 0.484074 0.11327 0.130108 0.0241383
0 0.163678 0.16416 0.245226 0.34362 0.0241107
0 0.468016 0.363243 0.0149831 0.0224976 0.0240006
0 0.822185 0.0821018 0.0480055 0.0807043 0.0239353
0 0.305985 0.419961 0.0271003 0.0488665 0.0234833
0 0.329847 0.441324 0.0196809 0.028335 0.0234609
0 0.148223 0.432532 0.092712 0.0984134 0.0234298
0 0.584562 0.446157 0.01916 0.023429 0.0231978
0 0.0841354 0.419471 0.151569 0.18017 0.023049
0 0.806611 0.0824735 0.0402744 0.0717301 0.0229089
0 0.963797 0.5554 0.0709372 0.201727 0.0228793
0 0.67231 0.454236 0.0224386 0.0375654 0.0228244
0 0.28744 0.272826 0.136916 0.275201 0.0226259
0 0.110116 0.465299 0.0621667 0.0649916 0.0226229
0 0.30154 0.4485 0.016466 0.0277448 0.0226096
0 0.759971 0.18524 0.155937 0.184428 0.022526
0 0.287733 0.450396 0.0186287 0.0286255 0.0225163
0 0.298374 0.402121 0.0317903 0.0567339 0.0223441
0 0.332834 0.438491 0.0742614 0.100766 0.0223308
0 0.74872 0.42271 0.0309852 0.051107 0.0222994
0 0.272935 0.448749 0.0150215 0.0316478 0.0222398
0 0.635954 0.405269 0.0475856 0.107065 0.0222043
0 0.479705 0.356195 0.0198814 0.0325795 0.0221099
0 0.339222 0.445415 0.0196702 0.0283641 0.0220663
0 0.543148 0.451221 0.0214986 0.0344144 0.0219584
0 0.903874 0.331023 0.188026 0.324728 0.0218889
0 0.737697 0.2104 0.146254 0.194324 0.0217792
0 0.820247 0.361855 0.0329788 0.0473495 0.0215551
0 0.870859 0.526207 0.122352 0.145488 0.0215062
0 0.655649 0.422158 0.0276408 0.0481439 0.0214524
0 0.634814 0.435026 0.0640332 0.084366 0.0214262
0 0.460539 0.364791 0.0134407 0.0194539 0.0214241
0 0.635129 0.407101 0.035494 0.0842261 0.0212506
0 0.491478 0.344643 0.027195 0.04502 0.0212422
0 0.875793 0.496162 0.0978914 0.111827 0.0211307
0 0.551597 0.355634 0.0403398 0.0612827 0.0209421
0 0.022575 0.604194 0.0487921 0.153059 0.0208965
0 0.710002 0.451405 0.0386683 0.0499742 0.0207672
0 0.0484814 0.876103 0.0902856 0.208971 0.0206288
