0 0.0806607 0.47217 0.161321 0.34239 0.830959
0 0.254958 0.433252 0.0924698 0.14442 0.802815
0 0.410369 0.412431 0.0252589 0.036172 0.559338
0 0.392368 0.415457 0.0202996 0.0277856 0.494029
0 0.373143 0.395267 0.0276918 0.0631499 0.466632
0 0.315422 0.419958 0.0455639 0.0866019 0.460682
0 0.431978 0.413868 0.0202929 0.0304111 0.445871
0 0.441908 0.414649 0.0157029 0.0264119 0.434562
0 0.332558 0.418918 0.0216887 0.0698398 0.373848
0 0.343167 0.403999 0.0228278 0.0444015 0.360141
0 0.4836 0.399403 0.0557266 0.0320919 0.33876
0 0.150118 0.457098 0.0856534 0.160219 0.321451
0 0.179355 0.441654 0.0678135 0.123848 0.305128
0 0.18025 0.408924 0.0607845 0.0601817 0.271387
0 0.445154 0.411465 0.0131759 0.0212101 0.263992
0 0.388796 0.418321 0.0169404 0.0233602 0.25187
