0 0.601539 0.391962 0.0241595 0.0435537 0.686197
0 0.467028 0.366655 0.0166733 0.0231435 0.623891
0 0.457795 0.365634 0.0154256 0.0237764 0.390232
0 0.400436 0.35833 0.0119987 0.0153385 0.359266
0 0.391062 0.358449 0.0133279 0.0166626 0.352688
0 0.481397 0.369514 0.0130638 0.020046 0.352536
0 0.440902 0.358837 0.0136891 0.0155241 0.338899
0 0.418972 0.357955 0.0124324 0.0144865 0.330012
0 0.454336 0.365696 0.0118896 0.0206777 0.319431
0 0.372469 0.361591 0.0150688 0.0197162 0.315259
0 0.569913 0.389431 0.0498866 0.046433 0.311047
0 0.326865 0.365133 0.0192669 0.0195106 0.295561
0 0.368333 0.361176 0.0172657 0.0207125 0.286121
0 0.285571 0.362823 0.0431264 0.0336616 0.273982
0 0.491782 0.371042 0.023672 0.0289925 0.258592
