0 0.344682 0.528186 0.170773 0.212221 0.899124
0 0.469755 0.530141 0.0236844 0.0240557 0.53311
0 0.444863 0.525562 0.0173 0.0242323 0.415816
0 0.457614 0.521913 0.0309505 0.0352709 0.302843
0 0.106457 0.496735 0.0592845 0.0485952 0.291579
0 0.464263 0.523082 0.0267533 0.0348068 0.281331
0 0.241536 0.479733 0.0297922 0.0399141 0.262777
0 0.474008 0.531739 0.0152079 0.0185603 0.244837
0 0.122059 0.49777 0.0652202 0.0481732 0.242371
0 0.443258 0.527044 0.0126561 0.018869 0.241262
0 0.461653 0.529606 0.0147604 0.0206856 0.236321
0 0.448375 0.529407 0.0141323 0.0196453 0.223404
0 0.156122 0.491878 0.0569482 0.0524863 0.218057
0 0.45881 0.52659 0.0172814 0.0226213 0.208606
0 0.452461 0.528395 0.0151184 0.0209248 0.206538
0 0.142328 0.495189 0.0648628 0.0489083 0.199648
0 0.25063 0.47949 0.048516 0.0498265 0.179947
0 0.419279 0.507952 0.0267562 0.0572622 0.178123
0 0.476722 0.529378 0.0236773 0.0269199 0.177635
0 0.442738 0.521204 0.0160583 0.0264162 0.16481
0 0.166635 0.493259 0.0860407 0.0611099 0.162523
0 0.448575 0.52484 0.0120521 0.0187746 0.161383
0 0.5625 0.584782 0 0.119498 0.159982
0 0.470399 0.532865 0.0171534 0.0216131 0.149608
0 0.433378 0.515872 0.0149754 0.0315453 0.135402
0 0.459674 0.520386 0.0184315 0.0257707 0.13398
0 0.11701 0.495119 0.0912246 0.0621328 0.133318
0 0.195344 0.497075 0.0333494 0.0392839 0.128464
0 0.255054 0.471885 0.063577 0.0620222 0.128284
0 0.242885 0.487823 0.0362164 0.0573584 0.127957
0 0.0043896 0.470994 0.00870237 0.0446843 0.112928
0 0.0274983 0.469367 0.0549966 0.0506649 0.110884
0 0.501742 0.530828 0.0237268 0.0249479 0.107469
0 0.5625 0.525532 0 0.0480171 0.10527
0 0.220971 0.487312 0.0711974 0.052822 0.101835
0 0.0965781 0.490678 0.04666 0.0477621 0.10179
0 0.0168219 0.46961 0.0322581 0.0452379 0.101141
0 0.244249 0.508006 0.0473434 0.107923 0.100904
0 0.261602 0.478495 0.0445649 0.0411736 0.0973972
0 0.204762 0.484474 0.103521 0.0684343 0.0947886
0 0.0817855 0.493056 0.0305066 0.0417388 0.0940827
0 0.425683 0.508389 0.0186953 0.0377911 0.093996
0 0.145019 0.500944 0.0883807 0.078822 0.0903486
0 0.0640571 0.478873 0.0384384 0.0374043 0.0902877
0 0.0827099 0.492941 0.0201128 0.03154 0.0898929
0 0.532782 0.537774 0.0204128 0.0300905 0.0894847
0 0.5625 0.619532 0 0.224499 0.0894244
0 0.5625 0.518156 0 0.230525 0.088379
0 0.5625 0.540199 0 0.0415428 0.0881066
0 0.5625 0.608162 0 0.0770209 0.0864472
0 0.500648 0.525468 0.0277744 0.0336433 0.0849074
0 0.481508 0.533017 0.0141395 0.0179295 0.0848617
0 0.630158 0.524146 0.0674609 0.0550331 0.0843882
0 0.493987 0.530215 0.025846 0.0290614 0.0843742
0 0.529328 0.531679 0.0256352 0.0387499 0.0838822
0 0.536779 0.539416 0.0169631 0.026905 0.0834279
0 0.263544 0.466811 0.071597 0.0909014 0.0812589
0 0.0654408 0.467513 0.0360231 0.0480984 0.0799617
0 0.0407036 0.461597 0.0815677 0.0702104 0.0797985
0 0.48731 0.53319 0.0155399 0.0186467 0.0786038
0 0.00561808 0.463165 0.0109438 0.0543202 0.0785377
0 0.807571 0.555349 0.0729548 0.085788 0.0771336
0 0.492923 0.531673 0.0191843 0.0232038 0.0766975
0 0.536498 0.544636 0.0134078 0.0218102 0.0763958
0 0.693642 0.534571 0.0664796 0.0720924 0.0754395
0 0.61528 0.524818 0.0340898 0.0420171 0.0741398
0 0.500454 0.535461 0.0202069 0.0218096 0.0728551
0 0.253984 0.489946 0.0584515 0.0748495 0.0727562
0 0.713211 0.557908 0.0353847 0.0487244 0.0724951
0 0.239735 0.483275 0.0216686 0.0304472 0.072107
0 0.527415 0.521823 0.027995 0.0451322 0.0715293
0 0.665305 0.529186 0.0567232 0.0640114 0.0704757
0 0.175169 0.471552 0.0853324 0.0916012 0.0699385
0 0.916865 0.887869 0.0847645 0.0919423 0.0698069
0 0.0549343 0.461489 0.0570803 0.0635295 0.0686698
0 0.197141 0.501267 0.0470502 0.0451057 0.0676276
0 0.984265 0.554229 0.0308065 0.127374 0.0670809
0 0.800772 0.540151 0.0856144 0.141356 0.0657244
0 0.517801 0.537951 0.0125506 0.0209336 0.0654558
0 0.980166 0.585016 0.0401943 0.130483 0.0649858
0 0.368969 0.371897 0.0455289 0.0859241 0.0647454
0 0.981268 0.644815 0.0396173 0.349813 0.064475
0 0.217722 0.530939 0.0648195 0.0788954 0.0616973
0 0.97755 0.800016 0.0432678 0.316215 0.0614221
0 0.699997 0.548115 0.0604055 0.0562905 0.0611845
0 0.496444 0.533767 0.0163731 0.0205861 0.0607778
0 0.588373 0.536848 0.0484829 0.0403809 0.0606385
0 0.697646 0.523145 0.0853966 0.10345 0.0601595
0 0.268274 0.484033 0.0298195 0.0368707 0.0601115
0 0.831194 0.544383 0.109369 0.110326 0.0597906
0 0.992537 0.67342 0.0145313 0.107064 0.0595932
0 0.850098 0.636583 0.0543442 0.0790754 0.0587777
0 0.0885082 0.494094 0.0260297 0.0293736 0.0583141
0 0.257489 0.506445 0.0442772 0.0999772 0.0582548
0 0.580443 0.547514 0.0387388 0.0274598 0.0582241
0 0.218083 0.504214 0.079007 0.0894251 0.0570573
0 0.718978 0.559944 0.0266246 0.0390681 0.0570412
0 0.183925 0.478114 0.130402 0.104374 0.0566891
0 0.482648 0.526655 0.0206965 0.0263346 0.0565481
0 0.603886 0.519364 0.0534833 0.0546976 0.0553529
0 0.983085 0.679004 0.0333763 0.179501 0.0544625
0 0.976815 0.849266 0.0449003 0.184806 0.0542203
0 0.845083 0.524026 0.135372 0.1481 0.0532791
0 0.67598 0.516198 0.080545 0.0977978 0.0530937
0 0.41618 0.492012 0.0206306 0.0336811 0.0529671
0 0.883821 0.526237 0.0643332 0.120851 0.0528841
0 0.528258 0.540009 0.0249623 0.0317429 0.0528756
0 0.97742 0.6295 0.0482441 0.225875 0.0521965
0 0.422725 0.519734 0.0315239 0.058945 0.052082
0 0.582225 0.538783 0.0334167 0.0243262 0.051449
0 0.49873 0.525057 0.0126888 0.0238432 0.0509304
0 0.922287 0.552434 0.161699 0.210796 0.050656
0 0.016816 0.453708 0.0335351 0.0844218 0.0506037
0 0.272763 0.463928 0.039812 0.0580634 0.0505953
0 0.791888 0.553359 0.0618729 0.0938689 0.0505659
0 0.114427 0.474683 0.08409 0.0923167 0.0503502
0 0.991056 0.706548 0.0182617 0.192449 0.0496246
0 0.0996063 0.4982 0.0272966 0.029742 0.0495685
0 0.147305 0.491179 0.0422487 0.0420976 0.0489136
0 0.815353 0.570186 0.0704638 0.0726546 0.0486396
0 0.65815 0.514662 0.0594135 0.079483 0.0486233
0 0.418954 0.498268 0.0189085 0.0322398 0.0484756
0 0.0409368 0.429452 0.0848451 0.135414 0.0480113
0 0.168491 0.451796 0.0931413 0.143829 0.0478201
0 0.711133 0.545807 0.044678 0.0683062 0.0475763
0 0.782283 0.592053 0.040475 0.0334322 0.0464097
0 0.981218 0.748057 0.0367279 0.170756 0.0458093
0 0.925483 0.50569 0.148492 0.188896 0.0457425
0 0.871596 0.580349 0.0341764 0.0371704 0.0454932
0 0.857696 0.623803 0.0505835 0.0656548 0.0453634
0 0.414069 0.492111 0.0306765 0.0524321 0.0452458
0 0.883231 0.582565 0.0567377 0.040664 0.0452431
0 0.926392 0.903911 0.0455267 0.0409254 0.0452196
0 0.135652 0.506837 0.0383667 0.0405425 0.0446614
0 0.431753 0.501556 0.0148484 0.0221339 0.0445444
0 0.146508 0.506487 0.0334106 0.0411939 0.043967
0 0.150878 0.479414 0.127294 0.104985 0.0435395
0 0.242305 0.490771 0.0236187 0.0382141 0.0434028
0 0.869457 0.85411 0.177725 0.163853 0.043014
0 0.967266 0.60323 0.0623495 0.081869 0.0429632
0 0.97537 0.546895 0.0491428 0.113053 0.0427476
0 0.348672 0.453618 0.132906 0.0659704 0.0426822
0 0.98077 0.613823 0.037112 0.0684263 0.0425516
0 0.947119 0.566016 0.109453 0.16543 0.0424189
0 0.167747 0.430143 0.0823064 0.0934074 0.0419124
0 0.00883994 0.471996 0.0195074 0.0301494 0.0415221
0 0.809392 0.512751 0.0881775 0.173022 0.0413527
0 0.251478 0.501014 0.0288443 0.0665767 0.0409662
0 0.552701 0.249239 0.0394305 0.0654586 0.0408381
0 0.909565 0.613168 0.14349 0.115832 0.0407828
0 0.274453 0.503224 0.0485918 0.109944 0.0407077
0 0.0712445 0.492461 0.0619622 0.0626576 0.0405677
0 0.722379 0.545811 0.0331327 0.0695937 0.0404918
0 0.876787 0.424043 0.235554 0.451803 0.0402577
0 0.374243 0.252572 0.0474731 0.0617891 0.0401108
0 0.826091 0.574206 0.102139 0.093278 0.0397756
0 0.250106 0.478297 0.0252755 0.0401325 0.0397102
0 0.964342 0.555134 0.0687565 0.0888518 0.0395582
0 0.413552 0.494744 0.0429761 0.0709106 0.0391834
0 0.785609 0.568332 0.0450052 0.068112 0.0389854
0 0.519721 0.516051 0.0298547 0.0506105 0.0389298
0 0.268644 0.499454 0.0321984 0.0710671 0.0388813
0 0.868067 0.590661 0.039105 0.0495504 0.0387357
0 0.72194 0.53219 0.0490554 0.0916435 0.0386208
0 0.96255 0.541003 0.0735081 0.218283 0.0382328
0 0.112837 0.483406 0.0512906 0.0476405 0.0378661
0 0.437122 0.791536 0.101885 0.0835183 0.037827
0 0.193288 0.522361 0.0504754 0.0615842 0.0377673
0 0.887278 0.550513 0.158704 0.152977 0.0376995
0 0.9236 0.289092 0.0742991 0.0956646 0.0374893
0 0.304702 0.471642 0.118386 0.107189 0.0372087
0 0.452844 0.572002 0.0371301 0.057352 0.0360842
0 0.189553 0.440345 0.139716 0.151191 0.0359792
0 0.733206 0.555973 0.050923 0.0580908 0.0358323
0 0.600709 0.508728 0.0433154 0.0410149 0.0353387
0 0.964599 0.856961 0.0611742 0.171773 0.0352411
0 0.410359 0.469727 0.0225739 0.0320686 0.0350432
0 0.527882 0.511778 0.0316938 0.0708861 0.0349216
0 0.157616 0.521461 0.131959 0.127157 0.0345468
0 0.549749 0.549961 0.0273069 0.0285912 0.0344721
0 0.970175 0.747213 0.0611507 0.415857 0.0344579
0 0.779972 0.545994 0.0727632 0.111188 0.0344107
0 0.877935 0.568404 0.0458626 0.0461757 0.0341976
0 0.955983 0.882814 0.0818855 0.118343 0.0341458
0 0.123207 0.514898 0.100726 0.0877265 0.034109
0 0.553673 0.531539 0.0317492 0.0325745 0.0340322
0 0.0601139 0.489383 0.0294307 0.0375912 0.0337795
0 0.00445049 0.489768 0.00930837 0.0301998 0.0337175
0 0.239798 0.474045 0.0220171 0.0329803 0.0335357
0 0.0294829 0.480165 0.027817 0.0340846 0.0333624
0 0.479317 0.507069 0.0365779 0.063775 0.0331015
0 0.741865 0.53218 0.0774804 0.0983438 0.0330939
0 0.845557 0.559811 0.0808325 0.0734879 0.0330378
0 0.400783 0.509939 0.0521662 0.0985393 0.0330179
0 0.881835 0.591803 0.0692631 0.0548273 0.0329242
0 0.641652 0.501715 0.06496 0.0951238 0.0327936
0 0.439416 0.493923 0.0175541 0.0249044 0.0325363
0 0.978386 0.520892 0.0468718 0.173474 0.0324213
0 0.848563 0.597875 0.0658373 0.0783253 0.0319466
0 0.88026 0.611834 0.101694 0.0963448 0.0317794
0 0.659471 0.505533 0.0901935 0.11133 0.031683
0 0.973004 0.881448 0.0533512 0.135549 0.0316348
0 0.957785 0.532753 0.0804783 0.135185 0.0315567
0 0.577964 0.543705 0.0296285 0.0214138 0.0314284
0 0.575475 0.541608 0.021469 0.0183858 0.0312079
0 0.0175177 0.547231 0.0376274 0.0606156 0.0310457
0 0.571986 0.52 0.0573931 0.052985 0.0308031
0 0.56772 0.40158 0.019417 0.0284632 0.0305874
0 0.379018 0.447168 0.0525954 0.0545068 0.0302938
0 0.808767 0.586772 0.0616861 0.0658714 0.0302692
0 0.440713 0.52811 0.0140509 0.0233799 0.0299023
0 0.10405 0.511741 0.0516256 0.0549788 0.0298374
0 0.257136 0.513125 0.0301768 0.0900192 0.0296634
0 0.276179 0.473356 0.033454 0.0420597 0.0294217
0 0.373999 0.36395 0.0415434 0.0542546 0.0290331
0 0.204963 0.524807 0.0467889 0.0696232 0.0284707
0 0.926493 0.634282 0.144475 0.194115 0.0283444
0 0.403089 0.477437 0.0577358 0.0786263 0.0278084
0 0.237938 0.14491 0.0867931 0.0864944 0.0276135
0 0.873499 0.436396 0.218442 0.271203 0.0274994
0 0.954805 0.494877 0.0861765 0.205733 0.0273824
0 0.943717 0.901279 0.09004 0.0766703 0.0273655
0 0.0804325 0.454531 0.0706897 0.102091 0.0271745
0 0.91128 0.672775 0.162877 0.198144 0.0269711
0 0.405369 0.464381 0.0162315 0.0245496 0.0267793
0 0.383536 0.436814 0.0324274 0.0474557 0.0267608
0 0.677323 0.562219 0.0245966 0.0343501 0.0267321
0 0.0460363 0.421188 0.0635266 0.103463 0.0265911
0 0.96463 0.264309 0.0691477 0.257115 0.0265551
0 0.223505 0.464324 0.059445 0.0830869 0.026505
0 0.348622 0.427934 0.083215 0.0555289 0.0263885
0 0.371276 0.406034 0.0657353 0.125254 0.0263419
0 0.983235 0.245095 0.032387 0.127088 0.0262163
0 0.393346 0.464431 0.0481938 0.0622546 0.0260053
0 0.014099 0.49016 0.0242794 0.0391482 0.0259886
0 0.944186 0.550834 0.0620169 0.0722183 0.0258864
0 0.933877 0.875894 0.0599859 0.107466 0.0257677
0 0.403642 0.545304 0.0569977 0.110221 0.0257578
0 0.924019 0.555549 0.0215357 0.0376651 0.0257439
0 0.134509 0.45985 0.104537 0.100152 0.0256856
0 0.464317 0.485282 0.0500987 0.0848244 0.02557
0 0.319227 0.445098 0.0964542 0.0587245 0.0255575
0 0.958385 0.751675 0.0819571 0.255877 0.0255499
0 0.948661 0.730498 0.05676 0.0739022 0.0254852
0 0.904679 0.572134 0.200606 0.289037 0.0253909
0 0.972971 0.312868 0.0501007 0.230275 0.0253677
0 0.333765 0.403156 0.0694375 0.0604215 0.0253595
0 0.944625 0.674573 0.109126 0.249807 0.0253157
0 0.565412 0.389254 0.0268432 0.0393617 0.0253038
0 0.618114 0.496543 0.0339355 0.0632215 0.0252687
0 0.455447 0.742696 0.126209 0.172702 0.0252428
0 0.557396 0.520383 0.0391611 0.0441647 0.025152
0 0.479367 0.479317 0.0416658 0.080035 0.0248354
0 0.0964573 0.507671 0.0383226 0.0411113 0.0248078
0 0.363768 0.411913 0.0646614 0.0766217 0.0247168
0 0.928091 0.898151 0.0518555 0.0684252 0.0245867
0 0.37261 0.463565 0.0941256 0.0739853 0.0245666
0 0.0617129 0.42844 0.0661495 0.119364 0.0245225
0 0.92971 0.291671 0.105616 0.145868 0.0244828
0 0.935749 0.923585 0.0614103 0.0621468 0.0244533
0 0.026842 0.43499 0.0520787 0.13531 0.0243884
0 0.991978 0.922038 0.0149004 0.0522079 0.0242651
0 0.473634 0.537936 0.0124663 0.0191522 0.0241878
0 0.427977 0.770357 0.076117 0.0965642 0.0241136
0 0.919126 0.571825 0.0358126 0.0299927 0.0240062
0 0.334372 0.420953 0.115958 0.118096 0.0239029
0 0.0841741 0.502317 0.0190165 0.028255 0.0238905
0 0.927668 0.569813 0.0332397 0.0355985 0.0238621
0 0.92991 0.55539 0.0327162 0.0481883 0.0238042
0 0.915636 0.190834 0.168456 0.305117 0.0236499
0 0.942162 0.522233 0.0618519 0.131285 0.0235968
0 0.946357 0.566167 0.0600067 0.0473589 0.0232003
0 0.408578 0.471961 0.0155334 0.02253 0.0231789
0 0.894721 0.861434 0.129109 0.135544 0.0230751
0 0.941028 0.292886 0.1139 0.213284 0.0230348
0 0.341537 0.445849 0.10842 0.0465988 0.0230243
0 0.976982 0.794432 0.0447325 0.183693 0.0229883
0 0.41073 0.516354 0.0364079 0.0781748 0.02297
0 0.0564847 0.490226 0.0793161 0.073666 0.0228653
0 0.81961 0.599323 0.0781046 0.098996 0.0227616
0 0.93135 0.541098 0.0385609 0.0753445 0.0226718
0 0.293935 0.447896 0.103665 0.136008 0.0226348
0 0.0539794 0.506072 0.0626459 0.0684159 0.0225912
0 0.954378 0.839073 0.0955721 0.205446 0.0225478
0 0.683467 0.562106 0.0370113 0.0441417 0.0224713
0 0.199679 0.419297 0.0967492 0.141531 0.0224546
0 0.167057 0.515023 0.0737127 0.0847534 0.0223486
0 0.568262 0.549077 0.0381503 0.0360918 0.0223308
0 0.993493 0.907838 0.012789 0.0649745 0.0223231
0 0.254097 0.537614 0.0207439 0.0499251 0.0221917
0 0.955567 0.7192 0.0801943 0.138602 0.0218799
0 0.987707 0.883486 0.023279 0.134144 0.0218299
0 0.939904 0.805176 0.033449 0.0338738 0.0217968
0 0.0101056 0.436181 0.0210821 0.105663 0.0217805
0 0.921161 0.52338 0.0524906 0.114361 0.0215054
0 0.890483 0.35426 0.170141 0.147817 0.021481
0 0.609724 0.489089 0.025891 0.0315569 0.0214189
0 0.981901 0.206006 0.0353954 0.116835 0.0213694
0 0.634128 0.546439 0.0635498 0.0682223 0.0213096
0 0.190733 0.369973 0.0329886 0.0377005 0.0212089
