0 0.5625 0.694247 0 0.0764079 0.821836
0 0.558051 0.678961 0.00889816 0.0515488 0.744573
0 0.538218 0.680897 0.017882 0.0325799 0.688243
0 0.517242 0.67769 0.0190906 0.0297925 0.640628
0 0.509605 0.675776 0.017428 0.0296825 0.528724
0 0.549858 0.679959 0.0186658 0.0376287 0.453502
0 0.462865 0.6791 0.0119534 0.0153745 0.398703
0 0.49151 0.678175 0.0138177 0.0190806 0.388167
0 0.479786 0.677523 0.0126445 0.0179556 0.344335
0 0.469631 0.677886 0.0137547 0.0185908 0.331344
0 0.500376 0.67666 0.0104074 0.0236597 0.320336
0 0.4717 0.679748 0.0101578 0.0144475 0.312852
0 0.465741 0.679013 0.0124621 0.0166174 0.305829
0 0.50403 0.676012 0.0115837 0.0276315 0.30115
0 0.530459 0.679868 0.0148647 0.0293467 0.281994
0 0.484354 0.677954 0.0120732 0.016836 0.269677
0 0.450874 0.678843 0.0113126 0.0175218 0.268101
0 0.474718 0.679011 0.0129825 0.0170002 0.260475
0 0.53464 0.679231 0.0141291 0.0299231 0.248741
0 0.543217 0.678309 0.0172865 0.0343679 0.227882
0 0.456302 0.679986 0.0108474 0.0138582 0.206874
0 0.459156 0.678162 0.0115723 0.0154165 0.202243
0 0.448749 0.67604 0.0131325 0.0172626 0.186178
0 0.524922 0.676914 0.0183115 0.0343327 0.184173
0 0.493897 0.680077 0.0119409 0.0199555 0.18068
0 0.547408 0.681406 0.0150138 0.0287757 0.155784
0 0.5625 0.686077 0 0.0497671 0.144641
0 0.506316 0.681925 0.0126175 0.021323 0.143877
0 0.180965 0.730841 0.0638739 0.0509806 0.138649
0 0.555278 0.68096 0.0144446 0.0291156 0.134008
0 0.316927 0.641585 0.0226526 0.0295633 0.131541
0 0.189248 0.730507 0.0457875 0.0387938 0.122681
0 0.552778 0.68814 0.0179612 0.029019 0.122652
0 0.164161 0.598404 0.327985 0.252797 0.111476
0 0.0759072 0.694043 0.151814 0.317718 0.103565
0 0.5625 0.691143 0 0.0617803 0.103198
0 0.317999 0.637242 0.0289189 0.0405247 0.101398
0 0.174746 0.727718 0.0791647 0.0767909 0.0998339
0 0.197047 0.728801 0.0309096 0.0315903 0.097437
0 0.107425 0.716087 0.21485 0.374915 0.0971291
0 0.283741 0.617108 0.0974401 0.115502 0.0955141
0 0.555593 0.673615 0.0138146 0.0326586 0.0919356
0 0.382251 0.666937 0.0306498 0.0257885 0.0857971
0 0.183586 0.713003 0.0728301 0.098161 0.0819641
0 0.556335 0.680651 0.0123303 0.0366998 0.0809144
0 0.5625 0.654062 0 0.152466 0.0808761
0 0.320681 0.629561 0.0360966 0.0594947 0.0804705
0 0.5625 0.549327 0 0.301834 0.0802761
0 0.163379 0.746304 0.101124 0.109496 0.0794926
0 0.5625 0.512205 0 0.361304 0.0785539
0 0.471453 0.671557 0.0168404 0.0264249 0.078099
0 0.127085 0.575248 0.254591 0.193709 0.0772115
0 0.315354 0.650597 0.0320892 0.0454706 0.0767929
0 0.323331 0.645165 0.0374005 0.052336 0.074145
0 0.255586 0.669579 0.15025 0.243 0.0725465
0 0.434156 0.67092 0.0398416 0.0421344 0.071824
0 0.219684 0.656199 0.214107 0.27219 0.0716609
0 0.23871 0.608699 0.183483 0.142321 0.070867
0 0.116167 0.743833 0.19723 0.183058 0.0705273
0 0.308491 0.625202 0.0507136 0.0860916 0.0693684
0 0.189543 0.723112 0.0530032 0.0628961 0.0691352
0 0.291486 0.637169 0.0783728 0.0793072 0.0684003
0 0.956647 0.579617 0.0859346 0.28171 0.0670627
0 0.466143 0.711492 0.0213305 0.0387226 0.0669171
0 0.19771 0.628492 0.066137 0.0604067 0.0667
0 0.0633746 0.613059 0.126397 0.153926 0.064895
0 0.615491 0.685062 0.0202609 0.037391 0.0648897
0 0.207752 0.627769 0.0431819 0.0472632 0.0647941
0 0.157094 0.721889 0.116759 0.106241 0.06472
0 0.20662 0.695165 0.115865 0.137641 0.0645229
0 0.22596 0.639099 0.0771683 0.0817471 0.0633383
0 0.11375 0.802031 0.217619 0.379444 0.0630988
0 0.139576 0.741729 0.0540051 0.0638914 0.0620607
0 0.191658 0.657344 0.0889423 0.0979087 0.0614481
0 0.578742 0.689767 0.0475507 0.0750931 0.060197
0 0.301876 0.639318 0.059461 0.0641435 0.0600479
0 0.970751 0.620157 0.0587027 0.214686 0.0591369
0 0.586545 0.689583 0.0178474 0.0372591 0.0587382
0 0.102702 0.625423 0.212836 0.205455 0.0581106
0 0.869838 0.461723 0.201712 0.195998 0.0579344
0 0.15382 0.666912 0.24332 0.263508 0.0576027
0 0.244263 0.636031 0.0479681 0.0650108 0.0572376
0 0.620201 0.69401 0.0300106 0.0637883 0.0569194
0 0.181392 0.614613 0.106289 0.0944186 0.0568516
0 0.134736 0.719231 0.159135 0.142127 0.0565762
0 0.431946 0.675265 0.0158591 0.0186006 0.0560686
0 0.253555 0.636232 0.064177 0.0803178 0.0560592
0 0.975968 0.682052 0.0483049 0.0845231 0.0558554
0 0.246416 0.627201 0.038157 0.0496465 0.0557005
0 0.959141 0.575931 0.0749735 0.0909549 0.0554614
0 0.415914 0.668095 0.0253202 0.0268089 0.0551222
0 0.61387 0.6973 0.0409942 0.0812595 0.0538507
0 0.451754 0.68489 0.0146972 0.0187893 0.0534339
0 0.0486136 0.795559 0.0977296 0.375653 0.0526017
0 0.955383 0.603617 0.0878527 0.149092 0.052066
0 0.955345 0.563069 0.0627649 0.0635633 0.0512396
0 0.277346 0.647602 0.0937177 0.0851163 0.0512007
0 0.194649 0.642427 0.074812 0.0710936 0.0511819
0 0.213652 0.750698 0.197636 0.336887 0.0492992
0 0.119973 0.736648 0.0921772 0.0951074 0.0491779
0 0.386777 0.670683 0.0212317 0.0236401 0.0489184
0 0.436469 0.677151 0.0174728 0.0189548 0.0482504
0 0.976077 0.603676 0.048237 0.146401 0.0479857
0 0.407719 0.661569 0.0327582 0.0339297 0.0479775
0 0.958295 0.541934 0.0787348 0.147088 0.047936
0 0.0844198 0.555571 0.169842 0.171706 0.0478321
0 0.150308 0.614736 0.151588 0.137704 0.0476701
0 0.565503 0.667441 0.0194197 0.0370654 0.0474754
0 0.641068 0.711179 0.0878668 0.118855 0.0473177
0 0.975964 0.565203 0.049214 0.139459 0.0463474
0 0.156549 0.611413 0.0938814 0.0922201 0.0461068
0 0.140125 0.749634 0.0797869 0.0956789 0.0456053
0 0.951622 0.675238 0.081358 0.0985396 0.0453405
0 0.426674 0.66551 0.0258413 0.0284879 0.0450211
0 0.867257 0.266804 0.120894 0.110289 0.0450105
0 0.600869 0.692986 0.0469864 0.0867744 0.0444086
0 0.686831 0.321708 0.160051 0.256411 0.0439645
0 0.435556 0.666216 0.0167713 0.0244135 0.0435465
0 0.142087 0.674321 0.159862 0.205781 0.0435082
0 0.183979 0.745114 0.0626502 0.0843391 0.0431969
0 0.910623 0.377835 0.17414 0.192477 0.0431724
0 0.0649756 0.514123 0.111251 0.0875493 0.0431182
0 0.957644 0.646773 0.0821627 0.173701 0.0430406
0 0.904992 0.508606 0.195034 0.270072 0.0423305
0 0.247213 0.609508 0.0978006 0.113617 0.0419955
0 0.18894 0.577369 0.0418444 0.0430971 0.0418976
0 0.223591 0.676081 0.0961543 0.118972 0.0416292
0 0.212538 0.704862 0.0927419 0.10097 0.040838
0 0.173669 0.668473 0.107292 0.126985 0.0406656
0 0.688184 0.376123 0.185637 0.310987 0.040396
0 0.686996 0.274112 0.142709 0.158822 0.040393
0 0.192413 0.592678 0.0540879 0.0630356 0.0403368
0 0.0765931 0.778657 0.150474 0.26298 0.0399866
0 0.939727 0.506833 0.117235 0.176667 0.039917
0 0.597287 0.685081 0.0232968 0.0403364 0.0398895
0 0.373502 0.658417 0.0510257 0.0474379 0.0398252
0 0.225279 0.621522 0.100828 0.0929054 0.0397248
0 0.235038 0.70061 0.153484 0.201866 0.0396914
0 0.189786 0.942607 0.161115 0.119759 0.0392767
0 0.985893 0.680525 0.0288568 0.0876973 0.0384935
0 0.418224 0.674349 0.0164737 0.020997 0.0381507
0 0.058418 0.56917 0.107148 0.08397 0.0375534
0 0.387405 0.661374 0.0228272 0.031125 0.0373658
0 0.861318 0.568341 0.199886 0.251899 0.036634
0 0.318468 0.66139 0.0380476 0.0698076 0.0364947
0 0.186549 0.663959 0.0657664 0.0694339 0.0364361
0 0.982412 0.539467 0.0368748 0.135046 0.036185
0 0.782213 0.274867 0.336322 0.408538 0.0360738
0 0.657851 0.231045 0.0647867 0.0508116 0.036021
0 0.94484 0.681488 0.0681416 0.0706275 0.036001
0 0.895215 0.427906 0.168121 0.136969 0.0359312
0 0.205853 0.715653 0.0601579 0.0686232 0.0358594
0 0.404484 0.655931 0.0413942 0.0483276 0.0358253
0 0.414584 0.679341 0.0230227 0.0254505 0.0358176
0 0.382696 0.673406 0.0226433 0.0244963 0.0358003
0 0.0374343 0.685247 0.0693075 0.289456 0.0354819
0 0.936262 0.617081 0.0805483 0.152725 0.0352045
0 0.395696 0.665422 0.0226974 0.0320896 0.035026
0 0.499675 0.681117 0.0107485 0.0176639 0.0344444
0 0.359613 0.659049 0.071399 0.0539554 0.0343626
0 0.351369 0.631178 0.0824512 0.0953273 0.0341838
0 0.487346 0.679914 0.0102789 0.0164357 0.0341617
0 0.154155 0.769971 0.102081 0.138242 0.034133
0 0.707343 0.18771 0.0998586 0.119572 0.0340928
0 0.73763 0.684792 0.0645357 0.0421012 0.0340551
0 0.377833 0.671913 0.0222943 0.0234837 0.033993
0 0.178622 0.59077 0.156444 0.117565 0.0336425
0 0.675637 0.200995 0.172212 0.225169 0.0335826
0 0.198383 0.601656 0.0874509 0.102879 0.0334564
0 0.321796 0.654622 0.0228488 0.0331562 0.0331917
0 0.0710498 0.850866 0.140256 0.299703 0.0331618
0 0.289965 0.66356 0.0830839 0.0916271 0.0330608
0 0.713503 0.224792 0.0548326 0.0469171 0.0330433
0 0.18417 0.56431 0.0331156 0.0403026 0.0328003
0 0.511818 0.681948 0.0111294 0.0178997 0.0325342
0 0.812777 0.636556 0.101962 0.107385 0.0324466
0 0.939945 0.53025 0.0917551 0.127186 0.0322168
0 0.0934308 0.742622 0.106439 0.105115 0.0321181
0 0.746343 0.67175 0.0525974 0.0584462 0.0319846
0 0.879062 0.205036 0.209943 0.286482 0.0318917
0 0.255074 0.669236 0.112585 0.122662 0.0317916
0 0.62695 0.712285 0.0393471 0.0708371 0.0315042
0 0.179399 0.590976 0.0572878 0.0647529 0.0314021
0 0.0703885 0.741221 0.0844114 0.0959008 0.0312868
0 0.809943 0.38635 0.315031 0.344467 0.0311861
0 0.403837 0.655139 0.0251272 0.039665 0.0310192
0 0.622899 0.678227 0.0276569 0.0395586 0.0308978
0 0.880186 0.229414 0.149627 0.178356 0.0307473
0 0.0523725 0.742145 0.0938735 0.11578 0.0307467
0 0.0277658 0.759171 0.0541965 0.257346 0.0305981
0 0.848187 0.641723 0.173273 0.142038 0.0305232
0 0.701582 0.231887 0.0771367 0.065871 0.0297552
0 0.286359 0.601861 0.0740128 0.115441 0.0297306
0 0.330877 0.632759 0.0572257 0.0837742 0.0296819
0 0.0169371 0.522919 0.0315794 0.0664253 0.0293485
0 0.126977 0.899848 0.193094 0.175153 0.0293126
0 0.92174 0.204811 0.0296894 0.0440067 0.0291545
0 0.0608765 0.528076 0.0942547 0.062065 0.0289556
0 0.712369 0.253743 0.076045 0.104964 0.0289222
0 0.400034 0.62606 0.0470312 0.093922 0.0288214
0 0.16417 0.640645 0.0848495 0.0905404 0.0286797
0 0.456811 0.653852 0.0121537 0.0217 0.0286086
0 0.525347 0.685006 0.012074 0.0188024 0.0286064
0 0.156683 0.558061 0.0274843 0.0333926 0.0281949
0 0.936515 0.647508 0.0643639 0.111194 0.0281666
0 0.9787 0.505241 0.0441254 0.206327 0.0280506
0 0.0312546 0.739258 0.0592725 0.143905 0.0279261
0 0.013261 0.567081 0.0295296 0.0819023 0.0278005
0 0.824767 0.192365 0.303568 0.375868 0.0277996
0 0.431372 0.679288 0.0142448 0.0187994 0.0277527
0 0.234789 0.94674 0.174363 0.118944 0.0273656
0 0.932041 0.485889 0.0945538 0.120018 0.0272301
0 0.613663 0.711106 0.0644186 0.121284 0.0270238
0 0.210706 0.577823 0.236402 0.183639 0.0269811
0 0.040497 0.852017 0.0813466 0.289456 0.0268953
0 0.466538 0.655738 0.0108654 0.0162749 0.0268128
0 0.0479845 0.583745 0.0999692 0.193659 0.0267458
0 0.116333 0.55525 0.0258229 0.0298733 0.0266338
0 0.738956 0.653999 0.0741698 0.094155 0.0266108
0 0.659009 0.249027 0.0793698 0.099419 0.0265716
0 0.982453 0.451821 0.0362427 0.0960927 0.0264455
0 0.0709181 0.585816 0.105882 0.106683 0.0263749
0 0.141393 0.628087 0.068018 0.0905151 0.0263714
0 0.922554 0.634981 0.137301 0.163539 0.0263712
0 0.20316 0.732233 0.085038 0.107252 0.0262486
0 0.170825 0.561998 0.0352546 0.0391023 0.025912
0 0.193297 0.744277 0.0994528 0.146842 0.0258376
0 0.92976 0.674587 0.0627655 0.079497 0.0257593
0 0.852406 0.411248 0.0372698 0.051099 0.025677
0 0.129652 0.609404 0.0613735 0.104604 0.0256481
0 0.412881 0.627363 0.060565 0.110569 0.0256273
0 0.869635 0.311703 0.246077 0.34753 0.0255666
0 0.915007 0.427028 0.115607 0.117203 0.0254968
0 0.275711 0.785395 0.164866 0.288384 0.0254687
0 0.968379 0.903861 0.0657349 0.181746 0.0253279
0 0.0679662 0.556982 0.0865436 0.0524957 0.0253194
0 0.134264 0.699484 0.105446 0.145914 0.025109
0 0.720783 0.714719 0.10086 0.117887 0.0250954
0 0.0443766 0.763698 0.0829932 0.168715 0.0250766
0 0.135171 0.775336 0.164241 0.198363 0.0250414
0 0.436217 0.636765 0.0356321 0.0665234 0.0250315
0 0.534902 0.685711 0.0120643 0.0208878 0.0249956
0 0.654741 0.740891 0.0691917 0.120985 0.024945
0 0.753256 0.662301 0.0540092 0.0732249 0.0247595
0 0.455136 0.682754 0.0127005 0.0223957 0.0246601
0 0.166939 0.666575 0.0720087 0.0837328 0.0244557
0 0.930839 0.55568 0.0775873 0.108527 0.0243728
0 0.818931 0.669716 0.102536 0.0914229 0.024184
0 0.965177 0.482436 0.0672838 0.165656 0.0241504
0 0.676373 0.695516 0.0525541 0.0627206 0.0240973
0 0.605049 0.985965 0.0350593 0.0278932 0.0240793
0 0.677378 0.718789 0.0723409 0.0830916 0.0239889
0 0.220485 0.739715 0.137047 0.196721 0.0237662
0 0.960986 0.306527 0.0434444 0.048078 0.0236736
0 0.877896 0.410882 0.0941359 0.0765818 0.023611
0 0.580405 0.673817 0.0265616 0.0336909 0.0235311
0 0.405891 0.695589 0.0313977 0.0385744 0.0234633
0 0.916469 0.204293 0.0420767 0.0594828 0.0229647
0 0.216117 0.131126 0.0459087 0.0617491 0.0229139
0 0.476458 0.654817 0.0104952 0.0149128 0.0228986
0 0.4395 0.683904 0.0253634 0.0323554 0.0228634
0 0.654796 0.702554 0.0577713 0.074985 0.022782
0 0.823353 0.476942 0.0996714 0.107576 0.0226623
0 0.130217 0.59121 0.0404864 0.0578367 0.0226091
0 0.699466 0.723008 0.081721 0.0935924 0.0225883
0 0.916952 0.530151 0.0996679 0.160278 0.0225528
0 0.719711 0.692267 0.0677865 0.0589081 0.0225008
0 0.691897 0.658344 0.0789595 0.0886482 0.0224742
0 0.949367 0.473366 0.0951084 0.203982 0.022409
0 0.252976 0.69336 0.094122 0.124047 0.0223824
0 0.687332 0.218052 0.135458 0.152484 0.022357
0 0.595212 0.661888 0.054015 0.0805036 0.0222692
0 0.497373 0.651615 0.0121119 0.0171387 0.0222549
0 0.901583 0.663838 0.141295 0.106737 0.0220975
0 0.991274 0.881227 0.0178131 0.144052 0.0218483
0 0.543237 0.688349 0.0150419 0.0268882 0.021776
0 0.938509 0.400063 0.117921 0.213864 0.0217591
0 0.714848 0.320376 0.213855 0.332458 0.0216801
0 0.194577 0.570383 0.0651863 0.0671945 0.0216237
0 0.912885 0.552485 0.0785511 0.128191 0.0215532
0 0.385394 0.628847 0.047476 0.0957447 0.0215478
0 0.148934 0.663902 0.0918712 0.106899 0.0215128
0 0.580493 0.550427 0.144562 0.166324 0.0214829
0 0.733714 0.699044 0.0830582 0.0640959 0.0213127
0 0.131225 0.640767 0.0538833 0.0757744 0.0213127
0 0.684133 0.63904 0.117464 0.133572 0.021282
0 0.734874 0.730911 0.087235 0.100542 0.021268
0 0.666897 0.578029 0.0296405 0.046037 0.0211552
0 0.97809 0.948929 0.0546824 0.102528 0.0211254
0 0.887529 0.419925 0.119972 0.110031 0.0209923
0 0.245945 0.884553 0.191985 0.230956 0.0209889
0 0.492997 0.652574 0.0102962 0.014542 0.0209615
0 0.582911 0.712807 0.063378 0.116311 0.0209583
0 0.925901 0.578388 0.0931473 0.126847 0.020937
0 0.608259 0.992445 0.0255038 0.02333 0.0208666
0 0.910174 0.248768 0.0281153 0.0452186 0.0208574
0 0.324546 0.678965 0.0259053 0.0393621 0.0208392
0 0.709789 0.664093 0.0491969 0.0618477 0.0207927
0 0.381547 0.695443 0.0366719 0.0475792 0.0207621
0 0.977138 0.879291 0.0437542 0.216793 0.0207606
