0 0.329346 0.77322 0.20751 0.228681 0.813123
0 0.518277 0.726029 0.0884462 0.106491 0.515728
0 0.145074 0.902371 0.290147 0.195258 0.336065
0 0.559271 0.708191 0.00645704 0.0805829 0.291108
0 0.5625 0.690838 0 0.0751514 0.289224
0 0.5625 0.69629 0 0.0590942 0.2839
0 0.5625 0.690877 0 0.058157 0.262347
0 0.5625 0.692446 0 0.0552639 0.25937
0 0.504691 0.734463 0.0611262 0.0848045 0.25286
0 0.5625 0.694727 0 0.0517149 0.241452
0 0.54493 0.729351 0.0351391 0.0731145 0.235551
0 0.5625 0.695148 0 0.0470349 0.234651
0 0.5625 0.693204 0 0.049111 0.229023
0 0.5625 0.69027 0 0.0725741 0.225465
0 0.5625 0.694649 0 0.0602456 0.213882
0 0.530225 0.727899 0.0645506 0.0859268 0.212676
0 0.5625 0.701199 0 0.077108 0.208509
0 0.542359 0.714074 0.0402814 0.090279 0.198803
0 0.546034 0.702817 0.0329314 0.0918762 0.194226
0 0.5625 0.676335 0 0.110244 0.187564
0 0.5625 0.697556 0 0.0659931 0.187462
0 0.5625 0.681873 0 0.0513297 0.180455
0 0.559564 0.690696 0.00587235 0.113299 0.173197
0 0.5625 0.684142 0 0.0981355 0.169557
0 0.517511 0.709072 0.0899772 0.138899 0.168041
0 0.5625 0.700967 0 0.075305 0.155401
0 0.5625 0.673458 0 0.0746715 0.140629
0 0.536839 0.688771 0.051322 0.110315 0.131724
0 0.5625 0.680408 0 0.0947807 0.114025
0 0.5625 0.683545 0 0.0999418 0.106273
0 0.5625 0.666219 0 0.141239 0.0987374
0 0.5625 0.69512 0 0.0326053 0.0945835
0 0.5625 0.610351 0 0.0543874 0.0925816
0 0.5625 0.672558 0 0.146296 0.0904898
0 0.499713 0.70407 0.125573 0.165067 0.0903203
0 0.5625 0.697908 0 0.0432225 0.0881972
0 0.5625 0.648387 0 0.0924172 0.0875579
0 0.5625 0.597768 0 0.0725114 0.0854727
0 0.5625 0.673526 0 0.0487046 0.0852966
0 0.516572 0.679349 0.0918569 0.169682 0.0848408
0 0.19799 0.911861 0.18699 0.176278 0.0839153
0 0.5625 0.690084 0 0.0350694 0.0826332
0 0.49354 0.728267 0.101309 0.121623 0.0821394
0 0.5625 0.696311 0 0.0311615 0.0819852
0 0.5625 0.688193 0 0.0398913 0.0786922
0 0.0553012 0.656252 0.108814 0.482501 0.0785233
0 0.482972 0.746133 0.0604784 0.078899 0.0776374
0 0.0320314 0.4769 0.0640629 0.15555 0.0763057
0 0.420748 0.7499 0.110511 0.199755 0.0721459
0 0.228487 0.961613 0.114198 0.0767749 0.0717679
0 0.467332 0.753616 0.0571652 0.0838689 0.071223
0 0.395209 0.783511 0.0849886 0.161306 0.0693875
0 0.714895 0.6896 0.0562081 0.0941106 0.0672591
0 0.678925 0.704448 0.0182419 0.0341007 0.066545
0 0.445931 0.731217 0.0998029 0.177566 0.0641222
0 0.693119 0.680649 0.0635871 0.103055 0.0626718
0 0.419458 0.708075 0.126511 0.215172 0.0619688
0 0.423371 0.771775 0.07635 0.144131 0.0617853
0 0.454581 0.760778 0.0610867 0.105614 0.0614826
0 0.465672 0.705589 0.165259 0.210961 0.0610445
0 0.146646 0.811267 0.282202 0.366441 0.0607247
0 0.606756 0.665821 0.091864 0.126769 0.0602139
0 0.652051 0.686437 0.0237925 0.0320172 0.0568102
0 0.439875 0.680993 0.143096 0.203837 0.0563616
0 0.71761 0.639539 0.0261276 0.0424838 0.0561309
0 0.459696 0.76974 0.0820093 0.133813 0.0558001
0 0.465178 0.727368 0.0879502 0.130683 0.0552804
0 0.405759 0.672166 0.116249 0.208909 0.0550589
0 0.215697 0.939214 0.150025 0.119677 0.0548405
0 0.0412426 0.504877 0.0815429 0.194004 0.0547508
0 0.98934 0.581237 0.0203192 0.0665538 0.0541991
0 0.445765 0.745876 0.0695915 0.108711 0.0540044
0 0.530315 0.651392 0.12196 0.261769 0.052747
0 0.529285 0.67758 0.0722857 0.0688307 0.052695
0 0.690878 0.620602 0.0409696 0.0562299 0.0523469
0 0.648491 0.62607 0.0633763 0.0616286 0.0519071
0 0.723507 0.650442 0.0296942 0.0571382 0.0513207
0 0.240872 0.978933 0.0633615 0.0373101 0.0510991
0 0.0983597 0.644741 0.190689 0.542202 0.0506445
0 0.478539 0.708301 0.0851177 0.152196 0.0480438
0 0.672656 0.625481 0.0696496 0.0699103 0.0471166
0 0.622073 0.98307 0.02934 0.0290777 0.0467997
0 0.647981 0.647322 0.105708 0.183125 0.0465862
0 0.0347089 0.5263 0.0713994 0.330905 0.0465152
0 0.725556 0.636187 0.0299377 0.0435065 0.0461725
0 0.980794 0.526429 0.0393934 0.200029 0.0461318
0 0.981016 0.739062 0.0373501 0.25945 0.0455347
0 0.624476 0.706487 0.0476823 0.0677409 0.045446
0 0.428109 0.757962 0.0587314 0.111348 0.0451952
0 0.602118 0.712415 0.0229195 0.0420429 0.0447225
0 0.288468 0.794902 0.120674 0.183305 0.044716
0 0.440988 0.711508 0.0689492 0.155129 0.0443342
0 0.251376 0.968444 0.0810122 0.0577547 0.0441733
0 0.0738464 0.719068 0.146874 0.332798 0.0429713
0 0.425663 0.732063 0.0712353 0.167566 0.0421333
0 0.723052 0.664562 0.0385111 0.0919905 0.0418462
0 0.990317 0.658124 0.0199581 0.151615 0.0416335
0 0.697052 0.666068 0.0262844 0.0491492 0.0414229
0 0.255103 0.957767 0.0919926 0.0870261 0.041335
0 0.0326809 0.456191 0.0610452 0.0835798 0.0412919
0 0.518187 0.680361 0.0855362 0.0918986 0.0410587
0 0.986192 0.670034 0.0288124 0.187634 0.0408222
0 0.409982 0.785329 0.0570102 0.1309 0.0406678
0 0.0346854 0.412412 0.0699323 0.245697 0.0403577
0 0.455295 0.69602 0.0746733 0.137589 0.0399127
0 0.6145 0.707879 0.0267249 0.0427756 0.0398773
0 0.583717 0.650702 0.0644905 0.0882861 0.0396285
0 0.957292 0.579861 0.0873341 0.126239 0.0385941
0 0.169606 0.821412 0.191311 0.187598 0.0383796
0 0.985848 0.56326 0.02838 0.138459 0.038269
0 0.0566763 0.786323 0.111784 0.196211 0.038189
0 0.985029 0.622498 0.0323435 0.103012 0.0381102
0 0.232787 0.774337 0.0730053 0.163959 0.0376944
0 0.367908 0.778731 0.129138 0.195429 0.0373483
0 0.00894548 0.421078 0.0180731 0.0591912 0.0372285
0 0.138621 0.714813 0.258532 0.427684 0.0371728
0 0.566086 0.728631 0.0366616 0.06539 0.0368089
0 0.596671 0.714178 0.0318861 0.0522439 0.0367726
0 0.15494 0.769245 0.141123 0.173758 0.0367046
0 0.406584 0.705702 0.0948218 0.154013 0.0361412
0 0.989772 0.617793 0.0209726 0.0803612 0.0360066
0 0.219142 0.767879 0.0506889 0.113322 0.0358796
0 0.583907 0.725945 0.0268214 0.0434052 0.0358402
0 0.324094 0.69006 0.122454 0.0581449 0.0355376
0 0.617927 0.636264 0.147319 0.215275 0.0350258
0 0.983816 0.790443 0.0316362 0.15151 0.034946
0 0.98 0.571642 0.0455923 0.197238 0.0347281
0 0.411228 0.755552 0.0742776 0.156835 0.0347136
0 0.956934 0.558298 0.0639166 0.0856297 0.0346023
0 0.65895 0.700486 0.0293917 0.0419157 0.034431
0 0.97822 0.730575 0.0417759 0.159687 0.0344265
0 0.0211757 0.449264 0.0402801 0.0978392 0.0342072
0 0.240127 0.802077 0.110918 0.210804 0.0339952
0 0.0616086 0.521542 0.116518 0.183563 0.0335633
0 0.37704 0.794382 0.0892087 0.153958 0.0335598
0 0.341013 0.683325 0.201525 0.166048 0.0335045
0 0.989183 0.781535 0.0215925 0.121948 0.0333814
0 0.243237 0.928499 0.105893 0.14345 0.0333724
0 0.627076 0.631412 0.0958856 0.0994674 0.0330842
0 0.0573123 0.900758 0.109378 0.197239 0.0330279
0 0.975217 0.58685 0.0517519 0.121416 0.0325221
0 0.272308 0.761648 0.113159 0.198824 0.0325116
0 0.594103 0.726759 0.022468 0.0361043 0.0323265
0 0.0510481 0.670474 0.100554 0.313405 0.0321075
0 0.45301 0.767087 0.105241 0.18302 0.0320768
0 0.103234 0.730544 0.177799 0.270269 0.0319534
0 0.558979 0.460551 0.0262887 0.0410973 0.031951
0 0.566697 0.728003 0.0622209 0.0944556 0.0315253
0 0.113125 0.824042 0.222342 0.206655 0.0315083
0 0.0378959 0.460188 0.0452859 0.0548381 0.0312902
0 0.207564 0.824551 0.13829 0.234783 0.0310124
0 0.18168 0.770341 0.102365 0.141367 0.0309214
0 0.50316 0.679429 0.100069 0.127596 0.0307997
0 0.576731 0.637091 0.102545 0.200608 0.0307938
0 0.276372 0.94813 0.0937118 0.104472 0.0306654
0 0.952228 0.541257 0.0549709 0.0740285 0.030502
0 0.986232 0.760779 0.0276609 0.137597 0.0302966
0 0.483782 0.756054 0.0720427 0.11902 0.0302676
0 0.533929 0.777495 0.123288 0.196821 0.0300629
0 0.733992 0.694248 0.0687319 0.118069 0.0296344
0 0.393712 0.808648 0.0649754 0.11099 0.0293938
0 0.438963 0.781943 0.066165 0.126851 0.0292304
0 0.457331 0.236245 0.031741 0.0487133 0.0289548
0 0.699815 0.715264 0.0286004 0.0539213 0.0287172
0 0.717978 0.702072 0.0446725 0.0730216 0.0286547
0 0.980207 0.601562 0.0391346 0.0858701 0.0285572
0 0.381917 0.823585 0.0544195 0.0910739 0.0285044
0 0.0611013 0.455823 0.117938 0.179233 0.0284349
0 0.470703 0.679689 0.0606444 0.127609 0.0281443
0 0.479106 0.755824 0.112192 0.178136 0.0279855
0 0.434182 0.661843 0.0711917 0.11827 0.0279703
0 0.390268 0.601584 0.0688663 0.121432 0.0278692
0 0.128968 0.783724 0.104396 0.141199 0.0277722
0 0.125205 0.492524 0.0434089 0.0620956 0.027673
0 0.369458 0.958096 0.0847196 0.0819802 0.0275289
0 0.334515 0.955695 0.108846 0.0941979 0.027485
0 0.274076 0.837809 0.1161 0.14529 0.0274634
0 0.397126 0.635082 0.0509469 0.0462485 0.0274448
0 0.966711 0.5268 0.0689028 0.176305 0.0271517
0 0.048087 0.575466 0.0876596 0.0814921 0.0271129
0 0.571367 0.637367 0.0635413 0.0751735 0.0270456
0 0.733123 0.629401 0.0453972 0.0532751 0.0268415
0 0.743061 0.603202 0.0310099 0.0347936 0.0268359
0 0.0291095 0.420554 0.0571945 0.150079 0.0266947
0 0.943311 0.515996 0.0396986 0.0491488 0.0266788
0 0.725618 0.619057 0.0325928 0.0471869 0.0266501
0 0.681394 0.615338 0.038067 0.0543305 0.0265325
0 0.943476 0.57093 0.093157 0.0981288 0.0261928
0 0.713789 0.621483 0.0361846 0.0515109 0.0258064
0 0.766955 0.658053 0.100397 0.146665 0.0258049
0 0.415568 0.432102 0.0360073 0.0500011 0.0257651
0 0.706206 0.695132 0.0398802 0.0738007 0.0254597
0 0.729582 0.641359 0.0457727 0.0694463 0.0254009
0 0.0798538 0.488291 0.135284 0.136074 0.0252465
0 0.154223 0.778135 0.0812347 0.133409 0.0249136
0 0.977913 0.673424 0.0410616 0.162927 0.0249019
0 0.707002 0.609841 0.0647863 0.176334 0.0248789
0 0.0103189 0.402729 0.0213535 0.0699116 0.0248201
0 0.714678 0.683988 0.0366123 0.093572 0.024804
0 0.938843 0.51823 0.0541197 0.0664783 0.0247626
0 0.0706219 0.569879 0.137012 0.245301 0.0247268
0 0.94027 0.537017 0.0698336 0.0844457 0.0246488
0 0.708101 0.71748 0.0251283 0.0444339 0.0242881
0 0.0347126 0.829784 0.0637397 0.123941 0.024213
0 0.391353 0.689726 0.0863215 0.109571 0.0241394
0 0.0583849 0.369445 0.109739 0.259229 0.024044
0 0.304359 0.702332 0.130603 0.0701331 0.02403
0 0.211184 0.800118 0.0786837 0.182451 0.0240298
0 0.0598027 0.473288 0.0794526 0.0793539 0.0239177
0 0.0509903 0.591572 0.0756992 0.0516154 0.0238684
0 0.418422 0.639045 0.0765281 0.0691999 0.0236666
0 0.306369 0.717375 0.159393 0.0953618 0.0236256
0 0.406616 0.611957 0.0878138 0.15073 0.0234816
0 0.605456 0.626125 0.0840572 0.0973283 0.0234021
0 0.946837 0.496192 0.10224 0.182128 0.0233728
0 0.403509 0.815532 0.0871692 0.191971 0.023305
0 0.3442 0.645702 0.165451 0.169701 0.0230037
0 0.445161 0.475356 0.0479315 0.0630486 0.0229825
0 0.140765 0.616262 0.239751 0.43135 0.0228161
0 0.976366 0.938329 0.0456404 0.132158 0.0227816
0 0.385289 0.632255 0.0580189 0.0544132 0.0227656
0 0.0769824 0.477803 0.0667898 0.0674149 0.02261
0 0.933733 0.551899 0.0630032 0.0656074 0.0226
0 0.472243 0.616226 0.118384 0.228613 0.022491
0 0.63311 0.556861 0.0289311 0.0436677 0.0224793
0 0.225543 0.977529 0.0848109 0.0447847 0.0224771
0 0.878153 0.587252 0.0410919 0.0496725 0.02227
0 0.880624 0.593925 0.0331779 0.0392255 0.022181
0 0.983832 0.330476 0.0299006 0.0481517 0.022086
0 0.96331 0.605146 0.070664 0.0895956 0.0220764
0 0.265794 0.945417 0.189594 0.124378 0.0219808
0 0.319394 0.635611 0.0786616 0.06092 0.0219673
0 0.271356 0.76527 0.0886444 0.101114 0.0218897
0 0.384071 0.620887 0.0693304 0.075171 0.0218231
0 0.947891 0.547444 0.0969818 0.154061 0.0218169
0 0.315032 0.737644 0.114599 0.0984416 0.0217868
0 0.987547 0.81355 0.0260675 0.140189 0.0217355
0 0.0550263 0.836932 0.103838 0.112443 0.0216831
0 0.59116 0.615249 0.0567588 0.0655607 0.021635
0 0.0641428 0.59176 0.0480251 0.0372004 0.0215909
0 0.933691 0.491828 0.0625549 0.0998998 0.0215375
0 0.643741 0.581152 0.0559197 0.057908 0.0214409
0 0.700181 0.616069 0.0373458 0.055913 0.0214165
0 0.24264 0.665477 0.030336 0.0392837 0.0214058
0 0.0842999 0.574577 0.136131 0.171365 0.021157
0 0.673059 0.609122 0.0546849 0.0594777 0.0211513
0 0.981461 0.410853 0.0399084 0.12316 0.021023
0 0.732743 0.668351 0.0603372 0.124222 0.0210132
0 0.925854 0.57151 0.0574297 0.0659411 0.0209963
0 0.252739 0.760589 0.0775088 0.0970778 0.0209821
0 0.314803 0.672982 0.137801 0.072855 0.0208642
0 0.981925 0.44918 0.0370701 0.109662 0.0208493
0 0.267556 0.962728 0.100301 0.0648539 0.0208441
0 0.969558 0.873815 0.0631163 0.214498 0.0208281
0 0.310408 0.813987 0.13758 0.153639 0.0206732
0 0.725001 0.634103 0.0484963 0.100557 0.0205572
0 0.472967 0.783603 0.06513 0.125365 0.0205259
0 0.386903 0.518266 0.0591329 0.0771443 0.0205167
0 0.0405261 0.610114 0.0723157 0.255465 0.0205151
0 0.410404 0.622652 0.0547229 0.0559906 0.020493
0 0.502965 0.753431 0.0505512 0.0839528 0.0203995
0 0.194571 0.863452 0.100609 0.110461 0.0202903
0 0.0191151 0.399942 0.0383623 0.126701 0.0201712
0 0.793021 0.542509 0.161118 0.274302 0.0201543
0 0.0141078 0.874331 0.030577 0.189191 0.0201494
0 0.380531 0.971058 0.0347839 0.0449083 0.020138
0 0.171219 0.746687 0.0758534 0.131972 0.0200718
0 0.581978 0.541045 0.034306 0.0552079 0.0200127
0 0.480916 0.477309 0.052646 0.0684645 0.0199768
0 0.238765 0.985767 0.0529478 0.0294159 0.0199019
0 0.434141 0.603894 0.0783678 0.156466 0.0198894
0 0.133611 0.523032 0.057042 0.0539256 0.0198282
0 0.00778168 0.833344 0.016721 0.113494 0.0197876
0 0.341654 0.794724 0.0622619 0.110272 0.0197849
0 0.960337 0.714255 0.0668911 0.142435 0.0197683
0 0.426262 0.577581 0.194125 0.291065 0.0196001
0 0.552185 0.746309 0.0227513 0.0404229 0.0194816
0 0.650428 0.743198 0.07382 0.116368 0.0194739
0 0.326688 0.677116 0.103946 0.0523039 0.019444
0 0.634149 0.571921 0.0461796 0.0538433 0.0194411
0 0.368869 0.759058 0.0854431 0.143774 0.0193706
0 0.0852475 0.634254 0.136999 0.216575 0.0193625
0 0.982778 0.862616 0.0362816 0.207801 0.0193576
0 0.547407 0.641266 0.0932675 0.0899849 0.0193387
0 0.125182 0.478275 0.0770081 0.0832622 0.019322
0 0.045858 0.411497 0.089398 0.167583 0.0192583
0 0.230091 0.700083 0.0587742 0.102406 0.0192419
0 0.244665 0.653176 0.0283566 0.0399649 0.0191699
0 0.321183 0.790767 0.0797615 0.115824 0.0191571
0 0.752037 0.62282 0.0382605 0.0420001 0.0190982
0 0.141244 0.693532 0.0941342 0.172309 0.0190775
0 0.419874 0.479303 0.0796269 0.112268 0.0190623
0 0.34104 0.723805 0.120142 0.100211 0.0190455
0 0.104411 0.923815 0.201422 0.162857 0.0190452
0 0.564121 0.458608 0.040388 0.0543808 0.0190409
0 0.575661 0.766773 0.0583095 0.129708 0.019021
0 0.0739027 0.594177 0.0397806 0.0392921 0.0190114
0 0.284681 0.968745 0.0705678 0.0490573 0.0188707
0 0.954358 0.703162 0.0940987 0.2199 0.0188007
0 0.423674 0.617893 0.058711 0.0595937 0.01874
