0 0.292651 0.37265 0.060117 0.0577344 0.868832
0 0.351972 0.384769 0.0494134 0.0563783 0.840564
0 0.391381 0.389232 0.0345031 0.0462484 0.804437
0 0.507566 0.411454 0.0574974 0.0706329 0.701502
0 0.235142 0.364701 0.0391553 0.0304245 0.528144
0 0.455893 0.391318 0.0262026 0.0300095 0.487721
0 0.259395 0.367569 0.0252201 0.0311687 0.371442
0 0.5625 0.46449 0 0.102305 0.368976
0 0.431957 0.376976 0.0225509 0.0417606 0.289967
0 0.433742 0.38402 0.0175378 0.0302194 0.289048
0 0.464357 0.388893 0.0403977 0.0374518 0.284416
0 0.5625 0.38583 0 0.0432151 0.270468
0 0.455064 0.392656 0.0202704 0.0222067 0.266573
0 0.556667 0.393814 0.0116668 0.02877 0.251938
0 0.550391 0.39631 0.0242171 0.0313321 0.251643
0 0.5625 0.387352 0 0.0377855 0.240154
0 0.5625 0.387563 0 0.0340982 0.237204
0 0.222513 0.364977 0.0166442 0.0236898 0.226229
0 0.559706 0.391824 0.00558839 0.0323384 0.223835
0 0.238193 0.360372 0.0196543 0.0233851 0.202057
0 0.5625 0.463587 0 0.0724036 0.201838
0 0.5625 0.462351 0 0.0562407 0.17227
0 0.218934 0.363358 0.0144523 0.0205474 0.160971
0 0.228372 0.366185 0.0211144 0.024481 0.158812
0 0.245709 0.366917 0.016721 0.0224553 0.15591
0 0.545624 0.394937 0.0337527 0.0416427 0.150778
0 0.553773 0.395449 0.0174547 0.0223729 0.150539
0 0.261728 0.36656 0.0184323 0.0255652 0.14236
0 0.558473 0.383736 0.0080533 0.0552535 0.141536
0 0.54436 0.404974 0.0362798 0.0494805 0.141483
0 0.5625 0.394429 0 0.0213216 0.139787
0 0.560228 0.395512 0.00454378 0.0206666 0.135619
0 0.556202 0.402238 0.0125968 0.0640244 0.134939
0 0.5625 0.475824 0 0.095511 0.132988
0 0.5625 0.394501 0 0.0811184 0.131835
0 0.487391 0.406706 0.0220478 0.0432747 0.130265
0 0.5625 0.379529 0 0.0633688 0.130022
0 0.5625 0.374199 0 0.0706838 0.127909
0 0.555445 0.40333 0.0141099 0.0519651 0.127627
0 0.5625 0.392364 0 0.0236548 0.126241
0 0.445813 0.393985 0.0160105 0.0235843 0.124532
0 0.452608 0.389049 0.0195514 0.0214387 0.124396
0 0.040159 0.361077 0.0216922 0.0243105 0.123014
0 0.5625 0.392025 0 0.0269076 0.122325
0 0.231596 0.365719 0.0162396 0.0198763 0.122157
0 0.47926 0.393484 0.0490446 0.0595769 0.121129
0 0.5625 0.383602 0 0.0463865 0.118508
0 0.5625 0.479643 0 0.115908 0.117194
0 0.437821 0.387239 0.0152868 0.0251814 0.116366
0 0.433665 0.389157 0.0152341 0.0211349 0.116306
0 0.0202646 0.359589 0.03982 0.0283685 0.114606
0 0.519933 0.410028 0.083675 0.0811252 0.111867
0 0.487516 0.406425 0.0166459 0.0333177 0.108565
0 0.68577 0.367621 0.0539918 0.0567167 0.10766
0 0.468692 0.383992 0.0533061 0.0602859 0.107503
0 0.248988 0.368054 0.0185233 0.0275843 0.107435
0 0.220346 0.36757 0.0130245 0.019233 0.107091
0 0.236774 0.370615 0.0152754 0.0201359 0.106243
0 0.26703 0.370151 0.0178586 0.02756 0.106076
0 0.945152 0.496655 0.111487 0.130561 0.106021
0 0.561065 0.396686 0.0196734 0.0218822 0.104978
0 0.334752 0.381484 0.0281637 0.0332706 0.104276
0 0.621256 0.392442 0.023978 0.0277535 0.104001
0 0.17043 0.362857 0.0224707 0.024789 0.103282
0 0.428311 0.371216 0.0319929 0.0536414 0.0991713
0 0.92714 0.478627 0.0721712 0.0839447 0.0988303
0 0.622005 0.39371 0.033703 0.0412953 0.0978763
0 0.567414 0.401063 0.0298404 0.0373364 0.0978596
0 0.245384 0.360613 0.0176387 0.0265296 0.0976757
0 0.327471 0.384554 0.0143051 0.0251422 0.0976153
0 0.263157 0.362133 0.0164686 0.0194517 0.0946924
0 0.896436 0.457653 0.0872389 0.0944871 0.0934809
0 0.666406 0.397253 0.0902484 0.103925 0.0931554
0 0.921026 0.456654 0.0793192 0.0891722 0.0918968
0 0.557169 0.407035 0.0322666 0.042984 0.0915364
0 0.459203 0.390829 0.0201861 0.0223674 0.0904584
0 0.471177 0.400542 0.0173018 0.0228516 0.0898503
0 0.325059 0.381561 0.0143739 0.0253237 0.0898086
0 0.0542624 0.356126 0.0479648 0.0396193 0.0880476
0 0.979214 0.503648 0.0427393 0.140016 0.0875539
0 0.450968 0.396112 0.0184427 0.0271239 0.0873159
0 0.577517 0.404994 0.0368922 0.0425046 0.0873014
0 0.594993 0.408681 0.0701977 0.0813491 0.0867308
0 0.428709 0.387114 0.0153008 0.0246807 0.0850631
0 0.0333385 0.36003 0.0332682 0.0296062 0.0843098
0 0.188164 0.362481 0.0279425 0.02561 0.0835647
0 0.460616 0.398142 0.0234592 0.0309669 0.080821
0 0.0640076 0.358964 0.0321599 0.0374245 0.0804201
0 0.548161 0.398704 0.024087 0.0287638 0.0785184
0 0.436333 0.392185 0.015889 0.0256421 0.0771149
0 0.477031 0.397992 0.0165514 0.0246746 0.0769322
0 0.164566 0.361985 0.0295815 0.0281717 0.0752438
0 0.632098 0.396962 0.0560927 0.0793249 0.0750946
0 0.198973 0.3647 0.0373331 0.026633 0.0730582
0 0.923499 0.478558 0.159986 0.161838 0.0719848
0 0.741186 0.367549 0.139784 0.0811027 0.0706658
0 0.253543 0.384188 0.0203322 0.0287109 0.0699041
0 0.643012 0.409093 0.095631 0.0968988 0.0698725
0 0.539401 0.398051 0.0185856 0.0245572 0.0698588
0 0.0183355 0.335338 0.0377488 0.0740203 0.0697729
0 0.896786 0.476849 0.125651 0.127438 0.0691436
0 0.685745 0.378439 0.0613912 0.0843524 0.0684766
0 0.64336 0.36949 0.0946825 0.0815807 0.0670563
0 0.180994 0.36277 0.0171073 0.0229033 0.0668336
0 0.403332 0.383289 0.0148569 0.0276154 0.0662027
0 0.270041 0.373035 0.0177709 0.0311802 0.0656689
0 0.605335 0.392274 0.0241259 0.0271006 0.064701
0 0.194767 0.349152 0.0511005 0.0521532 0.062872
0 0.0353041 0.350302 0.0317385 0.0442095 0.0628308
0 0.0564666 0.345179 0.051489 0.0622224 0.0627313
0 0.61844 0.407002 0.0639153 0.0764708 0.0625602
0 0.172255 0.362975 0.0141129 0.0217885 0.0609898
0 0.141349 0.357741 0.071809 0.0545213 0.060409
0 0.504695 0.400352 0.077249 0.0926717 0.0601131
0 0.341798 0.370334 0.0256317 0.0222698 0.0590591
0 0.490733 0.403527 0.0178166 0.025526 0.0589029
0 0.432157 0.365027 0.0207205 0.0316141 0.0576713
0 0.946724 0.440347 0.110391 0.184708 0.0576138
0 0.484303 0.39797 0.0306572 0.0372113 0.0573043
0 0.589201 0.387496 0.0222644 0.0247476 0.0569944
0 0.376247 0.382179 0.0149211 0.0295726 0.056565
0 0.143543 0.358804 0.056551 0.028647 0.0564734
0 0.39252 0.378947 0.0278454 0.0304744 0.0564342
0 0.396523 0.386648 0.0177843 0.0249786 0.056064
0 0.929146 0.447418 0.111701 0.10764 0.0549853
0 0.330468 0.387787 0.0136961 0.028385 0.0549355
0 0.381457 0.387331 0.0176321 0.0314517 0.0544338
0 0.35202 0.368249 0.0298858 0.0234278 0.0524991
0 0.920632 0.491232 0.0988657 0.120956 0.0515063
0 0.320575 0.383212 0.0171796 0.0238619 0.0510171
0 0.365559 0.363823 0.0523687 0.0418887 0.0507306
0 0.705448 0.366365 0.0814776 0.0642766 0.0496003
0 0.377735 0.390763 0.0159066 0.0357961 0.0494024
0 0.3461 0.376951 0.0171895 0.0249419 0.0493014
0 0.952929 0.440995 0.0935673 0.116283 0.0489767
0 0.404631 0.37303 0.0409508 0.0508961 0.0486975
0 0.451226 0.391844 0.0141573 0.019588 0.0480285
0 0.867917 0.461659 0.0975601 0.0808856 0.0476305
0 0.210075 0.361415 0.0212077 0.0224148 0.0475259
0 0.960787 0.511552 0.0770908 0.121284 0.047181
0 0.648763 0.222148 0.0492949 0.0970446 0.0470954
0 0.365243 0.353961 0.0745011 0.0450893 0.0470611
0 0.913721 0.441728 0.17577 0.168503 0.0469078
0 0.0750301 0.357387 0.0128116 0.0227944 0.0457644
0 0.324687 0.362464 0.068418 0.0723195 0.045452
0 0.332072 0.368572 0.0392661 0.0415331 0.0453946
0 0.742037 0.360972 0.100924 0.0663656 0.0453175
0 0.0591718 0.362652 0.0196076 0.0231094 0.0443964
0 0.573133 0.388298 0.0230301 0.0236306 0.0439042
0 0.0666368 0.360327 0.0197597 0.0258124 0.0437003
0 0.0319857 0.241456 0.061891 0.051622 0.0435765
0 0.407218 0.385013 0.0127745 0.0245776 0.0428354
0 0.338836 0.342813 0.0952526 0.0852363 0.0424982
0 0.164523 0.36931 0.0230525 0.0203746 0.0420422
0 0.985074 0.518057 0.0304668 0.110754 0.041984
0 0.306988 0.372784 0.0163827 0.0249974 0.041821
0 0.364528 0.376101 0.0266598 0.0260862 0.0416498
0 0.220095 0.392859 0.0205917 0.0255642 0.0412075
0 0.565221 0.388829 0.0204641 0.0213435 0.0395707
0 0.244513 0.307929 0.0463127 0.0454712 0.0391247
0 0.534999 0.391869 0.0451083 0.0554546 0.0391073
0 0.0426946 0.339504 0.0363802 0.0689981 0.0388922
0 0.0310499 0.281733 0.0593617 0.0891452 0.0385798
0 0.0320137 0.293507 0.0664789 0.14974 0.0382259
0 0.0202797 0.366228 0.0321391 0.0349235 0.0379893
0 0.327021 0.391208 0.0148586 0.0265984 0.0378984
0 0.569608 0.398796 0.0169706 0.0190249 0.0377773
0 0.176817 0.37093 0.0193852 0.0250445 0.0376307
0 0.0723299 0.356754 0.0246181 0.034289 0.0372625
0 0.389598 0.362993 0.0405506 0.037783 0.0372333
0 0.0660096 0.35093 0.0264896 0.0417879 0.0369531
0 0.86427 0.481119 0.114501 0.114457 0.0367636
0 0.272859 0.359827 0.0195253 0.0264182 0.0367563
0 0.0391142 0.368545 0.0174665 0.0201236 0.0365329
0 0.705626 0.399421 0.0928874 0.112981 0.036001
0 0.350846 0.360871 0.0457891 0.0275763 0.0355052
0 0.93758 0.559954 0.12359 0.31329 0.0354064
0 0.399574 0.380608 0.0217796 0.0252557 0.0346563
0 0.0146309 0.358032 0.0240697 0.0311036 0.0345602
0 0.590434 0.399751 0.0186719 0.0211351 0.0344011
0 0.171632 0.353562 0.0346367 0.0434582 0.0342155
0 0.395029 0.34898 0.0656735 0.0862471 0.0341244
0 0.598141 0.403286 0.0241847 0.0293815 0.0341122
0 0.881456 0.452945 0.151344 0.119474 0.0340013
0 0.0563233 0.366096 0.0299931 0.0284481 0.0339026
0 0.0766928 0.36129 0.0163031 0.023764 0.0334694
0 0.366678 0.365188 0.0314174 0.018438 0.0334347
0 0.0344444 0.334027 0.0576314 0.0846409 0.0332948
0 0.719982 0.357523 0.109488 0.0849123 0.0325867
0 0.372504 0.388509 0.0279647 0.0480964 0.0312776
0 0.48729 0.415713 0.0187828 0.0420595 0.0310944
0 0.223792 0.310929 0.0510937 0.0574146 0.0310715
0 0.021341 0.318624 0.0413627 0.11698 0.0310247
0 0.0367537 0.372927 0.0243269 0.0298627 0.0307691
0 0.0319661 0.381121 0.0443033 0.0651675 0.0307363
0 0.0431957 0.328803 0.0693888 0.108159 0.0306385
0 0.188509 0.354504 0.0348899 0.0362818 0.0305817
0 0.0086224 0.244196 0.0182655 0.0388598 0.0304403
0 0.981129 0.436159 0.036112 0.106489 0.029757
0 0.162097 0.354277 0.041867 0.0448484 0.0291189
0 0.385903 0.354423 0.0469795 0.0480498 0.0287338
0 0.523433 0.415352 0.0251654 0.0500857 0.0281314
0 0.260104 0.315057 0.0565593 0.0648532 0.027866
0 0.60135 0.432504 0.100443 0.124642 0.027656
0 0.681161 0.347681 0.0701055 0.0924637 0.0276422
0 0.0145582 0.269563 0.0257137 0.0613754 0.0275285
0 0.553313 0.388925 0.0192435 0.0221905 0.0273975
0 0.142532 0.741552 0.0261553 0.0309655 0.0270469
0 0.0444463 0.376799 0.0269095 0.0361893 0.0269879
0 0.310232 0.33297 0.103275 0.102505 0.0269515
0 0.530638 0.417877 0.0176885 0.0279227 0.0267733
0 0.55236 0.428429 0.0845417 0.108657 0.026652
0 0.719252 0.383977 0.110166 0.100518 0.0264254
0 0.135284 0.352135 0.0998837 0.0605801 0.0257088
0 0.472487 0.383963 0.0278838 0.0319693 0.025651
0 0.272746 0.3084 0.0513013 0.0587801 0.025651
0 0.34429 0.301679 0.0654554 0.0544009 0.0254398
0 0.0348465 0.262846 0.0478691 0.0394084 0.025337
0 0.32811 0.308432 0.0807986 0.0667859 0.0252983
0 0.157192 0.360617 0.0242808 0.0203182 0.0250267
0 0.194587 0.368954 0.0206616 0.0207865 0.0247136
0 0.0909361 0.342711 0.026615 0.0398871 0.0244493
0 0.802105 0.377035 0.236059 0.150876 0.024447
0 0.910613 0.510217 0.13043 0.134781 0.0244364
0 0.109031 0.345429 0.0364993 0.0339051 0.0240549
0 0.264732 0.376645 0.0144773 0.0259983 0.0240306
0 0.772878 0.361168 0.160642 0.0916919 0.0234141
0 0.103964 0.341467 0.0431611 0.0468876 0.0233618
0 0.318956 0.37612 0.016529 0.0325192 0.0232553
0 0.284629 0.302657 0.0582769 0.0538039 0.0232078
0 0.722782 0.413057 0.0867372 0.0875074 0.0232061
0 0.844302 0.471276 0.0987014 0.0840959 0.0230995
0 0.961174 0.41189 0.0775999 0.128188 0.0226559
0 0.890636 0.408972 0.2093 0.210009 0.0226182
0 0.128435 0.344754 0.0764621 0.0492854 0.0224332
0 0.0123936 0.379109 0.021846 0.0741976 0.022412
0 0.958429 0.539539 0.0784815 0.119106 0.022262
0 0.578388 0.468543 0.0755585 0.0961037 0.0218069
0 0.775493 0.382138 0.151371 0.0853806 0.0217414
0 0.979739 0.539506 0.0411549 0.104008 0.0215496
0 0.393849 0.316492 0.0507391 0.063473 0.0213217
0 0.541732 0.388106 0.0200913 0.0230693 0.0212869
0 0.139381 0.371737 0.0597406 0.0356164 0.0212285
0 0.968919 0.562061 0.0593626 0.230585 0.0210969
0 0.394442 0.391764 0.0234166 0.0393254 0.0209413
0 0.0816674 0.359618 0.0154366 0.0194597 0.0209378
0 0.879535 0.499087 0.108282 0.129329 0.0209081
0 0.0334788 0.245078 0.0474199 0.0353666 0.0208444
0 0.366082 0.30612 0.0634992 0.0566645 0.0207786
0 0.61753 0.401363 0.0229673 0.0265774 0.0207357
0 0.446543 0.347351 0.0413639 0.0778862 0.0207113
0 0.327254 0.20003 0.168626 0.265956 0.020637
0 0.38558 0.309694 0.0533404 0.0591191 0.0206251
0 0.889306 0.43211 0.081274 0.0691863 0.0205818
0 0.208216 0.310947 0.0510893 0.0562771 0.0202946
0 0.380262 0.397069 0.0376258 0.0618416 0.0202462
0 0.305814 0.301565 0.0758619 0.05847 0.0201445
0 0.649999 0.239089 0.0365577 0.0639882 0.020017
0 0.597462 0.46177 0.0808372 0.107377 0.0199865
0 0.917627 0.5579 0.144389 0.237303 0.0198357
0 0.0529604 0.368057 0.0168237 0.0197979 0.0195083
0 0.081383 0.337253 0.022783 0.0366205 0.0187695
0 0.749809 0.407941 0.142932 0.124747 0.0187272
0 0.0735065 0.380684 0.0248822 0.0392279 0.0185282
0 0.720372 0.842523 0.0365539 0.0558407 0.0181541
0 0.665716 0.342909 0.0742718 0.0935111 0.0180926
0 0.646234 0.337442 0.0693736 0.0931424 0.0179248
0 0.947898 0.665934 0.10102 0.279328 0.0178674
0 0.459074 0.347464 0.031346 0.0523131 0.017838
0 0.680985 0.354039 0.043495 0.0561676 0.0178351
0 0.279821 0.362073 0.0365712 0.0423873 0.0177438
0 0.70171 0.34423 0.0622499 0.0806789 0.01766
0 0.740246 0.388791 0.104382 0.0729626 0.0176595
0 0.667721 0.242059 0.0891776 0.12428 0.0175157
0 0.676285 0.414896 0.072398 0.0945167 0.017419
0 0.988802 0.541884 0.0218603 0.0818383 0.0174007
0 0.537602 0.470256 0.0403975 0.0785797 0.0172259
0 0.0642173 0.369496 0.0177393 0.0220762 0.0171698
0 0.517801 0.420593 0.0319132 0.0575435 0.0170985
0 0.740655 0.417522 0.0848025 0.0799667 0.016994
0 0.658576 0.223062 0.0735456 0.110557 0.016994
0 0.921171 0.408538 0.0903574 0.101836 0.0168987
0 0.19555 0.29935 0.0376411 0.0419476 0.0168524
0 0.658324 0.424036 0.0877181 0.0940147 0.0167468
0 0.71594 0.813675 0.0347229 0.0607463 0.0166945
0 0.588097 0.502663 0.0405544 0.0341343 0.016607
0 0.359633 0.389264 0.0230206 0.0380902 0.0164792
0 0.132247 0.282853 0.205767 0.219965 0.0164529
0 0.806774 0.471784 0.0944494 0.0845424 0.0164439
0 0.0220752 0.377628 0.0393908 0.0549589 0.0164085
0 0.84219 0.40802 0.139979 0.0868201 0.0163903
0 0.625926 0.420555 0.0614142 0.0680955 0.0163829
0 0.404896 0.309785 0.0369358 0.0448638 0.0163611
0 0.838925 0.448007 0.0847479 0.0729952 0.0163401
0 0.944191 0.550509 0.0734102 0.0921377 0.0163254
0 0.134833 0.331123 0.0713402 0.0534296 0.0163197
0 0.173334 0.82976 0.0302462 0.0532679 0.016306
0 0.15584 0.345788 0.0632682 0.0515003 0.0162837
0 0.16098 0.38556 0.0391934 0.0385675 0.0162496
0 0.15775 0.417225 0.166768 0.177683 0.0162463
