0 0.321767 0.339437 0.122181 0.188704 0.879235
0 0.505916 0.330591 0.113167 0.182791 0.865739
0 0.428994 0.316927 0.0593443 0.09349 0.781642
0 0.33431 0.220903 0.081235 0.116715 0.716185
0 0.388372 0.307016 0.0278563 0.0602799 0.417027
0 0.407895 0.320268 0.0223381 0.0682205 0.23364
0 0.388694 0.321712 0.0313898 0.0789174 0.174458
0 0.216286 0.289524 0.0329258 0.0312999 0.169716
0 0.385997 0.307427 0.0384694 0.0833279 0.164072
0 0.0122661 0.343293 0.0240559 0.0948453 0.156953
0 0.453901 0.268347 0.0322625 0.0317621 0.156183
0 0.392389 0.299025 0.038791 0.0773856 0.150589
0 0.452153 0.286889 0.0327692 0.0511216 0.146429
0 0.109007 0.29459 0.0319673 0.0220474 0.144163
0 0.417491 0.303403 0.042467 0.0785531 0.135211
0 0.448905 0.262228 0.0429441 0.0401566 0.13351
0 0.385686 0.305567 0.0175309 0.0377422 0.131977
0 0.415963 0.28131 0.0289452 0.0500384 0.125572
0 0.456349 0.278646 0.030829 0.0423425 0.122512
0 0.0173986 0.295361 0.0333135 0.0282481 0.121323
0 0.375257 0.30102 0.0351729 0.0765138 0.119179
0 0.404518 0.315063 0.0155807 0.0457401 0.117917
0 0.437494 0.283261 0.0606908 0.0604905 0.114092
0 0.0135645 0.302075 0.0267134 0.0417031 0.108287
0 0.017071 0.349446 0.0341419 0.112404 0.107757
0 0.271271 0.28622 0.0284511 0.0545141 0.106807
0 0.116153 0.293651 0.0195065 0.0222101 0.105441
0 0.387018 0.287247 0.0236492 0.0379826 0.104356
0 0.0312754 0.341481 0.0625508 0.0964957 0.103741
0 0.5625 0.31613 0 0.0275487 0.101769
0 0.134744 0.292773 0.0261318 0.0234936 0.101649
0 0.0315299 0.306286 0.0550712 0.0341426 0.0963215
0 0.41316 0.287303 0.0435397 0.0818774 0.0917204
0 0.452613 0.308535 0.0336438 0.0823193 0.0891978
0 0.400731 0.299007 0.0169115 0.0337882 0.0862838
0 0.5625 0.362398 0 0.174346 0.0858256
0 0.392419 0.296107 0.0173894 0.0353078 0.0844934
0 0.436788 0.321927 0.0407851 0.0792701 0.0843465
0 0.454218 0.260788 0.0295015 0.0233055 0.0842658
0 0.10117 0.295513 0.0512303 0.0273975 0.0838047
0 0.207245 0.291646 0.042681 0.034076 0.0820826
0 0.263374 0.290348 0.0257828 0.0415126 0.080608
0 0.121116 0.288125 0.0427581 0.0370037 0.0804867
0 0.119464 0.28091 0.0554364 0.0501628 0.0804817
0 0.367742 0.303702 0.0398413 0.103597 0.0802643
0 0.474693 0.259968 0.0529762 0.0618564 0.0787403
0 0.0431994 0.306449 0.0346284 0.0206945 0.0783633
0 0.0181263 0.316382 0.0360251 0.0985644 0.0768879
0 0.378916 0.321888 0.0341957 0.0921202 0.0759892
0 0.5625 0.368224 0 0.161609 0.0755358
0 0.725976 0.304225 0.0451359 0.0498695 0.0743104
0 0.283221 0.248724 0.027835 0.059659 0.0740498
0 0.283844 0.236753 0.0246042 0.0918402 0.0737222
0 0.108122 0.283689 0.0395771 0.0437904 0.0737156
0 0.0566185 0.303142 0.0198393 0.0187008 0.0731564
0 0.356823 0.301647 0.0562096 0.119462 0.0730684
0 0.921124 0.419283 0.157945 0.283909 0.0707486
0 0.519082 0.243793 0.0289118 0.0210071 0.0703426
0 0.0362417 0.327821 0.0535436 0.0561373 0.069777
0 0.465718 0.312388 0.0405492 0.0962156 0.069324
0 0.131008 0.351218 0.17627 0.109557 0.0689043
0 0.0346358 0.297813 0.0527346 0.0334387 0.0685941
0 0.0458627 0.300011 0.0284402 0.0218676 0.0685642
0 0.38102 0.2708 0.0150721 0.0296719 0.0685505
0 0.0127567 0.291747 0.0235809 0.0310856 0.0674397
0 0.268296 0.229083 0.0610217 0.150447 0.0667665
0 0.131164 0.280265 0.0376085 0.0464215 0.0665242
0 0.223285 0.333945 0.0709493 0.102771 0.0664446
0 0.0836784 0.292121 0.063036 0.0349318 0.0662233
0 0.120868 0.291318 0.0215614 0.0244765 0.0650524
0 0.216362 0.282785 0.0390644 0.0439394 0.0648578
0 0.92172 0.263199 0.154721 0.498166 0.0641677
0 0.430983 0.282956 0.0203094 0.0263528 0.0641145
0 0.390788 0.314538 0.0194287 0.04617 0.0639774
0 0.226556 0.285743 0.0507202 0.0443039 0.0635502
0 0.962459 0.325164 0.0773386 0.0933576 0.0634817
0 0.39592 0.284766 0.0236974 0.0459067 0.0628925
0 0.215159 0.303692 0.0394558 0.0503033 0.0628015
0 0.0302168 0.356407 0.0598121 0.154172 0.0625604
0 0.192335 0.288391 0.0827427 0.0725455 0.0619336
0 0.974975 0.37577 0.0511396 0.1583 0.0619002
0 0.152186 0.286849 0.045971 0.0368181 0.0615494
0 0.378295 0.235669 0.0189778 0.100165 0.0614147
0 0.90935 0.323914 0.190664 0.190778 0.061304
0 0.735711 0.2993 0.0481765 0.0552739 0.0607239
0 0.136012 0.296294 0.0199825 0.0206184 0.0606979
0 0.112417 0.289937 0.0261483 0.0251009 0.0605721
0 0.469744 0.321434 0.0544659 0.137133 0.0600477
0 0.338624 0.305519 0.0915768 0.125154 0.0593297
0 0.478674 0.246861 0.0537145 0.0413142 0.0590098
0 0.0179973 0.380825 0.0360343 0.205226 0.0589515
0 0.832017 0.307946 0.0423302 0.0493126 0.058698
0 0.470873 0.283492 0.0462754 0.0613839 0.0584679
0 0.40774 0.272491 0.0196803 0.0263265 0.0582524
0 0.0204383 0.287113 0.0330911 0.0404736 0.0581226
0 0.350326 0.281377 0.0657377 0.118217 0.0577733
0 0.04215 0.276389 0.0454072 0.0655804 0.0577638
0 0.0130523 0.300865 0.0273205 0.0717641 0.0576071
0 0.488659 0.24538 0.043203 0.0352978 0.0575891
0 0.985455 0.379943 0.0291996 0.142661 0.0569376
0 0.208735 0.289723 0.0267237 0.0262309 0.0560992
0 0.211247 0.318252 0.0504023 0.0752405 0.0560424
0 0.410496 0.28286 0.0219834 0.0363854 0.054749
0 0.940934 0.148971 0.114552 0.301015 0.0545318
0 0.258969 0.284356 0.0339201 0.0570187 0.0540537
0 0.394278 0.309124 0.0154212 0.0447993 0.0540398
0 0.380472 0.315419 0.0148437 0.033286 0.0539511
0 0.489771 0.267204 0.0593412 0.0633546 0.0534782
0 0.84241 0.330046 0.064151 0.0980234 0.0534582
0 0.161326 0.282449 0.0543281 0.0451998 0.052698
0 0.0853503 0.286906 0.0842011 0.072855 0.0523998
0 0.981532 0.332458 0.0374479 0.0808604 0.0523558
0 0.819499 0.707224 0.0182024 0.0336 0.0517448
0 0.707932 0.307878 0.0712242 0.0501498 0.0515977
0 0.39061 0.267899 0.0155523 0.0268643 0.0515524
0 0.11613 0.357735 0.211672 0.18209 0.0515449
0 0.151347 0.279165 0.0631874 0.0560803 0.0501352
0 0.0825563 0.298846 0.0562182 0.0284156 0.0499462
0 0.624535 0.291122 0.0511727 0.0525856 0.0495936
0 0.258095 0.27787 0.045701 0.0707664 0.0489052
0 0.335931 0.201424 0.0753824 0.0703757 0.0487264
0 0.342468 0.24371 0.0647612 0.085745 0.0487161
0 0.746235 0.299058 0.0767682 0.0586381 0.0484002
0 0.827755 0.20067 0.29388 0.385492 0.0478578
0 0.432282 0.31698 0.0772289 0.126144 0.0478557
0 0.322401 0.209908 0.0527172 0.0812299 0.047801
0 0.831819 0.297852 0.0352259 0.0399989 0.0476752
0 0.222425 0.2996 0.0217135 0.0322941 0.0474519
0 0.0375471 0.291454 0.0653715 0.110295 0.0472595
0 0.528343 0.304813 0.079489 0.12209 0.0470941
0 0.380821 0.31516 0.0168437 0.0511588 0.0467114
0 0.178589 0.280586 0.0884171 0.0537762 0.0462571
0 0.0667673 0.289503 0.0400334 0.0324502 0.0461266
0 0.397889 0.272978 0.0173697 0.0325536 0.0458106
0 0.940575 0.303051 0.117662 0.0925058 0.045689
0 0.435973 0.270702 0.0207327 0.0252588 0.0456797
0 0.328903 0.272366 0.102269 0.0741543 0.0455902
0 0.193473 0.284799 0.0702799 0.0422182 0.0455652
0 0.931227 0.343908 0.118568 0.118955 0.0453728
0 0.652544 0.289379 0.0405004 0.0549959 0.0451944
0 0.274505 0.272879 0.0216691 0.0536399 0.0449024
0 0.78307 0.293693 0.0548565 0.050938 0.0448153
0 0.744623 0.280047 0.115135 0.156474 0.0446506
0 0.515792 0.259775 0.0466995 0.0462537 0.0445683
0 0.402086 0.316907 0.0142764 0.034602 0.0438717
0 0.450152 0.328616 0.014158 0.0363011 0.0435573
0 0.939992 0.282721 0.134388 0.0812942 0.0433585
0 0.660068 0.31151 0.0302904 0.0289133 0.0432701
0 0.353374 0.214618 0.0516583 0.0934263 0.0431882
0 0.0359642 0.40294 0.0700212 0.196306 0.0426392
0 0.401635 0.275734 0.0207414 0.0439845 0.0425847
0 0.124481 0.191178 0.246829 0.414159 0.0424847
0 0.610349 0.290496 0.0323727 0.0499036 0.0422561
0 0.415503 0.265528 0.0255081 0.0469484 0.0421063
0 0.0781323 0.35046 0.0958493 0.11732 0.0417637
0 0.640729 0.291014 0.0618901 0.0563112 0.0416914
0 0.506708 0.279676 0.0810425 0.0830789 0.041305
0 0.483526 0.235779 0.0493791 0.0492813 0.0411292
0 0.773673 0.276594 0.13175 0.159753 0.0411151
0 0.657144 0.305113 0.0315723 0.0339013 0.0405413
0 0.397627 0.234232 0.0241004 0.0678271 0.0405205
0 0.360629 0.227217 0.0444524 0.10911 0.0403393
0 0.455707 0.327628 0.0143649 0.063115 0.0403242
0 0.899996 0.353247 0.0857212 0.136412 0.0402803
0 0.706731 0.285885 0.0967597 0.0954842 0.0400811
0 0.69249 0.309302 0.0518158 0.0437141 0.0399329
0 0.984168 0.412531 0.0329058 0.158024 0.0398271
0 0.053767 0.347251 0.0741544 0.100776 0.0397782
0 0.938792 0.30037 0.118612 0.17336 0.0395244
0 0.289233 0.223651 0.0329315 0.095905 0.0394669
0 0.401689 0.228878 0.0369948 0.0918755 0.0388733
0 0.424759 0.260063 0.0338411 0.0499713 0.0388624
0 0.845782 0.310019 0.0642941 0.055447 0.0385212
0 0.375499 0.26036 0.022633 0.0656711 0.0383771
0 0.0558273 0.26735 0.0840111 0.0928528 0.0381715
0 0.423913 0.314286 0.0157929 0.0312609 0.0380867
0 0.899779 0.322983 0.0762012 0.0700803 0.0380084
0 0.451401 0.319975 0.0155558 0.0748141 0.0379404
0 0.0629082 0.287682 0.0632185 0.0502636 0.0371925
0 0.810353 0.295813 0.0688732 0.0659509 0.0370811
0 0.563927 0.303891 0.0337799 0.0784006 0.0369593
0 0.888707 0.322577 0.132685 0.114428 0.0367669
0 0.269473 0.187217 0.0570485 0.0917908 0.0365355
0 0.770378 0.202644 0.188277 0.313883 0.0363449
0 0.235938 0.291034 0.0479378 0.0504845 0.0356053
0 0.0272246 0.224692 0.059234 0.32436 0.0353991
0 0.687912 0.299151 0.0628145 0.0598155 0.0353654
0 0.927063 0.26726 0.0742807 0.0465311 0.0351787
0 0.0352777 0.255657 0.0596913 0.11825 0.0350275
0 0.581987 0.312725 0.0344604 0.0599433 0.0347643
0 0.883503 0.3431 0.0763226 0.113164 0.0346945
0 0.225114 0.305866 0.0269376 0.0370898 0.0345782
0 0.944233 0.270591 0.11201 0.0584859 0.0344922
0 0.40335 0.328173 0.0157292 0.0542953 0.0341982
0 0.207058 0.311261 0.0331213 0.0389728 0.034126
0 0.856857 0.338023 0.0933821 0.117624 0.0340541
0 0.145027 0.29456 0.0328383 0.0267974 0.0337742
0 0.829163 0.323715 0.0419512 0.0864177 0.0337013
0 0.271956 0.256454 0.0348681 0.109281 0.0333714
0 0.875552 0.326169 0.0763962 0.0775213 0.0331469
0 0.972555 0.295757 0.0564077 0.0679439 0.0331286
0 0.90787 0.312632 0.0764313 0.0572045 0.0330649
0 0.818833 0.283852 0.0602617 0.0585851 0.0330633
0 0.310269 0.2668 0.0646728 0.0586419 0.0330489
0 0.756818 0.224373 0.121042 0.221196 0.0324321
0 0.829436 0.278154 0.0418999 0.0475767 0.0323548
0 0.305767 0.32264 0.0881761 0.1485 0.0321706
0 0.0680004 0.418176 0.136941 0.17678 0.031977
0 0.934797 0.368803 0.0921064 0.13218 0.0318741
0 0.499762 0.211248 0.109355 0.187896 0.0316662
0 0.969576 0.150562 0.0593101 0.234817 0.0316539
0 0.474748 0.21008 0.0626849 0.0966307 0.0315673
0 0.163026 0.271535 0.0680381 0.0732162 0.0314366
0 0.655179 0.267698 0.0345274 0.0709538 0.0314063
0 0.143711 0.281978 0.0378748 0.0442387 0.0313522
0 0.871191 0.340809 0.133796 0.164024 0.0313319
0 0.919376 0.282203 0.0951689 0.0668876 0.0312712
0 0.448962 0.337879 0.0117932 0.0499483 0.0312506
0 0.508554 0.239036 0.0415332 0.0278336 0.0312026
0 0.202545 0.296963 0.0548166 0.0448905 0.0311723
0 0.73991 0.263449 0.0443956 0.117819 0.0311338
0 0.719453 0.328547 0.0527944 0.0502318 0.0311022
0 0.489312 0.327717 0.0749863 0.134972 0.0310464
0 0.369776 0.231245 0.0354765 0.1103 0.0309382
0 0.244698 0.242689 0.0807432 0.144234 0.0304867
0 0.115423 0.243933 0.0614884 0.118677 0.0304796
0 0.0997371 0.342017 0.0810811 0.098564 0.0304144
0 0.0618069 0.32644 0.0442507 0.0519726 0.030405
0 0.410562 0.23192 0.053264 0.110089 0.030068
0 0.284815 0.263937 0.0273351 0.0489026 0.030043
0 0.0143384 0.259899 0.0292638 0.128206 0.0300341
0 0.585724 0.322779 0.0326077 0.0456352 0.0300211
0 0.795847 0.289643 0.0513527 0.0555461 0.0299723
0 0.369219 0.328318 0.0297653 0.0888067 0.0298666
0 0.820522 0.333182 0.0547903 0.0804931 0.0297504
0 0.30579 0.207405 0.0566903 0.0837124 0.0295739
0 0.213014 0.248597 0.0708736 0.146869 0.0295615
0 0.59097 0.308159 0.0280937 0.0541982 0.0293541
0 0.886198 0.263774 0.184322 0.257013 0.0291179
0 0.270371 0.281057 0.0201132 0.0397821 0.0290105
0 0.397588 0.216391 0.0211519 0.0428426 0.0289051
0 0.572465 0.303381 0.0375426 0.0724773 0.0288811
0 0.402537 0.204984 0.0311872 0.0580513 0.0287688
0 0.751355 0.348267 0.156012 0.192895 0.028648
0 0.443371 0.232432 0.0502187 0.0799591 0.0286232
0 0.263397 0.297008 0.0205066 0.0367548 0.0284913
0 0.261756 0.261891 0.0399315 0.108967 0.0284297
0 0.196292 0.338895 0.103582 0.109476 0.0283224
0 0.201889 0.26761 0.0482402 0.0600418 0.0283136
0 0.529972 0.266362 0.0556397 0.0543384 0.0281171
0 0.275659 0.181725 0.0380852 0.0762882 0.0281073
0 0.694441 0.271458 0.0774654 0.105996 0.0278462
0 0.40722 0.326244 0.014453 0.0317054 0.0276053
0 0.424766 0.230881 0.0608613 0.107631 0.0275964
0 0.983091 0.163316 0.0348591 0.167713 0.0275776
0 0.227255 0.279309 0.0297772 0.0523787 0.0272901
0 0.974261 0.198105 0.0488621 0.179875 0.0269433
0 0.739215 0.232847 0.0318197 0.103731 0.0267945
0 0.984587 0.194859 0.0329275 0.0922139 0.0265571
0 0.992311 0.449321 0.0145594 0.118876 0.0265273
0 0.994456 0.468736 0.0106573 0.0806526 0.0265178
0 0.148556 0.302337 0.0266923 0.0246575 0.0264353
0 0.173605 0.3492 0.114867 0.109732 0.0263399
0 0.318041 0.167149 0.038187 0.0379511 0.0262686
0 0.650447 0.145576 0.0276833 0.0336207 0.0260427
0 0.638834 0.291731 0.0946498 0.114135 0.0260213
0 0.239201 0.308329 0.0337959 0.0508899 0.0259555
0 0.0425997 0.361758 0.0696045 0.131126 0.0258906
0 0.0702223 0.275455 0.0665813 0.0553726 0.0258427
0 0.0873059 0.322961 0.0676421 0.0586939 0.0257005
0 0.206817 0.217458 0.0870112 0.196265 0.0256298
0 0.891371 0.205198 0.199437 0.441653 0.0254844
0 0.759558 0.321197 0.0905641 0.0634562 0.0254809
0 0.273396 0.696441 0.017707 0.0467643 0.0253566
0 0.602798 0.293452 0.0252945 0.0521007 0.0253327
0 0.241651 0.225448 0.11114 0.202661 0.025258
0 0.314665 0.253563 0.0821961 0.07024 0.0250902
0 0.906519 0.214914 0.181182 0.305474 0.0249834
0 0.544396 0.314802 0.0495586 0.102294 0.0249411
0 0.173184 0.292072 0.0689166 0.0447327 0.0248777
0 0.263468 0.320897 0.0384105 0.0918249 0.0246526
0 0.272336 0.295579 0.0222422 0.0519945 0.0244433
0 0.6146 0.231558 0.0576077 0.0966875 0.0244071
0 0.0900335 0.249917 0.0547716 0.0939363 0.0244039
0 0.58899 0.0641354 0.0588474 0.0787939 0.0243791
0 0.557692 0.296617 0.0324973 0.0761755 0.024367
0 0.580073 0.346228 0.0356515 0.0745605 0.0243166
0 0.0235596 0.250936 0.0452848 0.129483 0.0242883
0 0.973927 0.263217 0.0521492 0.0667669 0.0242834
0 0.320447 0.371103 0.10325 0.11813 0.024249
0 0.593048 0.292202 0.037432 0.0674741 0.0240843
0 0.497242 0.224378 0.0690396 0.0610194 0.0240766
0 0.557968 0.28039 0.0468683 0.0796909 0.0239237
0 0.508469 0.369326 0.107433 0.101345 0.0237615
0 0.392314 0.192615 0.0169027 0.0303502 0.0236562
0 0.754559 0.331218 0.115629 0.0810614 0.0234435
0 0.686272 0.31656 0.0378585 0.0391998 0.0233525
0 0.899251 0.29232 0.10586 0.066721 0.0233308
0 0.376285 0.343703 0.0225681 0.0822627 0.0231597
0 0.725349 0.953199 0.0578719 0.0858254 0.0231549
