0 0.55651 0.478957 0.0119799 0.0918859 0.90977
0 0.248033 0.490815 0.0722816 0.0829948 0.904214
0 0.395615 0.541933 0.178819 0.256844 0.898758
0 0.5625 0.516717 0 0.172474 0.867254
0 0.122996 0.508019 0.107576 0.105102 0.856706
0 0.522734 0.472212 0.0322938 0.0422705 0.812146
0 0.317377 0.471845 0.0260876 0.0394456 0.667822
0 0.493637 0.46168 0.018361 0.0354693 0.616723
0 0.503209 0.462929 0.0226227 0.0403061 0.522047
0 0.472703 0.460999 0.0185275 0.0292659 0.513706
0 0.29294 0.48103 0.0268491 0.0383659 0.4922
0 0.485015 0.459443 0.0212329 0.034909 0.360164
0 0.0388817 0.521291 0.0777635 0.109282 0.336948
0 0.00837039 0.543311 0.0166622 0.142339 0.318882
0 0.489827 0.461546 0.0146257 0.0309805 0.261971
0 0.481524 0.461421 0.0166919 0.0289765 0.261231
0 0.5625 0.477712 0 0.0352804 0.259748
0 0.476795 0.461554 0.0154066 0.0258965 0.258629
0 0.0222527 0.52375 0.0445054 0.11382 0.252665
0 0.465602 0.460212 0.0181688 0.0289365 0.249405
0 0.288493 0.475339 0.034689 0.0499036 0.247685
0 0.5625 0.472997 0 0.0472564 0.22999
0 0.473428 0.464465 0.0133039 0.0241232 0.216017
0 0.468548 0.46407 0.0185138 0.0308859 0.212884
0 0.0562986 0.517564 0.0601773 0.0925511 0.208048
0 0.496731 0.465264 0.0141497 0.0277572 0.205357
0 0.487304 0.466161 0.0129476 0.0238108 0.19812
0 0.468275 0.463276 0.0136766 0.0243286 0.196657
0 0.328988 0.463144 0.0126971 0.023772 0.187044
0 0.511933 0.469917 0.0213235 0.0319842 0.176693
0 0.326682 0.465344 0.0132408 0.0257401 0.175686
0 0.466846 0.458222 0.0125468 0.020737 0.175141
0 0.461553 0.460129 0.0119303 0.0226233 0.17353
0 0.330925 0.458425 0.013539 0.0285381 0.16939
0 0.32172 0.467988 0.0182059 0.0287452 0.162335
0 0.503602 0.467022 0.0159438 0.0331964 0.155962
0 0.315746 0.47496 0.0185643 0.0317052 0.139912
0 0.303139 0.47284 0.0201481 0.0357327 0.139449
0 0.296506 0.477877 0.0186676 0.0327855 0.139166
0 0.0127209 0.515686 0.0254418 0.10527 0.119844
0 0.0813482 0.515748 0.0761904 0.0953543 0.119807
0 0.184996 0.489554 0.0360894 0.052824 0.115892
0 0.142608 0.504208 0.0686888 0.0951864 0.114576
0 0.304999 0.48122 0.0176437 0.0305122 0.114469
0 0.5625 0.463349 0 0.0699713 0.114193
0 0.5625 0.478525 0 0.027855 0.113723
0 0.465763 0.458376 0.0248164 0.0405419 0.107015
0 0.5625 0.472295 0 0.0531572 0.103942
0 0.462224 0.476695 0.0146127 0.0271027 0.0990595
0 0.461916 0.454022 0.0124952 0.0207279 0.0954784
0 0.554933 0.463165 0.0287895 0.0519115 0.0950324
0 0.00587321 0.566415 0.0118944 0.126261 0.0945876
0 0.0994756 0.514557 0.0647264 0.0955233 0.0940237
0 0.328167 0.453854 0.0196026 0.0301899 0.0938071
0 0.320051 0.478356 0.0140682 0.0225176 0.0931488
0 0.154271 0.498777 0.0499065 0.0857948 0.091449
0 0.687917 0.475005 0.0674283 0.0674575 0.0886081
0 0.559765 0.470819 0.0262634 0.0616932 0.087876
0 0.544261 0.467583 0.0133383 0.0287526 0.0862997
0 0.523609 0.467845 0.014756 0.0280225 0.0849904
0 0.292897 0.481439 0.0174744 0.030143 0.0843919
0 0.660784 0.47889 0.0157234 0.0269621 0.080924
0 0.216459 0.479156 0.0365669 0.061317 0.0781715
0 0.0432759 0.544985 0.0798244 0.184216 0.0747004
0 0.486507 0.460247 0.012422 0.0247484 0.0734681
0 0.685933 0.492124 0.0395484 0.0663327 0.0724054
0 0.0510301 0.495016 0.0973066 0.170592 0.0721232
0 0.342486 0.429534 0.0311315 0.0436936 0.0709815
0 0.270695 0.457804 0.0742312 0.0879501 0.0701379
0 0.687802 0.50227 0.0456821 0.111317 0.0679075
0 0.336779 0.441128 0.0231239 0.0338287 0.0676021
0 0.320116 0.480075 0.0223477 0.0496128 0.0667054
0 0.673318 0.486451 0.0221631 0.0380042 0.0657436
0 0.455668 0.457139 0.0144711 0.0177113 0.0654197
0 0.0236904 0.563892 0.0482269 0.211113 0.0654121
0 0.666445 0.495395 0.0406487 0.0762629 0.0636868
0 0.474297 0.471144 0.0136588 0.028392 0.0630422
0 0.332909 0.455371 0.0137205 0.0221219 0.0616043
0 0.843945 0.517038 0.0958435 0.125021 0.0615928
0 0.520439 0.472483 0.022132 0.0323559 0.0613753
0 0.709265 0.506668 0.0876328 0.137644 0.0613679
0 0.506407 0.454097 0.0211177 0.025955 0.0606614
0 0.275151 0.469179 0.0561313 0.0645088 0.0596914
0 0.230874 0.473864 0.0592844 0.0826662 0.0577262
0 0.34971 0.422065 0.0307057 0.0382245 0.0544319
0 0.00982097 0.574106 0.0206399 0.1789 0.053219
0 0.981278 0.548078 0.0391254 0.199495 0.0529774
0 0.183077 0.478875 0.0510923 0.068625 0.0524827
0 0.472993 0.480086 0.0161606 0.0326278 0.051955
0 0.947955 0.502705 0.100646 0.119693 0.0513941
0 0.342001 0.452078 0.0134871 0.0185825 0.0500413
0 0.547616 0.463489 0.0224443 0.0449531 0.0497711
0 0.332891 0.504867 0.0516849 0.103141 0.0496103
0 0.989113 0.509365 0.0220045 0.114733 0.0495898
0 0.461379 0.445755 0.0140724 0.0224314 0.0491036
0 0.299506 0.49836 0.0166913 0.0388702 0.0490394
0 0.197905 0.489043 0.0480979 0.0649281 0.0490064
0 0.313237 0.479205 0.0147816 0.0233195 0.0488646
0 0.343762 0.456615 0.0277168 0.0469548 0.0486067
0 0.981765 0.507201 0.037723 0.116613 0.0479392
0 0.932747 0.533707 0.130837 0.200944 0.0475739
0 0.465389 0.475445 0.0187049 0.0329227 0.0471252
0 0.866984 0.528743 0.0481304 0.0771125 0.0464897
0 0.062568 0.558313 0.101065 0.196487 0.0461076
0 0.455898 0.455047 0.0257175 0.0340034 0.0456968
0 0.434443 0.44658 0.0318062 0.0306542 0.0456953
0 0.318072 0.446824 0.0208085 0.0236604 0.0453636
0 0.988898 0.543728 0.022794 0.17157 0.0448252
0 0.449157 0.451438 0.0345508 0.0404001 0.0446711
0 0.346999 0.441314 0.0429111 0.0541327 0.0445494
0 0.474082 0.486426 0.0226251 0.0533255 0.0444197
0 0.554762 0.476517 0.0133122 0.0352296 0.0434858
0 0.283806 0.478608 0.0165457 0.0360847 0.0433136
0 0.40416 0.436979 0.114525 0.0483461 0.0432248
0 0.654999 0.490784 0.0321445 0.0582272 0.0428661
0 0.179732 0.497756 0.0375568 0.0632089 0.0423168
0 0.0189758 0.489878 0.0350677 0.184281 0.0420644
0 0.443539 0.479102 0.0668478 0.0914658 0.0419151
0 0.972652 0.498612 0.054369 0.120084 0.041828
0 0.518738 0.440037 0.0137777 0.0262356 0.0417667
0 0.98589 0.585744 0.0283419 0.165031 0.0415217
0 0.962758 0.547593 0.0712345 0.18553 0.0414801
0 0.485997 0.473446 0.01525 0.0263052 0.0399442
0 0.646928 0.47587 0.0350284 0.0468302 0.0396243
0 0.705574 0.45873 0.0797344 0.0690011 0.0389217
0 0.361321 0.422959 0.0590837 0.0490799 0.0384886
0 0.933076 0.485297 0.1313 0.156482 0.0383612
0 0.423431 0.459644 0.104646 0.0820385 0.0382633
0 0.398083 0.424468 0.0932584 0.0276783 0.0379721
0 0.380303 0.795787 0.0301229 0.0518923 0.0370778
0 0.990414 0.589851 0.0189039 0.143039 0.0367664
0 0.984414 0.488811 0.0301668 0.110229 0.0365079
0 0.718051 0.476519 0.0669587 0.0767704 0.0364012
0 0.0347204 0.48889 0.0671093 0.124969 0.0357997
0 0.566732 0.477869 0.0297157 0.0661542 0.035477
0 0.292133 0.44959 0.0294264 0.0303078 0.0353995
0 0.0613211 0.485982 0.0918093 0.124314 0.0353532
0 0.409658 0.419381 0.0690587 0.0313195 0.0350668
0 0.727248 0.449029 0.0836214 0.0683855 0.0346739
0 0.617695 0.332716 0.0190887 0.0299985 0.034595
0 0.422316 0.415445 0.0241142 0.0167425 0.0342689
0 0.249094 0.472672 0.0797888 0.0746696 0.0340615
0 0.384171 0.447188 0.0819642 0.064066 0.0337698
0 0.423 0.445156 0.0685333 0.0556956 0.0337458
0 0.627098 0.469792 0.0222724 0.041636 0.0335505
0 0.447534 0.476295 0.0488868 0.0557667 0.0335078
0 0.727049 0.463663 0.0552456 0.0571584 0.0334475
0 0.912511 0.462892 0.178115 0.19934 0.0333798
0 0.553346 0.46132 0.019656 0.0323286 0.0331036
0 0.399626 0.445527 0.132314 0.0709713 0.0331009
0 0.218478 0.487557 0.0187428 0.039406 0.0328495
0 0.284878 0.451432 0.0310928 0.0318752 0.0323013
0 0.0120264 0.486974 0.0196481 0.0463392 0.0320285
0 0.356223 0.414084 0.0433671 0.0343471 0.0318176
0 0.860507 0.524931 0.0653896 0.100406 0.031468
0 0.976815 0.58351 0.0461655 0.163615 0.0314106
0 0.153969 0.508274 0.0372556 0.0663876 0.0309597
0 0.642322 0.483515 0.038068 0.0514225 0.030806
0 0.0573668 0.446193 0.109601 0.280695 0.0307743
0 0.766026 0.706402 0.133879 0.19397 0.0300738
0 0.363695 0.434288 0.0611374 0.0458711 0.0297512
0 0.286064 0.514508 0.0204649 0.041556 0.0295596
0 0.274292 0.44641 0.0532545 0.050994 0.0294048
0 0.928182 0.600308 0.141865 0.271227 0.0293589
0 0.890597 0.618305 0.193875 0.312648 0.029301
0 0.0047909 0.590219 0.0101457 0.116028 0.0291896
0 0.404916 0.404049 0.0530461 0.0283908 0.0283539
0 0.542483 0.449269 0.0174604 0.0272543 0.0281127
0 0.619244 0.369758 0.0201158 0.041924 0.0278955
0 0.221771 0.491543 0.0179438 0.0304805 0.0278882
0 0.388875 0.40878 0.0712691 0.0387639 0.02757
0 0.1801 0.503275 0.0220442 0.035994 0.0275632
0 0.908175 0.523615 0.104362 0.150159 0.0271942
0 0.981783 0.460078 0.0375795 0.149342 0.0269398
0 0.0166203 0.489251 0.0325781 0.0710789 0.0269193
0 0.734978 0.451559 0.0434646 0.0402377 0.0269006
0 0.362638 0.446738 0.0717889 0.058926 0.0261913
0 0.945054 0.564414 0.105887 0.171548 0.02576
0 0.560684 0.456857 0.036018 0.0490054 0.0254581
0 0.925387 0.496874 0.100511 0.106951 0.0251907
0 0.45341 0.424827 0.0115977 0.0167871 0.0249279
0 0.378764 0.662499 0.105398 0.159493 0.024705
0 0.988519 0.462652 0.0229702 0.119383 0.024591
0 0.369073 0.603367 0.108749 0.122902 0.0242641
0 0.258646 0.458226 0.0321208 0.0418603 0.0241825
0 0.363105 0.430977 0.0170157 0.0268335 0.0240909
0 0.7396 0.328644 0.0463736 0.0572879 0.0239946
0 0.636027 0.49191 0.024947 0.0406837 0.0238734
0 0.981611 0.620586 0.0359346 0.16683 0.0234772
0 0.0328521 0.5735 0.0559965 0.272472 0.023361
0 0.635561 0.447037 0.021534 0.0471068 0.0232398
0 0.315228 0.507742 0.0160734 0.0336476 0.0229394
0 0.727638 0.519725 0.115189 0.150216 0.0229222
0 0.416948 0.793284 0.0169765 0.0284117 0.0228705
0 0.110012 0.493143 0.0964712 0.0748369 0.0228423
0 0.0274451 0.454997 0.056901 0.141573 0.0227586
0 0.439513 0.511549 0.0851115 0.113742 0.0227299
0 0.907504 0.680202 0.187353 0.357702 0.022583
0 0.169961 0.487384 0.0230204 0.0434594 0.0224168
0 0.808857 0.582197 0.177787 0.201656 0.0223937
0 0.347717 0.59743 0.0819521 0.139046 0.0221754
0 0.583229 0.452937 0.0209803 0.0371493 0.0221699
0 0.428586 0.488125 0.0797119 0.0994362 0.0221191
0 0.181396 0.488134 0.0260414 0.0432818 0.0219218
0 0.933766 0.441069 0.127135 0.194382 0.0218198
0 0.812408 0.519385 0.112561 0.120744 0.0217537
0 0.129904 0.644687 0.0546981 0.0754562 0.0217241
0 0.87407 0.512467 0.0528204 0.0787517 0.0216329
0 0.464462 0.425435 0.0124998 0.0176732 0.0214992
0 0.700655 0.449239 0.0478251 0.0639109 0.0214116
0 0.327519 0.680414 0.101611 0.178569 0.0213174
0 0.167544 0.464331 0.071941 0.11438 0.0212145
0 0.445673 0.53199 0.0574073 0.139996 0.0208563
0 0.97437 0.437983 0.049564 0.126463 0.020747
0 0.62405 0.383855 0.0289843 0.0523088 0.0207303
0 0.476164 0.36553 0.022071 0.0309991 0.0206824
0 0.89551 0.495776 0.0734674 0.0998074 0.0206766
0 0.678749 0.517017 0.0311269 0.0539833 0.0206494
0 0.182898 0.454253 0.0747755 0.112405 0.0205956
0 0.375213 0.462761 0.106417 0.0922724 0.0204777
0 0.290677 0.3875 0.034974 0.0404794 0.0204071
0 0.960591 0.463447 0.071752 0.137295 0.0203589
0 0.0917766 0.613306 0.105913 0.167804 0.0203084
0 0.154155 0.464508 0.0285389 0.0382319 0.0202897
0 0.827144 0.543719 0.0812646 0.0850668 0.0202846
0 0.591313 0.258344 0.0182276 0.0321524 0.0202507
0 0.75328 0.461126 0.0958375 0.0589333 0.0202427
0 0.295525 0.487102 0.0160671 0.0255525 0.0201819
0 0.784212 0.334778 0.0312404 0.0429463 0.0201047
0 0.209906 0.488661 0.0208819 0.0393939 0.0200971
0 0.869511 0.492149 0.087636 0.121163 0.0200402
0 0.54786 0.133807 0.0243507 0.0405905 0.0200052
0 0.573573 0.487645 0.021122 0.0368664 0.0199826
0 0.63151 0.456954 0.0248734 0.0448612 0.0199384
0 0.749577 0.478444 0.111312 0.0904495 0.0195614
0 0.620765 0.391437 0.021275 0.0378543 0.0194747
0 0.206818 0.454365 0.0528979 0.0963787 0.0194361
0 0.133179 0.579024 0.0717984 0.104597 0.019341
0 0.601646 0.339034 0.0367577 0.062495 0.0191593
0 0.788779 0.499234 0.0762825 0.0989719 0.0190263
0 0.475343 0.422349 0.0127723 0.017838 0.0189415
0 0.263401 0.442223 0.0431269 0.0370182 0.0189335
0 0.326399 0.530133 0.0377869 0.0945669 0.0189245
0 0.854439 0.479573 0.0726099 0.0837982 0.0188435
0 0.772491 0.477739 0.101184 0.0811507 0.0188056
0 0.34946 0.465372 0.034242 0.0419852 0.0187787
0 0.779195 0.320093 0.0300479 0.0481797 0.0186459
0 0.830281 0.718952 0.174401 0.242505 0.0182764
0 0.535189 0.674345 0.0420249 0.0513937 0.0182462
0 0.440002 0.548173 0.0826979 0.145332 0.0182395
0 0.959947 0.586819 0.0703777 0.138988 0.0182289
0 0.682314 0.508672 0.0339853 0.0830349 0.0181564
0 0.173752 0.500669 0.0160062 0.0378537 0.0180739
0 0.444273 0.38189 0.015071 0.0217528 0.0179615
0 0.217346 0.456628 0.0413608 0.0779682 0.0179585
0 0.550143 0.39332 0.0329032 0.0532939 0.0177459
0 0.156046 0.58169 0.0516724 0.0862757 0.0177033
0 0.245374 0.449416 0.036594 0.032756 0.0176706
0 0.26748 0.498371 0.033664 0.0494158 0.0175901
0 0.756003 0.327843 0.0735022 0.0694468 0.0175503
0 0.594576 0.324988 0.026547 0.0400449 0.0174789
0 0.240653 0.43264 0.0255182 0.0244329 0.017448
0 0.414738 0.660631 0.0838939 0.113174 0.0173121
0 0.469907 0.332718 0.0218031 0.0334179 0.0172917
0 0.485546 0.412344 0.016733 0.0217165 0.0172741
0 0.989063 0.64214 0.0223289 0.15397 0.0172444
0 0.817518 0.492525 0.117634 0.103098 0.0172286
0 0.252011 0.24056 0.0273558 0.0394886 0.0170761
0 0.454503 0.38104 0.0167294 0.0247786 0.0170594
0 0.616468 0.509217 0.0413793 0.0789631 0.0170359
0 0.175729 0.568209 0.0361865 0.0626566 0.0169398
0 0.0988936 0.572141 0.115752 0.166391 0.0169392
0 0.45216 0.605922 0.0479573 0.0893045 0.0169066
0 0.43512 0.407245 0.0171256 0.0175395 0.0168386
0 0.743265 0.419042 0.107383 0.109106 0.0168357
0 0.448945 0.419072 0.0124126 0.017438 0.0168021
0 0.854279 0.566679 0.0566336 0.0792331 0.0167718
0 0.905708 0.481356 0.069157 0.0929715 0.0167615
0 0.554627 0.4452 0.0209293 0.0280835 0.0167602
0 0.079947 0.472419 0.0741166 0.0894218 0.0166726
0 0.119297 0.444678 0.0596155 0.0510355 0.0166419
0 0.307656 0.397052 0.0281573 0.0354193 0.0166037
0 0.730478 0.316696 0.0287971 0.0449361 0.0165496
0 0.218136 0.407923 0.0267623 0.0337856 0.016523
0 0.958304 0.431137 0.0761106 0.123474 0.01645
0 0.467848 0.366325 0.0213348 0.0312425 0.0164373
0 0.473978 0.530647 0.0206553 0.0659136 0.0163779
0 0.908705 0.507977 0.0742432 0.0881508 0.0163536
0 0.982411 0.404007 0.0318634 0.0930547 0.016343
0 0.21057 0.401508 0.0272222 0.0346382 0.016329
0 0.598715 0.476438 0.0434522 0.0705733 0.0163091
0 0.128956 0.438245 0.068673 0.0720183 0.0162937
0 0.625322 0.397146 0.0315647 0.053147 0.0162838
0 0.480496 0.549242 0.0426549 0.10373 0.0162681
0 0.13723 0.456651 0.0406176 0.0387981 0.0162475
0 0.555352 0.489458 0.0145051 0.0386382 0.016215
0 0.542074 0.474325 0.0149202 0.029581 0.0161344
0 0.973355 0.403636 0.051363 0.103153 0.0160339
0 0.760948 0.497853 0.0824586 0.106755 0.0160232
0 0.0189301 0.586593 0.0363534 0.157368 0.0160215
