0 0.66773 0.399366 0.0345042 0.0349516 0.922233
0 0.701405 0.404524 0.040548 0.0390874 0.918332
0 0.871944 0.506268 0.255248 0.563911 0.911039
0 0.310764 0.405351 0.0311005 0.0449022 0.887727
0 0.784845 0.405773 0.0412637 0.0440258 0.885318
0 0.74523 0.41096 0.0513313 0.0421104 0.881029
0 0.379847 0.387383 0.0226793 0.0348592 0.819868
0 0.585276 0.391228 0.0257592 0.0337719 0.800771
0 0.328998 0.399054 0.0205497 0.0347205 0.749322
0 0.432033 0.393089 0.0239414 0.0337624 0.745552
0 0.646205 0.395021 0.0213591 0.0282617 0.727502
0 0.816158 0.406087 0.0290365 0.0285936 0.719536
0 0.613608 0.392354 0.0250731 0.0284263 0.569767
0 0.566547 0.390213 0.0186208 0.0278251 0.560669
0 0.62968 0.392546 0.0168928 0.0236776 0.478807
0 0.339168 0.384618 0.0180772 0.033333 0.474777
0 0.0165505 0.501699 0.0331009 0.310112 0.466882
0 0.36597 0.385488 0.0124358 0.024735 0.45611
0 0.413394 0.386522 0.0153058 0.0253752 0.453629
0 0.490155 0.393435 0.0192254 0.0240321 0.378074
0 0.531374 0.391566 0.0210103 0.0270888 0.37194
0 0.452295 0.388108 0.0173857 0.028597 0.361464
0 0.469593 0.39339 0.0181771 0.0244227 0.356029
0 0.452456 0.381464 0.0197533 0.0375514 0.333656
0 0.353428 0.385382 0.0123911 0.0248815 0.322469
0 0.602408 0.392083 0.0140091 0.0243842 0.317095
0 0.39496 0.385783 0.0118188 0.0216244 0.314379
0 0.339206 0.391426 0.0123286 0.0233531 0.306957
0 0.404202 0.388557 0.0131924 0.0218648 0.29485
0 0.550905 0.392283 0.0124451 0.0217141 0.29438
0 0.539211 0.391354 0.021797 0.0255622 0.285821
0 0.62452 0.390796 0.0199388 0.0254452 0.280019
0 0.607817 0.394077 0.0182233 0.0246765 0.278072
0 0.448322 0.391893 0.011738 0.0195338 0.272107
0 0.511709 0.392231 0.0193634 0.0275218 0.270686
0 0.391619 0.387169 0.011003 0.0228316 0.26098
0 0.399531 0.388676 0.0125487 0.0201908 0.25803
0 0.476057 0.391517 0.0269336 0.0303282 0.255342
0 0.601186 0.384874 0.0147345 0.0216619 0.25313
