0 0.397641 0.573099 0.329718 0.614087 0.89621
0 0.0413586 0.570642 0.0827173 0.410185 0.8076
0 0.221381 0.491688 0.117396 0.173757 0.806312
0 0.5625 0.490183 0 0.0443463 0.274509
0 0.5625 0.446067 0 0.869216 0.271214
0 0.5625 0.481195 0 0.0644931 0.241787
0 0.5625 0.483839 0 0.0506967 0.225191
0 0.5625 0.487644 0 0.0567323 0.222982
0 0.109571 0.438868 0.0204442 0.0261075 0.22041
0 0.5625 0.485573 0 0.043559 0.205094
0 0.5625 0.491672 0 0.0476424 0.201659
0 0.5625 0.474133 0 0.091929 0.183143
0 0.0632364 0.373701 0.125385 0.282656 0.169133
0 0.5625 0.475598 0 0.0956501 0.15991
0 0.5625 0.496622 0 0.0769149 0.159199
0 0.5625 0.472007 0 0.121044 0.157667
0 0.5625 0.500969 0 0.0787571 0.150906
0 0.0273125 0.473587 0.0427189 0.0483274 0.14622
0 0.099814 0.460472 0.0459678 0.0781948 0.138825
0 0.5625 0.501069 0 0.076815 0.134577
0 0.5625 0.473991 0 0.0688863 0.131544
0 0.117554 0.44728 0.0384424 0.0440226 0.129223
0 0.10208 0.436215 0.0356844 0.0364319 0.127822
0 0.107535 0.447641 0.0240565 0.0434243 0.125348
0 0.0893676 0.442253 0.0434307 0.0488692 0.125217
0 0.129166 0.444913 0.051089 0.0480699 0.123369
0 0.556984 0.466604 0.0110321 0.0532175 0.121502
0 0.558398 0.471594 0.00820351 0.0487937 0.121028
0 0.07955 0.435579 0.0259657 0.0393722 0.120729
0 0.0828004 0.461586 0.0303439 0.0523525 0.117337
0 0.335391 0.395051 0.0827358 0.0667913 0.115481
0 0.172336 0.465648 0.0327752 0.0798898 0.112357
0 0.0782293 0.458766 0.0406131 0.0653354 0.111608
0 0.5625 0.475902 0 0.0703319 0.110791
0 0.023802 0.461859 0.0468023 0.0720545 0.110656
0 0.5625 0.475966 0 0.042811 0.10779
0 0.0318768 0.444459 0.0633618 0.128138 0.106354
0 0.0665267 0.415399 0.101291 0.181601 0.106265
0 0.127096 0.453929 0.0655455 0.0687983 0.105786
0 0.5625 0.485635 0 0.0487128 0.100381
0 0.559241 0.475058 0.00651751 0.0459008 0.0999186
0 0.106833 0.434888 0.0157258 0.0229724 0.0978762
0 0.248243 0.497853 0.119713 0.189621 0.0977545
0 0.0683742 0.463057 0.0658577 0.071574 0.0952561
0 0.333419 0.412719 0.108256 0.138105 0.0934385
0 0.150406 0.489992 0.0465823 0.121684 0.0914082
0 0.5625 0.481397 0 0.0586205 0.0880347
0 0.5625 0.468937 0 0.0429243 0.0872091
0 0.5625 0.461696 0 0.101433 0.0869189
0 0.430299 0.374361 0.0768676 0.0455933 0.0837073
0 0.890169 0.496024 0.0613152 0.0787174 0.0836687
0 0.433792 0.324962 0.0732646 0.114889 0.0836396
0 0.291934 0.472698 0.0405496 0.0999613 0.0834847
0 0.93096 0.500707 0.0723988 0.0714089 0.0828341
0 0.577253 0.464159 0.0604749 0.0634232 0.0815988
0 0.292731 0.451081 0.0384977 0.0579276 0.0761183
0 0.140151 0.475529 0.0609099 0.112499 0.0754236
0 0.271982 0.475278 0.0654728 0.113473 0.0752712
0 0.614029 0.460522 0.0476668 0.0658544 0.0750713
0 0.560712 0.494023 0.0481059 0.11239 0.073631
0 0.875809 0.489218 0.0291691 0.0502924 0.0733545
0 0.871534 0.481302 0.166452 0.182312 0.0732157
0 0.0398131 0.475268 0.0625887 0.06351 0.0718528
0 0.182465 0.460686 0.0462822 0.105018 0.0716651
0 0.351473 0.38492 0.0663406 0.040308 0.071537
0 0.755219 0.482135 0.0380272 0.046864 0.0709488
0 0.0448673 0.687835 0.0863115 0.48781 0.0695862
0 0.0619728 0.25556 0.127016 0.488559 0.068353
0 0.945749 0.45131 0.105212 0.129497 0.068083
0 0.517036 0.430716 0.0940556 0.110974 0.0675181
0 0.147948 0.456416 0.0401852 0.0835729 0.0671016
0 0.0741252 0.448414 0.0837945 0.0997804 0.0658039
0 0.764391 0.482907 0.032791 0.0497281 0.0643239
0 0.826418 0.485856 0.088604 0.064596 0.063748
0 0.0655734 0.443764 0.0562607 0.083611 0.0634763
0 0.852543 0.486613 0.0724216 0.0605598 0.0633786
0 0.75869 0.484128 0.0523873 0.0601112 0.0626218
0 0.782274 0.44898 0.0559237 0.0620964 0.0625409
0 0.1159 0.436394 0.0268655 0.0389445 0.0622485
0 0.792656 0.453292 0.0351071 0.0572564 0.0607173
0 0.893481 0.462591 0.0678387 0.0948545 0.0606589
0 0.433375 0.349843 0.0781259 0.0890867 0.0590549
0 0.340873 0.384033 0.10802 0.115073 0.0589622
0 0.936628 0.447045 0.13173 0.238139 0.0583155
0 0.766091 0.445176 0.0269281 0.039367 0.0582686
0 0.510505 0.456379 0.0846926 0.121532 0.057749
0 0.633559 0.521383 0.100746 0.105418 0.0575305
0 0.0364484 0.491393 0.0696167 0.217306 0.0575293
0 0.580588 0.485232 0.0415205 0.0579293 0.0567658
0 0.563206 0.461709 0.0430686 0.0762334 0.0564402
0 0.0961012 0.429176 0.0505539 0.0619555 0.0557091
0 0.654863 0.523114 0.0611597 0.0791539 0.0554158
0 0.282158 0.454868 0.0514367 0.082029 0.0552577
0 0.155115 0.503149 0.0299909 0.11001 0.0551638
0 0.576377 0.478304 0.0313334 0.0456567 0.054562
0 0.715504 0.483366 0.0987264 0.06595 0.0544665
0 0.0760247 0.429811 0.0244043 0.034089 0.0540427
0 0.278921 0.504632 0.0676198 0.176451 0.0540417
0 0.0180046 0.449134 0.0341804 0.0991053 0.0533734
0 0.429555 0.39496 0.077626 0.0859541 0.0529266
0 0.665133 0.522618 0.0450458 0.0519908 0.05274
0 0.0440356 0.798278 0.0885379 0.338146 0.0527092
0 0.110243 0.432934 0.0159727 0.0272326 0.0521501
0 0.392735 0.378015 0.0497586 0.0382352 0.0519607
0 0.0519322 0.435653 0.0999326 0.122913 0.0517209
0 0.762533 0.454423 0.0190858 0.0292298 0.0515275
0 0.583101 0.495019 0.0561441 0.101134 0.0507425
0 0.0828195 0.428433 0.0488687 0.0762006 0.0499269
0 0.179809 0.469347 0.0345082 0.141273 0.0498607
0 0.0322975 0.481679 0.0608675 0.0881456 0.0490558
0 0.190092 0.476044 0.0562039 0.133135 0.0483769
0 0.14313 0.424525 0.0552237 0.0865066 0.0481231
0 0.626915 0.464771 0.0542887 0.0648633 0.0474208
0 0.28091 0.443314 0.0409682 0.0581339 0.0472999
0 0.327286 0.448442 0.0972422 0.140821 0.047113
0 0.61604 0.510656 0.0741634 0.104359 0.046043
0 0.802854 0.486369 0.0474281 0.0615167 0.0457695
0 0.125604 0.473777 0.0918115 0.144456 0.0455563
0 0.104811 0.470635 0.0879276 0.121334 0.0452673
0 0.624223 0.543711 0.110567 0.173112 0.0449717
0 0.504614 0.398626 0.0487046 0.0207726 0.0447805
0 0.587494 0.482836 0.0334023 0.0445023 0.0446824
0 0.165751 0.442671 0.0220955 0.0555678 0.0445148
0 0.167751 0.42907 0.0182767 0.039878 0.0442637
0 0.781788 0.486081 0.0615734 0.0635314 0.0438511
0 0.606709 0.451286 0.0506488 0.0780941 0.0433661
0 0.191997 0.409815 0.0482604 0.0388609 0.0431701
0 0.268434 0.54977 0.0685629 0.230468 0.0431213
0 0.63825 0.4715 0.0747678 0.0561331 0.0430735
0 0.0382935 0.502592 0.0756544 0.132663 0.0430341
0 0.677557 0.485603 0.160606 0.129932 0.0429608
0 0.089132 0.470264 0.0736921 0.0960775 0.0429479
0 0.0834853 0.375726 0.081277 0.180968 0.042156
0 0.0856382 0.43146 0.0257423 0.0357936 0.0418392
0 0.13253 0.430554 0.0541655 0.080776 0.0414919
0 0.184972 0.424429 0.0393564 0.0505591 0.0413256
0 0.398817 0.381613 0.087485 0.0477128 0.0411687
0 0.270647 0.444756 0.0588575 0.0786887 0.041106
0 0.689959 0.515838 0.122832 0.127116 0.0410519
0 0.390491 0.437702 0.151235 0.119994 0.0409886
0 0.64397 0.462257 0.0935083 0.0871508 0.0409233
0 0.374728 0.451638 0.0987109 0.100519 0.040793
0 0.863443 0.479365 0.0542694 0.0741276 0.0407539
0 0.304132 0.427887 0.0425204 0.0812054 0.0407409
0 0.267035 0.562235 0.0404355 0.15142 0.0407281
0 0.344832 0.417632 0.0997652 0.0890822 0.0404235
0 0.838108 0.467966 0.103145 0.096524 0.0403874
0 0.109429 0.462427 0.0231714 0.0397242 0.0398105
0 0.630991 0.527454 0.0733883 0.0845289 0.0396992
0 0.554699 0.43802 0.0552909 0.0912201 0.0396939
0 0.430801 0.423042 0.0807953 0.128625 0.0394492
0 0.0611166 0.474345 0.0977615 0.0977805 0.0391651
0 0.628481 0.451072 0.0683345 0.0967226 0.0389333
0 0.128473 0.504359 0.107608 0.183331 0.0388831
0 0.278932 0.432392 0.0508751 0.056922 0.0384412
0 0.203228 0.445675 0.079902 0.0820995 0.0379436
0 0.679874 0.420073 0.479003 0.84134 0.0376129
0 0.231811 0.395156 0.0324266 0.0265129 0.0374159
0 0.429439 0.450623 0.0741365 0.116003 0.0374096
0 0.605908 0.499681 0.0573727 0.076854 0.0372961
0 0.541056 0.429686 0.0912972 0.117848 0.0370851
0 0.541436 0.450691 0.121924 0.128642 0.036728
0 0.816064 0.460994 0.0971903 0.0916044 0.036584
0 0.653676 0.555895 0.146105 0.203291 0.0360215
0 0.930404 0.514341 0.131457 0.134715 0.0358407
0 0.671771 0.527217 0.0776128 0.0804871 0.0354994
0 0.664598 0.491247 0.0617124 0.0548008 0.0354745
0 0.200268 0.476998 0.0751121 0.165169 0.0352088
0 0.150383 0.439696 0.0286418 0.0591673 0.0351341
0 0.353223 0.40146 0.0688513 0.0564323 0.0348942
0 0.53637 0.480255 0.135987 0.157314 0.0347768
0 0.438495 0.476212 0.0537004 0.0879624 0.0347436
0 0.162384 0.482813 0.0346441 0.122527 0.0345307
0 0.0706428 0.340009 0.0904184 0.143367 0.0345287
0 0.35299 0.440621 0.0933959 0.101094 0.0345019
0 0.248283 0.53528 0.0467992 0.0848543 0.0342604
0 0.708494 0.513096 0.0963338 0.101024 0.0342599
0 0.0402097 0.674563 0.0817796 0.283397 0.0342263
0 0.149421 0.441753 0.0677687 0.118612 0.0342056
0 0.516586 0.419359 0.0537011 0.0535521 0.0341421
0 0.69533 0.551633 0.151492 0.177591 0.0339186
0 0.901353 0.442481 0.0906553 0.127069 0.033913
0 0.325686 0.408861 0.0767257 0.088301 0.0336443
0 0.612209 0.436762 0.0569449 0.108837 0.0336299
0 0.057337 0.424963 0.0667556 0.093769 0.0336025
0 0.492332 0.466512 0.0625357 0.118491 0.0332713
0 0.402909 0.399237 0.134093 0.08239 0.0329988
0 0.254852 0.467643 0.0567946 0.10973 0.0328941
0 0.250628 0.554063 0.0403472 0.0915687 0.0325437
0 0.658106 0.436867 0.309357 0.710261 0.0324362
0 0.576797 0.481227 0.0229929 0.0362395 0.0322218
0 0.958847 0.576246 0.0922712 0.350685 0.0321827
0 0.384945 0.367206 0.0268571 0.0346564 0.0321666
0 0.578022 0.490821 0.0245559 0.0431184 0.0321015
0 0.700903 0.522265 0.0669433 0.0743805 0.0318272
0 0.88225 0.506699 0.0394213 0.0554856 0.0318236
0 0.352641 0.437351 0.129106 0.215447 0.0316776
0 0.234126 0.378678 0.0306773 0.0492027 0.0315826
0 0.537994 0.470128 0.0947438 0.10373 0.0315702
0 0.0237975 0.42857 0.0428592 0.132151 0.031213
0 0.412915 0.347723 0.188457 0.174598 0.0309848
0 0.57715 0.6443 0.133333 0.302372 0.0305471
0 0.230437 0.436244 0.0918951 0.0680729 0.0302845
0 0.355546 0.370017 0.0388056 0.0405141 0.0301721
0 0.993616 0.501707 0.0107807 0.047679 0.0301658
0 0.236741 0.513768 0.0683133 0.124172 0.0300829
0 0.261285 0.573044 0.0333154 0.111514 0.0300604
0 0.195018 0.313211 0.0292208 0.0301653 0.029967
0 0.686611 0.51473 0.0767598 0.0648721 0.0299023
0 0.225039 0.402994 0.0451948 0.0260593 0.0295938
0 0.950569 0.414093 0.088913 0.104868 0.0294962
0 0.254398 0.444076 0.0634883 0.078199 0.0294701
0 0.111159 0.495146 0.0905606 0.113376 0.0293525
0 0.104388 0.378449 0.041569 0.162748 0.0293063
0 0.753987 0.460838 0.0292109 0.0376835 0.0292637
0 0.351877 0.362781 0.144314 0.148247 0.0292265
0 0.0814535 0.398087 0.0566576 0.123169 0.0291904
0 0.37692 0.397862 0.0734205 0.0550585 0.0290587
0 0.692555 0.461094 0.143699 0.130597 0.0288521
0 0.398248 0.418214 0.160344 0.29591 0.0288105
0 0.72623 0.533069 0.160743 0.143711 0.028657
0 0.761279 0.427659 0.0282578 0.0900135 0.0284796
0 0.462487 0.464631 0.0940228 0.107534 0.0284275
0 0.1421 0.475309 0.0263017 0.0499143 0.0282941
0 0.68067 0.486092 0.0589029 0.0532631 0.028111
0 0.244023 0.56628 0.0619427 0.128993 0.0280291
0 0.790795 0.442589 0.0287488 0.0510068 0.0278403
0 0.58836 0.513642 0.0727955 0.131283 0.0277248
0 0.263846 0.509622 0.0480014 0.127047 0.0277236
0 0.221676 0.527412 0.079664 0.107036 0.0275978
0 0.3815 0.465608 0.075942 0.0967966 0.027578
0 0.180605 0.439217 0.0876751 0.128594 0.02741
0 0.785893 0.648489 0.385113 0.45254 0.0274025
0 0.987388 0.502643 0.0202982 0.0396448 0.0273224
0 0.457684 0.440492 0.110434 0.115501 0.0272515
0 0.484977 0.4574 0.0990015 0.12711 0.0272239
0 0.764251 0.434046 0.0248892 0.0618302 0.0270554
0 0.680307 0.471806 0.0644898 0.0648227 0.0270277
0 0.314954 0.396385 0.0553678 0.0735578 0.0269934
0 0.429039 0.378591 0.0999198 0.0655598 0.026963
0 0.308779 0.554644 0.125849 0.226801 0.0268197
0 0.169455 0.420154 0.0420105 0.0661721 0.026503
0 0.0058239 0.753003 0.0132822 0.180324 0.0263469
0 0.755704 0.457682 0.0217538 0.0293065 0.0263464
0 0.762405 0.406167 0.0270293 0.0758859 0.0263279
0 0.91217 0.564073 0.171812 0.204368 0.0262889
0 0.554431 0.412075 0.0584033 0.127274 0.0262817
0 0.233176 0.400039 0.0574777 0.0632289 0.0261741
0 0.428697 0.359452 0.114147 0.0918617 0.0260407
0 0.048148 0.283156 0.0320714 0.0290033 0.0256396
0 0.422999 0.44577 0.115865 0.164756 0.0255772
0 0.436561 0.391689 0.168096 0.156534 0.0253963
0 0.46897 0.359489 0.200605 0.189009 0.0253554
0 0.517347 0.396481 0.0224217 0.0226781 0.0250043
0 0.393653 0.466854 0.0590684 0.0786518 0.0249705
0 0.709027 0.621456 0.184696 0.320769 0.0249626
0 0.412294 0.467084 0.0609246 0.08976 0.0248663
0 0.924336 0.389546 0.0566772 0.0913881 0.0248485
0 0.443379 0.492494 0.0511379 0.0701018 0.024827
0 0.673807 0.541073 0.102293 0.114111 0.0246228
0 0.853683 0.460306 0.106869 0.126447 0.0245739
0 0.547041 0.345145 0.258001 0.364464 0.0245227
0 0.107244 0.363556 0.0306834 0.106329 0.0245132
0 0.910389 0.38695 0.0493366 0.09919 0.0243898
0 0.93407 0.498083 0.038353 0.0348823 0.0242117
0 0.753747 0.501633 0.0696833 0.078525 0.0240605
0 0.704996 0.471955 0.130674 0.0908814 0.0240024
0 0.337625 0.47502 0.16174 0.20655 0.0239821
0 0.33113 0.433961 0.0671876 0.0927044 0.0239458
0 0.44502 0.403943 0.0858133 0.0677717 0.0238259
0 0.48504 0.48581 0.0516271 0.0999362 0.0238247
0 0.239535 0.549985 0.0455571 0.0782331 0.0238089
0 0.73568 0.504494 0.0708246 0.113782 0.0238059
0 0.579497 0.418503 0.287785 0.470984 0.0237268
0 0.550439 0.513245 0.140262 0.173635 0.0236975
0 0.158875 0.488951 0.0283366 0.0701592 0.0236483
0 0.590272 0.212326 0.227589 0.298584 0.0236432
0 0.726985 0.470461 0.0826635 0.0755613 0.0236011
0 0.365788 0.375614 0.042282 0.0389876 0.0235272
0 0.223547 0.411651 0.0503324 0.0351978 0.0232997
0 0.226503 0.56614 0.0910872 0.15627 0.023259
0 0.268211 0.4008 0.048981 0.0489499 0.0232452
0 0.309179 0.432265 0.0363398 0.053662 0.0232003
0 0.35672 0.360615 0.0196981 0.0267428 0.0231516
0 0.722545 0.530441 0.0718847 0.103376 0.0229802
0 0.524672 0.393965 0.109919 0.181383 0.0229779
0 0.495274 0.390222 0.116316 0.154743 0.0228832
0 0.537159 0.706871 0.172197 0.216789 0.0227376
0 0.19182 0.300898 0.0519389 0.0706619 0.022695
0 0.972631 0.498989 0.0335043 0.0408964 0.0226916
0 0.339118 0.338309 0.193577 0.20122 0.0226833
0 0.5712 0.434446 0.0630338 0.110891 0.0226807
0 0.489891 0.128923 0.0217401 0.023653 0.0223727
0 0.500813 0.386817 0.0457907 0.0327304 0.0223327
0 0.669026 0.460781 0.0929122 0.0981154 0.022281
0 0.967523 0.404774 0.0647427 0.112257 0.0222735
0 0.585869 0.590756 0.202843 0.393415 0.0221336
0 0.555109 0.483775 0.0409697 0.063902 0.0220873
0 0.86087 0.525117 0.0575501 0.0928775 0.0220023
0 0.588507 0.432424 0.0320709 0.055112 0.0219792
