0 0.5625 0.72354 0 0.132877 0.653314
0 0.554819 0.707515 0.0153623 0.0515883 0.520632
0 0.440235 0.710015 0.0377911 0.0514123 0.478914
0 0.545159 0.693329 0.0201734 0.0346411 0.477105
0 0.462279 0.696506 0.022701 0.0366243 0.475872
0 0.413475 0.713708 0.0326907 0.0522637 0.472826
0 0.44665 0.710049 0.028659 0.0452962 0.464524
0 0.241604 0.738521 0.12142 0.136398 0.440121
0 0.384732 0.716188 0.0375835 0.0593338 0.428111
0 0.5625 0.718423 0 0.0882453 0.378903
0 0.374939 0.7166 0.047769 0.0633084 0.366846
0 0.431033 0.711365 0.047652 0.0569319 0.364976
0 0.359898 0.717756 0.0412956 0.0677173 0.364624
0 0.5625 0.70673 0 0.0611648 0.35199
0 0.53643 0.666442 0.0163816 0.0262403 0.349881
0 0.538072 0.671674 0.0170225 0.0295627 0.349476
0 0.333277 0.720973 0.0710629 0.0910333 0.330304
0 0.556466 0.70403 0.0120687 0.063945 0.31796
0 0.5625 0.708326 0 0.0771637 0.304306
0 0.320126 0.725865 0.0560415 0.0881843 0.300971
0 0.349103 0.718407 0.0469214 0.0745494 0.289907
0 0.547662 0.687543 0.0268582 0.0504632 0.275205
0 0.5625 0.72566 0 0.0853278 0.255391
0 0.550446 0.696406 0.0241077 0.0743298 0.249974
0 0.40206 0.717481 0.0458956 0.0639716 0.248256
0 0.456961 0.705205 0.0182807 0.0336997 0.241735
0 0.5625 0.69644 0 0.0937253 0.240936
0 0.5625 0.708738 0 0.106598 0.234569
0 0.466609 0.693479 0.0213761 0.0348799 0.222781
0 0.45334 0.707913 0.0182567 0.0343191 0.219665
0 0.302265 0.723642 0.0813978 0.113498 0.217048
0 0.549675 0.701571 0.0227104 0.0340201 0.213227
0 0.366176 0.721337 0.0679953 0.080287 0.206513
0 0.539534 0.687443 0.016605 0.0265758 0.192212
0 0.555157 0.711873 0.0146856 0.0313926 0.191937
0 0.547127 0.683351 0.0307465 0.0734431 0.187541
0 0.0960205 0.775786 0.18936 0.253065 0.18683
0 0.533438 0.654339 0.0153726 0.0261422 0.185761
0 0.540025 0.680181 0.0180826 0.032097 0.181927
0 0.252026 0.726213 0.164647 0.173996 0.177069
0 0.407183 0.716688 0.0208868 0.0410855 0.174051
0 0.543575 0.697248 0.0144994 0.0282947 0.173193
0 0.53315 0.664633 0.0144895 0.023106 0.172249
0 0.423975 0.713048 0.0207412 0.0378974 0.17071
0 0.5625 0.715701 0 0.120664 0.168016
0 0.542364 0.685497 0.0199631 0.0354197 0.167018
0 0.463813 0.703379 0.0165554 0.0276382 0.161851
0 0.468284 0.689981 0.0146268 0.0254747 0.160193
0 0.536687 0.659412 0.0141416 0.0257548 0.158251
0 0.5625 0.719536 0 0.104751 0.149408
0 0.41628 0.711796 0.0240625 0.0402298 0.144852
0 0.439905 0.711496 0.0242697 0.0351576 0.14112
0 0.3526 0.709525 0.0653351 0.0929654 0.140574
0 0.3746 0.705449 0.0653566 0.0896152 0.140568
0 0.469265 0.685163 0.021458 0.0360991 0.140393
0 0.468147 0.710101 0.0246258 0.0398495 0.136628
0 0.3933 0.702931 0.0552195 0.0842995 0.13529
0 0.530334 0.637465 0.0129093 0.0201232 0.132923
0 0.470828 0.722027 0.0413965 0.0612818 0.132833
0 0.562473 0.697683 0.020073 0.03973 0.1328
0 0.14941 0.704014 0.05156 0.0557651 0.129284
0 0.598623 0.713877 0.0629066 0.0993927 0.128739
0 0.458181 0.697875 0.0152291 0.0314974 0.128738
0 0.530125 0.627709 0.0140192 0.0202368 0.127758
0 0.397691 0.714442 0.0242495 0.0444689 0.126848
0 0.283615 0.729377 0.0686415 0.102196 0.122297
0 0.472237 0.696862 0.0273585 0.0399004 0.122131
0 0.553069 0.692694 0.0212792 0.0397263 0.121127
0 0.333862 0.711219 0.0917391 0.125566 0.120177
0 0.541452 0.681098 0.0136163 0.0253126 0.119641
0 0.13128 0.770315 0.144671 0.210494 0.119498
0 0.618829 0.691162 0.069548 0.106217 0.11878
0 0.469876 0.712761 0.0190762 0.0299888 0.111257
0 0.531484 0.646067 0.0149973 0.0219009 0.11121
0 0.542317 0.674228 0.0176458 0.0354582 0.110522
0 0.146691 0.706897 0.0379431 0.0411858 0.110519
0 0.480127 0.739974 0.0331361 0.0447674 0.109407
0 0.110945 0.731159 0.128293 0.143035 0.10917
0 0.321236 0.729588 0.105591 0.131222 0.107346
0 0.211787 0.728575 0.159599 0.172988 0.106915
0 0.433038 0.712687 0.0236103 0.0370124 0.104529
0 0.26122 0.732942 0.0962347 0.111505 0.104483
0 0.386989 0.722287 0.0235691 0.0398504 0.103575
0 0.0838875 0.723173 0.165681 0.213959 0.103359
0 0.225329 0.749714 0.0845442 0.100326 0.102382
0 0.0410446 0.800629 0.0816215 0.242074 0.0999486
0 0.475934 0.704737 0.0438786 0.0628579 0.0997376
0 0.37099 0.69838 0.084553 0.127919 0.0971309
0 0.18357 0.723842 0.111267 0.136329 0.095516
0 0.689829 0.722567 0.0591268 0.103924 0.0940486
0 0.132147 0.700127 0.0745992 0.0855808 0.08867
0 0.137018 0.754986 0.227675 0.237734 0.0861817
0 0.214559 0.704942 0.188739 0.245568 0.0838953
0 0.156486 0.703073 0.062205 0.0735107 0.0838004
0 0.428188 0.69568 0.0209732 0.0335719 0.0831772
0 0.534576 0.670831 0.0296145 0.055552 0.0804661
0 0.0498371 0.744979 0.0998348 0.240615 0.0799074
0 0.731891 0.73217 0.0804401 0.0978521 0.0794354
0 0.528817 0.631295 0.0115127 0.0174646 0.0780737
0 0.408812 0.685091 0.066174 0.105485 0.0776896
0 0.141315 0.729421 0.0963247 0.122203 0.0771573
0 0.661109 0.0312524 0.0238457 0.0239761 0.075823
0 0.699017 0.738249 0.162286 0.175907 0.0748333
0 0.478053 0.69262 0.033285 0.0443227 0.0738144
0 0.344154 0.693891 0.113604 0.171905 0.0722108
0 0.515716 0.688193 0.065877 0.0776846 0.0721024
0 0.270796 0.756701 0.170454 0.218093 0.0711649
0 0.167131 0.700697 0.0932387 0.0958969 0.0700829
0 0.685938 0.700945 0.170079 0.179018 0.0698513
0 0.700877 0.693906 0.0692111 0.0665156 0.0698427
0 0.528493 0.65221 0.0158714 0.0234189 0.0693702
0 0.0880027 0.678633 0.17322 0.392731 0.0688799
0 0.470805 0.666098 0.0133804 0.020147 0.0681164
0 0.48096 0.600923 0.0203372 0.0280874 0.0663866
0 0.116194 0.696253 0.101146 0.116381 0.0661166
0 0.522444 0.65913 0.0272206 0.0350234 0.0656583
0 0.0306217 0.744753 0.0589219 0.242705 0.0655225
0 0.473833 0.683498 0.0213095 0.0341871 0.0650914
0 0.479825 0.675626 0.0123823 0.0201318 0.0641772
0 0.206263 0.765875 0.184669 0.221577 0.0623384
0 0.560258 0.678586 0.0181858 0.0333345 0.0621276
0 0.166496 0.69546 0.132574 0.151595 0.061045
0 0.449069 0.718355 0.0161255 0.0262885 0.0609429
0 0.0234978 0.852735 0.0461461 0.197669 0.0608901
0 0.52596 0.615682 0.0112674 0.0183416 0.0606094
0 0.483797 0.744621 0.0226176 0.0297395 0.0593261
0 0.49039 0.599257 0.0268456 0.0284328 0.0587858
0 0.212646 0.737136 0.111702 0.131328 0.0584249
0 0.70113 0.683889 0.0574225 0.0479405 0.0583071
0 0.0143956 0.758815 0.0286742 0.175458 0.0574238
0 0.472076 0.657393 0.0137671 0.0227759 0.0568453
0 0.0329427 0.860014 0.0664622 0.28833 0.0558762
0 0.510833 0.60922 0.0205115 0.0231131 0.0558442
0 0.778788 0.670529 0.0866059 0.118214 0.0554827
0 0.113069 0.697343 0.152687 0.156092 0.0553015
0 0.0165236 0.804104 0.0324821 0.197132 0.0544502
0 0.561302 0.666584 0.0454684 0.0766398 0.0543411
0 0.0660236 0.676289 0.128488 0.314773 0.0531763
0 0.501299 0.703237 0.0734553 0.100543 0.0520688
0 0.0885891 0.674545 0.186647 0.245772 0.0515979
0 0.380362 0.731538 0.0268564 0.0493067 0.0515965
0 0.155496 0.757065 0.122311 0.170957 0.0511176
0 0.605727 0.0527993 0.0202154 0.0197015 0.0507138
0 0.749685 0.721794 0.0473542 0.106944 0.0496979
0 0.181372 0.717223 0.0762457 0.0933331 0.0495517
0 0.467159 0.668847 0.0179754 0.0335134 0.049335
0 0.485217 0.696832 0.0404006 0.056018 0.0493192
0 0.68984 0.742889 0.0493125 0.077514 0.0491565
0 0.642147 0.728573 0.0716091 0.137914 0.0491115
0 0.794239 0.678196 0.0529932 0.0777942 0.0489203
0 0.798807 0.67344 0.0790135 0.106173 0.0488468
0 0.463607 0.6137 0.0311575 0.044558 0.0484455
0 0.534584 0.625639 0.018604 0.026948 0.0482674
0 0.605127 0.0446348 0.0350425 0.0307032 0.0475366
0 0.915073 0.85873 0.163913 0.280086 0.0474343
0 0.128747 0.674758 0.110871 0.142144 0.0456353
0 0.470023 0.663168 0.015523 0.0306885 0.0449956
0 0.283965 0.684376 0.174108 0.227515 0.0446891
0 0.478378 0.628536 0.0156177 0.0213457 0.0441465
0 0.591741 0.0388536 0.122443 0.0895803 0.0435983
0 0.0725939 0.718692 0.118751 0.132777 0.0434385
0 0.371411 0.726322 0.0322411 0.0547619 0.0429758
0 0.0211948 0.730214 0.0421557 0.202868 0.0424788
0 0.921091 0.76873 0.163 0.235172 0.0421404
0 0.466779 0.685411 0.0148096 0.0247632 0.0421254
0 0.162425 0.642868 0.284596 0.379002 0.0418604
0 0.497122 0.677082 0.0557457 0.0633002 0.0417681
0 0.468061 0.678615 0.0146066 0.0238892 0.0407478
0 0.917904 0.714736 0.164968 0.190002 0.0401045
0 0.821822 0.702555 0.108924 0.150028 0.0400218
0 0.488711 0.720509 0.0315555 0.0446047 0.0397738
0 0.456323 0.657915 0.0570301 0.091442 0.0387422
0 0.815755 0.734707 0.106738 0.149013 0.0386078
0 0.0855758 0.690115 0.114722 0.136986 0.0385883
0 0.13106 0.663243 0.164281 0.210215 0.0369311
0 0.864984 0.784368 0.204397 0.261321 0.0358726
0 0.476304 0.733889 0.0247916 0.0325228 0.0356227
0 0.459089 0.712907 0.0165662 0.0272359 0.0355999
0 0.549432 0.709025 0.0176061 0.0282345 0.0354308
0 0.757345 0.789981 0.14472 0.241814 0.0354158
0 0.645739 0.738875 0.104925 0.158239 0.0348986
0 0.0778796 0.766236 0.134276 0.199389 0.0348651
0 0.806513 0.692341 0.0793808 0.09613 0.0347069
0 0.368374 0.749693 0.0830996 0.127069 0.0345311
0 0.769765 0.698539 0.0918908 0.113902 0.0343714
0 0.787858 0.727144 0.116351 0.155277 0.0341445
0 0.5532 0.640257 0.0424104 0.0710444 0.0340694
0 0.33465 0.760827 0.107989 0.192365 0.0338529
0 0.849877 0.735555 0.14605 0.164931 0.0333267
0 0.0368822 0.907309 0.0724085 0.156934 0.0331303
0 0.754127 0.68683 0.0625546 0.0855106 0.0326882
0 0.214287 0.642782 0.220055 0.323729 0.0325207
0 0.926829 0.915944 0.147518 0.167694 0.0323856
0 0.0186461 0.891482 0.0385601 0.223816 0.0323056
0 0.828258 0.698472 0.0992374 0.097679 0.0321234
0 0.491383 0.60215 0.0156533 0.0215834 0.0315714
0 0.575997 0.666316 0.0566262 0.097762 0.0315553
0 0.649221 0.677313 0.0798252 0.169855 0.0314505
0 0.567265 0.632016 0.060056 0.110793 0.0313917
0 0.660883 0.0229416 0.0276291 0.0261488 0.0307647
0 0.889793 0.687593 0.206378 0.192327 0.0305067
0 0.734248 0.694097 0.063117 0.0810034 0.0303812
0 0.0455102 0.937139 0.0872742 0.121229 0.0301187
0 0.718008 0.667294 0.136893 0.177348 0.0301012
0 0.444452 0.722427 0.0201759 0.0323495 0.0300532
0 0.551485 0.620285 0.0382576 0.0706592 0.030032
0 0.817433 0.670923 0.100532 0.120324 0.0299512
0 0.757593 0.860476 0.166375 0.264426 0.02977
0 0.47937 0.602609 0.0151944 0.0211354 0.0296675
0 0.172272 0.67585 0.103209 0.131443 0.0295612
0 0.981274 0.733086 0.038596 0.152763 0.0293251
0 0.0794304 0.885509 0.143084 0.228127 0.0290154
0 0.0565034 0.686824 0.109517 0.151866 0.0289839
0 0.420375 0.664892 0.0702849 0.105364 0.028671
0 0.1455 0.794982 0.108543 0.179674 0.0286447
0 0.62847 0.032439 0.0870118 0.0550813 0.0281802
0 0.0109351 0.698688 0.0224136 0.158501 0.0281731
0 0.846962 0.842043 0.257986 0.326683 0.0281671
0 0.605071 0.66654 0.0792485 0.127396 0.0276538
0 0.812857 0.775947 0.0785907 0.143525 0.0276488
0 0.754095 0.66191 0.122715 0.153966 0.0274837
0 0.0972747 0.666678 0.106204 0.144654 0.0273467
0 0.10794 0.802585 0.120531 0.187232 0.0269182
0 0.454324 0.629183 0.0543779 0.0791309 0.026918
0 0.0310551 0.683833 0.0577191 0.156847 0.0268058
0 0.846913 0.681484 0.14163 0.154664 0.026475
0 0.943902 0.762833 0.109742 0.205817 0.0263049
0 0.983723 0.767189 0.0337469 0.158136 0.026245
0 0.433355 0.663804 0.0586418 0.0872668 0.0259083
0 0.522045 0.713196 0.0400516 0.0493781 0.0257959
0 0.248318 0.710485 0.10111 0.10056 0.0256751
0 0.776645 0.656032 0.0649724 0.0986822 0.0254587
0 0.37158 0.668156 0.0993043 0.144432 0.0254056
0 0.988313 0.732428 0.023996 0.135176 0.025347
0 0.964917 0.734153 0.0680473 0.151036 0.0251948
0 0.837765 0.71988 0.11105 0.114997 0.0250875
0 0.269847 0.753699 0.0869445 0.119797 0.0250581
0 0.7477 0.7871 0.105113 0.158802 0.0249143
0 0.958065 0.86284 0.0838991 0.248756 0.0241271
0 0.0333723 0.653383 0.0588804 0.277591 0.0235676
0 0.482941 0.755601 0.0203607 0.0340051 0.0235029
0 0.748461 0.672166 0.0887506 0.105595 0.0233919
0 0.557918 0.068284 0.0376272 0.0312757 0.0232624
0 0.53565 0.63347 0.0146866 0.019707 0.0230738
0 0.202913 0.75694 0.0678332 0.111719 0.0230471
0 0.0396546 0.843254 0.0721236 0.162704 0.0229899
0 0.111877 0.627857 0.0566238 0.0894183 0.0228115
0 0.470299 0.571105 0.0194336 0.0278049 0.0227455
0 0.558906 0.71997 0.0228489 0.041637 0.0227339
0 0.796522 0.801941 0.114723 0.250926 0.0226526
0 0.633763 0.875119 0.0904117 0.204695 0.0225323
0 0.393563 0.668928 0.0846409 0.133868 0.022462
0 0.290752 0.755005 0.0630792 0.107259 0.0224552
0 0.138132 0.634179 0.104554 0.126644 0.022295
0 0.660381 0.0439178 0.020865 0.0259029 0.0222142
0 0.549396 0.0593386 0.0284241 0.0362949 0.0221758
0 0.97622 0.867892 0.0461319 0.21646 0.0221083
0 0.469544 0.609137 0.0185258 0.0276066 0.0220778
0 0.947456 0.746588 0.100433 0.122482 0.0220622
0 0.485823 0.763155 0.0236496 0.0391851 0.0217537
0 0.527537 0.598386 0.0154034 0.0233486 0.0217006
0 0.876054 0.854766 0.159562 0.252918 0.0214551
0 0.446131 0.808726 0.0351068 0.0354012 0.0214074
0 0.976136 0.698737 0.0482113 0.153374 0.0212973
0 0.589189 0.0452957 0.0486924 0.0369235 0.0211476
0 0.474888 0.607921 0.0156651 0.0218287 0.0211115
0 0.522524 0.597423 0.0124786 0.0192789 0.0210688
0 0.0703043 0.661466 0.122657 0.148919 0.0210424
0 0.422227 0.721886 0.0221154 0.043128 0.0209934
0 0.586215 0.731917 0.0512825 0.0987695 0.0209689
0 0.508061 0.58627 0.0152522 0.0237917 0.0208362
0 0.164072 0.632795 0.101927 0.127912 0.0207914
0 0.476245 0.756697 0.0186088 0.0317339 0.0205841
0 0.828433 0.786507 0.112062 0.199924 0.0204751
0 0.205077 0.710328 0.106965 0.109732 0.0204445
0 0.941626 0.686381 0.111936 0.177415 0.0203809
0 0.126584 0.814091 0.109001 0.1464 0.0202112
0 0.541772 0.72435 0.02675 0.0438644 0.0201201
0 0.189547 0.598958 0.03196 0.041382 0.020046
0 0.28348 0.698575 0.0904636 0.109813 0.0200179
0 0.946842 0.820543 0.101196 0.235672 0.0199581
0 0.563771 0.603904 0.041801 0.0644967 0.0198854
0 0.654044 0.678997 0.0730046 0.102864 0.0198782
0 0.480332 0.589014 0.0171297 0.0255535 0.0197837
0 0.312174 0.686057 0.0908189 0.129754 0.0197279
0 0.550796 0.613964 0.0216819 0.0294349 0.0196992
0 0.625234 0.0396064 0.0609056 0.0372151 0.0195504
0 0.574646 0.0470968 0.073287 0.0612769 0.0194637
0 0.719817 0.67503 0.0972021 0.103975 0.0193626
0 0.694377 0.771852 0.0986402 0.163206 0.0192069
0 0.491688 0.750974 0.0370502 0.0496331 0.0191605
0 0.846976 0.705936 0.083642 0.0886275 0.0190309
0 0.0974497 0.627296 0.0697597 0.0982939 0.018996
0 0.652796 0.750725 0.0323724 0.0729316 0.0189047
0 0.83973 0.924562 0.179344 0.160137 0.0188463
0 0.564824 -0.00322806 0.067306 0.0463877 0.0187967
0 0.768695 0.633434 0.0767249 0.107405 0.0187748
0 0.129359 0.607974 0.0750364 0.0862603 0.0187664
0 0.439272 0.807998 0.0260945 0.0294734 0.0187598
0 0.659756 0.0567588 0.0224034 0.0273615 0.0187011
