0 0.362887 0.257645 0.0236264 0.0270915 0.712231
0 0.301147 0.257514 0.0290744 0.0275981 0.633763
0 0.502926 0.252716 0.0160998 0.0203136 0.55877
0 0.412707 0.254511 0.0159083 0.0217909 0.558741
0 0.5625 0.24192 0 0.0254728 0.524575
0 0.5625 0.241327 0 0.024028 0.510897
0 0.434735 0.254055 0.0175728 0.0269123 0.496219
0 0.462672 0.252566 0.0130061 0.017614 0.496184
0 0.269485 0.258962 0.0200976 0.0201294 0.488963
0 0.5625 0.241824 0 0.0241369 0.480443
0 0.249584 0.259911 0.0234088 0.0196982 0.477559
0 0.5625 0.240698 0 0.0248583 0.459156
0 0.487518 0.252024 0.011658 0.0158091 0.449119
0 0.5625 0.233316 0 0.0312313 0.446559
0 0.5625 0.237441 0 0.0330054 0.419976
0 0.5625 0.238706 0 0.0196237 0.4171
0 0.5625 0.240414 0 0.0253967 0.413717
0 0.5625 0.239948 0 0.0243019 0.409204
0 0.478421 0.250539 0.0120349 0.0156348 0.407866
0 0.4504 0.253738 0.0144826 0.0206027 0.393868
0 0.161352 0.258345 0.0169182 0.0182671 0.393539
0 0.142679 0.25814 0.0195901 0.0206142 0.384337
0 0.561805 0.250929 0.00139084 0.0207051 0.38097
0 0.5625 0.238952 0 0.0358104 0.373232
0 0.5625 0.241887 0 0.0308814 0.328659
0 0.035418 0.261298 0.0311 0.0255464 0.328306
0 0.5625 0.247154 0 0.0228635 0.326326
0 0.5625 0.241218 0 0.0250566 0.301352
0 0.524013 0.24971 0.0123535 0.0145119 0.301269
0 0.322486 0.256807 0.0148064 0.0192043 0.300713
0 0.537523 0.251355 0.0145434 0.0170264 0.287873
0 0.467022 0.251665 0.0112594 0.016274 0.283873
0 0.216314 0.258391 0.0246513 0.0208473 0.282783
0 0.5625 0.233475 0 0.0263959 0.269348
0 0.47352 0.250884 0.0113742 0.0153223 0.265355
0 0.5625 0.234799 0 0.0323107 0.262478
0 0.192515 0.256376 0.0180998 0.0181505 0.259233
0 0.5625 0.245935 0 0.037225 0.254337
0 0.550826 0.247734 0.0166661 0.0211468 0.252991
0 0.5625 0.240223 0 0.0190281 0.245853
0 0.453526 0.253031 0.0128103 0.0181995 0.241379
0 0.5625 0.22913 0 0.0223808 0.236632
0 0.26432 0.260198 0.0131268 0.0158195 0.236434
0 0.0701832 0.260327 0.0310872 0.0266291 0.236201
0 0.209206 0.258529 0.0345403 0.0235397 0.235287
0 0.222215 0.258739 0.0219243 0.0215669 0.23009
0 0.5625 0.242125 0 0.02199 0.22941
0 0.0774783 0.259376 0.020766 0.0260843 0.226461
0 0.433731 0.252675 0.0138075 0.0198462 0.219903
0 0.273744 0.259093 0.0141697 0.0172752 0.219613
0 0.441913 0.253012 0.0166419 0.0227233 0.217914
0 0.245343 0.260174 0.016498 0.0158756 0.210015
0 0.802217 0.243861 0.0189765 0.0212098 0.209117
0 0.577224 0.250889 0.0175639 0.0188138 0.207983
0 0.570096 0.251325 0.0150812 0.0169424 0.207858
0 0.659882 0.232642 0.0199888 0.0220108 0.205713
0 0.21944 0.258403 0.0167929 0.0164158 0.203159
0 0.00975461 0.258418 0.0199717 0.0368788 0.201386
0 0.781214 0.24053 0.027769 0.0226955 0.201374
0 0.977089 0.249568 0.043162 0.0449082 0.201177
0 0.873816 0.237669 0.0233751 0.0213537 0.201127
0 0.165876 0.258007 0.0145008 0.0161008 0.200552
0 0.494411 0.252986 0.0116636 0.0147332 0.198705
0 0.871904 0.242134 0.0220886 0.0215406 0.198585
0 0.149505 0.258035 0.0161386 0.0163626 0.198
0 0.701512 0.227374 0.0183496 0.0179013 0.196512
0 0.983813 0.23482 0.0197611 0.018969 0.196304
0 0.591655 0.244527 0.0168835 0.0174798 0.195293
0 0.497049 0.251322 0.0117409 0.0148597 0.191981
0 0.99615 0.235295 0.0116394 0.0192189 0.191568
0 0.157733 0.258827 0.0153932 0.0159921 0.189644
0 0.950301 0.235918 0.0199167 0.0186051 0.188402
0 0.725713 0.230517 0.025225 0.0188649 0.186953
0 0.679004 0.229403 0.0153732 0.0204148 0.184972
0 0.141681 0.255122 0.0150213 0.0149963 0.183571
0 0.897801 0.240184 0.0226879 0.0218133 0.183501
0 0.921149 0.244993 0.0679888 0.0503772 0.183126
0 0.311898 0.258414 0.0156265 0.018077 0.180124
0 0.756057 0.23688 0.0241137 0.0222519 0.176661
0 0.786626 0.238273 0.0238228 0.0200869 0.176333
0 0.977067 0.229661 0.0188969 0.0194011 0.174844
0 0.0767898 0.255534 0.0157679 0.0186328 0.171863
0 0.916846 0.233324 0.0342724 0.0224797 0.171794
0 0.968334 0.233639 0.0242506 0.0215548 0.170083
0 0.563651 0.250376 0.018743 0.0205423 0.167118
0 0.931622 0.236967 0.0229914 0.019989 0.166678
0 0.58085 0.249083 0.0161637 0.0186762 0.166522
0 0.415744 0.256303 0.0121132 0.0158194 0.166454
0 0.586995 0.247508 0.017127 0.017369 0.165949
0 0.225494 0.259393 0.0155062 0.0159971 0.165788
0 0.197193 0.256829 0.0208843 0.0184866 0.165692
0 0.0408466 0.261833 0.0225436 0.0221946 0.165439
0 0.502552 0.252024 0.0123725 0.0147541 0.164967
0 0.511711 0.251186 0.0121471 0.0155403 0.164386
0 0.428238 0.252634 0.0157166 0.0200361 0.164105
0 0.808685 0.241878 0.0198647 0.0186564 0.162137
0 0.596928 0.247262 0.0308229 0.0279623 0.16034
0 0.974174 0.233919 0.0207819 0.0211489 0.159655
0 0.166872 0.261559 0.0172035 0.0189916 0.159405
0 0.866717 0.241682 0.0184198 0.0213792 0.158395
0 0.763481 0.234865 0.0309683 0.0243042 0.157262
0 0.942938 0.235502 0.0248295 0.0205708 0.156864
0 0.924617 0.23332 0.0312151 0.01937 0.155937
0 0.0888011 0.259697 0.0378783 0.0292904 0.154506
0 0.749434 0.235872 0.0227966 0.0218827 0.154265
0 0.698445 0.23347 0.0291329 0.0282374 0.153248
0 0.928788 0.240778 0.0339079 0.0243226 0.152851
0 0.465163 0.253329 0.0100977 0.0133355 0.152697
0 0.318454 0.25578 0.0149369 0.0198115 0.152603
0 0.201655 0.257977 0.0171927 0.016017 0.152455
0 0.677665 0.238085 0.015178 0.0194699 0.152251
0 0.950346 0.240478 0.0208122 0.0184065 0.152103
0 0.706108 0.229371 0.0168097 0.0170541 0.151142
0 0.163548 0.254542 0.0141332 0.0139258 0.150329
0 0.26122 0.259478 0.0166632 0.0193029 0.149998
0 0.661515 0.242132 0.0210541 0.021164 0.148028
0 0.559979 0.251355 0.015638 0.0183727 0.147601
0 0.298936 0.259426 0.0186996 0.0194533 0.14718
0 0.920822 0.237658 0.0382748 0.0234283 0.146264
0 0.109322 0.258748 0.0249113 0.0232816 0.145796
0 0.77002 0.239561 0.0186255 0.0175274 0.145654
0 0.732026 0.229389 0.0160892 0.0150066 0.142563
0 0.658883 0.248176 0.0261767 0.0258746 0.142248
0 0.0581433 0.261363 0.0207966 0.023019 0.14223
0 0.190072 0.258711 0.0143985 0.0156797 0.141929
0 0.409554 0.249828 0.0231974 0.0242973 0.140742
0 0.657897 0.239912 0.0266179 0.0316781 0.140253
0 0.00853449 0.251314 0.0172935 0.0295695 0.139784
0 0.742564 0.232596 0.0258411 0.0220167 0.139178
0 0.361175 0.257993 0.0176211 0.0199993 0.138472
0 0.0314246 0.260429 0.0224082 0.0200079 0.138465
0 0.81273 0.240434 0.0194658 0.020451 0.136957
0 0.49635 0.255111 0.00995636 0.01365 0.136334
0 0.326739 0.258361 0.0155446 0.0190291 0.134402
0 0.732384 0.232305 0.0192565 0.0162421 0.134069
0 0.0968076 0.259203 0.0331118 0.0274094 0.134027
0 0.555648 0.24809 0.0143346 0.0164564 0.132864
0 0.153184 0.256281 0.0160942 0.0178006 0.132711
0 0.0100164 0.268895 0.0195048 0.0415198 0.132038
0 0.480642 0.253332 0.0102236 0.0131542 0.131433
0 0.859887 0.238288 0.0221252 0.0206782 0.131418
0 0.080483 0.254239 0.0178132 0.0186468 0.13086
0 0.254661 0.259003 0.0147787 0.0172692 0.130152
0 0.690795 0.225761 0.0332506 0.0281138 0.128433
0 0.117459 0.25939 0.0221904 0.0240459 0.126837
0 0.047517 0.260303 0.0209847 0.0197889 0.126242
0 0.800498 0.239972 0.0214376 0.0197503 0.125992
0 0.210915 0.259213 0.0181437 0.0163729 0.125442
0 0.714102 0.234128 0.0190461 0.0189251 0.121978
0 0.718027 0.232327 0.0189273 0.0164647 0.121889
0 0.308595 0.257426 0.014225 0.0172654 0.121773
0 0.33717 0.258829 0.0141648 0.016115 0.121321
0 0.172178 0.259698 0.0168772 0.0171215 0.121318
0 0.913634 0.237535 0.0243248 0.0173695 0.120619
0 0.663821 0.248878 0.0371909 0.0305335 0.119888
0 0.710332 0.230111 0.0168679 0.0167488 0.117059
0 0.680357 0.241889 0.0231122 0.0266507 0.116633
0 0.0791298 0.252796 0.0141101 0.0138811 0.116209
0 0.664495 0.249715 0.026617 0.0236135 0.116182
0 0.909928 0.23775 0.0202305 0.0219355 0.114396
0 0.674412 0.245115 0.0195735 0.0233308 0.114218
0 0.135173 0.261437 0.0267268 0.0273048 0.113787
0 0.764047 0.238511 0.0191563 0.018202 0.113571
0 0.989065 0.229471 0.0158527 0.0197668 0.112557
0 0.273954 0.255294 0.0165763 0.021128 0.110969
0 0.36396 0.260272 0.0178553 0.0192086 0.108393
0 0.876635 0.231782 0.0195999 0.0194567 0.107964
0 0.943723 0.230501 0.0194643 0.0179531 0.107153
0 0.0107319 0.249587 0.018095 0.0219774 0.106086
0 0.937093 0.230567 0.0207369 0.0179103 0.104353
0 0.41279 0.255676 0.0128588 0.0153031 0.103783
0 0.896031 0.231578 0.0205355 0.0183612 0.103707
0 0.796476 0.230733 0.0191213 0.0182579 0.103279
0 0.857511 0.232614 0.0189837 0.0194644 0.102046
0 0.126297 0.257969 0.0161185 0.019346 0.101297
0 0.881848 0.231741 0.0191071 0.0171699 0.100058
0 0.072667 0.261528 0.0166078 0.0191441 0.0997814
0 0.0531077 0.26157 0.0186897 0.01907 0.0996043
0 0.0726182 0.257132 0.0203844 0.0197904 0.0994927
0 0.681967 0.239978 0.0164986 0.0196119 0.0993106
0 0.727443 0.230971 0.0163644 0.0159836 0.0991434
0 0.651374 0.24914 0.0240023 0.02755 0.098526
0 0.367319 0.255531 0.0171263 0.0204374 0.0966973
0 0.586125 0.254889 0.0164116 0.0220314 0.0957734
0 0.729074 0.234143 0.0183333 0.0171302 0.0951254
0 0.755528 0.235816 0.0179357 0.0174465 0.0949168
0 0.0965924 0.258778 0.0209864 0.0204351 0.0940416
0 0.685118 0.229681 0.0178067 0.0167717 0.0937459
0 0.604867 0.24369 0.0366076 0.0334176 0.0936436
0 0.343907 0.259313 0.0141175 0.0178191 0.0934027
0 0.352383 0.256405 0.0155343 0.018148 0.0933592
0 0.648093 0.244824 0.0508609 0.0443997 0.0912327
0 0.406464 0.254005 0.0157661 0.0195505 0.0910966
0 0.00454865 0.257211 0.00991155 0.0291177 0.0902377
0 0.29107 0.255168 0.0184166 0.0199494 0.0896036
0 0.801317 0.231316 0.0198126 0.0173512 0.0885574
0 0.419451 0.256835 0.014621 0.0186315 0.0885212
0 0.774971 0.236726 0.0159518 0.0162479 0.0856162
0 0.895323 0.235283 0.0236715 0.0181959 0.0854807
0 0.382858 0.243543 0.0174736 0.0199868 0.0840248
0 0.693582 0.235269 0.024143 0.0200161 0.0838796
0 0.625784 0.244568 0.0161856 0.018077 0.0817667
0 0.2219 0.255411 0.0170844 0.0178488 0.0802052
0 0.662069 0.257593 0.0220193 0.0193857 0.0772576
0 0.646852 0.252799 0.0193111 0.0238144 0.0762011
0 0.863949 0.236402 0.020462 0.0191592 0.0759889
0 0.269048 0.255939 0.0155908 0.0175855 0.075411
0 0.0195085 0.25239 0.0187232 0.0168936 0.0746283
0 0.0911913 0.258518 0.0174103 0.0178299 0.0743621
0 0.139277 0.26036 0.0186336 0.0233884 0.0736519
0 0.121145 0.260116 0.0175166 0.0188117 0.072067
0 0.387529 0.249841 0.0343494 0.0335384 0.0707289
0 0.355608 0.250101 0.0199488 0.0248177 0.0702768
0 0.745368 0.231595 0.0170174 0.0168899 0.0701282
0 0.0350771 0.26244 0.0183128 0.0226982 0.0681832
0 0.828973 0.233188 0.0194746 0.0171942 0.0678519
0 0.626916 0.2387 0.0646584 0.0508297 0.0664428
0 0.645455 0.25845 0.0171853 0.0194426 0.0663553
0 0.035149 0.254583 0.0213832 0.0156689 0.0656303
0 0.885888 0.235982 0.0204693 0.0181899 0.0633801
0 0.597352 0.219288 0.0277824 0.0436041 0.0629027
0 0.568332 0.255891 0.0133678 0.0169403 0.062485
0 0.114209 0.256484 0.0161391 0.0162161 0.0563298
0 0.629705 0.245795 0.0273665 0.0264706 0.0544892
0 0.379342 0.246851 0.0173316 0.0178343 0.053674
0 0.518601 0.251757 0.0103971 0.0135362 0.053283
0 0.364585 0.253181 0.01886 0.0186631 0.0531266
0 0.249201 0.257749 0.0174646 0.0169204 0.0529133
0 0.538735 0.253844 0.0114067 0.0149148 0.0510397
0 0.618186 0.242954 0.0246047 0.0260135 0.0485335
0 0.576079 0.254588 0.0144041 0.0183382 0.0477174
0 0.627721 0.251196 0.0420822 0.0384791 0.0426764
0 0.617414 0.247708 0.0543427 0.041816 0.0424546
0 0.0547659 0.202955 0.0670292 0.0939256 0.0424159
0 0.842448 0.237058 0.0202648 0.0178437 0.0410762
0 0.671623 0.250663 0.0172267 0.0212241 0.0405811
0 0.654407 0.230321 0.0156487 0.0184905 0.0401164
0 0.79334 0.237459 0.0183757 0.0173351 0.0381868
0 0.996374 0.244406 0.00812931 0.0267196 0.0369342
0 0.467182 0.244656 0.0121781 0.0187461 0.0343878
0 0.0382644 0.203661 0.0655518 0.106516 0.0339538
0 0.614363 0.245771 0.0223287 0.0228866 0.0337839
0 0.165186 0.904489 0.0279771 0.0382595 0.0335798
0 0.674589 0.16014 0.0367022 0.045183 0.0311137
0 0.00643536 0.281299 0.0121759 0.030131 0.0305712
0 0.0710249 0.202312 0.0573414 0.0900107 0.0301114
0 0.255953 0.29881 0.0246807 0.0384559 0.0299671
0 0.742516 0.123935 0.0310955 0.0452361 0.0289679
0 0.0677837 0.235312 0.0329542 0.0450675 0.0286846
0 0.494247 0.229212 0.0111794 0.0157335 0.0281369
0 0.990963 0.196615 0.0162186 0.0616983 0.0275711
0 0.983746 0.187129 0.0376272 0.108509 0.0274412
0 0.975824 0.263407 0.0552048 0.0844712 0.0274266
0 0.640581 0.216601 0.0260507 0.030424 0.0270334
0 0.484724 0.230372 0.0106396 0.0149959 0.0265285
0 0.384497 0.235415 0.0144811 0.0170637 0.0261222
0 0.455095 0.237079 0.0143888 0.0199465 0.0260965
0 0.811615 0.24751 0.0193995 0.0208928 0.0260884
0 0.990147 0.249544 0.0194019 0.0369694 0.0258042
0 0.806614 0.24565 0.0173255 0.021035 0.0254864
0 0.374081 0.881286 0.0451185 0.0574546 0.025049
0 0.682055 0.16847 0.0318508 0.0363096 0.0242818
0 0.11464 0.821319 0.134455 0.223981 0.0239561
0 0.379431 0.232502 0.0138782 0.017581 0.023372
0 0.434701 0.256025 0.011505 0.0162727 0.0227234
0 0.475244 0.256663 0.0103306 0.016358 0.0227053
0 0.477661 0.231808 0.010858 0.0155986 0.0225951
0 0.508257 0.227446 0.0115061 0.0161403 0.022201
0 0.390602 0.234039 0.0146417 0.016913 0.0219721
0 0.158704 0.891143 0.0422356 0.0612693 0.0218459
0 0.471559 0.232038 0.0104054 0.015519 0.0217916
0 0.461793 0.25652 0.0109556 0.0176697 0.0216637
0 0.113809 0.890353 0.133016 0.119291 0.0216381
0 0.971933 0.875299 0.0545879 0.188076 0.0215734
0 0.488132 0.257093 0.0105043 0.0166355 0.0215233
0 0.247133 0.90152 0.0357004 0.0323668 0.0213344
0 0.995682 0.295682 0.0132769 0.0666011 0.0210476
0 0.8718 0.247945 0.0194221 0.0206771 0.0206844
0 0.191047 0.902208 0.0665187 0.053476 0.0206099
0 0.899458 0.409819 0.104258 0.150977 0.0197454
0 0.348296 0.194042 0.0289729 0.0386426 0.0197142
0 0.861908 0.248886 0.0189951 0.0205546 0.0195234
0 0.616182 0.209101 0.0278661 0.0364084 0.0194422
0 0.749261 0.121519 0.0459672 0.0623914 0.0193596
0 0.947325 0.41023 0.0737259 0.163238 0.0193535
0 0.686526 0.365702 0.0852696 0.134278 0.0192382
0 0.576043 0.225552 0.0141081 0.0176895 0.0192042
0 0.907352 0.159762 0.0622711 0.0944347 0.0191931
0 0.15748 0.197711 0.0474414 0.0712591 0.0191424
0 0.815146 0.245355 0.0176094 0.0197883 0.019111
0 0.498009 0.258272 0.0108953 0.0176395 0.0189665
0 0.857269 0.162182 0.0763973 0.0933454 0.0189493
0 0.56473 0.224892 0.0159334 0.0212447 0.0188741
0 0.448257 0.258895 0.0113003 0.0183622 0.0187998
0 0.382189 0.873803 0.0609818 0.0693944 0.0187652
0 0.0554917 0.664435 0.097004 0.164606 0.0187266
0 0.593674 0.226349 0.0184098 0.0249246 0.0186843
0 0.069022 0.80106 0.122137 0.227562 0.0186785
0 0.831016 0.163308 0.059351 0.0808483 0.0186192
0 0.657781 0.159643 0.0492388 0.0574303 0.0185021
