0 0.386106 0.594635 0.0371873 0.0496297 0.895666
0 0.486741 0.602188 0.0319296 0.0445503 0.877761
0 0.539389 0.618519 0.0462222 0.115805 0.870141
0 0.513024 0.616335 0.0238804 0.0629277 0.39433
0 0.0985755 0.569929 0.0328445 0.0348256 0.377785
0 0.5625 0.677481 0 0.106519 0.317258
0 0.0540473 0.565024 0.0280492 0.0393727 0.312901
0 0.015036 0.558401 0.0298246 0.0485785 0.285502
0 0.0325135 0.560701 0.0603969 0.0496005 0.271309
0 0.5625 0.683008 0 0.0757742 0.198672
0 0.518284 0.614014 0.0317615 0.0735294 0.18904
0 0.00945919 0.550443 0.0187682 0.0644694 0.188605
0 0.100084 0.574227 0.0272966 0.0247802 0.184047
0 0.0729584 0.561094 0.0644679 0.0572919 0.181826
0 0.286621 0.589876 0.0186165 0.0180098 0.178281
0 0.5625 0.67656 0 0.153895 0.161309
0 0.0533281 0.572479 0.02369 0.0255514 0.155995
0 0.0936779 0.554913 0.0484323 0.0626694 0.153032
0 0.00791571 0.568785 0.0155984 0.0315397 0.147791
0 0.134243 0.569999 0.0373898 0.0370127 0.141247
0 0.00692851 0.558922 0.013857 0.0485541 0.140897
0 0.00636218 0.574247 0.0123225 0.0258476 0.137845
0 0.0938417 0.573911 0.0212602 0.0244151 0.135422
0 0.107053 0.572807 0.0192105 0.0222599 0.134498
0 0.5625 0.677028 0 0.122647 0.133307
0 0.5625 0.623079 0 0.228698 0.127652
0 0.0505889 0.568167 0.0193137 0.0267526 0.126914
0 0.00355359 0.567735 0.00710717 0.0340174 0.125026
0 0.282483 0.586602 0.0258221 0.0254381 0.113623
0 0.079318 0.547664 0.0770431 0.0821938 0.111272
0 0.120165 0.561254 0.0595119 0.0593151 0.110053
0 0.0217279 0.562014 0.0236257 0.0345568 0.109719
0 0.5625 0.656095 0 0.148243 0.106289
0 0.527133 0.609179 0.0439264 0.0952229 0.0995305
0 0.292113 0.586529 0.0317648 0.0259365 0.0948278
0 0.5625 0.61946 0 0.0452353 0.093071
0 0.0349346 0.551602 0.0698692 0.0737988 0.0926751
0 0.0124365 0.563652 0.0200649 0.0373518 0.0893809
0 0.103326 0.548186 0.0508353 0.0773087 0.0869031
0 0.0150895 0.571514 0.0237739 0.0249173 0.0868645
0 0.450162 0.559489 0.0231517 0.0377881 0.0861337
0 0.5625 0.671884 0 0.114192 0.0843315
0 0.28484 0.593101 0.0154022 0.0161413 0.0836977
0 0.0591628 0.569254 0.0263425 0.0281116 0.0831674
0 0.5625 0.692395 0 0.158903 0.0826774
0 0.5625 0.613822 0 0.241033 0.0825277
0 0.5625 0.59247 0 0.138435 0.0819741
0 0.5625 0.595553 0 0.0947261 0.0804877
0 0.400356 0.587095 0.014716 0.0248091 0.0801554
0 0.5625 0.693154 0 0.13201 0.07817
0 0.506164 0.607925 0.0146883 0.0365013 0.0769513
0 0.166337 0.570976 0.0324235 0.0351317 0.0768065
0 0.402443 0.589701 0.0117962 0.0225912 0.0767105
0 0.0178859 0.563734 0.0201966 0.0287665 0.0760683
0 0.0353421 0.559996 0.0264898 0.0316953 0.0757466
0 0.451447 0.564941 0.0307966 0.0481739 0.0754531
0 0.026263 0.570417 0.0207971 0.0257161 0.0739347
0 0.139184 0.566136 0.0534713 0.0462305 0.0728367
0 0.517768 0.610985 0.0174354 0.0465978 0.0713824
0 0.10341 0.569591 0.020247 0.0253902 0.0712106
0 0.157794 0.568016 0.0373248 0.0363202 0.0696714
0 0.0907313 0.569906 0.0177982 0.0238194 0.0696148
0 0.40659 0.586484 0.0139997 0.0222797 0.0678032
0 0.976235 0.718956 0.0476185 0.191621 0.0671194
0 0.785327 0.594916 0.0976698 0.110592 0.0642822
0 0.343625 0.582083 0.0213991 0.0235686 0.0625454
0 0.650394 0.611811 0.0650097 0.0672448 0.0624585
0 0.485367 0.59908 0.0204329 0.031142 0.0621839
0 0.274559 0.583646 0.0463676 0.03386 0.0618496
0 0.406924 0.580641 0.018581 0.0285714 0.0597364
0 0.665258 0.618217 0.0451313 0.0597332 0.0587301
0 0.46035 0.579402 0.0214273 0.0304103 0.0560632
0 0.977894 0.633104 0.0452612 0.231159 0.055965
0 0.984443 0.631913 0.0305819 0.195398 0.0555873
0 0.479387 0.598 0.0180339 0.0307095 0.0552188
0 0.289757 0.592198 0.0166737 0.0165583 0.0550121
0 0.131101 0.568355 0.0213951 0.0215407 0.0539545
0 0.449884 0.553885 0.0163472 0.0242531 0.0535975
0 0.131172 0.572721 0.0245693 0.023654 0.0532553
0 0.802323 0.434284 0.0298266 0.096609 0.0529846
0 0.964552 0.637783 0.0675076 0.200368 0.0528561
0 0.335396 0.577874 0.0307119 0.03072 0.0520054
0 0.8287 0.583411 0.190289 0.206866 0.0515947
0 0.294502 0.587716 0.0220913 0.0210747 0.0514236
0 0.933206 0.724979 0.137691 0.222385 0.0512387
0 0.679662 0.613322 0.052011 0.0599921 0.0495284
0 0.183978 0.565637 0.0525265 0.0471379 0.0493365
0 0.373261 0.591982 0.0135995 0.0229948 0.0491983
0 0.0770262 0.573736 0.0348032 0.0418489 0.0487095
0 0.553078 0.0634656 0.0615476 0.100994 0.0481184
0 0.406265 0.595514 0.0136736 0.0229601 0.0476235
0 0.820749 0.625721 0.150175 0.143087 0.0465449
0 0.509424 0.611709 0.0160641 0.0394257 0.0460764
0 0.405046 0.580939 0.012958 0.0204694 0.0459833
0 0.0211435 0.57357 0.0280211 0.0435421 0.0455629
0 0.0955418 0.553246 0.0300674 0.0439547 0.045353
0 0.886945 0.655661 0.115996 0.120594 0.0449429
0 0.371898 0.587188 0.0123321 0.0268853 0.0448069
0 0.120029 0.572561 0.0199687 0.0227894 0.0444058
0 0.902486 0.699208 0.181824 0.19734 0.0442185
0 0.9266 0.690649 0.0849815 0.110258 0.0435906
0 0.471044 0.593842 0.0134629 0.021921 0.0435072
0 0.275475 0.58651 0.024216 0.0235675 0.0431424
0 0.322073 0.578103 0.0388436 0.0341159 0.0427688
0 0.409979 0.587117 0.0139658 0.0204191 0.0426496
0 0.396932 0.582152 0.017746 0.0211143 0.0425953
0 0.0605539 0.559724 0.0417547 0.0528669 0.0421784
0 0.698601 0.59998 0.096814 0.104799 0.0421706
0 0.869009 0.657725 0.187715 0.147726 0.0421614
0 0.369274 0.585831 0.0125906 0.0210702 0.0421388
0 0.450428 0.546288 0.0161578 0.0221158 0.0418972
0 0.741346 0.569423 0.0796963 0.126426 0.0418527
0 0.634533 0.593157 0.0807662 0.0991291 0.0414747
0 0.137651 0.574086 0.0232674 0.0235009 0.0408516
0 0.568183 0.630206 0.0660826 0.0881109 0.0407643
0 0.803966 0.448708 0.0458113 0.116684 0.0401717
0 0.73761 0.610701 0.0696061 0.0836808 0.0400781
0 0.743806 0.574521 0.17648 0.154805 0.0399623
0 0.343325 0.585986 0.0172973 0.019017 0.0399197
0 0.616542 0.586369 0.0584769 0.0887911 0.0397953
0 0.720435 0.617045 0.0658416 0.0709443 0.0394849
0 0.690749 0.583951 0.0411319 0.0936453 0.0394158
0 0.611992 0.572715 0.0527018 0.0619159 0.0388379
0 0.218948 0.567908 0.0618642 0.0546278 0.0386886
0 0.876118 0.632657 0.0989096 0.111488 0.0385221
0 0.476483 0.595589 0.0151024 0.0251957 0.0384806
0 0.940097 0.565032 0.12139 0.350501 0.0383454
0 0.299992 0.582614 0.0485913 0.0389578 0.0381435
0 0.68409 0.591793 0.0622285 0.115036 0.0374099
0 0.014501 0.525591 0.030132 0.0998396 0.0373431
0 0.180456 0.552887 0.0599238 0.0731825 0.0368574
0 0.458982 0.589558 0.015127 0.0234169 0.0367833
0 0.625319 0.603147 0.0587708 0.0771684 0.0366011
0 0.419106 0.574204 0.0230097 0.0357451 0.0363098
0 0.160063 0.557392 0.106647 0.0932226 0.0361724
0 0.865192 0.667574 0.0945742 0.112001 0.0352247
0 0.0310043 0.505758 0.0424433 0.0628634 0.0348413
0 0.713854 0.587373 0.118565 0.140717 0.0343443
0 0.163377 0.574428 0.0225319 0.0265547 0.0343042
0 0.49757 0.605709 0.0180435 0.0364928 0.0338521
0 0.796128 0.567849 0.066322 0.097118 0.0337191
0 0.868766 0.619448 0.0735533 0.0768189 0.0330456
0 0.288563 0.598969 0.0160122 0.0179016 0.0328395
0 0.155034 0.570404 0.0209056 0.0213589 0.0324098
0 0.365835 0.583336 0.0183471 0.0221175 0.032386
0 0.819059 0.457359 0.07234 0.133235 0.0323527
0 0.397297 0.590585 0.0161994 0.025359 0.0323523
0 0.42406 0.586584 0.0368507 0.0510257 0.0321144
0 0.687568 0.616944 0.0803138 0.0750237 0.0320519
0 0.325019 0.583862 0.0198063 0.0221873 0.0320136
0 0.465898 0.589086 0.0162976 0.0237673 0.0318256
0 0.311111 0.583292 0.0388186 0.0299509 0.0316219
0 0.269914 0.576474 0.0490024 0.0491448 0.031303
0 0.404546 0.607488 0.0190127 0.0345626 0.031092
0 0.496035 0.602791 0.0134692 0.0287891 0.0310064
0 0.668505 0.602778 0.0308788 0.0766535 0.0309039
0 0.566784 0.55183 0.0340483 0.0328971 0.0306857
0 0.415655 0.595371 0.0206231 0.0344071 0.0304974
0 0.457808 0.584294 0.0156391 0.0211078 0.0304358
0 0.209826 0.570451 0.0479331 0.0423718 0.0301692
0 0.217412 0.555993 0.0775213 0.076948 0.0299492
0 0.377611 0.59175 0.0198621 0.026894 0.0299116
0 0.474815 0.596529 0.0214731 0.0313694 0.0299066
0 0.76182 0.615341 0.0956821 0.103335 0.0296941
0 0.264699 0.577971 0.0403524 0.0359784 0.0293264
0 0.605985 0.582294 0.0359707 0.0616547 0.0293242
0 0.793131 0.540998 0.0740569 0.0881182 0.0292155
0 0.668317 0.590022 0.0396248 0.0876289 0.0288007
0 0.807846 0.610785 0.0878847 0.118086 0.0287881
0 0.653955 0.635932 0.0649659 0.10059 0.0286591
0 0.433979 0.584703 0.0170616 0.0213108 0.0285947
0 0.329041 0.572525 0.0400201 0.0420804 0.0281469
0 0.609659 0.616479 0.0342944 0.0548485 0.0281152
0 0.218245 0.542144 0.145189 0.157158 0.028041
0 0.83085 0.512584 0.141741 0.247525 0.0279371
0 0.956545 0.722603 0.0831398 0.243059 0.0277365
0 0.288522 0.603419 0.0172861 0.0200189 0.027386
0 0.884032 0.408037 0.0427181 0.114332 0.0269378
0 0.60433 0.561548 0.0373521 0.0460345 0.0268887
0 0.541715 0.598257 0.0618268 0.0742434 0.0268082
0 0.31545 0.567842 0.0769899 0.0843739 0.026712
0 0.45494 0.602935 0.0156914 0.0266541 0.0266833
0 0.453376 0.540699 0.0166583 0.027756 0.0265519
0 0.375473 0.583399 0.0175659 0.0208744 0.0265158
0 0.380406 0.587233 0.0182954 0.0262234 0.0264762
0 0.0729283 0.891344 0.125389 0.171106 0.0264271
0 0.308028 0.572123 0.0521355 0.0505113 0.0263606
0 0.282695 0.585135 0.0189998 0.0206879 0.0259163
0 0.640215 0.613995 0.0902514 0.110775 0.0255909
0 0.270383 0.58439 0.0255157 0.0217311 0.0255095
0 0.365525 0.589561 0.0174258 0.0229127 0.0254602
0 0.296437 0.592434 0.0185517 0.0175387 0.0254102
0 0.102933 0.348984 0.0327388 0.0853326 0.0254021
0 0.968684 0.578443 0.0588741 0.159429 0.0253585
0 0.855281 0.639906 0.105077 0.128878 0.0253133
0 0.481621 0.587221 0.0174285 0.0212102 0.0252402
0 0.938925 0.63139 0.0946642 0.134367 0.0250427
0 0.254819 0.585417 0.0159409 0.0214982 0.0247312
0 0.197564 0.55278 0.0966752 0.0845693 0.0246012
0 0.170002 0.560727 0.0395765 0.0543077 0.0245472
0 0.376342 0.996743 0.02367 0.0234322 0.024253
0 0.55868 0.557613 0.0334226 0.0318287 0.0241118
0 0.128067 0.554749 0.0402876 0.0486609 0.023839
0 0.0713167 0.525945 0.0828268 0.0991722 0.0235194
0 0.988384 0.741728 0.0240692 0.188731 0.0234329
0 0.541495 0.575945 0.0319089 0.0415925 0.0231643
0 0.147538 0.58324 0.0222624 0.0271176 0.0230594
0 0.389632 0.588242 0.0212921 0.0307151 0.0230109
0 0.355897 0.596404 0.0152615 0.0204585 0.0229733
0 0.17633 0.57027 0.0199279 0.0231399 0.0227726
0 0.787781 0.499963 0.110533 0.238185 0.0227519
0 0.427203 0.578637 0.0172097 0.0241747 0.0226843
0 0.846694 0.548366 0.0766195 0.101992 0.0223674
0 0.330107 0.597571 0.019034 0.0244575 0.0222577
0 0.0504045 0.523811 0.0688269 0.0921455 0.0221639
0 0.250355 0.508979 0.0294847 0.0390372 0.0221467
0 0.684065 0.632403 0.0567085 0.0678521 0.0220981
0 0.696501 0.561681 0.146722 0.170504 0.021868
0 0.931653 0.721784 0.103455 0.159861 0.0217743
0 0.0630838 0.33195 0.122811 0.162849 0.0216608
0 0.140158 0.556418 0.0775927 0.0711127 0.0215301
0 0.469939 0.622351 0.028507 0.0561612 0.0209829
0 0.567377 0.533565 0.0335061 0.054305 0.0209025
0 0.985108 0.575201 0.0296804 0.155195 0.020747
0 0.576683 0.617319 0.0608652 0.0881688 0.0207155
0 0.710912 0.625051 0.0875077 0.089261 0.0207029
0 0.263737 0.583618 0.0282178 0.0275667 0.0206099
0 0.802675 0.648257 0.123684 0.154303 0.0205941
0 0.114267 0.582147 0.0318206 0.0404561 0.0205649
0 0.43858 0.582381 0.0165006 0.021981 0.0203394
0 0.472685 0.589304 0.0320063 0.0485119 0.0202378
0 0.00743591 0.524666 0.0138037 0.0513432 0.0202229
0 0.603982 0.638701 0.0342416 0.0609791 0.0202014
0 0.130032 0.259229 0.0262826 0.0410743 0.0201164
0 0.947602 0.573652 0.091857 0.140703 0.020064
0 0.671745 0.63824 0.0455036 0.0734673 0.0200119
0 0.981385 0.785456 0.0385639 0.194501 0.0198347
0 0.321193 0.512169 0.0433074 0.0578735 0.0196332
0 0.627891 0.618036 0.0717512 0.0829405 0.0196007
0 0.58385 0.5764 0.0421248 0.0459577 0.019552
0 0.208038 0.57557 0.0261786 0.0283576 0.0194968
0 0.780906 0.520335 0.0540077 0.0556512 0.0192093
0 0.508576 0.605774 0.0331614 0.0757719 0.0191863
0 0.260686 0.600706 0.0231795 0.0245994 0.0190875
0 0.318719 0.488169 0.0254995 0.0328986 0.0190472
0 0.0949129 0.532931 0.053959 0.0883631 0.0190302
0 0.938303 0.59752 0.0826778 0.124119 0.0189472
0 0.27163 0.595221 0.0179366 0.0201024 0.0188878
0 0.333513 0.575035 0.0218233 0.0270539 0.0188257
0 0.105413 0.527589 0.0435261 0.0740451 0.0188045
0 0.425815 0.570408 0.0172134 0.0232648 0.018577
0 0.589791 0.629065 0.0321112 0.0571557 0.0184748
0 0.960408 0.8751 0.0828289 0.229502 0.0183301
0 0.34738 0.466432 0.0215575 0.0305894 0.0182589
0 0.859967 0.604369 0.0619108 0.0681808 0.0180324
0 0.558077 0.563295 0.0481013 0.078947 0.018014
0 0.237185 0.585791 0.0278284 0.0261574 0.0178913
0 0.632718 0.634705 0.0853741 0.107016 0.0176677
0 0.744017 0.519241 0.0573779 0.0606208 0.0175817
0 0.886826 0.762276 0.142229 0.162859 0.0173936
0 0.367009 0.99766 0.0267068 0.0264659 0.0173327
0 0.256376 0.563643 0.0424086 0.0491416 0.0172607
0 0.84828 0.712309 0.118057 0.144093 0.0172533
0 0.850923 0.439326 0.0947657 0.135132 0.0171653
0 0.594458 0.55299 0.0517464 0.0755862 0.0169264
0 0.81138 0.435172 0.0441734 0.103756 0.0167844
0 0.0654944 0.283573 0.129786 0.238499 0.016782
0 0.959196 0.77967 0.0758492 0.192174 0.0166352
0 0.60741 0.778028 0.170832 0.239539 0.0166218
0 0.571934 0.790758 0.0584831 0.0997862 0.0165919
0 0.354471 0.466047 0.0290765 0.0352587 0.0162572
0 0.417203 0.475179 0.0320477 0.0355746 0.0162263
0 0.576277 0.532747 0.0491311 0.0714332 0.016154
0 0.0471384 0.890732 0.0835573 0.164556 0.0161283
0 0.558522 0.782093 0.0774446 0.163757 0.0161074
0 0.687082 0.639247 0.082956 0.0929324 0.0160969
0 0.863451 0.552066 0.084881 0.113753 0.016051
0 0.905805 0.617461 0.0937403 0.0917928 0.0159949
0 0.7706 0.0476618 0.0785778 0.085079 0.0158635
0 0.764716 0.6363 0.0807173 0.104561 0.0156329
0 0.583113 0.557055 0.0454165 0.0452126 0.015612
0 0.281668 0.142624 0.0908997 0.133234 0.0155734
0 0.0737615 0.225498 0.154087 0.359617 0.0155647
0 0.663432 0.402659 0.0372624 0.0517905 0.0155398
0 0.89596 0.522498 0.131685 0.200927 0.0154914
0 0.420863 0.54587 0.0165746 0.0207365 0.0154769
0 0.82111 0.650724 0.113828 0.124142 0.0154429
0 0.23451 0.549707 0.0879726 0.0970468 0.0154053
0 0.9268 0.815786 0.10703 0.179169 0.0153452
0 0.946296 0.538293 0.0904379 0.258269 0.0152487
0 0.833769 0.814357 0.204189 0.285194 0.0152106
0 0.935143 0.550954 0.0688816 0.0958137 0.0151681
0 0.837442 0.597257 0.0765246 0.0877421 0.0150612
0 0.468009 0.453579 0.0271008 0.0384249 0.0150243
0 0.146016 0.536172 0.0458354 0.0562018 0.0150083
0 0.694814 0.555116 0.0380314 0.0614059 0.014973
0 0.380037 0.581289 0.0500797 0.060481 0.0149717
0 0.632151 0.572824 0.113592 0.146937 0.0149638
0 0.318327 0.569491 0.0292674 0.0390614 0.0148509
0 0.247624 0.923195 0.0175916 0.0284402 0.0147916
