0 0.334831 0.343807 0.0249481 0.027041 0.463356
0 0.37951 0.356961 0.0174746 0.0231919 0.414384
0 0.350134 0.336937 0.0180593 0.0234572 0.317579
0 0.481277 0.358862 0.0235624 0.0323324 0.278589
0 0.305044 0.335289 0.0211222 0.0279772 0.26191
0 0.405691 0.343783 0.0280524 0.032702 0.255513
0 0.382206 0.355962 0.0224327 0.0295347 0.254066
0 0.331038 0.346583 0.0176805 0.0218397 0.215727
0 0.468158 0.355209 0.0482985 0.0431759 0.209273
0 0.310415 0.33736 0.0315524 0.0353134 0.207375
0 0.344663 0.34051 0.0163259 0.0204567 0.19621
0 0.339957 0.341948 0.0213938 0.0240282 0.194069
0 0.302487 0.337002 0.0155118 0.0188521 0.173897
0 0.421941 0.346763 0.0321287 0.0340567 0.150391
0 0.348532 0.346033 0.0139108 0.0171583 0.145727
0 0.361368 0.346869 0.0137436 0.0181499 0.144381
0 0.375 0.353334 0.0137842 0.0188427 0.140511
0 0.356488 0.344331 0.0141962 0.0190366 0.140368
0 0.328543 0.348912 0.0146823 0.0203159 0.139576
0 0.341423 0.34352 0.014036 0.0179823 0.138638
0 0.397174 0.341026 0.0164901 0.0249212 0.136929
0 0.351663 0.343105 0.0140954 0.0192752 0.133409
0 0.352118 0.338089 0.0136405 0.0169384 0.127043
0 0.39205 0.353031 0.0155499 0.0202691 0.124399
0 0.481895 0.352086 0.0285666 0.0456876 0.123353
0 0.326242 0.348245 0.0237397 0.0246805 0.123344
0 0.4011 0.348213 0.0220311 0.0258234 0.122295
0 0.482902 0.359997 0.0175256 0.0235378 0.118674
0 0.396491 0.348054 0.0174086 0.0229503 0.116376
0 0.379436 0.34951 0.0179251 0.0204365 0.113139
0 0.463336 0.350793 0.0671413 0.052914 0.110532
0 0.306642 0.338539 0.0156988 0.0209407 0.103309
0 0.298928 0.335484 0.0290055 0.0339202 0.102638
0 0.361182 0.360023 0.0141614 0.0199546 0.0993898
0 0.410762 0.346728 0.0216741 0.0257389 0.0985359
0 0.409048 0.333089 0.0415616 0.0555308 0.0923855
0 0.403052 0.347402 0.0162994 0.019426 0.0862649
0 0.474746 0.346054 0.0441368 0.0640596 0.0807975
0 0.237197 0.325371 0.0277598 0.0297551 0.0787702
0 0.0550502 0.339075 0.0181037 0.0237441 0.0775833
0 0.496154 0.347835 0.0537587 0.0595247 0.0758311
0 0.42232 0.348562 0.0236498 0.0271231 0.0707282
0 0.302042 0.34334 0.0225247 0.0305169 0.0696493
0 0.236545 0.327889 0.0342563 0.0422102 0.0683122
0 0.266312 0.325041 0.0856188 0.0688672 0.0679545
0 0.4263 0.345444 0.0162642 0.0196198 0.0671949
0 0.518628 0.34995 0.0441983 0.0614239 0.0655018
0 0.517723 0.333014 0.0281422 0.041237 0.0633464
0 0.302167 0.344942 0.0129573 0.0182977 0.0619508
0 0.393992 0.33229 0.0232034 0.035173 0.0619413
0 0.42193 0.343448 0.0195012 0.0229429 0.0609431
0 0.531123 0.343726 0.0482704 0.0597402 0.0607353
0 0.0414443 0.340467 0.0434621 0.038644 0.0569986
0 0.29814 0.341088 0.0170311 0.0192729 0.0565611
0 0.0344695 0.342837 0.0595236 0.0557732 0.0553489
0 0.0382289 0.368939 0.070536 0.103913 0.0539086
0 0.286845 0.327498 0.0540036 0.0597726 0.0536889
0 0.274084 0.34592 0.0815587 0.0829558 0.0515463
0 0.467023 0.354971 0.0262101 0.0304561 0.0513277
0 0.0743255 0.340088 0.0552325 0.0372782 0.0504774
0 0.434012 0.338801 0.0342731 0.0457657 0.0486936
0 0.247071 0.345423 0.0813494 0.0966924 0.0464227
0 0.0704176 0.365088 0.0908186 0.0959423 0.0453589
0 0.23691 0.340025 0.0382883 0.0628239 0.0444644
0 0.0326051 0.324193 0.055751 0.0780168 0.0439401
0 0.483453 0.352163 0.0197648 0.0285058 0.0429499
0 0.435585 0.349323 0.0177987 0.0247778 0.0428627
0 0.236285 0.315514 0.0368916 0.0574345 0.0421785
0 0.0053667 0.439652 0.0111847 0.142891 0.040771
0 0.449813 0.355266 0.0171168 0.0207363 0.0406411
0 0.0855901 0.34713 0.0792577 0.0586801 0.0405105
0 0.445578 0.354017 0.0203712 0.0280841 0.0405041
0 0.00852645 0.399935 0.0172662 0.13361 0.0359807
0 0.541301 0.345682 0.0647758 0.0740538 0.0356681
0 0.0934269 0.355968 0.10245 0.0777148 0.0350396
0 0.235224 0.349243 0.0585594 0.0801869 0.0341563
0 0.430949 0.341376 0.0176934 0.02472 0.0330591
0 0.0306601 0.294741 0.0456318 0.0614703 0.0316392
0 0.498342 0.358909 0.0415171 0.0569306 0.0314672
0 0.0154093 0.391419 0.0311232 0.12446 0.0308112
0 0.00484888 0.470323 0.0104434 0.126491 0.0295559
0 0.043621 0.405007 0.0842788 0.176008 0.0286268
0 0.0314747 0.37163 0.055774 0.14574 0.0284505
0 0.225135 0.314207 0.0504736 0.0632939 0.0283153
0 0.532346 0.328553 0.0461123 0.0569104 0.0273796
0 0.464338 0.329986 0.062688 0.104663 0.0263148
0 0.172039 0.570365 0.0342773 0.0341141 0.0261483
0 0.220926 0.326595 0.0608371 0.0608822 0.0257961
0 0.53053 0.358356 0.055651 0.0753398 0.0257358
0 0.01122 0.445408 0.0234845 0.21235 0.0256819
0 0.0271927 0.429196 0.0563363 0.201253 0.0253696
0 0.380317 0.364251 0.0145554 0.0195106 0.0252909
0 0.0101146 0.365424 0.0208951 0.095724 0.0247759
0 0.0358019 0.319997 0.0723956 0.133558 0.0246267
0 0.22057 0.342788 0.0651228 0.0854768 0.0238817
0 0.479579 0.392784 0.0599175 0.0839422 0.0235321
0 0.0499751 0.446888 0.0960205 0.233982 0.0235141
0 0.377584 0.356196 0.0129945 0.0169072 0.0233363
0 0.0771622 0.332348 0.0767329 0.0656492 0.0233009
0 0.54733 0.366684 0.077809 0.0911201 0.0225598
0 0.0701188 0.330685 0.0517287 0.0508143 0.0225576
0 0.0642518 0.360661 0.113953 0.147224 0.0221273
0 0.298784 0.354461 0.0180118 0.0234784 0.0219722
0 0.990043 0.463257 0.0200893 0.10787 0.0212769
0 0.208968 0.340139 0.0976961 0.0952489 0.0212004
0 0.982879 0.4584 0.0351574 0.126418 0.0211694
0 0.488474 0.527263 0.056061 0.0930425 0.0211121
0 0.291215 0.31652 0.0362547 0.049748 0.0208494
0 0.277415 0.325638 0.0898447 0.0920056 0.0207609
0 0.0547462 0.755893 0.0750666 0.120386 0.0205394
0 0.0559511 0.705431 0.0825294 0.138642 0.0204843
0 0.0165093 0.345124 0.0293017 0.0787805 0.0204601
0 0.520012 0.332813 0.0556764 0.0786144 0.0203576
0 0.56359 0.358547 0.103835 0.123801 0.0203494
0 0.97838 0.429437 0.0444647 0.161873 0.020206
0 0.960189 0.625003 0.0809072 0.257661 0.0199663
0 0.0200522 0.742308 0.0359908 0.0911606 0.0198017
0 0.00981033 0.495642 0.0216449 0.175125 0.0197583
0 0.0827499 0.759072 0.0697772 0.104977 0.0195698
0 0.163369 0.573694 0.0503113 0.0467328 0.0194362
0 0.384076 0.355223 0.0131565 0.0182239 0.0192775
0 0.967928 0.443614 0.061458 0.139664 0.0190315
0 0.0447878 0.319047 0.0581094 0.0812963 0.0190012
0 0.0493896 0.508731 0.0866367 0.161151 0.018999
0 0.0497518 0.309795 0.0410287 0.0572536 0.0189902
0 0.00535992 0.495861 0.0117442 0.113057 0.0189299
0 0.250649 0.289665 0.128175 0.170101 0.0183715
0 0.489465 0.321061 0.0718421 0.109798 0.0183701
0 0.250189 0.371861 0.0291866 0.0327828 0.0182704
0 0.960594 0.706417 0.0792425 0.229013 0.0182508
0 0.376756 0.316416 0.015349 0.0211181 0.0182325
0 0.0968484 0.309955 0.120167 0.110744 0.0180441
0 0.0686089 0.302492 0.0908374 0.0843206 0.0179775
0 0.515598 0.313503 0.0818259 0.124999 0.0179676
0 0.0487621 0.568842 0.0740194 0.104884 0.0177448
0 0.459539 0.331983 0.0445123 0.0689532 0.0177444
0 0.136603 0.607969 0.0578572 0.0689746 0.017574
0 0.525756 0.378383 0.0387944 0.0555847 0.0173135
0 0.986019 0.427627 0.0287605 0.146985 0.0172496
0 0.365567 0.317423 0.0136851 0.0196976 0.0171955
0 0.0261523 0.281417 0.0397817 0.0554526 0.0170897
0 0.960643 0.523283 0.0760172 0.197054 0.0170423
0 0.188138 0.580256 0.0503351 0.0540906 0.0168786
0 0.521675 0.322606 0.0316976 0.0568311 0.0167882
0 0.992119 0.498006 0.0165668 0.0864555 0.0166175
0 0.503096 0.362691 0.0293659 0.0448177 0.0165436
0 0.371738 0.357719 0.0139751 0.0186451 0.016509
0 0.0679369 0.520217 0.0911927 0.115585 0.0163807
0 0.0641696 0.409284 0.101857 0.145012 0.0163163
0 0.922299 0.413231 0.145917 0.148573 0.0162882
0 0.142596 0.268268 0.0236929 0.0509556 0.0162153
0 0.0526101 0.664924 0.0791147 0.13614 0.0162056
0 0.389565 0.302541 0.0253688 0.0395109 0.0161768
0 0.967971 0.377753 0.0609989 0.144598 0.0161166
0 0.0405761 0.791444 0.0720351 0.14811 0.0161141
0 0.012642 0.657702 0.0260857 0.13439 0.0160841
0 0.023576 0.292956 0.0443388 0.08861 0.016032
0 0.05969 0.303743 0.0590724 0.0645615 0.0160253
0 0.158262 0.345779 0.0753518 0.0677256 0.0160197
0 0.0865116 0.282386 0.125887 0.148627 0.0159883
0 0.211743 0.317734 0.0738138 0.0671154 0.0159814
0 0.716024 0.557 0.144808 0.219669 0.0159081
0 0.990688 0.667322 0.0188299 0.118416 0.0158918
0 0.46492 0.189041 0.0225995 0.0364209 0.0158689
0 0.979308 -0.0140788 0.0397028 0.0414501 0.0158455
0 0.106742 0.363255 0.145742 0.153092 0.0157357
0 0.348128 0.302619 0.015073 0.0203828 0.0157348
0 0.471144 0.288955 0.0416816 0.0739067 0.0154722
0 0.0459631 0.389292 0.0894019 0.107001 0.0154582
0 0.0139818 0.617176 0.0262809 0.109878 0.0153541
0 0.0143639 0.69282 0.030511 0.143049 0.0153106
0 0.417754 0.275045 0.0347714 0.0506885 0.015215
0 0.628018 0.259424 0.134683 0.211606 0.0151997
0 0.490968 0.459024 0.0554726 0.0722139 0.015179
0 0.163285 0.613872 0.0522044 0.0722065 0.0151688
0 0.372036 0.320608 0.0136437 0.0195026 0.0151002
0 0.0205953 0.425285 0.0424356 0.149327 0.01504
0 0.182923 0.349442 0.137396 0.145767 0.0150175
0 0.991274 0.562934 0.0176798 0.0837409 0.0149365
0 0.194241 0.56297 0.0713715 0.05383 0.0149313
0 0.407371 0.285412 0.03872 0.0580574 0.0149256
0 0.960381 0.536804 0.0724119 0.112866 0.0148611
0 0.106643 0.345789 0.0755854 0.0516191 0.014849
0 0.309486 0.415228 0.0454373 0.0703361 0.0148395
0 0.609246 0.338846 0.0876541 0.0903165 0.0148259
0 0.338163 0.289869 0.0260396 0.0334418 0.0147707
0 0.972238 0.469564 0.0549685 0.105806 0.0147248
0 0.0390248 0.745923 0.0652511 0.121779 0.0147188
0 0.718184 0.642056 0.162276 0.263681 0.0146407
0 0.552361 0.315146 0.088206 0.125073 0.0146161
0 0.640135 0.58693 0.028264 0.0334429 0.0146105
0 0.505771 0.318632 0.0467613 0.078229 0.0146011
0 0.235177 0.565662 0.0347649 0.0399371 0.0145808
0 0.051578 0.612636 0.0581618 0.0793204 0.0145322
0 0.500499 0.476404 0.0423067 0.0564132 0.0143517
0 0.968392 0.572551 0.0598087 0.137805 0.0143048
0 0.985173 0.966504 0.0306641 0.0650416 0.0142611
0 0.305604 0.292092 0.0323906 0.04293 0.014223
0 0.294423 0.293405 0.0291145 0.0392215 0.014182
0 0.23337 0.377011 0.0328467 0.0418805 0.0141806
0 0.194456 0.36705 0.0687871 0.0678295 0.0141602
0 0.609526 0.374863 0.0717242 0.0791047 0.0141074
0 0.533902 0.535215 0.0499985 0.0696661 0.0140824
0 0.979371 0.666494 0.0395733 0.141002 0.0140653
0 0.992541 0.527217 0.0157633 0.0889837 0.0140269
0 0.00603573 0.52661 0.0131846 0.113813 0.0140245
0 0.922742 0.84518 0.110354 0.136776 0.0139737
0 0.310259 0.514952 0.0802396 0.110544 0.0139242
0 0.767152 0.650487 0.17198 0.26757 0.0139051
0 0.981261 0.512016 0.0377213 0.17152 0.0138573
0 0.0227065 0.31918 0.0398564 0.116496 0.0138455
0 0.987342 0.976295 0.0242432 0.0444294 0.0137667
0 0.482977 0.394451 0.0237749 0.0363488 0.0137305
0 0.982364 0.54851 0.0352299 0.115515 0.0136476
0 0.52103 0.36424 0.0377429 0.0647647 0.0136364
0 0.113716 0.37176 0.0835172 0.0809128 0.0136177
0 0.348308 0.351198 0.0129851 0.0178051 0.0134811
0 0.114632 0.661813 0.049531 0.0639851 0.0134503
0 0.142346 0.25578 0.0258838 0.0581806 0.0134173
0 0.126362 0.529178 0.0795417 0.0855493 0.013411
0 0.162537 0.369943 0.054864 0.0582244 0.0133776
0 0.02388 0.279869 0.0507218 0.157339 0.0133712
0 0.43148 0.272332 0.037734 0.0545123 0.0133253
0 0.968823 0.62234 0.0580221 0.141504 0.0133023
0 0.649353 0.581866 0.0441976 0.0458817 0.0132807
0 0.839952 0.874695 0.0570126 0.0715403 0.0132105
0 0.0309053 0.511463 0.0666175 0.237633 0.0131598
0 0.0477068 0.282136 0.0620224 0.0687459 0.0131433
0 0.333206 0.36082 0.0152739 0.022149 0.0131385
0 0.0529536 0.828901 0.0805329 0.145442 0.0131306
0 0.950587 0.846551 0.0893991 0.123469 0.013128
0 0.823981 0.64601 0.20803 0.279381 0.0130783
0 0.272718 0.365791 0.0349728 0.0441916 0.0130743
0 0.603904 0.585609 0.0704842 0.117386 0.013069
0 0.990909 0.592823 0.0187113 0.100153 0.0130656
0 0.0736458 0.661548 0.0590527 0.085822 0.0130445
0 0.559636 0.404656 0.0924362 0.124444 0.0130285
0 0.283676 0.28399 0.0325449 0.0466565 0.0129695
0 0.562525 0.359535 0.0836519 0.0864033 0.0129654
0 0.976689 0.332472 0.0455173 0.116395 0.0129349
0 0.928907 0.629653 0.147342 0.304097 0.0128853
0 0.988385 0.378139 0.0236515 0.112244 0.0128815
0 0.577339 0.336936 0.0728891 0.0844248 0.0128501
0 0.256865 0.290066 0.0613949 0.0826989 0.01285
0 0.591381 0.41355 0.079661 0.0980779 0.0128424
0 0.158569 0.592444 0.0614021 0.0710144 0.0128323
0 0.0618422 0.883216 0.0963738 0.161877 0.0127853
0 0.990203 0.706935 0.0194063 0.109982 0.0127827
0 0.104467 0.528642 0.0731795 0.0760696 0.0127337
0 0.610863 0.292296 0.0999173 0.155843 0.0127242
0 0.94929 0.558216 0.0908964 0.181856 0.0127137
0 0.613499 0.422447 0.0711951 0.0761787 0.012693
0 0.555211 0.533303 0.0575114 0.084279 0.0126905
0 0.942467 0.875155 0.0882639 0.119166 0.0126485
0 0.527437 0.292001 0.0695577 0.146062 0.0126069
0 0.534994 0.313208 0.051602 0.0899622 0.0125779
0 0.953099 0.804303 0.0948078 0.225009 0.0124444
0 0.0787695 0.790982 0.0962116 0.14619 0.0124274
0 0.204732 0.302074 0.0741222 0.0767601 0.0124223
0 0.938506 0.382858 0.117618 0.159603 0.0123776
0 0.0982271 0.375883 0.0733914 0.0689019 0.0123491
0 0.979336 0.295568 0.0392004 0.138162 0.0122915
0 0.235209 0.5259 0.0417869 0.0514972 0.012291
0 0.99039 0.622441 0.0194569 0.112249 0.0122892
0 0.986153 1.00406 0.0251423 0.0474416 0.0122656
0 0.978913 0.256954 0.0401066 0.137859 0.0122087
0 0.607672 -0.00695505 0.0783159 0.0516266 0.0121739
0 0.92742 0.450935 0.134555 0.151245 0.012115
0 0.356017 0.326912 0.0153773 0.0207331 0.0121128
0 0.0602163 0.280172 0.0868162 0.148268 0.012073
0 0.547803 0.473906 0.0800209 0.108635 0.0120282
0 0.0725978 0.568058 0.0801849 0.0973217 0.0119917
0 0.0135274 0.559318 0.0274318 0.151835 0.0119688
0 0.96179 0.35029 0.0739807 0.160932 0.0119633
0 0.98747 0.332238 0.0248068 0.0971803 0.0119193
0 0.658192 0.550443 0.151105 0.211173 0.0119088
0 0.962041 0.598545 0.0635368 0.116444 0.0119082
0 0.337175 0.354593 0.0142401 0.0192043 0.011846
0 0.323708 0.288213 0.032831 0.0418695 0.0118157
0 0.582653 -0.00754392 0.0777679 0.0510434 0.0118083
0 0.172005 0.545988 0.0388283 0.0484009 0.0117871
0 0.921954 0.811442 0.15683 0.247437 0.0117789
0 0.960198 0.967262 0.0718748 0.0855347 0.0117732
0 0.0704219 0.814506 0.135454 0.322535 0.0117267
0 0.55872 -0.0084702 0.0768623 0.050521 0.0116811
0 0.345278 0.244525 0.0275964 0.0427155 0.0116702
0 0.631875 0.56596 0.0471267 0.0505664 0.0116378
0 0.960032 0.509148 0.0729193 0.0983915 0.0116061
0 0.285209 0.517895 0.0582113 0.0760224 0.0115889
0 0.133916 0.566908 0.0877761 0.0889618 0.0115854
0 0.977234 0.599318 0.043861 0.14753 0.0115837
0 0.38229 -0.0064006 0.0702261 0.0513978 0.0115803
0 0.96759 0.872789 0.0569963 0.0874829 0.0115728
0 0.951282 0.441061 0.0827457 0.113294 0.0115186
0 0.632579 -0.00714767 0.0793181 0.0510202 0.0115002
0 0.775239 0.560475 0.150521 0.222381 0.0114965
0 0.121194 0.288254 0.0586688 0.0669238 0.0114867
0 0.95597 0.57324 0.0626766 0.0902389 0.0114811
0 0.482536 0.377794 0.0177985 0.027071 0.0114463
0 0.439165 0.562009 0.0644873 0.0974083 0.0114462
