0 0.162426 0.448491 0.223013 0.218106 0.907066
0 0.416753 0.435019 0.0809656 0.118535 0.878379
0 0.301878 0.403157 0.0801945 0.125907 0.878284
0 0.498582 0.419739 0.0658214 0.0856099 0.875387
0 0.0787321 0.373659 0.0474118 0.0417944 0.814933
0 0.0239557 0.360883 0.0479113 0.0482091 0.76423
0 0.377424 0.409259 0.0301043 0.0555394 0.747975
0 0.363045 0.40176 0.0225963 0.0436395 0.623078
0 0.5625 0.44319 0 0.0511613 0.40896
0 0.249547 0.387344 0.0277747 0.0510811 0.379506
0 0.461521 0.380813 0.0426375 0.0733482 0.376352
0 0.5625 0.436097 0 0.0825734 0.267981
0 0.5625 0.451433 0 0.0818365 0.243719
0 0.5625 0.444187 0 0.0614832 0.227875
0 0.358618 0.405548 0.0149128 0.033366 0.212719
0 0.5625 0.427877 0 0.0867282 0.200541
0 0.00713576 0.369461 0.0142715 0.0739677 0.195637
0 0.5625 0.451067 0 0.101932 0.160932
0 0.335768 0.396705 0.0183942 0.0570737 0.158964
0 0.0125426 0.357432 0.0243216 0.0444256 0.155568
0 0.367826 0.407835 0.0151065 0.0345478 0.149385
0 0.5625 0.45821 0 0.0993354 0.146283
0 0.362331 0.404441 0.0150201 0.0375476 0.14614
0 0.25407 0.38697 0.0186116 0.0337896 0.143845
0 0.00692032 0.358707 0.0138406 0.0427182 0.143232
0 0.5625 0.464946 0 0.0923827 0.141854
0 0.459655 0.41109 0.0217843 0.0319405 0.136793
0 0.335887 0.410097 0.0142075 0.0537869 0.136213
0 0.242371 0.381883 0.0355679 0.059697 0.135973
0 0.247614 0.381829 0.0228384 0.0368374 0.134617
0 0.478241 0.385876 0.0743624 0.0843972 0.13305
0 0.5625 0.433101 0 0.115593 0.129247
0 0.353227 0.405532 0.0139201 0.027973 0.128518
0 0.250956 0.399895 0.0375862 0.0855935 0.12563
0 0.0630526 0.375412 0.0179273 0.0286388 0.122581
0 0.0338951 0.409703 0.0661298 0.167225 0.11776
0 0.425372 0.371119 0.0341188 0.0302949 0.114012
0 0.0441019 0.369316 0.0164733 0.028021 0.102747
0 0.365508 0.405685 0.0130293 0.0266275 0.102036
0 0.458413 0.406031 0.0278116 0.0424416 0.101674
0 0.5625 0.417931 0 0.0569986 0.100238
0 0.0665589 0.372231 0.0217497 0.0285021 0.0960427
0 0.47557 0.402797 0.0329958 0.0626007 0.0957474
0 0.364198 0.411305 0.0189811 0.0405998 0.0902075
0 0.381359 0.39976 0.018899 0.0336602 0.0872237
0 0.252834 0.396486 0.0239569 0.0428107 0.0843175
0 0.5625 0.43799 0 0.140741 0.0822428
0 0.255513 0.37903 0.0338346 0.0714409 0.0814486
0 0.488594 0.374538 0.0672498 0.0571587 0.0808091
0 0.5625 0.425575 0 0.0916597 0.0806525
0 0.0983639 0.371923 0.0367238 0.0425418 0.0800887
0 0.462911 0.421657 0.0282645 0.0578763 0.0790543
0 0.394426 0.383808 0.0310611 0.0361608 0.0786564
0 0.931029 0.430126 0.0318884 0.0357606 0.0762037
0 0.397767 0.370687 0.0333319 0.0344209 0.0745715
0 0.0492948 0.408008 0.0725097 0.134887 0.0732893
0 0.458979 0.41467 0.014537 0.0265308 0.0722244
0 0.0343156 0.37104 0.0338802 0.053612 0.0717125
0 0.870901 0.435722 0.0636482 0.0733914 0.0699592
0 0.102406 0.354753 0.0153354 0.0189344 0.0698692
0 0.498191 0.367899 0.0484035 0.0379979 0.0688041
0 0.0812923 0.400886 0.0594686 0.0938659 0.0685505
0 0.0569521 0.372927 0.019623 0.0274391 0.0682427
0 0.0999073 0.363248 0.0322896 0.0321413 0.0659775
0 0.855958 0.435213 0.0552546 0.0728717 0.0658202
0 0.332346 0.413627 0.0197059 0.0625298 0.0646391
0 0.339648 0.411318 0.0118187 0.0424444 0.063943
0 0.378242 0.405239 0.0165228 0.0298249 0.0631612
0 0.50604 0.375238 0.0449015 0.0426912 0.0628273
0 0.0516435 0.373801 0.0204933 0.0266303 0.0621638
0 0.230168 0.382143 0.0640969 0.0671678 0.0619872
0 0.0385 0.367887 0.0186646 0.0262759 0.0619406
0 0.107673 0.355635 0.0245497 0.0260114 0.0619187
0 0.0239126 0.380216 0.052239 0.109445 0.0615427
0 0.882621 0.443068 0.0254904 0.0393467 0.0614722
0 0.0675228 0.395161 0.0504615 0.0863224 0.0606951
0 0.968077 0.472579 0.0654942 0.12259 0.0599924
0 0.924155 0.478927 0.146278 0.165102 0.0599132
0 0.38655 0.417098 0.0166266 0.0311811 0.0589422
0 0.0982378 0.361932 0.018625 0.022506 0.0583685
0 0.242622 0.387648 0.0562283 0.0839147 0.0574135
0 0.385465 0.404666 0.0198303 0.0402148 0.0567905
0 0.443988 0.394001 0.0163739 0.0289233 0.0559945
0 0.745989 0.431357 0.0608106 0.0699396 0.0553685
0 0.466028 0.412622 0.0165624 0.0407104 0.054963
0 0.882516 0.424291 0.0899582 0.103262 0.0548371
0 0.657152 0.414045 0.0233905 0.0518102 0.0545084
0 0.879553 0.449729 0.0736252 0.0723858 0.053871
0 0.462561 0.416667 0.0132846 0.0262354 0.0537675
0 0.98094 0.438226 0.0357126 0.135457 0.0537474
0 0.026799 0.361826 0.0255249 0.032347 0.0537182
0 0.106932 0.365652 0.0189569 0.0241416 0.0532847
0 0.0687098 0.421259 0.0583962 0.126542 0.0532596
0 0.0947228 0.373379 0.0232328 0.025791 0.0528223
0 0.0332533 0.36439 0.0222126 0.0317015 0.0510094
0 0.258 0.40546 0.0182097 0.0322051 0.0503731
0 0.132077 0.35388 0.0642315 0.03577 0.0501798
0 0.0238098 0.401925 0.0425625 0.168635 0.0500821
0 0.507127 0.366691 0.0381217 0.0311891 0.0500153
0 0.457182 0.39159 0.0278418 0.0422498 0.0499021
0 0.256967 0.381285 0.02318 0.0365956 0.0494934
0 0.257922 0.389708 0.0163966 0.0300243 0.0493153
0 0.34141 0.418852 0.0138598 0.0316817 0.0488257
0 0.341885 0.407491 0.013043 0.033873 0.0482107
0 0.459809 0.396781 0.018482 0.0307705 0.0477913
0 0.79281 0.421066 0.0436997 0.083062 0.0474496
0 0.939654 0.430094 0.0316343 0.0488113 0.0473148
0 0.798948 0.421967 0.0391705 0.0652209 0.0467113
0 0.987344 0.494122 0.027512 0.109523 0.0464279
0 0.333048 0.395384 0.0134224 0.0258039 0.0459626
0 0.0187265 0.361451 0.0180058 0.0315401 0.0455704
0 0.267736 0.369822 0.0408685 0.0597983 0.0454023
0 0.095875 0.370454 0.0583726 0.0523831 0.0442629
0 0.0755049 0.388675 0.0402855 0.0585934 0.0436597
0 0.683221 0.394908 0.0623595 0.115714 0.0432476
0 0.0829207 0.375946 0.0297014 0.0331661 0.0432396
0 0.962449 0.423565 0.0757809 0.13588 0.0428862
0 0.375819 0.420169 0.0163669 0.0302301 0.0425972
0 0.345041 0.408689 0.0130889 0.0329998 0.0423083
0 0.871301 0.484949 0.112106 0.108675 0.041785
0 0.929493 0.466912 0.106753 0.122086 0.0415979
0 0.339032 0.392739 0.0191128 0.0333743 0.0414908
0 0.0523572 0.418044 0.0493609 0.117956 0.0398151
0 0.323246 0.382434 0.0297337 0.0681921 0.0397083
0 0.269559 0.391892 0.018356 0.0368085 0.0395088
0 0.850176 0.40701 0.051943 0.0802483 0.0395029
0 0.366137 0.38969 0.0165778 0.0199471 0.0394804
0 0.909686 0.413628 0.0863464 0.140456 0.0394555
0 0.929184 0.269654 0.145078 0.472153 0.0391368
0 0.0898237 0.361112 0.0257583 0.0204403 0.0390483
0 0.116277 0.368065 0.0823473 0.0583099 0.0390479
0 0.853659 0.360384 0.0309109 0.0354398 0.0382905
0 0.22604 0.372821 0.0470196 0.0538985 0.0381424
0 0.702178 0.401358 0.0275606 0.0898052 0.0381315
0 0.584422 0.24851 0.0256963 0.0406647 0.0380447
0 0.0750844 0.371223 0.033092 0.0323598 0.0369084
0 0.804341 0.431057 0.0268946 0.0598439 0.0367747
0 0.243668 0.377738 0.0188396 0.0277251 0.0367336
0 0.469818 0.413386 0.0150029 0.030922 0.0357793
0 0.395703 0.412522 0.0406166 0.0600082 0.0352641
0 0.207414 0.377477 0.107145 0.0715512 0.0350415
0 0.409524 0.263175 0.0156644 0.0220551 0.0346745
0 0.380093 0.38616 0.0169412 0.0192465 0.034282
0 0.11043 0.347431 0.0222683 0.0192439 0.0341873
0 0.913998 0.525106 0.135491 0.169121 0.0341584
0 0.0463411 0.35814 0.020254 0.0270304 0.0340684
0 0.471709 0.373889 0.0578254 0.0814347 0.0334176
0 0.686515 0.42169 0.0594304 0.0694084 0.033313
0 0.249994 0.413906 0.0531669 0.11941 0.0331152
0 0.417787 0.415428 0.0689063 0.0854044 0.0329939
0 0.838668 0.399952 0.104897 0.137397 0.03284
0 0.691758 0.220493 0.0194593 0.0349863 0.0325806
0 0.00759996 0.331619 0.0162581 0.0655894 0.0325398
0 0.864471 0.456588 0.0693611 0.0799801 0.032302
0 0.3356 0.420931 0.0186487 0.0534808 0.0322574
0 0.422771 0.360203 0.0280183 0.0288328 0.0321442
0 0.754756 0.391552 0.093726 0.141534 0.0319323
0 0.807543 0.403391 0.0334621 0.0995669 0.0317836
0 0.505436 0.371202 0.0292409 0.0289301 0.0317626
0 0.820397 0.408816 0.0598069 0.104899 0.0317538
0 0.803897 0.379451 0.0396654 0.0942162 0.0317356
0 0.438451 0.296828 0.0311665 0.0340658 0.0315624
0 0.257377 0.406382 0.0286034 0.0645785 0.0315224
0 0.416193 0.382314 0.0316599 0.0458444 0.0315224
0 0.73248 0.424113 0.0329901 0.0619537 0.0314448
0 0.443042 0.366672 0.037999 0.0570851 0.0313727
0 0.704657 0.384766 0.0244244 0.081524 0.0310381
0 0.543668 0.40238 0.0361906 0.060011 0.0309046
0 0.753268 0.418673 0.0712315 0.0942625 0.03084
0 0.538868 0.389698 0.0402817 0.0587169 0.03072
0 0.381647 0.410653 0.0176887 0.0428775 0.0306496
0 0.297395 0.242991 0.024058 0.033802 0.0305222
0 0.518892 0.414216 0.0336825 0.0588329 0.0303124
0 0.566503 0.394991 0.0671623 0.0832893 0.03021
0 0.854327 0.474999 0.0510725 0.0593894 0.0301947
0 0.0549217 0.365346 0.018877 0.0209761 0.0300611
0 0.436298 0.345851 0.0332473 0.043941 0.0299575
0 0.80803 0.374943 0.0344149 0.0692425 0.0296497
0 0.198852 0.355854 0.0631812 0.0420995 0.0291816
0 0.435697 0.357462 0.0232076 0.031617 0.0291436
0 0.792011 0.406687 0.0342903 0.0910227 0.0287539
0 0.462925 0.418151 0.0151964 0.0421004 0.0284962
0 0.527278 0.382519 0.0402195 0.0531487 0.0278337
0 0.968574 0.788275 0.0649168 0.229486 0.0276901
0 0.91264 0.395447 0.0585199 0.0704113 0.0275484
0 0.332476 0.377839 0.0166938 0.0368079 0.0275161
0 0.155263 0.353191 0.070889 0.0370312 0.0273828
0 0.395429 0.379135 0.0199716 0.0182655 0.0273775
0 0.851355 0.490147 0.0708988 0.0640381 0.0273632
0 0.975932 0.401274 0.0458555 0.177565 0.0269876
0 0.528579 0.415362 0.0134308 0.0361777 0.0267628
0 0.705079 0.403635 0.0467422 0.102063 0.0266578
0 0.906682 0.384481 0.0457893 0.0547737 0.0266393
0 0.0658164 0.416294 0.0457671 0.0933504 0.0264574
0 0.410138 0.360578 0.0261776 0.0244158 0.0260951
0 0.578014 0.4127 0.0548839 0.0670256 0.025945
0 0.533519 0.361003 0.0285542 0.030916 0.0259059
0 0.700893 0.427553 0.0452579 0.0584985 0.0257138
0 0.662658 0.421778 0.0291661 0.0525663 0.0256431
0 0.730671 0.414181 0.0229416 0.0408965 0.0256428
0 0.0131455 0.330542 0.0286559 0.0904762 0.0255649
0 0.863152 0.398833 0.119507 0.171967 0.0255515
0 0.307075 0.349117 0.0384666 0.0561099 0.0255399
0 0.588008 0.696283 0.0200974 0.0324146 0.0255172
0 0.443132 0.299548 0.0435041 0.0460398 0.0254787
0 0.122943 0.353731 0.0243474 0.0219696 0.0254754
0 0.301429 0.374228 0.0639509 0.0825294 0.0254412
0 0.35645 0.390576 0.0148335 0.0217664 0.0254096
0 0.146691 0.365326 0.129521 0.0563176 0.0252031
0 0.7873 0.0784808 0.0216139 0.0384636 0.0251567
0 0.766949 0.390331 0.140194 0.161211 0.0248701
0 0.920513 0.363883 0.102416 0.255386 0.0247498
0 0.48234 0.382596 0.022599 0.0353143 0.0246011
0 0.353766 0.193922 0.0228434 0.0313833 0.024577
0 0.224624 0.456916 0.0892036 0.158158 0.0244195
0 0.559513 0.409709 0.0586581 0.0684079 0.0240648
0 0.669479 0.396455 0.0430059 0.113181 0.0240336
0 0.886487 0.385742 0.056881 0.0659757 0.0238602
0 0.871277 0.655285 0.195789 0.2617 0.0238154
0 0.644666 0.412845 0.0524907 0.0678366 0.0237985
0 0.171066 0.364763 0.109793 0.0497066 0.0235472
0 0.539762 0.359621 0.0287586 0.0314254 0.023297
0 0.530609 0.465021 0.0228395 0.0444944 0.0232417
0 0.787914 0.0599579 0.0242373 0.0573366 0.0232005
0 0.70614 0.35111 0.0204983 0.0449151 0.0231375
0 0.526776 0.407469 0.0340082 0.0553878 0.0230048
0 0.53438 0.373265 0.0251357 0.0318708 0.022863
0 0.756037 0.250037 0.0293036 0.0287533 0.0226805
0 0.24001 0.242371 0.0371201 0.0309363 0.0225509
0 0.175817 0.379052 0.111961 0.074501 0.022505
0 0.510664 0.380654 0.0591684 0.0686981 0.0224238
0 0.531126 0.415818 0.0131424 0.0289754 0.0223144
0 0.104929 0.383483 0.084621 0.0815765 0.02208
0 0.753663 0.257294 0.0207056 0.021883 0.0220417
0 0.243104 0.436475 0.058724 0.139082 0.0220231
0 0.0926553 0.41196 0.0976997 0.127319 0.0219817
0 0.867513 0.505753 0.0920254 0.098831 0.0218522
0 0.972029 0.723519 0.0528742 0.126252 0.0218439
0 0.797007 0.350921 0.0407807 0.0715759 0.021676
0 0.512338 0.362951 0.0329894 0.030107 0.0215428
0 0.31736 0.618609 0.0572729 0.0900486 0.0214886
0 0.0503307 0.283587 0.0388741 0.0573122 0.0214665
0 0.158806 0.268335 0.0206741 0.0269623 0.0213001
0 0.954533 0.488984 0.0889851 0.117344 0.0211765
0 0.706254 0.390809 0.0883661 0.146495 0.0211728
0 0.525331 0.238186 0.021046 0.0350351 0.0211649
0 0.408494 0.258381 0.0212025 0.0356463 0.0211094
0 0.904923 0.630427 0.182884 0.260909 0.0207871
0 0.424873 0.199047 0.0242232 0.0345185 0.020763
0 0.74263 0.0488985 0.0275512 0.0435258 0.0206953
0 0.678204 0.316434 0.0327599 0.0498258 0.0206913
0 0.00837997 0.827967 0.016975 0.145501 0.0206588
0 0.621172 0.401783 0.0746874 0.0921598 0.020649
0 0.793464 0.316409 0.0324053 0.0315271 0.0205199
0 0.722594 0.387479 0.0293794 0.0682832 0.0203158
0 0.0423064 0.29217 0.0527155 0.0767181 0.0202443
0 0.400766 0.294333 0.0383904 0.0426066 0.0202093
0 0.905991 0.212526 0.168074 0.426343 0.020124
0 0.922395 0.403266 0.0517557 0.0732173 0.0200873
0 0.473101 0.422862 0.0397372 0.0666257 0.0200465
0 0.149352 0.355677 0.104632 0.0409415 0.0200236
0 0.984621 0.410601 0.0293858 0.124244 0.0199694
0 0.920325 0.196672 0.102662 0.276758 0.019768
0 0.396533 0.355733 0.0224472 0.0257113 0.019718
0 0.521248 0.255291 0.0339361 0.0566628 0.0196729
0 0.492167 0.324145 0.0311548 0.038385 0.0195113
0 0.491338 0.28209 0.0270647 0.0498523 0.0194633
0 0.287968 0.345732 0.0506309 0.0650017 0.0194234
0 0.491832 0.240396 0.0193045 0.029058 0.0192983
0 0.526846 0.246786 0.0338896 0.0502876 0.0191722
0 0.692018 0.209622 0.0198271 0.0416237 0.0190831
0 0.414114 0.263356 0.0171443 0.02372 0.0188364
0 0.455463 0.417642 0.0150657 0.0450292 0.0187773
0 0.940746 0.511253 0.104686 0.179093 0.0187481
0 0.849699 0.515004 0.0933296 0.0969191 0.0186158
0 0.426261 0.439351 0.0341861 0.0694245 0.0185046
0 0.021412 0.32107 0.0489957 0.109678 0.0184556
0 0.92718 0.107233 0.0569925 0.0958696 0.0183861
0 0.47387 0.335774 0.0360056 0.0498663 0.0182558
0 0.129999 0.336241 0.0366804 0.0245236 0.0182423
0 0.65338 0.411068 0.0320932 0.0725398 0.0182242
0 0.12822 0.344069 0.0520718 0.030313 0.0181365
0 0.338526 0.386474 0.0139658 0.0279505 0.018119
0 0.807214 0.358421 0.0411395 0.0723997 0.0180924
0 0.724592 0.401707 0.0383466 0.0940203 0.0180242
0 0.0293024 0.448585 0.0590099 0.142495 0.0178244
0 0.345323 0.418238 0.0134341 0.0268959 0.0177873
0 0.661747 0.382664 0.0284982 0.0849182 0.0177071
0 0.556449 0.43594 0.0400266 0.0519752 0.0176017
0 0.393732 0.297982 0.0344149 0.0424212 0.017591
0 0.432537 0.273826 0.0173826 0.0192423 0.0175541
0 0.0507559 0.272725 0.0329063 0.0478514 0.017184
0 0.714834 0.205053 0.0334971 0.0544955 0.0171709
0 0.791988 0.34351 0.0376396 0.0539472 0.0170787
0 0.349015 0.194239 0.0310642 0.0412535 0.0170747
0 0.455911 0.368102 0.0388235 0.0690764 0.0170582
0 0.556403 0.361907 0.044296 0.0431158 0.0169947
0 0.265428 0.555515 0.037813 0.0492117 0.0168865
0 0.484575 0.677121 0.0700344 0.0773989 0.0167858
0 0.790501 0.37291 0.0338557 0.0815716 0.0167706
