0 0.5625 0.436511 0 0.0966106 0.912255
0 0.5625 0.432298 0 0.0769416 0.606362
0 0.5625 0.429427 0 0.0467391 0.581044
0 0.5625 0.433616 0 0.0329728 0.512738
0 0.5625 0.432842 0 0.0385958 0.510285
0 0.5625 0.434141 0 0.0221122 0.430658
0 0.5625 0.432975 0 0.0807503 0.366859
0 0.5625 0.434719 0 0.0283645 0.265185
0 0.5625 0.44546 0 0.0601329 0.263971
0 0.5625 0.429124 0 0.0277517 0.256644
0 0.5625 0.434939 0 0.0168257 0.231959
0 0.5625 0.423341 0 0.0571509 0.213435
0 0.5625 0.424798 0 0.0597648 0.201967
0 0.5625 0.432482 0 0.0281537 0.201253
0 0.5625 0.437541 0 0.0303008 0.18757
0 0.5625 0.43019 0 0.0894242 0.176358
0 0.5625 0.435679 0 0.0817039 0.172309
0 0.5625 0.430893 0 0.0192802 0.164904
0 0.5625 0.439594 0 0.0236533 0.153612
0 0.5625 0.429698 0 0.0195765 0.153306
0 0.5625 0.436139 0 0.0255866 0.145751
0 0.5625 0.432694 0 0.0186359 0.144137
0 0.5625 0.428191 0 0.021142 0.136591
0 0.5625 0.429386 0 0.0267759 0.133424
0 0.5625 0.435053 0 0.0191695 0.122722
0 0.5625 0.433715 0 0.0269838 0.118621
0 0.5625 0.43123 0 0.0216909 0.117907
0 0.175657 0.544537 0.0466339 0.0679876 0.116702
0 0.5625 0.424314 0 0.0556361 0.115401
0 0.5625 0.428561 0 0.0384913 0.11388
0 0.5625 0.436921 0 0.0197791 0.110755
0 0.5625 0.415123 0 0.0799037 0.106395
0 0.5625 0.429979 0 0.0356165 0.105403
0 0.177021 0.545307 0.063061 0.095675 0.0892872
0 0.170723 0.549955 0.0357908 0.0420294 0.0880133
0 0.5625 0.434831 0 0.0204055 0.0866589
0 0.5625 0.43066 0 0.0220148 0.086569
0 0.5625 0.404352 0 0.0822506 0.0846573
0 0.5625 0.427766 0 0.0288116 0.0834391
0 0.5625 0.42635 0 0.040941 0.0826937
0 0.5625 0.430575 0 0.0307006 0.0822793
0 0.5625 0.426377 0 0.0203812 0.082142
0 0.5625 0.427608 0 0.0459548 0.0819097
0 0.5625 0.4109 0 0.130323 0.0808593
0 0.5625 0.436217 0 0.0292018 0.0758057
0 0.5625 0.425376 0 0.0264966 0.0703849
0 0.17566 0.519012 0.0750936 0.142541 0.0662129
0 0.5625 0.450416 0 0.044455 0.065074
0 0.5625 0.415994 0 0.0704251 0.063848
0 0.231746 0.514933 0.174359 0.13955 0.0627476
0 0.203793 0.527077 0.11562 0.113972 0.0626409
0 0.667447 0.424508 0.0127171 0.0224421 0.061735
0 0.775475 0.428269 0.0460591 0.0409076 0.0589705
0 0.157862 0.556177 0.0784546 0.120372 0.057304
0 0.745615 0.42584 0.0121276 0.0238354 0.0535287
0 0.801214 0.425755 0.0490406 0.0438031 0.0514525
0 0.0999706 0.542141 0.194648 0.235512 0.0499279
0 0.971717 0.444664 0.0250246 0.0462986 0.0486507
0 0.921968 0.398726 0.0725025 0.111241 0.0481173
0 0.820265 0.428895 0.0162258 0.0228223 0.0480592
0 0.763156 0.43137 0.0161902 0.0212706 0.0477127
0 0.981921 0.447543 0.0165504 0.0351747 0.0460393
0 0.103259 0.465361 0.206561 0.369837 0.0458399
0 0.927269 0.466878 0.0963268 0.132432 0.0437277
0 0.993861 0.445863 0.0114651 0.0574797 0.0433474
0 0.927709 0.430761 0.0277197 0.0353662 0.0431524
0 0.19201 0.505299 0.0845686 0.127135 0.0430436
0 0.172465 0.567659 0.0766337 0.143644 0.0429607
0 0.76787 0.433866 0.0207697 0.0257831 0.0428698
0 0.753492 0.439872 0.0182617 0.0305378 0.0419574
0 0.825038 0.435105 0.0192089 0.0284627 0.0415432
0 0.1598 0.512166 0.108772 0.190088 0.0406659
0 0.979043 0.462535 0.0213572 0.0404298 0.0389988
0 0.893982 0.439282 0.0173428 0.0357177 0.0374614
0 0.760024 0.434971 0.0184402 0.0244967 0.0362833
0 0.164916 0.489031 0.0848339 0.145902 0.0348901
0 0.204125 0.146888 0.0478854 0.05918 0.0344478
0 0.977503 0.396413 0.0461849 0.146181 0.0342574
0 0.0519123 0.501738 0.100101 0.206115 0.0339759
0 0.221432 0.514546 0.105336 0.085753 0.0336944
0 0.123901 0.550294 0.148128 0.174344 0.0332577
0 0.96898 0.49331 0.0713238 0.162627 0.0329376
0 0.787044 0.425677 0.0359783 0.0403386 0.0323082
0 0.969059 0.404048 0.0587763 0.185236 0.0322339
0 0.0145923 0.436349 0.0292196 0.0852479 0.0322145
0 0.958871 0.44193 0.0403526 0.0542658 0.0319983
0 0.947757 0.391393 0.0776348 0.142942 0.0316661
0 0.969276 0.400217 0.0372911 0.0983618 0.0297135
0 0.817172 0.437883 0.0198143 0.0295952 0.0295256
0 0.843483 0.39648 0.0622814 0.0893194 0.0293766
0 0.0158756 0.475854 0.0328846 0.129827 0.0292881
0 0.238296 0.474596 0.16799 0.191532 0.0291184
0 0.255224 0.266287 0.219985 0.358455 0.0289772
0 0.653544 0.435776 0.0441809 0.0496388 0.0287408
0 0.0608904 0.428254 0.121689 0.26287 0.0286508
0 0.913977 0.377871 0.0853596 0.117188 0.0286398
0 0.152499 0.492881 0.0724733 0.115485 0.0281529
0 0.767717 0.156307 0.19557 0.262773 0.0276787
0 0.108844 0.456515 0.195402 0.208761 0.0275894
0 0.197376 0.493191 0.0667385 0.0964502 0.0275776
0 0.886351 0.40819 0.0362476 0.0431413 0.0272304
0 0.995596 0.464756 0.00969982 0.0580223 0.0268236
0 0.150259 0.47588 0.116495 0.181955 0.0266276
0 0.0756294 0.402643 0.147462 0.46414 0.0265827
0 0.667138 0.40999 0.0148185 0.023316 0.026377
0 0.217095 0.478778 0.106412 0.10565 0.0262956
0 0.928297 0.173447 0.152097 0.331553 0.0261479
0 0.821597 0.438904 0.0169445 0.0259133 0.0261388
0 0.0675975 0.574382 0.126444 0.214768 0.0259938
0 0.702298 0.428402 0.0258586 0.0424149 0.0255439
0 0.144265 0.521954 0.0960792 0.10529 0.0254966
0 0.784543 0.954153 0.0442948 0.0693319 0.0253159
0 0.0621032 0.341857 0.122226 0.247439 0.0252815
0 0.827523 0.174515 0.198039 0.298504 0.0249093
0 0.715528 0.393289 0.0492806 0.073077 0.0248933
0 0.151009 0.466449 0.0640829 0.109315 0.0248294
0 0.786295 0.964239 0.0332922 0.0586043 0.0248051
0 0.831081 0.442385 0.0284229 0.0438521 0.0247811
0 0.802734 0.430426 0.0241655 0.0282287 0.0243187
0 0.580249 0.101694 0.040087 0.0412252 0.0241489
0 0.712666 0.406159 0.0174135 0.0238593 0.024141
0 0.664313 0.449953 0.0138433 0.0217484 0.0241326
0 0.712786 0.421636 0.0350763 0.0458261 0.0238289
0 0.889265 0.411694 0.0218298 0.0286933 0.0235654
0 0.989966 0.66607 0.0192257 0.148238 0.023554
0 0.164607 0.567624 0.0562827 0.101566 0.0231571
0 0.995416 0.518369 0.010087 0.105593 0.0229517
0 0.630696 0.438967 0.0622206 0.0699646 0.0227405
0 0.0117649 0.440627 0.0233257 0.053777 0.0226686
0 0.66878 0.398032 0.023017 0.0434184 0.0225629
0 0.945246 0.838754 0.106158 0.0978232 0.0224644
0 0.711917 0.434379 0.0436085 0.0656747 0.0223146
0 0.772616 0.441753 0.0189209 0.0246717 0.0222532
0 0.22951 0.51288 0.0760233 0.0693865 0.0222435
0 0.0218585 0.495237 0.0409096 0.165048 0.0220256
0 0.980875 0.836481 0.0381836 0.110318 0.0219635
0 0.536791 0.0893854 0.0455574 0.067922 0.0217479
0 0.96925 0.466465 0.0324663 0.0589329 0.021461
0 0.965449 0.840558 0.0600069 0.0922418 0.0214504
0 0.0142898 0.53536 0.030724 0.144685 0.0213525
0 0.953773 0.377564 0.0555086 0.109376 0.0211756
0 0.746885 0.422981 0.0216894 0.0349818 0.0211374
0 0.931082 0.321117 0.136019 0.268579 0.0210066
0 0.0268586 0.44027 0.0503513 0.0691182 0.0207932
0 0.0546323 0.695072 0.0928561 0.208112 0.0202701
0 0.115639 0.320091 0.216255 0.573909 0.0199254
0 0.877404 0.413182 0.0213392 0.0284575 0.0199197
0 0.216238 0.59123 0.108249 0.153141 0.0198599
0 0.680163 0.392162 0.0364889 0.0652362 0.0197994
0 0.0428514 0.44028 0.0719727 0.0893572 0.0195077
0 0.012753 0.45711 0.0249495 0.0878939 0.0194402
0 0.994973 0.543942 0.0100842 0.106032 0.0194221
0 0.68803 0.311032 0.0501941 0.0657989 0.0189136
0 0.0301601 0.413365 0.0570946 0.11377 0.0189006
0 0.030981 0.4749 0.0607128 0.13496 0.0188769
0 0.961016 0.610624 0.079645 0.254215 0.0187346
0 0.0562184 0.622124 0.101178 0.172512 0.0185973
0 0.856866 0.513598 0.0550507 0.10542 0.0183321
0 0.244775 0.603501 0.099219 0.129037 0.0182886
0 0.803749 0.423577 0.0202826 0.0295043 0.0181678
0 0.0483117 0.424754 0.0899728 0.102802 0.0180971
0 0.762018 0.953779 0.0840564 0.0972466 0.0180259
0 0.960366 0.609256 0.0669741 0.174864 0.0179226
0 0.781682 0.625391 0.037929 0.0611503 0.0177486
0 0.765417 0.365255 0.0747583 0.121958 0.0177378
0 0.0181642 0.390833 0.0362665 0.130212 0.0177251
0 0.69021 0.442321 0.0110181 0.0265739 0.0176872
0 0.0512696 0.481615 0.0927626 0.110212 0.0176102
0 0.10758 0.403802 0.180878 0.2234 0.0176039
0 0.16159 0.444923 0.0866599 0.137289 0.0173801
0 0.760641 0.624437 0.0645296 0.086086 0.0173798
0 0.987096 0.828148 0.0260111 0.0998164 0.0170358
0 0.19266 0.555321 0.0909302 0.0978693 0.0169706
0 0.246219 0.413418 0.105002 0.0890095 0.0169405
0 0.955436 0.28755 0.0959566 0.301478 0.0169329
0 0.972813 0.505074 0.0524435 0.129557 0.0168675
0 0.729947 0.150905 0.174495 0.232981 0.0168229
0 0.245401 0.515592 0.0513335 0.0605088 0.0168122
0 0.133517 0.548238 0.107566 0.118777 0.0168066
0 0.223948 0.453202 0.115365 0.107241 0.0167865
0 0.264245 0.550941 0.100895 0.0916228 0.0167286
0 0.748354 0.292483 0.0433072 0.0641492 0.016691
0 0.925501 0.600576 0.144358 0.289562 0.0166839
0 0.672265 0.329124 0.0329034 0.0571073 0.0166607
0 0.71301 0.468002 0.0519281 0.0944564 0.0166304
0 0.683645 0.447552 0.0141091 0.0258824 0.0164744
0 0.0192699 0.592704 0.0371486 0.154041 0.0164567
0 0.685891 0.438668 0.0120261 0.0220506 0.0164262
0 0.248358 0.398186 0.0830892 0.0684007 0.0164252
0 0.271211 0.712748 0.108799 0.1732 0.016402
0 0.982093 0.798899 0.0345215 0.125283 0.0163523
0 0.63176 0.410804 0.0698347 0.0920662 0.01635
0 0.0156143 0.688286 0.0311925 0.181893 0.0163345
0 0.114403 0.809486 0.201367 0.324623 0.0162751
0 0.194452 0.469606 0.0557622 0.0754725 0.0161913
0 0.322671 0.283723 0.0202193 0.0388591 0.0161735
0 0.263165 0.1901 0.254397 0.327684 0.0161634
0 0.287871 0.616323 0.0518906 0.0731977 0.0161047
0 0.0628106 0.848185 0.10869 0.171012 0.0159425
0 0.987688 0.657692 0.0257902 0.190998 0.0158903
0 0.857181 0.0393402 0.0302856 0.0415034 0.0158379
0 0.0535011 0.301998 0.108634 0.433825 0.0158245
0 0.129896 0.212949 0.238 0.42755 0.0157414
0 0.655632 0.372721 0.0167319 0.0237145 0.0156863
0 0.257146 0.670647 0.0490216 0.0699385 0.015667
0 0.711344 0.662078 0.0456747 0.0681496 0.0156551
0 0.745973 0.306839 0.0377799 0.0457045 0.0156247
0 0.688263 0.608564 0.0311574 0.0456176 0.0156062
0 0.0956894 0.638343 0.0992192 0.127867 0.0155163
0 0.638379 0.456825 0.0452988 0.0601055 0.0154896
0 0.800993 0.441685 0.0203362 0.02485 0.0154801
0 0.240173 0.738545 0.0332253 0.0510457 0.0153292
0 0.194927 0.578198 0.0715801 0.0864126 0.0153048
0 0.682304 0.3277 0.048162 0.0803626 0.0152905
0 0.759431 0.960324 0.0655617 0.070422 0.0152287
0 0.989224 0.804948 0.0211103 0.0837151 0.0151992
0 0.544008 0.330698 0.0341053 0.039893 0.0151585
0 0.122267 0.63895 0.0895344 0.134816 0.0151101
0 0.918856 0.83111 0.0519209 0.0769947 0.0150149
0 0.981087 0.743704 0.0361404 0.166447 0.0149645
0 0.859089 0.0345887 0.0419107 0.0550111 0.0148544
0 0.286616 0.510473 0.0429362 0.0512956 0.0147461
0 0.990621 0.700512 0.0187374 0.113487 0.0147448
0 0.729067 0.434887 0.038822 0.0646406 0.0147382
0 0.325056 0.293322 0.0248691 0.0520852 0.0146673
0 0.0234066 0.619294 0.0452619 0.120418 0.0145993
0 0.726179 0.392375 0.023004 0.0303168 0.0145803
0 0.031425 0.608113 0.064018 0.172854 0.0145178
0 0.0465134 0.528425 0.0882739 0.109434 0.014468
0 0.234594 0.530323 0.0631321 0.0705235 0.0144217
0 0.510407 0.46792 0.0453384 0.0566059 0.0144201
0 0.210439 0.462945 0.079319 0.0907671 0.0144192
0 0.301615 0.512343 0.0646414 0.0684561 0.0143561
0 0.0415831 0.717828 0.072715 0.197819 0.0143365
0 0.0195662 0.343203 0.039118 0.130683 0.0143022
0 0.98054 -0.0133363 0.0384501 0.0422635 0.0142976
0 0.15947 0.802891 0.168109 0.26269 0.0142555
0 0.314576 0.171507 0.238758 0.310038 0.014238
0 0.143134 0.579654 0.0837827 0.117154 0.0142146
0 0.325201 0.708254 0.0997109 0.176269 0.0141657
0 0.670549 0.162792 0.151316 0.198736 0.0141635
0 0.830835 0.618781 0.0652529 0.1052 0.0141578
0 0.622689 0.620034 0.108818 0.176873 0.0141103
0 0.541927 0.0774082 0.0574245 0.0902935 0.0140497
0 0.817317 0.0699877 0.0476585 0.0664053 0.0140282
0 0.70602 0.392391 0.0216393 0.0288233 0.0139985
0 0.750135 0.264099 0.0370809 0.0498587 0.0139937
0 0.289775 0.496946 0.0546496 0.0749349 0.0139766
0 0.263534 0.449273 0.115272 0.121722 0.0139418
0 0.842825 0.244625 0.0743433 0.0926596 0.0139253
0 0.298837 0.473194 0.0689703 0.0819172 0.0138903
0 0.824059 0.655851 0.0492054 0.0640286 0.0138851
0 0.140242 0.42077 0.117491 0.189114 0.0138719
0 0.239688 0.383771 0.0557261 0.0463637 0.0138702
0 0.982443 0.322428 0.0367414 0.141696 0.0138284
0 0.678361 0.443283 0.0122046 0.0216816 0.0137915
0 0.010108 0.414381 0.0185592 0.0758688 0.0136874
0 0.63177 0.491154 0.0462536 0.0794176 0.0136538
0 0.383767 -0.00828512 0.0629409 0.0452853 0.0136112
0 0.929067 0.860022 0.105478 0.131888 0.0136067
0 0.654032 -0.00469882 0.0806814 0.0546502 0.0135691
0 0.822175 0.246228 0.0256083 0.0416622 0.0135649
0 0.0640929 0.80598 0.127333 0.262775 0.0135454
0 0.695523 0.617603 0.0508744 0.0704181 0.01346
0 0.809639 0.914784 0.0969375 0.138998 0.0134554
0 0.0964156 0.700285 0.0759333 0.118533 0.0134465
0 0.693302 0.322701 0.0454107 0.061656 0.0134434
0 0.243123 0.500665 0.0604241 0.0754395 0.0134272
0 0.859211 0.400094 0.0258757 0.0346324 0.0134252
0 0.984934 0.611768 0.0316111 0.201426 0.0133781
0 0.685304 0.296507 0.0400572 0.040991 0.0133333
0 0.789366 0.920031 0.0776869 0.129921 0.0132949
0 0.6189 0.464433 0.0526722 0.0713849 0.0132857
0 0.988886 0.963654 0.0222984 0.065319 0.0132669
0 0.0641972 0.263653 0.119222 0.225074 0.0132138
0 0.00832471 0.569874 0.0173891 0.0702878 0.013151
0 0.775871 0.955318 0.0475498 0.0830193 0.0131048
0 0.00914107 0.553138 0.0183338 0.0720305 0.0130459
0 0.63055 -0.00715462 0.0792525 0.0511251 0.0130139
0 0.534854 0.328643 0.0400355 0.0458896 0.0130015
0 0.483279 -0.0107527 0.0682955 0.0452767 0.0129909
0 0.310111 0.559828 0.0481015 0.061125 0.0129904
0 0.0101342 0.614987 0.0206142 0.111819 0.012976
0 0.149944 0.394365 0.0531952 0.0580104 0.0129292
0 0.395273 0.247318 0.0498369 0.0703038 0.0129234
0 0.322832 0.484476 0.0259007 0.0431623 0.0129193
0 0.613641 0.324027 0.0400086 0.0548407 0.0129077
0 0.740106 0.2618 0.0370018 0.0540151 0.0128928
0 0.900122 0.263132 0.0916245 0.164344 0.0128668
0 0.964026 0.531431 0.0652155 0.181115 0.0128648
0 0.311011 0.614768 0.0489567 0.0699466 0.0128187
0 0.459698 -0.0107703 0.070476 0.0465041 0.0128127
0 0.163971 0.632301 0.0607974 0.0973312 0.0128084
0 0.276695 0.379748 0.0462858 0.0445339 0.0127152
0 0.656929 0.330929 0.0315092 0.0546704 0.0127065
0 0.829464 0.299513 0.0408455 0.052174 0.0126344
0 0.124977 0.590008 0.0645281 0.0888368 0.0126124
0 0.933121 0.3586 0.0945538 0.211556 0.0126033
0 0.285786 0.394513 0.0618587 0.0655318 0.0125875
0 0.551242 0.326412 0.0318697 0.0425017 0.0125652
