0 0.318968 0.376441 0.0353251 0.0488758 0.867615
0 0.380822 0.372892 0.0234867 0.0319071 0.830636
0 0.35421 0.347765 0.0159673 0.0208413 0.538387
0 0.373756 0.360405 0.0159324 0.0251091 0.45425
0 0.292107 0.355578 0.0233462 0.0360775 0.341039
0 0.372184 0.352828 0.0137329 0.0210165 0.311271
0 0.353688 0.351254 0.0130164 0.0184153 0.264535
0 0.304675 0.348075 0.0191103 0.026673 0.22471
0 0.336734 0.342325 0.0149559 0.0224619 0.215437
0 0.372956 0.365739 0.0130217 0.022578 0.213422
0 0.367412 0.356176 0.0119273 0.0188403 0.20425
0 0.29119 0.361014 0.0196279 0.0271002 0.203145
0 0.299082 0.350586 0.0240614 0.0362131 0.199654
0 0.392535 0.372542 0.0124067 0.0242353 0.185819
0 0.304965 0.35553 0.015965 0.0272266 0.177174
0 0.351289 0.344693 0.0119789 0.0191314 0.171494
0 0.379825 0.363267 0.0246299 0.0396452 0.165938
0 0.367212 0.363447 0.011133 0.016689 0.163659
0 0.334088 0.3399 0.0168174 0.0249057 0.161523
0 0.358475 0.352096 0.0126818 0.0201402 0.156839
0 0.395933 0.371066 0.0171831 0.0315352 0.15133
0 0.381644 0.365769 0.0137021 0.0258067 0.143278
0 0.340341 0.340317 0.0127083 0.0190058 0.141144
0 0.522803 0.362752 0.0315251 0.0383129 0.140812
0 0.371402 0.344642 0.0144321 0.0189071 0.135686
0 0.32742 0.340886 0.0169419 0.0231156 0.133533
0 0.5625 0.409082 0 0.124437 0.131898
0 0.377923 0.361289 0.0138868 0.0225996 0.130315
0 0.386727 0.370951 0.0172354 0.0289389 0.127424
0 0.359404 0.369101 0.013123 0.0181727 0.125346
0 0.265092 0.352009 0.0301746 0.0313677 0.123664
0 0.345261 0.347389 0.0128882 0.0171047 0.122871
0 0.310968 0.349822 0.0122816 0.0193265 0.122478
0 0.5625 0.413814 0 0.101933 0.120963
0 0.508499 0.366764 0.0425926 0.0460174 0.114578
0 0.300943 0.358603 0.0139314 0.0228383 0.113585
0 0.5625 0.378009 0 0.0844178 0.111962
0 0.334754 0.360176 0.012995 0.0213554 0.111566
0 0.5625 0.3714 0 0.103119 0.10112
0 0.555098 0.376897 0.0148032 0.0366391 0.100037
0 0.305208 0.36127 0.014458 0.0211667 0.0997372
0 0.5625 0.420932 0 0.0968392 0.0991931
0 0.5625 0.421295 0 0.0849289 0.0991483
0 0.197758 0.347824 0.0425253 0.0509463 0.0985618
0 0.282747 0.356884 0.014783 0.024097 0.094998
0 0.317753 0.352032 0.0164733 0.0273716 0.0927928
0 0.540465 0.364584 0.0440693 0.0570529 0.090302
0 0.5625 0.362339 0 0.0951368 0.0895204
0 0.20181 0.343048 0.0327009 0.0396228 0.0892153
0 0.309874 0.343088 0.0151903 0.0224455 0.0877139
0 0.964771 0.348541 0.0700014 0.0810009 0.0856982
0 0.285654 0.353747 0.016236 0.0261002 0.0842831
0 0.990082 0.342743 0.0189655 0.0898499 0.0825946
0 0.733742 0.37614 0.0357032 0.0476134 0.0823861
0 0.00879932 0.382435 0.017871 0.0438998 0.0815574
0 0.010867 0.390682 0.0209029 0.0437796 0.0806328
0 0.820667 0.371045 0.222607 0.158639 0.0804648
0 0.41966 0.362884 0.0237585 0.0452802 0.0798988
0 0.977381 0.377617 0.0447739 0.0998472 0.0798347
0 0.274745 0.356442 0.0283293 0.0341359 0.0793779
0 0.776013 0.366875 0.122238 0.124827 0.0763184
0 0.190687 0.356221 0.0536245 0.0587875 0.0749631
0 0.611709 0.4165 0.0523652 0.0870422 0.0734911
0 0.165163 0.35865 0.0431026 0.0494342 0.0730985
0 0.487775 0.375656 0.0231622 0.0494365 0.0715844
0 0.963501 0.410886 0.0710461 0.121111 0.0706239
0 0.158605 0.362863 0.0341699 0.0401263 0.0702189
0 0.381158 0.339117 0.0193544 0.0326687 0.0701203
0 0.990649 0.323338 0.017156 0.0691577 0.070049
0 0.512478 0.358027 0.0514166 0.0642482 0.0700044
0 0.754952 0.39687 0.0952519 0.112053 0.0695884
0 0.944713 0.334016 0.0308645 0.0333606 0.0691084
0 0.00530897 0.372486 0.0115854 0.0553492 0.0650544
0 0.746397 0.369432 0.0645089 0.0638526 0.0650426
0 0.94873 0.420666 0.104333 0.100825 0.0643772
0 0.949261 0.391122 0.102331 0.12063 0.0639711
0 0.54691 0.359645 0.0802528 0.0740596 0.0639505
0 0.496973 0.376689 0.0341846 0.0527641 0.0638796
0 0.481616 0.396218 0.0253927 0.0508822 0.0628644
0 0.55835 0.370212 0.045522 0.044797 0.0626118
0 0.581641 0.384194 0.0589429 0.0634712 0.0623552
0 0.936547 0.334552 0.0283823 0.0335774 0.06065
0 0.729663 0.381352 0.0490351 0.0592177 0.0605546
0 0.242531 0.355491 0.0194679 0.0351407 0.0587886
0 0.494414 0.391515 0.0383437 0.0682048 0.0573096
0 0.918473 0.405181 0.159519 0.134592 0.0572881
0 0.29144 0.366081 0.0154993 0.0231839 0.0570696
0 0.985523 0.32301 0.0292322 0.0839127 0.0564586
0 0.53454 0.374158 0.0947769 0.0849128 0.0564199
0 0.56079 0.381081 0.0511138 0.0477473 0.0555941
0 0.481124 0.382256 0.0265381 0.0617311 0.055572
0 0.986837 0.427913 0.0255936 0.0951661 0.055384
0 0.409938 0.365536 0.0225508 0.0386737 0.0541253
0 0.935218 0.370118 0.0930351 0.0959489 0.0533366
0 0.541063 0.405879 0.126486 0.127014 0.0533064
0 0.577466 0.372767 0.0564805 0.0516298 0.0531326
0 0.967908 0.318774 0.0632877 0.106451 0.0530644
0 0.396379 0.361149 0.0163083 0.0286671 0.0522969
0 0.291209 0.345187 0.016588 0.0244923 0.0521193
0 0.564535 0.364278 0.0834735 0.0814796 0.0516452
0 0.511701 0.379747 0.0715063 0.085016 0.0513821
0 0.48503 0.367073 0.0350176 0.0591113 0.0511957
0 0.680897 0.379862 0.130527 0.104006 0.0506932
0 0.928277 0.351177 0.0569366 0.0658873 0.0502042
0 0.638943 0.395058 0.101872 0.138338 0.050103
0 0.952099 0.35195 0.0601721 0.0584373 0.0488576
0 0.0188165 0.347487 0.0371258 0.0928502 0.048663
0 0.265077 0.354009 0.0217025 0.0254084 0.0480143
0 0.207532 0.364318 0.0311305 0.0396382 0.0471767
0 0.00489314 0.389646 0.00996479 0.0456845 0.0461737
0 0.956843 0.330599 0.072093 0.0598888 0.0459004
0 0.304797 0.366596 0.0131879 0.0263385 0.045865
0 0.574883 0.410425 0.0833471 0.106108 0.0454123
0 0.910023 0.355505 0.0869163 0.0930018 0.0441846
0 0.288163 0.372797 0.0165476 0.0253041 0.0441117
0 0.788346 0.389506 0.138018 0.133469 0.0439753
0 0.0493493 0.334509 0.0956636 0.127657 0.0439725
0 0.455752 0.365256 0.0278128 0.0594433 0.0437378
0 0.861806 0.364467 0.189458 0.139208 0.0434455
0 0.426794 0.373327 0.0223277 0.0373045 0.0417031
0 0.464655 0.369218 0.0310523 0.0643071 0.041204
0 0.158083 0.352498 0.0404335 0.0558777 0.0407851
0 0.687595 0.374635 0.188541 0.149868 0.0406483
0 0.0103497 0.356125 0.0216771 0.0873812 0.0402663
0 0.592045 0.416823 0.0441002 0.0895221 0.0402633
0 0.239862 0.353447 0.0276937 0.0442517 0.0402562
0 0.248656 0.349896 0.024306 0.0360917 0.0396264
0 0.729786 0.355389 0.0872992 0.103043 0.0396076
0 0.922976 0.338991 0.0548559 0.0598638 0.0395997
0 0.329728 0.371778 0.0242453 0.0384399 0.0394467
0 0.0157978 0.364574 0.0333536 0.0653579 0.0392788
0 0.870035 0.400458 0.189056 0.129606 0.039186
0 0.189176 0.336864 0.0557383 0.0659885 0.0379359
0 0.0626822 0.890088 0.0400809 0.0720695 0.037834
0 0.917563 0.38618 0.117066 0.11031 0.0377776
0 0.285409 0.343634 0.0156072 0.0231447 0.0370621
0 0.890176 0.410774 0.113393 0.104711 0.0363571
0 0.900856 0.363585 0.127088 0.115674 0.0361661
0 0.485252 0.40603 0.0254449 0.046404 0.0360721
0 0.710184 0.377751 0.089044 0.100716 0.0355512
0 0.692279 0.360983 0.108628 0.0902355 0.0351386
0 0.977654 0.331438 0.0419107 0.114271 0.0349089
0 0.635467 0.382742 0.0685019 0.0692321 0.034554
0 0.345753 0.318749 0.0125193 0.0172738 0.0331533
0 0.972494 0.450211 0.0550461 0.13522 0.0331452
0 0.0230529 0.326864 0.0430128 0.167963 0.0329583
0 0.732353 0.390289 0.0536225 0.0905118 0.0327523
0 0.947705 0.332878 0.103466 0.142283 0.0325717
0 0.478949 0.274137 0.0223375 0.0481616 0.0325159
0 0.646083 0.844964 0.01982 0.0379857 0.0319584
0 0.293951 0.36778 0.0208901 0.0342873 0.0318228
0 0.79291 0.410533 0.105044 0.0995156 0.0315849
0 0.13484 0.345861 0.0729756 0.0791423 0.0313957
0 0.402607 0.303835 0.0301023 0.0457792 0.0310995
0 0.395976 0.380549 0.0238767 0.0423076 0.0309535
0 0.200839 0.356155 0.0322415 0.0396503 0.0306787
0 0.410632 0.380584 0.0191195 0.0322215 0.0305141
0 0.654428 0.352688 0.0311427 0.0373454 0.0304976
0 0.481633 0.406836 0.0157593 0.0261234 0.030254
0 0.00316763 0.412941 0.00869468 0.06472 0.0301134
0 0.335482 0.321612 0.0113666 0.0166125 0.0294724
0 0.991077 0.451196 0.0182194 0.122667 0.0292644
0 0.264736 0.374378 0.0205582 0.0288988 0.0286566
0 0.14004 0.355275 0.0553122 0.0565712 0.0284215
0 0.929124 0.31385 0.0692513 0.0830525 0.0282459
0 0.126672 0.362455 0.0692625 0.0540292 0.0281788
0 0.508832 0.343901 0.0437654 0.0804179 0.0281536
0 0.414778 0.370405 0.0161063 0.0302836 0.0281351
0 0.2082 0.34779 0.0213293 0.0362113 0.0279574
0 0.156147 0.36706 0.025163 0.0296504 0.0279377
0 0.658731 0.390317 0.126659 0.104897 0.0279226
0 0.584816 0.33987 0.116512 0.138936 0.027563
0 0.554478 0.311503 0.0350143 0.0416913 0.0275211
0 0.871163 0.399727 0.0915028 0.086075 0.0275186
0 0.243722 0.367909 0.0171446 0.0270426 0.0274006
0 0.301762 0.668021 0.0223433 0.0567902 0.0271973
0 0.345442 0.322557 0.0111536 0.0161261 0.0266374
0 0.0540004 0.351341 0.0839096 0.077494 0.0265463
0 0.23921 0.364835 0.0234877 0.0308341 0.0264507
0 0.138247 0.273731 0.0277432 0.0718241 0.0263089
0 0.402012 0.394028 0.0205414 0.03578 0.0259687
0 0.857848 0.413067 0.103345 0.0904865 0.0259284
0 0.25507 0.360427 0.0158233 0.0242034 0.0258892
0 0.538823 0.326297 0.0579565 0.0786763 0.0257262
0 0.209109 0.361108 0.0191809 0.0261916 0.0256809
0 0.62541 0.17378 0.0451094 0.040097 0.0252297
0 0.813642 0.381238 0.0914405 0.0892448 0.0251322
0 0.41814 0.285442 0.0342854 0.0498817 0.0251047
0 0.481749 0.317242 0.0279845 0.0688531 0.0250138
0 0.283534 0.3645 0.0143047 0.0209248 0.0249917
0 0.499566 0.33445 0.0287589 0.0634312 0.024885
0 0.887034 0.372981 0.0709511 0.0744823 0.0245285
0 0.890148 0.346692 0.0990095 0.101289 0.0243102
0 0.296631 0.668883 0.0189569 0.0570407 0.02427
0 0.340229 0.323267 0.0111525 0.0164068 0.0242581
0 0.639073 0.357586 0.0567495 0.0639293 0.0242143
0 0.501162 0.402566 0.0433975 0.0641091 0.0241536
0 0.0163027 0.383227 0.033139 0.0638142 0.0238751
0 0.0599243 0.557992 0.115403 0.292156 0.0238047
0 0.313116 0.31581 0.0119627 0.0172746 0.023747
0 0.452576 0.351974 0.0346683 0.0766264 0.023707
0 0.709179 0.345973 0.136553 0.138827 0.0235799
0 0.372305 0.299756 0.0272302 0.0459563 0.0235691
0 0.527386 0.342019 0.0373515 0.0681443 0.023329
0 0.951636 0.458982 0.0933088 0.153609 0.0232326
0 0.578396 0.416868 0.0232606 0.0382624 0.0230134
0 0.0913412 0.363333 0.022975 0.0384162 0.0229621
0 0.759028 0.346892 0.0673021 0.0901621 0.0228568
0 0.234624 0.350634 0.0682498 0.0876205 0.0227136
0 0.644376 0.424936 0.0963102 0.115744 0.0227093
0 0.874262 0.359624 0.0888952 0.0925602 0.0226382
0 0.841191 0.377102 0.104824 0.0984452 0.0225157
0 0.8269 0.413135 0.10027 0.0919023 0.0224368
0 0.338821 0.21624 0.0287083 0.0336217 0.0223673
0 0.609443 0.344031 0.119662 0.180265 0.0223376
0 0.456166 0.308104 0.0246023 0.0366707 0.0222808
0 0.841549 0.396394 0.094113 0.084625 0.0221119
0 0.926976 0.430067 0.132741 0.0993026 0.0220525
0 0.466387 0.343878 0.0251705 0.0466754 0.0220239
0 0.0396058 0.372573 0.0672995 0.0823449 0.0216776
0 0.367541 0.307273 0.018717 0.0292084 0.0216198
0 0.41038 0.280145 0.0297576 0.0480611 0.0216052
0 0.381119 0.312602 0.0161774 0.0205114 0.0215974
0 0.0202226 0.294663 0.036369 0.126977 0.0215757
0 0.496953 0.321498 0.0432881 0.0792487 0.0215478
0 0.923007 0.305737 0.0515818 0.059972 0.0214017
0 0.941844 0.295598 0.111472 0.192607 0.0212209
0 0.19864 0.358452 0.023743 0.0277694 0.0210185
0 0.0551717 0.561291 0.0944432 0.18884 0.0208171
0 0.461992 0.306004 0.0239034 0.0457933 0.0207278
0 0.339108 0.318122 0.0179822 0.0214238 0.0206856
0 0.458144 0.385432 0.0279155 0.0447303 0.0205128
0 0.303427 0.302016 0.0128282 0.0182446 0.0204703
0 0.394361 0.286144 0.0386047 0.0590619 0.0204109
0 0.0368226 0.893743 0.0734805 0.166946 0.0203681
0 0.082745 0.371231 0.0283294 0.0332069 0.0203233
0 0.682315 0.324788 0.176415 0.221288 0.0202728
0 0.6498 0.843261 0.0246557 0.0456948 0.0202568
0 0.661861 0.22512 0.0335833 0.0502857 0.0201997
0 0.677288 0.345608 0.081003 0.0855526 0.0201642
0 0.977037 0.973009 0.0453676 0.0626107 0.0201407
0 0.119161 0.343662 0.0567146 0.0775612 0.0200372
0 0.268842 0.327244 0.0250893 0.0350861 0.0198498
0 0.376262 0.214927 0.0265078 0.0408656 0.0198378
0 0.637733 0.346376 0.0956819 0.17281 0.0197741
0 0.154097 0.376187 0.0226377 0.029115 0.0196594
0 0.0694328 0.356565 0.0507349 0.0578177 0.0195599
0 0.451969 0.388179 0.0231734 0.0399418 0.0194896
0 0.855009 0.978647 0.0773588 0.0528607 0.0194851
0 0.201018 0.32302 0.0349966 0.0651772 0.0194648
0 0.060452 0.608554 0.0994217 0.174016 0.0194552
0 0.0274594 0.277952 0.0511355 0.0878368 0.0193168
0 0.990389 0.571986 0.0185642 0.0830481 0.0192966
0 0.442153 0.282666 0.0308081 0.0423893 0.0191252
0 0.24957 0.336658 0.0570864 0.0857662 0.0190377
0 0.238346 0.34655 0.0192198 0.0376981 0.019026
0 0.213273 0.365256 0.0205875 0.0278041 0.0188991
0 0.989133 0.102189 0.0222075 0.114819 0.0188768
0 0.653413 0.224022 0.0423107 0.061009 0.0187273
0 0.165918 0.36615 0.0320851 0.0360279 0.0187187
0 0.431758 0.283631 0.0327518 0.0454157 0.0187133
0 0.671286 0.347695 0.1269 0.157837 0.0187103
0 0.288083 0.678488 0.0300694 0.0616754 0.0184917
0 0.20106 0.329286 0.0501624 0.073451 0.0184498
0 0.0305411 0.301737 0.0550632 0.111277 0.0184392
0 0.448153 0.308847 0.0305985 0.0434987 0.0183316
0 0.379609 0.205505 0.0339461 0.0529924 0.0183051
0 0.794545 0.346448 0.112643 0.106356 0.0181657
0 0.903891 0.326077 0.0677769 0.0805959 0.0181607
0 0.813185 0.173399 0.249075 0.335447 0.0181256
0 0.180446 0.327526 0.0879889 0.0952578 0.018104
0 0.00716832 0.392983 0.0135185 0.050626 0.0181026
0 0.636912 0.519789 0.047805 0.0741812 0.0178839
0 0.126206 0.611391 0.10885 0.156352 0.0177727
0 0.0714669 0.368785 0.0435536 0.0376542 0.0177224
0 0.99064 0.125474 0.0193939 0.0954503 0.0176611
0 0.204502 0.386679 0.028686 0.0360384 0.0175614
0 0.922288 0.19562 0.159096 0.288473 0.0175459
0 0.718989 0.534785 0.0796587 0.0855838 0.0174865
0 0.484585 0.431038 0.0253177 0.0406463 0.0174659
0 0.0657464 0.563119 0.0784352 0.137516 0.017448
0 0.983875 0.476852 0.0318689 0.156722 0.0174263
0 0.424455 0.334954 0.024617 0.0482654 0.0173789
0 0.135093 0.300307 0.0507746 0.0865349 0.01735
0 0.909377 0.298034 0.0340113 0.0432404 0.0173474
0 0.415835 0.273138 0.0302306 0.0473602 0.0172919
0 0.99359 0.479085 0.0135399 0.109136 0.0172383
0 0.0817318 0.36159 0.0295592 0.0419627 0.0172308
0 0.557457 0.422925 0.0356449 0.0522736 0.0172108
0 0.19495 0.324316 0.0322282 0.0538408 0.0171943
0 0.258537 0.301863 0.0372262 0.0550561 0.0171181
0 0.63818 0.218506 0.0407694 0.070841 0.0170636
0 0.985044 0.980589 0.0271286 0.0363125 0.0169469
0 0.0145746 0.268681 0.0273438 0.0841318 0.0168871
0 0.926207 0.10473 0.0312138 0.0588066 0.0166684
0 0.564248 0.299061 0.0384697 0.0470169 0.0166576
0 0.156361 0.391505 0.0303138 0.0400462 0.0166435
0 0.162648 0.333185 0.0680627 0.0884896 0.0166066
0 0.465816 0.893383 0.020304 0.0364461 0.0165574
0 0.129173 0.57335 0.0980752 0.147304 0.0165394
