0 0.5625 0.545591 0 0.10347 0.898068
0 0.5625 0.571557 0 0.156842 0.890355
0 0.414277 0.498217 0.230655 0.324889 0.756916
0 0.5625 0.523239 0 0.0641047 0.682419
0 0.5625 0.529951 0 0.0553747 0.668849
0 0.156075 0.375977 0.310882 0.728012 0.515754
0 0.5625 0.54206 0 0.0302664 0.454706
0 0.5625 0.536879 0 0.0367661 0.410557
0 0.5625 0.545513 0 0.0219353 0.333266
0 0.5625 0.545364 0 0.022482 0.250953
0 0.311548 0.580282 0.171295 0.179082 0.236483
0 0.5625 0.541272 0 0.0255697 0.235899
0 0.5625 0.530562 0 0.0466462 0.227238
0 0.5625 0.540125 0 0.0301756 0.22346
0 0.5625 0.534021 0 0.0520607 0.222368
0 0.5625 0.534739 0 0.0430227 0.221196
0 0.350941 0.537857 0.279163 0.26678 0.1854
0 0.5625 0.54444 0 0.0214667 0.182934
0 0.151318 0.561472 0.302637 0.339535 0.178197
0 0.283288 0.600074 0.122152 0.144472 0.176264
0 0.5625 0.536697 0 0.0309748 0.169421
0 0.5625 0.54653 0 0.0194882 0.169107
0 0.5625 0.540176 0 0.0260319 0.148015
0 0.337314 0.551188 0.127088 0.223961 0.147144
0 0.409734 0.563763 0.225578 0.187789 0.138663
0 0.0126785 0.755222 0.0252717 0.21888 0.132845
0 0.5625 0.546344 0 0.0215793 0.130936
0 0.5625 0.535048 0 0.0385571 0.129608
0 0.5625 0.545112 0 0.0207603 0.123519
0 0.5625 0.549657 0 0.0211933 0.12265
0 0.267788 0.615405 0.0914778 0.122876 0.114555
0 0.222734 0.617314 0.164952 0.20266 0.114315
0 0.5625 0.535268 0 0.052829 0.113287
0 0.5625 0.546024 0 0.0190731 0.109734
0 0.113733 0.675819 0.22446 0.166848 0.105832
0 0.0201145 0.706945 0.0402291 0.251867 0.101802
0 0.5625 0.541621 0 0.0251929 0.101559
0 0.5625 0.521866 0 0.084093 0.0995063
0 0.135344 0.6179 0.270687 0.21861 0.0984733
0 0.0100001 0.725372 0.0199539 0.191151 0.0969677
0 0.0625649 0.677222 0.124738 0.189041 0.0899597
0 0.5625 0.544692 0 0.0255467 0.0885101
0 0.5625 0.53411 0 0.0486077 0.0884848
0 0.5625 0.544802 0 0.0216738 0.0872047
0 0.5625 0.539443 0 0.024763 0.0857855
0 0.5625 0.531424 0 0.0693661 0.0822585
0 0.0143946 0.680316 0.0284198 0.215327 0.08126
0 0.368161 0.555516 0.127531 0.202854 0.0802526
0 0.5625 0.564591 0 0.139203 0.0790383
0 0.5625 0.546575 0 0.0882508 0.0786653
0 0.794678 0.542984 0.0199768 0.0357192 0.076796
0 0.784985 0.539112 0.0159969 0.0254037 0.0765867
0 0.829979 0.527548 0.0384506 0.0652372 0.0764285
0 0.85423 0.538779 0.0258205 0.072693 0.0756979
0 0.63663 0.538694 0.0297562 0.0355648 0.0749859
0 0.687917 0.531144 0.0487535 0.060034 0.0746069
0 0.252305 0.628321 0.0859038 0.113768 0.0732233
0 0.343941 0.5809 0.0971458 0.162873 0.0715861
0 0.31303 0.602039 0.0873798 0.131693 0.0712984
0 0.187492 0.638566 0.178075 0.165284 0.0696525
0 0.00744979 0.692048 0.0160274 0.187401 0.0694426
0 0.696366 0.534759 0.021877 0.0343486 0.0685176
0 0.340103 0.575014 0.355491 0.410105 0.0679536
0 0.634019 0.517695 0.0582071 0.089972 0.0673156
0 0.991096 0.556543 0.0187704 0.0851438 0.0654887
0 0.993041 0.573328 0.0145025 0.096966 0.0648108
0 0.0408528 0.6633 0.0781016 0.224981 0.0642063
0 0.297463 0.544975 0.122026 0.274521 0.0621493
0 0.662237 0.908701 0.0117434 0.0176878 0.061923
0 0.261712 0.580152 0.309108 0.354204 0.0617744
0 0.332117 0.504311 0.111728 0.369517 0.06068
0 0.891863 0.559382 0.0537441 0.120202 0.0593947
0 0.275414 0.625742 0.181047 0.219195 0.0593648
0 0.804705 0.538217 0.0191355 0.0272108 0.0593486
0 0.799098 0.537225 0.0187355 0.0262703 0.0592523
0 0.0960809 0.731811 0.188447 0.292788 0.0578111
0 0.26863 0.619654 0.0585011 0.0927018 0.0572314
0 0.847932 0.541728 0.0141541 0.0392347 0.0546498
0 0.236292 0.574221 0.178921 0.271826 0.0542457
0 0.0209434 0.793451 0.0446885 0.25273 0.05424
0 0.683209 0.538018 0.0187634 0.035737 0.0530226
0 0.0242136 0.647354 0.046503 0.267578 0.0528823
0 0.987706 0.588023 0.0241098 0.134934 0.0527807
0 0.995069 0.556392 0.0105339 0.0635663 0.0525865
0 0.805975 0.544386 0.0194229 0.0223463 0.0519521
0 0.22885 0.631819 0.101163 0.128677 0.0503811
0 0.814149 0.538621 0.020463 0.0286605 0.0492454
0 0.233262 0.636382 0.0720157 0.103831 0.0481461
0 0.0533496 0.616023 0.102691 0.320801 0.0472183
0 0.98451 0.677523 0.031797 0.231464 0.0470015
0 0.35729 0.397227 0.113776 0.107548 0.0468154
0 0.690937 0.53608 0.0246924 0.0395422 0.0459669
0 0.969653 0.673299 0.0606235 0.243655 0.0446377
0 0.00805252 0.78584 0.0166348 0.202397 0.0445751
0 0.645183 0.535251 0.04381 0.0572291 0.0436392
0 0.0507035 0.746174 0.0934967 0.241771 0.0431993
0 0.819921 0.54685 0.0206999 0.0248207 0.0428639
0 0.72543 0.54337 0.0360987 0.0429162 0.0428313
0 0.342555 0.549055 0.0874554 0.137995 0.0428275
0 0.309643 0.489437 0.0576245 0.346769 0.0427752
0 0.748452 0.521929 0.0191755 0.0228036 0.0422751
0 0.990476 0.531853 0.0193466 0.118735 0.0421622
0 0.82116 0.524917 0.0488483 0.0786388 0.04062
0 0.512754 0.555318 0.031044 0.0539992 0.0400782
0 0.43751 0.407316 0.0659098 0.133421 0.0395349
0 0.88037 0.553388 0.0351631 0.121995 0.0393065
0 0.49722 0.553693 0.056253 0.0767575 0.038939
0 0.20127 0.656427 0.127053 0.128466 0.0384267
0 0.316693 0.631453 0.16475 0.238649 0.0383965
0 0.473565 0.546501 0.118297 0.140348 0.038324
0 0.629646 0.535439 0.0283914 0.0325516 0.0378775
0 0.34512 0.510036 0.0882206 0.147624 0.0376027
0 0.627606 0.526129 0.0423894 0.0563094 0.037569
0 0.112484 0.763226 0.179113 0.205464 0.0375363
0 0.742303 0.522875 0.0174336 0.0231627 0.0372198
0 0.972412 0.581785 0.0547474 0.15741 0.0367107
0 0.993728 0.508748 0.0170147 0.105445 0.0364506
0 0.836371 0.536864 0.0147915 0.0330859 0.0356043
0 0.38368 0.646595 0.265428 0.318764 0.035447
0 0.8433 0.520554 0.0176682 0.0358102 0.0346507
0 0.917321 0.533799 0.0892212 0.0759928 0.0344619
0 0.572738 0.473484 0.0291451 0.0603078 0.0342939
0 0.0683312 0.705949 0.109342 0.0989643 0.0342716
0 0.83649 0.530428 0.0238674 0.0474058 0.0339258
0 0.308774 0.344962 0.0163477 0.0243735 0.0337625
0 0.415327 0.405246 0.211409 0.131968 0.0337065
0 0.0280804 0.703292 0.0544795 0.189456 0.033221
0 0.739149 0.540212 0.0189667 0.0257394 0.0331559
0 0.882898 0.552781 0.0452309 0.080446 0.0326028
0 0.877366 0.567917 0.0211473 0.056914 0.0322166
0 0.640289 0.491076 0.0870043 0.146297 0.0320628
0 0.645501 0.53472 0.0220842 0.0379011 0.0320347
0 0.322054 0.54745 0.0654828 0.160653 0.0319947
0 0.637399 0.511923 0.0684058 0.132544 0.0317626
0 0.693591 0.542906 0.0186046 0.0315975 0.0317263
0 0.358429 0.378178 0.0977939 0.0750932 0.0311229
0 0.987192 0.559409 0.0261192 0.119999 0.0310723
0 0.979585 0.529508 0.0460075 0.0969564 0.0309135
0 0.278457 0.484729 0.0806576 0.402642 0.0308133
0 0.720958 0.517645 0.0370021 0.0567105 0.0307409
0 0.834633 0.545044 0.0154877 0.0271957 0.0306079
0 0.366766 0.601079 0.0750236 0.106015 0.0302542
0 0.310334 0.358431 0.0142148 0.019382 0.0300753
0 0.706798 0.541801 0.0187118 0.0276066 0.0295223
0 0.313719 0.346854 0.0200929 0.0227598 0.0294522
0 0.232553 0.655976 0.0603159 0.102728 0.0292744
0 0.496907 0.582253 0.0600565 0.0910382 0.0292605
0 0.181452 0.799506 0.0464595 0.0855348 0.0292002
0 0.721017 0.57776 0.0207623 0.0294636 0.0290088
0 0.607624 0.534358 0.0345542 0.0570815 0.0288471
0 0.0392223 0.701597 0.0698748 0.144495 0.028793
0 0.184078 0.662578 0.0709485 0.105509 0.0286504
0 0.447745 0.574682 0.106344 0.110137 0.0285295
0 0.693863 0.391828 0.0243653 0.0334394 0.0285189
0 0.83899 0.54288 0.0192671 0.0338379 0.0284796
0 0.943257 0.665353 0.112822 0.223353 0.0284421
0 0.0830147 0.707274 0.0881616 0.0765378 0.0282519
0 0.612772 0.528004 0.0283571 0.0496454 0.0278099
0 0.537713 0.499091 0.0425138 0.176525 0.0276906
0 0.332926 0.607827 0.0854247 0.108194 0.0275842
0 0.293085 0.456229 0.0377263 0.30518 0.0275738
0 0.954281 0.566279 0.0844994 0.136514 0.027519
0 0.879319 0.403497 0.0210907 0.0317796 0.0275091
0 0.90821 0.356811 0.0252424 0.0325162 0.0274375
0 0.974793 0.551056 0.0522242 0.12127 0.0273883
0 0.344882 0.483071 0.0772261 0.084265 0.0273449
0 0.00587476 0.641649 0.0136291 0.153912 0.0272199
0 0.292047 0.626967 0.0826896 0.0864796 0.0271912
0 0.570227 0.452548 0.0256115 0.046973 0.0271586
0 0.700095 0.51788 0.0392559 0.0647404 0.0267692
0 0.303547 0.535165 0.0286476 0.0781769 0.0265689
0 0.603301 0.505622 0.017408 0.0449315 0.0265236
0 0.301557 0.414807 0.0232107 0.0927473 0.0264395
0 0.310087 0.445369 0.0334864 0.171441 0.0264291
0 0.145158 0.7904 0.100573 0.134688 0.0263467
0 0.922927 0.778107 0.143281 0.279837 0.0261746
0 0.0442207 0.782006 0.0771346 0.182801 0.0261219
0 0.309104 0.353417 0.0145685 0.0188961 0.0261024
0 0.434998 0.379343 0.0573899 0.075571 0.0258443
0 0.167226 0.663798 0.0775166 0.112055 0.0258251
0 0.16452 0.834279 0.042853 0.0540787 0.0256314
0 0.593438 0.544408 0.038091 0.0542991 0.0255986
0 0.364459 0.583739 0.10242 0.142499 0.0255831
0 0.563784 0.494823 0.0342939 0.118518 0.0253352
0 0.848481 0.559337 0.0185238 0.0467618 0.0252399
0 0.0534984 0.678978 0.0926046 0.146451 0.0250521
0 0.572592 0.488936 0.0336659 0.0997746 0.0250318
0 0.0102245 0.361142 0.0220577 0.0656154 0.0248311
0 0.569111 0.553326 0.0466658 0.0558181 0.0247177
0 0.926191 0.389758 0.0220798 0.038574 0.0245696
0 0.311671 0.361311 0.0187998 0.0294043 0.0245349
0 0.193713 0.640938 0.0905402 0.139054 0.0245087
0 0.542395 0.553565 0.0413184 0.0592663 0.0245024
0 0.607239 0.531602 0.0534187 0.0757505 0.0243571
0 0.689206 0.512037 0.0629728 0.107066 0.0242366
0 0.620625 0.536077 0.0261608 0.0369909 0.0241125
0 0.683527 0.549634 0.0163393 0.0256959 0.0241039
0 0.238035 0.71666 0.114222 0.159642 0.0240477
0 0.983078 0.723732 0.033773 0.15444 0.0239588
0 0.0710487 0.576982 0.138885 0.354635 0.0238325
0 0.519601 0.546616 0.0250957 0.0708089 0.0237017
0 0.853112 0.549542 0.0190838 0.0733749 0.0236936
0 0.983077 0.513213 0.0341299 0.0859551 0.0236408
0 0.636528 0.557937 0.033446 0.0544088 0.0235441
0 0.648238 0.55074 0.0269575 0.0452906 0.0235275
0 0.175542 0.71611 0.0924984 0.154643 0.0234316
0 0.212791 0.666101 0.0911051 0.0998449 0.0233187
0 0.537337 0.450187 0.0294796 0.0652594 0.0233074
0 0.953264 0.535802 0.089749 0.0825918 0.0232695
0 0.280166 0.695581 0.128761 0.243014 0.0231515
0 0.987942 0.464086 0.0277237 0.202829 0.0230828
0 0.0164971 0.386696 0.0319077 0.0924013 0.0229087
0 0.488181 0.474425 0.0817286 0.220512 0.0226615
0 0.878537 0.411002 0.022732 0.0347501 0.0224843
0 0.611472 0.499218 0.0223826 0.0427607 0.0223726
0 0.518146 0.611675 0.0281149 0.0433764 0.0222594
0 0.619383 0.504774 0.0809471 0.129773 0.0221446
0 0.404076 0.601408 0.109339 0.0913038 0.0220448
0 0.327996 0.483275 0.0501179 0.0771049 0.0219587
0 0.147967 0.665623 0.122472 0.118513 0.0219379
0 0.319023 0.355849 0.0288222 0.0251974 0.0218847
0 0.116902 0.697777 0.113952 0.0907376 0.0218562
0 0.940291 0.303831 0.0253405 0.0409071 0.0218154
0 0.310348 0.47875 0.030724 0.0839769 0.0217723
0 0.314065 0.352768 0.0206391 0.0194227 0.0216912
0 0.0782184 0.787427 0.130786 0.189537 0.0214375
0 0.316505 0.502052 0.0463143 0.109295 0.0214006
0 0.573301 0.527219 0.0553381 0.0886512 0.0213795
0 0.318951 0.346371 0.0237167 0.0230919 0.0210279
0 0.297573 0.42979 0.0260543 0.128361 0.0207019
0 0.566912 0.47693 0.029607 0.0798445 0.0206397
0 0.57503 0.50112 0.0566686 0.12175 0.020608
0 0.975439 0.702392 0.0473448 0.161838 0.0200662
0 0.545716 0.525827 0.0449904 0.0961984 0.0200639
0 0.989071 0.729321 0.0214708 0.127434 0.0200459
0 0.168301 0.7911 0.210815 0.200077 0.0200404
0 0.487026 0.420739 0.0718396 0.127593 0.0199959
0 0.208428 0.79523 0.0508491 0.0851434 0.0199645
0 0.90222 0.41747 0.0435266 0.0500209 0.0198946
0 0.419769 0.181695 0.182216 0.263855 0.0198693
0 0.013409 0.447936 0.0289731 0.138496 0.0198347
0 0.528329 0.592417 0.0347963 0.0533262 0.0198206
0 0.974936 0.639382 0.0475107 0.179402 0.0197932
0 0.491703 0.538712 0.0522755 0.0915913 0.0197659
0 0.970063 0.489766 0.0645718 0.202706 0.0197469
0 0.44717 0.596476 0.100061 0.0723375 0.019682
0 0.379501 0.642684 0.06389 0.110991 0.019672
0 0.355375 0.614908 0.0421816 0.0744965 0.019666
0 0.0135963 0.532442 0.0290376 0.1734 0.0195584
0 0.978812 0.0918585 0.0393946 0.157726 0.0194843
0 0.249499 0.591409 0.116958 0.143697 0.0191281
0 0.806044 0.515736 0.021056 0.034019 0.0190565
0 0.859765 0.500906 0.0250851 0.0483337 0.0190215
0 0.521709 0.558774 0.0307906 0.0544463 0.0189485
0 0.760344 0.515082 0.0218319 0.0332787 0.0188265
0 0.483975 0.186622 0.179299 0.267997 0.0187866
0 0.539344 0.476299 0.0353012 0.118236 0.0185992
0 0.485392 0.396246 0.0612486 0.0980765 0.0185367
0 0.988116 0.16729 0.0237612 0.0947381 0.0182226
0 0.531071 0.520725 0.0317127 0.11858 0.0180772
0 0.0907968 0.845188 0.170241 0.267588 0.0180764
0 0.956353 0.603579 0.0696432 0.11521 0.0180225
0 0.666396 0.962322 0.0242299 0.0406955 0.0179351
0 0.668685 0.506785 0.0412833 0.0743095 0.0179147
0 0.454699 0.393713 0.0591882 0.0867258 0.0178749
0 0.583409 0.487272 0.0285294 0.0771287 0.0178028
0 0.461538 0.599648 0.110933 0.136448 0.0178011
0 0.959012 0.773603 0.0798971 0.266622 0.0177983
0 0.492355 0.280216 0.019743 0.0361646 0.0177619
0 0.466501 0.520272 0.120903 0.0935035 0.0176621
0 0.664142 0.505982 0.0860226 0.12384 0.0174664
0 0.0111886 0.380768 0.0223791 0.081655 0.0172996
0 0.253679 0.489864 0.118188 0.353998 0.0172489
0 0.944063 0.710655 0.0984974 0.196402 0.0172399
0 0.0990735 0.411676 0.0722607 0.0677105 0.0172067
0 0.81158 0.518054 0.0276814 0.0422909 0.0171706
0 0.934879 0.516481 0.0535007 0.0422596 0.0171553
0 0.158312 0.641579 0.10973 0.1432 0.0171534
0 0.991124 0.750386 0.0182014 0.077547 0.0171372
0 0.990123 0.498866 0.0228546 0.129521 0.0170802
0 0.299402 0.466583 0.0259471 0.131182 0.0169884
0 0.00796284 0.609573 0.0172338 0.147403 0.0169608
0 0.531143 0.39256 0.0292107 0.0452784 0.0169601
0 0.991402 0.769166 0.0175806 0.0701862 0.0169384
0 0.341875 0.367553 0.051558 0.0450457 0.0168781
0 0.698591 0.543698 0.019883 0.0276247 0.0168654
0 0.310702 0.394925 0.0166204 0.0501893 0.0168064
0 0.848597 0.518689 0.0176558 0.0326415 0.0168017
0 0.591785 0.526527 0.0760731 0.122421 0.0166458
0 0.565213 0.53591 0.0322621 0.0616256 0.0166117
0 0.920643 0.406972 0.034939 0.0633814 0.0164872
0 0.482216 0.606041 0.0614957 0.0887399 0.0164419
0 0.0319121 0.418568 0.0586979 0.16376 0.0164302
0 0.389435 0.613912 0.0908404 0.0834609 0.016402
0 0.180724 0.836609 0.0466224 0.0577433 0.0163406
0 0.467409 0.451008 0.103453 0.178733 0.0163359
0 0.939482 0.604703 0.0876623 0.0991124 0.0163325
0 0.173516 0.680853 0.0532392 0.0811055 0.0162404
0 0.460386 0.414941 0.0492355 0.0859363 0.0161981
0 0.251782 0.661096 0.083185 0.124162 0.0161912
