0 0.509826 0.424113 0.0405599 0.0534127 0.86022
0 0.424498 0.436656 0.0508229 0.0655352 0.832621
0 0.461635 0.427255 0.0316911 0.0521712 0.773381
0 0.0307128 0.580174 0.0614256 0.200128 0.698877
0 0.484831 0.436292 0.0144566 0.0217776 0.376592
0 0.486045 0.435708 0.010463 0.0177932 0.293432
0 0.478192 0.437349 0.0112524 0.0194205 0.274627
0 0.481219 0.438311 0.0131581 0.0191089 0.273572
0 0.482288 0.433985 0.0158999 0.0246335 0.246675
0 0.482648 0.427999 0.0119044 0.0223521 0.162375
0 0.489219 0.431549 0.0102233 0.0188577 0.149865
0 0.48588 0.43097 0.0143126 0.0278945 0.146779
0 0.478687 0.430488 0.0135093 0.0306672 0.131115
0 0.466206 0.432681 0.0129284 0.0250008 0.125509
0 0.474144 0.429065 0.0191165 0.0349937 0.12528
0 0.494968 0.43101 0.0188947 0.0286645 0.122512
0 0.487862 0.416062 0.015205 0.0262058 0.108887
0 0.457182 0.432512 0.0148183 0.0246301 0.106455
0 0.448266 0.432512 0.0140931 0.0294813 0.0974022
0 0.444886 0.425005 0.0160769 0.0300054 0.0928104
0 0.535684 0.419011 0.0165006 0.0242606 0.0901381
0 0.491695 0.428603 0.0141377 0.0218109 0.0896481
0 0.525921 0.420808 0.011076 0.0249983 0.0872767
0 0.033091 0.554372 0.055003 0.11217 0.0871747
0 0.462151 0.462226 0.0162812 0.0254114 0.0845731
0 0.520139 0.425438 0.0118506 0.0210683 0.0825594
0 0.525482 0.412871 0.0132654 0.0232895 0.081
0 0.5625 0.314347 0 0.0822749 0.0785934
0 0.452012 0.42384 0.0177942 0.0308386 0.0784052
0 0.5625 0.320293 0 0.0415705 0.0776004
0 0.46373 0.432825 0.0201543 0.0310389 0.0732011
0 0.528314 0.418399 0.0121037 0.0211249 0.0685305
0 0.0269084 0.618517 0.0479023 0.121938 0.0658961
0 0.532156 0.412132 0.0190729 0.0266891 0.0656
0 0.445208 0.433907 0.015465 0.0232569 0.065121
0 0.5625 0.320967 0 0.0564673 0.064875
0 0.53176 0.411156 0.0149673 0.0196985 0.0642813
0 0.473629 0.407937 0.013907 0.0202505 0.0614611
0 0.5625 0.318711 0 0.0617591 0.0606682
0 0.5625 0.31576 0 0.0547366 0.0600065
0 0.514527 0.425138 0.0143346 0.020913 0.0583591
0 0.5625 0.320604 0 0.0739223 0.0583389
0 0.5625 0.314228 0 0.040955 0.0575842
0 0.5625 0.311554 0 0.0524821 0.0562771
0 0.5625 0.311848 0 0.0781426 0.0542715
0 0.466927 0.421046 0.017791 0.0320731 0.0538925
0 0.439045 0.430592 0.01946 0.0373305 0.0521225
0 0.5625 0.316043 0 0.0753932 0.0518584
0 0.0289698 0.534626 0.0547875 0.0771133 0.0515782
0 0.333664 0.427856 0.0190907 0.0232113 0.0498238
0 0.737174 0.322776 0.0892019 0.0779083 0.048053
0 0.525285 0.406524 0.0140694 0.0201609 0.0471148
0 0.804367 0.307655 0.0666481 0.0706981 0.0460329
0 0.478446 0.40928 0.0130568 0.0192672 0.0440489
0 0.540559 0.409298 0.0161739 0.0193819 0.0438179
0 0.77442 0.294985 0.146381 0.146641 0.0434025
0 0.518329 0.411642 0.0158414 0.0214869 0.0390957
0 0.848155 0.302904 0.0654036 0.065792 0.0389231
0 0.681383 0.32438 0.096068 0.0783554 0.036492
0 0.982447 0.441986 0.0364769 0.121723 0.0360413
0 0.831202 0.304073 0.0528948 0.0502202 0.0349375
0 0.335268 0.432821 0.0158451 0.02221 0.0342999
0 0.0360862 0.639864 0.0675608 0.224904 0.0324223
0 0.659965 0.318757 0.154499 0.107622 0.032127
0 0.425427 0.415728 0.020328 0.0321705 0.0321133
0 0.40409 0.434236 0.0141675 0.0225132 0.0316403
0 0.406697 0.446938 0.0172522 0.0300041 0.0315864
0 0.537797 0.412425 0.0230433 0.0218281 0.0310636
0 0.548545 0.416585 0.0212343 0.0203066 0.0308187
0 0.409258 0.433655 0.0163319 0.0277987 0.0302094
0 0.970284 0.434224 0.0578268 0.122883 0.0296156
0 0.0109689 0.633449 0.0213429 0.139695 0.0294209
0 0.977749 0.414964 0.0467197 0.138648 0.0290607
0 0.834204 0.311509 0.0735071 0.0635014 0.0289106
0 0.514317 0.410497 0.0139912 0.0197027 0.0285203
0 0.327607 0.424449 0.0302586 0.0303196 0.0284522
0 0.585516 0.398649 0.028023 0.0236724 0.0282048
0 0.058216 0.598886 0.0868174 0.136179 0.0274757
0 0.841742 0.292569 0.0780056 0.0939431 0.026846
0 0.455326 0.410819 0.0166342 0.0216104 0.025909
0 0.986168 0.414349 0.0291359 0.110796 0.0258445
0 0.54694 0.427724 0.0172415 0.0229559 0.0258428
0 0.746987 0.305952 0.0645443 0.0863389 0.025564
0 0.947797 0.434985 0.0984133 0.111477 0.0249028
0 0.384173 0.429148 0.027808 0.0309224 0.0248873
0 0.59147 0.397276 0.0343403 0.0272165 0.0247481
0 0.817225 0.281735 0.173263 0.166268 0.0244791
0 0.745958 0.336896 0.177395 0.140521 0.0243046
0 0.947328 0.401847 0.105661 0.168022 0.023872
0 0.551137 0.400565 0.0217351 0.0232772 0.0234513
0 0.322339 0.426086 0.0425891 0.0374495 0.0229282
0 0.440607 0.424413 0.0365174 0.0567714 0.0228801
0 0.676414 0.293926 0.173975 0.170794 0.0226131
0 0.705512 0.299142 0.089409 0.113848 0.0223273
0 0.798242 0.324133 0.077914 0.0810506 0.0222238
0 0.992425 0.621819 0.0146252 0.118848 0.0222046
0 0.577972 0.414215 0.017906 0.0202427 0.0220733
0 0.00828723 0.655712 0.0166742 0.130869 0.0219488
0 0.934125 0.437019 0.132009 0.144088 0.0218317
0 0.917369 0.413407 0.172861 0.144448 0.021795
0 0.953924 0.412004 0.0866024 0.11702 0.0216551
0 0.573167 0.399382 0.027327 0.023914 0.0216337
0 0.915151 0.366284 0.167185 0.163387 0.0212787
0 0.969353 0.388445 0.0601067 0.121299 0.0211037
0 0.423769 0.414201 0.0436317 0.0639437 0.021097
0 0.332796 0.277032 0.023978 0.0452619 0.0210165
0 0.336786 0.445818 0.0241074 0.0285368 0.020839
0 0.410832 0.617858 0.0958593 0.118434 0.0208112
0 0.435504 0.387857 0.0408854 0.0568776 0.0206905
0 0.819876 0.3258 0.0894518 0.0804413 0.0204745
0 0.45173 0.340521 0.0269029 0.0346991 0.0203045
0 0.543316 0.461535 0.0226051 0.0388991 0.0200715
0 0.72725 0.308491 0.0477126 0.0674014 0.0199038
0 0.397132 0.406033 0.0887943 0.1006 0.0197889
0 0.977587 0.367593 0.0469173 0.139701 0.0197388
0 0.505298 0.431745 0.0190517 0.0295598 0.0197382
0 0.408456 0.427935 0.01912 0.0276295 0.019155
0 0.57188 0.376046 0.0807855 0.0945171 0.0189418
0 0.87983 0.294373 0.117384 0.0953915 0.0189262
0 0.983766 0.386628 0.0335123 0.105665 0.0186148
0 0.447714 0.334101 0.0338474 0.0410281 0.0183775
0 0.579172 0.408159 0.0201435 0.0181854 0.0181952
0 0.0595063 0.721767 0.0991125 0.238794 0.0181447
0 0.406775 0.42068 0.0236921 0.0287393 0.0180897
0 0.0671214 0.568388 0.0999695 0.154737 0.0177477
0 0.52588 0.436093 0.0131261 0.02809 0.0171033
0 0.416581 0.367137 0.0391775 0.0554306 0.0170056
0 0.0869797 0.604663 0.104153 0.113769 0.0169697
0 0.582189 0.414947 0.0262826 0.0249277 0.0169615
0 0.867906 0.303466 0.0802681 0.067905 0.0168724
0 0.953134 0.371751 0.0889542 0.153793 0.0167632
0 0.416094 0.336559 0.0282934 0.036598 0.016747
0 0.885094 0.37784 0.174826 0.130729 0.0166934
0 0.0734363 0.688355 0.102733 0.148403 0.0165722
0 0.864255 0.335376 0.137113 0.104371 0.0164984
0 0.0267307 0.503911 0.051802 0.106947 0.0163655
0 0.363507 0.429247 0.0567696 0.0588334 0.0162819
0 0.0382518 0.613731 0.0604071 0.136289 0.0162505
0 0.0920772 0.643115 0.111186 0.105727 0.0162496
0 0.985016 0.497405 0.0334303 0.182653 0.0161764
0 0.541312 0.397806 0.0177238 0.0233231 0.0161068
0 0.42932 0.8124 0.0172976 0.0257672 0.0160442
0 0.0365581 0.469485 0.0708801 0.182539 0.0158455
0 0.0161535 0.649989 0.0332309 0.153161 0.0158437
0 0.909898 0.180511 0.183372 0.298089 0.0158028
0 0.398588 0.405712 0.029487 0.0332758 0.0157936
0 0.293832 0.219998 0.0551833 0.0778093 0.0157917
0 0.701463 0.349348 0.0996755 0.103084 0.015781
0 0.466268 0.717946 0.0437145 0.0627233 0.015697
0 0.37586 0.405275 0.07304 0.0833072 0.0156081
0 0.449994 0.392936 0.0488148 0.0911157 0.0155106
0 0.611486 0.361841 0.088666 0.0894699 0.0154028
0 0.831699 0.183193 0.233305 0.287564 0.0153231
0 0.860255 0.28469 0.0770208 0.0945006 0.0152815
0 0.644749 0.343179 0.170226 0.147365 0.0152741
0 0.979336 -0.0119507 0.0409817 0.0453406 0.015258
0 0.689257 0.276361 0.0755035 0.111208 0.0152439
0 0.333654 0.421895 0.0218485 0.029155 0.0152276
0 0.316101 0.572946 0.0840999 0.116977 0.0152131
0 0.354266 0.417767 0.0471071 0.0433543 0.0151258
0 0.0513621 0.507408 0.0917736 0.184616 0.0151212
0 0.356618 0.453779 0.0296778 0.0328664 0.0150454
0 0.581461 0.411352 0.0193396 0.0200044 0.0150021
0 0.367892 0.444534 0.0908282 0.112025 0.0149715
0 0.0392177 0.533395 0.0482219 0.0492389 0.0149001
0 0.584586 0.404875 0.0218156 0.0191841 0.0148837
0 0.0427327 0.463246 0.0617617 0.0555628 0.0148366
0 0.663554 0.555095 0.0225225 0.0307841 0.0147253
0 0.239691 0.616925 0.0783484 0.112316 0.0147186
0 0.0230144 0.463668 0.0438931 0.143581 0.0146975
0 0.665345 0.339319 0.0953545 0.0752829 0.0146499
0 0.795915 0.274544 0.113837 0.134786 0.0145885
0 0.969477 0.882023 0.0573662 0.179065 0.0145522
0 0.991477 0.586201 0.0170691 0.127347 0.0145466
0 0.887583 0.295243 0.0810478 0.0755148 0.0144892
0 0.390256 0.372629 0.124059 0.170734 0.0141617
0 0.609976 0.339648 0.0911671 0.0940051 0.0140796
0 0.665358 0.175445 0.187689 0.268831 0.0140142
0 0.659014 0.552311 0.0242507 0.0311418 0.0139502
0 0.334595 0.407909 0.0289012 0.0405547 0.0139352
0 0.944737 0.697488 0.0821787 0.169194 0.0139286
0 0.8496 0.367738 0.145058 0.121361 0.0139133
0 0.59662 0.388203 0.0426149 0.0393391 0.013912
0 0.98465 0.698077 0.03181 0.162092 0.0136734
0 0.338089 0.418256 0.0238699 0.0330493 0.0136308
0 0.60781 0.385653 0.0624272 0.0507882 0.0136175
0 0.587784 0.380411 0.038597 0.0423362 0.0135942
0 0.0335024 0.759523 0.072195 0.27598 0.013531
0 0.313968 0.529133 0.0933611 0.115156 0.0134291
0 0.0885366 0.559613 0.109805 0.128144 0.0133536
0 0.38172 0.443008 0.0246409 0.0297787 0.0133448
0 0.326186 0.41706 0.0327415 0.0387117 0.0132901
0 0.108474 0.613816 0.14802 0.203079 0.0132444
0 0.368858 0.401409 0.0480212 0.0563799 0.0132306
0 0.831295 0.26471 0.101535 0.128665 0.0132121
0 0.632364 0.378772 0.0472097 0.0427422 0.0131622
0 0.46033 0.35023 0.0290897 0.0407839 0.0130997
0 0.0174479 0.466437 0.0342784 0.0649238 0.0130723
0 0.683835 -0.005711 0.0757731 0.0529634 0.0130685
0 0.838106 0.346527 0.194788 0.158941 0.0130053
0 0.731878 -0.00713535 0.0731121 0.0509697 0.0130014
0 0.387056 0.0361516 0.0923328 0.105831 0.0129825
0 0.990816 0.557924 0.0179649 0.110662 0.012945
0 0.659559 -0.00480635 0.0746779 0.0536048 0.0129283
0 0.164706 0.795757 0.204872 0.365902 0.0129187
0 0.980261 0.742013 0.037822 0.156132 0.0129011
0 0.618448 0.17183 0.186676 0.265747 0.0128768
0 0.863329 0.257914 0.0999651 0.129929 0.0128708
0 0.577206 0.391391 0.0214856 0.0258031 0.0128613
0 0.26128 0.619963 0.0880129 0.127232 0.0128137
0 0.993402 0.671316 0.0136206 0.100701 0.0128022
0 0.478747 0.343527 0.0248877 0.0356634 0.0127959
0 0.583703 -0.00384076 0.0738205 0.0554583 0.0127667
0 0.422423 0.335731 0.0403122 0.0516842 0.0127342
0 0.0521926 0.449293 0.0966821 0.16504 0.0127129
0 0.782462 0.351142 0.0962404 0.0985699 0.0126708
0 0.972423 0.344013 0.0547091 0.117971 0.0126028
0 0.19027 0.742518 0.0950879 0.153739 0.0125767
0 0.235053 0.586894 0.0753218 0.105154 0.0125655
0 0.637168 0.615316 0.0363053 0.0560827 0.0125647
0 0.978844 0.778817 0.0398993 0.14848 0.0125617
0 0.104616 0.698937 0.0919105 0.118268 0.0124971
0 0.984855 0.339931 0.0315325 0.0992827 0.0124313
0 0.937498 0.293201 0.102382 0.123216 0.0124192
0 0.985054 0.494128 0.0301332 0.1149 0.0123702
0 0.506091 0.425676 0.0266898 0.040277 0.0123595
0 0.302353 0.421363 0.078646 0.0663688 0.012345
0 0.382062 0.626093 0.0319597 0.0405574 0.0122876
0 0.956336 0.462004 0.0811686 0.12215 0.0122754
0 0.72447 0.18042 0.203719 0.277192 0.0122258
0 0.75722 -0.00595069 0.0743136 0.0526603 0.012222
0 0.571057 0.391988 0.018871 0.0237286 0.0121931
0 0.708182 -0.00664438 0.0752829 0.0522947 0.0121922
0 0.532675 -0.00475449 0.0742995 0.0549808 0.0121567
0 0.978785 0.296334 0.0408621 0.114689 0.012153
0 0.558782 -0.00494729 0.0743678 0.0543769 0.0121471
0 0.608261 -0.00414163 0.077575 0.0557524 0.0121457
0 0.0275972 0.683496 0.0546107 0.306452 0.0121324
0 0.42953 0.628302 0.0185719 0.0248585 0.0121018
0 0.466489 1.01393 0.0339026 0.0333889 0.0120897
0 0.88119 0.256988 0.21312 0.243221 0.0120815
0 0.685585 0.135762 0.0727505 0.115472 0.0119954
0 0.173847 0.627072 0.1665 0.230142 0.0119916
0 0.783066 -0.0067139 0.0733252 0.0514204 0.0119396
0 0.283619 0.618761 0.0783204 0.11718 0.0119392
0 0.0654439 0.789849 0.131017 0.287542 0.0119369
0 0.981935 0.551495 0.0335632 0.12123 0.011918
0 0.401157 0.390458 0.0505213 0.0593763 0.0119026
0 0.813437 0.883292 0.086737 0.144462 0.0119018
0 0.964795 0.486571 0.0731392 0.16943 0.0118866
0 0.189419 0.732633 0.182695 0.331977 0.0118573
0 0.297776 0.579303 0.0717723 0.0983758 0.0118544
0 0.332832 0.289256 0.0217863 0.0468699 0.0118295
0 0.330534 0.517967 0.0717192 0.100489 0.0118275
0 0.507306 -0.00453936 0.0773981 0.0557377 0.0118222
0 0.877052 0.279117 0.0821486 0.0927154 0.0118117
0 0.491528 0.342028 0.0279978 0.0402399 0.0117782
0 0.329102 0.271185 0.035586 0.0605864 0.0117713
0 0.957407 0.719633 0.0851425 0.245901 0.011738
0 0.633189 -0.00381064 0.0785561 0.0559578 0.0117321
0 0.660952 0.300328 0.0819563 0.0847121 0.0117223
0 0.483285 -0.00375029 0.0790266 0.0568918 0.0117155
0 0.505331 0.345602 0.0300097 0.0412626 0.0117068
0 0.441487 0.438245 0.0341099 0.0517573 0.0116915
0 0.0724334 0.53591 0.0995331 0.13734 0.0116595
0 0.821916 0.0848957 0.0967231 0.143865 0.0116533
0 0.958696 0.296054 0.0752184 0.121961 0.0116499
0 0.938921 0.244316 0.0972599 0.140976 0.011646
0 0.579946 0.445125 0.0282675 0.037426 0.0116401
0 0.902641 0.302918 0.0558167 0.0544823 0.011623
0 0.453968 1.01394 0.034268 0.0334376 0.0115646
0 0.975937 0.250503 0.0452921 0.134172 0.0115549
0 0.988976 0.561702 0.0269156 0.191069 0.0115356
0 0.988188 0.749091 0.0234411 0.111571 0.0115313
0 0.292848 0.39464 0.0911192 0.0851259 0.0115117
0 0.492878 1.01367 0.0335999 0.0336324 0.0115084
0 0.988494 0.65411 0.0257019 0.163756 0.0114656
0 0.940541 0.738179 0.0707146 0.132794 0.0114586
0 0.0675486 0.624085 0.0673393 0.0805167 0.0114557
0 0.414669 0.403315 0.0351343 0.051353 0.0114527
0 0.607405 0.39589 0.038454 0.0323745 0.0114292
0 0.517632 1.01254 0.0326831 0.0340919 0.0114217
0 0.672921 0.258498 0.0523705 0.0760671 0.0114085
0 0.242857 0.662174 0.0827073 0.110592 0.0114079
0 0.651031 0.323086 0.0971249 0.0842212 0.011405
0 0.506146 1.01252 0.0331853 0.0341287 0.0114011
0 0.908915 0.248149 0.124155 0.149808 0.0113849
0 0.00750059 0.686171 0.014911 0.103178 0.0113693
0 0.305221 -0.00513105 0.0792982 0.0543515 0.0113416
0 0.480154 1.01419 0.0346538 0.0335588 0.0113189
0 0.381124 -0.000218014 0.0823056 0.061362 0.0113169
0 0.783355 0.705676 0.0553541 0.0906704 0.0112994
0 0.975678 0.829197 0.0458401 0.161343 0.0112964
0 0.991145 0.611778 0.0211447 0.152024 0.0112857
0 0.280986 -0.00407662 0.0819067 0.0572691 0.0112535
0 0.457615 -0.00207275 0.0808156 0.0586136 0.0112304
0 0.566175 0.61743 0.0473867 0.0833947 0.0112283
0 0.514499 0.347055 0.0309913 0.0434464 0.011216
0 0.967713 0.0736299 0.0600552 0.157873 0.0111999
0 0.989008 0.305206 0.0220514 0.063308 0.0111812
