0 0.28863 0.421556 0.0353004 0.0502116 0.863279
0 0.46844 0.372116 0.0368655 0.0712992 0.853192
0 0.0660013 0.481996 0.130409 0.116486 0.848024
0 0.311161 0.411777 0.0348979 0.0504015 0.839751
0 0.554885 0.381431 0.0379611 0.0565001 0.829764
0 0.166918 0.455418 0.0823606 0.0864648 0.825209
0 0.262239 0.428784 0.032596 0.0599592 0.810076
0 0.371537 0.396344 0.0163814 0.0353417 0.796107
0 0.357973 0.399876 0.0202312 0.0411216 0.792144
0 0.334124 0.409995 0.0220177 0.0413801 0.769147
0 0.225954 0.435294 0.0583 0.0778275 0.767778
0 0.532511 0.384157 0.0153399 0.0323612 0.735121
0 0.340862 0.403155 0.0251656 0.0467395 0.730513
0 0.397137 0.383705 0.0256685 0.0338672 0.724151
0 0.501316 0.36964 0.0186725 0.0270152 0.685531
0 0.429578 0.390616 0.0307021 0.0398337 0.573872
0 0.523999 0.369951 0.0167878 0.0245909 0.533426
0 0.526783 0.374602 0.0170417 0.0258457 0.384976
0 0.422931 0.372642 0.0208016 0.0258111 0.325257
0 0.418587 0.370185 0.0185266 0.0226086 0.286378
0 0.401216 0.380507 0.0204031 0.0283235 0.285622
0 0.513747 0.360625 0.0122692 0.0216339 0.281104
0 0.365742 0.398674 0.0176283 0.0393156 0.278917
0 0.412503 0.373232 0.0143833 0.022141 0.277083
0 0.527874 0.380004 0.0122335 0.0250515 0.266042
0 0.352332 0.401552 0.0186518 0.0421499 0.265202
0 0.437517 0.36432 0.0206077 0.0284612 0.259351
0 0.516291 0.365272 0.0119142 0.0204439 0.256213
