0 0.5625 0.419623 0 0.304532 0.874604
0 0.482354 0.398847 0.108111 0.167938 0.870518
0 0.5625 0.384187 0 0.159792 0.749654
0 0.558785 0.381194 0.00742922 0.101768 0.660712
0 0.556228 0.376876 0.012544 0.0854432 0.303209
0 0.54911 0.361034 0.0267792 0.0737035 0.283335
0 0.534129 0.356556 0.0184175 0.0446228 0.235338
0 0.530231 0.361114 0.0202036 0.0497226 0.234375
0 0.312797 0.349145 0.0463532 0.0457622 0.227919
0 0.345254 0.350995 0.0307545 0.0406675 0.186361
0 0.545381 0.37246 0.0301072 0.0780358 0.169603
0 0.538344 0.358627 0.0156689 0.0408194 0.158046
0 0.318818 0.356882 0.0599996 0.0650626 0.141871
0 0.369491 0.361258 0.0455192 0.058116 0.139405
0 0.5625 0.382696 0 0.11436 0.127684
0 0.53507 0.368023 0.0260093 0.0699566 0.127025
0 0.531706 0.354296 0.0153238 0.0336619 0.123619
0 0.361429 0.362145 0.0632614 0.0698859 0.118841
0 0.548735 0.350858 0.0275308 0.0958887 0.116936
0 0.427823 0.364033 0.0229888 0.052985 0.115523
0 0.328884 0.365974 0.0685757 0.0868677 0.1147
0 0.5625 0.390551 0 0.131973 0.112058
0 0.313716 0.339792 0.0583379 0.0709666 0.106919
0 0.289556 0.339845 0.09277 0.0763314 0.100888
0 0.532294 0.361987 0.0122356 0.0275521 0.100367
0 0.131247 0.288411 0.0642807 0.0488867 0.0965546
0 0.267474 0.338216 0.0667799 0.0660673 0.0937003
0 0.149309 0.291824 0.0293425 0.0403057 0.0918283
0 0.535318 0.35936 0.0125062 0.0270704 0.0893833
0 0.296749 0.370714 0.0844169 0.0958612 0.0839758
0 0.0503122 0.463161 0.100624 0.399954 0.0835143
0 0.36014 0.343994 0.0667724 0.0878037 0.0829154
0 0.429869 0.350814 0.0186007 0.0446023 0.0804896
0 0.336976 0.34119 0.0515169 0.0680664 0.0800638
0 0.155031 0.335819 0.0804682 0.11411 0.0770442
0 0.543548 0.359442 0.0160654 0.0383322 0.07657
0 0.170763 0.398324 0.0641884 0.0730849 0.0727716
0 0.17509 0.385825 0.0511953 0.0721089 0.0712594
0 0.5625 0.404519 0 0.108385 0.0709675
0 0.204565 0.373248 0.100385 0.109158 0.0706134
0 0.261063 0.360352 0.0756532 0.0956663 0.0695721
0 0.220855 0.358147 0.0574252 0.0717174 0.0684557
0 0.225973 0.370591 0.086953 0.101799 0.0682762
0 0.221025 0.337249 0.0566891 0.0671824 0.0681382
0 0.546016 0.370321 0.0188337 0.0435522 0.067747
0 0.186082 0.379451 0.0795544 0.102578 0.0664379
0 0.540171 0.363571 0.0225918 0.06064 0.0657271
0 0.163323 0.374705 0.0920781 0.134156 0.0656118
0 0.241211 0.337018 0.0298199 0.0431723 0.0654332
0 0.152252 0.316196 0.0469291 0.0809644 0.0651782
0 0.0340452 0.509649 0.0685796 0.299812 0.0638318
0 0.196197 0.340936 0.0987649 0.0993066 0.0632507
0 0.176081 0.356667 0.0414073 0.06007 0.0614878
0 0.0595508 0.354567 0.116988 0.58608 0.0610808
0 0.614152 0.358641 0.0664491 0.104385 0.0607203
0 0.408452 0.354371 0.0429509 0.0737732 0.0604613
0 0.14234 0.342954 0.107727 0.147283 0.059697
0 0.423179 0.352441 0.0279044 0.063111 0.059112
0 0.27053 0.374076 0.0652812 0.0910682 0.0582607
0 0.0877956 0.415982 0.175584 0.219187 0.0576261
0 0.926046 0.633372 0.142841 0.312021 0.0574735
0 0.270748 0.323813 0.0850878 0.109946 0.0569319
0 0.550621 0.374604 0.0142295 0.0378006 0.0569239
0 0.530868 0.367506 0.0139627 0.0353838 0.0567592
0 0.129518 0.307568 0.0719165 0.0974149 0.0556823
0 0.38217 0.347614 0.0567572 0.0835335 0.0556291
0 0.945201 0.593653 0.107621 0.303779 0.0548592
0 0.0536099 0.421094 0.0980643 0.157389 0.0548579
0 0.172067 0.346263 0.0601594 0.0862816 0.0543049
0 0.380262 0.365043 0.0440917 0.0663664 0.0537932
0 0.591176 0.362639 0.0502086 0.113303 0.0537621
0 0.133385 0.391894 0.151623 0.17478 0.0535463
0 0.162998 0.382984 0.0595771 0.0607396 0.0533147
0 0.248358 0.374873 0.0843448 0.106795 0.0529558
0 0.432998 0.355429 0.0181269 0.0475627 0.051483
0 0.0530779 0.371024 0.105352 0.249061 0.0514666
0 0.924436 0.540682 0.156054 0.295024 0.0510455
0 0.630465 0.347827 0.0766897 0.0830992 0.0505328
0 0.562546 0.388596 0.0166115 0.0641344 0.050301
0 0.573076 0.387003 0.0159729 0.0488174 0.0502574
0 0.967546 0.429654 0.0645176 0.145017 0.0500753
0 0.648323 0.398445 0.0571102 0.123738 0.0493536
0 0.572244 0.36013 0.0631814 0.118841 0.0476908
0 0.276967 0.376975 0.0993614 0.138653 0.0476635
0 0.154064 0.372465 0.0734165 0.0721088 0.0474192
0 0.141904 0.351999 0.0968288 0.0957705 0.0468098
0 0.108518 0.438244 0.216811 0.4171 0.0467427
0 0.119707 0.278174 0.0870019 0.0833548 0.0466845
0 0.322784 0.339303 0.08935 0.0930513 0.0462526
0 0.0465692 0.553289 0.0938356 0.304321 0.0461914
0 0.653048 0.399497 0.0774401 0.163541 0.0458268
0 0.507596 0.339298 0.0511619 0.0516509 0.0454256
0 0.98888 0.602396 0.0231176 0.238824 0.0453045
0 0.632165 0.400899 0.0617514 0.121249 0.0447563
0 0.246999 0.336154 0.0573661 0.0668606 0.0447049
0 0.992091 0.597152 0.0157536 0.174443 0.044278
0 0.506225 0.336118 0.0272451 0.0260111 0.0438967
0 0.955688 0.5476 0.0842609 0.268262 0.0438323
0 0.21181 0.323161 0.0739624 0.104428 0.0436669
0 0.160505 0.400833 0.0904584 0.0906045 0.0435802
0 0.945875 0.669954 0.104494 0.288304 0.0435155
0 0.180336 0.326645 0.101768 0.12702 0.0429721
0 0.478925 0.314608 0.0451571 0.0223919 0.0424659
0 0.671373 0.426327 0.069793 0.147969 0.0415112
0 0.963795 0.498309 0.0712292 0.221133 0.0412001
0 0.522561 0.354015 0.0339965 0.0576771 0.0411182
0 0.0274668 0.564241 0.0554608 0.292821 0.040822
0 0.537098 0.342591 0.0205285 0.0395801 0.0407829
0 0.123892 0.356327 0.116113 0.118671 0.0406363
0 0.303692 0.379134 0.105191 0.150642 0.0405461
0 0.413684 0.374328 0.0399381 0.0649141 0.0400635
0 0.984953 0.636163 0.0309353 0.261106 0.0391423
0 0.171734 0.442652 0.164758 0.297964 0.0391015
0 0.142588 0.389468 0.105052 0.0966353 0.0379897
0 0.00834757 0.892921 0.016299 0.130554 0.0379393
0 0.532309 0.386224 0.0167956 0.0479986 0.0379272
0 0.820392 0.70403 0.17983 0.264856 0.0378796
0 0.885014 0.621741 0.183917 0.282421 0.0368092
0 0.68205 0.307552 0.0321589 0.045216 0.0366302
0 0.0665357 0.394326 0.0677107 0.0896837 0.0364982
0 0.429303 0.376797 0.0159719 0.032507 0.0359218
0 0.334358 0.377231 0.0960694 0.121437 0.0356743
0 0.688502 0.300465 0.0337065 0.0454261 0.0355588
0 0.534711 0.344423 0.0152274 0.0318141 0.035467
0 0.892805 0.697025 0.167984 0.296396 0.03516
0 0.43073 0.364369 0.0160052 0.0358976 0.035115
0 0.978888 0.560825 0.0382503 0.249924 0.0348671
0 0.483917 0.334135 0.0645031 0.041661 0.0347449
0 0.0855036 0.478822 0.163217 0.297903 0.0345141
0 0.497995 0.343799 0.0735215 0.0645656 0.0343273
0 0.030795 0.462113 0.0600157 0.152257 0.0342704
0 0.114668 0.411731 0.11752 0.151971 0.0341718
0 0.0869274 0.338146 0.160335 0.235862 0.0341642
0 0.993547 0.567464 0.0135225 0.155632 0.0340545
0 0.0676949 0.747878 0.127959 0.344804 0.0339243
0 0.344968 0.370609 0.0503151 0.0729509 0.033882
0 0.046688 0.453807 0.0901638 0.157231 0.0333469
0 0.540022 0.376443 0.0149332 0.0402997 0.0332046
0 0.0796705 0.367317 0.0304114 0.0412108 0.032915
0 0.247868 0.341227 0.104455 0.115596 0.0326055
0 0.205057 0.384341 0.137538 0.151156 0.0322607
0 0.647365 0.34221 0.0736773 0.0907407 0.0322498
0 0.0946822 0.296003 0.147846 0.132697 0.0321268
0 0.113969 0.332316 0.084638 0.120408 0.0319118
0 0.712024 0.428172 0.144242 0.238353 0.0316591
0 0.0167178 0.839506 0.0340656 0.229977 0.0316165
0 0.0333226 0.797919 0.0663735 0.32626 0.0315335
0 0.104394 0.3681 0.0728885 0.0901093 0.0314561
0 0.148371 0.420528 0.0946434 0.128203 0.0311179
0 0.0883071 0.385997 0.0656698 0.0919553 0.0304437
0 0.519216 0.367925 0.0429534 0.084398 0.0303561
0 0.530892 0.336541 0.0177212 0.0346723 0.0301859
0 0.0835992 0.418215 0.0866216 0.163346 0.0301698
0 0.0554656 0.297209 0.108453 0.259929 0.0298979
0 0.992032 0.540574 0.0168802 0.191403 0.029558
0 0.243924 0.321912 0.0805076 0.116847 0.0291074
0 0.969663 0.457657 0.0585123 0.113552 0.0287519
0 0.430343 0.332654 0.0206059 0.0418122 0.0285299
0 0.988072 0.446068 0.023801 0.11361 0.0285011
0 0.692245 0.289007 0.0382084 0.0479232 0.0280495
0 0.0747667 0.370965 0.0414079 0.0519368 0.0280003
0 0.462505 0.337783 0.0444341 0.0440561 0.0279484
0 0.0434764 0.629622 0.0828371 0.277553 0.0278242
0 0.469323 0.328588 0.0451014 0.0378422 0.0276118
0 0.0255736 0.505396 0.0511379 0.17119 0.0270392
0 0.176379 0.298891 0.142364 0.157337 0.0270115
0 0.472834 0.33944 0.0697946 0.0503882 0.0269812
0 0.344801 0.327738 0.0634783 0.091442 0.0269805
0 0.664812 0.320218 0.0515668 0.0612817 0.0268534
0 0.978855 0.67078 0.0415718 0.243613 0.0267003
0 0.965811 0.487886 0.0631184 0.137196 0.0266137
0 0.101275 0.392883 0.100367 0.119061 0.0265788
0 0.0593044 0.580895 0.105136 0.225169 0.0264764
0 0.416258 0.0310821 0.0282557 0.0440558 0.0260061
0 0.409423 0.333609 0.0497246 0.0865033 0.025649
0 0.779467 0.628331 0.181423 0.230683 0.025516
0 0.0499255 0.650523 0.089316 0.186155 0.0253431
0 0.227935 0.302521 0.0597602 0.11899 0.0253102
0 0.49437 0.323572 0.0556272 0.0568021 0.0252081
0 0.457234 0.322496 0.0318615 0.0350593 0.0251985
0 0.0559753 0.376903 0.0864444 0.0949471 0.0250421
0 0.6937 0.246306 0.0315269 0.0535106 0.0249555
0 0.0538079 0.800623 0.101275 0.324439 0.0247302
0 0.844809 0.452312 0.185512 0.22296 0.0244495
0 0.981822 0.455443 0.0361088 0.10445 0.0243407
0 0.44147 0.353762 0.031002 0.0507088 0.0243011
0 0.0416445 0.726978 0.0814817 0.344762 0.0242003
0 0.43083 0.402409 0.0213796 0.0491215 0.024163
0 0.12719 0.267539 0.0599683 0.0829731 0.0240547
0 0.11457 0.444558 0.082341 0.118513 0.0240365
0 0.344604 0.324258 0.0405365 0.0725394 0.0240182
0 0.95352 0.405896 0.0916735 0.238452 0.0239977
0 0.0229199 0.624258 0.0464019 0.24763 0.0239953
0 0.573723 0.633135 0.00375738 0.00228958 0.023944
0 0.684271 0.366265 0.0841281 0.159242 0.0237035
0 0.0261008 0.432467 0.0516323 0.136328 0.023623
0 0.684634 0.313256 0.0631773 0.0928332 0.0235941
0 0.0981678 0.341686 0.0653697 0.0967346 0.0233168
0 0.484177 0.369629 0.0979966 0.101851 0.0232789
0 0.0708758 0.657715 0.120202 0.159101 0.0231487
0 0.144243 0.47516 0.127421 0.227662 0.0230575
0 0.983115 0.417432 0.0329008 0.153078 0.0230481
0 0.550951 0.382774 0.0178197 0.0496122 0.0230153
0 0.856326 0.0889038 0.029388 0.0541317 0.022929
0 0.454947 0.315983 0.0390458 0.0599691 0.0228053
0 0.507747 0.323287 0.020978 0.0302588 0.022801
0 0.979019 0.443929 0.0400974 0.172953 0.0225378
0 0.725605 0.473051 0.152402 0.179942 0.0224379
0 0.959992 0.454688 0.0453686 0.0907561 0.0224267
0 0.947359 0.466841 0.0319046 0.071858 0.0223661
0 0.806268 0.596602 0.208198 0.297895 0.0222239
0 0.0517382 0.698061 0.0890345 0.211891 0.0220118
0 0.0251923 0.566395 0.0489141 0.189307 0.0219736
0 0.913275 0.495539 0.09062 0.19811 0.0218643
0 0.523462 0.374615 0.0275983 0.0634473 0.0217612
0 0.691781 0.272109 0.0351819 0.0621429 0.0216841
0 0.991769 0.468892 0.0156832 0.0824153 0.0214724
0 0.889216 0.441755 0.105487 0.175875 0.0214149
0 0.848988 0.481863 0.153186 0.161696 0.0212578
0 0.988824 0.656336 0.0222342 0.1829 0.0212453
0 0.675251 0.299415 0.0453587 0.0487104 0.0208253
0 0.199547 0.434555 0.15196 0.221599 0.0207112
0 0.681794 0.275851 0.0474732 0.0784526 0.0206586
0 0.915247 0.38577 0.124466 0.236131 0.0205901
0 0.975818 0.408609 0.0464052 0.177772 0.0205129
0 0.493414 0.215725 0.0304809 0.0395673 0.0204609
0 0.040285 0.54361 0.0761097 0.203711 0.0204352
0 0.376171 0.386155 0.0396643 0.0651395 0.0204084
0 0.0118314 0.897451 0.0237765 0.150944 0.0203926
0 0.164008 0.304559 0.160337 0.238194 0.0203861
0 0.69159 0.258829 0.0511961 0.0746926 0.0203613
0 0.833298 0.246677 0.0333851 0.0415991 0.0203335
0 0.060309 0.465056 0.0893902 0.10532 0.0200789
0 0.494895 0.30322 0.0595384 0.0542378 0.019945
0 0.080501 0.525678 0.0865091 0.190085 0.0198273
0 0.0486747 0.491626 0.0961799 0.148163 0.0198093
0 0.513484 0.324842 0.0331614 0.0445188 0.0196874
0 0.0176961 0.466499 0.0340441 0.140634 0.0196661
0 0.432854 0.386886 0.0140202 0.0322888 0.0196088
0 0.470028 0.353087 0.0705771 0.0706754 0.0195411
0 0.936113 0.474169 0.0216072 0.0529327 0.0195326
0 0.841361 0.24873 0.042309 0.0455838 0.0195148
0 0.0885273 0.106782 0.11271 0.165598 0.019425
0 0.117347 0.539361 0.214128 0.347366 0.0193706
0 0.937701 0.46039 0.0175688 0.0438961 0.0193004
0 0.645644 0.423217 0.0336 0.0857565 0.0191496
0 0.459518 0.239016 0.0366838 0.0479176 0.0190019
0 0.956067 0.486312 0.0507921 0.0979456 0.0189507
0 0.10103 0.46031 0.0557531 0.0912658 0.0189421
0 0.0798469 0.611515 0.122357 0.157405 0.0188327
0 0.0454732 0.375256 0.0877916 0.136359 0.0188326
0 0.11556 0.220864 0.0508213 0.0594679 0.0188271
0 0.695522 0.465036 0.10055 0.17465 0.0187912
0 0.191756 0.405194 0.093948 0.105751 0.0187888
0 0.915789 0.449124 0.082416 0.213671 0.0187145
0 0.27208 0.277403 0.0435786 0.0688352 0.0186934
0 0.975544 0.622258 0.0456953 0.174617 0.0183871
0 0.949963 0.523189 0.0985554 0.173644 0.0183152
0 0.41403 0.394243 0.0324046 0.0588655 0.018278
0 0.893987 0.480299 0.0941296 0.180013 0.0180865
0 0.482495 0.306211 0.0443019 0.0348599 0.018084
0 0.796533 0.340914 0.252987 0.145592 0.0180789
0 0.472744 0.394172 0.074502 0.13186 0.0180623
0 0.164422 0.292997 0.0675009 0.105569 0.0179325
0 0.0139295 0.50144 0.0272179 0.134618 0.0178904
0 0.0564167 0.345546 0.0959032 0.116101 0.0178021
0 0.747116 0.296145 0.0965148 0.0606849 0.0177623
0 0.046621 0.893662 0.0824365 0.1376 0.0176362
0 0.5291 0.451839 0.0193827 0.0351884 0.0175784
0 0.663438 0.439241 0.0458863 0.134041 0.017489
0 0.0846928 0.326242 0.0591124 0.0935881 0.0174639
0 0.137164 0.227859 0.0579237 0.0770782 0.0174602
0 0.335756 0.40213 0.129646 0.198251 0.0174215
0 0.423167 0.383511 0.0189342 0.0352091 0.0172508
0 0.13765 0.442707 0.0671157 0.105601 0.017223
0 0.656804 0.347441 0.105622 0.137795 0.0171569
0 0.292864 0.271208 0.0596052 0.0907597 0.0170988
0 0.246265 0.289988 0.0963174 0.161685 0.0170609
0 0.897119 0.42897 0.154022 0.28147 0.0169981
0 0.0877133 0.458114 0.0800709 0.107902 0.0168682
0 0.849577 0.309198 0.112958 0.0793969 0.0168555
0 0.133146 0.763542 0.205518 0.360629 0.0167501
0 0.263392 0.410384 0.0659925 0.0925401 0.0166378
0 0.0256784 0.395768 0.0493113 0.137215 0.016568
0 0.612659 0.316548 0.0585262 0.118886 0.0163651
0 0.888317 0.394551 0.10995 0.140064 0.0163643
0 0.868273 0.34948 0.130358 0.147895 0.0163302
0 0.620297 0.427939 0.0446576 0.0764436 0.0163055
0 0.689414 0.398418 0.103187 0.135383 0.0162936
0 0.105738 0.103443 0.0664318 0.142284 0.0162827
0 0.634793 0.298086 0.0669279 0.0612 0.0162659
0 0.120838 0.199769 0.194648 0.379981 0.0162374
0 0.150813 0.281672 0.0325556 0.0526325 0.0162062
0 0.370698 0.322682 0.0598798 0.114248 0.0160532
0 0.019923 0.534779 0.036085 0.209124 0.0160006
0 0.141318 0.543976 0.0636494 0.0939115 0.0159116
0 0.573469 0.338955 0.0507961 0.0806771 0.015791
0 0.372114 0.414281 0.134733 0.193111 0.0157254
0 0.105484 0.26667 0.0460721 0.0659194 0.0156054
0 0.0257574 0.612919 0.0488524 0.141852 0.0155824
