0 0.496812 0.658439 0.0437346 0.0517271 0.43019
0 0.5625 0.644336 0 0.0385422 0.340116
0 0.5625 0.639529 0 0.128016 0.262236
0 0.5625 0.640241 0 0.0500261 0.244187
0 0.538098 0.652353 0.0134476 0.0172151 0.231519
0 0.5625 0.635925 0 0.125047 0.222175
0 0.439694 0.669419 0.0357617 0.035418 0.21399
0 0.5625 0.646278 0 0.0488707 0.186871
0 0.5625 0.626604 0 0.0765087 0.169833
0 0.5625 0.601749 0 0.0511508 0.166301
0 0.5625 0.649577 0 0.0374663 0.161646
0 0.41714 0.668273 0.0619475 0.0463388 0.156889
0 0.5625 0.649007 0 0.025297 0.152612
0 0.118717 0.720133 0.0358706 0.0318698 0.150617
0 0.546033 0.645933 0.0329339 0.0314791 0.142691
0 0.248794 0.689067 0.0315439 0.0404765 0.135241
0 0.5625 0.68638 0 0.247574 0.134517
0 0.395239 0.674369 0.0334906 0.0374504 0.131003
0 0.545079 0.636352 0.0348428 0.0483757 0.129386
0 0.281885 0.687794 0.0303893 0.0377701 0.128684
0 0.405777 0.671828 0.0507586 0.0439837 0.127361
0 0.5043 0.667084 0.0255854 0.0297259 0.126381
0 0.488638 0.660168 0.0569971 0.0658946 0.126049
0 0.387785 0.676419 0.0341291 0.0361919 0.120982
0 0.211475 0.686891 0.0476118 0.0447497 0.118479
0 0.248193 0.681007 0.0285018 0.0315901 0.117865
0 0.5625 0.648606 0 0.0408399 0.117223
0 0.5625 0.640394 0 0.0525659 0.11637
0 0.441246 0.673386 0.0289354 0.0257854 0.115848
0 0.505752 0.645427 0.065024 0.0713507 0.113113
0 0.5625 0.653352 0 0.0314307 0.1122
0 0.447878 0.673091 0.0200207 0.0231424 0.110012
0 0.218769 0.683315 0.0334513 0.0373313 0.108261
0 0.376528 0.676727 0.0400596 0.0395859 0.107807
0 0.5625 0.644328 0 0.0283201 0.106406
0 0.5625 0.626137 0 0.0562417 0.106344
0 0.5625 0.650517 0 0.0390198 0.103203
0 0.198619 0.695543 0.078942 0.0625607 0.103189
0 0.5625 0.646032 0 0.0278299 0.0999449
0 0.172392 0.697365 0.0600256 0.0552655 0.099944
0 0.0199845 0.70871 0.039969 0.0554055 0.0978198
0 0.312567 0.68689 0.0265251 0.0339681 0.0930955
0 0.334935 0.685559 0.0260149 0.0303057 0.0900574
0 0.433697 0.672948 0.0202801 0.0235997 0.0896194
0 0.5625 0.63636 0 0.0648025 0.0894793
0 0.536207 0.655232 0.0134975 0.016195 0.0889022
0 0.5625 0.610002 0 0.0447416 0.0878348
0 0.5625 0.651707 0 0.039998 0.0874514
0 0.5625 0.694508 0 0.0732737 0.0870346
0 0.0243274 0.725336 0.0486547 0.0896852 0.0866151
0 0.531019 0.642632 0.0374125 0.0408493 0.0863951
0 0.349934 0.67967 0.0312705 0.035705 0.0858919
0 0.4991 0.659778 0.0204677 0.0294161 0.0827703
0 0.979324 0.746467 0.0408884 0.194969 0.0820861
0 0.159578 0.700254 0.0385453 0.0519096 0.0818291
0 0.982133 0.591001 0.0382889 0.0491576 0.0817789
0 0.493847 0.66112 0.0262921 0.0311283 0.0817674
0 0.911343 0.626165 0.0698193 0.0686073 0.0808982
0 0.339777 0.681734 0.0305398 0.0324529 0.0808523
0 0.2244 0.696959 0.0355268 0.053155 0.0806971
0 0.949563 0.655931 0.0839817 0.1016 0.0806046
0 0.980244 0.681973 0.0383484 0.117816 0.080221
0 0.494016 0.639656 0.0586819 0.0905992 0.0800555
0 0.92593 0.632011 0.097077 0.097049 0.0790445
0 0.220591 0.679601 0.0218528 0.0259271 0.0786354
0 0.97034 0.648733 0.0466473 0.112759 0.0767984
0 0.540528 0.650674 0.015277 0.0170257 0.0758641
0 0.357123 0.677344 0.0333259 0.0375706 0.0753467
0 0.393251 0.67807 0.0242785 0.0275764 0.0742863
0 0.736892 0.648254 0.0219297 0.0289805 0.0740458
0 0.942077 0.629962 0.120542 0.162365 0.0727349
0 0.6504 0.630698 0.0621949 0.0834724 0.0727005
0 0.509883 0.664084 0.0175055 0.02406 0.0726919
0 0.823312 0.632415 0.0364473 0.0511831 0.0726517
0 0.418294 0.675513 0.027194 0.0269754 0.0726379
0 0.269817 0.683921 0.0496112 0.0411584 0.0724843
0 0.984688 0.723668 0.0309072 0.160351 0.072129
0 0.977407 0.575799 0.0434546 0.0649334 0.0717014
0 0.429086 0.657217 0.0758039 0.0678511 0.0705205
0 0.118574 0.703268 0.0452312 0.0611772 0.0701152
0 0.280649 0.684173 0.0239376 0.0284595 0.0693789
0 0.986729 0.587854 0.0272833 0.0707723 0.0691281
0 0.545051 0.649249 0.0286019 0.0235891 0.0688657
0 0.17329 0.686496 0.0541998 0.0454427 0.0677869
0 0.506454 0.662284 0.0182197 0.0242293 0.0677385
0 0.386931 0.680044 0.0208964 0.0254013 0.0676811
0 0.760279 0.641482 0.0224038 0.0327641 0.0673771
0 0.675975 0.635543 0.0538553 0.0755716 0.0673618
0 0.990606 0.71645 0.0185049 0.119198 0.066954
0 0.524373 0.658796 0.0152117 0.0218455 0.0668041
0 0.1455 0.702528 0.0577313 0.0592948 0.0663188
0 0.485429 0.661497 0.0187135 0.0262808 0.0657616
0 0.702972 0.627458 0.0794845 0.0839942 0.0655454
0 0.949329 0.628251 0.0802504 0.0966172 0.0648832
0 0.820169 0.64147 0.0323576 0.0469865 0.0641944
0 0.408606 0.671819 0.0245309 0.0297657 0.0640109
0 0.465062 0.663932 0.0452479 0.0398771 0.0638351
0 0.679644 0.626652 0.0870353 0.0941709 0.0621109
0 0.740781 0.64179 0.0233834 0.0299429 0.0621028
0 0.627993 0.628713 0.0860139 0.0875412 0.0607263
0 0.615556 0.633858 0.0685087 0.0713768 0.0604294
0 0.40157 0.677761 0.0222029 0.0253275 0.0598957
0 0.536677 0.656272 0.0180695 0.0227745 0.0598645
0 0.933633 0.661629 0.063026 0.076597 0.0595681
0 0.0184949 0.678868 0.0379069 0.0906482 0.0592557
0 0.665456 0.650391 0.018995 0.0246545 0.0582769
0 0.559841 0.654904 0.0414245 0.0333305 0.0581752
0 0.366291 0.679917 0.0395524 0.0412307 0.0581445
0 0.644507 0.650694 0.0265738 0.0290382 0.0576037
0 0.602455 0.626519 0.0686335 0.0858758 0.0575158
0 0.285574 0.649123 0.106863 0.110259 0.0575098
0 0.259773 0.681265 0.053092 0.0505917 0.0569818
0 0.962381 0.699455 0.0769651 0.245451 0.0565892
0 0.40558 0.65621 0.0815257 0.0830832 0.0561517
0 0.387982 0.671346 0.0474029 0.0494437 0.0560185
0 0.601832 0.636014 0.0514318 0.0658264 0.0559488
0 0.906868 0.644113 0.0624409 0.0730824 0.0551759
0 0.833712 0.633306 0.0477602 0.0557677 0.0548507
0 0.751128 0.634745 0.0221972 0.0388291 0.0545432
0 0.0271043 0.699099 0.0542482 0.0654618 0.0545062
0 0.739393 0.613602 0.0799713 0.0826137 0.0543865
0 0.93016 0.600291 0.108906 0.147345 0.0539374
0 0.673015 0.654 0.0208448 0.0298197 0.0537156
0 0.428406 0.669899 0.0282199 0.0282572 0.0517305
0 0.563686 0.643305 0.0592551 0.0523887 0.0513752
0 0.97631 0.759347 0.0441065 0.308816 0.0513207
0 0.851826 0.625046 0.0549742 0.0635262 0.0510965
0 0.757381 0.642064 0.017755 0.0257211 0.0510452
0 0.0355887 0.683147 0.0719478 0.118363 0.0510348
0 0.588449 0.654645 0.0249333 0.0251197 0.0509946
0 0.862553 0.605322 0.0408659 0.0901289 0.0504555
0 0.708159 0.605646 0.0621263 0.0826719 0.0503522
0 0.332312 0.676096 0.0513812 0.0512513 0.0503372
0 0.516173 0.918502 0.0389962 0.0646715 0.050131
0 0.308871 0.684976 0.0209625 0.0273539 0.0487878
0 0.969156 0.723916 0.0501282 0.192928 0.048409
0 0.151546 0.692393 0.0484679 0.0552917 0.0475883
0 0.113153 0.71408 0.0384887 0.041109 0.0474321
0 0.246643 0.677064 0.0222003 0.0248995 0.047168
0 0.266474 0.663206 0.0715803 0.0854582 0.0463626
0 0.133309 0.696229 0.0745594 0.0819548 0.0460723
0 0.133525 0.712522 0.0713388 0.0548643 0.04587
0 0.667284 0.658763 0.017462 0.0268497 0.0458671
0 0.492052 0.665865 0.0381845 0.0459765 0.0456792
0 0.963733 0.674255 0.0603569 0.123951 0.0456311
0 0.353628 0.6817 0.0198831 0.0258999 0.0454866
0 0.771406 0.632814 0.0652816 0.0668213 0.0452812
0 0.0483626 0.699347 0.0444272 0.0641777 0.0439981
0 0.322586 0.673994 0.0636316 0.0643703 0.0435114
0 0.0438958 0.686825 0.0546164 0.0909029 0.042287
0 0.226457 0.688506 0.0221617 0.0277659 0.040177
0 0.278193 0.680832 0.035209 0.0382571 0.040111
0 0.576399 0.655779 0.0196329 0.0212507 0.040056
0 0.0429479 0.712239 0.077271 0.0988542 0.0392835
0 0.0648388 0.700967 0.0627825 0.0728753 0.0391952
0 0.295406 0.689293 0.0523627 0.0481149 0.0390107
0 0.457766 0.666565 0.0194295 0.0234435 0.0389611
0 0.76658 0.642421 0.0199328 0.0296516 0.0387556
0 0.752843 0.617452 0.0396838 0.0581508 0.0387294
0 0.972987 0.560114 0.0394081 0.0680614 0.0382141
0 0.413689 0.665528 0.0309793 0.0345039 0.0376522
0 0.74749 0.796484 0.107693 0.127228 0.0375806
0 0.986854 0.585305 0.0283159 0.188663 0.0372909
0 0.267268 0.693936 0.0582856 0.057498 0.0368586
0 0.663054 0.617353 0.0655941 0.119453 0.0367682
0 0.148844 0.681055 0.11284 0.113417 0.0364815
0 0.574821 0.661601 0.0181093 0.0211182 0.0363979
0 0.942901 0.580717 0.100785 0.0987182 0.036205
0 0.15071 0.662156 0.0432955 0.0497248 0.0357603
0 0.608172 0.653385 0.0260858 0.0299703 0.0357491
0 0.408152 0.678696 0.0196512 0.0240005 0.0356947
0 0.104214 0.69944 0.0538233 0.0734666 0.0356565
0 0.378468 0.683543 0.0212378 0.0251088 0.0356337
0 0.222687 0.669537 0.020534 0.0259454 0.0354766
0 0.465533 0.637918 0.0970202 0.115178 0.0349886
0 0.278668 0.646002 0.0718935 0.085436 0.0348299
0 0.307173 0.671663 0.0831258 0.0792491 0.0346927
0 0.993465 0.539859 0.0147837 0.112199 0.0344585
0 0.00599819 0.747314 0.0130083 0.0817632 0.0344183
0 0.918866 0.587389 0.0976381 0.103322 0.0342452
0 0.917823 0.571838 0.0743343 0.0726676 0.0341377
0 0.134981 0.667844 0.0785 0.0793615 0.0337502
0 0.834786 0.575097 0.0995131 0.141517 0.0336517
0 0.0698651 0.716509 0.059392 0.0687286 0.0336138
0 0.0822483 0.706838 0.0780612 0.069736 0.0335705
0 0.16417 0.661725 0.0534951 0.0499484 0.0334218
0 0.0460093 0.715446 0.0544567 0.0837738 0.033397
0 0.0293916 0.660384 0.0552249 0.105738 0.0332666
0 0.718092 0.647318 0.0253601 0.0320288 0.0332339
0 0.752092 0.656025 0.0251794 0.0373843 0.0332011
0 0.988454 0.979949 0.0215292 0.0454588 0.0331068
0 0.221164 0.660029 0.0219007 0.0330878 0.0328346
0 0.794724 0.809972 0.0348706 0.0558378 0.0327052
0 0.95334 0.736764 0.0859373 0.202046 0.0325289
0 0.524972 0.912849 0.0471617 0.0789334 0.032476
0 0.372518 0.675664 0.0232715 0.0284038 0.0324299
0 0.780045 0.807537 0.0589328 0.0761793 0.0321178
0 0.658179 0.659471 0.0202559 0.0315552 0.0320026
0 0.754946 0.574177 0.0330316 0.0480001 0.0319565
0 0.108926 0.732805 0.0227395 0.0317462 0.0317893
0 0.235725 0.694003 0.0280581 0.0359089 0.0310704
0 0.195433 0.675535 0.0281865 0.0289128 0.0308175
0 0.0712901 0.689693 0.0807177 0.0951842 0.0307349
0 0.971498 0.836559 0.0578753 0.284527 0.030459
0 0.569269 0.660359 0.0204469 0.0266795 0.0303396
0 0.0871308 0.567804 0.0352012 0.0458059 0.0302118
0 0.987016 0.321959 0.026577 0.19481 0.0298826
0 0.993018 0.513226 0.0130568 0.119165 0.0297907
0 0.585428 0.66197 0.021489 0.0234749 0.0297825
0 0.060254 0.676169 0.0896274 0.124533 0.0297327
0 0.975487 0.59302 0.0539099 0.217753 0.0297201
0 0.33591 0.673799 0.0281835 0.0356123 0.0296549
0 0.774231 0.608293 0.0480965 0.0790947 0.0294354
0 0.0930709 0.560968 0.0212362 0.0319903 0.0293564
0 0.598989 0.656243 0.024355 0.0265405 0.0289956
0 0.0702901 0.569058 0.0637072 0.0651322 0.0287462
0 0.617594 0.653012 0.0243762 0.0309025 0.0287296
0 0.893675 0.602674 0.118064 0.119305 0.0286006
0 0.805759 0.822644 0.0391335 0.0548986 0.0285292
0 0.82194 0.832494 0.0542892 0.0599145 0.0281809
0 0.691805 0.653028 0.0245631 0.0311287 0.0281245
0 0.624854 0.613638 0.0979513 0.134438 0.0280909
0 0.171174 0.655386 0.170322 0.15592 0.0279556
0 0.248068 0.664962 0.0378073 0.0499143 0.0278797
0 0.89391 0.639639 0.0387173 0.0685347 0.0278668
0 0.56681 0.624051 0.0698746 0.0809614 0.0278392
0 0.963847 0.565825 0.0534582 0.0761214 0.0275899
0 0.704951 0.647617 0.0205692 0.0278503 0.0275861
0 0.418578 0.678683 0.0197571 0.0243666 0.0273776
0 0.864182 0.636571 0.0543089 0.0819694 0.0273539
0 0.940638 0.7121 0.0894953 0.177825 0.0272115
0 0.0515186 0.969325 0.0867913 0.0628309 0.0271769
0 0.871568 0.585492 0.0543741 0.0932205 0.0267572
0 0.123473 0.733377 0.025768 0.0324076 0.0267139
0 0.623486 0.184935 0.0564469 0.0679217 0.0266156
0 0.105554 0.726823 0.0420536 0.0446615 0.02646
0 0.839372 0.606462 0.0796173 0.123466 0.026377
0 0.428177 0.660588 0.0276654 0.0338888 0.0262246
0 0.0528426 0.577029 0.03025 0.0441726 0.0261455
0 0.87271 0.549054 0.152568 0.261044 0.0258094
0 0.184099 0.678265 0.0327237 0.033863 0.0255525
0 0.215883 0.654092 0.0263922 0.0384208 0.0255228
0 0.227412 0.657811 0.0308319 0.0340385 0.0254144
0 0.00907521 0.647875 0.0208713 0.0664779 0.0253191
0 0.0973629 0.729558 0.0606746 0.0596078 0.0251841
0 0.763534 0.806261 0.0879421 0.0910338 0.0251824
0 0.813217 0.611001 0.0507885 0.0782417 0.0251115
0 0.0584765 0.571666 0.0455796 0.0592757 0.0250969
0 0.717376 0.597304 0.0352408 0.0415606 0.025028
0 0.381938 0.670398 0.0258349 0.0358564 0.0249613
0 0.274563 0.567279 0.0253419 0.0354398 0.0249598
0 0.563242 0.579796 0.0345606 0.0601213 0.0249202
0 0.246943 0.708985 0.0251204 0.0334605 0.0249197
0 0.976216 0.5476 0.0529341 0.365826 0.0247859
0 0.742241 0.65803 0.017961 0.0232897 0.0247852
0 0.704873 0.588857 0.0456088 0.0523638 0.0247125
0 0.646866 0.657667 0.0206267 0.0269222 0.024705
0 0.562293 0.562862 0.0293994 0.0493594 0.0246726
0 0.74622 0.586801 0.0398961 0.0564223 0.0244805
0 0.493582 0.621644 0.073013 0.137621 0.0243732
0 0.116828 0.667336 0.0519464 0.0771297 0.0242701
0 0.0811113 0.582207 0.0379496 0.0405408 0.0242122
0 0.986264 0.919371 0.0258455 0.172761 0.0239803
0 0.156855 0.715516 0.0215903 0.03028 0.023793
0 0.592097 0.663961 0.0245225 0.0268138 0.0237891
0 0.560009 0.659555 0.0209499 0.0213054 0.0237562
0 0.743547 0.758995 0.0589766 0.0467367 0.0235299
0 0.696815 0.669471 0.029705 0.0478898 0.0234916
0 0.0742652 0.57534 0.0483228 0.0484714 0.0232887
0 0.276062 0.664804 0.0463229 0.0588356 0.023224
0 0.286065 0.678348 0.0448296 0.0486934 0.0231969
0 0.532341 0.614485 0.0545688 0.0978319 0.0231654
0 0.882682 0.738965 0.144621 0.204599 0.0231411
0 0.929035 0.76008 0.118441 0.258812 0.0230771
0 0.724627 0.60021 0.0310391 0.0362383 0.0230421
0 0.189188 0.710035 0.0782199 0.0825915 0.0229114
0 0.277247 0.705358 0.0280645 0.0378196 0.0225941
0 0.523222 0.617741 0.0815661 0.118926 0.0225899
0 0.162811 0.713716 0.0476359 0.0552706 0.0225825
0 0.0407048 0.649536 0.0587305 0.0920128 0.0225617
0 0.839411 0.83168 0.058959 0.0627431 0.0224892
0 0.125219 0.626209 0.041898 0.0394957 0.022328
0 0.831518 0.513332 0.0232788 0.0345203 0.0220357
0 0.7463 0.781548 0.080746 0.0878932 0.0219695
0 0.804189 0.649575 0.0196585 0.0330135 0.0219432
0 0.990086 0.506238 0.0266327 0.223313 0.0219091
0 0.79289 0.559805 0.0267928 0.0367385 0.021903
0 0.0182465 0.742043 0.0374847 0.125246 0.0218797
0 0.0573108 0.665579 0.124862 0.177561 0.0218131
0 0.981996 0.889431 0.0338402 0.21266 0.0217383
0 0.0727773 0.732622 0.0696975 0.0676666 0.021705
0 0.46514 0.848819 0.0949759 0.142544 0.0215858
0 0.59006 0.607231 0.075787 0.127652 0.0214829
0 0.912829 0.514256 0.0674625 0.0783873 0.0214409
0 0.301717 0.673194 0.0412001 0.0452032 0.0214244
0 0.987927 0.879826 0.0232956 0.165672 0.0214204
0 0.765719 0.569037 0.0337937 0.0411279 0.0214195
0 0.782348 0.637278 0.0358676 0.0405433 0.0211896
0 0.813717 0.625502 0.0397309 0.0624772 0.0211723
0 0.988026 0.951248 0.0217661 0.0957618 0.0210436
