0 0.562137 0.513923 0.000725794 0.110213 0.923108
0 0.123615 0.492065 0.078862 0.0759093 0.896857
0 0.188031 0.48602 0.057728 0.0682814 0.883554
0 0.263884 0.485246 0.0326336 0.0491041 0.863527
0 0.232078 0.480479 0.0448182 0.0641774 0.799764
0 0.48239 0.47797 0.0154611 0.0210895 0.749049
0 0.5625 0.6013 0 0.263487 0.73615
0 0.509472 0.48124 0.0185789 0.0260357 0.71346
0 0.312988 0.479734 0.0314456 0.0398794 0.659041
0 0.551974 0.502154 0.0210525 0.0703091 0.654342
0 0.532158 0.495315 0.0182132 0.0496376 0.633301
0 0.34225 0.482211 0.0252055 0.0298107 0.605926
0 0.542661 0.496441 0.0249342 0.0596371 0.60336
0 0.355208 0.480339 0.0225305 0.0295989 0.558457
0 0.371186 0.479919 0.025921 0.0301121 0.523023
0 0.0430389 0.495052 0.0860777 0.0964674 0.50691
0 0.5625 0.673103 0 0.464381 0.499466
0 0.40151 0.472461 0.023157 0.0288096 0.408761
0 0.547657 0.494654 0.0296857 0.06873 0.405874
0 0.376553 0.478546 0.0231681 0.0305727 0.405596
0 0.442921 0.480506 0.0214575 0.0212952 0.326767
0 0.3771 0.481923 0.0174359 0.0248309 0.28375
0 0.0714446 0.492125 0.0397499 0.0781511 0.279774
0 0.058115 0.493443 0.0624481 0.0840967 0.27836
0 0.33575 0.482077 0.0202749 0.0292753 0.275568
0 0.504948 0.481344 0.0119756 0.0202602 0.275419
0 0.35118 0.482896 0.0173031 0.0259016 0.266783
0 0.523868 0.488987 0.016226 0.0284252 0.264605
0 0.345247 0.48369 0.017704 0.0237974 0.26167
0 0.362205 0.480799 0.0191229 0.0275842 0.260204
0 0.5625 0.616006 0 0.340304 0.25126
0 0.0190205 0.501905 0.038041 0.0820493 0.247758
0 0.30156 0.47974 0.042847 0.0462849 0.247665
0 0.528111 0.4945 0.0149798 0.0385607 0.243858
0 0.370597 0.482402 0.0185057 0.0236085 0.240319
0 0.558014 0.504365 0.00897231 0.0809027 0.232255
0 0.51627 0.485576 0.0156554 0.0252205 0.230698
0 0.403712 0.47391 0.0175164 0.0228405 0.226831
0 0.330563 0.481488 0.0181778 0.0292142 0.222967
0 0.358315 0.476598 0.0182259 0.0272901 0.211956
0 0.509993 0.484591 0.0131135 0.0254174 0.205499
0 0.44898 0.481151 0.0118443 0.0153821 0.191683
0 0.439658 0.482975 0.0154283 0.0186772 0.187354
0 0.366777 0.481171 0.0148945 0.0225188 0.184479
0 0.321429 0.482761 0.0183778 0.0264932 0.179904
0 0.320809 0.481006 0.0239765 0.0350999 0.17843
0 0.358064 0.485136 0.0156845 0.0250745 0.172167
0 0.507527 0.476448 0.0142407 0.0217064 0.170774
0 0.382703 0.47571 0.0170818 0.0232953 0.16907
0 0.356355 0.480581 0.0159051 0.0231488 0.160011
0 0.553663 0.505733 0.0202463 0.0588615 0.150986
0 0.397075 0.477031 0.0163819 0.0223763 0.147385
0 0.577372 0.50304 0.0415326 0.0893045 0.146653
0 0.339374 0.483866 0.0150595 0.0263439 0.144298
0 0.545064 0.500672 0.0160077 0.0429753 0.14286
0 0.477056 0.480253 0.0108829 0.016293 0.14031
0 0.442911 0.481246 0.0128898 0.0172206 0.137155
0 0.423199 0.47137 0.02626 0.0307376 0.135774
0 0.753444 0.603432 0.163378 0.239887 0.13536
0 0.390622 0.477801 0.0167232 0.0220918 0.130646
0 0.410004 0.474053 0.0145402 0.023406 0.128346
0 0.497224 0.481993 0.0131139 0.0179883 0.127284
0 0.56375 0.503134 0.0211281 0.0598651 0.12555
0 0.341246 0.478146 0.0180276 0.0280435 0.121252
0 0.401037 0.4782 0.0157719 0.0210994 0.119911
0 0.412069 0.477996 0.0163586 0.0229581 0.117583
0 0.312846 0.482163 0.0234791 0.0318364 0.11607
0 0.846775 0.610524 0.19708 0.261535 0.115392
0 0.439363 0.478076 0.0149318 0.0199677 0.108811
0 0.903761 0.633043 0.155806 0.27331 0.106522
0 0.140738 0.491989 0.0457387 0.0652536 0.102542
0 0.093675 0.491026 0.0500467 0.0702209 0.101014
0 0.306873 0.48227 0.0185785 0.0318842 0.100691
0 0.67557 0.521163 0.0456017 0.0478527 0.100184
0 0.482871 0.479853 0.0101555 0.0152491 0.0961036
0 0.253434 0.484027 0.0169067 0.0399082 0.0956878
0 0.299161 0.478209 0.0253421 0.0342693 0.0946464
0 0.443125 0.476585 0.015612 0.0189184 0.0884356
0 0.721067 0.587194 0.0995344 0.199745 0.0860183
0 0.557453 0.496321 0.0181443 0.0421089 0.0838892
0 0.315766 0.475864 0.0213862 0.0295714 0.0822887
0 0.44712 0.477386 0.0132597 0.0167002 0.0822371
0 0.668874 0.542902 0.0612381 0.0718213 0.0815389
0 0.282335 0.486134 0.019579 0.0353977 0.0782446
0 0.940683 0.622005 0.119776 0.17248 0.0728864
0 0.891103 0.59511 0.0958324 0.151403 0.071052
0 0.293688 0.480077 0.0265488 0.0384371 0.0682769
0 0.310349 0.474975 0.0231151 0.0266203 0.066203
0 0.0681659 0.490162 0.055533 0.103355 0.0644088
0 0.284375 0.479731 0.018829 0.0309254 0.0624519
0 0.261069 0.480735 0.0191097 0.0334617 0.0599284
0 0.294502 0.473534 0.0420539 0.0548815 0.059792
0 0.566376 0.496142 0.019756 0.0438452 0.059738
0 0.418304 0.480969 0.0150211 0.0197355 0.0595811
0 0.947449 0.71904 0.0988125 0.373089 0.058824
0 0.153092 0.488292 0.0400671 0.0582403 0.0579405
0 0.552197 0.488102 0.0139996 0.0374418 0.0577273
0 0.905573 0.616834 0.100904 0.155329 0.0576304
0 0.0203429 0.471956 0.0409168 0.127256 0.0563126
0 0.643322 0.525591 0.0229466 0.0538259 0.0561595
0 0.63656 0.522664 0.023219 0.0597527 0.0557831
0 0.512735 0.485784 0.0116616 0.0200469 0.055218
0 0.860197 0.666057 0.202847 0.278089 0.055215
0 0.970233 0.535441 0.0593473 0.181283 0.054763
0 0.949135 0.589478 0.100067 0.158098 0.0543354
0 0.0457338 0.454499 0.0928976 0.185669 0.053423
0 0.694294 0.526989 0.0671683 0.101761 0.0530905
0 0.649543 0.523531 0.0294214 0.0537715 0.0527849
0 0.0817501 0.490394 0.0545554 0.0982839 0.0518456
0 0.8839 0.627537 0.106243 0.19165 0.0510636
0 0.92565 0.76812 0.14938 0.322588 0.0509722
0 0.864342 0.589794 0.109888 0.155214 0.0487252
0 0.653148 0.534138 0.0355412 0.0639464 0.0483087
0 0.854421 0.573828 0.151495 0.200795 0.0470808
0 0.992243 0.437701 0.0148258 0.0579594 0.0466927
0 0.96427 0.625761 0.0680628 0.18605 0.0463759
0 0.992005 0.871512 0.0156435 0.206832 0.0462159
0 0.00761766 0.509091 0.0163599 0.0933609 0.0461214
0 0.678325 0.499502 0.0402434 0.0459863 0.0451307
0 0.265283 0.487615 0.0240057 0.0372638 0.0447869
0 0.97444 0.759125 0.0478777 0.360841 0.0446912
0 0.689522 0.441173 0.0244605 0.0348358 0.0440718
0 0.259011 0.475234 0.0221007 0.0275173 0.0437827
0 0.974913 0.585069 0.0512619 0.187892 0.0436959
0 0.986768 0.859572 0.0275778 0.246847 0.0429831
0 0.832349 0.574047 0.107743 0.158934 0.0429476
0 0.69801 0.5732 0.0680907 0.147433 0.0426519
0 0.507679 0.53537 0.027224 0.0532188 0.0426473
0 0.985422 0.528996 0.0299538 0.16465 0.0421
0 0.926502 0.541608 0.146515 0.254992 0.041987
0 0.795755 0.622211 0.167435 0.227458 0.041715
0 0.798595 0.573275 0.107695 0.171702 0.0404898
0 0.983 0.814821 0.0339849 0.321187 0.040335
0 0.689222 0.497693 0.0579929 0.0707972 0.0394837
0 0.978224 0.626112 0.044018 0.18304 0.0393241
0 0.827232 0.418287 0.0224268 0.0203383 0.0392465
0 0.80477 0.606077 0.0792284 0.132751 0.0391042
0 0.776321 0.658623 0.0991657 0.145438 0.0388731
0 0.832632 0.401768 0.0228712 0.0289676 0.0385785
0 0.89794 0.575129 0.0760098 0.124088 0.0380181
0 0.984069 0.582103 0.0332968 0.155764 0.0378238
0 0.718321 0.491485 0.0475093 0.0505437 0.03736
0 0.246802 0.482111 0.027738 0.044537 0.0366821
0 0.527116 0.479953 0.0146946 0.0246744 0.0365832
0 0.989368 0.498795 0.0215651 0.125613 0.0361296
0 0.822951 0.665471 0.152752 0.209434 0.0361121
0 0.659105 0.554258 0.0533058 0.110638 0.0356709
0 0.840137 0.425964 0.0586809 0.0313795 0.035385
0 0.231987 0.490235 0.0229625 0.0374863 0.0353479
0 0.702585 0.496184 0.0468388 0.0613223 0.0350682
0 0.236516 0.487759 0.0266697 0.0448892 0.0349028
0 0.559005 0.476224 0.0196235 0.0281257 0.0348793
0 0.813379 0.585479 0.064805 0.113292 0.0347737
0 0.954791 0.532847 0.073871 0.0925554 0.0347384
0 0.226318 0.731416 0.129765 0.173985 0.0347081
0 0.991838 0.468692 0.0177189 0.0990718 0.0342265
0 0.213693 0.485786 0.0225901 0.0402065 0.0339977
0 0.0737101 0.475565 0.0848392 0.12156 0.0339363
0 0.203566 0.482608 0.0513949 0.0650604 0.03382
0 0.686659 0.484071 0.0385804 0.0500513 0.0336387
0 0.626955 0.51107 0.0309339 0.0825819 0.0335984
0 0.991031 0.913528 0.0180435 0.17326 0.0330041
0 0.845012 0.395701 0.0381708 0.0375537 0.0329002
0 0.875361 0.563469 0.111116 0.160009 0.0328974
0 0.64877 0.513161 0.0353857 0.073098 0.0328394
0 0.934699 0.550131 0.0927538 0.0680029 0.0327488
0 0.717005 0.502121 0.0662452 0.0676443 0.0323555
0 0.83149 0.445267 0.106916 0.064578 0.0318766
0 0.956438 0.833433 0.0860853 0.288268 0.0318163
0 0.985824 0.685139 0.027338 0.213247 0.0314917
0 0.720543 0.54732 0.0925911 0.144935 0.0314187
0 0.558712 0.415435 0.0665536 0.125769 0.0312478
0 0.986918 0.640181 0.0261074 0.178208 0.0311704
0 0.69081 0.507485 0.075851 0.0756786 0.0311589
0 0.712154 0.512562 0.0845442 0.0819745 0.0311007
0 0.941736 0.674496 0.107644 0.212705 0.031036
0 0.667486 0.501208 0.0554092 0.06503 0.0308087
0 0.838482 0.437276 0.072945 0.0415792 0.0308009
0 0.743416 0.561491 0.132158 0.202093 0.03058
0 0.0761346 0.500855 0.0215838 0.048278 0.0305411
0 0.551389 0.473501 0.0238547 0.0318737 0.0300174
0 0.951388 0.498343 0.0915297 0.158892 0.0296885
0 0.698823 0.537974 0.109406 0.134363 0.0296237
0 0.969776 0.687969 0.0587652 0.227097 0.0296003
0 0.502498 0.453719 0.00991087 0.0151329 0.0292162
0 0.773884 0.62064 0.124107 0.182984 0.0291322
0 0.845908 0.626637 0.123139 0.204983 0.0290036
0 0.92986 0.538145 0.0537491 0.0571157 0.0289338
0 0.242541 0.471128 0.0204253 0.0323124 0.0288655
0 0.23186 0.468353 0.0262918 0.0330891 0.0286763
0 0.211835 0.496275 0.0220498 0.0389918 0.0286306
0 0.781808 0.546401 0.133676 0.171239 0.0280239
0 0.914933 0.553671 0.0705067 0.0629094 0.0278853
0 0.990219 0.831171 0.0184217 0.198188 0.027615
0 0.734485 0.491931 0.0433536 0.0413606 0.0274566
0 0.904557 0.566111 0.0653534 0.0841515 0.0274508
0 0.809555 0.654948 0.103955 0.174756 0.0271189
0 0.687769 0.434567 0.0339726 0.0447957 0.0268329
0 0.692701 0.589618 0.0465975 0.105935 0.0268157
0 0.792312 0.632841 0.0821264 0.12027 0.0265657
0 0.770912 0.171822 0.276023 0.359929 0.0265223
0 0.666729 0.571134 0.0761643 0.149877 0.0265141
0 0.536512 0.477166 0.0164464 0.029659 0.0264685
0 0.978917 0.489778 0.0414314 0.128418 0.0264379
0 0.0349807 0.312235 0.0774626 0.3889 0.0264265
0 0.776491 0.278448 0.188884 0.24156 0.026408
0 0.723924 0.481108 0.0639068 0.053953 0.0263814
0 0.277405 0.479752 0.0250874 0.03759 0.0263238
0 0.970016 0.86574 0.0575031 0.220788 0.0262644
0 0.73476 0.501372 0.0491958 0.0560865 0.0262217
0 0.115413 0.471171 0.0837795 0.0965049 0.026155
0 0.23505 0.462872 0.0308723 0.0554398 0.0257796
0 0.845758 0.495456 0.112681 0.0757473 0.0256823
0 0.803497 0.456718 0.159686 0.102422 0.0253934
0 0.797427 0.531265 0.127954 0.124325 0.0253795
0 0.895825 0.673732 0.101132 0.22222 0.0252896
0 0.792331 0.539979 0.230108 0.264731 0.0251392
0 0.59102 0.471829 0.023522 0.0340982 0.0250788
0 0.567004 0.474094 0.0191776 0.0261575 0.0250303
0 0.562699 0.512271 0.0160606 0.0526321 0.0246767
0 0.836025 0.3933 0.0291731 0.0443453 0.0246273
0 0.49863 0.452749 0.0103018 0.0157971 0.024604
0 0.641251 0.543809 0.0285104 0.0808149 0.0244465
0 0.989161 0.44105 0.0228745 0.0759414 0.0244449
0 0.703072 0.479359 0.0406127 0.0465266 0.0244192
0 0.730518 0.515701 0.0664135 0.0798302 0.02417
0 0.801995 0.496248 0.143427 0.0727941 0.0240151
0 0.508824 0.463333 0.0110652 0.0158462 0.0239451
0 0.224675 0.478211 0.0184191 0.0421437 0.02385
0 0.148981 0.490026 0.0245039 0.0476616 0.023818
0 0.93383 0.504771 0.102136 0.1306 0.0237284
0 0.85917 0.41741 0.0449343 0.0302557 0.0236885
0 0.431142 0.38849 0.0250222 0.0365981 0.0236707
0 0.975148 0.899024 0.047439 0.188634 0.0236468
0 0.403647 0.38052 0.0258948 0.038844 0.0236258
0 0.872862 0.738715 0.148622 0.253978 0.0236164
0 0.957269 0.710572 0.0776529 0.234876 0.0234678
0 0.928719 0.524377 0.0800125 0.0949672 0.023386
0 0.0668604 0.436331 0.113268 0.196297 0.0230384
0 0.623769 0.498694 0.0400204 0.0736364 0.0229643
0 0.048542 0.401891 0.0936924 0.248558 0.0227819
0 0.555569 0.132612 0.0280803 0.0416166 0.022735
0 0.0713221 0.0747469 0.0659665 0.109984 0.0226637
0 0.0606945 0.501421 0.034149 0.0557378 0.0226387
0 0.175818 0.73689 0.125599 0.191528 0.0225115
0 0.89897 0.54722 0.0727852 0.105381 0.0222123
0 0.160496 0.471213 0.0402237 0.0571123 0.0221699
0 0.496034 0.397345 0.0148307 0.0209062 0.0220559
0 0.51009 0.45175 0.0121063 0.0185983 0.0220004
0 0.160543 0.483799 0.0177593 0.0385881 0.0219568
0 0.00623049 0.454445 0.0144465 0.0819706 0.0218968
0 0.00508919 0.528158 0.0133635 0.0827977 0.0217855
0 0.365235 0.43873 0.039418 0.0544101 0.0216599
0 0.817679 0.51353 0.127514 0.0858016 0.0216482
0 0.878017 0.413213 0.0297108 0.0339238 0.0216481
0 0.833759 0.370072 0.024456 0.0369779 0.0216452
0 0.861195 0.536 0.117664 0.124394 0.0215913
0 0.102656 0.503198 0.0287208 0.0386076 0.0214574
0 0.421613 0.39037 0.0267186 0.0406231 0.0214007
0 0.163919 0.482843 0.0349035 0.0500682 0.0213288
0 0.455163 0.382189 0.0210564 0.0253133 0.0213126
0 0.44428 0.385395 0.0243134 0.0320729 0.0212027
0 0.694347 0.437677 0.0325572 0.0451335 0.021192
0 0.0532167 0.468916 0.0836564 0.117905 0.0211299
0 0.494816 0.452444 0.00965481 0.0150301 0.0211081
0 0.501679 0.482565 0.0104392 0.0170208 0.0210521
0 0.615523 0.489285 0.0402501 0.0636332 0.0210068
0 0.477004 0.445285 0.0108233 0.0151787 0.0209552
0 0.489163 0.482534 0.0108903 0.0172975 0.0208515
0 0.826034 0.534966 0.11851 0.123476 0.0208204
0 0.222552 0.467784 0.0214019 0.0296937 0.0207841
0 0.218577 0.478877 0.0192823 0.0461873 0.0207468
0 0.730051 0.254982 0.182708 0.246189 0.0207344
0 0.690782 0.411347 0.0342675 0.0996352 0.0205819
0 0.0590348 0.567578 0.0714143 0.134851 0.0205514
0 0.805031 0.744764 0.208963 0.309827 0.0205189
0 0.686229 0.602507 0.0320562 0.101645 0.0204086
0 0.181937 0.503222 0.0326943 0.0513824 0.0203446
0 0.745694 0.49046 0.0519818 0.0421455 0.0203287
0 0.610418 0.541465 0.0338814 0.0674206 0.0202671
0 0.310212 0.263176 0.0259191 0.0410094 0.0200789
0 0.513018 0.388469 0.0248925 0.0380146 0.0199514
0 0.155134 0.496321 0.0209974 0.0338074 0.0197314
0 0.394781 0.38171 0.0261207 0.0419306 0.0197108
0 0.872682 0.676551 0.10717 0.243029 0.019679
0 0.844661 0.516604 0.094916 0.0841234 0.0196435
0 0.917514 0.848801 0.137101 0.222151 0.0196395
0 0.929551 0.483254 0.136036 0.184871 0.019394
0 0.14556 0.471352 0.0530441 0.0681962 0.0193854
0 0.740648 0.628887 0.0807014 0.142625 0.0193829
0 0.746927 0.523102 0.0906297 0.100238 0.019382
0 0.532711 0.460903 0.0148335 0.0219565 0.01909
0 0.623156 0.524965 0.0569321 0.098961 0.0188854
0 0.0320521 0.468366 0.0598186 0.125866 0.0188428
0 0.37516 0.438807 0.0355682 0.0502936 0.0188203
0 0.684246 0.400564 0.0433877 0.0956568 0.0187466
0 0.0858549 0.291382 0.16554 0.454009 0.0186498
0 0.70172 0.603858 0.0579674 0.11636 0.0185819
0 0.198228 0.46402 0.0734315 0.0985754 0.0184946
0 0.506493 0.394987 0.0194774 0.0300229 0.0184694
