0 0.425511 0.531788 0.273977 0.39168 0.880723
0 0.292378 0.492906 0.0523721 0.0447031 0.627361
0 0.011687 0.54534 0.0233631 0.133064 0.536012
0 0.0517042 0.440218 0.103408 0.202657 0.374775
0 0.5625 0.489985 0 0.0432527 0.337631
0 0.5625 0.52105 0 0.105512 0.268223
0 0.181885 0.45894 0.158081 0.146107 0.23569
0 0.5625 0.494506 0 0.0288655 0.223972
0 0.5625 0.504405 0 0.0464667 0.218389
0 0.145569 0.457566 0.0922207 0.140153 0.197192
0 0.269195 0.477051 0.0235448 0.0300799 0.169531
0 0.116203 0.475739 0.0391874 0.0853449 0.154205
0 0.132462 0.426574 0.264925 0.227166 0.150656
0 0.5625 0.505061 0 0.0380684 0.147681
0 0.131157 0.477464 0.0715278 0.106303 0.133206
0 0.0201926 0.503608 0.0400725 0.237868 0.127802
0 0.0201234 0.452216 0.0402468 0.07337 0.125544
0 0.0200382 0.432687 0.0400765 0.125275 0.123599
0 0.290908 0.505496 0.0544437 0.0642782 0.120528
0 0.5625 0.523571 0 0.121784 0.115396
0 0.235833 0.500977 0.0563686 0.0569831 0.111631
0 0.23818 0.463627 0.0769948 0.103049 0.10978
0 0.243477 0.5033 0.039948 0.0466907 0.108944
0 0.5625 0.47904 0 0.0640632 0.107792
0 0.211615 0.47535 0.0965744 0.101034 0.107482
0 0.5625 0.500676 0 0.0641636 0.106632
0 0.0871563 0.420959 0.174082 0.267807 0.104695
0 0.5625 0.49658 0 0.0223161 0.104406
0 0.257328 0.494331 0.0278315 0.0411968 0.100645
0 0.23389 0.453364 0.0560044 0.0778012 0.100013
0 0.314336 0.447453 0.0339111 0.0764068 0.0990696
0 0.112235 0.461347 0.0304646 0.0492644 0.0980499
0 0.314165 0.468227 0.0349873 0.0588531 0.0955482
0 0.5625 0.479958 0 0.0605214 0.0952747
0 0.5625 0.485742 0 0.046391 0.0944218
0 0.28125 0.180389 0.5625 0.297379 0.0929741
0 0.135671 0.447136 0.181423 0.18425 0.0928569
0 0.5625 0.466975 0 0.0842678 0.091773
0 0.0951104 0.474674 0.0910018 0.121874 0.0910486
0 0.5625 0.483659 0 0.0467352 0.0899889
0 0.271793 0.487283 0.0181776 0.0244539 0.0850124
0 0.5625 0.477329 0 0.0392043 0.0826178
0 0.5625 0.459985 0 0.10484 0.0806811
0 0.5625 0.495817 0 0.0223972 0.0802661
0 0.5625 0.487672 0 0.0445765 0.0796926
0 0.312424 0.492789 0.0125174 0.0271681 0.0792256
0 0.315375 0.483877 0.0135806 0.0234739 0.0792028
0 0.208884 0.498767 0.0533433 0.0577138 0.0780395
0 0.302593 0.446215 0.0600413 0.0961675 0.077331
0 0.5625 0.470873 0 0.0816331 0.0767843
0 0.0492351 0.409156 0.0947102 0.129196 0.076217
0 0.8411 0.461502 0.0598413 0.0636672 0.0761262
0 0.866403 0.482735 0.0927742 0.0577751 0.0750232
0 0.2705 0.46645 0.0247866 0.0410329 0.0749572
0 0.490039 0.313792 0.172249 0.0900526 0.0746154
0 0.682202 0.525093 0.0658971 0.118037 0.0739011
0 0.974522 0.409664 0.0515251 0.0591445 0.0735228
0 0.663172 0.454342 0.0524911 0.108707 0.0734336
0 0.0189034 0.498901 0.0382381 0.145988 0.0723607
0 0.970482 0.474905 0.0553368 0.0678134 0.0718709
0 0.316592 0.475496 0.0199469 0.0323951 0.0715138
0 0.813788 0.485278 0.0272108 0.044563 0.0710558
0 0.927164 0.493375 0.0262608 0.02397 0.0707483
0 0.456575 0.130812 0.837818 0.295867 0.0696246
0 0.825671 0.455519 0.0341431 0.0503994 0.0691639
0 0.104196 0.483839 0.0598986 0.0975317 0.0688999
0 0.916503 0.464703 0.178016 0.115432 0.0676787
0 0.262384 0.435617 0.104246 0.127227 0.0667826
0 0.281518 0.469175 0.0271517 0.0319382 0.065134
0 0.922248 0.494464 0.0445187 0.0296688 0.0634911
0 0.935111 0.493958 0.020549 0.0226097 0.0634351
0 0.140249 0.443614 0.0731325 0.105612 0.0628457
0 0.294124 0.478219 0.032658 0.0317372 0.0628362
0 0.651788 0.493511 0.0323518 0.073386 0.062225
0 0.844149 0.452549 0.0669926 0.0990895 0.061142
0 0.938294 0.473071 0.115004 0.0749301 0.0610115
0 0.0419469 0.492035 0.0821485 0.125675 0.0607646
0 0.292062 0.434119 0.0558824 0.109763 0.060225
0 0.560364 0.17563 0.601251 0.295121 0.0591848
0 0.885768 0.497906 0.0217838 0.0236365 0.0587701
0 0.991549 0.491295 0.0121571 0.0439436 0.0587362
0 0.878152 0.491659 0.0689548 0.0435734 0.0578622
0 0.911788 0.464264 0.119972 0.0920509 0.0569532
0 0.0143501 0.414844 0.0283478 0.151152 0.0566687
0 0.0738857 0.0846728 0.0151694 0.0182173 0.0565124
0 0.0711447 0.43627 0.0944263 0.122436 0.0563086
0 0.655528 0.506315 0.0383756 0.107189 0.0557992
0 0.214893 0.479472 0.0633172 0.0832245 0.0556049
0 0.706181 0.493642 0.0372519 0.0379097 0.0538065
0 0.314399 0.496437 0.0134871 0.0285961 0.0534436
0 0.296468 0.462464 0.0499451 0.0557405 0.0525627
0 0.897548 0.50034 0.0252014 0.0218778 0.0519942
0 0.020298 0.0657106 0.0412536 0.0717616 0.0517923
0 0.250603 0.503011 0.026271 0.0423542 0.0516858
0 0.715037 0.49304 0.0339577 0.038436 0.0509227
0 0.679567 0.469668 0.0583022 0.0744893 0.0507906
0 0.543436 0.348345 0.271151 0.171655 0.0507419
0 0.677329 0.485834 0.0191854 0.0317508 0.0503165
0 0.176101 0.476214 0.106147 0.106455 0.0502934
0 0.817981 0.463168 0.0241493 0.0406587 0.0501607
0 0.323048 0.475453 0.0205384 0.0337085 0.0500965
0 0.270072 0.462859 0.0383333 0.0596539 0.0500813
0 0.502322 0.467797 0.0806731 0.0700516 0.0497627
0 0.0591356 0.457235 0.112336 0.126843 0.0494159
0 0.88892 0.501325 0.0204721 0.0223697 0.0493109
0 0.184508 0.498531 0.0478833 0.0624746 0.046588
0 0.21952 0.486831 0.127808 0.147975 0.0460713
0 0.648007 0.477491 0.019422 0.0473501 0.04605
0 0.14963 0.369679 0.286811 0.363365 0.0458644
0 0.885192 0.449104 0.159481 0.141298 0.0456552
0 0.107395 0.455672 0.0203486 0.0456716 0.0443239
0 0.68 0.479334 0.0422316 0.0564731 0.0442829
0 0.921969 0.433841 0.0504198 0.038053 0.0435451
0 0.0570518 0.0737527 0.0512806 0.0357812 0.0428486
0 0.743339 0.167302 0.371842 0.302267 0.0427727
0 0.512335 0.457922 0.0589258 0.0726938 0.0426593
0 0.325597 0.475914 0.0276301 0.0449825 0.0426432
0 0.932052 0.425403 0.031801 0.0282308 0.0422664
0 0.700614 0.50175 0.0530291 0.0586346 0.0416004
0 0.255314 0.499265 0.0199966 0.0307865 0.0407772
0 0.060759 0.05879 0.0646732 0.0658052 0.0403031
0 0.0277859 0.0659098 0.0442342 0.0580317 0.0401874
0 0.14453 0.495829 0.0370944 0.0643406 0.0399059
0 0.994718 0.513001 0.011755 0.0532485 0.0394256
0 0.295082 0.675645 0.0182244 0.0549813 0.0388207
0 0.639504 0.505501 0.0900953 0.171539 0.0387641
0 0.361193 0.661793 0.141714 0.116058 0.0382032
0 0.306065 0.424279 0.0782554 0.123931 0.0382003
0 0.0616202 0.0798971 0.0453534 0.0254641 0.0380744
0 0.150694 0.491428 0.0524959 0.0767512 0.037886
0 0.27975 0.50785 0.0506289 0.0717691 0.0378248
0 0.45781 0.311073 0.293827 0.192139 0.0376613
0 0.107048 0.439573 0.0275229 0.0855325 0.0375211
0 0.501569 0.30918 0.223653 0.138689 0.0374632
0 0.815685 0.46773 0.0185997 0.0287418 0.0372976
0 0.184464 0.420125 0.195406 0.206838 0.0372895
0 0.97531 0.494049 0.0528532 0.0490856 0.036679
0 0.676844 0.104651 0.517207 0.285358 0.0361134
0 0.654684 0.469025 0.0368094 0.0966626 0.0360487
0 0.0453573 0.0638907 0.0586545 0.0584118 0.0359041
0 0.0680404 0.0830464 0.0300675 0.0189414 0.0358673
0 0.512458 0.4441 0.0957697 0.115997 0.0358181
0 0.136831 0.282184 0.273226 0.405635 0.035775
0 0.168767 0.490472 0.071677 0.0823925 0.0351645
0 0.436397 0.315935 0.0571939 0.0646604 0.0348989
0 0.313866 0.50683 0.0125232 0.0291653 0.0346949
0 0.901097 0.420108 0.188612 0.20765 0.0346821
0 0.968818 0.192865 0.064613 0.326065 0.0343453
0 0.64774 0.539365 0.0654782 0.152925 0.0340108
0 0.144718 0.183422 0.288441 0.242768 0.0339082
0 0.60468 0.456288 0.129396 0.203056 0.0333164
0 0.31351 0.439505 0.0475147 0.0976061 0.0330609
0 0.855034 0.443485 0.0891192 0.136849 0.0326451
0 0.545968 0.321302 0.0547043 0.0375139 0.0324742
0 0.986826 0.45005 0.0240074 0.0570317 0.0322941
0 0.268214 0.216956 0.553025 0.296831 0.0322229
0 0.210907 0.43253 0.124478 0.123345 0.0318815
0 0.57776 0.443322 0.131277 0.159631 0.031524
0 0.404216 0.43244 0.161772 0.165777 0.0315038
0 0.612975 0.500951 0.120209 0.167678 0.0313442
0 0.49263 0.459173 0.102759 0.0965126 0.0310912
0 0.928106 0.510533 0.0278936 0.0324643 0.0310502
0 0.390493 0.326355 0.173839 0.106405 0.0309402
0 0.144253 0.0779558 0.0366043 0.0227103 0.0308864
0 0.990323 0.504889 0.0215864 0.031587 0.0306219
0 0.0664252 0.0472627 0.0802857 0.087729 0.0304993
0 0.0416533 0.0661927 0.0356544 0.0409509 0.0304597
0 0.108774 0.150596 0.208954 0.192397 0.0303112
0 0.541178 0.436801 0.112613 0.139041 0.0302917
0 0.711361 0.484655 0.0357349 0.0447689 0.0301242
0 0.0248439 0.100491 0.0528539 0.117345 0.0301181
0 0.324015 0.447696 0.0487233 0.0991831 0.0299379
0 0.435281 0.314817 0.223991 0.095483 0.0297059
0 0.463505 0.306896 0.123705 0.0773453 0.0295373
0 0.52711 0.424869 0.164348 0.154729 0.0293967
0 0.298871 0.675462 0.022812 0.0683912 0.0292363
0 0.0315827 0.0506685 0.057472 0.0947559 0.029049
0 0.208707 0.40057 0.0635094 0.0539255 0.0289007
0 0.309956 0.536479 0.0307451 0.071976 0.0288085
0 0.608479 0.581885 0.154338 0.233849 0.0286942
0 0.651669 0.448247 0.0408766 0.119818 0.0286495
0 0.703962 0.467903 0.0534201 0.0705525 0.028568
0 0.682503 0.530755 0.0334783 0.100227 0.0283084
0 0.971452 0.152231 0.0573116 0.172341 0.0281208
0 0.7063 0.522289 0.0846702 0.1208 0.0277906
0 0.812087 0.486516 0.0219275 0.0307192 0.027739
0 0.389573 0.301681 0.407365 0.266834 0.0275917
0 0.68427 0.518565 0.051247 0.0734284 0.0275349
0 0.243455 0.424167 0.0883164 0.134882 0.0274013
0 0.399122 0.315804 0.0901191 0.073999 0.0273582
0 0.275165 0.527928 0.0227172 0.0408782 0.0271545
0 0.646789 0.400662 0.0406851 0.0799883 0.0271164
0 0.725293 0.495893 0.037369 0.0453995 0.0270553
0 0.326404 0.513515 0.037875 0.0871819 0.0268256
0 0.0674851 0.497284 0.0424093 0.0836971 0.0268029
0 0.377638 0.632654 0.170118 0.160989 0.0267391
0 0.0851218 0.0791795 0.0488934 0.028774 0.0265921
0 0.682141 0.45633 0.0750626 0.0978144 0.0265645
0 0.013225 0.544223 0.0283479 0.187109 0.0264206
0 0.660509 0.321238 0.0490334 0.0500702 0.0262957
0 0.254676 0.510412 0.0217067 0.0371107 0.0262825
0 0.720481 0.501638 0.0246241 0.0328512 0.0261731
0 0.343171 0.468952 0.0680418 0.115749 0.0261414
0 0.462745 0.420287 0.173461 0.15403 0.0260779
0 0.110993 0.0773322 0.0513876 0.0275328 0.0260165
0 0.333976 0.426835 0.114441 0.169215 0.025943
0 0.643383 0.364448 0.0266781 0.0315781 0.0256222
0 0.98974 0.206763 0.0210798 0.0538604 0.025527
0 0.688368 0.547388 0.0689394 0.110581 0.0253054
0 0.471587 0.444511 0.128902 0.114742 0.0251505
0 0.210201 0.544764 0.0347088 0.0516825 0.0250985
0 0.645706 0.431588 0.0333823 0.0939722 0.0249996
0 0.121899 0.0405756 0.180131 0.119662 0.0249361
0 0.625099 0.61536 0.120945 0.18281 0.0248478
0 0.829758 0.488734 0.0350861 0.0406026 0.0247292
0 0.0817933 0.496463 0.067526 0.0936537 0.024696
0 0.62957 0.425231 0.0957564 0.19367 0.0245661
0 0.115236 0.0766565 0.0364071 0.0228646 0.0245498
0 0.0461741 0.0511885 0.0708541 0.0856651 0.0244928
0 0.962424 0.666195 0.0709429 0.116549 0.0243783
0 0.8678 0.426264 0.0911009 0.0896639 0.0242816
0 0.290319 0.386376 0.0300909 0.0458387 0.0242007
0 0.385085 0.363404 0.15278 0.157934 0.0240947
0 0.372368 0.309638 0.133368 0.0693264 0.0240829
0 0.180329 0.38072 0.05333 0.0452787 0.0239879
0 0.043858 0.34534 0.0911204 0.0815311 0.0239843
0 0.929659 0.413241 0.0383924 0.0381864 0.0237713
0 0.831062 0.433538 0.0562242 0.111838 0.0237322
0 0.985468 0.193221 0.0297428 0.0873302 0.0236323
0 0.966422 0.112808 0.0684732 0.23567 0.0236256
0 0.219673 0.537094 0.0748576 0.110573 0.0236054
0 0.225444 0.540402 0.0458859 0.0550134 0.0235831
0 0.498184 0.481925 0.0955268 0.0910227 0.0234191
0 0.0234885 0.539925 0.0415965 0.160343 0.0233779
0 0.947902 0.668434 0.049618 0.098039 0.0232286
0 0.954004 0.489304 0.0780777 0.0449072 0.0231544
0 0.916061 0.411965 0.0682718 0.0593089 0.0231015
0 0.602904 0.405451 0.0659362 0.0963247 0.0230841
0 0.122414 0.344304 0.0678161 0.07112 0.0230368
0 0.487388 0.0403852 0.152753 0.117306 0.0230197
0 0.118567 0.247537 0.0701609 0.0491615 0.0229221
0 0.971994 0.18968 0.0554556 0.0973739 0.0228935
0 0.234806 0.519972 0.0463532 0.0754762 0.0227583
0 0.957026 0.411758 0.0526714 0.0514133 0.0226871
0 0.53476 0.471905 0.0287817 0.0436351 0.0226617
0 0.328705 0.42064 0.0514682 0.121789 0.0226213
0 0.71818 0.480482 0.0321392 0.043477 0.0225656
0 0.641572 0.398743 0.0301771 0.0600793 0.0224368
0 0.426767 0.331328 0.158472 0.11277 0.0223745
0 0.317321 0.494925 0.0145661 0.0344499 0.0222919
0 0.527509 0.320627 0.101706 0.0501804 0.0222572
0 0.232531 0.340167 0.0636761 0.0824223 0.0222338
0 0.82629 0.438971 0.0399754 0.0793307 0.0221917
0 0.389801 0.321244 0.0628856 0.0570788 0.0221717
0 0.0817156 0.189485 0.159068 0.228404 0.0221593
0 0.969473 0.192482 0.0467897 0.0681864 0.0221549
0 0.135461 0.405075 0.0788936 0.111416 0.0220868
0 0.961913 0.412619 0.0728621 0.206695 0.0220351
0 0.637967 0.488759 0.056144 0.130648 0.0219223
0 0.652527 0.360255 0.0390081 0.0440002 0.0219122
0 0.631892 0.465274 0.0532274 0.114992 0.021835
0 0.467996 0.468548 0.0477434 0.0524589 0.0218312
0 0.673853 0.440468 0.0683002 0.107407 0.0216034
0 0.194088 0.533384 0.0973752 0.13247 0.0215799
0 0.369454 0.0425237 0.187983 0.120366 0.0215559
0 0.652682 0.416524 0.0518498 0.109747 0.021521
0 0.974397 -0.0110986 0.0491701 0.048148 0.0215024
0 0.0488651 0.259914 0.0982692 0.364552 0.0214387
0 0.193679 0.387918 0.0592956 0.0609698 0.0211465
0 0.490396 0.387478 0.15959 0.140854 0.0211295
0 0.208237 0.290988 0.020111 0.0218129 0.0210738
0 0.994694 0.541927 0.0119415 0.10147 0.0209455
0 0.32966 0.350415 0.0536698 0.0766858 0.020903
0 0.30274 0.392721 0.043697 0.0714739 0.0208595
0 0.66126 0.332165 0.0428087 0.0440668 0.0208517
0 0.4302 0.395358 0.140131 0.123796 0.0207382
0 0.165384 0.359222 0.0322518 0.0351655 0.0207138
0 0.45625 0.468143 0.0315331 0.0410026 0.0206775
0 0.170225 0.38393 0.0498708 0.0412686 0.0206686
0 0.407124 0.648623 0.146807 0.107466 0.0205567
0 0.649761 0.566087 0.0752473 0.222157 0.0205379
0 0.231037 0.428284 0.088773 0.101299 0.0205318
0 0.330638 0.323608 0.0513136 0.0495633 0.0204571
0 0.0807419 0.0607398 0.0853113 0.0665413 0.0203814
0 0.937861 0.188326 0.125474 0.369131 0.0202785
0 0.660705 0.409773 0.0995405 0.192008 0.0202389
0 0.988093 0.974726 0.0239311 0.0671692 0.0202018
0 0.05955 0.769063 0.101535 0.123611 0.0201885
0 0.296473 0.4049 0.0816196 0.110424 0.0201672
0 0.976028 0.374804 0.0520079 0.15085 0.0200894
0 0.98171 0.172212 0.0373718 0.13222 0.0199975
0 0.981777 0.53106 0.0303457 0.0608511 0.0199767
0 0.191899 0.366907 0.0351621 0.0367771 0.0198385
0 0.00483191 0.756612 0.0103638 0.052032 0.0198305
0 0.891383 0.18032 0.181392 0.331947 0.0197855
0 0.338801 0.391439 0.0694676 0.113168 0.0197678
0 0.988613 0.222024 0.0228771 0.0592954 0.0195998
0 0.616018 0.410685 0.0701471 0.147139 0.0194651
0 0.989225 0.997329 0.0219078 0.062664 0.0194639
0 0.602927 0.363802 0.0541276 0.0524921 0.0194273
