0 0.513012 0.511708 0.0989769 0.182825 0.905514
0 0.388901 0.454412 0.0477859 0.0736965 0.872497
0 0.458253 0.464321 0.0629293 0.0952707 0.733677
0 0.350769 0.454352 0.0233254 0.0592332 0.728854
0 0.468118 0.479562 0.0548068 0.097111 0.72527
0 0.427287 0.457925 0.0203494 0.0547501 0.708785
0 0.3339 0.459195 0.0297184 0.0710041 0.626936
0 0.269604 0.463284 0.0867369 0.130106 0.626784
0 0.31135 0.459023 0.0362634 0.097752 0.568121
0 0.249343 0.478302 0.0625105 0.13522 0.508987
0 0.0865163 0.407514 0.173033 0.791424 0.508003
0 0.207473 0.505898 0.0959793 0.233662 0.477998
0 0.358636 0.453419 0.0159461 0.0510078 0.419147
0 0.16541 0.503219 0.184671 0.243227 0.355393
0 0.361706 0.45479 0.0140714 0.0447864 0.35301
0 0.41556 0.458514 0.0122985 0.0341673 0.328779
0 0.285927 0.466238 0.0546142 0.119716 0.280379
0 0.415065 0.45216 0.0151592 0.0454694 0.276488
0 0.0793693 0.613132 0.158659 0.345115 0.26755
0 0.44986 0.465564 0.0428581 0.0836537 0.254235
0 0.415316 0.44982 0.0119262 0.028136 0.254149
0 0.421277 0.459551 0.0151883 0.0424857 0.229731
0 0.363556 0.450262 0.0120197 0.0327734 0.225103
0 0.411347 0.453996 0.0120463 0.0294859 0.222652
0 0.365474 0.45663 0.0116465 0.0339005 0.217637
0 0.354696 0.456733 0.0143686 0.0386286 0.209301
0 0.402544 0.45495 0.0123081 0.025795 0.200838
0 0.364544 0.445166 0.0105601 0.0255072 0.196453
0 0.228414 0.487026 0.0771908 0.170474 0.185413
0 0.360433 0.457016 0.0124432 0.031935 0.184922
0 0.0386462 0.555716 0.0768222 0.365703 0.165675
0 0.330863 0.46085 0.0185483 0.0678815 0.152811
0 0.260561 0.487038 0.0379956 0.113334 0.137984
0 0.25051 0.418048 0.0508835 0.0408398 0.136771
0 0.480667 0.48364 0.0539863 0.104446 0.130904
0 0.0842605 0.531531 0.168521 0.344476 0.130572
0 0.431162 0.455334 0.0175004 0.0391182 0.118476
0 0.435162 0.466187 0.0225527 0.0701746 0.108577
0 0.263567 0.440532 0.075648 0.0809742 0.108245
0 0.247907 0.411122 0.0450924 0.0302258 0.105683
0 0.086374 0.437273 0.172748 0.402501 0.104799
0 0.340756 0.448191 0.0163055 0.0371931 0.0951081
0 0.145399 0.533533 0.219661 0.346989 0.0927225
0 0.33566 0.464118 0.0176225 0.0545648 0.0923032
0 0.5625 0.483169 0 0.129907 0.0792892
0 0.0438674 0.445886 0.0857326 0.328199 0.0791046
0 0.222322 0.470163 0.0574099 0.127765 0.0747922
0 0.0368481 0.478649 0.0730985 0.171847 0.0734935
0 0.464007 0.442995 0.05926 0.0541464 0.0720771
0 0.200139 0.476772 0.0720465 0.17131 0.071888
0 0.321248 0.461569 0.0211886 0.0506635 0.0715223
0 0.780201 0.502174 0.0582354 0.0763729 0.069885
0 0.368742 0.460615 0.0148238 0.0357591 0.0694579
0 0.033989 0.638877 0.0673716 0.313405 0.0665919
0 0.984938 0.525992 0.0309399 0.122563 0.0664642
0 0.0152935 0.50768 0.0304283 0.0943375 0.0650555
0 0.497769 0.495804 0.0626619 0.136862 0.0641411
0 0.437617 0.450348 0.0146295 0.0325303 0.063898
0 0.231297 0.510931 0.0533385 0.143835 0.0619173
0 0.191773 0.457133 0.054258 0.132543 0.0611156
0 0.235305 0.45504 0.0522257 0.0913888 0.0584537
0 0.979395 0.529952 0.0420225 0.174935 0.0584377
0 0.196092 0.541093 0.0891119 0.17451 0.0574378
0 0.619019 0.489534 0.0169786 0.0403607 0.0567048
0 0.775196 0.460233 0.0436889 0.0742825 0.0563125
0 0.136916 0.387582 0.175205 0.50238 0.0538833
0 0.187116 0.516326 0.0659844 0.18649 0.0527678
0 0.0194081 0.490654 0.0382784 0.135508 0.0517149
0 0.494794 0.466597 0.0542891 0.0856717 0.0507807
0 0.359483 0.431092 0.0131486 0.0206576 0.0500609
0 0.413983 0.432152 0.0130271 0.0187778 0.049613
0 0.507106 0.460376 0.0525634 0.0720126 0.0488697
0 0.0320046 0.570873 0.0632259 0.228724 0.0469187
0 0.527316 0.459797 0.0851469 0.0738892 0.0466197
0 0.765908 0.5029 0.0438364 0.0725143 0.0463007
0 0.0179839 0.529331 0.03642 0.122609 0.0457312
0 0.98037 0.569831 0.0394691 0.175911 0.0441196
0 0.0250764 0.511041 0.0499709 0.127706 0.043712
0 0.52092 0.47974 0.108208 0.114525 0.043642
0 0.758489 0.504164 0.0675514 0.0888714 0.0433558
0 0.927795 0.370135 0.144709 0.510728 0.0429617
0 0.965874 0.549336 0.0690327 0.197286 0.042892
0 0.349261 0.434922 0.0151497 0.023912 0.0417818
0 0.36704 0.431768 0.0127028 0.0193793 0.0417511
0 0.021218 0.558909 0.0427661 0.191584 0.0417392
0 0.184659 0.429397 0.0391219 0.0853979 0.0415928
0 0.966357 0.47046 0.0645683 0.280676 0.0413178
0 0.791454 0.505974 0.0389471 0.0629517 0.0407179
0 0.53512 0.447715 0.0621732 0.0513743 0.0406502
0 0.502569 0.437956 0.027097 0.0347802 0.0404707
0 0.217011 0.453587 0.0794003 0.151358 0.039388
0 0.109205 0.594823 0.0951753 0.159986 0.0386227
0 0.547658 0.475104 0.111154 0.103973 0.0385936
0 0.525035 0.405165 0.0380702 0.0389389 0.0383021
0 0.238753 0.434585 0.0384299 0.0540669 0.0379611
0 0.588003 0.481325 0.0503654 0.0845278 0.0376743
0 0.551865 0.45143 0.0932236 0.0606962 0.0371126
0 0.784232 0.437889 0.0701163 0.214857 0.0368566
0 0.619069 0.473941 0.0161725 0.0589544 0.0367619
0 0.0231491 0.447609 0.0455431 0.115622 0.0366901
0 0.406733 0.431537 0.0112568 0.0180689 0.0364755
0 0.0380941 0.411094 0.0695038 0.136994 0.0360612
0 0.164422 0.514099 0.105794 0.197333 0.035893
0 0.362591 0.434015 0.0122237 0.0205419 0.0356541
0 0.602467 0.157427 0.138446 0.294145 0.0355742
0 0.778638 0.452804 0.0641094 0.136101 0.0354354
0 0.246005 0.408043 0.0359127 0.0225082 0.0353636
0 0.121402 0.463746 0.113658 0.18059 0.0348149
0 0.480793 0.430374 0.0254677 0.0233221 0.0341158
0 0.515764 0.422964 0.0278468 0.0247431 0.0340095
0 0.166341 0.465018 0.103336 0.198536 0.0334611
0 0.482642 0.505967 0.043087 0.144923 0.0331952
0 0.617262 0.499754 0.0217874 0.0534038 0.0330742
0 0.5612 0.687952 0.122333 0.185918 0.0329571
0 0.0419108 0.510458 0.0884054 0.141261 0.0328903
0 0.940761 0.467937 0.12028 0.282764 0.0327625
0 0.930568 0.524709 0.14454 0.210348 0.0323822
0 0.224206 0.532874 0.0588792 0.132105 0.0323577
0 0.802351 0.487743 0.112819 0.142225 0.0320527
0 0.523487 0.419611 0.0338696 0.0278748 0.0319458
0 0.615676 0.464616 0.0171834 0.0551622 0.0318641
0 0.30742 0.428384 0.0193297 0.0365309 0.0315176
0 0.442956 0.412634 0.0377022 0.0672153 0.0314498
0 0.135168 0.59712 0.11749 0.189896 0.0309059
0 0.0560689 0.455094 0.117098 0.166282 0.0309057
0 0.495024 0.443246 0.0215516 0.0364292 0.0308495
0 0.624826 0.492762 0.0272965 0.0525007 0.0307972
0 0.317668 0.432109 0.0175055 0.0349494 0.0307513
0 0.183638 0.412867 0.0368952 0.0543216 0.0302766
0 0.63152 0.48807 0.0361773 0.053673 0.0299594
0 0.223541 0.266381 0.123346 0.332026 0.029943
0 0.749608 0.50511 0.0498291 0.0715925 0.0299373
0 0.56026 0.405731 0.024233 0.0351796 0.0298827
0 0.183194 0.367971 0.0363998 0.0782911 0.0295215
0 0.144241 0.445527 0.130884 0.159789 0.0293265
0 0.454298 0.481464 0.0258915 0.0803164 0.0292286
0 0.109215 0.508586 0.125209 0.214777 0.0292163
0 0.439164 0.474997 0.0169634 0.0577115 0.0290747
0 0.424539 0.464309 0.0149688 0.0385377 0.0289709
0 0.735726 0.507541 0.0292341 0.0527112 0.0289589
0 0.329251 0.434442 0.0165236 0.0289045 0.0285201
0 0.612366 0.70575 0.131412 0.214145 0.0281488
0 0.967973 0.498531 0.060922 0.17525 0.0279575
0 0.696978 0.489678 0.0875942 0.107304 0.0277305
0 0.565002 0.408435 0.0314214 0.0428221 0.0277293
0 0.278142 0.505343 0.0863926 0.173093 0.0277253
0 0.18638 0.569608 0.0745253 0.114615 0.0276064
0 0.63914 0.116799 0.203471 0.243312 0.0275369
0 0.561977 0.575376 0.131781 0.202442 0.0275301
0 0.961511 0.526863 0.0711412 0.11844 0.0273278
0 0.102086 0.466859 0.10513 0.139381 0.0272346
0 0.0597074 0.519713 0.127627 0.172866 0.0271936
0 0.173225 0.544297 0.0638841 0.140641 0.0270806
0 0.506797 0.423456 0.0212589 0.0245967 0.0267426
0 0.784687 0.383525 0.0539189 0.0728538 0.0264826
0 0.793997 0.406908 0.104024 0.262192 0.0261741
0 0.109802 0.594548 0.170449 0.270997 0.0260993
0 0.1303 0.558821 0.104744 0.175917 0.0260072
0 0.915359 0.527786 0.112674 0.149548 0.0258397
0 0.983093 0.283279 0.0307316 0.0935999 0.0258077
0 0.054762 0.429688 0.0923776 0.105817 0.0257608
0 0.76036 0.491856 0.0887467 0.11376 0.0256878
0 0.0615149 0.675758 0.10849 0.242691 0.0252886
0 0.132515 0.420685 0.087009 0.0972052 0.0250106
0 0.538046 0.403961 0.0425559 0.0407571 0.0249709
0 0.286008 0.443263 0.0846623 0.144552 0.0249451
0 0.472847 0.423132 0.0242559 0.0212673 0.0247281
0 0.880718 0.179708 0.215511 0.320675 0.0245519
0 0.691906 0.373119 0.0434546 0.0571195 0.0245506
0 0.105943 0.373037 0.113026 0.3564 0.0245348
0 0.105352 0.447019 0.0796566 0.0953697 0.0243989
0 0.381798 0.369435 0.0209678 0.024816 0.0242194
0 0.319301 0.493725 0.0408683 0.114846 0.024094
0 0.111495 0.428298 0.0891261 0.0974624 0.0239024
0 0.955092 0.591431 0.0896549 0.170388 0.0236773
0 0.819364 0.195772 0.0563789 0.060089 0.0236403
0 0.914766 0.622322 0.120063 0.121343 0.023383
0 0.5011 0.523105 0.0830603 0.12289 0.0233216
0 0.784771 0.415451 0.0523871 0.128987 0.0233104
0 0.614193 0.518769 0.0239067 0.065991 0.0230182
0 0.511599 0.677181 0.0685913 0.0985505 0.0229993
0 0.618203 0.470961 0.0514511 0.102576 0.0227146
0 0.973332 0.590695 0.0513189 0.166496 0.0226905
0 0.924052 0.737019 0.151763 0.300976 0.0225685
0 0.136275 0.410086 0.0674237 0.0688336 0.0225503
0 0.911132 0.492409 0.0977331 0.183064 0.0225285
0 0.0823888 0.699228 0.155615 0.37153 0.0222019
0 0.91142 0.573888 0.107911 0.11911 0.0220761
0 0.829915 0.168934 0.221693 0.244057 0.0219596
0 0.732665 0.511279 0.0446171 0.0691541 0.0218849
0 0.524456 0.394537 0.0822127 0.123239 0.021833
0 0.908274 0.484108 0.0213043 0.041826 0.0218175
0 0.424821 0.430521 0.0157083 0.0194906 0.0217471
0 0.57716 0.49511 0.0726064 0.146946 0.0217449
0 0.617072 0.459043 0.0300025 0.0728769 0.021712
0 0.0570885 0.491629 0.0995331 0.112191 0.0217096
0 0.856505 0.243343 0.0412132 0.0561615 0.0211998
0 0.286244 0.413586 0.0385634 0.0581223 0.0210637
0 0.4405 0.426341 0.0189179 0.02037 0.0210252
0 0.802781 0.498348 0.0822329 0.115579 0.0209167
0 0.57049 0.410657 0.0415813 0.0531409 0.0208944
0 0.927385 0.414127 0.115561 0.337184 0.0207974
0 0.15204 0.41374 0.0785014 0.0707027 0.0207608
0 0.694554 0.416734 0.0357147 0.0585963 0.0203945
0 0.0146106 0.606319 0.0276486 0.162402 0.0203877
0 0.574205 0.444953 0.0448495 0.0521056 0.0203196
0 0.531182 0.416731 0.0530183 0.0666711 0.0202879
0 0.677624 0.50121 0.110867 0.105271 0.0202694
0 0.587148 0.455013 0.0391244 0.0589933 0.0202364
0 0.90474 0.311774 0.0496323 0.0600745 0.0201497
0 0.106787 0.410459 0.0766438 0.0878829 0.0200066
0 0.86492 0.0816962 0.038463 0.0509348 0.0199459
0 0.975365 0.100875 0.0476143 0.140072 0.0199298
0 0.788233 0.376021 0.0390814 0.0516159 0.0198502
0 0.0394438 0.333626 0.0760494 0.344977 0.0196873
0 0.6852 0.402865 0.0595263 0.120688 0.0195949
0 0.408604 0.398612 0.0146069 0.0207208 0.019492
0 0.391228 0.387369 0.0181944 0.02088 0.0194914
0 0.0289251 0.681066 0.053768 0.230325 0.0194662
0 0.480001 0.420755 0.0203979 0.0221672 0.0194326
0 0.691338 0.410886 0.0428721 0.0873323 0.0194143
0 0.0549525 0.580368 0.106033 0.17588 0.0193957
0 0.0821147 0.485838 0.12544 0.140404 0.0193824
0 0.212146 0.426153 0.0480978 0.065367 0.0193394
0 0.0330774 0.0406975 0.0742124 0.11466 0.0193325
0 0.286137 0.478855 0.0394524 0.101375 0.0193231
0 0.985381 0.0468677 0.029026 0.038679 0.0192692
0 0.685058 0.080992 0.0817074 0.140631 0.0191442
0 0.984 0.470016 0.0329227 0.145382 0.0190847
0 0.219644 0.355562 0.0529722 0.0878119 0.0190221
0 0.177238 0.387522 0.0252268 0.0379914 0.019015
0 0.195442 0.362079 0.0524854 0.0964318 0.0190063
0 0.189704 0.174289 0.191895 0.313675 0.0189955
0 0.680382 0.0578955 0.0713584 0.0957668 0.0189265
0 0.732184 0.487 0.0749663 0.107606 0.0189128
0 0.958857 0.64514 0.0770041 0.190568 0.0188524
0 0.772322 0.514406 0.0708062 0.0986379 0.0187941
0 0.554208 0.529731 0.115206 0.134105 0.018729
0 0.843222 0.493168 0.0595739 0.113034 0.0186619
0 0.955155 0.720909 0.0804451 0.24181 0.0186181
0 0.181037 0.359504 0.0445709 0.113732 0.0184744
0 0.627142 0.509595 0.0344792 0.065374 0.01846
0 0.417857 0.390214 0.0161573 0.0252128 0.018459
0 0.426054 0.386537 0.0175584 0.0266 0.0184113
0 0.907415 0.455876 0.0285114 0.090993 0.0183701
0 0.79801 0.290786 0.0386211 0.0367033 0.0183161
0 0.161546 0.422876 0.117696 0.105004 0.0183139
0 0.417622 0.466898 0.0114429 0.0289802 0.0183023
0 0.282516 0.573037 0.0774467 0.160322 0.0182578
0 0.929059 0.668987 0.119171 0.172511 0.0182057
0 0.56904 0.186638 0.0644227 0.197539 0.0180772
0 0.646148 0.491974 0.0584015 0.0649256 0.0180685
0 0.558664 0.159356 0.0675098 0.171029 0.0180006
0 0.953968 0.421287 0.091259 0.402371 0.0179811
0 0.685543 0.372158 0.0552129 0.0737529 0.0179475
0 0.0176758 0.419369 0.0333369 0.107572 0.0179163
0 0.855441 0.0909073 0.0628815 0.0700284 0.0178814
0 0.240982 0.385826 0.0408385 0.0521427 0.0178591
0 0.214834 0.567092 0.0546184 0.0997381 0.0178183
0 0.982672 -0.0102467 0.0366617 0.0414751 0.0177703
0 0.0944652 0.727832 0.108449 0.12893 0.0177067
0 0.642248 0.457099 0.0295445 0.0655928 0.0176946
0 0.1775 0.355798 0.0327931 0.0773037 0.0176893
0 0.567458 0.417947 0.050464 0.075916 0.0176864
0 0.505847 0.40292 0.0259419 0.045334 0.0176746
0 0.584478 0.41882 0.0582166 0.0966364 0.0176672
0 0.71056 0.178035 0.330474 0.317394 0.017664
0 0.752834 0.46994 0.106234 0.142425 0.017623
0 0.32874 0.498698 0.029967 0.0668216 0.0176187
0 0.25207 0.542911 0.0725451 0.18579 0.0175655
0 0.870171 0.523499 0.0491987 0.094643 0.0174919
0 0.375836 0.380923 0.0163724 0.022211 0.0174762
0 0.598465 0.461293 0.0399887 0.0609825 0.0174686
0 0.718042 0.511309 0.0657954 0.0773594 0.0174345
0 0.822507 0.379687 0.146404 0.340639 0.0173654
0 0.433143 0.482427 0.016762 0.0424597 0.0173506
0 0.604441 0.389615 0.0205321 0.0440773 0.0173376
0 0.0887099 0.601863 0.107082 0.136836 0.017245
0 0.815632 0.430532 0.10352 0.200419 0.0172342
0 0.978355 0.634994 0.044593 0.21817 0.0172142
0 0.591095 0.212445 0.0965723 0.204604 0.0171105
0 0.885491 0.563362 0.0589176 0.0528019 0.0170736
0 0.0694807 0.412336 0.0956426 0.106159 0.0170392
0 0.790063 0.209238 0.0720138 0.0873822 0.0170091
0 0.35743 0.464843 0.0126877 0.0323154 0.0169977
0 0.355153 0.102402 0.0300697 0.0502766 0.016987
0 0.700758 0.462627 0.0702091 0.113001 0.016939
0 0.561258 0.214204 0.0519446 0.15255 0.0169255
0 0.581178 0.30789 0.0378132 0.0465693 0.016907
0 0.889304 0.538156 0.0723904 0.0990327 0.0169022
0 0.692933 0.440408 0.0377064 0.0522531 0.0168509
0 0.577702 0.331004 0.0261822 0.039462 0.0166405
0 0.246937 0.500616 0.0470152 0.132358 0.0165104
0 0.831051 0.294197 0.160695 0.330283 0.0164687
0 0.661603 0.482939 0.0727112 0.0805662 0.0164067
0 0.032272 0.620199 0.0617041 0.153262 0.016367
0 0.364838 0.464635 0.0109478 0.0271935 0.0163171
0 0.643153 0.54892 0.0680741 0.0983682 0.0162188
0 0.85689 0.22754 0.0407129 0.0541119 0.0161446
0 0.967145 0.616407 0.0582535 0.106433 0.0161371
0 0.513012 0.511708 0.0989769 0.182825 0.905514
0 0.388901 0.454412 0.0477859 0.0736965 0.872497
0 0.458253 0.464321 0.0629293 0.0952707 0.733677
0 0.350769 0.454352 0.0233254 0.0592332 0.728854
0 0.468118 0.479562 0.0548068 0.097111 0.72527
0 0.427287 0.457925 0.0203494 0.0547501 0.708785
0 0.3339 0.459195 0.0297184 0.0710041 0.626936
0 0.269604 0.463284 0.0867369 0.130106 0.626784
0 0.31135 0.459023 0.0362634 0.097752 0.568121
0 0.249343 0.478302 0.0625105 0.13522 0.508987
0 0.0865163 0.407514 0.173033 0.791424 0.508003
0 0.207473 0.505898 0.0959793 0.233662 0.477998
0 0.358636 0.453419 0.0159461 0.0510078 0.419147
0 0.16541 0.503219 0.184671 0.243227 0.355393
0 0.361706 0.45479 0.0140714 0.0447864 0.35301
0 0.41556 0.458514 0.0122985 0.0341673 0.328779
0 0.285927 0.466238 0.0546142 0.119716 0.280379
0 0.415065 0.45216 0.0151592 0.0454694 0.276488
0 0.0793693 0.613132 0.158659 0.345115 0.26755
0 0.44986 0.465564 0.0428581 0.0836537 0.254235
0 0.415316 0.44982 0.0119262 0.028136 0.254149
0 0.421277 0.459551 0.0151883 0.0424857 0.229731
0 0.363556 0.450262 0.0120197 0.0327734 0.225103
0 0.411347 0.453996 0.0120463 0.0294859 0.222652
0 0.365474 0.45663 0.0116465 0.0339005 0.217637
0 0.354696 0.456733 0.0143686 0.0386286 0.209301
0 0.402544 0.45495 0.0123081 0.025795 0.200838
0 0.364544 0.445166 0.0105601 0.0255072 0.196453
0 0.228414 0.487026 0.0771908 0.170474 0.185413
0 0.360433 0.457016 0.0124432 0.031935 0.184922
0 0.0386462 0.555716 0.0768222 0.365703 0.165675
0 0.330863 0.46085 0.0185483 0.0678815 0.152811
0 0.260561 0.487038 0.0379956 0.113334 0.137984
0 0.25051 0.418048 0.0508835 0.0408398 0.136771
0 0.480667 0.48364 0.0539863 0.104446 0.130904
0 0.0842605 0.531531 0.168521 0.344476 0.130572
0 0.431162 0.455334 0.0175004 0.0391182 0.118476
0 0.435162 0.466187 0.0225527 0.0701746 0.108577
0 0.263567 0.440532 0.075648 0.0809742 0.108245
0 0.247907 0.411122 0.0450924 0.0302258 0.105683
0 0.086374 0.437273 0.172748 0.402501 0.104799
0 0.340756 0.448191 0.0163055 0.0371931 0.0951081
0 0.145399 0.533533 0.219661 0.346989 0.0927225
0 0.33566 0.464118 0.0176225 0.0545648 0.0923032
0 0.5625 0.483169 0 0.129907 0.0792892
0 0.0438674 0.445886 0.0857326 0.328199 0.0791046
0 0.222322 0.470163 0.0574099 0.127765 0.0747922
0 0.0368481 0.478649 0.0730985 0.171847 0.0734935
0 0.464007 0.442995 0.05926 0.0541464 0.0720771
0 0.200139 0.476772 0.0720465 0.17131 0.071888
0 0.321248 0.461569 0.0211886 0.0506635 0.0715223
0 0.780201 0.502174 0.0582354 0.0763729 0.069885
0 0.368742 0.460615 0.0148238 0.0357591 0.0694579
0 0.033989 0.638877 0.0673716 0.313405 0.0665919
0 0.984938 0.525992 0.0309399 0.122563 0.0664642
0 0.0152935 0.50768 0.0304283 0.0943375 0.0650555
0 0.497769 0.495804 0.0626619 0.136862 0.0641411
0 0.437617 0.450348 0.0146295 0.0325303 0.063898
0 0.231297 0.510931 0.0533385 0.143835 0.0619173
0 0.191773 0.457133 0.054258 0.132543 0.0611156
0 0.235305 0.45504 0.0522257 0.0913888 0.0584537
0 0.979395 0.529952 0.0420225 0.174935 0.0584377
0 0.196092 0.541093 0.0891119 0.17451 0.0574378
0 0.619019 0.489534 0.0169786 0.0403607 0.0567048
0 0.775196 0.460233 0.0436889 0.0742825 0.0563125
0 0.136916 0.387582 0.175205 0.50238 0.0538833
0 0.187116 0.516326 0.0659844 0.18649 0.0527678
0 0.0194081 0.490654 0.0382784 0.135508 0.0517149
0 0.494794 0.466597 0.0542891 0.0856717 0.0507807
0 0.359483 0.431092 0.0131486 0.0206576 0.0500609
0 0.413983 0.432152 0.0130271 0.0187778 0.049613
0 0.507106 0.460376 0.0525634 0.0720126 0.0488697
0 0.0320046 0.570873 0.0632259 0.228724 0.0469187
0 0.527316 0.459797 0.0851469 0.0738892 0.0466197
0 0.765908 0.5029 0.0438364 0.0725143 0.0463007
0 0.0179839 0.529331 0.03642 0.122609 0.0457312
0 0.98037 0.569831 0.0394691 0.175911 0.0441196
0 0.0250764 0.511041 0.0499709 0.127706 0.043712
0 0.52092 0.47974 0.108208 0.114525 0.043642
0 0.758489 0.504164 0.0675514 0.0888714 0.0433558
0 0.927795 0.370135 0.144709 0.510728 0.0429617
0 0.965874 0.549336 0.0690327 0.197286 0.042892
0 0.349261 0.434922 0.0151497 0.023912 0.0417818
0 0.36704 0.431768 0.0127028 0.0193793 0.0417511
0 0.021218 0.558909 0.0427661 0.191584 0.0417392
0 0.184659 0.429397 0.0391219 0.0853979 0.0415928
0 0.966357 0.47046 0.0645683 0.280676 0.0413178
0 0.791454 0.505974 0.0389471 0.0629517 0.0407179
0 0.53512 0.447715 0.0621732 0.0513743 0.0406502
0 0.502569 0.437956 0.027097 0.0347802 0.0404707
0 0.217011 0.453587 0.0794003 0.151358 0.039388
0 0.109205 0.594823 0.0951753 0.159986 0.0386227
0 0.547658 0.475104 0.111154 0.103973 0.0385936
0 0.525035 0.405165 0.0380702 0.0389389 0.0383021
0 0.238753 0.434585 0.0384299 0.0540669 0.0379611
0 0.588003 0.481325 0.0503654 0.0845278 0.0376743
0 0.551865 0.45143 0.0932236 0.0606962 0.0371126
0 0.784232 0.437889 0.0701163 0.214857 0.0368566
0 0.619069 0.473941 0.0161725 0.0589544 0.0367619
0 0.0231491 0.447609 0.0455431 0.115622 0.0366901
0 0.406733 0.431537 0.0112568 0.0180689 0.0364755
0 0.0380941 0.411094 0.0695038 0.136994 0.0360612
0 0.164422 0.514099 0.105794 0.197333 0.035893
0 0.362591 0.434015 0.0122237 0.0205419 0.0356541
0 0.602467 0.157427 0.138446 0.294145 0.0355742
0 0.778638 0.452804 0.0641094 0.136101 0.0354354
0 0.246005 0.408043 0.0359127 0.0225082 0.0353636
0 0.121402 0.463746 0.113658 0.18059 0.0348149
0 0.480793 0.430374 0.0254677 0.0233221 0.0341158
0 0.515764 0.422964 0.0278468 0.0247431 0.0340095
0 0.166341 0.465018 0.103336 0.198536 0.0334611
0 0.482642 0.505967 0.043087 0.144923 0.0331952
0 0.617262 0.499754 0.0217874 0.0534038 0.0330742
0 0.5612 0.687952 0.122333 0.185918 0.0329571
0 0.0419108 0.510458 0.0884054 0.141261 0.0328903
0 0.940761 0.467937 0.12028 0.282764 0.0327625
0 0.930568 0.524709 0.14454 0.210348 0.0323822
0 0.224206 0.532874 0.0588792 0.132105 0.0323577
0 0.802351 0.487743 0.112819 0.142225 0.0320527
0 0.523487 0.419611 0.0338696 0.0278748 0.0319458
0 0.615676 0.464616 0.0171834 0.0551622 0.0318641
0 0.30742 0.428384 0.0193297 0.0365309 0.0315176
0 0.442956 0.412634 0.0377022 0.0672153 0.0314498
0 0.135168 0.59712 0.11749 0.189896 0.0309059
0 0.0560689 0.455094 0.117098 0.166282 0.0309057
0 0.495024 0.443246 0.0215516 0.0364292 0.0308495
0 0.624826 0.492762 0.0272965 0.0525007 0.0307972
0 0.317668 0.432109 0.0175055 0.0349494 0.0307513
0 0.183638 0.412867 0.0368952 0.0543216 0.0302766
0 0.63152 0.48807 0.0361773 0.053673 0.0299594
0 0.223541 0.266381 0.123346 0.332026 0.029943
0 0.749608 0.50511 0.0498291 0.0715925 0.0299373
0 0.56026 0.405731 0.024233 0.0351796 0.0298827
0 0.183194 0.367971 0.0363998 0.0782911 0.0295215
0 0.144241 0.445527 0.130884 0.159789 0.0293265
0 0.454298 0.481464 0.0258915 0.0803164 0.0292286
0 0.109215 0.508586 0.125209 0.214777 0.0292163
0 0.439164 0.474997 0.0169634 0.0577115 0.0290747
0 0.424539 0.464309 0.0149688 0.0385377 0.0289709
0 0.735726 0.507541 0.0292341 0.0527112 0.0289589
0 0.329251 0.434442 0.0165236 0.0289045 0.0285201
0 0.612366 0.70575 0.131412 0.214145 0.0281488
0 0.967973 0.498531 0.060922 0.17525 0.0279575
0 0.696978 0.489678 0.0875942 0.107304 0.0277305
0 0.565002 0.408435 0.0314214 0.0428221 0.0277293
0 0.278142 0.505343 0.0863926 0.173093 0.0277253
0 0.18638 0.569608 0.0745253 0.114615 0.0276064
0 0.63914 0.116799 0.203471 0.243312 0.0275369
0 0.561977 0.575376 0.131781 0.202442 0.0275301
0 0.961511 0.526863 0.0711412 0.11844 0.0273278
0 0.102086 0.466859 0.10513 0.139381 0.0272346
0 0.0597074 0.519713 0.127627 0.172866 0.0271936
0 0.173225 0.544297 0.0638841 0.140641 0.0270806
0 0.506797 0.423456 0.0212589 0.0245967 0.0267426
0 0.784687 0.383525 0.0539189 0.0728538 0.0264826
0 0.793997 0.406908 0.104024 0.262192 0.0261741
0 0.109802 0.594548 0.170449 0.270997 0.0260993
0 0.1303 0.558821 0.104744 0.175917 0.0260072
0 0.915359 0.527786 0.112674 0.149548 0.0258397
0 0.983093 0.283279 0.0307316 0.0935999 0.0258077
0 0.054762 0.429688 0.0923776 0.105817 0.0257608
0 0.76036 0.491856 0.0887467 0.11376 0.0256878
0 0.0615149 0.675758 0.10849 0.242691 0.0252886
0 0.132515 0.420685 0.087009 0.0972052 0.0250106
0 0.538046 0.403961 0.0425559 0.0407571 0.0249709
0 0.286008 0.443263 0.0846623 0.144552 0.0249451
0 0.472847 0.423132 0.0242559 0.0212673 0.0247281
0 0.880718 0.179708 0.215511 0.320675 0.0245519
0 0.691906 0.373119 0.0434546 0.0571195 0.0245506
0 0.105943 0.373037 0.113026 0.3564 0.0245348
0 0.105352 0.447019 0.0796566 0.0953697 0.0243989
0 0.381798 0.369435 0.0209678 0.024816 0.0242194
0 0.319301 0.493725 0.0408683 0.114846 0.024094
0 0.111495 0.428298 0.0891261 0.0974624 0.0239024
0 0.955092 0.591431 0.0896549 0.170388 0.0236773
0 0.819364 0.195772 0.0563789 0.060089 0.0236403
0 0.914766 0.622322 0.120063 0.121343 0.023383
0 0.5011 0.523105 0.0830603 0.12289 0.0233216
0 0.784771 0.415451 0.0523871 0.128987 0.0233104
0 0.614193 0.518769 0.0239067 0.065991 0.0230182
0 0.511599 0.677181 0.0685913 0.0985505 0.0229993
0 0.618203 0.470961 0.0514511 0.102576 0.0227146
0 0.973332 0.590695 0.0513189 0.166496 0.0226905
0 0.924052 0.737019 0.151763 0.300976 0.0225685
0 0.136275 0.410086 0.0674237 0.0688336 0.0225503
0 0.911132 0.492409 0.0977331 0.183064 0.0225285
0 0.0823888 0.699228 0.155615 0.37153 0.0222019
0 0.91142 0.573888 0.107911 0.11911 0.0220761
0 0.829915 0.168934 0.221693 0.244057 0.0219596
0 0.732665 0.511279 0.0446171 0.0691541 0.0218849
0 0.524456 0.394537 0.0822127 0.123239 0.021833
0 0.908274 0.484108 0.0213043 0.041826 0.0218175
0 0.424821 0.430521 0.0157083 0.0194906 0.0217471
0 0.57716 0.49511 0.0726064 0.146946 0.0217449
0 0.617072 0.459043 0.0300025 0.0728769 0.021712
0 0.0570885 0.491629 0.0995331 0.112191 0.0217096
0 0.856505 0.243343 0.0412132 0.0561615 0.0211998
0 0.286244 0.413586 0.0385634 0.0581223 0.0210637
0 0.4405 0.426341 0.0189179 0.02037 0.0210252
0 0.802781 0.498348 0.0822329 0.115579 0.0209167
0 0.57049 0.410657 0.0415813 0.0531409 0.0208944
0 0.927385 0.414127 0.115561 0.337184 0.0207974
0 0.15204 0.41374 0.0785014 0.0707027 0.0207608
0 0.694554 0.416734 0.0357147 0.0585963 0.0203945
0 0.0146106 0.606319 0.0276486 0.162402 0.0203877
0 0.574205 0.444953 0.0448495 0.0521056 0.0203196
0 0.531182 0.416731 0.0530183 0.0666711 0.0202879
0 0.677624 0.50121 0.110867 0.105271 0.0202694
0 0.587148 0.455013 0.0391244 0.0589933 0.0202364
0 0.90474 0.311774 0.0496323 0.0600745 0.0201497
0 0.106787 0.410459 0.0766438 0.0878829 0.0200066
0 0.86492 0.0816962 0.038463 0.0509348 0.0199459
0 0.975365 0.100875 0.0476143 0.140072 0.0199298
0 0.788233 0.376021 0.0390814 0.0516159 0.0198502
0 0.0394438 0.333626 0.0760494 0.344977 0.0196873
0 0.6852 0.402865 0.0595263 0.120688 0.0195949
0 0.408604 0.398612 0.0146069 0.0207208 0.019492
0 0.391228 0.387369 0.0181944 0.02088 0.0194914
0 0.0289251 0.681066 0.053768 0.230325 0.0194662
0 0.480001 0.420755 0.0203979 0.0221672 0.0194326
0 0.691338 0.410886 0.0428721 0.0873323 0.0194143
0 0.0549525 0.580368 0.106033 0.17588 0.0193957
0 0.0821147 0.485838 0.12544 0.140404 0.0193824
0 0.212146 0.426153 0.0480978 0.065367 0.0193394
0 0.0330774 0.0406975 0.0742124 0.11466 0.0193325
0 0.286137 0.478855 0.0394524 0.101375 0.0193231
0 0.985381 0.0468677 0.029026 0.038679 0.0192692
0 0.685058 0.080992 0.0817074 0.140631 0.0191442
0 0.984 0.470016 0.0329227 0.145382 0.0190847
0 0.219644 0.355562 0.0529722 0.0878119 0.0190221
0 0.177238 0.387522 0.0252268 0.0379914 0.019015
0 0.195442 0.362079 0.0524854 0.0964318 0.0190063
0 0.189704 0.174289 0.191895 0.313675 0.0189955
0 0.680382 0.0578955 0.0713584 0.0957668 0.0189265
0 0.732184 0.487 0.0749663 0.107606 0.0189128
0 0.958857 0.64514 0.0770041 0.190568 0.0188524
0 0.772322 0.514406 0.0708062 0.0986379 0.0187941
0 0.554208 0.529731 0.115206 0.134105 0.018729
0 0.843222 0.493168 0.0595739 0.113034 0.0186619
0 0.955155 0.720909 0.0804451 0.24181 0.0186181
0 0.181037 0.359504 0.0445709 0.113732 0.0184744
0 0.627142 0.509595 0.0344792 0.065374 0.01846
0 0.417857 0.390214 0.0161573 0.0252128 0.018459
0 0.426054 0.386537 0.0175584 0.0266 0.0184113
0 0.907415 0.455876 0.0285114 0.090993 0.0183701
0 0.79801 0.290786 0.0386211 0.0367033 0.0183161
0 0.161546 0.422876 0.117696 0.105004 0.0183139
0 0.417622 0.466898 0.0114429 0.0289802 0.0183023
0 0.282516 0.573037 0.0774467 0.160322 0.0182578
0 0.929059 0.668987 0.119171 0.172511 0.0182057
0 0.56904 0.186638 0.0644227 0.197539 0.0180772
0 0.646148 0.491974 0.0584015 0.0649256 0.0180685
0 0.558664 0.159356 0.0675098 0.171029 0.0180006
0 0.953968 0.421287 0.091259 0.402371 0.0179811
0 0.685543 0.372158 0.0552129 0.0737529 0.0179475
0 0.0176758 0.419369 0.0333369 0.107572 0.0179163
0 0.855441 0.0909073 0.0628815 0.0700284 0.0178814
0 0.240982 0.385826 0.0408385 0.0521427 0.0178591
0 0.214834 0.567092 0.0546184 0.0997381 0.0178183
0 0.982672 -0.0102467 0.0366617 0.0414751 0.0177703
0 0.0944652 0.727832 0.108449 0.12893 0.0177067
0 0.642248 0.457099 0.0295445 0.0655928 0.0176946
0 0.1775 0.355798 0.0327931 0.0773037 0.0176893
0 0.567458 0.417947 0.050464 0.075916 0.0176864
0 0.505847 0.40292 0.0259419 0.045334 0.0176746
0 0.584478 0.41882 0.0582166 0.0966364 0.0176672
0 0.71056 0.178035 0.330474 0.317394 0.017664
0 0.752834 0.46994 0.106234 0.142425 0.017623
0 0.32874 0.498698 0.029967 0.0668216 0.0176187
0 0.25207 0.542911 0.0725451 0.18579 0.0175655
0 0.870171 0.523499 0.0491987 0.094643 0.0174919
0 0.375836 0.380923 0.0163724 0.022211 0.0174762
0 0.598465 0.461293 0.0399887 0.0609825 0.0174686
0 0.718042 0.511309 0.0657954 0.0773594 0.0174345
0 0.822507 0.379687 0.146404 0.340639 0.0173654
0 0.433143 0.482427 0.016762 0.0424597 0.0173506
0 0.604441 0.389615 0.0205321 0.0440773 0.0173376
0 0.0887099 0.601863 0.107082 0.136836 0.017245
0 0.815632 0.430532 0.10352 0.200419 0.0172342
0 0.978355 0.634994 0.044593 0.21817 0.0172142
0 0.591095 0.212445 0.0965723 0.204604 0.0171105
0 0.885491 0.563362 0.0589176 0.0528019 0.0170736
0 0.0694807 0.412336 0.0956426 0.106159 0.0170392
0 0.790063 0.209238 0.0720138 0.0873822 0.0170091
0 0.35743 0.464843 0.0126877 0.0323154 0.0169977
0 0.355153 0.102402 0.0300697 0.0502766 0.016987
0 0.700758 0.462627 0.0702091 0.113001 0.016939
0 0.561258 0.214204 0.0519446 0.15255 0.0169255
0 0.581178 0.30789 0.0378132 0.0465693 0.016907
0 0.889304 0.538156 0.0723904 0.0990327 0.0169022
0 0.692933 0.440408 0.0377064 0.0522531 0.0168509
0 0.577702 0.331004 0.0261822 0.039462 0.0166405
0 0.246937 0.500616 0.0470152 0.132358 0.0165104
0 0.831051 0.294197 0.160695 0.330283 0.0164687
0 0.661603 0.482939 0.0727112 0.0805662 0.0164067
0 0.032272 0.620199 0.0617041 0.153262 0.016367
0 0.364838 0.464635 0.0109478 0.0271935 0.0163171
0 0.643153 0.54892 0.0680741 0.0983682 0.0162188
0 0.85689 0.22754 0.0407129 0.0541119 0.0161446
0 0.967145 0.616407 0.0582535 0.106433 0.0161371
