0 0.427107 0.504298 0.0657351 0.0728961 0.929536
0 0.0688556 0.53922 0.0979009 0.116621 0.863829
0 0.349022 0.504199 0.0600297 0.0567691 0.847255
0 0.50023 0.499667 0.0999007 0.110238 0.846202
0 0.5625 0.514356 0 0.161736 0.801361
0 0.288615 0.502896 0.0498786 0.0500447 0.642426
0 0.242105 0.501153 0.051318 0.0519888 0.606075
0 0.174787 0.505151 0.0385318 0.0403403 0.515949
0 0.133301 0.503872 0.0376658 0.0449699 0.471073
0 0.207186 0.502923 0.0319402 0.0431246 0.449874
0 0.150847 0.505619 0.0275835 0.0407439 0.422028
0 0.18444 0.504172 0.030955 0.0393509 0.396032
0 0.0143929 0.513219 0.0285164 0.046771 0.363324
0 0.110106 0.505168 0.0182654 0.0398112 0.331881
0 0.271971 0.503468 0.0333024 0.0466321 0.314808
0 0.0218243 0.513178 0.022389 0.038868 0.286088
0 0.0865815 0.497615 0.0483857 0.0450513 0.272987
0 0.0258613 0.524042 0.0208588 0.0588908 0.235012
0 0.0828551 0.488993 0.0427547 0.0341866 0.227725
0 0.00796653 0.511451 0.0159331 0.0435613 0.22657
0 0.0229231 0.509655 0.0169579 0.027384 0.196513
0 0.13641 0.489854 0.0559288 0.0729212 0.186782
0 0.00417225 0.514074 0.0083445 0.0407924 0.18644
0 0.315173 0.508119 0.0372209 0.0439496 0.183877
0 0.212018 0.498654 0.0253073 0.0379075 0.182885
0 0.148729 0.507172 0.0193072 0.0346942 0.168513
0 0.11018 0.497337 0.014716 0.0279611 0.166345
0 0.133911 0.504705 0.0240075 0.0366173 0.159467
0 0.116363 0.502452 0.0214243 0.0374986 0.155577
0 0.0935608 0.510046 0.0491734 0.0727025 0.153082
0 0.0168611 0.52699 0.0309421 0.0711278 0.152329
0 0.250363 0.505563 0.0700843 0.0669814 0.146734
0 0.199423 0.507893 0.0386987 0.0523269 0.145605
0 0.175624 0.506139 0.0264379 0.0348299 0.144552
0 0.0795481 0.481642 0.0343521 0.0195079 0.143786
0 0.0158356 0.519208 0.0158617 0.0285673 0.143499
0 0.5625 0.430206 0 0.0477971 0.143067
0 0.107044 0.500837 0.0201806 0.0309954 0.142783
0 0.299609 0.507274 0.0343043 0.0463389 0.140703
0 0.328119 0.512267 0.0222301 0.035351 0.139334
0 0.271336 0.50487 0.0225214 0.0364238 0.137826
0 0.212066 0.504511 0.0204092 0.0306091 0.134189
0 0.196421 0.50183 0.0208133 0.0332722 0.13106
0 0.0163603 0.507884 0.018452 0.0342094 0.127856
0 0.0268448 0.50999 0.0231991 0.036499 0.125816
0 0.5625 0.448366 0 0.125678 0.125724
0 0.190879 0.505915 0.0244001 0.0362356 0.125235
0 0.0118755 0.515389 0.0134397 0.0254841 0.123471
0 0.5625 0.426049 0 0.085445 0.122982
0 0.216434 0.494651 0.0214929 0.0315446 0.122162
0 0.223365 0.504745 0.0224874 0.0370755 0.120985
0 0.517499 0.499109 0.0646372 0.101764 0.12043
0 0.202722 0.504193 0.0219818 0.0360444 0.115486
0 0.127651 0.503426 0.021914 0.0348114 0.113559
0 0.47201 0.500299 0.0442227 0.0939106 0.111325
0 0.103156 0.521221 0.0313666 0.0805898 0.110643
0 0.360986 0.50516 0.0390473 0.0466919 0.109627
0 0.205283 0.497509 0.0226255 0.0286817 0.108426
0 0.166324 0.508173 0.0197349 0.0300157 0.106786
0 0.0103541 0.532463 0.0208734 0.07542 0.103808
0 0.00793976 0.499665 0.01554 0.0237838 0.101938
0 0.324177 0.510676 0.0312405 0.0452763 0.100438
0 0.825336 0.423743 0.0538485 0.0721904 0.0998195
0 0.308355 0.507709 0.0258672 0.03916 0.0991351
0 0.26356 0.503081 0.0215382 0.0344123 0.0972751
0 0.0116587 0.49843 0.0186709 0.0236735 0.0952521
0 0.0836552 0.491636 0.0322011 0.0253766 0.0932976
0 0.823466 0.443224 0.0582675 0.0785381 0.0906079
0 0.238016 0.504743 0.0292712 0.0375437 0.0903744
0 0.621778 0.525063 0.104097 0.127752 0.0876399
0 0.0195658 0.499329 0.0147409 0.021092 0.0863669
0 0.065654 0.483904 0.0664013 0.0425246 0.0843872
0 0.0995314 0.504313 0.0214283 0.0284688 0.0830567
0 0.16229 0.500214 0.0207531 0.0256159 0.0824939
0 0.00469929 0.502452 0.0103573 0.0275304 0.0822663
0 0.301101 0.506074 0.021051 0.0332579 0.0819655
0 0.222643 0.494354 0.0223404 0.0306883 0.0799944
0 0.829412 0.45659 0.0859118 0.114579 0.0795288
0 0.258594 0.497695 0.0489673 0.062714 0.0784051
0 0.112852 0.511842 0.0161695 0.040118 0.0776977
0 0.00290578 0.520048 0.00606262 0.03366 0.0771618
0 0.664967 0.529262 0.108749 0.131687 0.076529
0 0.180065 0.499056 0.0227739 0.0301075 0.0734067
0 0.749957 0.478768 0.074115 0.0820913 0.0703362
0 0.553128 0.488368 0.0453668 0.0666903 0.0701237
0 0.321636 0.511457 0.01885 0.0295097 0.0699512
0 0.14152 0.494812 0.0414856 0.0502721 0.0678163
0 0.0944047 0.494687 0.0254153 0.0224673 0.0674443
0 0.273101 0.495485 0.0233499 0.0344998 0.0666535
0 0.404322 0.493052 0.0282339 0.0411902 0.0661024
0 0.0220406 0.519238 0.0131887 0.0275517 0.0660722
0 0.558423 0.487816 0.0314873 0.0541504 0.0659229
0 0.0514389 0.50342 0.0205771 0.0210921 0.063498
0 0.680591 0.51175 0.090817 0.143768 0.0631407
0 0.794771 0.451299 0.0613235 0.105428 0.0620978
0 0.557711 0.508877 0.0373649 0.085924 0.0619178
0 0.981395 0.489035 0.0369545 0.115092 0.0616558
0 0.463284 0.482896 0.030345 0.0487772 0.0606356
0 0.0917025 0.529336 0.0510225 0.0837874 0.0584413
0 0.791246 0.435673 0.0490256 0.0791261 0.0577977
0 0.462204 0.50348 0.0335467 0.0756189 0.0577177
0 0.0644234 0.489337 0.0316948 0.0193433 0.0574613
0 0.382825 0.503839 0.03132 0.0463673 0.0567692
0 0.846543 0.422142 0.085664 0.0826143 0.0557659
0 0.598679 0.526925 0.0603375 0.100706 0.0546021
0 0.692971 0.517259 0.0644855 0.11558 0.0535947
0 0.370648 0.507441 0.0190858 0.0356819 0.0534436
0 0.791911 0.440384 0.12519 0.1566 0.0516716
0 0.853299 0.446853 0.135506 0.130336 0.050916
0 0.0839785 0.490603 0.0796275 0.0642406 0.0507597
0 0.132412 0.513934 0.0215436 0.0373415 0.0504364
0 0.781431 0.467776 0.0496529 0.0791323 0.0502237
0 0.568616 0.515035 0.0580462 0.104925 0.0496206
0 0.251683 0.491598 0.0341207 0.0496342 0.0493576
0 0.0322264 0.528124 0.0320907 0.0665025 0.0483144
0 0.248808 0.495285 0.0264223 0.0323018 0.0469901
0 0.714685 0.448443 0.156517 0.186159 0.0465149
0 0.975067 0.449518 0.0528687 0.192191 0.0459453
0 0.98661 0.501597 0.0266163 0.0909584 0.0445278
0 0.258741 0.498501 0.0194651 0.0310713 0.0443085
0 0.973605 0.401103 0.05739 0.255405 0.0442404
0 0.27179 0.513494 0.0194515 0.0325207 0.0435386
0 0.588401 0.515435 0.0682106 0.11285 0.0435174
0 0.582206 0.495949 0.0673971 0.10071 0.0426265
0 0.778625 0.45325 0.0820698 0.119471 0.0410593
0 0.755342 0.447023 0.115539 0.15145 0.0408227
0 0.822037 0.424602 0.115042 0.163169 0.0406408
0 0.366122 0.509326 0.0213973 0.0292636 0.0404229
0 0.277385 0.497869 0.0205711 0.0332522 0.0400706
0 0.800491 0.478327 0.0774361 0.0831769 0.0399588
0 0.0105355 0.552985 0.0209142 0.130384 0.0386248
0 0.315118 0.513186 0.0215442 0.0316092 0.0379373
0 0.551583 0.505397 0.0336723 0.0717189 0.0377925
0 0.457639 0.497518 0.0179466 0.036073 0.0349435
0 0.449457 0.457096 0.0338997 0.031478 0.0345401
0 0.97039 0.483671 0.0569328 0.110669 0.0340751
0 0.44909 0.470444 0.035259 0.0354711 0.0334704
0 0.406824 0.509924 0.0286719 0.050721 0.0330588
0 0.399233 0.508535 0.0160679 0.0341152 0.0328528
0 0.822164 0.466217 0.121003 0.139719 0.0322407
0 0.793611 0.411413 0.0843103 0.106824 0.0322188
0 0.733398 0.480889 0.110923 0.119652 0.0320554
0 0.55851 0.523345 0.0494406 0.0937648 0.0312568
0 0.145628 0.160114 0.279942 0.357767 0.0304009
0 0.752426 0.232017 0.0526716 0.0740922 0.0303015
0 0.530978 0.604155 0.133645 0.24102 0.0302196
0 0.773106 0.484024 0.070474 0.0792155 0.0301459
0 0.347997 0.512151 0.020193 0.0323817 0.0300294
0 0.458503 0.702609 0.074517 0.146979 0.0290232
0 0.529376 0.706531 0.111833 0.182954 0.0287649
0 0.700958 0.526338 0.0449532 0.0874017 0.0282887
0 0.851445 0.418839 0.166442 0.198676 0.0280401
0 0.361396 0.508861 0.0273687 0.0416051 0.0278548
0 0.0157119 0.545438 0.0264515 0.10997 0.0275542
0 0.66568 0.469406 0.0735329 0.0653817 0.0274401
0 0.340378 0.50172 0.0235153 0.0368418 0.027418
0 0.530814 0.515136 0.0724351 0.113534 0.0274065
0 0.188323 0.245938 0.0541748 0.108621 0.0270704
0 0.298438 0.498573 0.0208932 0.0312663 0.027031
0 0.901074 0.641856 0.183721 0.231779 0.0269651
0 0.767347 0.521189 0.125636 0.135719 0.0268973
0 0.891268 0.448504 0.197297 0.195665 0.0268456
0 0.90168 0.162109 0.197961 0.307948 0.0267402
0 0.30494 0.492881 0.0244666 0.0402781 0.0266928
0 0.00737032 0.44591 0.0191114 0.0932747 0.0263444
0 0.63091 0.477938 0.0930858 0.078173 0.0261132
0 0.370682 0.500395 0.029777 0.0455108 0.0258429
0 0.375691 0.506906 0.0281137 0.0430906 0.0253321
0 0.910269 0.46641 0.112357 0.111679 0.0253038
0 0.608707 0.490686 0.0938872 0.107313 0.0251721
0 0.265818 0.270921 0.190081 0.245328 0.0251457
0 0.525842 0.459292 0.0391601 0.0510054 0.0244735
0 0.586016 0.467113 0.0888818 0.124782 0.0240588
0 0.967744 0.154463 0.0684963 0.192719 0.023735
0 0.0243702 0.455201 0.0515393 0.103163 0.0236042
0 0.389484 0.492562 0.0417871 0.0504787 0.023329
0 0.402203 0.500766 0.0164452 0.0284478 0.0233101
0 0.905539 0.585503 0.167406 0.176742 0.0232978
0 0.514286 0.44797 0.0277782 0.0320666 0.0232642
0 0.00517378 0.592072 0.0128173 0.137072 0.0231492
0 0.454633 0.498511 0.0170577 0.0538213 0.0231326
0 0.343347 0.484578 0.0540835 0.0800582 0.0222481
0 0.460251 0.464856 0.0318295 0.0357604 0.0221389
0 0.886492 0.395557 0.211339 0.262922 0.0215861
0 0.148893 0.458794 0.050449 0.0683456 0.0214512
0 0.351919 0.697244 0.0328605 0.0728551 0.0212317
0 0.0196889 0.538177 0.0183292 0.067984 0.0212055
0 0.310042 0.484233 0.0209608 0.0347137 0.0211077
0 0.965549 0.348123 0.0395472 0.0744153 0.0205138
0 0.990772 0.756713 0.0178165 0.159885 0.020495
0 0.553651 0.559583 0.04956 0.106905 0.0204416
0 0.136128 0.462381 0.0393083 0.0490927 0.0203271
0 0.660667 0.4474 0.0405979 0.0328381 0.0203114
0 0.97943 0.450072 0.0398747 0.138035 0.0201818
0 0.985474 0.542364 0.0304506 0.187418 0.0199252
0 0.309062 0.696737 0.105717 0.161818 0.0199238
0 0.97267 0.361224 0.050141 0.108669 0.0199158
0 0.945283 0.47575 0.073786 0.096892 0.0199014
0 0.539338 0.460028 0.0602708 0.092264 0.0198449
0 0.457013 0.460556 0.0434418 0.0595694 0.0198376
0 0.563758 0.466007 0.0895546 0.132606 0.0198097
0 0.477931 0.479934 0.0430518 0.056726 0.0196791
0 0.733073 0.52606 0.113541 0.137634 0.0196587
0 0.532923 0.512662 0.0454651 0.0803274 0.0195435
0 0.533885 0.573793 0.0639194 0.115908 0.0195395
0 0.926516 0.363157 0.0568243 0.0806234 0.0195231
0 0.116869 0.456477 0.0523964 0.0674053 0.0195051
0 0.617105 0.46391 0.0943557 0.121963 0.0195046
0 0.403145 0.521954 0.0216123 0.0428352 0.0194992
0 0.735469 0.458668 0.0771664 0.0978466 0.0194653
0 0.53348 0.471841 0.0426003 0.0678714 0.0194168
0 0.928388 0.450245 0.0700151 0.0995435 0.0193633
0 0.991291 0.715424 0.0173887 0.169752 0.0193518
0 0.7625 0.230165 0.03593 0.0543682 0.0192847
0 0.445696 0.46712 0.0262585 0.0248337 0.0192537
0 0.584458 0.698306 0.160956 0.233104 0.0191685
0 0.0479047 0.56009 0.0351867 0.0613439 0.0191452
0 0.5824 0.596227 0.145263 0.251781 0.0190533
0 0.96515 0.325548 0.0737968 0.293828 0.0190475
0 0.468712 0.581583 0.080953 0.17274 0.0190013
0 0.977987 0.54768 0.0443098 0.210323 0.0189078
0 0.433598 0.470633 0.0428767 0.0546422 0.0187088
0 0.986175 0.597987 0.0266434 0.14041 0.0186384
0 0.908953 0.255976 0.0457108 0.0673317 0.0185406
0 0.412773 0.492283 0.0391609 0.046032 0.0182471
0 0.779596 0.421588 0.0701839 0.0936845 0.0182327
0 0.326894 0.488505 0.0307777 0.0432247 0.0182164
0 0.986107 0.742443 0.0285786 0.203427 0.0181971
0 0.974126 0.688932 0.0481699 0.19169 0.0180952
0 0.458221 0.540348 0.0334688 0.0795942 0.0180588
0 0.981308 0.714733 0.0358543 0.206865 0.0179251
0 0.493501 0.343967 0.0298914 0.0511677 0.0179236
0 0.224372 0.298389 0.158874 0.255208 0.0179186
0 0.00508403 0.6205 0.0115019 0.111365 0.0179177
0 0.0815045 0.475954 0.0250641 0.0218196 0.0177125
0 0.435756 0.1439 0.0530498 0.109731 0.0176957
0 0.482951 0.50878 0.0641577 0.0941176 0.0176798
0 0.566889 0.471992 0.063238 0.0917956 0.0176005
0 0.422616 0.598862 0.103603 0.220845 0.0175717
0 0.740786 0.434784 0.0685714 0.0980948 0.0175321
0 0.51393 0.57178 0.0572358 0.107982 0.0174343
0 0.306631 0.53059 0.025495 0.0431122 0.0173801
0 0.984567 0.654197 0.0308697 0.211141 0.0173709
0 0.417134 0.478469 0.0457432 0.0681359 0.0172873
0 0.980998 -0.0116042 0.0387148 0.0443293 0.0172809
0 0.807345 0.401122 0.0887606 0.156177 0.0172317
0 0.857484 0.45082 0.0930937 0.107538 0.0172205
0 0.667773 0.453057 0.087746 0.0799042 0.0171763
0 0.0731551 0.469639 0.029692 0.0256329 0.0171725
0 0.971876 0.734008 0.0512043 0.18606 0.0171616
0 0.648093 0.423852 0.113463 0.158507 0.0171352
0 0.0521088 0.455773 0.0675694 0.0755791 0.0170724
0 0.11593 0.360291 0.138095 0.259817 0.0168799
0 0.335306 0.510348 0.0251906 0.0329622 0.0168761
0 0.510067 0.639757 0.038973 0.0612058 0.0167998
0 0.267163 0.181784 0.276876 0.335799 0.0167974
0 0.910001 0.306565 0.171603 0.298072 0.0167084
0 0.884906 0.491246 0.111266 0.104882 0.0166643
0 0.989168 0.531001 0.0210134 0.123042 0.0165692
0 0.670234 0.424925 0.0983082 0.142711 0.0165413
0 0.484304 0.561756 0.0512894 0.100796 0.0164972
0 0.588441 0.54555 0.0600827 0.112847 0.0164773
0 0.491322 0.405141 0.0537052 0.081709 0.0163171
0 0.362056 0.289014 0.172865 0.236998 0.016256
0 0.406373 0.137704 0.0798064 0.132848 0.0161693
0 0.492578 0.373058 0.0377575 0.0590942 0.016165
0 0.982057 0.158431 0.0339304 0.0954139 0.0161084
0 0.0873384 0.609582 0.0810762 0.135137 0.0160734
0 0.80608 0.496353 0.106053 0.106369 0.0160136
0 0.7908 0.176463 0.204738 0.259459 0.015956
0 0.10246 0.375457 0.0245561 0.0346834 0.0159237
0 0.157407 0.51352 0.0161936 0.0287794 0.0159066
0 0.48814 0.469478 0.0638797 0.0587618 0.0156745
0 0.756983 0.423938 0.0838193 0.101408 0.0156725
0 0.837936 0.177143 0.216898 0.28585 0.0156338
0 0.193558 0.455795 0.058722 0.0712245 0.0156319
0 0.166573 0.455783 0.0487114 0.0693832 0.0155942
0 0.764599 0.229878 0.0764352 0.110866 0.0155877
0 0.427982 0.527385 0.107665 0.131094 0.0154739
0 0.965359 0.380141 0.0414318 0.124071 0.0154153
0 0.148939 0.330397 0.141616 0.273388 0.0153985
0 0.388337 0.393437 0.0451016 0.0715007 0.0152878
0 0.658813 0.421679 0.0363193 0.0393187 0.0152803
0 0.951667 0.610597 0.0814882 0.130124 0.0152142
0 0.11638 0.578652 0.0473121 0.0832521 0.0152104
0 0.38984 0.371099 0.0227942 0.0381552 0.0151687
0 0.775917 0.226234 0.0558263 0.0749532 0.0150688
0 0.628225 0.557891 0.110944 0.140251 0.0150045
0 0.932656 0.504306 0.0866135 0.0878969 0.0150022
0 0.969157 0.443787 0.0569937 0.118857 0.0149959
0 0.847586 0.284482 0.194625 0.315387 0.0149657
0 0.566799 0.805543 0.0400949 0.0645693 0.0147922
0 0.741639 0.502453 0.0911386 0.0905134 0.0146421
0 0.976514 0.507115 0.0503956 0.183154 0.014632
0 0.847053 0.550385 0.101609 0.119413 0.0145587
0 0.209226 0.0306517 0.120963 0.110654 0.0145035
0 0.956801 0.500653 0.0845467 0.10069 0.0144734
0 0.326222 0.42498 0.0506045 0.0677155 0.0144635
0 0.677831 0.56332 0.0863467 0.100233 0.0144253
0 0.424655 0.437728 0.0816311 0.101966 0.0143933
0 0.427107 0.504298 0.0657351 0.0728961 0.929536
0 0.0688556 0.53922 0.0979009 0.116621 0.863829
0 0.349022 0.504199 0.0600297 0.0567691 0.847255
0 0.50023 0.499667 0.0999007 0.110238 0.846202
0 0.5625 0.514356 0 0.161736 0.801361
0 0.288615 0.502896 0.0498786 0.0500447 0.642426
0 0.242105 0.501153 0.051318 0.0519888 0.606075
0 0.174787 0.505151 0.0385318 0.0403403 0.515949
0 0.133301 0.503872 0.0376658 0.0449699 0.471073
0 0.207186 0.502923 0.0319402 0.0431246 0.449874
0 0.150847 0.505619 0.0275835 0.0407439 0.422028
0 0.18444 0.504172 0.030955 0.0393509 0.396032
0 0.0143929 0.513219 0.0285164 0.046771 0.363324
0 0.110106 0.505168 0.0182654 0.0398112 0.331881
0 0.271971 0.503468 0.0333024 0.0466321 0.314808
0 0.0218243 0.513178 0.022389 0.038868 0.286088
0 0.0865815 0.497615 0.0483857 0.0450513 0.272987
0 0.0258613 0.524042 0.0208588 0.0588908 0.235012
0 0.0828551 0.488993 0.0427547 0.0341866 0.227725
0 0.00796653 0.511451 0.0159331 0.0435613 0.22657
0 0.0229231 0.509655 0.0169579 0.027384 0.196513
0 0.13641 0.489854 0.0559288 0.0729212 0.186782
0 0.00417225 0.514074 0.0083445 0.0407924 0.18644
0 0.315173 0.508119 0.0372209 0.0439496 0.183877
0 0.212018 0.498654 0.0253073 0.0379075 0.182885
0 0.148729 0.507172 0.0193072 0.0346942 0.168513
0 0.11018 0.497337 0.014716 0.0279611 0.166345
0 0.133911 0.504705 0.0240075 0.0366173 0.159467
0 0.116363 0.502452 0.0214243 0.0374986 0.155577
0 0.0935608 0.510046 0.0491734 0.0727025 0.153082
0 0.0168611 0.52699 0.0309421 0.0711278 0.152329
0 0.250363 0.505563 0.0700843 0.0669814 0.146734
0 0.199423 0.507893 0.0386987 0.0523269 0.145605
0 0.175624 0.506139 0.0264379 0.0348299 0.144552
0 0.0795481 0.481642 0.0343521 0.0195079 0.143786
0 0.0158356 0.519208 0.0158617 0.0285673 0.143499
0 0.5625 0.430206 0 0.0477971 0.143067
0 0.107044 0.500837 0.0201806 0.0309954 0.142783
0 0.299609 0.507274 0.0343043 0.0463389 0.140703
0 0.328119 0.512267 0.0222301 0.035351 0.139334
0 0.271336 0.50487 0.0225214 0.0364238 0.137826
0 0.212066 0.504511 0.0204092 0.0306091 0.134189
0 0.196421 0.50183 0.0208133 0.0332722 0.13106
0 0.0163603 0.507884 0.018452 0.0342094 0.127856
0 0.0268448 0.50999 0.0231991 0.036499 0.125816
0 0.5625 0.448366 0 0.125678 0.125724
0 0.190879 0.505915 0.0244001 0.0362356 0.125235
0 0.0118755 0.515389 0.0134397 0.0254841 0.123471
0 0.5625 0.426049 0 0.085445 0.122982
0 0.216434 0.494651 0.0214929 0.0315446 0.122162
0 0.223365 0.504745 0.0224874 0.0370755 0.120985
0 0.517499 0.499109 0.0646372 0.101764 0.12043
0 0.202722 0.504193 0.0219818 0.0360444 0.115486
0 0.127651 0.503426 0.021914 0.0348114 0.113559
0 0.47201 0.500299 0.0442227 0.0939106 0.111325
0 0.103156 0.521221 0.0313666 0.0805898 0.110643
0 0.360986 0.50516 0.0390473 0.0466919 0.109627
0 0.205283 0.497509 0.0226255 0.0286817 0.108426
0 0.166324 0.508173 0.0197349 0.0300157 0.106786
0 0.0103541 0.532463 0.0208734 0.07542 0.103808
0 0.00793976 0.499665 0.01554 0.0237838 0.101938
0 0.324177 0.510676 0.0312405 0.0452763 0.100438
0 0.825336 0.423743 0.0538485 0.0721904 0.0998195
0 0.308355 0.507709 0.0258672 0.03916 0.0991351
0 0.26356 0.503081 0.0215382 0.0344123 0.0972751
0 0.0116587 0.49843 0.0186709 0.0236735 0.0952521
0 0.0836552 0.491636 0.0322011 0.0253766 0.0932976
0 0.823466 0.443224 0.0582675 0.0785381 0.0906079
0 0.238016 0.504743 0.0292712 0.0375437 0.0903744
0 0.621778 0.525063 0.104097 0.127752 0.0876399
0 0.0195658 0.499329 0.0147409 0.021092 0.0863669
0 0.065654 0.483904 0.0664013 0.0425246 0.0843872
0 0.0995314 0.504313 0.0214283 0.0284688 0.0830567
0 0.16229 0.500214 0.0207531 0.0256159 0.0824939
0 0.00469929 0.502452 0.0103573 0.0275304 0.0822663
0 0.301101 0.506074 0.021051 0.0332579 0.0819655
0 0.222643 0.494354 0.0223404 0.0306883 0.0799944
0 0.829412 0.45659 0.0859118 0.114579 0.0795288
0 0.258594 0.497695 0.0489673 0.062714 0.0784051
0 0.112852 0.511842 0.0161695 0.040118 0.0776977
0 0.00290578 0.520048 0.00606262 0.03366 0.0771618
0 0.664967 0.529262 0.108749 0.131687 0.076529
0 0.180065 0.499056 0.0227739 0.0301075 0.0734067
0 0.749957 0.478768 0.074115 0.0820913 0.0703362
0 0.553128 0.488368 0.0453668 0.0666903 0.0701237
0 0.321636 0.511457 0.01885 0.0295097 0.0699512
0 0.14152 0.494812 0.0414856 0.0502721 0.0678163
0 0.0944047 0.494687 0.0254153 0.0224673 0.0674443
0 0.273101 0.495485 0.0233499 0.0344998 0.0666535
0 0.404322 0.493052 0.0282339 0.0411902 0.0661024
0 0.0220406 0.519238 0.0131887 0.0275517 0.0660722
0 0.558423 0.487816 0.0314873 0.0541504 0.0659229
0 0.0514389 0.50342 0.0205771 0.0210921 0.063498
0 0.680591 0.51175 0.090817 0.143768 0.0631407
0 0.794771 0.451299 0.0613235 0.105428 0.0620978
0 0.557711 0.508877 0.0373649 0.085924 0.0619178
0 0.981395 0.489035 0.0369545 0.115092 0.0616558
0 0.463284 0.482896 0.030345 0.0487772 0.0606356
0 0.0917025 0.529336 0.0510225 0.0837874 0.0584413
0 0.791246 0.435673 0.0490256 0.0791261 0.0577977
0 0.462204 0.50348 0.0335467 0.0756189 0.0577177
0 0.0644234 0.489337 0.0316948 0.0193433 0.0574613
0 0.382825 0.503839 0.03132 0.0463673 0.0567692
0 0.846543 0.422142 0.085664 0.0826143 0.0557659
0 0.598679 0.526925 0.0603375 0.100706 0.0546021
0 0.692971 0.517259 0.0644855 0.11558 0.0535947
0 0.370648 0.507441 0.0190858 0.0356819 0.0534436
0 0.791911 0.440384 0.12519 0.1566 0.0516716
0 0.853299 0.446853 0.135506 0.130336 0.050916
0 0.0839785 0.490603 0.0796275 0.0642406 0.0507597
0 0.132412 0.513934 0.0215436 0.0373415 0.0504364
0 0.781431 0.467776 0.0496529 0.0791323 0.0502237
0 0.568616 0.515035 0.0580462 0.104925 0.0496206
0 0.251683 0.491598 0.0341207 0.0496342 0.0493576
0 0.0322264 0.528124 0.0320907 0.0665025 0.0483144
0 0.248808 0.495285 0.0264223 0.0323018 0.0469901
0 0.714685 0.448443 0.156517 0.186159 0.0465149
0 0.975067 0.449518 0.0528687 0.192191 0.0459453
0 0.98661 0.501597 0.0266163 0.0909584 0.0445278
0 0.258741 0.498501 0.0194651 0.0310713 0.0443085
0 0.973605 0.401103 0.05739 0.255405 0.0442404
0 0.27179 0.513494 0.0194515 0.0325207 0.0435386
0 0.588401 0.515435 0.0682106 0.11285 0.0435174
0 0.582206 0.495949 0.0673971 0.10071 0.0426265
0 0.778625 0.45325 0.0820698 0.119471 0.0410593
0 0.755342 0.447023 0.115539 0.15145 0.0408227
0 0.822037 0.424602 0.115042 0.163169 0.0406408
0 0.366122 0.509326 0.0213973 0.0292636 0.0404229
0 0.277385 0.497869 0.0205711 0.0332522 0.0400706
0 0.800491 0.478327 0.0774361 0.0831769 0.0399588
0 0.0105355 0.552985 0.0209142 0.130384 0.0386248
0 0.315118 0.513186 0.0215442 0.0316092 0.0379373
0 0.551583 0.505397 0.0336723 0.0717189 0.0377925
0 0.457639 0.497518 0.0179466 0.036073 0.0349435
0 0.449457 0.457096 0.0338997 0.031478 0.0345401
0 0.97039 0.483671 0.0569328 0.110669 0.0340751
0 0.44909 0.470444 0.035259 0.0354711 0.0334704
0 0.406824 0.509924 0.0286719 0.050721 0.0330588
0 0.399233 0.508535 0.0160679 0.0341152 0.0328528
0 0.822164 0.466217 0.121003 0.139719 0.0322407
0 0.793611 0.411413 0.0843103 0.106824 0.0322188
0 0.733398 0.480889 0.110923 0.119652 0.0320554
0 0.55851 0.523345 0.0494406 0.0937648 0.0312568
0 0.145628 0.160114 0.279942 0.357767 0.0304009
0 0.752426 0.232017 0.0526716 0.0740922 0.0303015
0 0.530978 0.604155 0.133645 0.24102 0.0302196
0 0.773106 0.484024 0.070474 0.0792155 0.0301459
0 0.347997 0.512151 0.020193 0.0323817 0.0300294
0 0.458503 0.702609 0.074517 0.146979 0.0290232
0 0.529376 0.706531 0.111833 0.182954 0.0287649
0 0.700958 0.526338 0.0449532 0.0874017 0.0282887
0 0.851445 0.418839 0.166442 0.198676 0.0280401
0 0.361396 0.508861 0.0273687 0.0416051 0.0278548
0 0.0157119 0.545438 0.0264515 0.10997 0.0275542
0 0.66568 0.469406 0.0735329 0.0653817 0.0274401
0 0.340378 0.50172 0.0235153 0.0368418 0.027418
0 0.530814 0.515136 0.0724351 0.113534 0.0274065
0 0.188323 0.245938 0.0541748 0.108621 0.0270704
0 0.298438 0.498573 0.0208932 0.0312663 0.027031
0 0.901074 0.641856 0.183721 0.231779 0.0269651
0 0.767347 0.521189 0.125636 0.135719 0.0268973
0 0.891268 0.448504 0.197297 0.195665 0.0268456
0 0.90168 0.162109 0.197961 0.307948 0.0267402
0 0.30494 0.492881 0.0244666 0.0402781 0.0266928
0 0.00737032 0.44591 0.0191114 0.0932747 0.0263444
0 0.63091 0.477938 0.0930858 0.078173 0.0261132
0 0.370682 0.500395 0.029777 0.0455108 0.0258429
0 0.375691 0.506906 0.0281137 0.0430906 0.0253321
0 0.910269 0.46641 0.112357 0.111679 0.0253038
0 0.608707 0.490686 0.0938872 0.107313 0.0251721
0 0.265818 0.270921 0.190081 0.245328 0.0251457
0 0.525842 0.459292 0.0391601 0.0510054 0.0244735
0 0.586016 0.467113 0.0888818 0.124782 0.0240588
0 0.967744 0.154463 0.0684963 0.192719 0.023735
0 0.0243702 0.455201 0.0515393 0.103163 0.0236042
0 0.389484 0.492562 0.0417871 0.0504787 0.023329
0 0.402203 0.500766 0.0164452 0.0284478 0.0233101
0 0.905539 0.585503 0.167406 0.176742 0.0232978
0 0.514286 0.44797 0.0277782 0.0320666 0.0232642
0 0.00517378 0.592072 0.0128173 0.137072 0.0231492
0 0.454633 0.498511 0.0170577 0.0538213 0.0231326
0 0.343347 0.484578 0.0540835 0.0800582 0.0222481
0 0.460251 0.464856 0.0318295 0.0357604 0.0221389
0 0.886492 0.395557 0.211339 0.262922 0.0215861
0 0.148893 0.458794 0.050449 0.0683456 0.0214512
0 0.351919 0.697244 0.0328605 0.0728551 0.0212317
0 0.0196889 0.538177 0.0183292 0.067984 0.0212055
0 0.310042 0.484233 0.0209608 0.0347137 0.0211077
0 0.965549 0.348123 0.0395472 0.0744153 0.0205138
0 0.990772 0.756713 0.0178165 0.159885 0.020495
0 0.553651 0.559583 0.04956 0.106905 0.0204416
0 0.136128 0.462381 0.0393083 0.0490927 0.0203271
0 0.660667 0.4474 0.0405979 0.0328381 0.0203114
0 0.97943 0.450072 0.0398747 0.138035 0.0201818
0 0.985474 0.542364 0.0304506 0.187418 0.0199252
0 0.309062 0.696737 0.105717 0.161818 0.0199238
0 0.97267 0.361224 0.050141 0.108669 0.0199158
0 0.945283 0.47575 0.073786 0.096892 0.0199014
0 0.539338 0.460028 0.0602708 0.092264 0.0198449
0 0.457013 0.460556 0.0434418 0.0595694 0.0198376
0 0.563758 0.466007 0.0895546 0.132606 0.0198097
0 0.477931 0.479934 0.0430518 0.056726 0.0196791
0 0.733073 0.52606 0.113541 0.137634 0.0196587
0 0.532923 0.512662 0.0454651 0.0803274 0.0195435
0 0.533885 0.573793 0.0639194 0.115908 0.0195395
0 0.926516 0.363157 0.0568243 0.0806234 0.0195231
0 0.116869 0.456477 0.0523964 0.0674053 0.0195051
0 0.617105 0.46391 0.0943557 0.121963 0.0195046
0 0.403145 0.521954 0.0216123 0.0428352 0.0194992
0 0.735469 0.458668 0.0771664 0.0978466 0.0194653
0 0.53348 0.471841 0.0426003 0.0678714 0.0194168
0 0.928388 0.450245 0.0700151 0.0995435 0.0193633
0 0.991291 0.715424 0.0173887 0.169752 0.0193518
0 0.7625 0.230165 0.03593 0.0543682 0.0192847
0 0.445696 0.46712 0.0262585 0.0248337 0.0192537
0 0.584458 0.698306 0.160956 0.233104 0.0191685
0 0.0479047 0.56009 0.0351867 0.0613439 0.0191452
0 0.5824 0.596227 0.145263 0.251781 0.0190533
0 0.96515 0.325548 0.0737968 0.293828 0.0190475
0 0.468712 0.581583 0.080953 0.17274 0.0190013
0 0.977987 0.54768 0.0443098 0.210323 0.0189078
0 0.433598 0.470633 0.0428767 0.0546422 0.0187088
0 0.986175 0.597987 0.0266434 0.14041 0.0186384
0 0.908953 0.255976 0.0457108 0.0673317 0.0185406
0 0.412773 0.492283 0.0391609 0.046032 0.0182471
0 0.779596 0.421588 0.0701839 0.0936845 0.0182327
0 0.326894 0.488505 0.0307777 0.0432247 0.0182164
0 0.986107 0.742443 0.0285786 0.203427 0.0181971
0 0.974126 0.688932 0.0481699 0.19169 0.0180952
0 0.458221 0.540348 0.0334688 0.0795942 0.0180588
0 0.981308 0.714733 0.0358543 0.206865 0.0179251
0 0.493501 0.343967 0.0298914 0.0511677 0.0179236
0 0.224372 0.298389 0.158874 0.255208 0.0179186
0 0.00508403 0.6205 0.0115019 0.111365 0.0179177
0 0.0815045 0.475954 0.0250641 0.0218196 0.0177125
0 0.435756 0.1439 0.0530498 0.109731 0.0176957
0 0.482951 0.50878 0.0641577 0.0941176 0.0176798
0 0.566889 0.471992 0.063238 0.0917956 0.0176005
0 0.422616 0.598862 0.103603 0.220845 0.0175717
0 0.740786 0.434784 0.0685714 0.0980948 0.0175321
0 0.51393 0.57178 0.0572358 0.107982 0.0174343
0 0.306631 0.53059 0.025495 0.0431122 0.0173801
0 0.984567 0.654197 0.0308697 0.211141 0.0173709
0 0.417134 0.478469 0.0457432 0.0681359 0.0172873
0 0.980998 -0.0116042 0.0387148 0.0443293 0.0172809
0 0.807345 0.401122 0.0887606 0.156177 0.0172317
0 0.857484 0.45082 0.0930937 0.107538 0.0172205
0 0.667773 0.453057 0.087746 0.0799042 0.0171763
0 0.0731551 0.469639 0.029692 0.0256329 0.0171725
0 0.971876 0.734008 0.0512043 0.18606 0.0171616
0 0.648093 0.423852 0.113463 0.158507 0.0171352
0 0.0521088 0.455773 0.0675694 0.0755791 0.0170724
0 0.11593 0.360291 0.138095 0.259817 0.0168799
0 0.335306 0.510348 0.0251906 0.0329622 0.0168761
0 0.510067 0.639757 0.038973 0.0612058 0.0167998
0 0.267163 0.181784 0.276876 0.335799 0.0167974
0 0.910001 0.306565 0.171603 0.298072 0.0167084
0 0.884906 0.491246 0.111266 0.104882 0.0166643
0 0.989168 0.531001 0.0210134 0.123042 0.0165692
0 0.670234 0.424925 0.0983082 0.142711 0.0165413
0 0.484304 0.561756 0.0512894 0.100796 0.0164972
0 0.588441 0.54555 0.0600827 0.112847 0.0164773
0 0.491322 0.405141 0.0537052 0.081709 0.0163171
0 0.362056 0.289014 0.172865 0.236998 0.016256
0 0.406373 0.137704 0.0798064 0.132848 0.0161693
0 0.492578 0.373058 0.0377575 0.0590942 0.016165
0 0.982057 0.158431 0.0339304 0.0954139 0.0161084
0 0.0873384 0.609582 0.0810762 0.135137 0.0160734
0 0.80608 0.496353 0.106053 0.106369 0.0160136
0 0.7908 0.176463 0.204738 0.259459 0.015956
0 0.10246 0.375457 0.0245561 0.0346834 0.0159237
0 0.157407 0.51352 0.0161936 0.0287794 0.0159066
0 0.48814 0.469478 0.0638797 0.0587618 0.0156745
0 0.756983 0.423938 0.0838193 0.101408 0.0156725
0 0.837936 0.177143 0.216898 0.28585 0.0156338
0 0.193558 0.455795 0.058722 0.0712245 0.0156319
0 0.166573 0.455783 0.0487114 0.0693832 0.0155942
0 0.764599 0.229878 0.0764352 0.110866 0.0155877
0 0.427982 0.527385 0.107665 0.131094 0.0154739
0 0.965359 0.380141 0.0414318 0.124071 0.0154153
0 0.148939 0.330397 0.141616 0.273388 0.0153985
0 0.388337 0.393437 0.0451016 0.0715007 0.0152878
0 0.658813 0.421679 0.0363193 0.0393187 0.0152803
0 0.951667 0.610597 0.0814882 0.130124 0.0152142
0 0.11638 0.578652 0.0473121 0.0832521 0.0152104
0 0.38984 0.371099 0.0227942 0.0381552 0.0151687
0 0.775917 0.226234 0.0558263 0.0749532 0.0150688
0 0.628225 0.557891 0.110944 0.140251 0.0150045
0 0.932656 0.504306 0.0866135 0.0878969 0.0150022
0 0.969157 0.443787 0.0569937 0.118857 0.0149959
0 0.847586 0.284482 0.194625 0.315387 0.0149657
0 0.566799 0.805543 0.0400949 0.0645693 0.0147922
0 0.741639 0.502453 0.0911386 0.0905134 0.0146421
0 0.976514 0.507115 0.0503956 0.183154 0.014632
0 0.847053 0.550385 0.101609 0.119413 0.0145587
0 0.209226 0.0306517 0.120963 0.110654 0.0145035
0 0.956801 0.500653 0.0845467 0.10069 0.0144734
0 0.326222 0.42498 0.0506045 0.0677155 0.0144635
0 0.677831 0.56332 0.0863467 0.100233 0.0144253
0 0.424655 0.437728 0.0816311 0.101966 0.0143933
