0 0.245114 0.411786 0.0952154 0.109859 0.914264
0 0.580079 0.399713 0.064923 0.0879332 0.909566
0 0.328491 0.38397 0.0546291 0.0821235 0.873729
0 0.394518 0.370383 0.0264425 0.0445463 0.835318
0 0.382733 0.379288 0.0261705 0.0416068 0.818259
0 0.29685 0.401061 0.0392109 0.0860533 0.780492
0 0.361906 0.380842 0.0286274 0.0617861 0.755543
0 0.525225 0.38138 0.0226975 0.0487959 0.74249
0 0.501944 0.370973 0.0167251 0.0272074 0.741093
0 0.415041 0.373984 0.0182348 0.0275391 0.735758
0 0.43036 0.371695 0.0160803 0.0239465 0.707797
0 0.544558 0.389467 0.0315458 0.0652011 0.698308
0 0.512674 0.376803 0.0160002 0.033714 0.603198
0 0.442935 0.370324 0.0143872 0.0216673 0.537827
0 0.987716 0.417227 0.0245688 0.130147 0.440287
0 0.492916 0.36632 0.0129754 0.0225772 0.401493
0 0.420889 0.373685 0.0131239 0.0230713 0.343274
0 0.427134 0.372972 0.0145246 0.0238171 0.314937
0 0.506478 0.37395 0.0143128 0.0287669 0.29374
0 0.435084 0.371075 0.0131232 0.0220215 0.285578
0 0.516924 0.380062 0.0160849 0.0402849 0.27837
0 0.410985 0.374693 0.0139957 0.0272741 0.276271
