0 0.50654 0.489393 0.111921 0.228484 0.896325
0 0.5625 0.552257 0 0.48338 0.876585
0 0.430853 0.38417 0.0434844 0.0633681 0.753759
0 0.440691 0.359937 0.0512694 0.0933604 0.620216
0 0.5625 0.378448 0 0.0262277 0.483859
0 0.5625 0.377371 0 0.0244602 0.479623
0 0.533273 0.370377 0.0177467 0.0194814 0.464883
0 0.480263 0.368496 0.0263322 0.0452204 0.428934
0 0.5625 0.38243 0 0.0277044 0.391145
0 0.508316 0.367878 0.0146715 0.0195584 0.365779
0 0.493443 0.364192 0.017745 0.0325902 0.346214
0 0.5625 0.376655 0 0.0255173 0.343314
0 0.547375 0.357665 0.012759 0.0180589 0.313761
0 0.5625 0.364295 0 0.0441737 0.280687
0 0.5625 0.398747 0 0.0583792 0.276318
0 0.56122 0.358009 0.00256052 0.0241873 0.27486
0 0.556337 0.355039 0.012326 0.01905 0.26468
0 0.510512 0.363933 0.0178716 0.0244706 0.262076
0 0.533654 0.363015 0.0184133 0.023363 0.257309
0 0.473011 0.370379 0.0143964 0.0329312 0.248767
0 0.492526 0.370605 0.0161575 0.0258364 0.246629
0 0.5625 0.376551 0 0.025088 0.245982
0 0.5625 0.389411 0 0.041948 0.242578
0 0.5625 0.369853 0 0.0244686 0.236175
0 0.5625 0.379033 0 0.0330059 0.233505
0 0.539648 0.366459 0.016924 0.0191198 0.230993
0 0.559193 0.352618 0.00661364 0.0191141 0.226929
0 0.542884 0.357686 0.0144457 0.0180838 0.226644
0 0.55229 0.376049 0.02042 0.0370674 0.225278
0 0.5625 0.36395 0 0.0210418 0.216349
0 0.498711 0.367385 0.014031 0.025424 0.215918
0 0.562262 0.36697 0.000475121 0.0189822 0.212036
0 0.496546 0.364084 0.0147333 0.027055 0.211709
0 0.506107 0.365033 0.0139704 0.0241126 0.201503
0 0.5625 0.38151 0 0.0335578 0.201404
0 0.5625 0.380796 0 0.0313809 0.193031
0 0.481222 0.374832 0.0209861 0.0335049 0.192479
0 0.55946 0.369922 0.00608063 0.0226868 0.188777
0 0.5625 0.383223 0 0.0283439 0.187935
0 0.556841 0.365307 0.0113178 0.0194261 0.187087
0 0.456092 0.373657 0.0288388 0.0615629 0.180932
0 0.364574 0.401625 0.0546018 0.071632 0.180371
0 0.528218 0.370317 0.0172698 0.0173343 0.178421
0 0.482715 0.369106 0.0134671 0.0299089 0.172808
0 0.556843 0.359165 0.011314 0.0199287 0.168555
0 0.5123 0.367022 0.013618 0.0176123 0.166095
0 0.524929 0.363994 0.013894 0.0199654 0.160102
0 0.405241 0.378656 0.0201249 0.0457413 0.159412
0 0.5625 0.379536 0 0.0242853 0.158595
0 0.5625 0.382529 0 0.0326488 0.158077
0 0.579206 0.362511 0.0177449 0.0257828 0.150013
0 0.581317 0.371506 0.013938 0.0222885 0.149309
0 0.57807 0.368657 0.014453 0.0213637 0.137978
0 0.461212 0.390375 0.0122694 0.0262427 0.133208
0 0.62208 0.382167 0.0151991 0.0253221 0.132306
0 0.375495 0.400245 0.036107 0.0663918 0.12664
0 0.400696 0.388536 0.0276318 0.0518496 0.12637
0 0.483927 0.376984 0.0144258 0.0240263 0.124917
0 0.695479 0.381326 0.0315347 0.0389885 0.124094
0 0.463581 0.382579 0.015949 0.0358657 0.123135
0 0.727111 0.374891 0.0276753 0.0543489 0.119461
0 0.654518 0.382344 0.0345856 0.0422641 0.115961
0 0.489812 0.371494 0.0136497 0.0193684 0.113279
0 0.477036 0.381452 0.0160656 0.0301491 0.109867
0 0.455016 0.384597 0.0182611 0.0409728 0.106025
0 0.645666 0.374223 0.034833 0.0499724 0.102854
0 0.587511 0.363137 0.0190555 0.0278823 0.10089
0 0.586633 0.390488 0.016011 0.0272117 0.0983798
0 0.685054 0.379763 0.0434471 0.0504088 0.0980943
0 0.61131 0.387741 0.0143783 0.0296088 0.0977004
0 0.00558126 0.374019 0.0115464 0.0549787 0.0973523
0 0.470349 0.376434 0.0138735 0.0259501 0.0966308
0 0.668275 0.38209 0.036657 0.0451488 0.0945361
0 0.356539 0.363494 0.0234896 0.0308738 0.093494
0 0.286776 0.394066 0.0298641 0.0452873 0.0932463
0 0.585012 0.385846 0.0152555 0.0229722 0.0924504
0 0.47739 0.38395 0.012655 0.0214739 0.091228
0 0.628291 0.38213 0.0205963 0.0282689 0.0897387
0 0.599024 0.397893 0.0176558 0.0393745 0.0867944
0 0.398414 0.396311 0.0367745 0.0613046 0.086245
0 0.645302 0.384651 0.0164287 0.0248416 0.0855996
0 0.565068 0.381653 0.0381942 0.0434762 0.0849376
0 0.357171 0.371726 0.0307112 0.0440125 0.0839609
0 0.355072 0.387144 0.0533488 0.080361 0.0835116
0 0.592347 0.404554 0.0202877 0.0328718 0.0833585
0 0.0364854 0.399161 0.0739665 0.104101 0.0818881
0 0.310202 0.392219 0.0377113 0.0630652 0.0786542
0 0.91486 0.222845 0.16851 0.400181 0.0771716
0 0.407609 0.364372 0.0213145 0.0427574 0.073757
0 0.326272 0.381153 0.0331976 0.076526 0.073179
0 0.660509 0.376573 0.0419612 0.0540166 0.0726315
0 0.635373 0.382534 0.0156454 0.0231367 0.0720925
0 0.736434 0.372626 0.0437465 0.0702705 0.0714266
0 0.505644 0.344977 0.0125513 0.0171264 0.0706281
0 0.527557 0.344787 0.013061 0.0163656 0.0703885
0 0.328243 0.398235 0.0223108 0.0421527 0.0690217
0 0.507688 0.373883 0.0246027 0.0277765 0.0687843
0 0.338811 0.377322 0.047471 0.0799782 0.0684753
0 0.551805 0.392162 0.0729935 0.0796783 0.0679107
0 0.0772242 0.390941 0.065794 0.0738889 0.0675373
0 0.349799 0.372683 0.0414553 0.0603216 0.0667441
0 0.332085 0.394741 0.0341492 0.0560429 0.0665532
0 0.296392 0.378973 0.0388664 0.0740838 0.0664161
0 0.0133673 0.379916 0.027352 0.0716818 0.0660005
0 0.759322 0.402553 0.030674 0.0389453 0.0659205
0 0.635256 0.372472 0.0235602 0.0338907 0.0650126
0 0.458611 0.386803 0.0151344 0.0391901 0.0648037
0 0.0858972 0.402496 0.0661623 0.091585 0.0646445
0 0.56042 0.345468 0.0129484 0.0181174 0.0646363
0 0.0076213 0.390946 0.0149055 0.0844983 0.0644078
0 0.55734 0.34394 0.0132082 0.0179793 0.0640063
0 0.284478 0.375027 0.0250527 0.0530401 0.0625366
0 0.565455 0.34466 0.0141193 0.0181095 0.0624777
0 0.57155 0.403244 0.0513937 0.0539322 0.0621581
0 0.0882124 0.387104 0.0414686 0.0583351 0.0619747
0 0.469705 0.389646 0.0146961 0.0245892 0.0594838
0 0.74295 0.386382 0.0436563 0.0544092 0.0594176
0 0.494017 0.346833 0.0134345 0.0187051 0.0589193
0 0.854448 0.420699 0.027947 0.0525134 0.0579661
0 0.0222916 0.388905 0.0436256 0.0812341 0.0578269
0 0.534052 0.344789 0.0121962 0.0158345 0.0570562
0 0.539099 0.378891 0.0404201 0.0404711 0.0568181
0 0.596119 0.416362 0.0166476 0.0309853 0.055029
0 0.474542 0.347611 0.0144911 0.0224039 0.0548779
0 0.390461 0.387097 0.0273745 0.0503326 0.0546932
0 0.646663 0.363559 0.0432519 0.0700094 0.054635
0 0.284355 0.400352 0.0409441 0.0584243 0.0546306
0 0.258522 0.392106 0.042595 0.0723585 0.0545126
0 0.00509533 0.360238 0.0106571 0.0416071 0.0527306
0 0.578594 0.344775 0.0144174 0.018844 0.0517082
0 0.115003 0.389145 0.0310256 0.083709 0.0508206
0 0.605088 0.403329 0.0210158 0.0411137 0.0508066
0 0.886346 0.372713 0.103974 0.138887 0.050293
0 0.0459085 0.410495 0.0484327 0.0770977 0.0498275
0 0.0184012 0.42385 0.0355286 0.101227 0.0497597
0 0.260109 0.378809 0.0291999 0.0447298 0.0496335
0 0.254902 0.365459 0.0309817 0.0357874 0.0493966
0 0.0364749 0.422269 0.0724965 0.0820493 0.0493289
0 0.094571 0.337322 0.078726 0.109902 0.0490318
0 0.60075 0.362446 0.0190393 0.0274937 0.0488427
0 0.520041 0.383556 0.0545336 0.0541061 0.0487238
0 0.845867 0.418631 0.0389969 0.0591755 0.0482595
0 0.232464 0.390985 0.0392108 0.0717002 0.0476757
0 0.762183 0.389723 0.0353147 0.0510466 0.0475163
0 0.700565 0.385417 0.0209155 0.0319622 0.0474856
0 0.156786 0.398696 0.0742556 0.0991126 0.0471874
0 0.485484 0.390405 0.0209631 0.0306163 0.0468605
0 0.248939 0.389126 0.0573432 0.0870788 0.04685
0 0.831078 0.408809 0.0368299 0.0604174 0.0463021
0 0.220975 0.395292 0.0502728 0.0765428 0.0461931
0 0.783068 0.40646 0.0497929 0.0439875 0.045563
0 0.719289 0.372954 0.0453243 0.0673198 0.0452813
0 0.115438 0.416019 0.025517 0.0564756 0.0436432
0 0.44957 0.36853 0.0239456 0.0410266 0.0435663
0 0.010999 0.417051 0.0219854 0.109918 0.0427652
0 0.6857 0.36926 0.032822 0.0489665 0.0426165
0 0.38002 0.37335 0.0547153 0.102652 0.0424893
0 0.943667 0.234294 0.114611 0.357215 0.0420301
0 0.932906 0.384261 0.132144 0.147505 0.041912
0 0.790851 0.360564 0.0356146 0.0733497 0.0414887
0 0.832352 0.394306 0.0241867 0.0502608 0.0413218
0 0.0655184 0.397999 0.0669673 0.0911317 0.0409907
0 0.614692 0.363717 0.0159326 0.0250123 0.0405141
0 0.0727872 0.347232 0.145801 0.147052 0.0403462
0 0.14007 0.416848 0.0335133 0.0614765 0.0403336
0 0.24352 0.360764 0.0309504 0.0353223 0.040046
0 0.829776 0.356298 0.0319555 0.115615 0.0400192
0 0.408781 0.386741 0.0162052 0.0339792 0.0400037
0 0.0542128 0.423826 0.0370568 0.057033 0.0399984
0 0.124177 0.390939 0.0443445 0.0982903 0.0392486
0 0.27265 0.378108 0.0732893 0.100033 0.0391634
0 0.753634 0.408027 0.0339904 0.0541757 0.0390927
0 0.130787 0.403768 0.0326637 0.0796138 0.0390463
0 0.746467 0.365994 0.0500121 0.0865423 0.0388372
0 0.63615 0.349139 0.0606696 0.0918489 0.0387244
0 0.466182 0.415879 0.0156001 0.0292931 0.038556
0 0.978975 0.705558 0.0415951 0.16543 0.0383874
0 0.594369 0.331601 0.0205169 0.0302316 0.0381643
0 0.436469 0.382241 0.021602 0.0360704 0.0380088
0 0.719713 0.377841 0.0203681 0.0415387 0.0379913
0 0.445029 0.388879 0.0195151 0.0415219 0.0376194
0 0.0253858 0.441845 0.0521798 0.118014 0.0375617
0 0.471577 0.576515 0.155847 0.195154 0.0374077
0 0.794093 0.37263 0.0252427 0.0492551 0.0369081
0 0.184813 0.390367 0.0403847 0.0766048 0.0367659
0 0.622083 0.350956 0.0505019 0.0797014 0.0366197
0 0.0645961 0.421602 0.0332437 0.0617277 0.0363926
0 0.685335 0.382603 0.0225959 0.0326672 0.0362767
0 0.40974 0.36646 0.0156849 0.0339767 0.0362708
0 0.890624 0.349709 0.0890036 0.0998254 0.0361516
0 0.977716 0.65143 0.0450703 0.269581 0.0346552
0 0.137263 0.393031 0.039441 0.0859221 0.0345964
0 0.466355 0.704761 0.0323493 0.0496731 0.0343385
0 0.915157 0.3265 0.0462357 0.0498493 0.0342729
0 0.162343 0.468693 0.0361903 0.041812 0.034136
0 0.897276 0.271198 0.109221 0.34315 0.0340913
0 0.00871641 0.371536 0.0186483 0.0656747 0.0339947
0 0.166434 0.386124 0.0688709 0.078727 0.0339493
0 0.240835 0.372944 0.0336957 0.0498184 0.0339222
0 0.472194 0.336122 0.0173276 0.0275555 0.0333398
0 0.732663 0.842074 0.0277531 0.0506778 0.0331881
0 0.383127 0.371634 0.0237484 0.0449357 0.0331437
0 0.16903 0.466559 0.0508589 0.0544179 0.0325038
0 0.882875 0.408378 0.0788658 0.110156 0.0322622
0 0.139943 0.395853 0.0591529 0.103266 0.0319779
0 0.223776 0.380542 0.0319199 0.0590655 0.0317726
0 0.826796 0.395525 0.0317448 0.06085 0.0316878
0 0.783826 0.414379 0.0591283 0.0618955 0.0315813
0 0.0795828 0.385405 0.104651 0.102964 0.0313987
0 0.852471 0.437202 0.0457388 0.091468 0.03076
0 0.834348 0.366754 0.0254063 0.0941806 0.0304384
0 0.96762 0.700388 0.0638798 0.182041 0.0302677
0 0.238778 0.35985 0.0394068 0.0477424 0.0301706
0 0.0945892 0.360841 0.0980146 0.137381 0.0299983
0 0.166571 0.430815 0.0609444 0.0799791 0.0299164
0 0.432799 0.396574 0.0241714 0.0496731 0.0298409
0 0.783775 0.361876 0.0505082 0.086208 0.0297603
0 0.991363 0.741491 0.0158459 0.104091 0.0297097
0 0.801257 0.378932 0.0208534 0.0465335 0.0296749
0 0.470212 0.423981 0.0250699 0.0435271 0.0296418
0 0.121324 0.268666 0.0363627 0.037354 0.0294853
0 0.216081 0.381274 0.0301469 0.0595822 0.029216
0 0.428199 0.254807 0.0319495 0.0510105 0.0286041
0 0.780704 0.380508 0.0409654 0.0579589 0.0285224
0 0.760477 0.373109 0.0743722 0.107431 0.0285153
0 0.624395 0.385667 0.0141486 0.0248093 0.0282931
0 0.498073 0.414767 0.0557751 0.075043 0.0282406
0 0.506357 0.11597 0.0210402 0.0548139 0.0280549
0 0.224327 0.379762 0.0744078 0.0979112 0.0280246
0 0.697629 0.395381 0.0213283 0.0361886 0.0280155
0 0.739541 0.397593 0.0324865 0.0543968 0.0280106
0 0.184914 0.415763 0.0901769 0.119524 0.0279053
0 0.306144 0.379723 0.0447593 0.0774662 0.0277905
0 0.961955 0.389599 0.0739456 0.160651 0.0275145
0 0.219382 0.336179 0.0371369 0.0463206 0.0275037
0 0.552819 0.415622 0.0848477 0.100047 0.0272325
0 0.50981 0.419891 0.062265 0.0800608 0.027159
0 0.358192 0.337717 0.0216559 0.0283682 0.0271322
0 0.361342 0.451289 0.0601777 0.0858817 0.0270633
0 0.164007 0.272879 0.0343093 0.0412217 0.0270142
0 0.913361 0.417307 0.171497 0.221974 0.026941
0 0.223974 0.409412 0.0631628 0.0958643 0.026604
0 0.839548 0.422938 0.056996 0.0732131 0.026429
0 0.720901 0.388699 0.0309424 0.0480047 0.0264104
0 0.947537 0.319343 0.0976509 0.0440084 0.0262685
0 0.242981 0.341092 0.0248709 0.0341282 0.0262536
0 0.230877 0.215643 0.0222096 0.0314548 0.0260556
0 0.195728 0.398526 0.042096 0.0749318 0.02602
0 0.94589 0.352761 0.105452 0.0812179 0.0258154
0 0.708925 0.363858 0.0238659 0.0415132 0.0258023
0 0.554909 0.29606 0.015556 0.0229629 0.0257089
0 0.670429 0.3836 0.0220363 0.0365708 0.0253757
0 0.253755 0.344592 0.0219704 0.0356294 0.0253481
0 0.58959 0.424775 0.0242091 0.04288 0.0251037
0 0.851383 0.436336 0.0295441 0.058237 0.0250858
0 0.53694 0.415764 0.0761353 0.0876692 0.0250442
0 0.975707 0.471051 0.0462347 0.276839 0.0249833
0 0.116905 0.429553 0.0248105 0.0431836 0.0249727
0 0.852391 0.452699 0.0706125 0.140882 0.0249351
0 0.083118 0.189299 0.0373294 0.0638031 0.0246983
0 0.232305 0.840978 0.0274189 0.05098 0.0244645
0 0.957781 0.228252 0.078327 0.297794 0.0244262
0 0.354073 0.477494 0.0446547 0.0729372 0.0242826
0 0.83353 0.308245 0.0260286 0.0467844 0.024166
0 0.482857 0.278288 0.036002 0.0482196 0.0240606
0 0.413262 0.610445 0.132383 0.175142 0.0239704
0 0.873773 0.379938 0.0661293 0.108006 0.0239487
0 0.976753 0.406027 0.0462278 0.150492 0.0239409
0 0.607705 0.310762 0.0348249 0.0494124 0.0238472
0 0.807341 0.412896 0.0505579 0.0618067 0.0236616
0 0.104746 0.418975 0.040386 0.0599887 0.0236211
0 0.835799 0.341354 0.0384834 0.0806855 0.0234013
0 0.157916 0.46385 0.0372188 0.056317 0.0233681
0 0.665438 0.391341 0.0180441 0.0299793 0.0232503
0 0.458645 0.431232 0.033481 0.0686157 0.0232401
0 0.956016 0.505394 0.0854046 0.39797 0.0230052
0 0.940372 0.453371 0.114445 0.277352 0.0229976
0 0.867142 0.360242 0.0852427 0.134881 0.0229011
0 0.964252 0.431226 0.0636667 0.200587 0.0228614
0 0.856377 0.404834 0.0315334 0.0567246 0.0228206
0 0.284782 0.358352 0.0247655 0.0620354 0.0228083
0 0.37189 0.438579 0.0456377 0.0859016 0.022736
0 0.861616 0.184458 0.216203 0.368602 0.0227096
0 0.813255 0.398515 0.0404737 0.057337 0.0226898
0 0.115015 0.375623 0.0724452 0.116446 0.0225589
0 0.826248 0.421872 0.0457109 0.0657751 0.0225313
0 0.889288 0.390811 0.0640598 0.105822 0.0225038
0 0.445764 0.322455 0.0517929 0.0673497 0.0224889
0 0.0267262 0.334624 0.0486007 0.0896568 0.0224091
0 0.683274 0.328984 0.0393481 0.0599431 0.0223023
0 0.172857 0.469897 0.0718273 0.104558 0.0222559
0 0.0823252 0.259637 0.055106 0.0483757 0.0221345
0 0.254347 0.370153 0.0462536 0.0675992 0.0220867
0 0.405383 0.408828 0.0336303 0.0724358 0.0219594
0 0.887374 0.361875 0.0663841 0.0934949 0.0219197
0 0.422305 0.384905 0.018113 0.0392447 0.0217169
0 0.39077 0.510725 0.0939941 0.13221 0.021493
0 0.907536 0.335564 0.0620098 0.0640162 0.0214118
0 0.166108 0.370722 0.149937 0.158532 0.0213755
0 0.799833 0.090569 0.156272 0.177934 0.0213221
