0 0.212138 0.504692 0.0992634 0.114112 0.904582
0 0.383764 0.489403 0.0237034 0.0328614 0.85028
0 0.436585 0.475367 0.0191844 0.0240608 0.827513
0 0.285504 0.481416 0.0263093 0.0345714 0.530896
0 0.257799 0.473349 0.029052 0.0391283 0.348031
0 0.266045 0.453867 0.0272221 0.0341354 0.273943
0 0.265738 0.47762 0.0306339 0.0396404 0.273378
0 0.0427458 0.472818 0.0455318 0.0411881 0.269175
0 0.0329025 0.471118 0.0645952 0.0548054 0.243256
0 0.297862 0.476347 0.0553033 0.0576363 0.222079
0 0.484245 0.479077 0.0406303 0.0321699 0.196068
0 0.305498 0.445558 0.0248198 0.0285061 0.192966
0 0.499342 0.482176 0.0167121 0.0239191 0.19265
0 0.504304 0.481852 0.024461 0.0275052 0.176685
0 0.163448 0.468124 0.0232932 0.0288651 0.175047
0 0.39272 0.461291 0.0149118 0.0179361 0.166065
0 0.167543 0.46897 0.0306748 0.0362178 0.161448
0 0.253797 0.467445 0.035219 0.0529315 0.160496
0 0.306015 0.451634 0.030737 0.0390637 0.14554
0 0.274949 0.455631 0.0319119 0.0348634 0.135662
0 0.433524 0.473236 0.0133472 0.0164703 0.1337
0 0.381619 0.475414 0.0192255 0.0271963 0.126915
0 0.469419 0.477367 0.0149702 0.0221682 0.126704
0 0.271056 0.452073 0.0158536 0.019665 0.122396
0 0.273026 0.484706 0.0406108 0.0556329 0.122108
0 0.253166 0.485017 0.0274394 0.0386442 0.119654
0 0.492898 0.479392 0.0230051 0.024849 0.117134
0 0.254999 0.473855 0.0218135 0.0287181 0.114376
0 0.284023 0.477221 0.0199273 0.0254342 0.113574
0 0.394519 0.466991 0.0149634 0.0187903 0.112082
0 0.267637 0.45049 0.0210482 0.0201218 0.11179
0 0.30844 0.448548 0.0162194 0.0225634 0.110613
0 0.159949 0.467899 0.0169708 0.0234849 0.107861
0 0.299018 0.447042 0.0164757 0.0199696 0.106496
0 0.441239 0.475643 0.0129351 0.0180999 0.104405
0 0.259429 0.464327 0.0162524 0.0232375 0.103843
0 0.289582 0.474062 0.0232929 0.0263188 0.103738
0 0.295935 0.460269 0.0148101 0.0193693 0.0990941
0 0.386455 0.478401 0.0177191 0.0193385 0.0962345
0 0.154532 0.468627 0.0333686 0.0344916 0.0928891
0 0.527388 0.479675 0.0685439 0.0419688 0.0915816
0 0.278842 0.477572 0.0244739 0.0336686 0.0898101
0 0.259162 0.445477 0.0166829 0.0198778 0.0890772
0 0.0607186 0.470984 0.0570641 0.0475072 0.0881751
0 0.26403 0.466644 0.0193974 0.0273844 0.0872963
0 0.0773599 0.468117 0.0963913 0.059999 0.0844843
0 0.46301 0.477257 0.0140388 0.0190567 0.0843499
0 0.392351 0.471751 0.0143283 0.0207319 0.0842176
0 0.248727 0.497266 0.0328102 0.0697957 0.0839732
0 0.0478783 0.474369 0.0312609 0.030767 0.0807725
0 0.0411322 0.456493 0.0701519 0.0795421 0.080486
0 0.30607 0.456359 0.0182504 0.0216868 0.0785946
0 0.0558633 0.473057 0.0214691 0.0247865 0.0781284
0 0.483197 0.478071 0.0164061 0.0201248 0.076922
0 0.30033 0.441417 0.0308384 0.0321708 0.0763613
0 0.494781 0.470685 0.0175169 0.0272202 0.0749651
0 0.39025 0.466685 0.0157432 0.0169012 0.0747112
0 0.509787 0.490179 0.0173936 0.0192024 0.0744062
0 0.178765 0.462059 0.0529707 0.0462541 0.0720966
0 0.501807 0.488219 0.0157823 0.0202549 0.0717273
0 0.473554 0.477055 0.0149006 0.0184931 0.0707478
0 0.313452 0.461001 0.0282034 0.0422385 0.0693498
0 0.970693 0.502783 0.0594921 0.0697995 0.0684611
0 0.300658 0.471004 0.0309132 0.0344011 0.0681574
0 0.695253 0.49643 0.0395878 0.0296544 0.0680823
0 0.466968 0.479872 0.0130159 0.0186667 0.067794
0 0.144795 0.469884 0.0541628 0.0398076 0.0661552
0 0.702586 0.496366 0.0253025 0.025235 0.0649315
0 0.142249 0.463504 0.0770523 0.0661385 0.0642308
0 0.502901 0.484028 0.0173093 0.0219373 0.0639733
0 0.0718078 0.452871 0.0975652 0.0843969 0.0632119
0 0.578593 0.487847 0.0347512 0.0289369 0.0624757
0 0.480919 0.482371 0.0163058 0.0225457 0.0620109
0 0.00734451 0.482701 0.0152433 0.0418437 0.0612728
0 0.37822 0.4844 0.0142791 0.0202889 0.0604587
0 0.397065 0.477392 0.0132363 0.0181475 0.0599548
0 0.0267413 0.45671 0.0523083 0.0964831 0.0591165
0 0.307192 0.461217 0.0245181 0.0309968 0.0583651
0 0.231084 0.46667 0.0517256 0.0395359 0.0583175
0 0.326781 0.472124 0.0287842 0.040389 0.0577118
0 0.40101 0.468998 0.0167624 0.0197584 0.0571101
0 0.296787 0.450459 0.0190092 0.0197233 0.0568401
0 0.380191 0.467487 0.016808 0.023208 0.0561943
0 0.948007 0.513293 0.0407146 0.0354051 0.0561548
0 0.589763 0.485858 0.0526825 0.0361118 0.0552055
0 0.416458 0.491125 0.0171415 0.0246724 0.0548485
0 0.423008 0.472971 0.0148691 0.0185934 0.0525503
0 0.249284 0.47614 0.0429358 0.049767 0.052105
0 0.728721 0.493288 0.0743881 0.0445785 0.0516847
0 0.930805 0.511257 0.0732403 0.0473434 0.0508016
0 0.241046 0.502135 0.042611 0.087415 0.0501078
0 0.507492 0.483749 0.0184454 0.0198519 0.0497464
0 0.0055006 0.485056 0.0111424 0.0273595 0.0491936
0 0.380773 0.484177 0.0218399 0.0307776 0.0490977
0 0.314091 0.465809 0.01695 0.0229918 0.0482012
0 0.534783 0.468762 0.075557 0.0735319 0.0477762
0 0.469736 0.48388 0.0176279 0.0248075 0.0477733
0 0.371035 0.447365 0.0193349 0.0197099 0.047663
0 0.573424 0.477505 0.0394615 0.0406852 0.047321
0 0.025491 0.480157 0.051733 0.0617468 0.0470899
0 0.128497 0.469611 0.0714013 0.0433748 0.0465669
0 0.502633 0.495642 0.0191643 0.0229116 0.0465423
0 0.592894 0.476535 0.0665082 0.0555076 0.0458506
0 0.223536 0.461079 0.0803542 0.0512195 0.0458497
0 0.0903173 0.470525 0.0747927 0.0485803 0.0452816
0 0.305844 0.477498 0.0198269 0.0263119 0.0448982
0 0.321177 0.474734 0.0188289 0.0267336 0.0446966
0 0.991908 0.395767 0.0155439 0.0465544 0.0438716
0 0.685979 0.493716 0.0594888 0.0356752 0.0427681
0 0.15901 0.483343 0.0197987 0.0363575 0.0426998
0 0.946457 0.514512 0.0758207 0.0499861 0.0426194
0 0.987599 0.449443 0.0264992 0.177889 0.0422047
0 0.375062 0.472687 0.0156963 0.0206248 0.0421571
0 0.716035 0.495268 0.0471488 0.0337449 0.0417609
0 0.402661 0.475445 0.015167 0.0192395 0.0412696
0 0.392725 0.45488 0.0154271 0.0190076 0.041267
0 0.965451 0.486235 0.0667065 0.106888 0.0410513
0 0.0733596 0.415779 0.135978 0.163893 0.0410468
0 0.419065 0.470953 0.0166062 0.0190618 0.0406756
0 0.420134 0.28186 0.0614314 0.0516457 0.0406511
0 0.242596 0.469246 0.0246346 0.0265233 0.0401896
0 0.19518 0.459836 0.0606528 0.0400432 0.0394647
0 0.682873 0.486112 0.067405 0.0548882 0.039184
0 0.705526 0.494313 0.0173331 0.0220318 0.0391473
0 0.313015 0.473907 0.0161794 0.0221814 0.0388546
0 0.377709 0.479222 0.0129672 0.0192463 0.038557
0 0.314527 0.476227 0.0272559 0.0326304 0.0382272
0 0.0372796 0.438181 0.0755898 0.128347 0.0377157
0 0.985624 0.489731 0.0292904 0.0899366 0.0373653
0 0.266264 0.481835 0.017343 0.0334027 0.0366177
0 0.975688 0.455738 0.0477535 0.188216 0.0363544
0 0.945475 0.487006 0.0918224 0.102468 0.0363297
0 0.0126378 0.484812 0.0232459 0.0645696 0.0360394
0 0.30615 0.408824 0.0579243 0.0904085 0.0358374
0 0.893072 0.438963 0.210913 0.184235 0.0353667
0 0.260552 0.493376 0.0176123 0.0279629 0.0352462
0 0.268192 0.423947 0.0418384 0.0656425 0.0349455
0 0.176089 0.482956 0.0320995 0.0582878 0.0346041
0 0.0358392 0.485615 0.0312102 0.0448459 0.0344852
0 0.990948 0.41711 0.018568 0.0903466 0.0342121
0 0.224531 0.464092 0.102682 0.0923354 0.0338084
0 0.43864 0.477006 0.012409 0.0169155 0.033197
0 0.245153 0.4613 0.0413787 0.0494511 0.0329496
0 0.371611 0.45574 0.0197088 0.0248875 0.0328345
0 0.957017 0.445675 0.085848 0.174264 0.0328261
0 0.922811 0.503446 0.0942673 0.0555872 0.0325319
0 0.497102 0.477791 0.0156657 0.0217585 0.032473
0 0.626147 0.491381 0.0430718 0.0293379 0.0316714
0 0.537318 0.451545 0.081024 0.115365 0.030809
0 0.501088 0.475327 0.0167811 0.0250168 0.030573
0 0.0516077 0.479216 0.0227859 0.0274125 0.0304274
0 0.576553 0.492657 0.024936 0.0214741 0.0302299
0 0.642925 0.492879 0.041956 0.0296216 0.0301397
0 0.519536 0.493128 0.0254516 0.0269385 0.0297606
0 0.263696 0.515557 0.03118 0.0491656 0.029364
0 0.514787 0.311299 0.0237576 0.026774 0.0280531
0 0.28671 0.392363 0.0470599 0.0539419 0.0278811
0 0.116196 0.463335 0.0880264 0.0566305 0.0272991
0 0.0670483 0.475395 0.0244986 0.0255832 0.0271509
0 0.00516682 0.494807 0.0123002 0.0474763 0.0270748
0 0.442772 0.445879 0.0131339 0.019873 0.0268362
0 0.0177951 0.482626 0.0218156 0.0301061 0.0266925
0 0.572497 0.496543 0.0197262 0.0200275 0.0265657
0 0.468548 0.379384 0.0200987 0.0332542 0.0261079
0 0.0455693 0.384385 0.0885862 0.222586 0.0259618
0 0.15663 0.508306 0.0475474 0.0897302 0.025854
0 0.575172 0.467206 0.09039 0.0853747 0.0255814
0 0.90342 0.474282 0.171635 0.113864 0.0253397
0 0.873251 0.461577 0.200382 0.130818 0.0253106
0 0.397862 0.438854 0.0183263 0.0243423 0.0250724
0 0.567481 0.49355 0.0206834 0.0239771 0.0250345
0 0.271416 0.288464 0.0226962 0.0317477 0.0248311
0 0.679385 0.471794 0.0762322 0.0895064 0.0247285
0 0.155198 0.447782 0.0305392 0.044037 0.0246804
0 0.428956 0.451798 0.0133178 0.017847 0.0245399
0 0.988757 0.401279 0.0220613 0.0636513 0.024472
0 0.366955 0.491992 0.017799 0.0215194 0.0242988
0 0.911813 0.393835 0.169352 0.192796 0.0242639
0 0.359435 0.480689 0.0194084 0.0270384 0.0238638
0 0.566553 0.498656 0.0192753 0.0232463 0.0238211
0 0.439946 0.452722 0.0120969 0.0161763 0.0237631
0 0.98969 0.836891 0.0204596 0.173625 0.02342
0 0.325256 0.444058 0.0312962 0.0453373 0.0232588
0 0.698194 0.491628 0.0267131 0.0279673 0.0231402
0 0.524081 0.473549 0.0423429 0.0441293 0.0230577
0 0.523733 0.484431 0.0408442 0.0327315 0.0229793
0 0.0220881 0.556626 0.0465186 0.106719 0.0228026
0 0.414523 0.377506 0.0340055 0.0390476 0.0225374
0 0.961648 0.536075 0.0724358 0.109082 0.0224389
0 0.33408 0.450525 0.0348472 0.0409975 0.0223041
0 0.270126 0.382566 0.0369382 0.0420855 0.0221901
0 0.978499 0.551356 0.044566 0.148158 0.0215194
0 0.170939 0.480735 0.0209296 0.0415771 0.0213108
0 0.297413 0.400585 0.0453275 0.0576738 0.0211458
0 0.81229 0.434671 0.2712 0.19473 0.0211217
0 0.562472 0.485986 0.023003 0.0240757 0.0209655
0 0.987 0.361964 0.0243736 0.0821367 0.0208605
0 0.944857 0.421292 0.0788616 0.0953118 0.0205396
0 0.739698 0.499359 0.0996025 0.0431571 0.0205327
0 0.703478 0.486334 0.028212 0.0282924 0.0202345
0 0.723697 0.465569 0.0795164 0.109355 0.0201883
0 0.87253 0.380191 0.247236 0.313166 0.0201774
0 0.370596 0.436203 0.0186371 0.0221072 0.0201725
0 0.854621 0.334573 0.0511478 0.0791754 0.0200325
0 0.964482 0.573708 0.0694233 0.163104 0.0199824
0 0.0338503 0.479458 0.0243263 0.0305625 0.0197434
0 0.352549 0.47588 0.0181162 0.0232891 0.0197262
0 0.343388 0.462987 0.0262775 0.0327354 0.0195646
0 0.879991 0.384699 0.173866 0.155198 0.0194661
0 0.584252 0.494216 0.0362442 0.0236708 0.0193695
0 0.0666667 0.612207 0.152328 0.28704 0.0192395
0 0.905586 0.40111 0.051251 0.0634013 0.0192087
0 0.11235 0.491549 0.0361566 0.0394195 0.0191579
0 0.0644588 0.492136 0.0291859 0.0411872 0.0191527
0 0.463063 0.413397 0.0171766 0.0300886 0.0190678
0 0.737234 0.151028 0.105434 0.146698 0.0190318
0 0.143843 0.479375 0.0355524 0.0354547 0.0188179
0 0.416118 0.354702 0.0484956 0.0674153 0.0187826
0 0.234925 0.351766 0.0283246 0.0382501 0.0187311
0 0.705399 0.50849 0.0236984 0.0242509 0.0183671
0 0.183219 0.918162 0.046145 0.0695786 0.0183442
0 0.99057 0.797375 0.0182636 0.117604 0.0182089
0 0.179832 0.346 0.0273073 0.0364833 0.0182075
0 0.0408694 0.244054 0.0792899 0.19874 0.0181642
0 0.147019 0.499421 0.0462979 0.0621304 0.0180335
0 0.92737 0.41122 0.053108 0.0604259 0.0179953
0 0.981949 0.597441 0.0372587 0.144319 0.0179185
0 0.911124 0.345301 0.157061 0.17643 0.0178883
0 0.566171 0.471373 0.0496949 0.059202 0.0178392
0 0.270392 0.335942 0.0373197 0.0553723 0.0177426
0 0.228646 0.247913 0.0385053 0.0497424 0.0177074
0 0.235889 0.437225 0.0680749 0.0730604 0.0176318
0 0.733889 0.18824 0.0807867 0.0999204 0.0176302
0 0.94847 0.529484 0.080147 0.0759382 0.0173794
0 0.990363 0.602883 0.0194857 0.11238 0.0173657
0 0.190689 0.313652 0.218561 0.321233 0.0173467
0 0.587188 0.453817 0.0779869 0.102078 0.0173057
0 0.473025 0.283693 0.0485279 0.0601452 0.0171716
0 0.632121 0.142687 0.0987779 0.159716 0.0168198
0 0.452914 0.222071 0.022593 0.0388323 0.0168061
0 0.630434 0.486103 0.0780858 0.0473202 0.0167719
0 0.312396 0.397869 0.0286731 0.0361693 0.0167337
0 0.576534 0.521886 0.0287365 0.0342628 0.0167305
0 0.546366 0.496776 0.0263286 0.0298487 0.016708
0 0.0708765 0.242238 0.121905 0.177579 0.0166971
0 0.366106 0.44101 0.017825 0.0250385 0.0165949
0 0.0365796 0.311781 0.0733622 0.28118 0.0165845
0 0.643288 0.482375 0.0589107 0.0461968 0.0164912
0 0.576576 0.174122 0.199764 0.315585 0.016477
0 0.938572 0.45584 0.100004 0.140863 0.0163858
0 0.982436 0.842907 0.0344685 0.187004 0.0162806
0 0.894462 0.386399 0.0323868 0.0455487 0.0162386
0 0.222222 0.429855 0.0752704 0.094235 0.0161593
0 0.96694 0.771314 0.0606125 0.148976 0.0160598
0 0.529338 0.446455 0.0456545 0.0706539 0.0160074
0 0.461141 0.387369 0.0198317 0.0313064 0.0159951
0 0.37045 0.344582 0.135426 0.245037 0.0159777
0 0.444286 0.339913 0.0169165 0.0299017 0.0158827
0 0.941831 0.546203 0.0978304 0.10882 0.0158625
0 0.00897681 0.200963 0.0174052 0.0614814 0.0158225
0 0.13575 0.449995 0.0633589 0.0735181 0.0158142
0 0.430701 0.388464 0.0319694 0.04128 0.0157852
0 0.0870002 0.473233 0.0366817 0.0288966 0.0157833
0 0.75014 0.448679 0.196668 0.154758 0.0157337
0 0.337726 0.387345 0.0466521 0.0509381 0.015593
0 0.258154 0.386801 0.0444094 0.0507827 0.0155893
0 0.705249 0.50626 0.0471232 0.0432558 0.015527
0 0.0133886 0.426721 0.0248031 0.10096 0.0155058
0 0.475592 0.381904 0.0246492 0.0372495 0.0154313
0 0.147058 0.528345 0.0478768 0.0666368 0.0154103
0 0.416156 0.342618 0.109586 0.184018 0.0153796
0 0.230843 0.548936 0.047659 0.0840102 0.015327
0 0.00430184 0.510413 0.0105994 0.032409 0.0153144
0 0.944096 0.581152 0.112276 0.161341 0.0152718
0 0.512003 0.319771 0.0208757 0.0301132 0.015229
0 0.110672 0.475629 0.0262579 0.0257974 0.0151501
0 0.988136 0.796406 0.0259912 0.163591 0.0151309
0 0.265172 0.35732 0.0453923 0.0556897 0.0151069
0 0.968537 0.610118 0.0599808 0.11455 0.0150979
0 0.671347 0.494492 0.0591741 0.0340997 0.0150254
0 0.613905 0.468139 0.0756107 0.0768572 0.0150217
0 0.792408 0.141302 0.0651518 0.108329 0.0150205
0 0.052736 0.259541 0.0329895 0.059942 0.0150024
0 0.124701 0.47859 0.0268315 0.028129 0.0149237
0 0.756035 0.479917 0.119761 0.077152 0.0149043
0 0.978774 -0.0118447 0.041403 0.0456016 0.0148424
0 0.56511 0.518406 0.0256764 0.0346496 0.0148301
0 0.974493 0.406309 0.047632 0.0969318 0.0147949
0 0.637574 0.504382 0.0200126 0.0207114 0.0147875
0 0.28392 0.503999 0.0217603 0.0304886 0.0147405
0 0.691941 0.502514 0.0496963 0.033613 0.0146569
0 0.63818 0.497102 0.0280787 0.0209295 0.0146508
0 0.0836736 0.377622 0.140529 0.201492 0.0146354
0 0.953338 0.601171 0.0817402 0.106404 0.0146015
0 0.413088 0.415534 0.0273881 0.0277437 0.0145858
0 0.714341 0.185323 0.0607157 0.0863929 0.01452
0 0.0130617 0.0582445 0.0255962 0.095767 0.0145173
0 0.82994 0.43354 0.129672 0.132091 0.0144689
0 0.510731 0.333081 0.0208677 0.0348302 0.0144109
0 0.61064 0.146811 0.0739228 0.111349 0.0143629
