0 0.487913 0.408868 0.0738668 0.097043 0.894529
0 0.5625 0.451308 0 0.168954 0.86984
0 0.406746 0.372096 0.0264185 0.039596 0.72307
0 0.319473 0.368389 0.021127 0.0267575 0.693959
0 0.5625 0.395137 0 0.0378576 0.590683
0 0.42367 0.366591 0.0136807 0.0208726 0.570618
0 0.446093 0.36849 0.0156522 0.0210486 0.514381
0 0.353463 0.361333 0.0171621 0.0230252 0.475781
0 0.37233 0.364061 0.0117972 0.018328 0.457862
0 0.335728 0.362472 0.0144497 0.0211862 0.444526
0 0.382283 0.367426 0.012303 0.018817 0.441498
0 0.0858918 0.371209 0.0479941 0.0519642 0.380835
0 0.460367 0.373295 0.014173 0.0253402 0.37045
0 0.236833 0.368747 0.0341496 0.0337992 0.360549
0 0.311739 0.367764 0.0222332 0.0277298 0.35089
0 0.284121 0.366925 0.0318257 0.0336762 0.336441
0 0.38609 0.36558 0.0117038 0.0170886 0.322404
0 0.017172 0.373681 0.0341802 0.0486076 0.316685
0 0.391099 0.365371 0.0105317 0.0160022 0.281716
0 0.306531 0.367941 0.014901 0.0234897 0.266926
0 0.245833 0.367468 0.037288 0.0358042 0.263718
0 0.5625 0.390966 0 0.038471 0.262237
0 0.379563 0.366463 0.0116322 0.0157274 0.256188
0 0.333069 0.365373 0.0129059 0.018645 0.238867
0 0.440959 0.367718 0.0126347 0.0180641 0.233948
0 0.427102 0.366317 0.0105596 0.0159701 0.225503
0 0.383341 0.362916 0.0117365 0.0169195 0.219207
0 0.35385 0.363153 0.0125895 0.015866 0.216794
0 0.363624 0.363255 0.0116009 0.0167004 0.208826
0 0.450388 0.368589 0.0144691 0.0201234 0.195457
0 0.466241 0.369516 0.0186311 0.0245411 0.194188
0 0.431173 0.367082 0.0118779 0.0168287 0.192783
0 0.432769 0.363654 0.0117857 0.0192608 0.191837
0 0.5625 0.389189 0 0.0417267 0.191232
0 0.418188 0.366316 0.0121491 0.0164876 0.188312
0 0.442867 0.365098 0.0146462 0.0221595 0.186016
0 0.453799 0.370158 0.0134902 0.0209345 0.179722
0 0.387209 0.36204 0.0121821 0.0174789 0.178879
0 0.341462 0.363099 0.0133133 0.0199148 0.178309
0 0.437854 0.366123 0.0119143 0.0187219 0.177137
0 0.5625 0.408492 0 0.027632 0.176983
0 0.346516 0.364606 0.0140377 0.0184441 0.171624
0 0.468835 0.370696 0.0247299 0.0319167 0.169849
0 0.310733 0.366766 0.0164386 0.0224123 0.164433
0 0.326023 0.364995 0.0150834 0.0217782 0.158431
0 0.231611 0.369504 0.0233457 0.0264346 0.155805
0 0.124764 0.373192 0.0340889 0.0372956 0.155536
0 0.170156 0.372449 0.0447543 0.0414244 0.154823
0 0.47703 0.363662 0.0335083 0.0273742 0.154483
0 0.5625 0.399891 0 0.0368069 0.151392
0 0.820787 0.398229 0.0453308 0.0428133 0.147484
0 0.278819 0.369384 0.0205854 0.0267275 0.146147
0 0.24301 0.37039 0.0199348 0.0255118 0.142083
0 0.806117 0.404322 0.0451317 0.0364538 0.139877
0 0.651568 0.379835 0.0252726 0.0395451 0.137012
0 0.52114 0.379004 0.0192753 0.0277503 0.13677
0 0.750596 0.39717 0.0291056 0.0366835 0.135063
0 0.450481 0.374427 0.0130445 0.019539 0.134424
0 0.256644 0.368061 0.0198177 0.0298316 0.131764
0 0.284333 0.356192 0.0421361 0.0563488 0.129936
0 0.796015 0.405119 0.0361303 0.0366364 0.128786
0 0.810327 0.391802 0.0644941 0.0599484 0.128353
0 0.380516 0.370469 0.0140877 0.0211462 0.128336
0 0.180136 0.369748 0.0646439 0.0525424 0.127876
0 0.692297 0.394415 0.0290659 0.0443316 0.124933
0 0.425877 0.372041 0.0129093 0.0247698 0.124279
0 0.0216192 0.369487 0.0433119 0.0682496 0.123944
0 0.701971 0.381057 0.0588878 0.0678995 0.123657
0 0.752049 0.388524 0.0347958 0.0503766 0.120529
0 0.717034 0.392542 0.0272401 0.027233 0.117881
0 0.793908 0.414404 0.0178436 0.0238179 0.115609
0 0.478017 0.396436 0.0419203 0.0653262 0.11545
0 0.250928 0.369411 0.0188975 0.0256926 0.114132
0 0.778169 0.398717 0.0544816 0.0455354 0.113288
0 0.724448 0.393228 0.0527436 0.047995 0.11322
0 0.713102 0.396387 0.024842 0.0292572 0.112642
0 0.483855 0.361017 0.04262 0.0266507 0.112356
0 0.0489166 0.370755 0.0841799 0.0671911 0.112201
0 0.323188 0.374625 0.0170553 0.0208306 0.111858
0 0.300997 0.370571 0.0164651 0.0237331 0.109364
0 0.688107 0.394939 0.0182764 0.0307148 0.107313
0 0.791755 0.396533 0.0444251 0.051852 0.106933
0 0.590618 0.382077 0.0198303 0.0261687 0.10533
0 0.284318 0.371577 0.0186934 0.0235675 0.104934
0 0.0710159 0.371752 0.0576026 0.0590984 0.104642
0 0.655601 0.372987 0.0358027 0.0558468 0.104623
0 0.702572 0.395726 0.0189925 0.029421 0.103166
0 0.710021 0.400801 0.0486289 0.0529577 0.101979
0 0.446959 0.377329 0.0121496 0.0316724 0.0999751
0 0.211283 0.373699 0.0272216 0.0307788 0.0990424
0 0.720566 0.395887 0.0200664 0.0276803 0.0982226
0 0.52559 0.383489 0.0233208 0.0317005 0.0980462
0 0.0194966 0.387361 0.0417938 0.0948307 0.0977059
0 0.163708 0.37527 0.0309594 0.0357738 0.0976693
0 0.690827 0.382377 0.0394232 0.0590815 0.0968511
0 0.295918 0.364775 0.0193543 0.0275047 0.0955866
0 0.413889 0.367951 0.0152993 0.0227668 0.0940448
0 0.0740736 0.376306 0.0242091 0.0352789 0.0934496
0 0.866212 0.40113 0.063661 0.0610908 0.0933833
0 0.84405 0.394555 0.0681576 0.0574653 0.092026
0 0.453259 0.365194 0.0132448 0.0218937 0.0910141
0 0.647762 0.378096 0.0191189 0.0311546 0.0901496
0 0.611041 0.379548 0.0231894 0.0262188 0.0895695
0 0.212359 0.367286 0.0389669 0.0418791 0.0883319
0 0.747595 0.406412 0.0299104 0.0328299 0.0871822
0 0.459751 0.365289 0.0155044 0.0192425 0.0864762
0 0.0823506 0.372521 0.0225162 0.0297161 0.086105
0 0.598292 0.370623 0.0357425 0.0457573 0.0847742
0 0.681186 0.385198 0.0227529 0.0301301 0.084492
0 0.106102 0.366341 0.0660988 0.0624272 0.0830113
0 0.246854 0.365205 0.0195863 0.0274566 0.0817607
0 0.490561 0.366024 0.041028 0.0304564 0.0810013
0 0.0923101 0.368171 0.0330611 0.0413317 0.0794906
0 0.23912 0.373591 0.0188036 0.0223214 0.0772376
0 0.268173 0.365826 0.0204805 0.027055 0.0767733
0 0.534377 0.376533 0.0302402 0.0302342 0.0758271
0 0.751112 0.405628 0.022057 0.0250019 0.0753789
0 0.230234 0.362373 0.0466034 0.0521128 0.0752648
0 0.00332032 0.375774 0.00707395 0.0337508 0.0752154
0 0.833709 0.400956 0.0530211 0.0475844 0.0736685
0 0.82432 0.401982 0.0329821 0.0313969 0.0719793
0 0.649409 0.384946 0.0195786 0.0339631 0.0717225
0 0.446919 0.366233 0.0108285 0.0178552 0.0712393
0 0.274578 0.368382 0.0179213 0.0253269 0.0710764
0 0.241325 0.364652 0.0213478 0.0266086 0.07043
0 0.992656 0.351121 0.0154644 0.0501812 0.0700675
0 0.978607 0.439467 0.0435078 0.153347 0.0696414
0 0.635722 0.390124 0.040714 0.0483536 0.0688766
0 0.528377 0.377261 0.0156321 0.0238344 0.06782
0 0.712061 0.390024 0.0243677 0.0203557 0.0670011
0 0.850811 0.398308 0.0959448 0.090999 0.0664108
0 0.601315 0.383394 0.0418033 0.0387121 0.0661898
0 0.606946 0.370493 0.0311649 0.0395434 0.0657103
0 0.0306801 0.388853 0.0770896 0.101323 0.0656786
0 0.193792 0.357889 0.0611857 0.0696508 0.0656267
0 0.66858 0.384956 0.0199331 0.0271749 0.0655997
0 0.0553383 0.350993 0.0933957 0.114321 0.0637652
0 0.0804306 0.362704 0.0619065 0.0765543 0.063057
0 0.403917 0.371163 0.0209252 0.0300142 0.0624054
0 0.979255 0.396089 0.0419458 0.0638569 0.0620085
0 0.67666 0.390701 0.0182554 0.027662 0.0616468
0 0.509837 0.375677 0.0191134 0.0271518 0.0613694
0 0.739495 0.403943 0.0190557 0.0248837 0.0610261
0 0.218941 0.37204 0.0212435 0.0270116 0.0605866
0 0.745045 0.405148 0.0205048 0.0266114 0.0604381
0 0.564427 0.378663 0.0169223 0.027356 0.0604044
0 0.552704 0.374155 0.0289187 0.0359862 0.0603769
0 0.0140128 0.391286 0.0247557 0.0849472 0.0602275
0 0.608949 0.391601 0.0346733 0.0381807 0.0601422
0 0.0683972 0.378636 0.0243912 0.0349598 0.0593653
0 0.727099 0.394539 0.0268045 0.0366376 0.0585123
0 0.0226757 0.349715 0.0449843 0.117984 0.0581587
0 0.923515 0.349944 0.0184315 0.0194864 0.058129
0 0.615075 0.37913 0.0150304 0.0225174 0.0581265
0 0.535951 0.394001 0.0365292 0.0390779 0.0569858
0 0.980094 0.384125 0.0392904 0.0447432 0.0562412
0 0.923513 0.352348 0.0245327 0.0273978 0.0559606
0 0.0096459 0.350967 0.0208195 0.103105 0.0559402
0 0.526442 0.383708 0.0163398 0.0249459 0.0552259
0 0.788671 0.388655 0.0629983 0.0691248 0.0550652
0 0.539027 0.372018 0.0256106 0.0324869 0.0544123
0 0.98274 0.344396 0.0346512 0.0685598 0.054016
0 0.989916 0.340188 0.020672 0.0769306 0.0537979
0 0.479241 0.361505 0.0250848 0.0202851 0.0535049
0 0.598027 0.379604 0.0184898 0.0231987 0.0533758
0 0.103599 0.370381 0.020413 0.0276167 0.0533009
0 0.978651 0.333404 0.0449509 0.0858096 0.0525889
0 0.904993 0.404388 0.0615627 0.0809001 0.0525018
0 0.865977 0.381821 0.0644547 0.0812555 0.0513905
0 0.639805 0.370032 0.0442104 0.0592729 0.0490961
0 0.505025 0.377072 0.0138152 0.0234219 0.0485952
0 0.565449 0.371895 0.0194263 0.0368503 0.0485022
0 0.589635 0.388513 0.0173143 0.02366 0.0482716
0 0.59313 0.376707 0.0237184 0.0345966 0.0471796
0 0.0238044 0.37932 0.0209343 0.0354855 0.0469838
0 0.628609 0.373643 0.0554253 0.0646923 0.0468737
0 0.436517 0.369022 0.0102628 0.0166098 0.0466468
0 0.235396 0.365764 0.0177086 0.0248199 0.0464816
0 0.166878 0.360357 0.0517017 0.070508 0.045338
0 0.63358 0.374871 0.0214935 0.0318964 0.0451078
0 0.151823 0.368645 0.05759 0.0520971 0.0445571
0 0.548354 0.394332 0.034044 0.0391049 0.0443936
0 0.88088 0.395666 0.0743719 0.0768254 0.0443616
0 0.0768498 0.387997 0.0237435 0.0364118 0.0441276
0 0.611972 0.389053 0.0254375 0.0301948 0.0439617
0 0.451563 0.390603 0.0147738 0.0259417 0.0439585
0 0.929876 0.399431 0.0404934 0.0627279 0.0436731
0 0.640762 0.388673 0.0253618 0.0349908 0.0434676
0 0.985675 0.457471 0.0281004 0.167384 0.0433563
0 0.579823 0.368923 0.0413714 0.0558801 0.0427888
0 0.812504 0.410211 0.0622448 0.0503654 0.0426865
0 0.161852 0.382518 0.0239294 0.0278466 0.0418179
0 0.699359 0.375992 0.0384152 0.0530345 0.0417875
0 0.682784 0.392827 0.0167324 0.0275361 0.0417563
0 0.117897 0.363063 0.0318443 0.0481435 0.0417074
0 0.687531 0.401478 0.0396433 0.0567596 0.0413493
0 0.573651 0.390812 0.0227932 0.0258729 0.0412002
0 0.538997 0.390688 0.0225739 0.0283918 0.0409807
0 0.877167 0.361701 0.0345667 0.040787 0.0408778
0 0.488547 0.356772 0.0198597 0.0286625 0.0407204
0 0.423823 0.371122 0.0111045 0.0189968 0.0385731
0 0.652116 0.37618 0.0172854 0.029607 0.0383575
0 0.608148 0.385008 0.0212517 0.0234361 0.0378172
0 0.933232 0.424838 0.0310127 0.0469569 0.0376562
0 0.936869 0.36841 0.0370386 0.0479745 0.0374162
0 0.802865 0.416636 0.0290773 0.0298659 0.036916
0 0.964294 0.391428 0.0739363 0.0759468 0.0368597
0 0.598353 0.38806 0.0212331 0.0275148 0.0366326
0 0.367428 0.343678 0.0123807 0.017502 0.0364859
0 0.911142 0.377511 0.0484684 0.0741612 0.0363402
0 0.890749 0.405804 0.0543919 0.0595444 0.0363189
0 0.738135 0.39271 0.0229454 0.0312392 0.0358874
0 0.80705 0.42669 0.0457759 0.0515099 0.0357851
0 0.890455 0.372042 0.0654072 0.0673092 0.0349366
0 0.510378 0.392448 0.0208861 0.0430645 0.0348081
0 0.244008 0.356462 0.016607 0.0244722 0.0346727
0 0.720031 0.404872 0.0270535 0.035142 0.0345933
0 0.392464 0.34427 0.0099287 0.0137462 0.0343234
0 0.912472 0.417697 0.0543976 0.0742627 0.0340563
0 0.0417066 0.403385 0.0611074 0.085581 0.0336941
0 0.821715 0.438454 0.0934392 0.110634 0.0333958
0 0.552581 0.376549 0.0137934 0.0291491 0.0333873
0 0.875113 0.44516 0.116582 0.135957 0.0332209
0 0.779382 0.403015 0.0248113 0.0268876 0.0328376
0 0.554141 0.394969 0.0224618 0.0297499 0.032619
0 0.932618 0.441572 0.0346682 0.0785511 0.03228
0 0.37582 0.344104 0.010935 0.0146762 0.0320119
0 0.125943 0.378376 0.0259141 0.0314507 0.0319775
0 0.965558 0.362337 0.0699184 0.111053 0.0316913
0 0.986387 0.878699 0.0253349 0.0305935 0.0315564
0 0.81868 0.370598 0.0563877 0.0842618 0.0311931
0 0.977105 0.313119 0.0450256 0.0832575 0.0297392
0 0.823062 0.447979 0.126939 0.140999 0.0294146
0 0.570874 0.387042 0.0172256 0.022129 0.0293702
0 0.436211 0.343304 0.00992117 0.0149179 0.0292194
0 0.940364 0.409568 0.0373011 0.0513244 0.0289123
0 0.356234 0.341872 0.0167964 0.0228005 0.0287779
0 0.0252086 0.402743 0.0484096 0.115632 0.0286122
0 0.64941 0.395715 0.0171405 0.0271642 0.0281991
0 0.453729 0.400772 0.0139807 0.0238596 0.0281619
0 0.15793 0.358893 0.0461283 0.0572311 0.0279721
0 0.825039 0.410295 0.0303217 0.0352519 0.0279663
0 0.402693 0.344204 0.0101727 0.0135011 0.0279086
0 0.890825 0.36739 0.0496185 0.0511606 0.0276734
0 0.181727 0.384384 0.0311919 0.0313031 0.0276607
0 0.92496 0.408971 0.0436264 0.0617822 0.0275615
0 0.590901 0.364604 0.0209339 0.0326598 0.0274597
0 0.215682 0.347204 0.0277218 0.0336842 0.027303
0 0.539979 0.286366 0.0229218 0.0400148 0.0273018
0 0.0927195 0.400795 0.0277174 0.0396529 0.0272572
0 0.164684 0.348943 0.0405215 0.0594328 0.0271514
0 0.603425 0.368894 0.0484537 0.0593824 0.0270291
0 0.139975 0.377665 0.042638 0.043585 0.0269887
0 0.0940862 0.354593 0.0413277 0.062053 0.0267265
0 0.549952 0.390732 0.0215858 0.0277859 0.0266776
0 0.523253 0.400441 0.0277719 0.0445151 0.0261163
0 0.177097 0.295494 0.132663 0.186996 0.0257846
0 0.424483 0.344139 0.0100537 0.013777 0.0254993
0 0.554026 0.362719 0.0165001 0.028346 0.0253785
0 0.363271 0.36815 0.0120598 0.0178694 0.0253091
0 0.0305856 0.312385 0.0458978 0.0843121 0.0252953
0 0.992085 0.8526 0.0179502 0.088246 0.0250949
0 0.596906 0.305541 0.0416554 0.0515269 0.024826
0 0.904256 0.364728 0.0596106 0.0552117 0.0248252
0 0.0352268 0.298635 0.0399888 0.0580367 0.0246995
0 0.405562 0.343293 0.0117075 0.013884 0.0246527
0 0.205913 0.387042 0.0237748 0.0297218 0.0243833
0 0.952557 0.309184 0.0931929 0.210201 0.02421
0 0.989679 0.884668 0.0196993 0.0239866 0.0241507
0 0.447241 0.334396 0.0150084 0.0239782 0.0240821
0 0.238104 0.264969 0.0262253 0.0340032 0.0236626
0 0.531056 0.392963 0.01892 0.0249136 0.0236611
0 0.338269 0.312891 0.037128 0.0626296 0.0234099
0 0.11753 0.343015 0.0627645 0.085094 0.0233452
0 0.376064 0.369136 0.0113349 0.0174611 0.023299
0 0.38867 0.373957 0.0116518 0.0187188 0.0232843
0 0.380542 0.280234 0.0308702 0.0462299 0.0228498
0 0.0534296 0.406609 0.0368428 0.06777 0.0228166
0 0.653134 0.397592 0.0182231 0.025854 0.0227998
0 0.928055 0.431596 0.0339695 0.0591276 0.0226851
0 0.45284 0.273814 0.020939 0.031677 0.0225388
0 0.988731 0.493169 0.0211876 0.122142 0.0224956
0 0.151588 0.805397 0.0298367 0.0619395 0.022426
0 0.608766 0.308322 0.0535062 0.0576696 0.0222078
0 0.196218 0.284371 0.0357282 0.0451752 0.0221774
0 0.541061 0.241576 0.0239958 0.0425044 0.022159
0 0.809435 0.196041 0.0268707 0.0410756 0.0221505
0 0.972591 0.327898 0.0551693 0.140994 0.0221154
0 0.524586 0.399898 0.012518 0.0247685 0.0218546
0 0.35135 0.367388 0.0120237 0.0171765 0.0217195
0 0.928033 0.850661 0.0203053 0.0224943 0.0216301
0 0.329849 0.266776 0.030553 0.0447147 0.0216163
0 0.313964 0.372825 0.0126304 0.0181079 0.0215977
0 0.962191 0.204392 0.0793682 0.279537 0.0215298
0 0.245219 0.33419 0.0560964 0.0832128 0.0213742
0 0.446036 0.276328 0.0181271 0.0275416 0.0213408
0 0.282677 0.30382 0.0532487 0.0699811 0.0212638
0 0.732203 0.376738 0.0348492 0.0471874 0.0210417
0 0.598895 0.413802 0.0246335 0.0333607 0.0210055
0 0.608304 0.359882 0.0249809 0.036486 0.020977
