0 0.015125 0.515355 0.03025 0.134975 0.164338
0 0.345072 0.542847 0.0769614 0.0976973 0.139834
0 0.5625 0.38149 0 0.214911 0.132319
0 0.20926 0.542075 0.178639 0.108376 0.129009
0 0.5625 0.463029 0 0.37854 0.125871
0 0.0119052 0.549781 0.0238104 0.0784942 0.118478
0 0.0597818 0.511272 0.119564 0.162482 0.106523
0 0.5625 0.422639 0 0.252569 0.0998635
0 0.370034 0.543988 0.121564 0.117562 0.0918402
0 0.5625 0.438366 0 0.351752 0.0835583
0 0.248987 0.539268 0.256333 0.132131 0.0818193
0 0.0295548 0.530991 0.0591096 0.126848 0.0814425
0 0.553755 0.483288 0.0174901 0.0238484 0.0798948
0 0.5625 0.588528 0 0.119433 0.0746574
0 0.559205 0.556668 0.00658984 0.0519198 0.0708835
0 0.551797 0.525554 0.0214068 0.107493 0.0688569
0 0.0462778 0.544497 0.0925555 0.0972416 0.0681752
0 0.554026 0.487316 0.0169482 0.030181 0.06271
0 0.5625 0.556392 0 0.19547 0.0611297
0 0.5625 0.559438 0 0.187699 0.0607071
0 0.5625 0.398218 0 0.188977 0.0582016
0 0.5625 0.418947 0 0.0628698 0.0580461
0 0.521997 0.532132 0.0810051 0.109514 0.0569846
0 0.541535 0.550696 0.04193 0.0749063 0.0566229
0 0.5625 0.431717 0 0.0517175 0.0563071
0 0.516683 0.571669 0.0643116 0.0878325 0.0548357
0 0.549551 0.499297 0.0258978 0.0557185 0.0542553
0 0.5625 0.454153 0 0.235369 0.0542498
0 0.555757 0.573711 0.013486 0.0877133 0.0523284
0 0.332219 0.337336 0.0209957 0.0260551 0.0523255
0 0.0699469 0.540651 0.0979185 0.106192 0.0517342
0 0.0394789 0.499024 0.0789024 0.13897 0.0514191
0 0.514459 0.545685 0.0679078 0.0835758 0.0501303
0 0.0157049 0.486606 0.0314098 0.10232 0.0494292
0 0.00877104 0.565901 0.0172302 0.0589414 0.0494171
0 0.5625 0.511332 0 0.0487933 0.0489789
0 0.5625 0.587404 0 0.13895 0.0485238
0 0.5625 0.500832 0 0.0336216 0.047544
0 0.5625 0.374284 0 0.264062 0.0466923
0 0.5625 0.409338 0 0.154183 0.0445581
0 0.5625 0.499444 0 0.310587 0.0428915
0 0.506174 0.535445 0.0912089 0.0996639 0.0422495
0 0.529462 0.556814 0.0660758 0.105801 0.0414119
0 0.5625 0.568691 0 0.171955 0.0413524
0 0.0826588 0.876149 0.16101 0.246273 0.0409259
0 0.165509 0.539607 0.0869333 0.0891502 0.0404725
0 0.371667 0.560678 0.0356826 0.0502051 0.0404441
0 0.5625 0.389963 0 0.324145 0.0394333
0 0.393301 0.532558 0.083931 0.0991505 0.0389522
0 0.373492 0.461871 0.0218083 0.0341098 0.0385288
0 0.275108 0.541076 0.0524641 0.0952491 0.0385084
0 0.664005 0.450829 0.173929 0.265811 0.0383441
0 0.480532 0.465203 0.0299525 0.0330342 0.0382551
0 0.472733 0.539209 0.0354756 0.0575714 0.0380691
0 0.442404 0.54831 0.0652657 0.0928194 0.0377679
0 0.365535 0.541083 0.058349 0.09027 0.0371233
0 0.567286 0.574102 0.10015 0.0973256 0.0362192
0 0.528835 0.579821 0.0610724 0.0808645 0.0359107
0 0.302369 0.538216 0.161958 0.119603 0.0358119
0 0.0601351 0.556305 0.0953101 0.0827469 0.0354334
0 0.963035 0.341247 0.0749548 0.13915 0.0344522
0 0.412106 0.529811 0.0806109 0.105773 0.0334744
0 0.53244 0.511085 0.112075 0.0866218 0.0327045
0 0.220409 0.879319 0.0690566 0.0937854 0.0326755
0 0.673932 0.570972 0.0387704 0.0584026 0.0322639
0 0.991544 0.609904 0.0163465 0.0850171 0.0322175
0 0.551694 0.477647 0.0380581 0.0247495 0.0321314
0 0.90592 0.293308 0.0227764 0.0686444 0.0318992
0 0.062454 0.461014 0.120229 0.263612 0.0317714
0 0.249426 0.541714 0.102441 0.101303 0.031446
0 0.42809 0.382714 0.0252421 0.0432624 0.0313588
0 0.919071 0.35906 0.0405258 0.204909 0.031324
0 0.355487 0.523013 0.0990355 0.158366 0.0313062
0 0.583219 0.495848 0.0444311 0.0335756 0.0313043
0 0.632712 0.547691 0.0338675 0.0589374 0.0311701
0 0.464957 0.539512 0.0366187 0.0640132 0.030927
0 0.710948 0.40781 0.279096 0.18938 0.0305451
0 0.597354 0.534797 0.0670366 0.111249 0.0303447
0 0.292138 0.540002 0.0575901 0.0975881 0.0302501
0 0.475276 0.5353 0.0475898 0.0787038 0.030161
0 0.841711 0.339276 0.14241 0.086782 0.0300735
0 0.428919 0.402336 0.0236677 0.0428506 0.0298963
0 0.0659267 0.475244 0.113761 0.127813 0.0296105
0 0.0483628 0.463365 0.0713756 0.0948007 0.0295767
0 0.474153 0.462623 0.0390016 0.0415604 0.0295236
0 0.47378 0.581913 0.0929496 0.0907254 0.0282771
0 0.909748 0.328526 0.0379425 0.169015 0.0281876
0 0.608004 0.593184 0.0994355 0.0724436 0.0281442
0 0.00588881 0.574304 0.01127 0.0448329 0.0280217
0 0.328096 0.542191 0.0878107 0.109085 0.0279629
0 0.257153 0.467619 0.022237 0.0345228 0.0278327
0 0.511714 0.467095 0.0720854 0.0524721 0.0278196
0 0.926295 0.364989 0.0336626 0.179751 0.0276203
0 0.0295615 0.481922 0.0576674 0.143396 0.0273173
0 0.92441 0.579115 0.144609 0.153742 0.0270712
0 0.0983278 0.502974 0.139633 0.155567 0.0270552
0 0.452315 0.529207 0.0693193 0.0995805 0.026855
0 0.108272 0.827505 0.205381 0.362675 0.0267527
0 0.362533 0.459624 0.0444194 0.047499 0.0266387
0 0.4633 0.538213 0.0557394 0.0857423 0.0260824
0 0.633309 0.518644 0.124025 0.185155 0.026077
0 0.329864 0.356807 0.0201231 0.0453035 0.0260266
0 0.950432 0.598018 0.102066 0.111493 0.025996
0 0.352742 0.460243 0.0665453 0.0582509 0.0259719
0 0.0870155 0.451017 0.0755836 0.0872771 0.0259438
0 0.389111 0.493028 0.142299 0.156457 0.025931
0 0.300009 0.54269 0.106168 0.097482 0.0259164
0 0.89083 0.372183 0.250297 0.24937 0.0258402
0 0.527699 0.470839 0.0954802 0.0564385 0.0257857
0 0.618168 0.547133 0.0635649 0.0896623 0.0256759
0 0.984209 0.527691 0.0325495 0.103569 0.0255736
0 0.328486 0.507006 0.107749 0.1082 0.0255693
0 0.0713437 0.453431 0.052591 0.0663455 0.025485
0 0.911508 0.528927 0.148743 0.141425 0.0251126
0 0.359599 0.491043 0.0519645 0.0689019 0.0250466
0 0.00508117 0.591561 0.0132306 0.0938806 0.0245127
0 0.605648 0.565526 0.0993398 0.10222 0.0244812
0 0.491277 0.563777 0.0912578 0.109663 0.0243816
0 0.43075 0.538303 0.0282536 0.0601249 0.024296
0 0.340278 0.334629 0.036118 0.0398827 0.0242797
0 0.430814 0.418832 0.0279388 0.0456946 0.024248
0 0.227279 0.891248 0.0501948 0.0615982 0.0241006
0 0.381508 0.556173 0.071864 0.0895004 0.0240975
0 0.065403 0.726819 0.131511 0.309051 0.0240075
0 0.861851 0.347818 0.0962654 0.0858021 0.0238148
0 0.542909 0.492106 0.0731689 0.0409604 0.0237784
0 0.0523208 0.805416 0.108255 0.327534 0.0234792
0 0.346204 0.508227 0.0746776 0.078558 0.0233454
0 0.368625 0.483675 0.0475718 0.0689618 0.0231531
0 0.496509 0.472868 0.0585211 0.0456231 0.0231357
0 0.717129 0.320018 0.292767 0.317301 0.0230922
0 0.32662 0.336294 0.0220205 0.0280757 0.022704
0 0.0247688 0.563654 0.0474786 0.0832454 0.0226273
0 0.468219 0.456604 0.0544361 0.0520583 0.0222995
0 0.919621 0.404513 0.0354227 0.130629 0.0221112
0 0.973146 0.414771 0.0550047 0.185115 0.0220604
0 0.0916262 0.436203 0.0661855 0.0658327 0.0220392
0 0.61995 0.563217 0.0548089 0.067867 0.0219661
0 0.671058 0.413677 0.0431405 0.138525 0.0217201
0 0.260575 0.455663 0.0233804 0.0376138 0.0216372
0 0.260196 0.583021 0.260507 0.195738 0.0215207
0 0.940324 0.193423 0.121091 0.291311 0.0213852
0 0.0154133 0.458744 0.0348724 0.120886 0.0213322
0 0.628088 0.597177 0.0562655 0.0549869 0.0211744
0 0.735002 0.567125 0.0583411 0.0738512 0.0211484
0 0.482217 0.460652 0.0428917 0.0472359 0.0211295
0 0.967053 0.316993 0.0690197 0.0763034 0.0210979
0 0.50765 0.489613 0.0813452 0.0598612 0.0208304
0 0.656152 0.562176 0.0697508 0.08321 0.0205556
0 0.447627 0.507933 0.0792841 0.0974471 0.0205114
0 0.463919 0.561238 0.0513773 0.0933199 0.0204757
0 0.429387 0.443052 0.0532121 0.0653433 0.0203202
0 0.0131934 0.457022 0.0251703 0.0842115 0.0201516
0 0.857481 0.372199 0.0989908 0.140319 0.0198954
0 0.467348 0.471546 0.0511821 0.0547808 0.0196073
0 0.263517 0.464484 0.0338169 0.0492127 0.0195781
0 0.303589 0.348919 0.06779 0.0739828 0.0194732
0 0.451417 0.460896 0.0804175 0.0643585 0.0193074
0 0.450131 0.576294 0.0662217 0.0795409 0.0192904
0 0.263718 0.492659 0.0361115 0.0511834 0.0192409
0 0.815981 0.555664 0.0632926 0.0967113 0.0191605
0 0.41242 0.446676 0.0874279 0.0731779 0.0191101
0 0.444014 0.447074 0.0543219 0.0593084 0.0189284
0 0.857136 0.294233 0.145524 0.0994229 0.018902
0 0.878745 0.3512 0.0675314 0.118828 0.0189005
0 0.696819 0.408882 0.0650573 0.142639 0.0188627
0 0.229317 0.905791 0.0459764 0.0687976 0.0188123
0 0.285751 0.512414 0.211042 0.133423 0.0185557
0 0.977306 0.430696 0.0468233 0.12808 0.018529
0 0.334348 0.492895 0.0548837 0.0513346 0.0184395
0 0.636373 0.559434 0.0420288 0.0651289 0.0183687
0 0.622393 0.399798 0.0787996 0.110758 0.0183353
0 0.388421 0.496718 0.0752449 0.09676 0.0182947
0 0.636918 0.546281 0.0496472 0.0798907 0.0182301
0 0.417552 0.537846 0.0462684 0.0738152 0.0182258
0 0.0556784 0.637468 0.0948964 0.216449 0.0182062
0 0.975569 0.610369 0.0479006 0.0915359 0.0181754
0 0.782155 0.336174 0.101355 0.0616359 0.0179472
0 0.828961 0.281664 0.131932 0.0891102 0.0178761
0 0.486242 0.900454 0.0549571 0.0863461 0.0178594
0 0.0752348 0.426429 0.0440774 0.0456334 0.0178192
0 0.0875154 0.527326 0.0697075 0.121686 0.0177892
0 0.0332161 0.443623 0.0635028 0.133054 0.0177621
0 0.593831 0.476944 0.0232196 0.0364496 0.0177373
0 0.165403 0.491519 0.26135 0.196916 0.0176705
0 0.656508 0.411355 0.0720007 0.156275 0.0175705
0 0.678201 0.566867 0.0545981 0.0743101 0.0174634
0 0.613639 0.504478 0.0486797 0.0503339 0.0172925
0 0.510844 0.478045 0.175909 0.184901 0.0171895
0 0.5643 0.39826 0.189518 0.218135 0.0171346
0 0.386901 0.456556 0.0489532 0.0510671 0.0171249
0 0.412814 0.569601 0.0758822 0.0964301 0.0170781
0 0.82737 0.36569 0.231678 0.1657 0.017049
0 0.115669 0.463868 0.152198 0.162371 0.0170465
0 0.83736 0.295843 0.0640549 0.0391831 0.0170341
0 0.876067 0.334916 0.0590046 0.067868 0.0170277
0 0.50827 0.587228 0.0638637 0.0803452 0.0170118
0 0.873971 0.316184 0.168186 0.122946 0.0170056
0 0.388204 0.572863 0.0773129 0.0875937 0.0169511
0 0.316763 0.336044 0.0437047 0.045537 0.0169284
0 0.962392 0.539801 0.0676565 0.134343 0.0168349
0 0.537807 0.591157 0.068952 0.072028 0.016791
0 0.416225 0.505622 0.0692563 0.090499 0.0167608
0 0.332234 0.376261 0.0312364 0.0587176 0.0167449
0 0.683174 0.404288 0.0527861 0.140539 0.0167261
0 0.866752 0.39653 0.0924933 0.136852 0.0167143
0 0.413511 0.470111 0.176987 0.186539 0.0166767
0 0.75218 0.562276 0.0696626 0.0845671 0.0166365
0 0.10504 0.495798 0.190317 0.208424 0.0166307
0 0.436017 0.558966 0.0464092 0.0920975 0.0165926
0 0.423034 0.426155 0.0469839 0.0667753 0.0165354
0 0.900954 0.41316 0.0995956 0.121319 0.0165349
0 0.0100473 0.582025 0.0220211 0.0647536 0.0165153
0 0.891415 0.326273 0.0525944 0.11875 0.0165117
0 0.17954 0.530897 0.134657 0.0877844 0.016496
0 0.324244 0.340915 0.0276466 0.0372519 0.0164228
0 0.421768 0.572757 0.0499546 0.0834504 0.0163996
0 0.718598 0.347975 0.0682197 0.0584613 0.0163873
0 0.589207 0.588312 0.0748251 0.0741145 0.0162957
0 0.662063 0.521958 0.101043 0.149536 0.0162195
0 0.70147 0.569939 0.0700106 0.0751217 0.0161599
0 0.612401 0.525157 0.0737507 0.0947111 0.0161092
0 0.314163 0.500306 0.0584404 0.0658865 0.0159886
0 0.0584623 0.743211 0.0999177 0.220186 0.0159635
0 0.891787 0.342211 0.169247 0.172029 0.0159368
0 0.0674345 0.577247 0.0985419 0.130236 0.0158262
0 0.951484 0.424183 0.0965717 0.141576 0.0158087
0 0.670707 0.426797 0.0345369 0.0979044 0.0157574
0 0.312844 0.705494 0.126902 0.214226 0.0157411
0 0.0251407 0.570961 0.0504587 0.207935 0.0157004
0 0.983428 0.500049 0.0324413 0.0793571 0.0156889
0 0.798678 0.334192 0.068242 0.0542198 0.0156826
0 0.032476 0.621083 0.0553162 0.186743 0.0155829
0 0.6412 0.529668 0.0836237 0.122282 0.0154692
0 0.072422 0.798364 0.116367 0.224248 0.015469
0 0.568695 0.594543 0.0675992 0.0631639 0.0154674
0 0.466709 0.471878 0.11696 0.114445 0.015453
0 0.130076 0.898483 0.162962 0.200293 0.0154521
0 0.438848 0.432567 0.0490168 0.0676637 0.0154178
0 0.555882 0.599275 0.06246 0.0569112 0.0154018
0 0.655368 0.593542 0.0605573 0.065947 0.0153652
0 0.0794925 0.92474 0.145507 0.164564 0.0153069
0 0.0533506 0.42635 0.0515609 0.0611031 0.0152961
0 0.0691882 0.688833 0.101903 0.171871 0.0151324
0 0.985082 0.45462 0.028022 0.0621747 0.0151278
0 0.927978 0.618339 0.100574 0.106826 0.0150818
0 0.979667 -0.0141816 0.0394241 0.0415181 0.0150587
0 0.957589 0.612952 0.074271 0.0907888 0.0150488
0 0.551308 0.478286 0.15574 0.169246 0.0150471
0 0.216204 0.912929 0.0605595 0.0938649 0.0150369
0 0.170084 0.491589 0.103467 0.0961349 0.0150341
0 0.0205524 1.00735 0.0334995 0.0397603 0.0150078
0 0.735654 0.593466 0.0618674 0.0673013 0.0149802
0 0.148004 0.55302 0.0535095 0.0755674 0.0149744
0 0.0412902 0.710505 0.0852346 0.281503 0.0149446
0 0.946666 0.330514 0.0622259 0.118862 0.014921
0 0.257102 0.481816 0.0270562 0.0326765 0.014821
0 0.891173 0.372773 0.0776711 0.162047 0.0147195
0 0.802156 0.306974 0.0290379 0.0260768 0.0146938
0 0.994277 0.633914 0.0119978 0.0672455 0.0146922
0 0.684104 0.591496 0.0515587 0.0584931 0.0146454
0 0.903649 0.280966 0.0271158 0.0546767 0.014576
0 0.925727 0.586577 0.0712503 0.0973651 0.014554
0 0.915109 0.284926 0.0372213 0.06659 0.014534
0 0.433737 0.642684 0.042684 0.0693898 0.0145151
0 0.731916 0.340559 0.0693469 0.059906 0.0145068
0 0.881995 0.294759 0.0425293 0.0488099 0.0144748
0 0.911578 0.565849 0.155387 0.241382 0.0144532
0 0.708468 0.393907 0.0731049 0.140546 0.0143854
0 0.473649 0.900069 0.0446598 0.0754018 0.0143089
0 0.697937 0.375816 0.0600624 0.0984773 0.0142908
0 0.879167 0.403887 0.0711849 0.110992 0.01422
0 0.410024 0.64406 0.0521667 0.0788624 0.0140119
0 0.834098 0.600813 0.0522684 0.0649533 0.0139387
0 0.0345847 0.427529 0.0639547 0.221613 0.013929
0 0.399448 0.452997 0.103096 0.103966 0.013882
0 0.67357 0.511171 0.0374743 0.0570396 0.0138446
0 0.618196 0.435716 0.0759755 0.141784 0.0138184
0 0.962011 0.293735 0.0637331 0.187058 0.0137635
0 0.50516 0.382775 0.185554 0.23724 0.0135931
0 0.242679 0.350183 0.0324262 0.0452687 0.0135748
0 0.456204 0.64229 0.0541579 0.0843627 0.0135153
0 0.312661 0.572641 0.0508583 0.0750802 0.013512
0 0.114767 0.735635 0.192812 0.374242 0.0134768
0 0.716904 0.367968 0.0739883 0.093808 0.0134539
0 0.0873903 0.410659 0.0642751 0.086545 0.0134292
0 0.97775 0.451039 0.0412834 0.0719977 0.0134161
0 0.437857 0.406631 0.0360135 0.0512375 0.0134095
0 0.680393 0.429262 0.0392595 0.0921539 0.0133935
0 0.406149 0.895328 0.0408131 0.0588966 0.0133538
0 0.201533 0.87891 0.0597093 0.0876445 0.0133468
0 0.283652 0.502245 0.0621012 0.0802439 0.0132868
0 0.60089 0.420106 0.046157 0.160929 0.0132847
0 0.749478 0.337013 0.097499 0.0676044 0.0132725
0 0.454335 0.443046 0.0644228 0.0748329 0.013259
0 0.290264 0.578894 0.0476026 0.0680298 0.0132469
0 0.624807 0.362049 0.0810315 0.0629298 0.0132236
0 0.0399816 0.378247 0.0701158 0.205681 0.0132172
0 0.503708 0.265368 0.178322 0.248029 0.0132082
0 0.413399 0.135762 0.088135 0.128427 0.0131252
