0 0.103205 0.535223 0.206069 0.212635 0.899654
0 0.833401 0.630302 0.333198 0.377054 0.889158
0 0.670671 0.508099 0.193297 0.254084 0.883405
0 0.495656 0.44558 0.0173022 0.0449346 0.788374
0 0.356826 0.463624 0.0512567 0.0592139 0.78671
0 0.519656 0.455782 0.0245997 0.0609521 0.779029
0 0.56638 0.454041 0.0902367 0.138366 0.760055
0 0.512112 0.448569 0.0273492 0.0560528 0.745191
0 0.231813 0.507698 0.079159 0.123632 0.695372
0 0.291073 0.488618 0.059679 0.0880754 0.69453
0 0.461112 0.440578 0.0212522 0.0325606 0.6653
0 0.483326 0.444391 0.0130689 0.0238013 0.632028
0 0.418106 0.451657 0.0228658 0.0319848 0.542897
0 0.434488 0.441436 0.0138969 0.0211711 0.422043
0 0.394554 0.452356 0.0240233 0.0353402 0.399274
0 0.478844 0.445541 0.0143354 0.0243381 0.372893
0 0.320145 0.466814 0.0257358 0.0515584 0.329354
0 0.441089 0.438446 0.0151152 0.0207954 0.313794
0 0.475304 0.445377 0.0115346 0.0227134 0.309435
0 0.476615 0.441698 0.0112392 0.0205393 0.295503
0 0.389711 0.455418 0.0226732 0.0349465 0.290898
0 0.485544 0.442873 0.0127208 0.032397 0.28387
0 0.506513 0.447424 0.0197615 0.0499481 0.26365
0 0.312793 0.466735 0.0361937 0.0592307 0.26353
0 0.443317 0.435537 0.0143921 0.0207225 0.252697
0 0.00998002 0.605661 0.01996 0.194353 0.250925
