0 0.553183 0.883318 0.0186337 0.139762 0.884415
0 0.333231 0.884735 0.0961022 0.111688 0.874954
0 0.409007 0.860351 0.0274165 0.0407554 0.836471
0 0.463321 0.863125 0.0444898 0.0789581 0.779011
0 0.494096 0.862764 0.0253679 0.0430086 0.774048
0 0.43033 0.855928 0.0194312 0.0295135 0.649459
0 0.237216 0.845561 0.0635247 0.0510371 0.646706
0 0.544086 0.848817 0.0218549 0.0343465 0.468026
0 0.121204 0.848263 0.100398 0.0570872 0.385666
0 0.436443 0.854326 0.0192943 0.0305617 0.381905
0 0.142698 0.852566 0.0589244 0.0383079 0.35592
0 0.105046 0.850669 0.0673505 0.0483354 0.301225
0 0.287881 0.872011 0.0372294 0.0835024 0.287915
0 0.540051 0.852653 0.0150331 0.0251548 0.272594
0 0.288231 0.853519 0.0370414 0.0484562 0.244308
0 0.440596 0.854266 0.0144772 0.0282708 0.231908
0 0.546648 0.843894 0.0276261 0.0464642 0.221672
0 0.272167 0.846809 0.0251491 0.0382894 0.216971
0 0.51682 0.841638 0.0167577 0.0259042 0.201997
0 0.248591 0.841536 0.0642241 0.0613117 0.191135
0 0.257205 0.849042 0.0429428 0.0456041 0.190969
0 0.464894 0.848615 0.0391635 0.0618857 0.178164
0 0.442653 0.858975 0.0105661 0.0218736 0.174234
0 0.219501 0.847866 0.0329777 0.0386744 0.161922
0 0.438599 0.858227 0.0124528 0.0234226 0.157725
0 0.434187 0.855596 0.0135062 0.0256029 0.156818
0 0.512418 0.855651 0.016804 0.0336894 0.152642
0 0.515784 0.846505 0.0141111 0.0239541 0.146663
0 0.550486 0.842522 0.0240279 0.0546563 0.132858
0 0.290514 0.841672 0.0410536 0.0498652 0.130606
0 0.522811 0.848947 0.01597 0.0255624 0.125855
0 0.5625 0.852411 0 0.0394574 0.1257
0 0.519291 0.841805 0.0134187 0.0199505 0.122928
0 0.514887 0.852221 0.015495 0.0249271 0.122898
0 0.510708 0.856756 0.0149421 0.0243969 0.121276
0 0.0461915 0.836901 0.0880133 0.0860613 0.118319
0 0.156059 0.841983 0.089894 0.0697805 0.117357
0 0.0449199 0.82468 0.0720021 0.0600496 0.112892
0 0.546648 0.859958 0.0204964 0.0529772 0.112673
0 0.095168 0.845114 0.0709233 0.0660399 0.111218
0 0.534347 0.847682 0.0137527 0.0225018 0.110616
0 0.37792 0.856847 0.0236251 0.0384788 0.109266
0 0.536711 0.853006 0.0144557 0.0229021 0.108684
0 0.54817 0.854739 0.0144386 0.0299033 0.10838
0 0.0273528 0.820077 0.0547055 0.0658396 0.10817
0 0.215598 0.840614 0.0542076 0.0568268 0.107638
0 0.0238641 0.800586 0.0425324 0.0517912 0.107623
0 0.512505 0.843849 0.0156894 0.0231071 0.106013
0 0.162345 0.824461 0.088761 0.0994605 0.10583
0 0.493584 0.849215 0.0173128 0.0260998 0.103827
0 0.149659 0.818253 0.0554226 0.0534668 0.103202
0 0.120063 0.861983 0.114806 0.0727249 0.100629
0 0.259469 0.850371 0.0222206 0.0288983 0.0963819
0 0.0877622 0.856413 0.0394506 0.0383445 0.0956446
0 0.192419 0.837458 0.0644584 0.0687134 0.0956212
0 0.276469 0.844066 0.0253474 0.0313083 0.0950133
0 0.0439431 0.809195 0.061991 0.0504679 0.0923633
0 0.543022 0.848317 0.0147275 0.0275372 0.0903103
0 0.422305 0.853558 0.0131958 0.0223536 0.0896121
0 0.376958 0.847626 0.0194398 0.029248 0.0894409
0 0.256303 0.831879 0.059136 0.064131 0.0886465
0 0.268777 0.83091 0.0577376 0.0759538 0.0879591
0 0.538349 0.846657 0.0168815 0.0306727 0.0878863
0 0.216528 0.851498 0.0214444 0.0278963 0.0876073
0 0.8425 0.838643 0.098347 0.0985219 0.0859201
0 0.500951 0.855183 0.0140213 0.0244531 0.0849331
0 0.485025 0.862653 0.0128099 0.0263414 0.0843344
0 0.849964 0.851704 0.0821871 0.0645798 0.0842071
0 0.506473 0.861377 0.0157193 0.0247689 0.0821522
0 0.405532 0.860404 0.0178385 0.0255475 0.0813227
0 0.874651 0.855465 0.0586428 0.0578669 0.0810056
0 0.437633 0.843342 0.0213585 0.0327001 0.080971
0 0.517835 0.833877 0.0130117 0.0187824 0.0797889
0 0.0307352 0.848439 0.0626786 0.0970172 0.0789708
0 0.250195 0.849057 0.027308 0.0331828 0.0781722
0 0.273048 0.847396 0.0205839 0.0276235 0.0780689
0 0.454739 0.859604 0.0131649 0.0256124 0.0774322
0 0.240609 0.835828 0.094053 0.0846941 0.0767463
0 0.889202 0.849055 0.0841877 0.0758482 0.0744504
0 0.390248 0.841441 0.0184443 0.0251012 0.0741403
0 0.0358166 0.797812 0.052996 0.058921 0.0737532
0 0.121019 0.838207 0.100608 0.0961297 0.0736786
0 0.389321 0.849199 0.0194055 0.0326267 0.0723303
0 0.156594 0.802257 0.065741 0.0647919 0.0717092
0 0.254211 0.861897 0.0590539 0.0734962 0.0716112
0 0.45915 0.836295 0.0221682 0.0272998 0.0705048
0 0.531986 0.829311 0.0146427 0.0204837 0.0701808
0 0.927547 0.837243 0.146482 0.110225 0.0701571
0 0.556499 0.864144 0.030143 0.0862403 0.0700255
0 0.0559462 0.853199 0.102751 0.10036 0.069154
0 0.371823 0.864454 0.0242406 0.0537499 0.0690338
0 0.822913 0.84338 0.0865301 0.0823081 0.0675433
0 0.386995 0.842035 0.0163455 0.019781 0.0671741
0 0.382566 0.856973 0.0186891 0.0328286 0.0667983
0 0.0406264 0.810963 0.0782599 0.0929552 0.0661308
0 0.489726 0.8651 0.014727 0.0282321 0.0660143
0 0.37919 0.858069 0.0155493 0.0251377 0.0650373
0 0.380577 0.847057 0.0298399 0.0418794 0.0649284
0 0.563301 0.845713 0.0362341 0.0602949 0.0640879
0 0.802341 0.812532 0.15944 0.142947 0.0640608
0 0.324622 0.821691 0.0322164 0.0283118 0.0639288
0 0.976511 0.847611 0.0491051 0.097875 0.0635699
0 0.299525 0.873221 0.0467257 0.0883143 0.0620638
0 0.86811 0.845392 0.054286 0.0593092 0.0618516
0 0.94907 0.848321 0.10444 0.0957347 0.0613157
0 0.834291 0.82149 0.0713319 0.102859 0.0605942
0 0.291667 0.835848 0.0318669 0.0328647 0.0602918
0 0.806901 0.832538 0.124102 0.108962 0.0595762
0 0.3028 0.854126 0.0429701 0.0520938 0.0592574
0 0.37141 0.84845 0.0276857 0.0389236 0.0586663
0 0.239763 0.857672 0.0706107 0.0767595 0.0585854
0 0.52776 0.832627 0.0156809 0.0198291 0.0584182
0 0.386408 0.862202 0.02549 0.0406038 0.057783
0 0.133852 0.82218 0.113303 0.107752 0.0569352
0 0.861956 0.860277 0.0657633 0.0645304 0.0565814
0 0.402052 0.856851 0.0156998 0.0297658 0.0564492
0 0.500331 0.862462 0.0157476 0.0261544 0.0562391
0 0.459435 0.85463 0.0259212 0.0472519 0.0561021
0 0.269845 0.843264 0.0223094 0.0269516 0.0559146
0 0.554839 0.842492 0.0176607 0.0338959 0.0551274
0 0.0195701 0.850792 0.0381369 0.096853 0.0546896
0 0.894161 0.834705 0.10764 0.109908 0.0542709
0 0.0731123 0.830567 0.126851 0.0997297 0.0537357
0 0.365075 0.870746 0.029785 0.0650948 0.0524006
0 0.833588 0.787857 0.0477945 0.0420734 0.0507501
0 0.350621 0.819048 0.0273076 0.0276679 0.0503908
0 0.0831914 0.859491 0.0242333 0.0278519 0.0499153
0 0.378432 0.870648 0.0180274 0.0330853 0.0486854
0 0.53921 0.83152 0.01751 0.0245719 0.0482936
0 0.283505 0.848092 0.021798 0.0298503 0.0482161
0 0.701612 0.78558 0.0255407 0.0536433 0.046504
0 0.360393 0.861962 0.0409757 0.0621016 0.045441
0 0.275274 0.864861 0.0169251 0.0378248 0.0453356
0 0.0737184 0.857195 0.0629175 0.0603244 0.0442355
0 0.916197 0.804057 0.166338 0.172642 0.043104
0 0.36878 0.835434 0.0185997 0.0235643 0.0426917
0 0.0457797 0.784835 0.075036 0.112416 0.0422097
0 0.551532 0.871104 0.0202841 0.0701285 0.0415582
0 0.930981 0.854784 0.109105 0.0750237 0.0410708
0 0.98397 0.860055 0.033354 0.0695143 0.039645
0 0.960738 0.832693 0.0772223 0.142521 0.0395773
0 0.259541 0.874528 0.0247782 0.0407174 0.039374
0 0.467939 0.823436 0.0289047 0.0371384 0.0393286
0 0.0233349 0.790031 0.0487134 0.100066 0.0390171
0 0.537718 0.595484 0.0624084 0.0520696 0.0387887
0 0.474555 0.868922 0.0176153 0.0360196 0.0386461
0 0.851814 0.815968 0.103021 0.125834 0.0385504
0 0.268309 0.813324 0.0928129 0.101415 0.0381682
0 0.388378 0.83287 0.0163727 0.0203062 0.0376299
0 0.532508 0.874209 0.0282469 0.0465293 0.036725
0 0.822021 0.791932 0.0753134 0.072092 0.0361888
0 0.504498 0.834561 0.0149525 0.0197079 0.03598
0 0.623294 0.655681 0.0307096 0.0605967 0.0359163
0 0.0715062 0.803862 0.125954 0.1188 0.0356844
0 0.311816 0.830237 0.0205345 0.0231769 0.0352641
0 0.101511 0.820183 0.122446 0.112249 0.034706
0 0.395032 0.843593 0.0244882 0.0384649 0.0345148
0 0.219153 0.857767 0.0200462 0.0266808 0.0341726
0 0.449446 0.831436 0.0178741 0.0197513 0.0340391
0 0.188709 0.814391 0.10452 0.107552 0.0339877
0 0.057091 0.778072 0.107559 0.168151 0.0337643
0 0.962348 0.85915 0.0732374 0.0714615 0.0333771
0 0.331882 0.814302 0.0250988 0.0306415 0.0333727
0 0.471517 0.831965 0.0212603 0.0239278 0.0323211
0 0.81255 0.781953 0.100974 0.092442 0.0319595
0 0.433248 0.830943 0.0139272 0.0193507 0.0318687
0 0.375429 0.870594 0.016801 0.047721 0.0317797
0 0.975189 0.956997 0.0531345 0.0828947 0.0316243
0 0.307545 0.882912 0.0329024 0.0628401 0.0314873
0 0.221573 0.837772 0.0269621 0.0369687 0.0313875
0 0.141558 0.858279 0.0366799 0.0270426 0.0313214
0 0.437818 0.831565 0.0124958 0.0178124 0.0308402
0 0.835358 0.786134 0.0691189 0.088336 0.0307859
0 0.0248868 0.872739 0.0493036 0.103066 0.0307215
0 0.16866 0.798474 0.10956 0.114362 0.0304849
0 0.286839 0.840799 0.0211417 0.0276998 0.030332
0 0.133464 0.856994 0.0358937 0.0253398 0.0303099
0 0.984293 0.977356 0.0301476 0.0419454 0.0302879
0 0.0283899 0.782544 0.0591133 0.137993 0.0302142
0 0.488729 0.83264 0.0179784 0.019368 0.0299157
0 0.548265 0.832209 0.0166493 0.0269114 0.0297919
0 0.135779 0.79422 0.112528 0.11893 0.029148
0 0.561231 0.855952 0.0301131 0.0540931 0.0289927
0 0.856016 0.696731 0.0392544 0.0586544 0.0289454
0 0.406596 0.833065 0.0141456 0.0181764 0.0289152
0 0.981155 0.964055 0.0376364 0.0614504 0.0288181
0 0.342132 0.833978 0.0288331 0.0355811 0.0287031
0 0.40738 0.572842 0.0648996 0.0442735 0.0281252
0 0.0754508 0.749421 0.140346 0.216766 0.027862
0 0.684106 0.961584 0.0895196 0.0855611 0.0278013
0 0.251291 0.858374 0.0393944 0.0490131 0.0277404
0 0.0422857 0.870774 0.0825997 0.173887 0.0277159
0 0.0410666 0.744611 0.0844217 0.233202 0.0275908
0 0.226155 0.81439 0.0971212 0.114915 0.0274085
0 0.793291 0.844268 0.089229 0.0744271 0.0270168
0 0.935788 0.944613 0.129043 0.11539 0.0262921
0 0.776635 0.833654 0.114072 0.0995131 0.0262164
0 0.282982 0.826991 0.0368447 0.0341804 0.0258623
0 0.879441 0.815015 0.0956226 0.126534 0.0258535
0 0.709319 0.84762 0.0431612 0.0561252 0.0256918
0 0.149906 0.85735 0.0318811 0.0271211 0.0255327
0 0.346784 0.90266 0.0722969 0.133564 0.0252129
0 0.642074 0.749848 0.0201517 0.0272218 0.0247174
0 0.961079 0.945306 0.0729334 0.101567 0.0246593
0 0.155465 0.867449 0.0306944 0.0369388 0.0245211
0 0.983425 0.919168 0.0372664 0.135672 0.0241125
0 0.326645 0.834946 0.0844518 0.08232 0.024096
0 0.0609859 0.911894 0.115808 0.172628 0.0240247
0 0.853086 0.69574 0.0564558 0.078019 0.0236113
0 0.22463 0.912077 0.0348198 0.0503255 0.0234314
0 0.126852 0.751092 0.0532321 0.0612125 0.0232758
0 0.615946 0.843514 0.0465111 0.0558033 0.0230293
0 0.361964 0.891321 0.0350682 0.0785643 0.0227859
0 0.511461 0.794392 0.0393261 0.0457016 0.0226
0 0.37854 0.832938 0.0170574 0.022661 0.0225044
0 0.533072 0.608451 0.0712527 0.0756533 0.0224848
0 0.404275 0.638821 0.103284 0.132498 0.022453
0 0.30045 0.828382 0.0234279 0.0251738 0.0224135
0 0.788998 0.784433 0.0992872 0.090097 0.0218103
0 0.877183 0.869464 0.0330173 0.0512412 0.0215584
0 0.0774066 0.867037 0.0481206 0.0717802 0.0215561
0 0.639496 0.946723 0.0510369 0.0857457 0.0215005
0 0.635161 0.998596 0.0326624 0.0254154 0.0214196
0 0.0149995 0.874097 0.0284238 0.0895008 0.0213369
0 0.700747 0.824665 0.0325417 0.0693637 0.0213227
0 0.61072 0.656417 0.0515846 0.076315 0.0211535
0 0.457269 0.868538 0.0260312 0.0483777 0.0211108
0 0.372614 0.914318 0.103129 0.145982 0.0209894
0 0.63741 0.877715 0.0181353 0.0523671 0.0208706
0 0.557512 0.886011 0.0313703 0.110094 0.0207913
0 0.757273 0.83628 0.081986 0.0855654 0.0207317
0 0.20532 0.843993 0.0318779 0.038523 0.020642
0 0.894863 0.948213 0.125267 0.10945 0.0205209
0 0.594531 0.846902 0.0779413 0.0643322 0.0204843
0 0.705095 0.784333 0.0372809 0.0645281 0.0204579
0 0.142802 0.943247 0.0613291 0.0760771 0.0201072
0 0.381025 0.866695 0.0146482 0.0289522 0.0200424
0 0.989609 0.161161 0.0208076 0.1001 0.0198634
0 0.989476 0.957419 0.0210831 0.0743588 0.0197293
0 0.444928 0.859056 0.0101089 0.0242398 0.0196374
0 0.172498 0.873154 0.0387314 0.0566632 0.0195789
0 0.225176 0.965487 0.0306629 0.0470164 0.0195428
0 0.334279 0.82121 0.0204918 0.0256226 0.0194889
0 0.119734 0.879414 0.0918548 0.0932505 0.0194748
0 0.544031 0.622349 0.106246 0.106652 0.0193278
0 0.958984 0.977236 0.073415 0.0462375 0.0192772
0 0.731192 0.848402 0.0510841 0.0552867 0.0191875
0 0.976032 0.809282 0.0492903 0.152291 0.0191319
0 0.586053 0.838783 0.0520234 0.0518085 0.0190777
0 0.150623 0.769469 0.095985 0.113018 0.0190336
0 0.101542 0.965467 0.0426499 0.0523573 0.01874
0 0.390603 0.620597 0.0737778 0.0962886 0.0187177
0 0.349175 0.823546 0.0203027 0.0245597 0.0187105
0 0.947272 0.978816 0.0574509 0.0380831 0.0186831
0 0.642924 0.888051 0.0189708 0.047248 0.0185683
0 0.290664 0.873669 0.0203835 0.0675142 0.0182495
0 0.609873 0.989149 0.0417808 0.0355921 0.0182453
0 0.635272 0.894801 0.0216437 0.0545602 0.018201
0 0.505726 0.786454 0.020406 0.0270883 0.0181823
0 0.656398 0.959993 0.0427399 0.0575219 0.0180784
0 0.438522 0.610579 0.0390018 0.054479 0.0180638
0 0.361267 0.827462 0.0184722 0.024165 0.0180087
0 0.770332 0.84593 0.078195 0.0673709 0.0179535
0 0.00862933 1.00291 0.0189791 0.027762 0.0178607
0 0.508375 0.643925 0.0808177 0.0953785 0.0178443
0 0.53904 0.860944 0.014896 0.0257782 0.0178032
0 0.971792 0.914963 0.0571577 0.125662 0.0177446
0 0.194469 0.789939 0.0965275 0.107496 0.0177305
0 0.64121 0.842728 0.0396209 0.0595907 0.0176654
0 0.588032 0.809662 0.0222354 0.0360135 0.0175494
0 0.982582 0.805345 0.0358263 0.122743 0.0175287
0 0.869704 0.788543 0.066053 0.114011 0.0174183
0 0.534562 0.789946 0.0158434 0.0226335 0.0173889
0 0.652759 0.999513 0.0353587 0.0284054 0.01733
0 0.926926 0.656861 0.150621 0.406005 0.0173238
0 0.256017 0.783877 0.0414713 0.0434509 0.0170604
0 0.586696 0.807235 0.0336764 0.0409436 0.017049
0 0.861808 0.873167 0.0351625 0.0483273 0.0169805
0 0.544531 0.79018 0.0136926 0.021356 0.0169519
0 0.91431 0.982716 0.0371765 0.0254157 0.016823
0 0.744263 0.847184 0.0540567 0.0600076 0.0168154
0 0.929813 0.911681 0.121496 0.153741 0.0167798
0 0.973959 0.467264 0.0488964 0.194293 0.0167595
0 0.660286 0.873062 0.0421081 0.0579308 0.0167441
0 0.436087 0.858394 0.0112083 0.0205731 0.0167324
0 0.55013 0.92972 0.0291904 0.040449 0.0167138
0 0.770747 0.797004 0.19741 0.169318 0.0166209
0 0.623964 0.875404 0.0391314 0.0997128 0.0165931
0 0.838258 0.751952 0.0900826 0.135218 0.0165213
0 0.245391 0.783461 0.034324 0.0383497 0.0164527
0 0.401397 0.602523 0.0924996 0.106357 0.0163953
0 0.109961 0.86054 0.0508092 0.0400403 0.0163571
0 0.947685 0.80216 0.0882908 0.117587 0.0163558
0 0.167668 0.932247 0.124087 0.146991 0.0163383
0 0.109527 0.783484 0.0665979 0.081947 0.0162982
0 0.184662 0.65045 0.067562 0.0673413 0.016272
0 0.723278 0.95076 0.149339 0.120332 0.0161777
0 0.548816 0.785893 0.0199048 0.0332236 0.0161284
0 0.596567 0.819802 0.0543986 0.0765561 0.0161219
0 0.133426 0.878041 0.0651052 0.0698117 0.0160798
