0 0.691715 0.542108 0.0731333 0.0910692 0.916307
0 0.343317 0.511335 0.0781912 0.0796733 0.889594
0 0.650838 0.527397 0.0396825 0.0580526 0.839315
0 0.920866 0.665362 0.157943 0.417248 0.830719
0 0.633077 0.518588 0.0274489 0.0520584 0.773871
0 0.610209 0.501957 0.0161784 0.0230654 0.677357
0 0.40639 0.509487 0.0490069 0.0556385 0.62971
0 0.439949 0.509502 0.0242665 0.0416773 0.500426
0 0.560448 0.502663 0.0338086 0.02733 0.441342
0 0.607107 0.500197 0.0154487 0.022359 0.365793
0 0.604107 0.499387 0.0115231 0.0186929 0.303628
0 0.601436 0.49821 0.00988197 0.017804 0.272735
0 0.566726 0.501323 0.020894 0.020752 0.251793
