0 0.543341 0.48119 0.074901 0.106673 0.931185
0 0.744889 0.499613 0.23179 0.292949 0.847779
0 0.42596 0.462641 0.0437081 0.0566147 0.753278
0 0.0713506 0.478613 0.041622 0.0334095 0.706369
0 0.0277289 0.4798 0.0289176 0.0332442 0.702264
0 0.193849 0.447989 0.0170539 0.0204198 0.60113
0 0.216831 0.443238 0.015532 0.0180627 0.590741
0 0.271743 0.43395 0.0148294 0.0180983 0.584287
0 0.290222 0.428887 0.0136396 0.0169661 0.576203
0 0.149667 0.454772 0.0241478 0.0229891 0.519567
0 0.0944531 0.461052 0.0245733 0.0258131 0.51853
0 0.250048 0.435258 0.0152702 0.0179286 0.499115
0 0.263374 0.465503 0.0316337 0.0377981 0.411765
0 0.258273 0.431925 0.0150702 0.0174472 0.406179
0 0.0270696 0.469108 0.0281608 0.037404 0.361525
0 0.192491 0.425099 0.0166816 0.0226439 0.34421
0 0.590618 0.461814 0.0291948 0.0584981 0.340497
0 0.153724 0.439555 0.0275008 0.0271835 0.336714
0 0.615518 0.455776 0.0706287 0.0906325 0.332112
0 0.0763507 0.454563 0.0213593 0.020735 0.323688
0 0.150952 0.450069 0.0283583 0.0304586 0.311431
0 0.205677 0.423745 0.0161193 0.0210573 0.308588
0 0.228974 0.422649 0.0145251 0.0181293 0.294049
0 0.0752025 0.44735 0.0190779 0.0192924 0.288259
0 0.608657 0.441846 0.0422699 0.046589 0.277887
0 0.0655077 0.47884 0.0275643 0.0295588 0.274713
0 0.192853 0.442216 0.0163577 0.0223984 0.273979
0 0.64923 0.455568 0.0320356 0.0551671 0.272101
0 0.473598 0.459855 0.0224645 0.0302748 0.269202
0 0.249221 0.429906 0.0163189 0.01812 0.265561
0 0.261928 0.43051 0.0121688 0.0173189 0.265352
0 0.126452 0.445645 0.0214155 0.021474 0.260331
0 0.603987 0.459065 0.0513599 0.0674561 0.259984
0 0.00590986 0.457016 0.0116229 0.0229055 0.259224
0 0.22821 0.426364 0.0132552 0.0173272 0.255302
