0 0.56369 0.539566 0.0376946 0.051501 0.898141
0 0.407139 0.591862 0.116519 0.181859 0.849878
0 0.521085 0.528625 0.0257634 0.0344835 0.798871
0 0.326914 0.564273 0.0546113 0.0701558 0.596461
0 0.487081 0.52954 0.0175735 0.022974 0.541004
0 0.493009 0.528308 0.0162107 0.0214244 0.516877
0 0.460516 0.539035 0.0183011 0.0391061 0.513297
0 0.463987 0.535025 0.017284 0.0301214 0.500444
0 0.0682376 0.645997 0.136475 0.119389 0.443742
0 0.228532 0.592969 0.121076 0.135572 0.428967
0 0.542274 0.531707 0.0185244 0.0345335 0.427027
0 0.457038 0.540266 0.0181847 0.0483717 0.413988
0 0.451295 0.536207 0.0225293 0.0618351 0.316087
0 0.305109 0.557669 0.042073 0.0797012 0.293388
0 0.467353 0.534467 0.0137012 0.0255542 0.289928
