0 0.194668 0.497304 0.111733 0.116166 0.910024
0 0.420664 0.542868 0.160255 0.226332 0.903512
0 0.343598 0.487215 0.0358251 0.0513193 0.822739
0 0.311813 0.482822 0.0226668 0.0319827 0.705297
0 0.284377 0.479296 0.0311957 0.0381164 0.640665
0 0.254044 0.479315 0.0263321 0.0313458 0.497068
0 0.115233 0.48369 0.0336327 0.0261625 0.318672
0 0.3266 0.484883 0.0134941 0.030201 0.294684
0 0.0174661 0.489617 0.0349321 0.0400199 0.271409
0 0.322917 0.483276 0.0139586 0.0297145 0.257876
0 0.413126 0.431337 0.0607912 0.0224624 0.254001
0 0.12349 0.48324 0.0324522 0.0271172 0.248879
0 0.104913 0.482818 0.0448149 0.0287167 0.246842
0 0.0755033 0.485526 0.0921637 0.0362785 0.217761
0 0.309746 0.483314 0.0161977 0.0245994 0.215773
0 0.256127 0.480456 0.0199544 0.0245832 0.200993
0 0.128495 0.479682 0.0369219 0.0317262 0.193195
0 0.0463641 0.490676 0.0430311 0.0287652 0.186594
0 0.12361 0.482954 0.0226806 0.0222265 0.181482
0 0.319608 0.483719 0.0136125 0.0257851 0.1699
0 0.00453178 0.5027 0.00906356 0.0366057 0.161039
0 0.12203 0.48685 0.0186244 0.0194222 0.159503
0 0.0181777 0.475928 0.035956 0.0698321 0.15516
0 0.261331 0.480024 0.0237906 0.0295752 0.146783
0 0.308714 0.478155 0.0156966 0.0206757 0.124965
0 0.12899 0.473862 0.0449653 0.047727 0.122811
0 0.116834 0.48595 0.0225918 0.0198458 0.122131
0 0.0579677 0.494089 0.073531 0.037149 0.118942
0 0.248352 0.481376 0.0167959 0.0259816 0.118149
0 0.5625 0.744599 0 0.510802 0.110708
0 0.132267 0.480912 0.024669 0.024939 0.110434
0 0.0343437 0.480799 0.0686875 0.0533463 0.108375
0 0.276692 0.480413 0.0185156 0.0256653 0.108303
0 0.414424 0.44696 0.0699005 0.0526877 0.106418
0 0.283014 0.480584 0.0231338 0.0261197 0.103785
0 0.107101 0.483249 0.0290027 0.0234815 0.103665
0 0.112416 0.484594 0.0224353 0.020545 0.0974962
0 0.417002 0.406501 0.0560977 0.0548568 0.0960055
0 0.412905 0.459363 0.0741442 0.0870445 0.0959373
0 0.488549 0.481185 0.0252263 0.0423439 0.0918304
0 0.265913 0.501216 0.0189605 0.0289824 0.0900823
0 0.00772783 0.503737 0.0154557 0.0481966 0.0874536
0 0.0109337 0.491487 0.0202872 0.0327758 0.0868819
0 0.272295 0.477227 0.0396898 0.0423706 0.0845311
0 0.338558 0.489914 0.0195848 0.0439718 0.0840797
0 0.279605 0.48364 0.0191128 0.0253585 0.08397
0 0.337454 0.470249 0.0142641 0.0195441 0.0824297
0 0.5625 0.560988 0 0.0323636 0.0775626
0 0.35413 0.480756 0.0137172 0.0294136 0.076733
0 0.0928911 0.481551 0.0360992 0.0243375 0.0761219
0 0.357278 0.489926 0.0260507 0.054827 0.0752692
0 0.136403 0.485502 0.0159376 0.0218049 0.073702
0 0.98911 0.970774 0.0214983 0.0527215 0.0734611
0 0.125526 0.48928 0.0193832 0.0237345 0.0732725
0 0.324254 0.476888 0.013346 0.0234384 0.070878
0 0.0607564 0.460244 0.122738 0.0911482 0.069754
0 0.677168 0.555834 0.035698 0.0442923 0.0695259
0 0.417265 0.424044 0.058148 0.0252888 0.0664031
0 0.410206 0.439212 0.058056 0.0307826 0.0652633
0 0.367273 0.484313 0.0460287 0.0725271 0.0642836
0 0.376998 0.491815 0.0599896 0.089925 0.0619413
0 0.511019 0.47132 0.0577325 0.0622541 0.0597343
0 0.975281 0.96467 0.0548317 0.0751166 0.0578078
0 0.0869429 0.485462 0.0403637 0.0264467 0.0552199
0 0.483674 0.475813 0.0457369 0.082858 0.0551549
0 0.348374 0.491212 0.0204738 0.0441189 0.0524074
0 0.132135 0.489922 0.0182791 0.0204548 0.0518776
0 0.515335 0.50829 0.0608372 0.109411 0.0516749
0 0.486572 0.464653 0.0353522 0.0537551 0.0514224
0 0.0187934 0.51731 0.0384252 0.0767696 0.0511804
0 0.350954 0.470637 0.0164384 0.0217922 0.0510584
0 0.418873 0.466042 0.12065 0.0984328 0.049851
0 0.480955 0.45607 0.0473124 0.0736816 0.0498384
0 0.0627617 0.480904 0.0527661 0.0313118 0.049122
0 0.523659 0.45628 0.0526499 0.0414614 0.048082
0 0.523427 0.466491 0.0511493 0.0760813 0.0476424
0 0.756458 0.709878 0.20423 0.386502 0.047511
0 0.240827 0.498201 0.0364606 0.0640158 0.04725
0 0.232315 0.469984 0.032385 0.0414281 0.0468961
0 0.79537 0.853271 0.369794 0.285109 0.046869
0 0.352841 0.484449 0.0234188 0.0309421 0.0468009
0 0.356074 0.470581 0.01275 0.0190026 0.0465151
0 0.487585 0.500758 0.0292317 0.0650156 0.0454979
0 0.233326 0.482507 0.0426331 0.0664475 0.0454383
0 0.222054 0.465042 0.0504318 0.0486458 0.0453365
0 0.144715 0.481927 0.0151614 0.0220339 0.0448023
0 0.368792 0.463021 0.0193089 0.0290609 0.0436381
0 0.075782 0.523182 0.122845 0.11774 0.0433272
0 0.0246835 0.522549 0.0486189 0.103674 0.0428326
0 0.0245574 0.500663 0.0365296 0.0371854 0.0426684
0 0.24684 0.47236 0.0205849 0.0297081 0.0421086
0 0.134409 0.474086 0.0329236 0.0349225 0.0419625
0 0.0057483 0.519966 0.0118259 0.0526482 0.0418322
0 0.362018 0.477287 0.0140501 0.0257636 0.0414167
0 0.347407 0.502878 0.0158282 0.0363677 0.0408886
0 0.666095 0.559963 0.053341 0.0459644 0.0400468
0 0.0637268 0.437057 0.137793 0.166707 0.0395801
0 0.438938 0.729988 0.0232507 0.0299013 0.0394156
0 0.736176 0.55985 0.137573 0.172804 0.0383798
0 0.363528 0.466966 0.0187143 0.0257908 0.0382192
0 0.0693875 0.499051 0.086681 0.0565774 0.0374288
0 0.0252811 0.493762 0.0229041 0.027873 0.0373207
0 0.0292732 0.460329 0.0631684 0.100728 0.036511
0 0.499989 0.503877 0.0491261 0.0860176 0.0358421
0 0.418608 0.483856 0.0630215 0.104496 0.0358394
0 0.228832 0.495368 0.0432972 0.0834778 0.0349467
0 0.482437 0.475503 0.0377687 0.0583633 0.0336842
0 0.101332 0.479086 0.0244562 0.0193104 0.0331194
0 0.446718 0.469321 0.089526 0.085819 0.0330787
0 0.37519 0.512803 0.0708614 0.125064 0.0329755
0 0.48648 0.51811 0.0361258 0.0956702 0.032974
0 0.435436 0.447612 0.0496698 0.0467873 0.0325833
0 0.399552 0.407696 0.0392076 0.0393019 0.0324341
0 0.15555 0.468448 0.0638961 0.0546723 0.0321346
0 0.418572 0.507226 0.0393943 0.0770543 0.0320116
0 0.165125 0.487867 0.060197 0.0842673 0.0319911
0 0.500182 0.446071 0.0931212 0.0991193 0.0317074
0 0.432099 0.511936 0.075319 0.116829 0.0313318
0 0.0844946 0.474054 0.0319504 0.0260542 0.0312653
0 0.426507 0.609204 0.137298 0.0838031 0.0311624
0 0.435162 0.728487 0.0301825 0.0458618 0.0310572
0 0.433579 0.494687 0.0970874 0.13082 0.0305522
0 0.360889 0.517771 0.0481248 0.131697 0.0304687
0 0.500592 0.43536 0.094041 0.163955 0.0304061
0 0.685631 0.554125 0.0356991 0.0569839 0.0298016
0 0.185529 0.478705 0.0929207 0.0736153 0.0296286
0 0.374649 0.430178 0.0177406 0.0211284 0.0295836
0 0.682525 0.646818 0.119938 0.226712 0.029448
0 0.375667 0.465913 0.0274851 0.0386723 0.0292951
0 0.128384 0.445015 0.0509956 0.0872839 0.0291065
0 0.910476 0.847108 0.175733 0.260527 0.0288679
0 0.047287 0.499132 0.0337389 0.0297362 0.0288253
0 0.950647 0.872953 0.100901 0.236483 0.0287163
0 0.136079 0.491789 0.0131729 0.0238881 0.0286721
0 0.111731 0.478909 0.0215714 0.0196769 0.0281973
0 0.66432 0.548026 0.0631697 0.0735238 0.028015
0 0.454027 0.525621 0.0999855 0.176053 0.0277847
0 0.0807552 0.50093 0.0497924 0.03914 0.0268455
0 0.121533 0.459155 0.0359097 0.0514592 0.0266339
0 0.323433 0.555246 0.0167739 0.0329021 0.0265251
0 0.966448 0.125879 0.063139 0.17245 0.0261182
0 0.521926 0.4361 0.0630359 0.0772174 0.0261153
0 0.332464 0.492021 0.0140765 0.0324106 0.0258233
0 0.983502 0.325803 0.0309059 0.0463104 0.0257553
0 0.702851 0.556834 0.0570536 0.056525 0.0256703
0 0.418753 0.419413 0.0391184 0.0304743 0.0254838
0 0.538302 0.775215 0.0334188 0.0487927 0.0254364
0 0.336178 0.502854 0.014251 0.0291176 0.0254024
0 0.259541 0.698913 0.110001 0.156401 0.0252965
0 0.0501165 0.450206 0.0947785 0.13215 0.0251232
0 0.987409 0.934794 0.0262774 0.103348 0.0249253
0 0.106748 0.403954 0.0525253 0.0567736 0.0249134
0 0.563881 0.501731 0.0469103 0.0777603 0.0248674
0 0.522179 0.519343 0.0932172 0.172711 0.0248053
0 0.0680984 0.381867 0.0378513 0.0356216 0.0247066
0 0.171828 0.569648 0.0988311 0.159491 0.0247044
0 0.434253 0.286482 0.0241823 0.034478 0.0246331
0 0.979648 0.954089 0.0389021 0.0992152 0.0242944
0 0.0366302 0.519423 0.0737766 0.077223 0.0242089
0 0.46886 0.440231 0.042789 0.0466344 0.0241204
0 0.532311 0.765114 0.0539795 0.0754345 0.0239792
0 0.765184 0.607546 0.0394303 0.0331714 0.0238941
0 0.240858 0.466326 0.0191978 0.0267985 0.023861
0 0.484571 0.48714 0.0301339 0.049628 0.0238305
0 0.653437 0.532488 0.0830627 0.0935545 0.0237029
0 0.551216 0.486823 0.0493894 0.0797138 0.0236952
0 0.57112 0.303655 0.0283258 0.041454 0.0236546
0 0.014264 0.534621 0.0321045 0.11221 0.023539
0 0.505537 0.39238 0.102846 0.209683 0.0234328
0 0.251646 0.476774 0.0129399 0.0248968 0.0234025
0 0.077426 0.47126 0.0346108 0.0293109 0.0230023
0 0.232747 0.447607 0.0498039 0.0651439 0.0228491
0 0.0777784 0.387453 0.0545706 0.0484343 0.0228163
0 0.985519 0.297698 0.0285841 0.107931 0.0227215
0 0.464193 0.576749 0.0530819 0.103825 0.0226894
0 0.0559176 0.470356 0.0361521 0.0341171 0.0225717
0 0.334956 0.653875 0.0152442 0.0256092 0.0225216
0 0.0919091 0.398852 0.0465838 0.0478814 0.0224539
0 0.595551 0.5104 0.0684052 0.0812154 0.0224128
0 0.512542 0.425904 0.0838994 0.110716 0.0221738
0 0.336977 0.623225 0.0139005 0.0326103 0.0218478
0 0.134682 0.411423 0.0416396 0.0565866 0.0218468
0 0.638936 0.529308 0.106779 0.128779 0.0217505
0 0.0633697 0.391816 0.121969 0.214894 0.0216334
0 0.421707 0.727672 0.053877 0.0594449 0.0215362
0 0.228685 0.719963 0.133493 0.179208 0.0214754
0 0.471042 0.524484 0.0653155 0.158947 0.0213215
0 0.485576 0.436727 0.0640219 0.107612 0.021289
0 0.327012 0.681978 0.0164747 0.0339035 0.0212036
0 0.986008 0.139987 0.0280935 0.132059 0.0211958
0 0.574495 0.296797 0.0356248 0.0504951 0.0211865
0 0.790622 0.57038 0.214262 0.264218 0.0211558
0 0.404046 0.698016 0.0637084 0.108725 0.020983
0 0.410497 0.724895 0.0713472 0.0731837 0.0209417
0 0.476494 0.49027 0.0484797 0.081911 0.0208746
0 0.979418 0.150374 0.0398697 0.125993 0.0207296
0 0.709844 0.549469 0.0748874 0.0781594 0.0205431
0 0.280233 0.87006 0.0230694 0.0309862 0.0203917
0 0.42884 0.732983 0.0375117 0.0431005 0.0203368
0 0.537872 0.484777 0.0745591 0.0960303 0.0200709
0 0.512763 0.533594 0.0631824 0.122355 0.0200586
0 0.683021 0.578963 0.021218 0.0334769 0.0200256
0 0.103803 0.392739 0.0424341 0.0562346 0.019982
0 0.174805 0.417173 0.101201 0.130613 0.0199552
0 0.409914 0.357195 0.0312365 0.0320093 0.0199
0 0.290008 0.431299 0.049087 0.0885284 0.0198639
0 0.474987 0.552509 0.0529524 0.150632 0.0197066
0 0.35332 0.567244 0.0312213 0.0676665 0.0196666
0 0.452432 0.727459 0.0522279 0.0583227 0.0196518
0 0.147913 0.483137 0.0245501 0.0410416 0.0196296
0 0.0681401 0.611852 0.143302 0.256036 0.0196057
0 0.437247 0.544752 0.0926067 0.145378 0.0195399
0 0.0636395 0.521695 0.0822829 0.0809703 0.0192777
0 0.536486 0.447731 0.0575164 0.0440268 0.0190604
0 0.153174 0.49318 0.0289194 0.0532845 0.018884
0 0.0604397 0.382286 0.0481377 0.0422048 0.0188056
0 0.527252 0.417128 0.0570108 0.10165 0.0187445
0 0.0789889 0.752009 0.135935 0.188628 0.0187146
0 0.433466 0.405085 0.0349014 0.0478952 0.0187135
0 0.619498 0.629338 0.0946582 0.148236 0.0185444
0 0.347553 0.438428 0.0237465 0.0290849 0.0185246
0 0.508055 0.582764 0.0332581 0.0612649 0.0184086
0 0.268953 0.813551 0.122579 0.218804 0.0183827
0 0.187069 0.458352 0.0371356 0.045695 0.0183522
0 0.894109 0.284827 0.0242123 0.0290475 0.0182959
0 0.962553 0.245102 0.0731634 0.206208 0.0181859
0 0.964182 0.178292 0.0667713 0.170783 0.0181538
0 0.314572 0.489007 0.0144929 0.0239252 0.0181497
0 0.398783 0.601885 0.0942942 0.107912 0.0180614
0 0.0173247 0.407669 0.0346387 0.0722711 0.0178809
0 0.673544 0.828516 0.12 0.195181 0.0178638
0 0.731705 0.25561 0.32437 0.27606 0.0178336
0 0.222291 0.57677 0.0779677 0.125398 0.0178199
0 0.925986 0.875335 0.136794 0.199065 0.0178133
0 0.525886 0.544416 0.0644863 0.108015 0.0177796
0 0.0542991 0.397149 0.0659053 0.0567201 0.017764
0 0.384424 0.393849 0.0278895 0.0350717 0.0177037
0 0.413879 0.677662 0.0808599 0.127668 0.0175955
0 0.0140014 0.882951 0.0288678 0.0767661 0.017567
0 0.327631 0.675088 0.0160645 0.0255832 0.017528
0 0.979918 0.320461 0.0378164 0.0870598 0.0175084
0 0.544201 0.465616 0.0596378 0.0581327 0.017326
0 0.613824 0.317384 0.0701985 0.0781833 0.017276
0 0.990568 0.99348 0.0190863 0.0524502 0.0172613
0 0.84233 0.237392 0.0936853 0.104273 0.0172358
0 0.240813 0.649736 0.0453413 0.0657313 0.0171728
0 0.173581 0.722799 0.136711 0.214786 0.0171085
0 0.659599 0.304917 0.0687299 0.0802279 0.0170731
0 0.645137 0.305459 0.0474566 0.0678954 0.0170639
0 0.36597 0.549423 0.054447 0.197545 0.0170406
0 0.213567 0.656912 0.0792861 0.100092 0.0170405
0 0.325584 0.6884 0.0159384 0.037075 0.0170321
0 0.979726 -0.0108358 0.0391562 0.0468523 0.0168618
0 0.0265484 0.409996 0.0503569 0.0810919 0.0168395
0 0.723133 0.569194 0.0926477 0.0791494 0.016832
0 0.795565 0.25564 0.0278595 0.0418758 0.0167649
0 0.967413 0.0527772 0.0601381 0.135646 0.0166283
0 0.944151 0.902485 0.0993792 0.157222 0.016616
0 0.0543981 0.892486 0.0982651 0.159277 0.0163773
0 0.205031 0.457896 0.0584881 0.0419603 0.0163287
0 0.617865 0.513326 0.0953432 0.0996209 0.0163245
0 0.983025 1.00044 0.0281395 0.0498323 0.0163138
0 0.799793 0.2514 0.0352783 0.0546497 0.0163101
0 0.0252923 0.443929 0.047744 0.136082 0.0162534
0 0.767131 0.947587 0.190231 0.165367 0.0162271
0 0.452732 0.42386 0.022106 0.0358576 0.0162035
0 0.442517 0.619096 0.103878 0.066739 0.0160779
0 0.0810263 0.576507 0.116718 0.154773 0.0160656
0 0.142615 0.504684 0.0192744 0.0286135 0.016043
0 0.0661362 0.799339 0.134704 0.300787 0.0160312
0 0.576022 0.402666 0.0705215 0.11676 0.0159591
0 0.262663 0.639268 0.0409867 0.0509844 0.0158474
0 0.556346 0.466913 0.0437323 0.0508601 0.0157738
0 0.377919 0.43533 0.0187465 0.0247329 0.0157542
0 0.106144 0.563465 0.0907313 0.143119 0.0157541
0 0.0131793 0.743203 0.0271411 0.0896766 0.0156348
0 0.421923 0.534523 0.0562734 0.0886402 0.0155918
0 0.211946 0.289756 0.153664 0.268729 0.0155677
0 0.93612 0.240874 0.115063 0.214287 0.0155617
0 0.945792 0.32952 0.0315559 0.0385755 0.0155105
0 0.975325 0.291988 0.0456459 0.117784 0.0154915
0 0.425106 0.396618 0.0823736 0.113856 0.0154262
0 0.432179 0.676544 0.0476481 0.0785638 0.0152682
0 0.422664 0.711158 0.0465647 0.0750358 0.0151727
0 0.63485 0.276994 0.207732 0.238638 0.0150221
0 0.737184 0.240879 0.145925 0.146099 0.0149828
0 0.39123 0.416029 0.0293477 0.0391272 0.0149552
0 0.586639 0.655789 0.0290752 0.0375827 0.0149468
0 0.0594474 0.10641 0.109572 0.212526 0.0149467
0 0.58349 0.529549 0.112861 0.159087 0.0149465
0 0.577569 0.491216 0.0594547 0.0719023 0.0149397
0 0.66444 0.284122 0.0697985 0.0898084 0.0149355
0 0.631955 0.308603 0.0568164 0.0742203 0.0149232
0 0.372462 0.711713 0.0430064 0.0768823 0.01487
0 0.329077 0.681999 0.0374514 0.0707139 0.0148691
0 0.256365 0.511655 0.0208144 0.0366255 0.0148254
0 0.0235532 0.539086 0.0364303 0.079636 0.014815
0 0.472598 0.852092 0.03647 0.0643979 0.0147914
0 0.637136 0.319015 0.0389885 0.0594938 0.0147689
0 0.306136 0.695716 0.0468877 0.073682 0.0147437
