0 0.37738 0.514222 0.0587453 0.0846908 0.917071
0 0.445678 0.467487 0.0250166 0.0208696 0.69094
0 0.323488 0.491696 0.0406188 0.0380452 0.688109
0 0.168658 0.493614 0.0270856 0.0293115 0.669393
0 0.283736 0.481914 0.0304872 0.0300265 0.661949
0 0.273303 0.484533 0.0236883 0.0270219 0.65161
0 0.471582 0.46642 0.0188577 0.0190698 0.629585
0 0.49184 0.465207 0.0295074 0.025036 0.611226
0 0.204152 0.492015 0.0252873 0.0232666 0.589916
0 0.236819 0.4836 0.0348943 0.0330001 0.587447
0 0.518882 0.463138 0.0175707 0.0188832 0.574153
0 0.424077 0.467506 0.0201718 0.0211118 0.569533
0 0.289286 0.481322 0.0230342 0.0269226 0.55872
0 0.5625 0.466083 0 0.0259384 0.55213
0 0.348798 0.485785 0.0236021 0.0323875 0.535701
0 0.132495 0.497032 0.0421253 0.0364187 0.535458
0 0.537731 0.462621 0.0204253 0.0207779 0.51584
0 0.397806 0.472302 0.0237828 0.0225521 0.44604
0 0.225347 0.489218 0.0214556 0.0248561 0.436532
0 0.418598 0.468126 0.0237306 0.022745 0.434669
0 0.351533 0.477763 0.0248619 0.0265862 0.428883
0 0.261026 0.484905 0.0249449 0.0244515 0.415455
0 0.5625 0.463258 0 0.0248806 0.389784
0 0.555593 0.45868 0.0138146 0.0215499 0.359364
0 0.5625 0.463681 0 0.0263852 0.3365
0 0.457586 0.467026 0.0141122 0.0179298 0.334149
0 0.357081 0.475143 0.0317688 0.0246184 0.325383
0 0.5625 0.45832 0 0.0213338 0.321586
0 0.466181 0.46695 0.0170746 0.0188438 0.300881
0 0.18913 0.496263 0.0165362 0.0208099 0.297436
0 0.530116 0.46359 0.0140166 0.0183065 0.293982
0 0.294302 0.479771 0.013491 0.0219427 0.290803
0 0.242965 0.483468 0.0221476 0.0298639 0.281738
0 0.478039 0.466078 0.0154781 0.0193643 0.271524
0 0.00533948 0.502322 0.010679 0.0350596 0.269353
0 0.553703 0.454184 0.0175947 0.0288307 0.264982
0 0.433602 0.468164 0.0165294 0.0187148 0.262552
0 0.209051 0.493458 0.0188142 0.021099 0.258904
0 0.5625 0.461601 0 0.0260282 0.256516
0 0.192834 0.495083 0.0195484 0.0203129 0.256411
0 0.439695 0.467188 0.0221122 0.021886 0.2558
0 0.189892 0.492602 0.04337 0.0329727 0.255335
0 0.402333 0.471479 0.0164659 0.0212691 0.254557
0 0.203538 0.494609 0.0188987 0.0197909 0.25325
0 0.554173 0.460868 0.0166531 0.0197943 0.252387
0 0.511102 0.464634 0.0156992 0.0182487 0.252086
0 0.399053 0.469206 0.0175736 0.0200279 0.244314
0 0.506636 0.465415 0.0152406 0.0188994 0.242507
0 0.412283 0.469496 0.019699 0.0219032 0.242349
0 0.283345 0.481349 0.0177323 0.025662 0.242204
0 0.258715 0.48668 0.0160874 0.0216768 0.241544
0 0.174116 0.495632 0.0201924 0.0234261 0.241378
0 0.118187 0.493549 0.0438814 0.0363933 0.232891
0 0.613025 0.46253 0.012158 0.0242415 0.230484
0 0.392452 0.473225 0.0221547 0.0197658 0.223739
0 0.588561 0.46525 0.0228139 0.0290106 0.223268
0 0.182536 0.495392 0.0191608 0.0219471 0.22279
0 0.567075 0.458606 0.0183772 0.0210811 0.218897
0 0.161545 0.496257 0.0205738 0.0261964 0.216356
0 0.360413 0.471919 0.0264801 0.0185961 0.213497
0 0.332423 0.490027 0.0264676 0.0321099 0.206939
0 0.576666 0.456165 0.0204433 0.0255801 0.206562
0 0.21909 0.48901 0.0197699 0.0247038 0.206512
0 0.534152 0.463595 0.0140965 0.0174096 0.198837
0 0.122741 0.497781 0.0239682 0.0284748 0.196938
0 0.292378 0.476784 0.0138534 0.0188833 0.195376
0 0.65763 0.462614 0.0337754 0.0344148 0.195292
0 0.429776 0.470568 0.0148112 0.0187684 0.194173
0 0.581376 0.462209 0.0155985 0.0214826 0.192563
0 0.348183 0.486446 0.0151751 0.0238681 0.190159
0 0.625104 0.457965 0.0209437 0.0275627 0.189911
0 0.152587 0.495129 0.0214497 0.0287001 0.184863
0 0.546364 0.460377 0.015044 0.0188101 0.183129
0 0.370342 0.473469 0.0193605 0.0187283 0.182846
0 0.599596 0.461332 0.0158064 0.0221369 0.176378
0 0.147158 0.49745 0.0257797 0.0296621 0.174973
0 0.313968 0.491436 0.0239482 0.0321647 0.174728
0 0.129333 0.490459 0.050685 0.0523554 0.174248
0 0.596545 0.45778 0.0176154 0.0263146 0.173221
0 0.212981 0.490158 0.0152492 0.0199988 0.172588
0 0.273245 0.486713 0.0156383 0.0223212 0.169979
0 0.336677 0.490057 0.0201341 0.0268763 0.168444
0 0.660901 0.457511 0.0274846 0.0296864 0.167759
0 0.315991 0.47962 0.0216807 0.0239669 0.161709
0 0.631069 0.463525 0.0127108 0.0214234 0.158009
0 0.232024 0.486608 0.0263464 0.0274172 0.157563
0 0.605204 0.460541 0.0147899 0.019679 0.153867
0 0.312846 0.475686 0.020246 0.0200667 0.150199
0 0.594329 0.461273 0.0151126 0.019308 0.144947
0 0.646923 0.463083 0.0153249 0.0234523 0.142699
0 0.321836 0.473791 0.0235502 0.0184134 0.135225
0 0.30147 0.482272 0.0174966 0.0229714 0.134571
0 0.643162 0.462847 0.0158634 0.0227793 0.134431
0 0.0383288 0.497315 0.0475194 0.0254906 0.133698
0 0.343315 0.493111 0.018854 0.0273891 0.132372
0 0.00740533 0.49526 0.0153552 0.0480531 0.131965
0 0.649689 0.460717 0.0254237 0.0270133 0.12905
0 0.562911 0.45921 0.0159123 0.0181624 0.127764
0 0.115374 0.494503 0.027613 0.0288353 0.124885
0 0.665188 0.456782 0.0189305 0.0223395 0.124735
0 0.138782 0.502136 0.0252172 0.0273208 0.121524
0 0.314013 0.487455 0.0153287 0.0215177 0.120457
0 0.957012 0.482827 0.086087 0.154449 0.118428
0 0.331948 0.488441 0.0177931 0.0240175 0.118269
0 0.167411 0.499258 0.0193274 0.0219521 0.112978
0 0.676809 0.474194 0.0638824 0.0612854 0.110213
0 0.667987 0.460083 0.0412761 0.0390242 0.110197
0 0.683581 0.441877 0.0209722 0.0261804 0.110126
0 0.707408 0.477787 0.0913142 0.0723116 0.109893
0 0.59301 0.448002 0.015345 0.018973 0.108097
0 0.15591 0.497526 0.0172618 0.0224948 0.106093
0 0.0085235 0.500919 0.0175482 0.0257762 0.104589
0 0.610854 0.460596 0.0140163 0.018756 0.102866
0 0.660185 0.47056 0.0370925 0.0513477 0.102584
0 0.722281 0.478671 0.0619097 0.0579408 0.101823
0 0.628162 0.448492 0.0163631 0.0186505 0.099349
0 0.890154 0.331244 0.213768 0.395757 0.0986823
0 0.960157 0.343099 0.0809988 0.389363 0.0981145
0 0.953586 0.523773 0.0941868 0.162225 0.0980037
0 0.0808619 0.495701 0.0299331 0.020288 0.0978558
0 0.618112 0.4592 0.013623 0.0176946 0.0974652
0 0.110375 0.49147 0.0268645 0.0265028 0.0966395
0 0.0583565 0.49662 0.0353763 0.0230704 0.0933619
0 0.112704 0.49474 0.0204345 0.0231151 0.0931294
0 0.354861 0.488553 0.0159654 0.0256251 0.0929366
0 0.00690111 0.504785 0.0139124 0.0242833 0.0928847
0 0.951892 0.570284 0.0982893 0.160103 0.0925953
0 0.550587 0.45494 0.0190787 0.0226647 0.092521
0 0.988666 0.493742 0.0224264 0.0647142 0.0915898
0 0.35438 0.477907 0.0115679 0.0162566 0.0914364
0 0.979162 0.474753 0.0418236 0.126408 0.0914304
0 0.98647 0.481068 0.0272425 0.107161 0.0909765
0 0.103758 0.493245 0.0209021 0.0247281 0.0849017
0 0.62583 0.459359 0.014912 0.0183089 0.0834973
0 0.961884 0.489226 0.0760591 0.0977042 0.0827707
0 0.120735 0.502442 0.0173916 0.0224175 0.0819453
0 0.130216 0.494733 0.0191579 0.0220766 0.081076
0 0.919993 0.538247 0.0214621 0.0319054 0.0807935
0 0.314903 0.499055 0.0229786 0.0250233 0.0797763
0 0.291724 0.484756 0.0144741 0.0209139 0.0794464
0 0.936002 0.533682 0.0525887 0.0482368 0.0790136
0 0.941757 0.516469 0.0566898 0.0593741 0.0785869
0 0.653352 0.47558 0.0429122 0.0534888 0.0777993
0 0.972268 0.590322 0.0542788 0.169027 0.0775935
0 0.946833 0.529297 0.0749928 0.0625025 0.0772056
0 0.986958 0.597681 0.025713 0.177279 0.0769477
0 0.0506807 0.49957 0.0471246 0.0278196 0.0768837
0 0.132648 0.503901 0.0210083 0.0290831 0.0756102
0 0.948089 0.496154 0.049571 0.0570542 0.0746458
0 0.0848359 0.499207 0.0254715 0.0205432 0.0744689
0 0.953696 0.507664 0.0922602 0.3456 0.0744223
0 0.708684 0.4523 0.0471392 0.0368958 0.0737297
0 0.68718 0.434333 0.0266432 0.0315891 0.0732557
0 0.951237 0.431259 0.100187 0.532316 0.0721547
0 0.532995 0.456456 0.0157093 0.0175164 0.0719066
0 0.720769 0.455892 0.0484219 0.03767 0.0716856
0 0.772978 0.427899 0.0221139 0.0403627 0.0712468
0 0.686932 0.481061 0.0906964 0.0684725 0.0701599
0 0.35204 0.494109 0.0170549 0.0316018 0.0697786
0 0.199936 0.495062 0.0155059 0.0178706 0.0693779
0 0.989017 0.537549 0.0221252 0.0651565 0.0691891
0 0.653157 0.471112 0.0267115 0.0337787 0.0684442
0 0.393175 0.490543 0.0192734 0.0440376 0.0683629
0 0.197114 0.750529 0.0202084 0.0230096 0.0683013
0 0.0832453 0.477469 0.122783 0.103605 0.0675762
0 0.700851 0.48856 0.11025 0.102068 0.067343
0 0.0106017 0.497002 0.0182584 0.0387071 0.0673101
0 0.424805 0.465272 0.0124555 0.0174853 0.0671855
0 0.938715 0.485264 0.0806337 0.10053 0.0662671
0 0.813666 0.496146 0.0302488 0.036447 0.0659744
0 0.650467 0.464518 0.0178035 0.0209571 0.0655305
0 0.851852 0.480697 0.124852 0.0908888 0.0652685
0 0.0110588 0.476107 0.0245933 0.0972273 0.064563
0 0.425197 0.472406 0.0158809 0.019605 0.0645212
0 0.411663 0.470859 0.0122907 0.0218317 0.0638304
0 0.693842 0.449649 0.0519192 0.0491148 0.062875
0 0.896866 0.501662 0.0396038 0.0475033 0.061451
0 0.953506 0.543148 0.0907751 0.0973109 0.060817
0 0.268269 0.479226 0.0166278 0.0194466 0.0600719
0 0.763105 0.492164 0.0265558 0.0315906 0.0596889
0 0.332709 0.495488 0.0187092 0.0262141 0.0596437
0 0.698017 0.432254 0.0329375 0.0373153 0.0594432
0 0.886738 0.498285 0.0432075 0.0454819 0.0590263
0 0.859233 0.494961 0.0269745 0.032873 0.057887
0 0.0237107 0.498501 0.0193841 0.0224974 0.0576954
0 0.296994 0.490173 0.0125559 0.0175524 0.0569331
0 0.0305999 0.480416 0.0538464 0.0560694 0.0565812
0 0.761423 0.439173 0.0427305 0.0552006 0.0561858
0 0.908286 0.490413 0.103448 0.0935121 0.0555786
0 0.671109 0.45019 0.0175251 0.0203587 0.0555431
0 0.0977718 0.473834 0.0794695 0.0611877 0.0553278
0 0.986311 0.550781 0.0285379 0.0806786 0.0552644
0 0.636761 0.468848 0.0132648 0.0202665 0.0547891
0 0.924845 0.541303 0.0324108 0.0439633 0.0546886
0 0.499459 0.470204 0.0164269 0.0199443 0.0541102
0 0.878915 0.495031 0.0633734 0.05638 0.0540909
0 0.875597 0.4874 0.0924143 0.084236 0.0540059
0 0.241862 0.477029 0.0237937 0.0208538 0.0538873
0 0.462152 0.466474 0.0142626 0.0176704 0.0534346
0 0.836842 0.48842 0.0744978 0.0590727 0.0530399
0 0.704082 0.438992 0.0191996 0.0241138 0.052737
0 0.765681 0.428234 0.0365028 0.0418402 0.0523873
0 0.792275 0.494919 0.0720794 0.0455713 0.0523358
0 0.251773 0.478022 0.0157891 0.0191705 0.0521455
0 0.0678373 0.49693 0.0226255 0.0201622 0.0517777
0 0.211552 0.747613 0.0218945 0.021955 0.051642
0 0.52829 0.456502 0.0130156 0.0156057 0.0516377
0 0.766055 0.461134 0.0419801 0.0930291 0.0513562
0 0.974591 0.332732 0.0481812 0.358359 0.0512506
0 0.907887 0.495995 0.063508 0.0691135 0.0506209
0 0.858222 0.518915 0.0962343 0.0928899 0.0501867
0 0.758768 0.457294 0.0851538 0.0903767 0.050186
0 0.895754 0.56325 0.0783646 0.106206 0.0499654
0 0.931884 0.574851 0.106533 0.135502 0.0496808
0 0.739014 0.480167 0.0683852 0.0698828 0.0496701
0 0.921151 0.566354 0.0779617 0.108221 0.0491906
0 0.890561 0.541598 0.0832111 0.077281 0.0480765
0 0.758004 0.488041 0.0311762 0.0366247 0.0480534
0 0.0624259 0.523651 0.115927 0.129858 0.047617
0 0.979232 0.209938 0.0419168 0.120574 0.0474677
0 0.915844 0.53815 0.0278952 0.0405955 0.0471818
0 0.848019 0.455095 0.140271 0.126825 0.0471244
0 0.0526027 0.496051 0.0279661 0.0193294 0.0468225
0 0.075451 0.481764 0.0434679 0.0357144 0.0467242
0 0.353 0.461926 0.0162576 0.0212625 0.0456909
0 0.0380348 0.488346 0.0521137 0.0345977 0.0456907
0 0.737179 0.458171 0.0864464 0.0653007 0.0454469
0 0.907017 0.545656 0.046306 0.0473002 0.0453993
0 0.00996768 0.43682 0.0208676 0.156641 0.0445004
0 0.196331 0.733101 0.0249075 0.0337657 0.0439825
0 0.470046 0.468651 0.0130259 0.0177466 0.0439216
0 0.889177 0.522516 0.079266 0.0806151 0.0432384
0 0.890485 0.440213 0.213695 0.173835 0.0430798
0 0.813843 0.486326 0.0442339 0.0536057 0.0429593
0 0.989408 0.622108 0.0206188 0.130707 0.0427643
0 0.0730928 0.469837 0.0758545 0.0636796 0.042705
0 0.707904 0.438633 0.0283741 0.0279922 0.042485
0 0.902328 0.535651 0.0571236 0.0617822 0.0423187
0 0.145713 0.448412 0.0893903 0.133548 0.041297
0 0.523652 0.463779 0.0115674 0.0162424 0.0411672
0 0.0491776 0.501467 0.0271807 0.0255228 0.0409953
0 0.253954 0.488403 0.0131456 0.0191441 0.0408273
0 0.875924 0.556888 0.137677 0.127455 0.0402131
0 0.868463 0.507579 0.122643 0.126352 0.0400146
0 0.0453224 0.492899 0.0445356 0.0329656 0.0399714
0 0.790539 0.515628 0.0905374 0.096392 0.0393735
0 0.542391 0.463273 0.0129742 0.018329 0.0392463
0 0.672084 0.433022 0.0193983 0.0255988 0.0391623
0 0.217011 0.495298 0.0136525 0.0170318 0.0388993
0 0.74776 0.356612 0.0216272 0.0319544 0.0387161
0 0.507792 0.455341 0.0146894 0.0164759 0.0386294
0 0.773092 0.418196 0.0204947 0.0367707 0.0383981
0 0.587164 0.459639 0.0107579 0.0201155 0.0378593
0 0.901304 0.508596 0.0660458 0.0839282 0.0366513
0 0.284786 0.490549 0.012993 0.0176705 0.0365375
0 0.520583 0.455835 0.0136007 0.0147833 0.0359896
0 0.909664 0.582053 0.0956779 0.127679 0.0358343
0 0.719751 0.49938 0.0983117 0.103324 0.0352441
0 0.947117 0.463313 0.0766939 0.102733 0.0349733
0 0.378356 0.495603 0.0338087 0.0439249 0.0349528
0 0.443331 0.471067 0.0155386 0.018777 0.0349122
0 0.982089 0.256298 0.0357298 0.0671282 0.0346109
0 0.984046 0.295645 0.0347445 0.150368 0.0345773
0 0.222747 0.492234 0.014596 0.0174336 0.0344938
0 0.820408 0.513468 0.0442192 0.0730122 0.0342006
0 0.101456 0.498219 0.018949 0.0215658 0.033852
0 0.239753 0.748795 0.0259649 0.0352095 0.033689
0 0.573924 0.459704 0.0112182 0.0176438 0.0336513
0 0.559816 0.459226 0.0113928 0.0160871 0.0336273
0 0.858278 0.429374 0.147498 0.134511 0.0336096
0 0.0216851 0.518742 0.040565 0.0724268 0.03316
0 0.00793585 0.408045 0.0162621 0.0868923 0.0331008
0 0.851961 0.529359 0.0723185 0.0703434 0.0329744
0 0.767864 0.520892 0.0415093 0.0718572 0.0327886
0 0.00684126 0.39151 0.0135082 0.0628606 0.0327873
0 0.364447 0.462838 0.0165477 0.0195613 0.0326877
0 0.0236916 0.48404 0.0285844 0.0466793 0.0322812
0 0.869203 0.359155 0.173105 0.287874 0.0321097
0 0.0160397 0.509172 0.0235349 0.0364546 0.0317381
0 0.202577 0.74926 0.0166791 0.0200689 0.0315917
0 0.777423 0.230029 0.031699 0.0718485 0.0314258
0 0.227032 0.494412 0.0147742 0.0190227 0.0313648
0 0.353799 0.507568 0.012499 0.0302071 0.0312638
0 0.740742 0.50971 0.0959023 0.105181 0.0309475
0 0.595662 0.433581 0.0149975 0.0178217 0.0306662
0 0.0384815 0.522598 0.0707962 0.0745051 0.0304382
0 0.988273 0.317149 0.0242287 0.0773462 0.0303876
0 0.724047 0.442539 0.0478796 0.0458418 0.0303801
0 0.501575 0.460032 0.0113736 0.0166184 0.0303783
0 0.472117 0.462616 0.0122041 0.0171486 0.0299601
0 0.749181 0.365182 0.0229839 0.0437516 0.0299592
0 0.98548 0.435018 0.0301903 0.106147 0.0299058
0 0.990778 0.33192 0.0177145 0.0406634 0.0294766
0 0.59232 0.425366 0.0150983 0.0195709 0.0293985
0 0.483805 0.455268 0.0145926 0.0155958 0.0289946
0 0.286605 0.748374 0.0291812 0.0364117 0.0289884
0 0.0340814 0.510957 0.0477084 0.0518346 0.0287322
0 0.967875 0.264325 0.0637545 0.233706 0.0286394
0 0.457746 0.392729 0.0289505 0.0402294 0.0283723
0 0.69383 0.438027 0.0287253 0.0351336 0.0282011
