0 0.3435 0.517985 0.0407291 0.0692073 0.910572
0 0.0949123 0.609565 0.1894 0.378783 0.817038
0 0.476638 0.524925 0.036623 0.0484088 0.816679
0 0.244683 0.54399 0.136005 0.15722 0.811668
0 0.455285 0.515803 0.0180832 0.0351946 0.681758
0 0.366009 0.512645 0.0214074 0.0435891 0.673629
0 0.374828 0.506759 0.0231153 0.0428601 0.66174
0 0.438873 0.509852 0.0127636 0.0181685 0.599985
0 0.310297 0.52245 0.0601795 0.127141 0.535019
0 0.389067 0.508902 0.0152753 0.0281411 0.533771
0 0.69279 0.544896 0.110678 0.100933 0.518811
0 0.414693 0.506779 0.0197729 0.0268444 0.515956
0 0.358526 0.513784 0.0255306 0.0532106 0.446001
0 0.762857 0.550133 0.137905 0.112666 0.401221
0 0.649054 0.530515 0.0866943 0.0747177 0.376313
0 0.63131 0.532212 0.0514273 0.0571003 0.339237
0 0.606045 0.529324 0.0660593 0.0570367 0.333754
0 0.399815 0.509041 0.0127852 0.022315 0.31706
0 0.797006 0.56811 0.207034 0.152613 0.306937
0 0.449715 0.514434 0.0126191 0.028773 0.30292
0 0.666354 0.533035 0.0719052 0.0820606 0.291597
0 0.423413 0.506652 0.0121651 0.0196201 0.283855
0 0.376048 0.512969 0.0166137 0.0319907 0.283009
0 0.3957 0.508484 0.013253 0.0254094 0.282945
0 0.371659 0.511591 0.0183563 0.0363707 0.269533
0 0.446374 0.51159 0.0119778 0.0245485 0.266263
0 0.372712 0.498523 0.0308382 0.05794 0.261039
0 0.433462 0.508314 0.0121059 0.0190609 0.258938
0 0.442059 0.511848 0.0138571 0.0256466 0.257463
0 0.416044 0.509453 0.0152694 0.0197856 0.250973
