0 0.204844 0.479507 0.0407528 0.0355823 0.747965
0 0.113871 0.472065 0.0184885 0.0262048 0.738231
0 0.160502 0.471457 0.0396515 0.0474696 0.716936
0 0.062478 0.468416 0.0334346 0.0437171 0.699442
0 0.0294961 0.461309 0.0217399 0.028658 0.492993
0 0.5625 0.556469 0 0.106186 0.477578
0 0.2417 0.484693 0.0419737 0.0395399 0.477235
0 0.0948638 0.465701 0.0149329 0.0250941 0.471619
0 0.0851067 0.462824 0.0162975 0.0239322 0.362644
0 0.0885096 0.4645 0.0173621 0.0256343 0.3333
0 0.0976448 0.467923 0.0132582 0.0246181 0.270155
0 0.5625 0.572033 0 0.0736757 0.245725
0 0.0214675 0.461179 0.020993 0.0301248 0.241375
0 0.0916839 0.465511 0.0132066 0.0226534 0.236133
0 0.0262503 0.459931 0.014062 0.0232666 0.234529
0 0.0148999 0.458929 0.0173719 0.0282192 0.233106
0 0.0816268 0.463215 0.0133474 0.0220577 0.225459
0 0.5625 0.577581 0 0.0585197 0.221868
0 0.0386547 0.463478 0.015959 0.0263145 0.207766
0 0.0877434 0.469067 0.013061 0.0228939 0.199216
0 0.136547 0.474572 0.0186905 0.0303833 0.19704
0 0.0313176 0.46198 0.0147627 0.0234775 0.196103
0 0.103393 0.469564 0.0172838 0.0255122 0.188684
0 0.0606285 0.457743 0.0392516 0.0595859 0.185711
0 0.260039 0.487552 0.0293776 0.0349703 0.178787
0 0.5625 0.555271 0 0.0952673 0.1739
0 0.021094 0.462843 0.0118344 0.0225876 0.172971
0 0.0880537 0.462817 0.01132 0.0195313 0.163683
0 0.0455691 0.466669 0.0186958 0.0283298 0.162063
0 0.256046 0.488493 0.0178112 0.0263523 0.152474
0 0.250809 0.487673 0.0248459 0.0309461 0.148522
0 0.022593 0.453141 0.0127263 0.0359564 0.141195
0 0.0285187 0.455962 0.016559 0.0195109 0.141093
0 0.143399 0.472321 0.0166048 0.0301419 0.140587
0 0.107637 0.471594 0.0153281 0.026207 0.136674
0 0.0333236 0.458359 0.0171107 0.0203834 0.136045
0 0.0659537 0.470209 0.0248358 0.0311969 0.129862
0 0.0201518 0.457594 0.0135447 0.0175069 0.129182
0 0.0747421 0.463787 0.0140396 0.020793 0.126221
0 0.268605 0.484771 0.0430475 0.0430532 0.125225
0 0.280832 0.480999 0.0695451 0.0557872 0.117749
0 0.241218 0.471655 0.053109 0.0693888 0.1158
0 0.5625 0.561661 0 0.0897337 0.114889
0 0.117484 0.473212 0.0137965 0.023357 0.11069
0 0.0105109 0.372537 0.0210217 0.289147 0.104782
0 0.299661 0.48482 0.044937 0.044821 0.101236
0 0.221877 0.483578 0.0197464 0.0291211 0.100781
0 0.192705 0.477363 0.0203866 0.025802 0.100525
0 0.148095 0.473442 0.0176742 0.0316321 0.0983747
0 0.156926 0.469836 0.0251338 0.0349819 0.096824
0 0.00879955 0.411325 0.0189837 0.13434 0.096463
0 0.985201 0.53415 0.0283861 0.133252 0.0950287
0 0.231489 0.484434 0.0241185 0.0327268 0.0948409
0 0.085055 0.456956 0.0129609 0.0206772 0.0904396
0 0.216988 0.483081 0.0191636 0.0309284 0.083596
0 0.628145 0.519719 0.0268795 0.0315482 0.0810226
0 0.0141419 0.451945 0.0130966 0.0328049 0.0805025
0 0.00866597 0.455986 0.00980756 0.0258059 0.0783174
0 0.188504 0.476368 0.0182238 0.0242712 0.0774834
0 0.183091 0.476051 0.0165007 0.0268797 0.0772481
0 0.957515 0.535627 0.0775074 0.163492 0.0752429
0 0.243433 0.482441 0.0186188 0.027363 0.0727237
0 0.26077 0.488299 0.0186457 0.0244269 0.0720495
0 0.177817 0.476567 0.0157976 0.0262195 0.070487
0 0.309195 0.481833 0.0530138 0.0542985 0.0703635
0 0.225316 0.478185 0.0714138 0.0537562 0.0698646
0 0.205691 0.476102 0.0197315 0.0206084 0.0691265
0 0.951962 0.504709 0.0961529 0.196153 0.0661828
0 0.160149 0.458916 0.0519419 0.0737667 0.0617231
0 0.322392 0.483301 0.0505487 0.0488252 0.0594893
0 0.266525 0.4843 0.0204307 0.0228656 0.0557399
0 0.538847 0.514064 0.0299269 0.0396089 0.0530389
0 0.208733 0.481781 0.0269553 0.030318 0.0487586
0 0.11421 0.476795 0.0158349 0.0220272 0.0485658
0 0.269949 0.489556 0.0222189 0.0296101 0.0482209
0 0.327622 0.478467 0.0802927 0.0675402 0.0477569
0 0.211134 0.475303 0.0235786 0.022957 0.046933
0 0.616269 0.51825 0.0543226 0.0527406 0.04656
0 0.635717 0.494299 0.0502103 0.0612519 0.0457901
0 0.336631 0.48413 0.0563475 0.0538657 0.0455003
0 0.170894 0.480113 0.0194537 0.030584 0.0452142
0 0.124406 0.212858 0.0293882 0.0605274 0.0450349
0 0.359692 0.483291 0.0487899 0.0525926 0.0436604
0 0.0206583 0.404109 0.0319226 0.120823 0.0436364
0 0.628395 0.492194 0.0314501 0.0548025 0.0425899
0 0.146062 0.477603 0.0132736 0.0248628 0.042508
0 0.555365 0.512877 0.057616 0.058838 0.0423912
0 0.532989 0.518454 0.0376623 0.0468374 0.042078
0 0.00990626 0.331047 0.020614 0.180236 0.0419026
0 0.995523 0.568968 0.00926647 0.0643038 0.0416718
0 0.224721 0.476365 0.0194175 0.0225921 0.0415562
0 0.931748 0.556715 0.0680962 0.111151 0.0405551
0 0.629702 0.531198 0.0345028 0.0446183 0.0390795
0 0.62915 0.51035 0.0272467 0.0342413 0.0385779
0 0.464665 0.498956 0.0760854 0.0717248 0.0383687
0 0.92203 0.579657 0.029611 0.0358654 0.0382427
0 0.0880134 0.45548 0.014167 0.0189735 0.0378891
0 0.179424 0.482546 0.0263572 0.0362161 0.0373895
0 0.98982 0.577385 0.02164 0.083828 0.0371239
0 0.276587 0.484708 0.0292636 0.0339593 0.0370922
0 0.0391303 0.47204 0.0150894 0.0250766 0.0369418
0 0.52624 0.511683 0.0535196 0.057011 0.0368121
0 0.631713 0.510289 0.0374927 0.0432935 0.0365465
0 0.295674 0.488583 0.0267423 0.0313251 0.0361386
0 0.477073 0.469587 0.0377594 0.0490356 0.0348883
0 0.985374 0.464177 0.0309694 0.147332 0.0348742
0 0.0292854 0.37751 0.0327325 0.105634 0.0348353
0 0.83582 0.565217 0.0812013 0.0807654 0.0345253
0 0.45894 0.471358 0.0715741 0.0649147 0.0344036
0 0.887297 0.574868 0.0608995 0.0601092 0.0343599
0 0.673776 0.433886 0.0405258 0.0514899 0.0343251
0 0.135925 0.476567 0.014096 0.0232393 0.0342437
0 0.252078 0.461445 0.0678947 0.0880539 0.0333944
0 0.436686 0.471144 0.0563138 0.0553158 0.0333197
0 0.915082 0.578707 0.0186098 0.032519 0.0333181
0 0.936426 0.528958 0.062838 0.0970994 0.0331155
0 0.702083 0.522211 0.0717811 0.0804403 0.0330864
0 0.30039 0.483739 0.0288362 0.0310523 0.0328758
0 0.625671 0.530938 0.0287668 0.0338647 0.0326964
0 0.893017 0.544494 0.13039 0.143807 0.032248
0 0.476519 0.503586 0.0485279 0.0507949 0.0321962
0 0.620332 0.489426 0.0634721 0.0741158 0.0317954
0 0.308524 0.471846 0.0780519 0.0794819 0.0313183
0 0.627055 0.526755 0.0512675 0.0679894 0.0312922
0 0.376151 0.482407 0.0628449 0.0669144 0.0305026
0 0.523724 0.488248 0.0632827 0.0917045 0.0302708
0 0.0291745 0.351997 0.0308876 0.101992 0.0300526
0 0.959933 0.577682 0.0807827 0.100803 0.0299103
0 0.600368 0.518334 0.0325968 0.0486829 0.0298316
0 0.373051 0.487446 0.0450665 0.0535156 0.0297802
0 0.152909 0.479303 0.0216356 0.0280531 0.0294925
0 0.598646 0.511282 0.024392 0.0386813 0.0294773
0 0.350137 0.488074 0.0489949 0.0508909 0.0293869
0 0.649775 0.493693 0.0315342 0.0486866 0.029382
0 0.298767 0.49239 0.0201464 0.0266786 0.0293214
0 0.988034 0.435481 0.0252022 0.108676 0.0289642
0 0.932839 0.578369 0.0421085 0.0457445 0.0287439
0 0.724714 0.525894 0.0722954 0.0747672 0.0287431
0 0.110382 0.385957 0.0362696 0.0498684 0.0283052
0 0.0993998 0.467264 0.0112536 0.0191403 0.0282522
0 0.0832244 0.466404 0.0101005 0.01944 0.0279285
0 0.292961 0.4655 0.0242969 0.0356298 0.0276259
0 0.682817 0.41879 0.0336078 0.0365623 0.0274531
0 0.919858 0.438192 0.0246384 0.0396063 0.0270625
0 0.0949772 0.451591 0.0150641 0.0200116 0.0270096
0 0.715223 0.533163 0.0470462 0.057996 0.0269404
0 0.0476618 0.399026 0.0654099 0.122228 0.0265355
0 0.0457544 0.349203 0.0529144 0.0824238 0.0263749
0 0.678282 0.424819 0.0390809 0.0434809 0.0258396
0 0.972161 0.457399 0.0524792 0.257658 0.0258241
0 0.922643 0.420424 0.0295637 0.0617971 0.0255699
0 0.59044 0.51337 0.064385 0.0624383 0.0255487
0 0.408714 0.472724 0.0582064 0.0587687 0.0251638
0 0.989299 0.415696 0.0214537 0.0965271 0.0251093
0 0.423691 0.4681 0.0347611 0.0461398 0.0248904
0 0.646872 0.5144 0.0340616 0.0540137 0.0248158
0 0.900756 0.556135 0.0954138 0.101479 0.0248114
0 0.922237 0.539743 0.0915766 0.119715 0.0247668
0 0.971938 0.472558 0.0584238 0.155224 0.0243894
0 0.944482 0.612549 0.0611835 0.0973731 0.0241817
0 0.853529 0.554897 0.105727 0.106593 0.0237408
0 0.393894 0.477821 0.0892132 0.0769284 0.0236867
0 0.958368 0.617665 0.0770226 0.155844 0.0234974
0 0.874707 0.566007 0.0713388 0.0720297 0.0234001
0 0.452695 0.486274 0.0603426 0.0522364 0.0233248
0 0.284187 0.458896 0.0840151 0.1075 0.0231647
0 0.927257 0.516245 0.0617149 0.0916412 0.0230163
0 0.923279 0.404222 0.0284754 0.0461094 0.0229954
0 0.112418 0.362074 0.0375285 0.0477543 0.0229709
0 0.658953 0.488945 0.0338974 0.0515533 0.0229247
0 0.976379 0.616406 0.047724 0.163762 0.0228507
0 0.639522 0.523557 0.0533447 0.0635853 0.0225521
0 0.147425 0.452491 0.017516 0.0226385 0.0225285
0 0.430941 0.494508 0.0387112 0.0553654 0.0223181
0 0.119944 0.377386 0.0361652 0.0442485 0.0222803
0 0.835221 0.541554 0.149486 0.15178 0.0213881
0 0.669576 0.511213 0.0433045 0.0665442 0.0211857
0 0.481622 0.491364 0.0350464 0.0559656 0.0211351
0 0.953388 0.49909 0.0684374 0.0969773 0.0210362
0 0.0293176 0.334866 0.0381824 0.117053 0.021001
0 0.365142 0.398219 0.0311537 0.051504 0.020949
0 0.555261 0.490064 0.0758274 0.0962176 0.0209064
0 0.983611 0.41605 0.0329725 0.126381 0.0208093
0 0.90864 0.515603 0.132059 0.147618 0.0206407
0 0.0935184 0.396466 0.0392975 0.0595217 0.0202837
0 0.537237 0.520084 0.0228195 0.0353863 0.0202583
0 0.653925 0.431585 0.0648808 0.0713646 0.0202322
0 0.331267 0.48974 0.0376728 0.0401889 0.0201598
0 0.366433 0.404028 0.0391997 0.0694606 0.0200685
0 0.427452 0.48138 0.0364549 0.0479856 0.0199911
0 0.479456 0.460022 0.029724 0.0461895 0.0199145
0 0.665081 0.449778 0.0355872 0.0563644 0.01987
0 0.841662 0.577987 0.063907 0.0537133 0.0198353
0 0.87895 0.579559 0.0448677 0.045073 0.0197063
0 0.124252 0.357525 0.0394796 0.0517865 0.0196084
0 0.0675415 0.410134 0.0349254 0.0468154 0.0194228
0 0.534822 0.54575 0.0320271 0.0391462 0.0194135
0 0.313301 0.492485 0.0247867 0.0315467 0.019151
0 0.135697 0.432654 0.0215296 0.0314693 0.0189702
0 0.152871 0.452253 0.0238811 0.0306514 0.0189504
0 0.333579 0.494691 0.0205512 0.0303106 0.0189101
0 0.689134 0.499933 0.0605997 0.0741973 0.0188932
0 0.370104 0.463304 0.0555818 0.0809025 0.0188435
0 0.044131 0.470047 0.0118166 0.0216132 0.0188381
0 0.0541713 0.362979 0.0686288 0.103137 0.0188254
0 0.60161 0.494921 0.0297115 0.0426246 0.0185995
0 0.383074 0.465339 0.0797237 0.0934564 0.0185677
0 0.760165 0.521597 0.106707 0.0966511 0.0184881
0 0.0550568 0.406769 0.0548713 0.0775896 0.0184242
0 0.6729 0.520907 0.0675109 0.0779912 0.0183577
0 0.388557 0.488748 0.0589505 0.060399 0.0182784
0 0.967073 0.434559 0.0637993 0.141423 0.0180123
0 0.129089 0.448555 0.0159014 0.0234353 0.0179963
0 0.14207 0.345914 0.0282398 0.0428513 0.0178932
0 0.356191 0.465174 0.0620809 0.0805358 0.0178708
0 0.377754 0.460059 0.109614 0.115707 0.0177346
0 0.516455 0.338888 0.0286606 0.0694941 0.0176833
0 0.920033 0.470756 0.0334381 0.0436228 0.0175666
0 0.50551 0.550095 0.0306568 0.0375643 0.0175389
0 0.487362 0.553853 0.0418059 0.0521679 0.0175169
0 0.744878 0.527113 0.0816067 0.0748927 0.0175069
0 0.765448 0.12696 0.100787 0.166643 0.017401
0 0.140025 0.367853 0.0346133 0.0571182 0.0173999
0 0.244233 0.418361 0.044939 0.0730919 0.0173111
0 0.831017 0.547584 0.0868147 0.0907523 0.0172954
0 0.469733 0.462912 0.0608241 0.0785417 0.0172835
0 0.613017 0.540591 0.0487601 0.0548943 0.0172046
0 0.840341 0.531758 0.111069 0.111535 0.0171895
0 0.299171 0.450766 0.0617097 0.103961 0.017184
0 0.00399493 0.778729 0.00902874 0.0670995 0.017003
0 0.420387 0.459979 0.0852517 0.0927117 0.016917
0 0.658191 0.542393 0.0348824 0.0544723 0.0169012
0 0.0440812 0.33012 0.0476788 0.0785321 0.0167714
0 0.30996 0.441695 0.0598882 0.0942774 0.016472
0 0.231561 0.26521 0.0288691 0.044138 0.0163958
0 0.798988 0.547846 0.113957 0.0988821 0.0163841
0 0.553616 0.551342 0.0346606 0.0416071 0.0163626
0 0.00789143 0.744223 0.0160753 0.109676 0.0163005
0 0.930792 0.48379 0.0467188 0.0648271 0.0162677
0 0.214819 0.464854 0.0454259 0.0567029 0.0162181
0 0.954938 0.437347 0.0915787 0.288143 0.0161373
0 0.329297 0.459593 0.0930895 0.0989757 0.0160731
0 0.327183 0.516458 0.0287587 0.0397608 0.0160151
0 0.815276 0.615245 0.0393779 0.0540918 0.0159984
0 0.99695 0.593366 0.00800362 0.0427311 0.015975
0 0.586421 0.556087 0.0450572 0.0544582 0.0159521
0 0.744471 0.545414 0.089115 0.0910316 0.0159382
0 0.0420106 0.341779 0.0754451 0.194808 0.0158249
0 0.583059 0.491533 0.0801266 0.0848342 0.015729
0 0.809828 0.597185 0.0437797 0.0583155 0.0157063
0 0.00488861 0.759477 0.0116596 0.0916611 0.0155219
0 0.0125324 0.467524 0.0109272 0.0257779 0.0155217
0 0.00859209 0.283307 0.0174044 0.0684828 0.0154937
0 0.482243 -0.00641253 0.0733166 0.0498722 0.0154797
0 0.944666 0.452296 0.0664808 0.104281 0.0154478
0 0.632137 -0.00766032 0.0753348 0.0502148 0.0153806
0 0.34384 0.497094 0.0228052 0.0330211 0.0153606
0 0.155601 0.444263 0.0400863 0.0528704 0.0153011
0 0.76512 0.54487 0.111841 0.103929 0.01527
0 0.724982 0.502015 0.0686203 0.0764774 0.0152694
0 0.469305 0.463259 0.0479342 0.0547512 0.015258
0 0.870226 0.652908 0.105481 0.128085 0.0152533
0 0.867177 0.629046 0.142166 0.210923 0.0152433
0 0.583456 -0.00745891 0.0754058 0.0504191 0.0152418
0 0.827186 0.633087 0.153589 0.195191 0.0152065
0 0.689307 0.54104 0.051333 0.064102 0.0151981
0 0.458507 -0.00547211 0.0759514 0.0522015 0.0151719
0 0.980164 -0.00964785 0.0392315 0.047939 0.0151545
0 0.37697 0.42129 0.0628013 0.0959754 0.0151299
0 0.915468 0.499391 0.0630144 0.0679048 0.0151129
0 0.134573 0.35139 0.0373922 0.0517274 0.0148748
0 0.0283904 0.465432 0.0130016 0.0223886 0.0148421
0 0.50836 -0.00736678 0.0705292 0.0487613 0.0148329
0 0.772141 0.518259 0.0763603 0.0791513 0.0147958
0 0.607493 -0.00729298 0.0754093 0.0507902 0.014731
0 0.676529 0.445472 0.0439828 0.0616667 0.014684
0 0.59497 0.485005 0.047846 0.0662028 0.0146739
0 0.712873 0.124762 0.0985671 0.165727 0.014632
0 0.531603 -0.00813485 0.066521 0.0467938 0.0146235
0 0.675715 0.435296 0.0559379 0.068565 0.0146076
0 0.808947 0.557898 0.0787062 0.079002 0.0145836
0 0.748793 0.944654 0.0527947 0.10089 0.0145767
0 0.802551 0.580378 0.0439192 0.0486368 0.0145374
0 0.0951946 0.364438 0.0399096 0.0522843 0.0145296
0 0.686765 0.121307 0.088503 0.156948 0.0145193
0 0.658026 -0.00687681 0.0756214 0.0515513 0.0145109
0 0.558115 -0.00834206 0.0718039 0.048651 0.0144753
0 0.685704 0.462952 0.0518954 0.070735 0.0144654
0 0.421569 0.495427 0.0634922 0.0694349 0.0143822
0 0.621556 0.447661 0.0349655 0.0469137 0.0142215
0 0.990809 0.596928 0.0187925 0.0650715 0.0141885
0 0.260018 0.407392 0.0500034 0.0717535 0.0141734
0 0.150079 0.349028 0.0359517 0.0481789 0.0141194
0 0.912162 0.631758 0.0809534 0.139405 0.014115
0 0.173469 0.431398 0.0654316 0.0904822 0.014084
0 0.222131 0.53016 0.0500343 0.0791063 0.0140402
0 0.052239 0.363988 0.0459983 0.0601968 0.0140229
0 0.514409 0.120395 0.072781 0.132199 0.0139543
0 0.930909 0.426735 0.0778494 0.148279 0.0139219
0 0.434978 -0.00465374 0.0735817 0.0524373 0.01392
