0 0.332867 0.472194 0.0722301 0.0931983 0.902029
0 0.137067 0.487472 0.274135 0.732517 0.891474
0 0.507287 0.520701 0.110425 0.28653 0.887213
0 0.5625 0.530207 0 0.172798 0.872458
0 0.408538 0.477783 0.0653876 0.0966791 0.857675
0 0.5625 0.569065 0 0.363068 0.856843
0 0.451231 0.436163 0.0293699 0.0435306 0.774403
0 0.4316 0.403271 0.0223903 0.0301654 0.773671
0 0.277047 0.487674 0.0421057 0.116676 0.741544
0 0.5625 0.487414 0 0.127854 0.726302
0 0.405444 0.394841 0.0233884 0.0316968 0.708728
0 0.36794 0.425202 0.0261978 0.0330365 0.696524
0 0.387185 0.408479 0.0323191 0.029233 0.671388
0 0.455834 0.374167 0.0147109 0.0207347 0.665945
0 0.467097 0.404731 0.0250834 0.0340463 0.618031
0 0.479443 0.373357 0.0161087 0.0209892 0.597909
0 0.431607 0.379796 0.0151691 0.0189385 0.542018
0 0.414922 0.387446 0.0162675 0.0230735 0.511579
0 0.502518 0.353671 0.0113024 0.0161084 0.502658
0 0.52089 0.368299 0.0152455 0.0152385 0.459845
0 0.468678 0.360046 0.0132956 0.0183578 0.420867
0 0.439901 0.372432 0.013791 0.0189796 0.404655
0 0.381206 0.410223 0.0228457 0.0268745 0.390484
0 0.502803 0.325516 0.0123948 0.0178146 0.379596
0 0.497917 0.310248 0.0107539 0.0167923 0.375849
0 0.397276 0.40782 0.0208868 0.0274797 0.363319
0 0.492091 0.356809 0.01171 0.017843 0.344662
0 0.518825 0.365499 0.014423 0.0148559 0.343532
0 0.487459 0.35636 0.0117672 0.0193977 0.328894
0 0.418993 0.385265 0.0143552 0.0221579 0.323987
0 0.502145 0.346652 0.0107116 0.0144599 0.307675
0 0.460856 0.362528 0.0147459 0.0139871 0.290563
0 0.470568 0.363762 0.012174 0.0183084 0.286924
0 0.48801 0.35023 0.0113501 0.0199308 0.284981
0 0.43672 0.372585 0.0138492 0.0156688 0.284303
0 0.488629 0.341833 0.0102394 0.0184101 0.280968
0 0.498606 0.315471 0.0106438 0.0147846 0.261302
0 0.487041 0.310025 0.0102781 0.0138443 0.260507
0 0.482834 0.366402 0.0160422 0.0206412 0.26042
0 0.50048 0.326287 0.00994549 0.0135748 0.258037
0 0.40639 0.388576 0.0216262 0.0216604 0.258034
0 0.508058 0.360559 0.0114301 0.0148209 0.257984
0 0.407781 0.394793 0.0154862 0.0236921 0.255065
0 0.524163 0.364844 0.0131686 0.0147497 0.254414
0 0.490824 0.323629 0.00976582 0.0162657 0.253437
0 0.503557 0.331801 0.0104408 0.0152165 0.23931
0 0.500786 0.334654 0.00948277 0.0135685 0.239179
0 0.503973 0.309391 0.00943642 0.0130248 0.239026
0 0.529454 0.363587 0.0114465 0.0150539 0.238761
0 0.533823 0.373748 0.0461867 0.019519 0.237549
0 0.493113 0.309476 0.00947237 0.0151974 0.233866
0 0.480557 0.379771 0.0167256 0.0206028 0.232631
0 0.477233 0.351878 0.0121401 0.0158344 0.231952
0 0.456868 0.363747 0.0116785 0.0167454 0.230878
0 0.511484 0.344922 0.0112963 0.0146708 0.230696
0 0.500775 0.32228 0.0115082 0.0136618 0.230472
0 0.440624 0.368142 0.0128136 0.0161256 0.230371
0 0.463262 0.451835 0.0190109 0.0521402 0.230369
0 0.484985 0.328842 0.00955 0.0110279 0.220626
0 0.50642 0.34887 0.0108212 0.0158223 0.219327
0 0.528598 0.36787 0.0183142 0.0140996 0.218595
0 0.457283 0.443368 0.0241052 0.0503205 0.210021
0 0.48391 0.372794 0.0138366 0.0173615 0.208741
0 0.495444 0.324687 0.00951042 0.012447 0.208223
0 0.506152 0.320018 0.00966988 0.0141611 0.207222
0 0.503307 0.314526 0.0103028 0.0136874 0.2042
0 0.443882 0.36833 0.0130057 0.0180684 0.201142
0 0.51675 0.356159 0.0128498 0.0171706 0.195328
0 0.489622 0.359653 0.0123431 0.0171245 0.18968
0 0.498926 0.319786 0.00901861 0.0142821 0.188621
0 0.428517 0.376168 0.0125917 0.0184968 0.188531
0 0.392845 0.412361 0.0171225 0.0228258 0.188401
0 0.399346 0.400627 0.013768 0.0211574 0.186026
0 0.509011 0.366807 0.0161098 0.015452 0.182287
0 0.465256 0.41761 0.022912 0.0386427 0.178193
0 0.535911 0.367828 0.0291968 0.0179826 0.175343
0 0.43093 0.37117 0.011525 0.0175643 0.171844
0 0.526588 0.35749 0.0132594 0.0197432 0.16784
0 0.619432 0.433268 0.0175124 0.0312723 0.165728
0 0.461059 0.442255 0.0175424 0.0388351 0.16426
0 0.49203 0.313645 0.00878305 0.0131487 0.16243
0 0.532627 0.371551 0.0208232 0.0170538 0.159572
0 0.633387 0.518649 0.0254739 0.0951773 0.158695
0 0.471882 0.345514 0.0111955 0.016514 0.158528
0 0.384364 0.407084 0.0164938 0.0198129 0.157424
0 0.430867 0.422237 0.0224557 0.032341 0.154186
0 0.539923 0.370798 0.0221412 0.0148373 0.153192
0 0.331082 0.427008 0.0363954 0.0180757 0.152894
0 0.529257 0.370333 0.0316753 0.0154104 0.144309
0 0.425579 0.389098 0.0183845 0.0289502 0.143801
0 0.331933 0.448499 0.0593187 0.0517526 0.143671
0 0.481822 0.376601 0.0118221 0.0198908 0.142936
0 0.375802 0.43479 0.0250759 0.0528389 0.13814
0 0.466395 0.434723 0.0224131 0.057442 0.137392
0 0.629818 0.495283 0.0340075 0.133142 0.132543
0 0.0400733 0.686826 0.0806332 0.325635 0.130611
0 0.740667 0.44071 0.0176063 0.0251125 0.128302
0 0.376347 0.43925 0.0177433 0.0378871 0.125343
0 0.522687 0.344701 0.0147099 0.0211071 0.125064
0 0.541907 0.377751 0.0388827 0.0210652 0.124381
0 0.621154 0.448547 0.0152348 0.0387501 0.121286
0 0.622906 0.43904 0.0231852 0.0388763 0.120543
0 0.41331 0.455317 0.0479332 0.068329 0.119506
0 0.443784 0.433046 0.0163754 0.0230559 0.119502
0 0.45013 0.342897 0.0108711 0.0154514 0.117466
0 0.454234 0.34391 0.0109698 0.0157693 0.117001
0 0.532622 0.382817 0.0554646 0.0298191 0.115587
0 0.476102 0.319752 0.0113531 0.01485 0.113753
0 0.505748 0.299334 0.0097126 0.0146006 0.113438
0 0.467295 0.432278 0.0132184 0.030255 0.110601
0 0.987548 0.644854 0.0249729 0.356942 0.104811
0 0.457742 0.43199 0.0182732 0.0347633 0.101572
0 0.493879 0.300021 0.0100721 0.0140496 0.100402
0 0.687418 0.418089 0.0856602 0.0613949 0.0991121
0 0.369514 0.437094 0.0229969 0.037648 0.0978415
0 0.466968 0.332801 0.0131404 0.0175986 0.0977249
0 0.619798 0.442234 0.0134444 0.0299839 0.0972389
0 0.431442 0.36505 0.0117854 0.0153125 0.0961876
0 0.367495 0.424297 0.0211126 0.0245135 0.0961809
0 0.288356 0.470977 0.0236108 0.0476852 0.0960508
0 0.524029 0.37907 0.046056 0.0263018 0.0957903
0 0.444179 0.340917 0.010961 0.0151634 0.0956315
0 0.4987 0.299877 0.010206 0.0135055 0.0956223
0 0.410335 0.385869 0.0145034 0.0162409 0.0951203
0 0.487403 0.298703 0.00957527 0.0138982 0.0950722
0 0.98943 0.720705 0.0214645 0.289355 0.0948386
0 0.547442 0.371939 0.0172937 0.0177439 0.0924363
0 0.617272 0.414856 0.0262838 0.0499433 0.0910479
0 0.0260532 0.654727 0.0516689 0.388866 0.0909002
0 0.446473 0.444625 0.0200882 0.0347371 0.0898045
0 0.137256 0.686848 0.274109 0.320132 0.0888907
0 0.417592 0.375047 0.0114703 0.0178735 0.0883694
0 0.266322 0.475363 0.064876 0.14732 0.0879172
0 0.490976 0.300017 0.00913544 0.0138446 0.0872294
0 0.353013 0.422808 0.0362863 0.0302824 0.0870693
0 0.509386 0.321335 0.0143903 0.0206394 0.0868838
0 0.618285 0.425793 0.021845 0.0406906 0.0867425
0 0.524279 0.392256 0.0443551 0.0386719 0.0862257
0 0.618858 0.425143 0.0184753 0.0287632 0.0834938
0 0.644594 0.515351 0.0444271 0.126778 0.0827604
0 0.327276 0.431954 0.0417527 0.0290915 0.0799318
0 0.985168 0.703837 0.0292986 0.215241 0.0791072
0 0.521643 0.411364 0.120168 0.127566 0.0770364
0 0.67069 0.413222 0.055626 0.0529429 0.0762767
0 0.47883 0.298221 0.0114765 0.0153937 0.0757212
0 0.528171 0.392744 0.0685924 0.0454163 0.0739472
0 0.992967 0.492589 0.0139742 0.0761478 0.0734226
0 0.657238 0.410302 0.0537103 0.0534711 0.0730382
0 0.30004 0.483579 0.0230351 0.056297 0.071241
0 0.460959 0.3216 0.0103774 0.0144152 0.071189
0 0.482019 0.41693 0.0407399 0.0658783 0.0711664
0 0.709788 0.426484 0.0543232 0.0467434 0.0702664
0 0.986492 0.573846 0.0258236 0.286146 0.0699906
0 0.632273 0.442279 0.0433265 0.0458336 0.0677049
0 0.328761 0.417764 0.0409895 0.0393176 0.0676623
0 0.690789 0.431778 0.0687415 0.0608443 0.0671922
0 0.425353 0.412615 0.02669 0.0403116 0.067063
0 0.296811 0.465147 0.0227394 0.0455215 0.0661176
0 0.633366 0.52823 0.0170167 0.0495561 0.0657564
0 0.99077 0.532248 0.0182222 0.166266 0.0649621
0 0.506739 0.395 0.0725409 0.101433 0.0647852
0 0.318258 0.449334 0.0404109 0.0532938 0.0647516
0 0.937603 0.429515 0.10263 0.124252 0.0646345
0 0.590228 0.399986 0.0449357 0.0473004 0.0636881
0 0.25985 0.396574 0.0389685 0.0922498 0.0630809
0 0.666667 0.516079 0.0705513 0.162676 0.0622501
0 0.558371 0.380354 0.0357649 0.02335 0.062119
0 0.472014 0.433269 0.0321234 0.0748398 0.0619191
0 0.546911 0.355578 0.0170095 0.025857 0.0619037
0 0.340368 0.423869 0.0283956 0.0279032 0.0618786
0 0.46334 0.456516 0.0137651 0.0296808 0.0617184
0 0.617037 0.462903 0.0258978 0.0777085 0.0615067
0 0.0171099 0.603815 0.0349807 0.379861 0.061274
0 0.264355 0.411287 0.0339809 0.0654138 0.0610118
0 0.73647 0.459542 0.0327558 0.0598548 0.0609999
0 0.266615 0.424057 0.0288529 0.0618098 0.0596426
0 0.88669 0.407912 0.227495 0.177592 0.0583811
0 0.437534 0.444289 0.0176962 0.0299735 0.0583197
0 0.449707 0.318187 0.0108872 0.015333 0.0575963
0 0.371599 0.410653 0.0175756 0.0201273 0.0570686
0 0.725958 0.433302 0.0363127 0.0363324 0.0568057
0 0.453281 0.452842 0.0210006 0.0445101 0.0567363
0 0.970547 0.600206 0.0584126 0.287952 0.0552854
0 0.987639 0.503521 0.0242624 0.0969355 0.055035
0 0.503098 0.427022 0.0840619 0.0922084 0.0549653
0 0.601128 0.409297 0.0420694 0.0591282 0.054043
0 0.546462 0.431881 0.0721817 0.0938032 0.0530819
0 0.37987 0.45078 0.0157343 0.0301895 0.0530608
0 0.426041 0.325107 0.0138952 0.0180799 0.0523905
0 0.363858 0.446323 0.0239453 0.0499819 0.0518713
0 0.279495 0.444631 0.0508654 0.0956562 0.0517754
0 0.556859 0.386451 0.0423096 0.0421774 0.0517385
0 0.592693 0.394331 0.033031 0.0411567 0.0515316
0 0.973994 0.666796 0.0517406 0.299982 0.0512492
0 0.555658 0.392257 0.0160042 0.0188438 0.0509587
0 0.717518 0.461274 0.0462929 0.0486398 0.0501235
0 0.551536 0.411549 0.0964634 0.0784311 0.0498274
0 0.433317 0.45238 0.0158119 0.0271139 0.0496592
0 0.350734 0.416906 0.0213888 0.029445 0.0494577
0 0.993637 0.476316 0.0123709 0.0668356 0.0491816
0 0.562204 0.377499 0.021875 0.0184523 0.0491555
0 0.447573 0.328424 0.0134655 0.018537 0.0491554
0 0.51966 0.34228 0.0128408 0.0171949 0.0491537
0 0.937292 0.406183 0.120285 0.191775 0.0489216
0 0.601704 0.426459 0.0547331 0.0850474 0.0489191
0 0.763258 0.442749 0.0506147 0.085821 0.0485686
0 0.661823 0.444404 0.0486555 0.0448672 0.0484421
0 0.0334139 0.599136 0.0679305 0.382466 0.0483454
0 0.614508 0.457371 0.0213949 0.045119 0.0480127
0 0.274808 0.406932 0.0668757 0.116589 0.0476653
0 0.385188 0.44631 0.0178581 0.0400113 0.0475294
0 0.676014 0.426826 0.08625 0.0845228 0.0468712
0 0.62212 0.477396 0.042341 0.13085 0.0465503
0 0.616283 0.497715 0.0507176 0.114025 0.0463147
0 0.527468 0.29977 0.0251765 0.0375309 0.045887
0 0.964433 0.519571 0.0717497 0.307754 0.0458002
0 0.34602 0.449302 0.0376487 0.0522259 0.0455537
0 0.86838 0.443272 0.190441 0.119076 0.0449166
0 0.644789 0.410084 0.0790869 0.0712207 0.0444689
0 0.748795 0.446739 0.0282755 0.0518783 0.0443901
0 0.391765 0.386597 0.0136811 0.0170542 0.0443174
0 0.0145388 0.542075 0.0295887 0.241449 0.0440237
0 0.73546 0.533139 0.0934336 0.207551 0.043264
0 0.25126 0.474327 0.0796724 0.164017 0.0430981
0 0.568646 0.379829 0.0206097 0.0187471 0.0425538
0 0.417579 0.361946 0.0118984 0.0147412 0.0425261
0 0.356818 0.409005 0.02803 0.0397457 0.0422858
0 0.572877 0.432397 0.0967664 0.105699 0.0422148
0 0.429561 0.30302 0.0142641 0.0191031 0.0419612
0 0.705353 0.468423 0.067774 0.0542805 0.0419182
0 0.304455 0.405341 0.0824088 0.094087 0.0413967
0 0.950271 0.595386 0.100276 0.26092 0.0409443
0 0.608311 0.414625 0.0387606 0.054842 0.0407759
0 0.627662 0.533737 0.0295276 0.104527 0.0407022
0 0.993183 0.739332 0.013686 0.255354 0.0404681
0 0.327251 0.429205 0.0310122 0.0439822 0.0402801
0 0.627785 0.429803 0.0315989 0.0414519 0.039818
0 0.449059 0.258276 0.0246443 0.0300492 0.0391623
0 0.989009 0.479695 0.0229074 0.188619 0.0386373
0 0.979967 0.491354 0.0397221 0.0764787 0.0373667
0 0.300277 0.473503 0.0163867 0.0307727 0.0371992
0 0.616426 0.408472 0.0200405 0.0324671 0.0371812
0 0.206624 0.451814 0.118945 0.190696 0.0371563
0 0.975433 0.743279 0.050411 0.257917 0.0370663
0 0.569534 0.290582 0.032865 0.0479912 0.0369839
0 0.707815 0.436101 0.0478209 0.036972 0.0365382
0 0.365206 0.472943 0.0174418 0.0333805 0.0364882
0 0.569831 0.395323 0.0757617 0.0435259 0.0364408
0 0.833417 0.38336 0.0743587 0.0352755 0.0363779
0 0.94844 0.452881 0.102281 0.319077 0.0357819
0 0.557366 0.317219 0.0270774 0.0450518 0.0351396
0 0.97698 0.47485 0.0404917 0.0497423 0.0349904
0 0.714839 0.478232 0.0416584 0.0617794 0.0347501
0 0.987242 0.777038 0.0259901 0.212392 0.0343203
0 0.0768607 0.693084 0.149636 0.31517 0.0342211
0 0.973835 0.454821 0.0496508 0.114406 0.0334861
0 0.375076 0.465739 0.0153619 0.0345498 0.0333787
0 0.447245 0.297419 0.0234845 0.0366735 0.0333714
0 0.959352 0.43635 0.0652109 0.120096 0.0333445
0 0.834939 0.162576 0.284775 0.31063 0.0332205
0 0.820865 0.396493 0.102655 0.052452 0.0326975
0 0.977283 0.421915 0.0422867 0.21796 0.0324446
0 0.438644 0.454165 0.0126083 0.0253048 0.0315345
0 0.990814 0.410948 0.0185223 0.169683 0.0314027
0 0.603503 0.537126 0.0553098 0.127302 0.0312255
0 0.223868 0.476206 0.0916651 0.150667 0.0309314
0 0.649647 0.430795 0.0221354 0.025915 0.0303847
0 0.439457 0.257043 0.0194376 0.0279288 0.0301883
0 0.745089 0.457814 0.0498411 0.0817782 0.0301203
0 0.185902 0.414229 0.15704 0.271212 0.0300732
0 0.524238 0.277165 0.0176609 0.0324759 0.0299932
0 0.45118 0.452714 0.0139225 0.0268732 0.0299242
0 0.909609 0.356735 0.177386 0.269572 0.029835
0 0.133049 0.251949 0.24232 0.298051 0.029742
0 0.664685 0.409052 0.0753518 0.069652 0.0296876
0 0.298111 0.488263 0.0151244 0.0412112 0.0296704
0 0.397545 0.348098 0.0166617 0.0210175 0.0296505
0 0.94002 0.509742 0.123128 0.271945 0.0295756
0 0.240994 0.495337 0.0771728 0.116841 0.0295705
0 0.773427 0.427434 0.0834362 0.0794118 0.0292442
0 0.60136 0.577566 0.0539077 0.134265 0.0291862
0 0.993547 0.454087 0.0122635 0.0737602 0.0291331
0 0.487949 0.272459 0.0113822 0.0174536 0.0290281
0 0.972914 0.690381 0.0524605 0.164296 0.0288009
0 0.589926 0.39395 0.0218519 0.0264588 0.0287417
0 0.815305 0.43409 0.163162 0.106073 0.028274
0 0.683104 0.558466 0.0388822 0.120047 0.0282258
0 0.0538539 0.570099 0.0992132 0.218711 0.0282207
0 0.207995 0.271907 0.0549706 0.0591208 0.0281455
0 0.223683 0.430316 0.10113 0.247738 0.0281302
0 0.947918 0.289152 0.0248837 0.0350783 0.0281241
0 0.605987 0.508266 0.0595041 0.101003 0.0278368
0 0.0103313 0.758988 0.0208198 0.175018 0.0276565
0 0.936292 0.404063 0.095359 0.0921741 0.0274446
0 0.970282 0.461999 0.0401989 0.0580196 0.0273881
0 0.00739567 0.78879 0.0152663 0.114113 0.0273451
0 0.559088 0.47555 0.0352476 0.0573128 0.0271403
0 0.400666 0.466436 0.0253541 0.0445708 0.0271194
0 0.703178 0.407024 0.0839277 0.0964591 0.0270101
0 0.710586 0.528728 0.0759275 0.182373 0.0269404
