0 0.816848 0.658442 0.13955 0.150854 0.903212
0 0.917121 0.665502 0.165759 0.222448 0.895355
0 0.403827 0.613605 0.0466657 0.0712028 0.872412
0 0.289826 0.644223 0.0767149 0.0900467 0.847545
0 0.0749788 0.681458 0.149685 0.171683 0.844573
0 0.739037 0.628618 0.0940106 0.132857 0.803145
0 0.432475 0.616374 0.0210483 0.0473941 0.7616
0 0.340167 0.632183 0.0492455 0.0779631 0.732078
0 0.629956 0.612433 0.0353683 0.05921 0.721899
0 0.685845 0.623552 0.0447999 0.10179 0.646776
0 0.375964 0.629624 0.0390126 0.0634818 0.61887
0 0.202407 0.663369 0.117622 0.11591 0.588203
0 0.648461 0.621781 0.0413867 0.0635342 0.513377
0 0.579489 0.599699 0.0300316 0.0357366 0.507676
0 0.485394 0.600191 0.0304859 0.0347727 0.435955
0 0.658719 0.623785 0.0355369 0.0674615 0.372978
0 0.557115 0.595581 0.0269327 0.0312236 0.372849
0 0.465446 0.605534 0.0231403 0.0274772 0.348562
0 0.508412 0.591415 0.0210938 0.0394282 0.344615
0 0.562993 0.599858 0.0192657 0.0268631 0.332587
0 0.582145 0.603038 0.022035 0.0270506 0.278367
0 0.674183 0.623207 0.0368874 0.0881307 0.27834
0 0.383936 0.624887 0.0383314 0.0650265 0.276685
0 0.524121 0.593681 0.0160597 0.0274 0.275542
0 0.588348 0.593835 0.0232727 0.0329759 0.264868
0 0.566445 0.601126 0.0128977 0.0216865 0.251492
