0 0.315032 0.535364 0.233918 0.172418 0.831111
0 0.411517 0.524328 0.0124016 0.0158171 0.377598
0 0.5625 0.540415 0 0.0862825 0.364794
0 0.432468 0.522322 0.0188299 0.0231265 0.319664
0 0.425836 0.522971 0.0196624 0.0223004 0.28999
0 0.5625 0.53148 0 0.0991236 0.273737
0 0.5625 0.527584 0 0.0820661 0.264693
0 0.296221 0.482545 0.155048 0.0771854 0.260367
0 0.5625 0.530067 0 0.0641452 0.252652
0 0.397238 0.515473 0.0135197 0.0177227 0.243366
0 0.5625 0.534671 0 0.0692089 0.241987
0 0.422507 0.521561 0.0126295 0.0172405 0.23986
0 0.5625 0.528498 0 0.0629144 0.226431
0 0.5625 0.532322 0 0.0737527 0.218069
0 0.5625 0.534121 0 0.0659693 0.213291
0 0.39953 0.51756 0.0156081 0.0189677 0.203736
0 0.400529 0.520565 0.0122373 0.0162993 0.198477
0 0.418198 0.523018 0.0140914 0.0189005 0.181602
0 0.433001 0.521968 0.0141826 0.0182861 0.172502
0 0.435529 0.526173 0.0134321 0.0196161 0.170654
0 0.389074 0.513298 0.0152423 0.0179581 0.170367
0 0.384727 0.511373 0.0179479 0.0190211 0.166162
0 0.427413 0.524759 0.0127353 0.0219892 0.165728
0 0.312483 0.471842 0.108513 0.0613357 0.16104
0 0.374961 0.512008 0.0126149 0.0162661 0.153776
0 0.433995 0.534809 0.0234167 0.031072 0.14767
0 0.5625 0.533487 0 0.0592706 0.146047
0 0.392644 0.515021 0.0151015 0.0182808 0.145376
0 0.42426 0.525297 0.0139693 0.0183906 0.141291
0 0.428956 0.529208 0.0126631 0.0191626 0.134795
0 0.408357 0.522142 0.0108496 0.0126652 0.133334
0 0.5625 0.548079 0 0.0448385 0.129981
0 0.384991 0.504848 0.0259266 0.0326647 0.124772
0 0.433759 0.532186 0.0172629 0.0213932 0.120902
0 0.414987 0.523885 0.0128602 0.0179658 0.120557
0 0.034372 0.525483 0.068744 0.121734 0.118618
0 0.0209046 0.55165 0.0414643 0.0657988 0.116972
0 0.5625 0.533355 0 0.0625082 0.116071
0 0.376371 0.506697 0.0191286 0.0258833 0.115994
0 0.407682 0.521048 0.0160365 0.0176198 0.115622
0 0.5625 0.518233 0 0.0935968 0.114809
0 0.0384696 0.510414 0.0563053 0.0763705 0.112948
0 0.405962 0.525112 0.0206917 0.0248332 0.111813
0 0.0175578 0.532862 0.0351156 0.0941492 0.111028
0 0.00756176 0.550917 0.014834 0.0656336 0.109752
0 0.00975824 0.534289 0.0195165 0.0843082 0.105865
0 0.5625 0.534781 0 0.0557685 0.0988933
0 0.286412 0.496771 0.194738 0.112626 0.0981098
0 0.175532 0.529461 0.0613686 0.095055 0.0960207
0 0.5625 0.498581 0 0.213839 0.0899692
0 0.51851 0.550097 0.0516571 0.069814 0.0891686
0 0.497618 0.541656 0.0278873 0.0484896 0.0870422
0 0.375679 0.519747 0.039012 0.0380483 0.0819992
0 0.166914 0.526755 0.0432793 0.0803705 0.0816669
0 0.0430092 0.543252 0.0752316 0.0841341 0.0812049
0 0.920703 0.51703 0.108922 0.103984 0.0809302
0 0.302555 0.46276 0.0862348 0.042963 0.0794821
0 0.438474 0.544807 0.0339668 0.0363868 0.0793419
0 0.50311 0.546821 0.0406818 0.0637201 0.074788
0 0.674028 0.527372 0.0418853 0.0863244 0.0739641
0 0.972197 0.483741 0.05811 0.231038 0.0688144
0 0.928901 0.536428 0.0173109 0.043443 0.067301
0 0.114942 0.502994 0.191015 0.157237 0.0663088
0 0.325139 0.493884 0.108768 0.0573498 0.0660369
0 0.837549 0.539144 0.0287745 0.0529053 0.0655804
0 0.355502 0.503515 0.0345344 0.0282943 0.0651624
0 0.990068 0.55715 0.0197287 0.0730443 0.0647786
0 0.0553027 0.533299 0.0744365 0.0901444 0.0645799
0 0.400353 0.560622 0.0797523 0.0955981 0.0623467
0 0.717766 0.530004 0.0294913 0.0579458 0.0616987
0 0.416365 0.534645 0.0144642 0.0174116 0.0610024
0 0.0315057 0.55242 0.0640174 0.0735509 0.0607891
0 0.375655 0.510697 0.0242141 0.0231453 0.0605048
0 0.0497654 0.499171 0.0733439 0.107709 0.0599795
0 0.0595852 0.509059 0.113402 0.14637 0.0598727
0 0.891346 0.507093 0.136234 0.133853 0.059612
0 0.43847 0.554382 0.0458102 0.0567184 0.0587053
0 0.478959 0.534619 0.0217675 0.0369119 0.0585963
0 0.36949 0.506313 0.0125042 0.0175266 0.0569189
0 0.394611 0.583299 0.0684693 0.0611903 0.0561062
0 0.475491 0.539864 0.025297 0.0452027 0.05432
0 0.338069 0.478139 0.0594077 0.0741339 0.0542026
0 0.763934 0.54297 0.0345635 0.0503524 0.0532773
0 0.731268 0.531951 0.0445443 0.0638587 0.0522349
0 0.837302 0.547944 0.0236292 0.0334118 0.0511822
0 0.199235 0.174471 0.323113 0.362516 0.0506216
0 0.703533 0.532832 0.054358 0.0698146 0.0504683
0 0.00495634 0.551677 0.0104169 0.0522528 0.0498929
0 0.166052 0.549326 0.0445854 0.064235 0.0490748
0 0.121583 0.545001 0.0599752 0.0688393 0.0485954
0 0.937601 0.50813 0.114504 0.151952 0.0484179
0 0.0273423 0.508996 0.0531235 0.121528 0.0464046
0 0.179616 0.512578 0.0849486 0.140821 0.0457924
0 0.684501 0.52259 0.0648382 0.107645 0.0454604
0 0.424012 0.557442 0.0722751 0.081604 0.0450723
0 0.471514 0.545406 0.0348315 0.0520205 0.0449212
0 0.068333 0.508926 0.0801229 0.0932295 0.0442531
0 0.794978 0.542046 0.0406785 0.0497325 0.0442157
0 0.906908 0.72016 0.1147 0.166082 0.0441325
0 0.446884 0.521665 0.023074 0.0425229 0.0436385
0 0.465542 0.534322 0.0208146 0.0388598 0.0430206
0 0.200343 0.280354 0.127973 0.0871134 0.0423011
0 0.955747 0.542389 0.0202408 0.0432972 0.0422123
0 0.229975 0.511591 0.160663 0.147035 0.0411434
0 0.19773 0.538277 0.0258414 0.0723024 0.0408643
0 0.187274 0.517858 0.0574831 0.0860312 0.040772
0 0.81682 0.53664 0.0574488 0.0646343 0.0406512
0 0.957018 0.720579 0.0830753 0.342157 0.0404946
0 0.386118 0.501094 0.0165133 0.0245597 0.0400724
0 0.931876 0.551449 0.0177223 0.0435649 0.0398994
0 0.488411 0.545312 0.0200786 0.0427984 0.039657
0 0.91151 0.689914 0.126579 0.259624 0.0395155
0 0.978316 0.712247 0.0430651 0.338917 0.0392093
0 0.757392 0.528319 0.0426652 0.0813023 0.038606
0 0.248956 0.494474 0.24713 0.15483 0.0381251
0 0.712541 0.508214 0.0329287 0.0675409 0.0378868
0 0.422724 0.534218 0.013505 0.0217948 0.0376562
0 0.081539 0.499485 0.0558536 0.0864706 0.0375904
0 0.134781 0.511514 0.110525 0.133507 0.0375484
0 0.0854015 0.506443 0.0401098 0.0609189 0.0373344
0 0.537428 0.551143 0.0464802 0.0621077 0.0366017
0 0.482973 0.535802 0.032969 0.0570818 0.0364683
0 0.797821 0.536573 0.0558776 0.0638053 0.0358206
0 0.0844576 0.489695 0.0748443 0.113745 0.0357607
0 0.555616 0.557652 0.0267902 0.0395042 0.0357532
0 0.0105009 0.510868 0.0215491 0.0942563 0.0356457
0 0.130331 0.531954 0.0677445 0.091173 0.0356354
0 0.159203 0.494928 0.127294 0.140747 0.0345221
0 0.37268 0.493658 0.0232757 0.0340683 0.0343589
0 0.55274 0.560676 0.0411626 0.0495404 0.0342329
0 0.471333 0.441334 0.0317174 0.0325224 0.0342247
0 0.0823639 0.527188 0.050858 0.056158 0.0340459
0 0.261954 0.467388 0.0783352 0.0524778 0.0340231
0 0.969915 0.753004 0.0561287 0.257341 0.0339886
0 0.218128 0.49237 0.0248534 0.0555668 0.0336894
0 0.656414 0.554042 0.0657599 0.0622002 0.0330743
0 0.120071 0.525882 0.0523319 0.0626512 0.0327758
0 0.2191 0.519832 0.0791881 0.118313 0.0323766
0 0.676032 0.551266 0.0214862 0.0303507 0.0323541
0 0.466537 0.488493 0.0528551 0.0873124 0.0321895
0 0.725423 0.521063 0.0561114 0.0952257 0.0321495
0 0.927844 0.700213 0.146937 0.371095 0.0321034
0 0.9925 0.560551 0.0136164 0.0554854 0.0319601
0 0.692595 0.542056 0.0575455 0.0649413 0.0319353
0 0.983858 0.538507 0.0183939 0.048931 0.0318204
0 0.953638 0.426498 0.0416464 0.058069 0.0317279
0 0.858604 0.51036 0.0801455 0.123556 0.0317185
0 0.572374 0.525803 0.0269735 0.0687083 0.0315021
0 0.177482 0.558412 0.0468661 0.0682816 0.0313701
0 0.642693 0.552046 0.0504207 0.0565365 0.0312983
0 0.9026 0.543906 0.071258 0.0733356 0.0312751
0 0.172201 0.267451 0.256034 0.235165 0.0310876
0 0.170453 0.2886 0.184904 0.133838 0.0309205
0 0.170349 0.480013 0.0941966 0.10605 0.0303782
0 0.465558 0.5546 0.0419558 0.0518788 0.0303574
0 0.63378 0.56153 0.0306832 0.0442536 0.0302936
0 0.232169 0.468381 0.0391313 0.0504947 0.0302272
0 0.568834 0.171868 0.197044 0.349366 0.030204
0 0.984481 0.435445 0.0321737 0.137339 0.0297939
0 0.965873 0.4342 0.0693659 0.113951 0.0297496
0 0.675099 0.447288 0.0381234 0.0481944 0.0294384
0 0.85034 0.715632 0.180377 0.238264 0.0294161
0 0.833927 0.55454 0.0183229 0.0336347 0.029182
0 0.178524 0.285789 0.0852864 0.0687278 0.0289509
0 0.896414 0.623194 0.142742 0.257042 0.0288785
0 0.213042 0.544771 0.0359428 0.0619391 0.0288492
0 0.951663 0.459123 0.0550797 0.110071 0.0288258
0 0.186784 0.302955 0.0444368 0.0309862 0.0287077
0 0.2778 0.489466 0.14086 0.0538649 0.0284603
0 0.399016 0.502516 0.0129286 0.0197861 0.0284287
0 0.552835 0.546812 0.028436 0.0494014 0.0283211
0 0.249185 0.227628 0.26714 0.279386 0.0283053
0 0.565484 0.557441 0.0314426 0.0413749 0.0281378
0 0.184707 0.310522 0.0389781 0.0225588 0.028124
0 0.673399 0.505004 0.0385769 0.073204 0.0280452
0 0.146674 0.51234 0.0778784 0.0974253 0.0279734
0 0.136063 0.0458237 0.0160477 0.0402013 0.0276112
0 0.957376 0.451435 0.0811266 0.206306 0.0275573
0 0.347204 0.516352 0.0696094 0.0513296 0.027483
0 0.1471 0.54695 0.0526896 0.0700057 0.0274419
0 0.438843 0.566856 0.0737513 0.0704809 0.0273194
0 0.107207 0.488174 0.0901839 0.114445 0.0272926
0 0.928527 0.545168 0.0158886 0.0340463 0.027143
0 0.854781 0.566719 0.0314955 0.0522211 0.0271389
0 0.845411 0.513239 0.0515251 0.0980096 0.0271313
0 0.984068 0.629177 0.0384008 0.239687 0.0269431
0 0.252663 0.493971 0.07289 0.0488373 0.0268883
0 0.489152 0.518879 0.0292603 0.0650888 0.0267733
0 0.960344 0.322464 0.0414009 0.0664288 0.0265537
0 0.205253 0.555024 0.0287994 0.062458 0.0264805
0 0.0107309 0.858087 0.0260336 0.212592 0.0264097
0 0.610472 0.552573 0.0366391 0.0523057 0.0263768
0 0.831994 0.0511746 0.0340174 0.0593921 0.0263618
0 0.0598868 0.551026 0.0767046 0.0763564 0.0261189
0 0.476667 0.506702 0.0505428 0.103382 0.0261058
0 0.941652 0.755185 0.113847 0.25382 0.0260388
0 0.571556 0.536965 0.0749634 0.103581 0.0260129
0 0.368746 0.56727 0.145054 0.0898601 0.0260097
0 0.307232 0.453344 0.106362 0.0856166 0.0257432
0 0.420371 0.581487 0.107324 0.0777204 0.0255836
0 0.204856 0.140972 0.141286 0.26421 0.0255776
0 0.0355457 0.489937 0.0699087 0.136506 0.0253391
0 0.0895857 0.542357 0.0992141 0.0861214 0.0253021
0 0.463536 0.542866 0.0191691 0.0331536 0.0252023
0 0.597165 0.52677 0.0316851 0.0745026 0.0251026
0 0.112176 0.500685 0.0624906 0.0933621 0.0250243
0 0.92636 0.550401 0.0179531 0.0358024 0.0249963
0 0.386836 0.591164 0.0596423 0.0443556 0.0249888
0 0.590601 0.530876 0.0556916 0.0890717 0.0249879
0 0.235654 0.491633 0.0452291 0.0493217 0.0248937
0 0.20495 0.495348 0.0391455 0.100071 0.0248902
0 0.110214 0.292184 0.0320159 0.0419086 0.0246662
0 0.665733 0.560772 0.0242106 0.0388119 0.0246605
0 0.708572 0.483354 0.0223059 0.0303586 0.0246358
0 0.232153 0.304179 0.0561 0.0300841 0.024635
0 0.986333 0.41266 0.0271822 0.103816 0.0245595
0 0.90755 0.732646 0.0957312 0.113561 0.0244389
0 0.587674 0.557347 0.0510513 0.0592798 0.0242889
0 0.802728 0.459253 0.0385867 0.0628933 0.024207
0 0.596707 0.546766 0.0282959 0.0517856 0.0241189
0 0.604251 0.531933 0.0511547 0.0853639 0.0238556
0 0.819119 0.503935 0.101868 0.142077 0.0238556
0 0.679949 0.454749 0.0373774 0.0533923 0.0236616
0 0.558018 0.242843 0.177229 0.324546 0.0236562
0 0.801324 0.517519 0.0560934 0.0938887 0.023431
0 0.821182 0.51971 0.0648254 0.105088 0.022973
0 0.567075 0.534383 0.0220028 0.0536003 0.0229691
0 0.132514 0.478152 0.0973013 0.101698 0.0229216
0 0.128661 0.509309 0.0528173 0.077984 0.0229181
0 0.945259 0.432848 0.0504089 0.0649726 0.0228899
0 0.137466 0.311264 0.027308 0.0216481 0.0228648
0 0.850533 0.630162 0.151184 0.230364 0.0227491
0 0.528032 0.517737 0.0526407 0.114493 0.0226327
0 0.503138 0.554632 0.0213567 0.0402635 0.0224371
0 0.462589 0.44297 0.0316298 0.0384071 0.0223931
0 0.383515 0.571465 0.0236793 0.0300945 0.0223115
0 0.941973 0.68065 0.0849964 0.330895 0.0222302
0 0.411375 0.490485 0.0150283 0.0240353 0.0222151
0 0.927372 0.442659 0.139796 0.284013 0.0220282
0 0.359288 0.446829 0.0449036 0.0634762 0.0218598
0 0.226712 0.460575 0.0280996 0.0399398 0.0217339
0 0.883776 0.0791307 0.0273764 0.0373101 0.0217186
0 0.396337 0.488222 0.0213461 0.0308536 0.0216424
0 0.0551584 0.891682 0.0967392 0.182655 0.0215795
0 0.179071 0.274238 0.0696974 0.0622129 0.0215586
0 0.333796 0.521516 0.113129 0.0790446 0.0215322
0 0.117911 0.296083 0.0574562 0.0521448 0.0215026
0 0.408768 0.499485 0.0140348 0.020364 0.0214783
0 0.484579 0.486989 0.0862486 0.119422 0.0214127
0 0.091007 0.2241 0.0465729 0.0643638 0.0214088
0 0.21044 0.562084 0.0196617 0.0295592 0.021322
0 0.85125 0.548865 0.0398108 0.0471044 0.0212364
0 0.313124 0.500869 0.149886 0.0763393 0.0211335
0 0.342649 0.496237 0.0300711 0.0248678 0.0210913
0 0.774718 0.527821 0.0413937 0.0753333 0.0210057
0 0.838734 0.508973 0.0441517 0.0769024 0.0208686
0 0.555565 0.397395 0.122316 0.152058 0.0208093
0 0.872349 0.0521329 0.071764 0.100881 0.0207101
0 0.544785 0.262759 0.0223614 0.0459612 0.0206883
0 0.886053 0.0514159 0.0532673 0.0866911 0.0206081
0 0.126208 0.303488 0.0432084 0.0352767 0.0204174
0 0.324362 0.446983 0.0687068 0.0695912 0.0204015
0 0.547811 0.308193 0.137401 0.179311 0.0203678
0 0.0154676 0.891237 0.0330293 0.180297 0.0203632
0 0.819252 0.28942 0.0676931 0.0592033 0.0203502
0 0.885103 0.554513 0.0295256 0.0381441 0.020314
0 0.541535 0.511683 0.0848329 0.140177 0.0203081
0 0.379081 0.441473 0.032455 0.048791 0.020203
0 0.0932902 0.47637 0.047993 0.085632 0.0202027
0 0.102242 0.259207 0.0796911 0.166782 0.0200972
0 0.518295 0.481052 0.0493258 0.100483 0.0200928
0 0.989696 0.880985 0.0210302 0.140897 0.0200172
0 0.812463 0.447457 0.0512033 0.0670154 0.0199823
0 0.846768 0.490773 0.132935 0.154602 0.019919
0 0.842631 0.448204 0.0724434 0.0792985 0.0197984
0 0.819502 0.278729 0.0544046 0.0482719 0.0196194
0 0.530141 0.389595 0.0877068 0.13084 0.0195405
0 0.642812 0.0597456 0.0280495 0.043266 0.0195313
0 0.580335 0.522314 0.0370119 0.0806538 0.0194142
0 0.642381 0.439273 0.0258078 0.0402059 0.0192709
0 0.513721 0.519897 0.0485359 0.106931 0.0191589
0 0.0876095 0.238393 0.0382452 0.0496422 0.0191545
0 0.837577 0.0733654 0.0473736 0.0638133 0.0191348
0 0.133204 0.306831 0.0268889 0.0237661 0.0190006
0 0.977968 0.797837 0.0413048 0.227817 0.0189591
0 0.970261 0.632993 0.0639874 0.21392 0.0189475
0 0.712678 0.48785 0.0245884 0.0339318 0.0189199
0 0.817819 0.472697 0.0672453 0.0831889 0.0189079
0 0.22649 0.0755523 0.0808747 0.113794 0.0188788
0 0.671005 0.42523 0.0346622 0.054178 0.0188611
0 0.551631 0.462484 0.113228 0.193397 0.0188215
0 0.596448 0.441687 0.027915 0.0424223 0.0187498
0 0.266022 0.53299 0.148556 0.121335 0.0187128
0 0.289158 0.428904 0.0463537 0.0355437 0.0187032
0 0.166016 0.42646 0.0316474 0.0325169 0.0186998
0 0.766048 0.524988 0.0291405 0.0764107 0.0186546
0 0.713935 0.546691 0.0367587 0.0570019 0.0186392
0 0.0289893 0.569008 0.038068 0.0628516 0.0186359
0 0.0183885 0.59998 0.0397503 0.109863 0.0185639
0 0.866475 0.0771201 0.0469608 0.0549653 0.0185415
