0 0.5509 0.483829 0.0231994 0.061261 0.857407
0 0.5625 0.468623 0 0.0306177 0.822752
0 0.5625 0.633453 0 0.383406 0.662151
0 0.539335 0.460241 0.0145524 0.0179539 0.388655
0 0.373518 0.478824 0.0217524 0.0221423 0.179991
0 0.559793 0.452123 0.00541382 0.0240385 0.177784
0 0.392585 0.476233 0.0178442 0.019789 0.164472
0 0.344813 0.485009 0.0300404 0.0255985 0.15278
0 0.5625 0.46597 0 0.0240154 0.15189
0 0.45495 0.470323 0.0158217 0.013872 0.146274
0 0.5625 0.46161 0 0.0193008 0.14181
0 0.43336 0.473438 0.0218813 0.0164757 0.136686
0 0.5625 0.464438 0 0.0224831 0.136002
0 0.5625 0.455041 0 0.0460989 0.135362
0 0.545154 0.464161 0.0120817 0.0166292 0.132637
0 0.302854 0.487904 0.0358448 0.0285453 0.131694
0 0.534996 0.46341 0.018268 0.0200235 0.127997
0 0.5625 0.453884 0 0.0165536 0.126633
0 0.425779 0.475228 0.0128918 0.0154826 0.126338
0 0.554851 0.466945 0.0114325 0.0193037 0.125968
0 0.542321 0.459129 0.0137108 0.017188 0.121074
0 0.541527 0.463519 0.0105125 0.0161995 0.120434
0 0.541461 0.466646 0.0157377 0.0188583 0.120198
0 0.5625 0.467225 0 0.0220024 0.115368
0 0.372161 0.480761 0.0173089 0.0166541 0.113142
0 0.557661 0.454577 0.00967779 0.0193495 0.111079
0 0.406245 0.474056 0.0240093 0.0203096 0.11065
0 0.561767 0.460943 0.0014667 0.0199795 0.109521
0 0.428636 0.477391 0.0150615 0.0179145 0.108598
0 0.539189 0.464368 0.0130372 0.0188195 0.105928
0 0.411923 0.475092 0.0179296 0.0182982 0.104597
0 0.38144 0.476993 0.0177093 0.0190831 0.103317
0 0.5625 0.451564 0 0.0185712 0.102123
0 0.5625 0.453775 0 0.0294438 0.101964
0 0.452193 0.472579 0.0152013 0.0145077 0.0998776
0 0.5625 0.458139 0 0.0230109 0.096437
0 0.420082 0.489998 0.0154416 0.0172576 0.0961798
0 0.445793 0.47265 0.0156295 0.0144349 0.0927477
0 0.5625 0.46931 0 0.0259372 0.0842633
0 0.37656 0.4829 0.0187605 0.018682 0.083625
0 0.535316 0.470104 0.0143674 0.0202401 0.0816292
0 0.5625 0.480126 0 0.0344571 0.0805278
0 0.351896 0.482253 0.0282173 0.0239444 0.0798532
0 0.5625 0.523094 0 0.497246 0.0798098
0 0.440179 0.472233 0.0164913 0.0148938 0.0797045
0 0.395979 0.477652 0.0163646 0.0170436 0.0796704
0 0.5625 0.459135 0 0.0311584 0.0792782
0 0.5625 0.456438 0 0.0187672 0.0786323
0 0.5625 0.517583 0 0.112693 0.0783578
0 0.457451 0.473466 0.0149962 0.0152902 0.0781618
0 0.386382 0.480779 0.0200395 0.0185755 0.0757782
0 0.593913 0.463256 0.013239 0.020944 0.0744179
0 0.450644 0.479337 0.0165034 0.0199237 0.0740579
0 0.562576 0.480484 0.0141504 0.0216832 0.0723916
0 0.308078 0.492081 0.0422999 0.0335174 0.0709949
0 0.406807 0.476032 0.0164937 0.0169383 0.0707708
0 0.533347 0.467527 0.0131088 0.0179211 0.0706296
0 0.975227 0.552154 0.0498974 0.306878 0.070057
0 0.521136 0.475897 0.0132332 0.0237189 0.0695404
0 0.463817 0.472977 0.0154525 0.0158861 0.0682022
0 0.333316 0.491954 0.047543 0.0388638 0.0667488
0 0.551392 0.454835 0.0145673 0.0157377 0.0664198
0 0.317432 0.484763 0.057694 0.0360597 0.0648232
0 0.29746 0.408556 0.0340764 0.0481227 0.0644687
0 0.462416 0.468105 0.0194739 0.0163092 0.0643668
0 0.363865 0.471233 0.0364134 0.0338713 0.063676
0 0.354534 0.444951 0.0667825 0.0962364 0.0632215
0 0.347016 0.491548 0.0320353 0.0323458 0.0625703
0 0.587503 0.459922 0.0122494 0.0224698 0.0621999
0 0.858821 0.464346 0.0487793 0.0621136 0.0619498
0 0.526302 0.467441 0.0151931 0.0220609 0.061653
0 0.688103 0.481247 0.0252866 0.036296 0.0615289
0 0.978709 0.680519 0.0411062 0.293528 0.0610739
0 0.352327 0.484727 0.0193202 0.0186947 0.0608973
0 0.783165 0.46232 0.0520809 0.0531375 0.0605368
0 0.535905 0.460522 0.0115678 0.0200852 0.0604859
0 0.620802 0.451387 0.0289633 0.0351665 0.0603207
0 0.448471 0.465716 0.0186495 0.0200798 0.0599264
0 0.54053 0.455996 0.0133069 0.0150668 0.0580081
0 0.699547 0.479718 0.0268348 0.0377659 0.0576612
0 0.271333 0.413702 0.0861649 0.0711629 0.0570115
0 0.544106 0.463747 0.0118608 0.0282839 0.0555349
0 0.306786 0.404539 0.0494569 0.0622409 0.0552798
0 0.0575623 0.508092 0.0926742 0.0712536 0.0552563
0 0.552282 0.459543 0.0133562 0.0169879 0.0550589
0 0.269663 0.434966 0.0982304 0.10798 0.0549322
0 0.233614 0.488652 0.035259 0.0388517 0.0515281
0 0.804433 0.462808 0.0582915 0.0643636 0.0507019
0 0.33952 0.468609 0.0458764 0.0533473 0.050487
0 0.604743 0.448845 0.0168082 0.0225555 0.0503383
0 0.759706 0.472178 0.034742 0.0426203 0.0502468
0 0.478846 0.472503 0.0220351 0.0194662 0.0481562
0 0.733554 0.473083 0.0439733 0.04042 0.0479051
0 0.476282 0.464887 0.0240657 0.0171929 0.0464182
0 0.0190966 0.514609 0.0365743 0.0489093 0.0460825
0 0.299599 0.442378 0.0468074 0.0993463 0.0457927
0 0.258382 0.491805 0.0573866 0.0408482 0.045305
0 0.602433 0.452794 0.015903 0.0212678 0.0443737
0 0.483851 0.464615 0.0440599 0.0361187 0.0443445
0 0.673251 0.479611 0.0374963 0.0360909 0.0442329
0 0.523814 0.471981 0.0139563 0.0201518 0.0440667
0 0.84801 0.459074 0.0603989 0.0601696 0.0438221
0 0.246105 0.491444 0.053028 0.0445919 0.0435262
0 0.463349 0.467332 0.0255161 0.022144 0.0434401
0 0.216505 0.487441 0.0727592 0.0531656 0.0431268
0 0.360175 0.485037 0.0206484 0.0187411 0.042782
0 0.479847 0.452767 0.0451777 0.0374571 0.0425889
0 0.41577 0.186674 0.077681 0.0826149 0.0425329
0 0.306543 0.455411 0.0540815 0.0991495 0.0424568
0 0.612631 0.451057 0.0183642 0.027867 0.0421699
0 0.340336 0.490785 0.0305777 0.0294657 0.0418423
0 0.400189 0.478974 0.015664 0.0165433 0.0414588
0 0.309191 0.399718 0.0649026 0.0818915 0.0411915
0 0.0268362 0.511052 0.0514901 0.0633118 0.04119
0 0.277201 0.47627 0.0882642 0.0694482 0.0411451
0 0.038007 0.505423 0.0726308 0.0820598 0.0408788
0 0.498842 0.458767 0.020827 0.0237946 0.0407517
0 0.450302 0.498104 0.0182704 0.0214313 0.040693
0 0.32921 0.402511 0.0428749 0.0552085 0.040558
0 0.234018 0.403377 0.0288872 0.031462 0.0403152
0 0.321862 0.453992 0.080191 0.106953 0.0400401
0 0.481189 0.456255 0.02334 0.0228317 0.0399886
0 0.987282 0.153127 0.0245991 0.177792 0.0398006
0 0.714134 0.479563 0.0437007 0.044304 0.0396614
0 0.322546 0.415974 0.0704947 0.0718182 0.0388244
0 0.344845 0.473515 0.0237458 0.0271774 0.0386949
0 0.661047 0.473995 0.0306235 0.0358665 0.0383243
0 0.738552 0.435395 0.0673594 0.106956 0.0382354
0 0.979334 0.153121 0.0404295 0.170363 0.0377101
0 0.518964 0.472501 0.0124323 0.024787 0.0374414
0 0.976865 0.434536 0.0473719 0.212912 0.036821
0 0.348698 0.406179 0.0525094 0.0598899 0.0366877
0 0.981417 0.492701 0.0372332 0.0787083 0.0366727
0 0.283635 0.491657 0.0729908 0.0397917 0.0365199
0 0.615262 0.44205 0.0170252 0.0329541 0.0363816
0 0.626939 0.463179 0.0279252 0.0366046 0.0363068
0 0.640455 0.453227 0.0268427 0.0351654 0.0360452
0 0.246941 0.439598 0.0624101 0.109051 0.0358512
0 0.438291 0.396377 0.0440705 0.0382641 0.0352937
0 0.748245 0.473082 0.0390995 0.0393247 0.0348175
0 0.64364 0.458414 0.0254078 0.0354705 0.0348156
0 0.41932 0.473783 0.0168475 0.0180108 0.0346724
0 0.970881 0.535549 0.0520216 0.200614 0.0342827
0 0.770862 0.459198 0.0533386 0.0617584 0.0335867
0 0.823453 0.465098 0.0897364 0.0724261 0.0332282
0 0.59272 0.961155 0.0310355 0.0534371 0.0329819
0 0.477439 0.469875 0.0168605 0.0172889 0.0328206
0 0.619329 0.469043 0.0196553 0.0287342 0.032797
0 0.247258 0.474613 0.0596726 0.0778181 0.0327333
0 0.668383 0.344712 0.0717693 0.0960587 0.0326446
0 0.966102 0.387248 0.0658024 0.270745 0.0326165
0 0.234478 0.412226 0.0349362 0.048932 0.0324389
0 0.268929 0.462249 0.10623 0.101456 0.0321625
0 0.389033 0.37641 0.0368476 0.0451565 0.0317393
0 0.760878 0.455057 0.0408245 0.0644051 0.0313747
0 0.608109 0.485622 0.0180144 0.0299802 0.0312585
0 0.694039 0.467136 0.0232428 0.0523148 0.031257
0 0.950982 0.510769 0.0915321 0.360271 0.0312169
0 0.877506 0.47039 0.0414907 0.052505 0.0307643
0 0.265446 0.402674 0.103224 0.100023 0.0305648
0 0.738801 0.480743 0.0571136 0.0544723 0.0304789
0 0.406284 0.346336 0.0826069 0.124359 0.0303295
0 0.809316 0.424995 0.0681686 0.100506 0.0299964
0 0.315972 0.531784 0.124313 0.128188 0.0295429
0 0.152142 0.437218 0.086462 0.0843558 0.0294396
0 0.649474 0.453438 0.0267063 0.0361599 0.0293369
0 0.0384117 0.369833 0.078942 0.219829 0.0292948
0 0.669593 0.368204 0.0811952 0.14192 0.0283099
0 0.239685 0.422243 0.0457728 0.0703968 0.0282097
0 0.6869 0.458487 0.0232814 0.0447489 0.027543
0 0.150706 0.401749 0.0527505 0.0557672 0.0272583
0 0.691788 0.493524 0.0185184 0.0340158 0.0271623
0 0.339736 0.393292 0.049839 0.0683808 0.0269494
0 0.363914 0.184239 0.053569 0.0804184 0.0269095
0 0.399283 0.389332 0.0485003 0.0582199 0.0267367
0 0.405305 0.185046 0.0548644 0.0693227 0.0264631
0 0.401345 0.31015 0.115986 0.165491 0.0263562
0 0.80829 0.157933 0.2869 0.31557 0.0263405
0 0.756809 0.439076 0.0854189 0.103773 0.0257482
0 0.683881 0.489808 0.0243106 0.0349572 0.0256542
0 0.601308 0.410592 0.0207731 0.0435616 0.0255047
0 0.699279 0.488983 0.0228977 0.0344537 0.0253967
0 0.378403 0.37293 0.0543872 0.0569711 0.0252104
0 0.869604 0.474936 0.048152 0.0660433 0.025067
0 0.0414815 0.481892 0.0805892 0.107584 0.0250306
0 0.98562 0.477392 0.029752 0.0761377 0.0249871
0 0.0788417 0.51358 0.0604352 0.0489349 0.0248433
0 0.472157 0.470215 0.0172028 0.0156583 0.0248414
0 0.727792 0.448901 0.0433675 0.0719755 0.0245292
0 0.338653 0.50365 0.0344411 0.035439 0.0244921
0 0.503365 0.47763 0.015915 0.022999 0.0243084
0 0.313556 0.499099 0.0606545 0.0481897 0.0242568
0 0.530814 0.39419 0.0354632 0.0610049 0.0241222
0 0.523077 0.481368 0.0120759 0.0255865 0.0241123
0 0.990958 0.17793 0.0185637 0.153844 0.023809
0 0.135541 0.385723 0.0934841 0.115405 0.0238051
0 0.805759 0.404776 0.0962112 0.103881 0.0237301
0 0.422822 0.395882 0.0495435 0.0420737 0.0236042
0 0.655422 0.341828 0.0437186 0.088026 0.0235316
0 0.548424 0.40022 0.0205385 0.0383261 0.0234231
0 0.514712 0.435649 0.0177993 0.023836 0.0233352
0 0.15938 0.353004 0.0321604 0.0299742 0.0232161
0 0.19562 0.407849 0.107959 0.0874085 0.0230886
0 0.286537 0.432181 0.163515 0.164486 0.0230645
0 0.0663818 0.220962 0.0210872 0.0406865 0.0230143
0 0.036442 0.362351 0.0727182 0.131044 0.0228788
0 0.379714 0.392731 0.0705918 0.0715892 0.0228734
0 0.518956 0.505326 0.0242643 0.0379422 0.0228662
0 0.0325414 0.290668 0.0681476 0.173211 0.0228383
0 0.0521849 0.363806 0.0386943 0.0542263 0.022834
0 0.361233 0.405271 0.0699555 0.0678773 0.0227305
0 0.165073 0.399419 0.0593791 0.0655282 0.0226459
0 0.410457 0.37638 0.0557896 0.0634061 0.0225244
0 0.58168 0.425399 0.0118417 0.0192639 0.0221575
0 0.673107 0.453768 0.0323183 0.0442428 0.0220464
0 0.984692 0.455923 0.0313675 0.110491 0.0220333
0 0.497609 0.41976 0.0215478 0.0245824 0.0219321
0 0.778607 0.432286 0.101814 0.109169 0.0219313
0 0.613891 0.969015 0.0484807 0.0577605 0.0219176
0 0.789973 0.444536 0.0729705 0.076269 0.0218684
0 0.956818 0.159135 0.0877169 0.164137 0.0218639
0 0.138473 0.406841 0.0780425 0.0778434 0.0218582
0 0.367475 0.382423 0.0788959 0.0802747 0.0218539
0 0.0452551 0.419375 0.0864116 0.175011 0.02142
0 0.555002 0.409622 0.0181189 0.0314101 0.0214109
0 0.572214 0.955364 0.0258041 0.0419568 0.0213933
0 0.118928 0.425364 0.0351351 0.0450113 0.0213773
0 0.573985 0.422833 0.0127529 0.0207626 0.0213757
0 0.154809 0.425856 0.069504 0.0651098 0.0213437
0 0.386184 0.36555 0.0403581 0.0570893 0.021303
0 0.420126 0.293242 0.0669945 0.0681417 0.0212975
0 0.283262 0.38429 0.0969629 0.110217 0.0211795
0 0.62562 0.326777 0.0239322 0.0361095 0.0211099
0 0.169777 0.374724 0.0607197 0.0787858 0.0210385
0 0.626464 0.339944 0.0262704 0.0519562 0.0210062
0 0.807102 0.219443 0.0489297 0.0493025 0.0208899
0 0.678604 0.45216 0.053193 0.0722544 0.0208884
0 0.582525 0.311197 0.0210811 0.0344273 0.0208412
0 0.292352 0.127986 0.0270476 0.0410312 0.0208204
0 0.239065 0.39958 0.0510911 0.0641619 0.0207729
0 0.439809 0.476812 0.0136881 0.0152169 0.0207688
0 0.969851 0.616634 0.0376041 0.198513 0.0207609
0 0.869212 0.457416 0.050445 0.0646046 0.0207453
0 0.955936 0.550896 0.0599297 0.191036 0.0206519
0 0.452933 0.405076 0.0507586 0.0549668 0.0205925
0 0.431372 0.386435 0.0355733 0.039208 0.0205267
0 0.831285 0.422543 0.0978001 0.108919 0.0204922
0 0.553134 0.36181 0.0241301 0.0377408 0.0204746
0 0.172566 0.345965 0.0572281 0.0673795 0.0204639
0 0.0440716 0.390222 0.0575636 0.101783 0.0204293
0 0.0841517 0.161703 0.157547 0.253128 0.0203626
0 0.648041 0.343018 0.0310127 0.0694825 0.020316
0 0.98575 0.723275 0.0276325 0.195338 0.0202439
0 0.731348 0.490007 0.0549161 0.0718589 0.0201801
0 0.949039 0.422687 0.0929394 0.301332 0.0200145
0 0.384052 0.32486 0.0896059 0.140894 0.019962
0 0.549738 0.33181 0.0264771 0.0403882 0.0198601
0 0.0405797 0.414764 0.0655936 0.111262 0.0197819
0 0.0145367 0.207861 0.0280576 0.0691891 0.0196655
0 0.250236 0.400132 0.0744248 0.0814779 0.0196389
0 0.0791956 0.151392 0.0425627 0.065202 0.0196138
0 0.291578 0.494232 0.0420526 0.0337193 0.0195825
0 0.189773 0.385398 0.109724 0.112328 0.0194765
0 0.419379 0.152448 0.0708286 0.083752 0.0194444
0 0.065513 0.487418 0.111938 0.0976779 0.0194248
0 0.551986 0.257137 0.0284122 0.0396527 0.0194077
0 0.0117616 0.257318 0.0237601 0.0743037 0.0193677
0 0.846165 0.415379 0.0729816 0.0864563 0.0193601
0 0.578015 0.958085 0.0262236 0.0466973 0.0193486
0 0.0639285 0.381697 0.112624 0.194609 0.019195
0 0.135765 0.428319 0.0680729 0.0715159 0.0191925
0 0.312126 0.378627 0.0720562 0.090781 0.0190757
0 0.415078 0.343189 0.111027 0.155311 0.0190258
0 0.663673 0.490464 0.0353183 0.0481088 0.0189779
0 0.649147 0.472223 0.022887 0.033696 0.0189301
0 0.978961 0.471076 0.0452097 0.0953979 0.0189013
0 0.129278 0.354433 0.0716845 0.0884773 0.0188974
0 0.666368 0.3304 0.0550106 0.0679468 0.0188269
0 0.227141 0.394535 0.0748138 0.0847346 0.0187908
0 0.660432 0.450923 0.0473402 0.0600906 0.0187227
0 0.673758 0.400765 0.0792976 0.162224 0.0186619
0 0.175609 0.358153 0.075163 0.0836093 0.0186601
0 0.391853 0.18088 0.0575682 0.0733852 0.0186509
0 0.0441798 0.254108 0.0784755 0.103095 0.0186374
0 0.379056 0.274686 0.0824846 0.15765 0.0185555
0 0.314105 0.518095 0.0565288 0.0575329 0.0184888
0 0.114564 0.405349 0.0727892 0.0987189 0.0184864
0 0.63106 0.450031 0.018458 0.0308757 0.0184003
0 0.54673 0.353404 0.0249862 0.042651 0.018376
0 0.886574 0.479035 0.0509125 0.0659899 0.0182874
0 0.149348 0.458213 0.0959595 0.0883057 0.0182307
0 0.155738 0.355581 0.0417217 0.0433147 0.0181684
0 0.00783374 0.545567 0.0180479 0.049726 0.0181656
0 0.0669714 0.226389 0.0263309 0.054942 0.018082
0 0.0791817 0.407135 0.155965 0.265709 0.0180681
0 0.357384 0.317641 0.0333081 0.0756581 0.0180254
0 0.0488889 0.323291 0.0885978 0.189282 0.0180098
0 0.499313 0.474824 0.0218089 0.0244026 0.0179892
0 0.516449 0.392617 0.0385746 0.063193 0.0179781
0 0.876169 0.494702 0.0376453 0.0528687 0.0179752
