0 0.5625 0.384581 0 0.117647 0.929954
0 0.552402 0.382533 0.0201953 0.0450416 0.822461
0 0.5625 0.382228 0 0.0438625 0.798
0 0.465463 0.377355 0.0461689 0.0546624 0.461888
0 0.39323 0.38491 0.0825572 0.0700878 0.364755
0 0.5625 0.383722 0 0.0308987 0.354868
0 0.440629 0.378836 0.060464 0.0642061 0.317496
0 0.407794 0.383316 0.0565679 0.0638802 0.313293
0 0.353917 0.387045 0.060168 0.0656712 0.293669
0 0.5625 0.387307 0 0.0234804 0.27287
0 0.454469 0.379845 0.0361502 0.0525733 0.268373
0 0.531228 0.383548 0.0250937 0.0326943 0.263622
0 0.522182 0.371351 0.0155998 0.0221342 0.262796
0 0.476997 0.377815 0.0269105 0.0432551 0.252703
0 0.367924 0.386984 0.0384974 0.053183 0.240749
0 0.532074 0.391348 0.0232126 0.0330178 0.235606
0 0.506753 0.360489 0.0162641 0.0262916 0.208785
0 0.5625 0.383976 0 0.0247441 0.205405
0 0.525279 0.369233 0.0203966 0.027189 0.189453
0 0.511867 0.365007 0.0212477 0.027872 0.189407
0 0.525014 0.376339 0.0149285 0.0208407 0.180266
0 0.449243 0.369186 0.0755569 0.0904256 0.177412
0 0.5625 0.349474 0 0.0500865 0.17493
0 0.4629 0.367456 0.0555876 0.0799074 0.174338
0 0.434743 0.380435 0.0695449 0.0900765 0.172037
0 0.510809 0.369515 0.0131109 0.0212338 0.165626
0 0.529426 0.378099 0.0171892 0.0212758 0.164177
0 0.519188 0.372796 0.0188726 0.0274829 0.157946
0 0.5625 0.381996 0 0.0214438 0.153846
0 0.229188 0.390687 0.0145456 0.0200086 0.152734
0 0.517862 0.371561 0.0130598 0.0198736 0.151737
0 0.479473 0.378608 0.0191206 0.0331679 0.150565
0 0.407919 0.384581 0.0767479 0.0889483 0.146327
0 0.355963 0.397777 0.0756348 0.0874408 0.138732
0 0.5625 0.390672 0 0.0206969 0.137589
0 0.5625 0.387842 0 0.0211842 0.136122
0 0.50818 0.359627 0.0219798 0.0350179 0.133095
0 0.5625 0.387585 0 0.0245866 0.132297
0 0.5625 0.381346 0 0.02216 0.130542
0 0.515283 0.369395 0.0161592 0.0233291 0.128143
0 0.539048 0.383691 0.014924 0.0229038 0.124925
0 0.540623 0.37876 0.0132005 0.0213336 0.12329
0 0.5625 0.380593 0 0.0324082 0.122537
0 0.5625 0.383147 0 0.0340762 0.122204
0 0.517925 0.36556 0.0153159 0.0223039 0.107594
0 0.374227 0.375123 0.0785413 0.0924776 0.107163
0 0.555792 0.381282 0.0119904 0.0238288 0.10223
0 0.220677 0.390193 0.031548 0.0247399 0.101761
0 0.5625 0.379205 0 0.0272327 0.0992738
0 0.5625 0.378542 0 0.0426126 0.0955679
0 0.500419 0.372676 0.0156464 0.0266304 0.0942657
0 0.489079 0.380221 0.0185572 0.0306926 0.0904723
0 0.533582 0.390095 0.01786 0.0240724 0.0899516
0 0.213932 0.390202 0.0459095 0.0284412 0.0898424
0 0.604843 0.38149 0.0154436 0.028726 0.0894592
0 0.406587 0.335166 0.128706 0.185546 0.0871783
0 0.513331 0.363162 0.0121003 0.0205009 0.0847123
0 0.39198 0.397039 0.0947233 0.114438 0.0835825
0 0.885195 0.307994 0.133966 0.148081 0.0800202
0 0.307656 0.373399 0.0276323 0.0379622 0.0787128
0 0.456924 0.381278 0.0209009 0.0327136 0.0748115
0 0.501324 0.363964 0.0149184 0.0275268 0.0745829
0 0.721117 0.353878 0.0351612 0.0522669 0.0734407
0 0.223934 0.382956 0.0267897 0.0313568 0.071992
0 0.303248 0.367705 0.0235093 0.0427979 0.0692484
0 0.46998 0.374891 0.0261396 0.0369396 0.0680778
0 0.939049 0.455204 0.119748 0.469229 0.0663522
0 0.542296 0.386447 0.0110371 0.0208098 0.0663171
0 0.234092 0.382894 0.0215198 0.0297553 0.0632011
0 0.61983 0.378103 0.0159248 0.0347509 0.0625909
0 0.38045 0.342525 0.112 0.167571 0.0619763
0 0.323927 0.368884 0.0521563 0.0633547 0.0608665
0 0.489065 0.368808 0.0207311 0.0341654 0.0606974
0 0.2989 0.375579 0.0360112 0.0384543 0.059544
0 0.029365 0.29965 0.0594244 0.222789 0.0581296
0 0.728823 0.342894 0.0189473 0.0352703 0.0574041
0 0.0240647 0.384157 0.0468286 0.0674903 0.0570763
0 0.431868 0.355552 0.0896493 0.126756 0.0547591
0 0.269147 0.365401 0.0803403 0.0724224 0.0540577
0 0.704964 0.362559 0.0180556 0.036817 0.0538624
0 0.732219 0.340006 0.0282615 0.0767291 0.0536018
0 0.754094 0.3556 0.0630327 0.0636953 0.0535028
0 0.178351 0.368134 0.119016 0.0696728 0.0523807
0 0.750237 0.339451 0.0572701 0.067548 0.0515367
0 0.317967 0.374645 0.0366944 0.0435254 0.0512154
0 0.339543 0.396647 0.0415837 0.0574562 0.0511679
0 0.313352 0.365371 0.0386549 0.0565335 0.0507259
0 0.460788 0.329788 0.091911 0.135935 0.050333
0 0.793017 0.338014 0.0347603 0.0566125 0.0497561
0 0.610244 0.384758 0.0123672 0.0265533 0.0484857
0 0.252118 0.368248 0.0570551 0.0634814 0.0469009
0 0.89217 0.365095 0.0340675 0.0359622 0.0450014
0 0.398221 0.419221 0.119398 0.162807 0.0444342
0 0.582037 0.368647 0.0118542 0.0215791 0.0440309
0 0.287652 0.366958 0.0516445 0.0508269 0.0434832
0 0.185719 0.38007 0.103111 0.0486905 0.0417847
0 0.343299 0.371483 0.0846717 0.0931207 0.0415012
0 0.872936 0.32051 0.0895863 0.132549 0.0412328
0 0.940867 0.598634 0.129265 0.397702 0.0404896
0 0.168723 0.358293 0.141597 0.108851 0.038977
0 0.597602 0.392661 0.0152055 0.0311647 0.0387162
0 0.704647 0.375985 0.0166725 0.041672 0.0386353
0 0.298328 0.386363 0.0452203 0.0684541 0.0383317
0 0.98989 0.753615 0.0206652 0.188736 0.0379095
0 0.0475853 0.30556 0.0943894 0.231196 0.0370553
0 0.426302 0.396514 0.0740177 0.114986 0.0367565
0 0.842289 0.32612 0.0450014 0.0973208 0.0366985
0 0.71272 0.368346 0.0219305 0.051441 0.0361492
0 0.0418599 0.382956 0.0807592 0.0779366 0.035914
0 0.629222 0.358778 0.0318895 0.0552934 0.0355865
0 0.441904 0.401283 0.0600409 0.0973485 0.0354243
0 0.214539 0.39098 0.0217081 0.0185866 0.0348551
0 0.212109 0.379847 0.0546361 0.0468463 0.0347156
0 0.525807 0.365402 0.0162584 0.0230135 0.0343923
0 0.571084 0.364062 0.0130141 0.0193152 0.0340493
0 0.661932 0.298794 0.0875415 0.221596 0.0339679
0 0.232312 0.398277 0.0251911 0.0316985 0.0338059
0 0.363478 0.415432 0.100675 0.118218 0.0333074
0 0.852884 0.31095 0.0574469 0.134999 0.033193
0 0.282424 0.283301 0.143784 0.259342 0.0330619
0 0.952166 0.323261 0.0983389 0.365076 0.0330092
0 0.618574 0.288153 0.0763648 0.14731 0.0327105
0 0.921645 0.408417 0.0575834 0.228335 0.0325806
0 0.786952 0.330162 0.020369 0.0407947 0.0324299
0 0.029568 0.251239 0.0583892 0.121 0.031799
0 0.729242 0.37013 0.0214157 0.0425262 0.0317627
0 0.211816 0.390265 0.0317739 0.0236994 0.0315517
0 0.620738 0.390139 0.0113288 0.027745 0.0314272
0 0.703388 0.353967 0.02562 0.044081 0.0313222
0 0.577324 0.366676 0.0125992 0.0185185 0.0309655
0 0.213717 0.399031 0.0307979 0.0282288 0.0308946
0 0.419447 0.400755 0.0569155 0.083467 0.0308608
0 0.724786 0.372725 0.0233335 0.061322 0.0308383
0 0.992249 0.704927 0.0147875 0.0908729 0.0308129
0 0.351321 0.722029 0.106797 0.120486 0.0305175
0 0.40499 0.283817 0.147032 0.285031 0.0303411
0 0.706999 0.369551 0.0162412 0.0401645 0.0302316
0 0.793496 0.200225 0.261987 0.247025 0.030117
0 0.332938 0.404401 0.0341195 0.0623825 0.030074
0 0.580033 0.376353 0.0120795 0.0233978 0.0300015
0 0.230639 0.395425 0.0178042 0.0213698 0.0299832
0 0.898127 0.31863 0.0650242 0.125047 0.0298803
0 0.354151 0.348435 0.0995335 0.178604 0.0297896
0 0.909255 0.322979 0.101885 0.177816 0.0297069
0 0.712521 0.37902 0.0195427 0.0428227 0.0294072
0 0.156227 0.354657 0.0807481 0.092986 0.0292295
0 0.255873 0.355004 0.0697754 0.0907013 0.0290963
0 0.875836 0.289154 0.0973061 0.103686 0.0288319
0 0.832561 0.319169 0.0636433 0.124551 0.0287967
0 0.67043 0.233506 0.108105 0.225198 0.0286601
0 0.991685 0.73124 0.0168865 0.134595 0.0286096
0 0.790021 0.282953 0.156063 0.192448 0.0284494
0 0.801899 0.313263 0.0497471 0.114771 0.0280845
0 0.840585 0.298916 0.161509 0.164044 0.0280048
0 0.751157 0.324814 0.0664873 0.112894 0.027932
0 0.246149 0.379034 0.0463743 0.0466401 0.0277331
0 0.313627 0.3931 0.034936 0.0615237 0.027626
0 0.661157 0.282587 0.0515642 0.111037 0.0275625
0 0.861457 0.277914 0.0584536 0.0689766 0.0275594
0 0.710958 0.414428 0.0179933 0.0322083 0.0275262
0 0.560956 0.386583 0.0203339 0.0277568 0.027409
0 0.0299225 0.355355 0.0583329 0.155081 0.0268283
0 0.313764 0.322967 0.129058 0.180025 0.0266712
0 0.925656 0.354939 0.0620773 0.213387 0.0266603
0 0.722247 0.355351 0.0198002 0.0366884 0.0263207
0 0.914446 0.304505 0.0335352 0.0873718 0.0262752
0 0.633009 0.310572 0.0546098 0.130596 0.0260159
0 0.895373 0.293498 0.0811344 0.118802 0.0259224
0 0.636146 0.247837 0.0258072 0.0363183 0.025906
0 0.871658 0.556974 0.0764013 0.2882 0.0258762
0 0.580895 0.364762 0.0137329 0.019848 0.0258411
0 0.894722 0.343847 0.0870859 0.141541 0.0257419
0 0.943579 0.327756 0.112071 0.181988 0.0255137
0 0.629453 0.240796 0.0251969 0.0286716 0.0254429
0 0.983107 0.755939 0.0353262 0.212838 0.0254099
0 0.701813 0.369709 0.0179712 0.0435499 0.0251225
0 0.821609 0.0715386 0.105664 0.135154 0.0251111
0 0.612838 0.227305 0.0489564 0.0599948 0.0250178
0 0.211719 0.400296 0.0214561 0.0207536 0.0249239
0 0.60438 0.232953 0.0203996 0.0241951 0.024841
0 0.242005 0.338132 0.044831 0.0844391 0.0247388
0 0.236804 0.367109 0.0309061 0.0587466 0.0246633
0 0.13521 0.342982 0.220062 0.142758 0.0246343
0 0.889392 0.3734 0.0405008 0.0401555 0.0244809
0 0.0143501 0.388669 0.0277898 0.0720567 0.0244005
0 0.27949 0.32346 0.126881 0.163735 0.0243996
0 0.985254 0.711123 0.0306915 0.191165 0.024284
0 0.984951 0.43545 0.0340034 0.196957 0.0242805
0 0.910917 0.487923 0.0552734 0.264507 0.0242133
0 0.985817 0.0719559 0.0293528 0.163799 0.0241797
0 0.986783 0.320753 0.0284979 0.109907 0.0240994
0 0.865695 0.264932 0.0569674 0.0523857 0.0238178
0 0.990502 0.679546 0.0190449 0.146818 0.0237489
0 0.855456 0.269447 0.0460028 0.0537632 0.0237228
0 0.245184 0.389665 0.0224764 0.0278936 0.0235597
0 0.985078 0.466304 0.03046 0.127882 0.0233949
0 0.260406 0.344398 0.0906333 0.126153 0.0233236
0 0.119642 0.319971 0.22777 0.220795 0.0233043
0 0.223317 0.365476 0.0346799 0.0688754 0.0231812
0 0.783851 0.319996 0.0189347 0.0495001 0.0231441
0 0.477219 0.388544 0.0208481 0.0394453 0.0231144
0 0.957005 0.951005 0.0610273 0.0874703 0.0230583
0 0.474393 0.220478 0.0342754 0.0350964 0.0229958
0 0.0700784 0.325327 0.139454 0.191674 0.0229758
0 0.491775 0.326875 0.0196493 0.0316794 0.0228448
0 0.991266 0.788773 0.018207 0.142079 0.0227809
0 0.619279 0.236803 0.0218182 0.0257601 0.0227671
0 0.689813 0.339146 0.0630518 0.10899 0.0226216
0 0.521292 0.380138 0.0146889 0.0224917 0.0224018
0 0.19865 0.361864 0.0845188 0.0826378 0.0223983
0 0.988714 0.355056 0.0269495 0.150032 0.0223772
0 0.719881 0.0398062 0.117027 0.119152 0.0222226
0 0.50127 0.336731 0.0139307 0.0230682 0.0221903
0 0.604649 0.22635 0.0232892 0.0278823 0.0221867
0 0.192208 0.388666 0.0791942 0.0314065 0.0220202
0 0.961881 0.237409 0.0847065 0.408036 0.0217043
0 0.11806 0.381083 0.01745 0.0266896 0.0215014
0 0.727292 0.378376 0.0440235 0.0907434 0.0214773
0 0.60685 0.298315 0.0284162 0.049925 0.0213197
0 0.504125 0.332641 0.0140534 0.0215586 0.0212614
0 0.981059 0.516054 0.0415184 0.230634 0.0212561
0 0.648556 0.256937 0.0945805 0.157982 0.0212487
0 0.140682 0.215432 0.263982 0.405747 0.0212261
0 0.878912 0.269085 0.0923746 0.0719483 0.0211729
0 0.700402 0.269091 0.123516 0.203395 0.0211193
0 0.332196 0.345918 0.0730782 0.135973 0.0209806
0 0.166894 0.390368 0.0640113 0.0305451 0.0208779
0 0.932281 0.284836 0.0879362 0.110969 0.020844
0 0.41846 0.33338 0.0864304 0.128726 0.020699
0 0.744714 0.213953 0.197981 0.234302 0.0205706
0 0.70767 0.11667 0.0707422 0.0604037 0.0205494
0 0.829193 0.311022 0.097075 0.122638 0.0205273
0 0.365312 0.709474 0.0767868 0.0924547 0.0205072
0 0.982703 0.666888 0.0375463 0.221785 0.02044
0 0.60277 0.266805 0.0193838 0.0287295 0.0202856
0 0.597596 0.307596 0.0277658 0.0484955 0.0202754
0 0.839608 0.346073 0.141003 0.145974 0.0201954
0 0.631236 0.278733 0.0331754 0.0742199 0.020151
0 0.89869 0.273059 0.0702255 0.0819771 0.0201263
0 0.641599 0.206848 0.0278467 0.0472565 0.0200942
0 0.972007 0.761016 0.0586521 0.195519 0.0199947
0 0.592598 0.59616 0.0239653 0.0328707 0.0198499
0 0.65218 0.400652 0.0235419 0.0384439 0.0197977
0 0.915177 0.451976 0.0368835 0.15101 0.0197908
0 0.467213 0.220832 0.0380086 0.0420532 0.0197214
0 0.680768 0.346366 0.0442647 0.0488246 0.0196284
0 0.669847 0.342751 0.0642543 0.120485 0.0195362
0 0.598817 0.225554 0.0245612 0.0285411 0.0195302
0 0.887337 0.446929 0.0992914 0.329273 0.0194525
0 0.458683 0.334591 0.0576299 0.0978431 0.0193373
0 0.120531 0.366958 0.0163152 0.0369327 0.0192917
0 0.953797 0.700321 0.0949259 0.320151 0.0192128
0 0.59284 0.229497 0.0485102 0.0580154 0.0191134
0 0.982464 0.291094 0.0364557 0.117093 0.0191117
0 0.152747 0.372935 0.0723777 0.0616186 0.0190641
0 0.59913 0.411677 0.0190713 0.0360925 0.0190528
0 0.96758 0.715427 0.0687 0.208004 0.0190301
0 0.782555 0.300082 0.0226996 0.0594459 0.0190295
0 0.988875 0.449719 0.0226408 0.106881 0.018992
0 0.623122 0.306534 0.0465171 0.096843 0.0188357
0 0.129115 0.361479 0.176944 0.103609 0.0187837
0 0.714828 0.328517 0.0267913 0.0472951 0.0187468
0 0.0615482 0.374122 0.117409 0.105862 0.0187281
0 0.949555 0.307771 0.092248 0.111677 0.0185791
0 0.918951 0.2211 0.140476 0.326015 0.0185121
0 0.95131 0.402673 0.096982 0.25258 0.0185101
0 0.256095 0.282356 0.124612 0.224166 0.0184999
0 0.973289 0.432737 0.0498203 0.138306 0.0183631
0 0.990784 0.632248 0.0182808 0.136903 0.0183522
0 0.384219 0.271004 0.109143 0.234095 0.0183189
0 0.980841 0.837682 0.0401821 0.212655 0.0182688
0 0.0101799 0.45987 0.0217026 0.103272 0.0182681
0 0.472544 0.203291 0.0363027 0.0495297 0.018123
0 0.679333 0.299008 0.074467 0.128245 0.0180908
0 0.466705 0.413695 0.0286951 0.0436941 0.0180895
0 0.0598825 0.714493 0.106436 0.2127 0.0180852
0 0.00923501 0.413804 0.0202458 0.0722085 0.0179976
0 0.544881 0.612179 0.0335343 0.0362734 0.0179659
0 0.986676 0.698973 0.0255177 0.127723 0.0179587
0 0.744244 0.368317 0.0298296 0.0442517 0.0179318
0 0.929515 0.72523 0.147343 0.35103 0.0179286
0 0.764083 0.355204 0.0292037 0.030975 0.0179226
0 0.929435 0.495989 0.0763165 0.261337 0.0178343
0 0.203034 0.41222 0.0355779 0.0364906 0.0178178
0 0.832064 0.0740288 0.234647 0.198249 0.0177837
0 0.156147 0.387602 0.0722312 0.0381687 0.0177334
0 0.666826 0.0288123 0.0916114 0.096654 0.0177301
0 0.967888 0.0785758 0.0658802 0.183395 0.0177093
0 0.950501 0.583447 0.105196 0.282118 0.017591
0 0.891352 0.256887 0.144436 0.234353 0.0175385
0 0.992261 0.344874 0.0154837 0.0851308 0.0174742
0 0.924398 0.299947 0.0359165 0.0845821 0.0173923
0 0.604939 0.220587 0.0289203 0.0404909 0.01735
0 0.290176 0.393236 0.0434273 0.0552824 0.0173408
0 0.716328 0.394499 0.0337758 0.0680317 0.0172793
0 0.909307 0.542912 0.0561039 0.210929 0.0172689
0 0.462226 0.0441886 0.0386607 0.043238 0.0171586
0 0.372637 0.310915 0.0528348 0.11655 0.0171471
0 0.5965 0.363825 0.0135301 0.0223615 0.0171283
0 0.553863 0.606848 0.0393313 0.0379545 0.0169882
