0 0.0729144 0.363817 0.14535 0.144424 0.620993
0 0.556506 0.420186 0.0119873 0.0617155 0.513102
0 0.5625 0.430477 0 0.0583425 0.502562
0 0.5625 0.428542 0 0.0448187 0.498105
0 0.5625 0.426816 0 0.0521329 0.497602
0 0.5625 0.419282 0 0.0372407 0.427929
0 0.5625 0.428934 0 0.0441002 0.422172
0 0.5625 0.436079 0 0.0705483 0.414972
0 0.5625 0.438529 0 0.0660481 0.41106
0 0.5625 0.412353 0 0.0350913 0.39359
0 0.5625 0.428906 0 0.0565942 0.38467
0 0.5625 0.422476 0 0.0439573 0.382061
0 0.442484 0.400482 0.02079 0.0272484 0.376435
0 0.55539 0.41357 0.0142209 0.0479869 0.370578
0 0.5625 0.429433 0 0.0473184 0.366558
0 0.5625 0.413594 0 0.0312562 0.353639
0 0.462372 0.402447 0.0223889 0.0265162 0.352627
0 0.40219 0.397691 0.0310052 0.0342963 0.331512
0 0.5625 0.436581 0 0.0575071 0.318673
0 0.541774 0.412306 0.0238956 0.0412252 0.310702
0 0.420396 0.398838 0.0233191 0.0284935 0.310387
0 0.222269 0.395005 0.0363806 0.0401216 0.2866
0 0.233107 0.393707 0.0604414 0.0521291 0.275849
0 0.5625 0.42736 0 0.0480998 0.274741
0 0.5625 0.429236 0 0.0495549 0.272646
0 0.354737 0.394896 0.0412721 0.0509577 0.264869
0 0.5625 0.41026 0 0.0330515 0.264373
0 0.511593 0.408765 0.0302862 0.0321587 0.260173
0 0.5625 0.439116 0 0.0642502 0.253821
0 0.5625 0.414262 0 0.0405941 0.253724
0 0.5625 0.426 0 0.0543206 0.246102
0 0.5625 0.43902 0 0.0496624 0.22604
0 0.534 0.410071 0.0357757 0.0463242 0.224674
0 0.0464736 0.368244 0.0914476 0.129935 0.223846
0 0.555835 0.418335 0.013329 0.0573022 0.221674
0 0.5625 0.424135 0 0.0585758 0.217627
0 0.448087 0.401888 0.015976 0.0232203 0.211419
0 0.428833 0.394144 0.0393891 0.0411224 0.205751
0 0.395784 0.392347 0.0416068 0.0454368 0.202038
0 0.23873 0.387259 0.0807615 0.0697969 0.201786
0 0.455637 0.398189 0.0328963 0.03625 0.199446
0 0.5625 0.418296 0 0.0576822 0.198362
0 0.479883 0.40447 0.0244501 0.0288559 0.198329
0 0.5625 0.417563 0 0.028829 0.197903
0 0.116269 0.398378 0.0552951 0.0608081 0.196875
0 0.418688 0.393895 0.0315198 0.0390917 0.196783
0 0.251117 0.391609 0.0590757 0.0597187 0.195693
0 0.411184 0.398648 0.0214474 0.0285775 0.191124
0 0.5625 0.425719 0 0.0492852 0.189213
0 0.0139445 0.406446 0.027889 0.042399 0.187025
0 0.410712 0.399214 0.0165035 0.0219438 0.186034
0 0.456069 0.403386 0.0186869 0.0230089 0.182071
0 0.423932 0.401498 0.0175346 0.0234678 0.181639
0 0.523659 0.414748 0.0542346 0.0487231 0.181256
0 0.681564 0.422861 0.0494311 0.0590992 0.179743
0 0.710172 0.418955 0.0221683 0.0278393 0.179073
0 0.430779 0.400683 0.0173496 0.0235984 0.178354
0 0.705313 0.416003 0.0220238 0.0259581 0.178318
0 0.564788 0.409044 0.0213765 0.0380772 0.174443
0 0.116785 0.360923 0.0588375 0.152109 0.173812
0 0.774898 0.433083 0.0930643 0.0710978 0.170871
0 0.668467 0.410476 0.0210568 0.0257915 0.169624
0 0.404893 0.399361 0.0192908 0.0243128 0.167958
0 0.966817 0.434991 0.059601 0.0746859 0.16778
0 0.729395 0.41519 0.0540256 0.0579574 0.167612
0 0.205608 0.385504 0.0739851 0.0668071 0.167081
0 0.859769 0.434463 0.0875315 0.0705065 0.166651
0 0.72085 0.421604 0.0234509 0.0300875 0.163105
0 0.367864 0.388554 0.0692931 0.0664763 0.160917
0 0.68382 0.412403 0.0213175 0.0245233 0.160445
0 0.807861 0.423568 0.0282483 0.0327087 0.158597
0 0.0210527 0.394099 0.0413223 0.0671494 0.157922
0 0.730424 0.428588 0.0621321 0.0596047 0.154636
0 0.484181 0.40833 0.0248577 0.032716 0.15356
0 0.695137 0.422975 0.0323578 0.0436814 0.147467
0 0.223105 0.378567 0.107818 0.0904257 0.146404
0 0.833486 0.428684 0.0237402 0.0351 0.14557
0 0.693122 0.417925 0.0191964 0.0250685 0.14372
0 0.660871 0.413022 0.0206949 0.0252327 0.143305
0 0.818058 0.433898 0.0707493 0.0705149 0.142907
0 0.193698 0.385498 0.0536197 0.0574303 0.141511
0 0.061487 0.403132 0.0531937 0.0555618 0.14116
0 0.734201 0.423618 0.0237445 0.0313229 0.140337
0 0.0286236 0.403646 0.057405 0.0536251 0.137552
0 0.508924 0.406425 0.0207695 0.0234453 0.136084
0 0.740905 0.414736 0.0697345 0.0689818 0.133426
0 0.0250714 0.370821 0.0501404 0.117762 0.132766
0 0.38323 0.403721 0.0646614 0.0547484 0.132404
0 0.646135 0.424912 0.0586887 0.0584725 0.132156
0 0.992129 0.442592 0.014817 0.0500849 0.129995
0 0.837786 0.435879 0.0647366 0.0653124 0.129985
0 0.45131 0.403957 0.0184887 0.0261524 0.129842
0 0.225006 0.397129 0.0243123 0.0302738 0.127736
0 0.690896 0.409815 0.0190839 0.0257596 0.1263
0 0.541669 0.408903 0.0171387 0.0334103 0.125785
0 0.741629 0.424399 0.0238029 0.032511 0.124025
0 0.549622 0.415735 0.0189691 0.0388788 0.122661
0 0.0866597 0.392264 0.100956 0.0810802 0.121091
0 0.644459 0.409301 0.0291087 0.0270688 0.119783
0 0.347306 0.39674 0.0336173 0.0448108 0.119771
0 0.0528883 0.395981 0.0755241 0.072438 0.117213
0 0.38694 0.400661 0.0185177 0.0242812 0.116516
0 0.562216 0.417242 0.02014 0.0418479 0.11094
0 0.363959 0.403612 0.0643304 0.073947 0.11088
0 0.814563 0.428423 0.026042 0.0346733 0.110384
0 0.503284 0.408044 0.0205087 0.0262734 0.109169
0 0.160905 0.389219 0.0508046 0.0570819 0.108651
0 0.129957 0.401356 0.029085 0.0415682 0.106153
0 0.17343 0.385758 0.0515702 0.0598668 0.104879
0 0.754176 0.420333 0.0364489 0.0369282 0.103808
0 0.397447 0.405358 0.0396785 0.0490342 0.101105
0 0.891916 0.438052 0.0681332 0.0678487 0.100555
0 0.275288 0.396136 0.0814202 0.0626634 0.0995322
0 0.240647 0.373859 0.0861437 0.109424 0.0978443
0 0.393666 0.401286 0.0231133 0.0300902 0.0963715
0 0.240853 0.399988 0.0297962 0.0335347 0.0962595
0 0.638599 0.413017 0.0257086 0.0279597 0.0957173
0 0.217388 0.395283 0.0229557 0.0299377 0.0949992
0 0.545778 0.407923 0.0192313 0.0278993 0.0926206
0 0.640696 0.401364 0.05243 0.0562318 0.0917376
0 0.525803 0.408447 0.0254367 0.0297528 0.0908627
0 0.127959 0.395126 0.0358069 0.0574613 0.0906515
0 0.301578 0.398342 0.0531449 0.056034 0.0884324
0 0.572601 0.40642 0.0206539 0.0248131 0.0872069
0 0.652279 0.415783 0.0229193 0.0284895 0.0863063
0 0.407757 0.403952 0.0220753 0.0281212 0.0859931
0 0.635171 0.408769 0.0245091 0.0242478 0.0848501
0 0.451427 0.397308 0.0203921 0.0284384 0.0848074
0 0.770721 0.423417 0.033029 0.0330184 0.0826425
0 0.134467 0.404922 0.0160146 0.0282082 0.082155
0 0.566838 0.415405 0.0214172 0.0319104 0.0815471
0 0.655573 0.40817 0.022047 0.0216817 0.0810549
0 0.837505 0.409538 0.0749493 0.0829955 0.0800833
0 0.509894 0.412389 0.0208111 0.0296107 0.0785586
0 0.273957 0.385677 0.117339 0.0954991 0.0762134
0 0.374449 0.402044 0.0195963 0.0274506 0.0757002
0 0.347669 0.397413 0.0260669 0.0327476 0.0719242
0 0.32024 0.396991 0.0553391 0.0586672 0.0704099
0 0.837658 0.414816 0.0454468 0.051986 0.0701665
0 0.353632 0.401919 0.0287901 0.0312403 0.0688303
0 0.0778698 0.356773 0.0973639 0.113547 0.0684394
0 0.949393 0.423077 0.111442 0.104073 0.0682059
0 0.355554 0.397215 0.0214091 0.026863 0.0677807
0 0.373839 0.371005 0.0817612 0.104691 0.0668938
0 0.708092 0.410624 0.019687 0.0233565 0.066514
0 0.197007 0.370832 0.0837492 0.0953999 0.0664583
0 0.340797 0.384995 0.063274 0.0761272 0.0659787
0 0.904265 0.404106 0.115601 0.0892009 0.0654573
0 0.385364 0.40455 0.0318031 0.0419036 0.0653684
0 0.986485 0.442167 0.0218571 0.0449747 0.0638246
0 0.167477 0.355675 0.151405 0.151754 0.063588
0 0.531803 0.409856 0.0195165 0.0295682 0.063352
0 0.857098 0.415623 0.0739494 0.0757334 0.0629796
0 0.633389 0.414465 0.0206407 0.0278084 0.0610661
0 0.100976 0.400193 0.0197342 0.0359522 0.0602372
0 0.989724 0.427745 0.0183752 0.0698235 0.0593446
0 0.611334 0.416675 0.0188133 0.026747 0.0590631
0 0.634294 0.418888 0.0361573 0.0362975 0.0584119
0 0.00528763 0.40307 0.0115195 0.0502305 0.0562618
0 0.753991 0.435996 0.0258329 0.0321124 0.0559041
0 0.554707 0.412814 0.0200404 0.0305848 0.0553492
0 0.615053 0.421708 0.0224102 0.0268555 0.055223
0 0.600158 0.408602 0.0223581 0.0302134 0.0551033
0 0.22723 0.356148 0.118924 0.148133 0.0541504
0 0.808455 0.434779 0.0255359 0.0343591 0.0540297
0 0.716874 0.412309 0.0215624 0.0233672 0.0539212
0 0.830297 0.435803 0.0238546 0.0343647 0.0534877
0 0.144283 0.396986 0.0442506 0.0550464 0.052998
0 0.644996 0.405839 0.0353069 0.0393501 0.0527886
0 0.010432 0.351246 0.0216385 0.0905319 0.05241
0 0.745457 0.435806 0.0220756 0.0321376 0.0504849
0 0.9959 0.449921 0.00871468 0.0387416 0.0503274
0 0.353217 0.386955 0.0220209 0.0401517 0.0500372
0 0.765242 0.437428 0.0358324 0.0393702 0.0477318
0 0.615656 0.406911 0.0184756 0.0248466 0.0471067
0 0.132952 0.415439 0.0170381 0.0218903 0.0469457
0 0.306671 0.385156 0.0867067 0.0870826 0.0468932
0 0.21127 0.395178 0.0230044 0.0304403 0.0468433
0 0.166121 0.368178 0.067605 0.106065 0.0466255
0 0.604315 0.421551 0.0237252 0.036114 0.0464532
0 0.738172 0.409122 0.0232048 0.0268853 0.0460097
0 0.133354 0.358532 0.10614 0.174439 0.0459509
0 0.29462 0.372081 0.0924661 0.12795 0.0456666
0 0.15179 0.363995 0.0812066 0.131406 0.0456221
0 0.925749 0.40265 0.0743282 0.0842183 0.0447978
0 0.121671 0.408116 0.0283495 0.0307101 0.0447096
0 0.108562 0.401372 0.0273835 0.0353801 0.0445227
0 0.481932 0.410607 0.0187636 0.0244898 0.0435264
0 0.499817 0.412054 0.0199018 0.0257071 0.0433927
0 0.911771 0.44034 0.0251991 0.0368742 0.0430472
0 0.839566 0.392221 0.0968532 0.0935382 0.0418138
0 0.551952 0.432202 0.0258724 0.0449966 0.041355
0 0.265256 0.348137 0.155319 0.166549 0.0408113
0 0.119986 0.417369 0.0244461 0.0262716 0.0401194
0 0.342409 0.407828 0.0205822 0.0282934 0.0387277
0 0.987368 0.454391 0.0231316 0.0640606 0.0387102
0 0.462614 0.408555 0.0165168 0.0221124 0.0385382
0 0.649273 0.359563 0.0698056 0.122411 0.0385186
0 0.402102 0.373101 0.0691783 0.0939066 0.0383752
0 0.987761 0.452336 0.0213377 0.0408184 0.0377547
0 0.0400062 0.429994 0.070395 0.170319 0.0375567
0 0.25629 0.399515 0.027843 0.0349764 0.0370669
0 0.746289 0.440943 0.0317613 0.0465326 0.036661
0 0.203819 0.347531 0.0741506 0.119587 0.0364548
0 0.865091 0.421582 0.0355923 0.041212 0.0359557
0 0.896305 0.438644 0.0231318 0.0385362 0.0357752
0 0.75946 0.411513 0.0344675 0.0272217 0.0355959
0 0.981054 0.423003 0.0386948 0.118636 0.0342591
0 0.735553 0.411291 0.0341252 0.0306771 0.0338937
0 0.983448 0.415601 0.0310312 0.0760624 0.033826
0 0.734498 0.431393 0.0228506 0.030492 0.0334072
0 0.106109 0.417337 0.0245343 0.0284968 0.0333297
0 0.615558 0.351565 0.0887188 0.130831 0.0329328
0 0.353842 0.381457 0.0353929 0.0527043 0.0326618
0 0.179409 0.39834 0.025474 0.0335652 0.0325456
0 0.943776 0.473162 0.11498 0.159919 0.0321368
0 0.0682714 0.434155 0.124633 0.217347 0.03131
0 0.882335 0.446006 0.044294 0.0680562 0.0311243
0 0.093016 0.338181 0.138603 0.169644 0.0309599
0 0.0736263 0.511062 0.14292 0.308408 0.0309381
0 0.664176 0.358129 0.0738873 0.107302 0.0306366
0 0.880981 0.43872 0.0354918 0.043387 0.0305661
0 0.0910066 0.401945 0.148328 0.188974 0.0303574
0 0.855128 0.389061 0.09104 0.0696084 0.0298183
0 0.856796 0.43943 0.0367666 0.0476224 0.0296604
0 0.870071 0.443202 0.0571995 0.0646732 0.0292426
0 0.870732 0.412334 0.118105 0.106177 0.0291032
0 0.437484 0.409053 0.0158491 0.0204776 0.0289506
0 0.144591 0.416966 0.0288298 0.0407107 0.0288479
0 0.119855 0.337671 0.0471818 0.109854 0.0286555
0 0.0314323 0.274153 0.0603444 0.0994977 0.02863
0 0.00787826 0.418792 0.0144043 0.0425351 0.0285636
0 0.180148 0.346459 0.0753492 0.130292 0.0284117
0 0.766158 0.412053 0.0314381 0.0232873 0.0280834
0 0.923839 0.463363 0.0765692 0.118137 0.028071
0 0.688022 0.348701 0.0565367 0.0842481 0.0280101
0 0.984814 0.389494 0.0284321 0.101461 0.0277352
0 0.442233 0.409374 0.0157417 0.0213674 0.0277281
0 0.0139283 0.42171 0.0257129 0.0562973 0.0276291
0 0.00447604 0.307292 0.0103498 0.0512836 0.0276015
0 0.824925 0.441789 0.0320814 0.0474777 0.0271745
0 0.267091 0.412679 0.0294538 0.0409249 0.0271448
0 0.986995 0.347809 0.0260725 0.181956 0.0271414
0 0.183657 0.411122 0.0302258 0.04556 0.0266315
0 0.365982 0.354201 0.0604761 0.122575 0.0265031
0 0.94753 0.390899 0.0583544 0.0783383 0.0260246
0 0.941919 0.307956 0.0595373 0.0942119 0.0258545
0 0.91797 0.406257 0.0473877 0.0546755 0.0258022
0 0.0898329 0.401375 0.0312977 0.0408841 0.0257186
0 0.446706 0.390831 0.0155676 0.0222473 0.0253251
0 0.972068 0.353533 0.0563023 0.175015 0.0250048
0 0.623627 0.444517 0.0336254 0.0576669 0.0249482
0 0.186226 0.412855 0.132289 0.147438 0.024944
0 0.601255 0.316112 0.0372984 0.0539004 0.0248844
0 0.330684 0.371415 0.0649706 0.0966219 0.0245943
0 0.729601 0.351415 0.0617387 0.0918143 0.024497
0 0.142726 0.405273 0.0230522 0.0301802 0.0244615
0 0.0515816 0.318603 0.0892347 0.0902885 0.0244424
0 0.00660013 0.198695 0.0126883 0.0680805 0.0244001
0 0.047246 0.0449887 0.0701522 0.0967522 0.0241861
0 0.783032 0.436452 0.0374102 0.0423281 0.0239342
0 0.907168 0.387275 0.0955805 0.0826324 0.0238953
0 0.993213 0.397565 0.0132759 0.0645358 0.0237398
0 0.488897 0.353903 0.0543387 0.0984805 0.023394
0 0.456826 0.408962 0.0173441 0.0218048 0.0232711
0 0.0297852 0.304471 0.0544516 0.0978035 0.0232391
0 0.431283 0.386036 0.0227162 0.0312536 0.0232252
0 0.725159 0.43343 0.028972 0.0372882 0.0232111
0 0.976131 0.384585 0.0430727 0.10792 0.0231978
0 0.382484 0.406664 0.0162352 0.0236024 0.0229878
0 0.756014 0.347486 0.0921382 0.0982741 0.022929
0 0.715383 0.349343 0.045302 0.0743347 0.0228721
0 0.0403059 0.405902 0.0543501 0.0633348 0.0225651
0 0.420458 0.406289 0.0152842 0.0206706 0.0224898
0 0.593841 0.355471 0.0774101 0.137831 0.0222609
0 0.934723 0.319234 0.044519 0.0687212 0.022232
0 0.475412 0.367764 0.053129 0.0998943 0.0220514
0 0.0624856 0.0397588 0.0371545 0.0776317 0.0220276
0 0.0949491 0.330692 0.0849791 0.100345 0.0219149
0 0.273783 0.275622 0.034316 0.056571 0.0217616
0 0.691749 0.232414 0.0250433 0.0454835 0.0216721
0 0.105026 0.406807 0.032821 0.0514539 0.0215915
0 0.464714 0.372299 0.0403069 0.0733059 0.021558
0 0.409687 0.405801 0.0160926 0.0230201 0.0212571
0 0.877389 0.38379 0.0802738 0.0669754 0.021226
0 0.0528872 0.306829 0.0942915 0.245332 0.0211147
0 0.37317 0.411583 0.0180411 0.0259444 0.0210264
0 0.0827359 0.312382 0.0805965 0.0818001 0.0209497
0 0.0561562 0.64834 0.0971766 0.224928 0.0209351
0 0.846876 0.344684 0.0563105 0.065894 0.0209007
0 0.567885 0.364206 0.0758329 0.116213 0.0208995
0 0.196203 0.294771 0.0285124 0.0486712 0.0206843
0 0.758623 0.378286 0.0833347 0.102841 0.0206674
0 0.891503 0.330377 0.0441429 0.0630578 0.0205128
0 0.40188 0.405377 0.0185579 0.024363 0.0204322
0 0.963102 0.468191 0.0740225 0.10519 0.0204247
0 0.308749 0.428981 0.032315 0.0462468 0.0203233
0 0.956815 0.512978 0.0844458 0.185539 0.0202799
0 0.028888 0.467706 0.0616381 0.155374 0.0202612
0 0.810972 0.398343 0.0647087 0.0688108 0.0202392
