0 0.252094 0.422535 0.212714 0.329983 0.89477
0 0.369706 0.339079 0.038235 0.0607207 0.843833
0 0.338611 0.360536 0.0466542 0.0748386 0.83541
0 0.430783 0.313783 0.0418237 0.0913186 0.731656
0 0.0251203 0.416148 0.0502406 0.260262 0.69853
0 0.195126 0.345803 0.0736083 0.0888155 0.686705
0 0.393763 0.338229 0.0212238 0.0364754 0.652156
0 0.488483 0.362074 0.0659148 0.0820443 0.486317
0 0.457933 0.332679 0.0159496 0.024683 0.32784
0 0.465899 0.355409 0.0256056 0.0536387 0.314807
0 0.503512 0.362163 0.0375515 0.0823727 0.29973
0 0.463206 0.339844 0.0225813 0.0367707 0.296274
0 0.127028 0.322839 0.0356264 0.0370433 0.286323
0 0.303841 0.32694 0.0245457 0.0218856 0.272385
0 0.405248 0.331943 0.0102484 0.0268065 0.265084
0 0.408038 0.333548 0.012739 0.031705 0.263409
0 0.401676 0.335294 0.013579 0.0303857 0.261734
0 0.00782547 0.322049 0.01544 0.0685824 0.257575
0 0.506315 0.345452 0.0313384 0.0759712 0.251025
