0 0.392033 0.534995 0.146685 0.212406 0.911572
0 0.248329 0.442814 0.0244984 0.0274707 0.552005
0 0.282704 0.449069 0.0252683 0.0230233 0.53431
0 0.205331 0.433351 0.0237634 0.0245837 0.443696
0 0.336016 0.459752 0.0290678 0.0360714 0.424187
0 0.27768 0.448827 0.0162525 0.0224611 0.314412
0 0.288665 0.450605 0.0123136 0.0171469 0.299562
0 0.459912 0.478146 0.0253933 0.0568051 0.292577
0 0.276155 0.451164 0.0121675 0.0177668 0.27301
0 0.231166 0.429909 0.0172678 0.0250219 0.211182
0 0.164937 0.410292 0.0218114 0.0254656 0.20656
0 0.5625 0.540537 0 0.0334232 0.200722
0 0.279641 0.451879 0.014345 0.0211071 0.188378
0 0.205909 0.435579 0.0186928 0.017339 0.187125
0 0.332991 0.462678 0.0217297 0.0279246 0.176787
0 0.462257 0.487292 0.0196199 0.0413181 0.176773
0 0.282824 0.449806 0.0140892 0.0195146 0.160602
0 0.232714 0.437595 0.0143451 0.0201558 0.156493
0 0.291426 0.451582 0.0144504 0.0188814 0.156037
0 0.286956 0.452487 0.0174383 0.0189649 0.154464
0 0.00620028 0.364275 0.0123545 0.0220673 0.153747
0 0.0504309 0.360216 0.0226859 0.023199 0.149772
0 0.451398 0.474277 0.0394159 0.0754033 0.146662
0 0.27218 0.45033 0.0133544 0.0208757 0.144896
0 0.241799 0.439621 0.0166626 0.0209178 0.144158
0 0.336066 0.456787 0.0229089 0.0239087 0.141506
0 0.249355 0.443601 0.0194896 0.0203456 0.140341
0 0.201091 0.430132 0.020288 0.0222963 0.137073
0 0.238613 0.441002 0.0155976 0.0202395 0.135644
0 0.231048 0.438174 0.0193142 0.0260043 0.132189
0 0.0360319 0.363842 0.0326997 0.0246735 0.131818
0 0.18154 0.420902 0.0542345 0.0437688 0.125634
0 0.166248 0.409919 0.0155638 0.0211622 0.117409
0 0.0443099 0.362848 0.0335069 0.0240459 0.115316
0 0.168856 0.40881 0.0318834 0.0312309 0.114353
0 0.5625 0.54076 0 0.0235421 0.11071
0 0.5625 0.528221 0 0.0561556 0.108722
0 0.330123 0.458409 0.0160492 0.0200603 0.108547
0 0.0181077 0.168062 0.0362155 0.062551 0.103735
0 0.5625 0.52685 0 0.0297265 0.103258
0 0.352153 0.452671 0.0644882 0.0594366 0.101959
0 0.441033 0.472121 0.0457442 0.071848 0.101121
0 0.33815 0.463861 0.0370541 0.0522043 0.100385
0 0.0602903 0.356263 0.0698238 0.0521194 0.100217
0 0.340114 0.452616 0.0372519 0.0538801 0.0979841
0 0.0853362 0.358618 0.0159076 0.0203328 0.0976767
0 0.00890834 0.365487 0.0178167 0.0284573 0.0965816
0 0.363403 0.452884 0.0942225 0.0758904 0.0959368
0 0.225445 0.440566 0.0151174 0.017304 0.0942878
0 0.0878297 0.35316 0.0145594 0.0213982 0.0942385
0 0.994191 0.544847 0.0103777 0.0265115 0.093354
0 0.0477595 0.358826 0.0208981 0.0164868 0.0924889
0 0.981352 0.535166 0.0364466 0.0398302 0.0921374
0 0.0321294 0.365263 0.0208972 0.017563 0.0905512
0 0.958125 0.519909 0.0753407 0.0647273 0.0903617
0 0.200849 0.434722 0.0157285 0.0197315 0.0883414
0 0.00551094 0.371731 0.0103422 0.0228063 0.0880506
0 0.137794 0.398646 0.0274949 0.032843 0.0855386
0 0.464562 0.476165 0.0224367 0.0450889 0.0852571
0 0.0687909 0.354617 0.0431639 0.0357096 0.084676
0 0.482644 0.430009 0.0600665 0.0698834 0.0833956
0 0.00378026 0.3647 0.00768735 0.0185811 0.0813484
0 0.456838 0.482954 0.0184298 0.0354385 0.0806065
0 0.0778245 0.342619 0.0319494 0.0463983 0.0799279
0 0.19188 0.433234 0.0711006 0.0654304 0.0797772
0 0.875166 0.520326 0.0500399 0.0442574 0.0791106
0 0.756227 0.502435 0.0467924 0.0581701 0.0788478
0 0.154237 0.416018 0.043336 0.0379751 0.0785553
0 0.172855 0.418746 0.0170467 0.0182995 0.0769837
0 0.562171 0.476681 0.0212127 0.0299973 0.0769503
0 0.338009 0.467024 0.0166705 0.0280621 0.0751541
0 0.037386 0.366662 0.0174455 0.0166683 0.0746616
0 0.976326 0.524602 0.0477129 0.0608202 0.0744879
0 0.902693 0.517062 0.0738314 0.0595804 0.0742939
0 0.0848996 0.343326 0.0203437 0.0363781 0.0720961
0 0.996331 0.546227 0.0106585 0.0220908 0.0712437
0 0.382624 0.426199 0.0705411 0.0337879 0.0696966
0 0.235448 0.429998 0.0164757 0.0179655 0.068808
0 0.925239 0.519567 0.0666586 0.0568207 0.0676503
0 0.323173 0.466495 0.0173924 0.03194 0.0675076
0 0.277801 0.454749 0.0134722 0.018036 0.0662444
0 0.547959 0.471671 0.0358251 0.0442607 0.0659986
0 0.985296 0.519808 0.0305696 0.0758037 0.0638347
0 0.547827 0.424372 0.0326182 0.0553012 0.0637512
0 0.0177102 0.181105 0.0406606 0.109486 0.0614128
0 0.0767772 0.356582 0.0263999 0.0260228 0.0604605
0 0.44464 0.491847 0.0457487 0.115486 0.0600283
0 0.453005 0.468664 0.0226332 0.0533839 0.0588884
0 0.568355 0.477374 0.0341711 0.0334613 0.0588275
0 0.578066 0.476386 0.0533363 0.0419001 0.0583384
0 0.99195 0.542628 0.0129896 0.024254 0.0575243
0 0.744186 0.498705 0.0520607 0.0618734 0.0574262
0 0.135007 0.416236 0.0670763 0.0703214 0.0569343
0 0.393368 0.42012 0.0509011 0.0264111 0.056919
0 0.459233 0.490215 0.0160957 0.0341206 0.0562831
0 0.445825 0.449561 0.0384037 0.0714446 0.0562147
0 0.702171 0.486754 0.0526302 0.0671771 0.0558809
0 0.145557 0.414269 0.0433091 0.0506365 0.0558428
0 0.0278606 0.367744 0.0212766 0.0205566 0.0555627
0 0.402196 0.459776 0.10809 0.0900115 0.0555265
0 0.488921 0.468561 0.0757818 0.0743645 0.054836
0 0.0337654 0.398621 0.0713343 0.0807782 0.0533418
0 0.462875 0.491066 0.014156 0.0309018 0.0532133
0 0.458123 0.492292 0.0188828 0.0549287 0.0530389
0 0.064229 0.377936 0.0755886 0.0715108 0.0530009
0 0.880415 0.513759 0.0563137 0.0628662 0.0525746
0 0.924288 0.512117 0.0942059 0.0698741 0.0524709
0 0.461946 0.48494 0.0151166 0.0286787 0.0521479
0 0.327776 0.452183 0.0166915 0.0203823 0.0520219
0 0.388321 0.447132 0.118121 0.0664646 0.0514983
0 0.378935 0.434945 0.0866564 0.043986 0.0498613
0 0.434396 0.507937 0.0660997 0.160522 0.0485687
0 0.0836565 0.394099 0.124891 0.111556 0.0479622
0 0.151964 0.401964 0.0222301 0.0236292 0.047889
0 0.423386 0.463439 0.0794721 0.0725068 0.0468196
0 0.114759 0.377627 0.158295 0.146508 0.0468081
0 0.192867 0.40715 0.0149342 0.0172679 0.0466149
0 0.881878 0.531475 0.0231647 0.0234469 0.0463882
0 0.0872774 0.359415 0.0820539 0.0739521 0.0460193
0 0.347911 0.456601 0.0313698 0.0364223 0.046006
0 0.0259034 0.195035 0.0523993 0.124974 0.0454119
0 0.512104 0.454234 0.0407802 0.0593925 0.0452822
0 0.698627 0.438227 0.0303372 0.0384709 0.0450386
0 0.295135 0.453862 0.0149055 0.0175602 0.044948
0 0.929209 0.519631 0.124569 0.0938177 0.0446739
0 0.989678 0.538771 0.0194183 0.0263938 0.0442235
0 0.061355 0.402601 0.13334 0.175018 0.0441428
0 0.0241326 0.34942 0.0307154 0.0456993 0.0430778
0 0.509029 0.426143 0.0442782 0.0539148 0.0428058
0 0.0202287 0.153687 0.0432508 0.106749 0.0426047
0 0.313083 0.475721 0.0349288 0.0581183 0.0421656
0 0.803199 0.503762 0.0468627 0.0561395 0.0411468
0 0.724502 0.493689 0.0488899 0.0651223 0.0403686
0 0.323302 0.47817 0.0279421 0.0503287 0.0401597
0 0.0238268 0.391359 0.052592 0.0674689 0.0398842
0 0.711691 0.484758 0.0650378 0.0824343 0.0395592
0 0.0864038 0.374968 0.0345714 0.042112 0.0391862
0 0.963232 0.505935 0.0724346 0.099315 0.0383606
0 0.756177 0.457178 0.0550839 0.091953 0.0383255
0 0.494349 0.468911 0.0581535 0.0541401 0.0382128
0 0.0832092 0.330123 0.016418 0.0234405 0.0370648
0 0.137343 0.42664 0.117036 0.12725 0.037059
0 0.846543 0.397403 0.0272131 0.0408634 0.0365912
0 0.197088 0.406867 0.0162428 0.0165123 0.0364845
0 0.748651 0.470688 0.0749989 0.119588 0.0364193
0 0.0369138 0.168495 0.0689084 0.067129 0.0363613
0 0.995763 0.532867 0.0148899 0.0278474 0.0358869
0 0.0743362 0.364795 0.0330345 0.0343522 0.0358631
0 0.0700381 0.343883 0.0305925 0.0347924 0.0353495
0 0.495398 0.424584 0.0749273 0.0636845 0.0351515
0 0.424923 0.489046 0.0837053 0.116597 0.0348142
0 0.769649 0.488929 0.074536 0.0898989 0.0338736
0 0.089741 0.340976 0.0431667 0.0517324 0.0338304
0 0.52848 0.430171 0.0328551 0.0547627 0.0338132
0 0.578929 0.487813 0.0659566 0.063648 0.0332678
0 0.437991 0.512394 0.0491733 0.120506 0.0331161
0 0.513246 0.466329 0.0321015 0.0391741 0.032788
0 0.335004 0.513832 0.037911 0.110253 0.0327329
0 0.404007 0.442504 0.0574117 0.0398329 0.0327307
0 0.595094 0.466732 0.0941525 0.0749541 0.0324709
0 0.650075 0.479305 0.0459205 0.0543807 0.032212
0 0.894863 0.527262 0.0680805 0.0649398 0.0317107
0 0.855529 0.516118 0.0664158 0.0582015 0.0315982
0 0.538978 0.424515 0.0328966 0.0572367 0.031454
0 0.634039 0.475103 0.0769012 0.0657407 0.0306985
0 0.264457 0.448456 0.0132797 0.0167088 0.0305872
0 0.779871 0.504241 0.0704361 0.0650905 0.0303993
0 0.920071 0.417133 0.0255009 0.0359005 0.0300488
0 0.0510048 0.333411 0.0843577 0.128469 0.0298132
0 0.722681 0.462219 0.0396783 0.0683507 0.029742
0 0.707987 0.447689 0.0569802 0.0661484 0.0294652
0 0.141703 0.386663 0.0664434 0.0704594 0.0294166
0 0.721683 0.397975 0.0296462 0.0367368 0.0290636
0 0.713081 0.4298 0.044523 0.0615583 0.0290404
0 0.568794 0.4641 0.0350585 0.0503948 0.0286762
0 0.358815 0.471726 0.0628527 0.0728486 0.0286158
0 0.345843 0.433771 0.0375698 0.0523106 0.0284117
0 0.248808 0.448527 0.0168601 0.0198233 0.0279802
0 0.618725 0.469732 0.110965 0.0784232 0.0275491
0 0.698754 0.441573 0.0415174 0.0573869 0.0272514
0 0.331875 0.492837 0.022411 0.0472365 0.027248
0 0.175591 0.424461 0.0152293 0.0195094 0.0272145
0 0.0623635 0.397223 0.118533 0.0849333 0.0271682
0 0.563377 0.485887 0.0295793 0.035636 0.0271247
0 0.383964 0.416437 0.0708256 0.0485215 0.0270648
0 0.471637 0.435415 0.0831139 0.0940966 0.0269196
0 0.288768 0.490988 0.022711 0.0453213 0.02691
0 0.554035 0.475676 0.0213021 0.0307848 0.0266746
0 0.797629 0.496172 0.0732216 0.0786254 0.0266249
0 0.845575 0.407206 0.0263514 0.0398684 0.0262709
0 0.144664 0.427255 0.0495492 0.0574348 0.0262475
0 0.903889 0.492641 0.0811186 0.107741 0.0260494
0 0.138684 0.441766 0.0655572 0.0668511 0.0257403
0 0.384731 0.579633 0.119467 0.111625 0.0257113
0 0.212104 0.438479 0.0119991 0.0166312 0.0256316
0 0.371586 0.426217 0.0903472 0.0669998 0.0256017
0 0.355466 0.512458 0.0772004 0.137043 0.0254771
0 0.464922 0.51236 0.0128889 0.0317603 0.0252473
0 0.76002 0.43654 0.045357 0.0588998 0.0249074
0 0.401348 0.478815 0.085283 0.0939464 0.0247132
0 0.880834 0.539737 0.0223347 0.024843 0.0244719
0 0.0401767 0.313746 0.0704754 0.0774176 0.0243845
0 0.106695 0.397788 0.0744103 0.0749384 0.0243692
0 0.119209 0.416531 0.0631535 0.0586229 0.0242531
0 0.152793 0.377593 0.026772 0.0300625 0.0241994
0 0.259083 0.646808 0.0297606 0.0329593 0.0240841
0 0.202435 0.405931 0.0186407 0.0184989 0.0240046
0 0.12889 0.404283 0.0503078 0.0519695 0.0239213
0 0.766739 0.445495 0.0386049 0.0528878 0.0239055
0 0.265156 0.42603 0.0166844 0.0167848 0.02366
0 0.434939 0.550225 0.0453265 0.0877804 0.0236578
0 0.517367 0.473725 0.0274644 0.0353163 0.0235719
0 0.663601 0.478439 0.0651481 0.0719968 0.0235585
0 0.432734 0.417858 0.042767 0.0578933 0.0234457
0 0.42816 0.414341 0.0313617 0.0351298 0.0231933
0 0.429133 0.524942 0.0515885 0.120466 0.0231901
0 0.373223 0.476903 0.0939788 0.0944859 0.0230631
0 0.176192 0.407789 0.0180779 0.0193419 0.0230005
0 0.714177 0.413443 0.0508813 0.056791 0.0228174
0 0.0282229 0.118528 0.0613847 0.198288 0.0228034
0 0.948 0.537071 0.0926027 0.0810352 0.0226681
0 0.459828 0.520071 0.0180112 0.047992 0.022642
0 0.423581 0.551842 0.0394216 0.0720627 0.022444
0 0.624133 0.435842 0.0618905 0.0597627 0.0223939
0 0.823047 0.506788 0.0598261 0.0626896 0.0223642
0 0.598466 0.44065 0.0913242 0.0971536 0.0219745
0 0.452861 0.529382 0.0184948 0.0482426 0.0218745
0 0.965496 0.539468 0.061548 0.053506 0.0217947
0 0.0654501 0.169072 0.107465 0.100802 0.021742
0 0.55498 0.437342 0.0516521 0.0946204 0.0217382
0 0.722519 0.389446 0.0268778 0.0354045 0.0216347
0 0.924766 0.496415 0.0718895 0.0944344 0.0214916
0 0.0923689 0.3413 0.0301256 0.0399478 0.0214402
0 0.238439 0.445001 0.0122411 0.0175126 0.0214055
0 0.654618 0.436822 0.0351416 0.0413461 0.0213642
0 0.633646 0.429358 0.0469488 0.0549169 0.0210544
0 0.419763 0.591432 0.0673253 0.0923155 0.0207571
0 0.27706 0.420424 0.0178047 0.0205221 0.0207496
0 0.834649 0.511712 0.0550711 0.056911 0.0207123
0 0.851664 0.506423 0.052413 0.0630806 0.0206999
0 0.401401 0.506803 0.0586129 0.0966847 0.0206268
0 0.560368 0.485411 0.0186255 0.0252856 0.0205841
0 0.925604 0.478865 0.169903 0.199489 0.0204108
0 0.487628 0.443392 0.0701949 0.0735695 0.0203957
0 0.535391 0.475368 0.0175594 0.0277926 0.020335
0 0.652149 0.437242 0.0451858 0.053791 0.0203194
0 0.532507 0.381945 0.0186889 0.0255944 0.0200537
0 0.0394054 0.425087 0.0869695 0.0854975 0.0199406
0 0.0544655 0.212209 0.0998435 0.159521 0.0197085
0 0.620934 0.44909 0.129484 0.121194 0.0196852
0 0.845629 0.442119 0.0270168 0.0438314 0.0196657
0 0.695883 0.430249 0.0403681 0.0550269 0.019608
0 0.416069 0.540175 0.0769309 0.138099 0.0195092
0 0.81361 0.491552 0.0698984 0.0898455 0.0194901
0 0.531398 0.490024 0.0266145 0.0367433 0.0192413
0 0.972686 0.543286 0.0353331 0.0420206 0.019196
0 0.0557608 0.308786 0.0662419 0.0654171 0.0191245
0 0.424553 0.450836 0.0488239 0.0668874 0.0188794
0 0.397404 0.564941 0.0826955 0.105489 0.0187599
0 0.696024 0.41843 0.035739 0.0531598 0.0186445
0 0.65998 0.427768 0.0362535 0.0531957 0.0186283
0 0.525259 0.474461 0.0185462 0.0256978 0.0185479
0 0.782722 0.463112 0.0852728 0.125328 0.0185334
0 0.0294877 0.450965 0.062213 0.0654835 0.0184067
0 0.324226 0.506877 0.0198991 0.0440716 0.0183688
0 0.0201148 0.30543 0.0390087 0.0720763 0.0183119
0 0.167719 0.436228 0.0238048 0.0296203 0.0182722
0 0.0964182 0.409766 0.095171 0.067069 0.0182345
0 0.663668 0.496976 0.0455187 0.0498234 0.0181066
0 0.127743 0.454525 0.0479041 0.0474939 0.0180999
0 0.0158756 0.841783 0.0307791 0.0763909 0.0180225
0 0.372694 0.546863 0.111223 0.167288 0.0176923
0 0.105001 0.355444 0.0589519 0.0500412 0.0175828
0 0.792628 0.381904 0.0293643 0.0432188 0.0174233
0 0.288681 0.416505 0.0301561 0.0442045 0.0173043
0 0.733219 0.530657 0.0262981 0.0344226 0.0172776
0 0.0128284 0.306905 0.0213737 0.0582051 0.0172583
0 0.915272 0.535798 0.0687527 0.0643321 0.0172356
0 0.499513 0.429251 0.0917852 0.0918657 0.0171863
0 0.33619 0.560958 0.0369698 0.111214 0.0169573
0 0.0980545 0.364802 0.0512947 0.0499065 0.0169377
0 0.729581 0.504151 0.0350442 0.0497787 0.0169323
0 0.945607 0.589562 0.0860691 0.128487 0.0169042
0 0.108589 0.318251 0.191284 0.249501 0.0169011
0 0.979966 0.0353133 0.038596 0.0873491 0.0168508
0 0.281139 0.387259 0.0214396 0.0292526 0.0168482
0 0.917807 0.446455 0.0403286 0.0741377 0.0167472
0 0.890707 0.496523 0.0486231 0.0682883 0.0167022
0 0.758453 0.422138 0.0611968 0.0988406 0.0166156
0 0.446782 0.614423 0.022225 0.0353556 0.0165863
0 0.101687 0.341472 0.0682337 0.0628312 0.0165739
0 0.0508746 0.166805 0.0934252 0.0797416 0.0165118
0 0.311402 0.475355 0.0261246 0.0419255 0.0163773
0 0.163568 0.465694 0.0828693 0.115838 0.0163689
0 0.424446 0.610448 0.0533356 0.0581069 0.0163442
0 0.484074 0.407151 0.0484324 0.0609311 0.0163268
0 0.842648 0.40031 0.0380466 0.0499992 0.0162853
0 0.28181 0.416322 0.0320035 0.0408958 0.0162658
0 0.0478509 0.200952 0.0816442 0.111113 0.0162168
0 0.979323 0.560699 0.0326473 0.0440705 0.0162071
