0 0.53037 0.505522 0.0457347 0.0651945 0.896178
0 0.499304 0.49828 0.0232582 0.0328639 0.893282
0 0.557812 0.502206 0.0093761 0.0271363 0.35053
0 0.479312 0.494874 0.0203568 0.0274938 0.330549
0 0.556348 0.500147 0.0123042 0.0270912 0.282575
0 0.356686 0.498388 0.0249728 0.036431 0.251112
0 0.553864 0.4999 0.0111581 0.0207702 0.239374
0 0.55586 0.498925 0.0132795 0.0246585 0.211157
0 0.5625 0.503354 0 0.0192173 0.20057
0 0.561386 0.504632 0.00222712 0.0206944 0.193428
0 0.559577 0.503209 0.00584512 0.0225318 0.178601
0 0.5625 0.495264 0 0.0261433 0.173249
0 0.5625 0.474639 0 0.0320418 0.172511
0 0.5625 0.502629 0 0.0604567 0.162315
0 0.5625 0.469012 0 0.0185951 0.158768
0 0.5625 0.469625 0 0.0219961 0.151175
0 0.344556 0.495968 0.0479649 0.0503826 0.147772
0 0.483368 0.493959 0.016084 0.0235379 0.145141
0 0.5625 0.485773 0 0.0800966 0.142729
0 0.5625 0.452859 0 0.0316056 0.142479
0 0.5625 0.468614 0 0.0243896 0.139876
0 0.5625 0.469978 0 0.0194786 0.137032
0 0.5625 0.465886 0 0.0237691 0.134945
0 0.5625 0.485774 0 0.0759467 0.134478
0 0.55788 0.500627 0.00923948 0.0200964 0.133384
0 0.473878 0.494284 0.0132264 0.0189311 0.130917
0 0.5625 0.473841 0 0.0174014 0.128778
0 0.55997 0.49941 0.00506029 0.0204063 0.123951
0 0.477229 0.496443 0.014029 0.0205635 0.123796
0 0.406276 0.481874 0.0198156 0.0226965 0.122997
0 0.5625 0.468863 0 0.0192609 0.119583
0 0.5625 0.50062 0 0.0251444 0.118315
0 0.5625 0.513202 0 0.09461 0.116593
0 0.5625 0.469175 0 0.0269045 0.116448
0 0.5625 0.449348 0 0.0196402 0.115738
0 0.5625 0.495569 0 0.0198124 0.114287
0 0.5625 0.485218 0 0.0662059 0.113978
0 0.5625 0.454958 0 0.0227578 0.113047
0 0.334712 0.492275 0.0717748 0.0640291 0.113042
0 0.5625 0.496799 0 0.0244443 0.112235
0 0.401539 0.481489 0.0280874 0.0269958 0.108594
0 0.356878 0.491356 0.0313635 0.0505358 0.10769
0 0.5625 0.478467 0 0.0394702 0.103954
0 0.506352 0.495718 0.0118484 0.020262 0.103479
0 0.5625 0.470275 0 0.0204789 0.103458
0 0.5625 0.469441 0 0.0164319 0.10305
0 0.549339 0.503761 0.0146053 0.0227136 0.102266
0 0.5625 0.496861 0 0.0211641 0.102139
0 0.47927 0.4993 0.0144893 0.0202799 0.102056
0 0.5625 0.449805 0 0.0170021 0.101954
0 0.552784 0.493779 0.0111835 0.019871 0.101671
0 0.729361 0.471695 0.0425681 0.0434857 0.0999214
0 0.660869 0.468216 0.0259319 0.0340347 0.0995047
0 0.898275 0.478592 0.0462578 0.061033 0.0967906
0 0.498457 0.495776 0.0160134 0.0244154 0.0936427
0 0.923849 0.489482 0.0213581 0.035767 0.0925886
0 0.686776 0.482704 0.0368602 0.0336351 0.0920175
0 0.75998 0.472113 0.0446797 0.0399066 0.0911905
0 0.468091 0.493045 0.0339163 0.0312834 0.0906294
0 0.892945 0.466611 0.0369843 0.0418697 0.0887763
0 0.576789 0.502647 0.0122828 0.0174945 0.0884193
0 0.893242 0.458211 0.0180828 0.0181774 0.0864843
0 0.819557 0.477603 0.0417 0.0337719 0.0860667
0 0.634241 0.477251 0.0187581 0.0246748 0.084703
0 0.357486 0.498416 0.0195283 0.0231652 0.0846579
0 0.48657 0.497417 0.0174653 0.0260674 0.0844792
0 0.249194 0.437402 0.0193925 0.0192073 0.0834392
0 0.798331 0.473415 0.0503976 0.043922 0.082231
0 0.846606 0.469033 0.0226078 0.0182276 0.0821632
0 0.818401 0.474879 0.0165056 0.0156647 0.0820175
0 0.584607 0.499954 0.0156982 0.0183605 0.0816391
0 0.836237 0.468977 0.0363306 0.0285951 0.0809893
0 0.651792 0.47001 0.016981 0.0227564 0.0806977
0 0.649937 0.474694 0.0156526 0.0200126 0.0798264
0 0.408259 0.48687 0.0163147 0.0170539 0.0797721
0 0.802383 0.473215 0.0251912 0.0227706 0.079545
0 0.409921 0.482717 0.0264439 0.0278854 0.0786779
0 0.364841 0.494954 0.042472 0.0504452 0.0786399
0 0.928316 0.453511 0.0191446 0.013873 0.0784039
0 0.892025 0.453047 0.020632 0.0211194 0.0782058
0 0.483879 0.504526 0.0133932 0.0204719 0.0774937
0 0.862297 0.473779 0.0199127 0.0208222 0.0774849
0 0.355883 0.504189 0.0202008 0.030838 0.0751044
0 0.663232 0.463857 0.0425212 0.0492505 0.0744157
0 0.406446 0.487208 0.0247953 0.0266864 0.074094
0 0.685684 0.492034 0.0386735 0.0398126 0.0737325
0 0.506054 0.514433 0.0173118 0.0323617 0.073351
0 0.981102 0.448438 0.0275175 0.0204274 0.0723441
0 0.66172 0.471338 0.0186532 0.0223284 0.0720972
0 0.631059 0.474144 0.0139098 0.0146751 0.0716162
0 0.961073 0.456244 0.0632532 0.0325666 0.0711452
0 0.913972 0.480822 0.0686916 0.0647897 0.0711049
0 0.598607 0.491539 0.0142192 0.0182645 0.0707583
0 0.627547 0.485173 0.0299573 0.029892 0.0693367
0 0.493892 0.500822 0.0166252 0.0228979 0.0692785
0 0.870726 0.482458 0.0374355 0.0476165 0.0684386
0 0.691151 0.470242 0.0375951 0.0355815 0.0680519
0 0.839897 0.476021 0.0211973 0.0240472 0.0670493
0 0.248249 0.431281 0.0235498 0.029074 0.0667336
0 0.638866 0.478988 0.0178477 0.0205843 0.0656483
0 0.896453 0.465122 0.0252701 0.0273893 0.0653804
0 0.541134 0.489895 0.0137775 0.0279121 0.0653305
0 0.925929 0.458036 0.0295332 0.0222493 0.0653199
0 0.373432 0.48427 0.0664079 0.065668 0.0652446
0 0.890125 0.486599 0.05842 0.067445 0.0651715
0 0.511598 0.501881 0.013277 0.0211293 0.0644331
0 0.631486 0.480433 0.0146335 0.018152 0.0633481
0 0.69479 0.486943 0.0540538 0.05285 0.0629502
0 0.969857 0.501719 0.0687246 0.0838238 0.0629419
0 0.961188 0.454376 0.0765043 0.0568632 0.0622608
0 0.627179 0.475743 0.0188384 0.0169107 0.0617089
0 0.679727 0.497648 0.0465093 0.0494119 0.0585823
0 0.789058 0.474318 0.0242131 0.0207516 0.0585799
0 0.352001 0.459696 0.0469715 0.0544296 0.0578279
0 0.391984 0.485991 0.05041 0.0424004 0.0577564
0 0.974699 0.428331 0.0419361 0.0433106 0.0572319
0 0.79638 0.483198 0.0435392 0.0381331 0.056926
0 0.654255 0.468431 0.0247769 0.0267648 0.0564265
0 0.814176 0.474908 0.0202024 0.0202781 0.0562327
0 0.804778 0.471152 0.0345197 0.0345735 0.0557887
0 0.211859 0.42639 0.0551206 0.0375645 0.0553524
0 0.652224 0.462161 0.0344334 0.0452621 0.0550522
0 0.794323 0.473807 0.0238492 0.0246875 0.0538794
0 0.648417 0.483828 0.023702 0.0335569 0.0536434
0 0.316875 0.481298 0.0796936 0.0783658 0.0536044
0 0.725048 0.468331 0.0519458 0.0597723 0.052824
0 0.88082 0.466937 0.0184191 0.0197497 0.0519514
0 0.451115 0.490594 0.0458219 0.0401282 0.0511985
0 0.480183 0.491822 0.0150261 0.0192245 0.0510504
0 0.94925 0.503214 0.112253 0.146101 0.0507307
0 0.971714 0.516239 0.0606649 0.128946 0.0503597
0 0.51403 0.498034 0.0121006 0.0217361 0.0501808
0 0.415053 0.487737 0.0397535 0.0364104 0.0501327
0 0.947726 0.443765 0.0199572 0.018421 0.0500405
0 0.304932 0.437975 0.0599106 0.0347509 0.0498574
0 0.357035 0.470618 0.0556931 0.0729568 0.0493236
0 0.361809 0.500365 0.017909 0.0233276 0.0493092
0 0.74739 0.467133 0.065926 0.0643229 0.0481938
0 0.508574 0.497141 0.0108424 0.0275678 0.0480104
0 0.409368 0.491983 0.0341131 0.0331961 0.0477126
0 0.618678 0.48724 0.0240571 0.0280315 0.0471689
0 0.312184 0.464501 0.108166 0.0989593 0.0471683
0 0.596803 0.478147 0.0286591 0.0330872 0.046894
0 0.64882 0.467292 0.016764 0.0202274 0.0463512
0 0.905118 0.448526 0.0193981 0.0160278 0.0463356
0 0.355382 0.482284 0.0207746 0.0336657 0.0463336
0 0.652459 0.487166 0.0227151 0.0339206 0.0462622
0 0.788174 0.483143 0.0266959 0.0318579 0.0458579
0 0.782226 0.482432 0.0194159 0.0221654 0.0458392
0 0.221474 0.422526 0.0752142 0.049024 0.045721
0 0.722153 0.493855 0.0541563 0.068116 0.0456981
0 0.323656 0.447886 0.038168 0.0233743 0.0453848
0 0.285236 0.429607 0.0201678 0.0233209 0.0449556
0 0.473411 0.500129 0.0160447 0.0204453 0.044588
0 0.983275 0.448277 0.0275864 0.0326931 0.0440748
0 0.346775 0.49543 0.0314347 0.0369784 0.0439825
0 0.29046 0.434224 0.0613256 0.0316372 0.0438421
0 0.367705 0.465333 0.0488087 0.0537897 0.0435949
0 0.698561 0.494077 0.0740706 0.072565 0.0433851
0 0.389338 0.490674 0.0167891 0.0229166 0.0421746
0 0.300852 0.430612 0.0528343 0.0369884 0.0419935
0 0.894892 0.439149 0.0216663 0.023355 0.0419733
0 0.359878 0.488523 0.017064 0.0230262 0.0419126
0 0.596112 0.503511 0.0170173 0.022029 0.0416271
0 0.412434 0.49265 0.0234899 0.0217597 0.0412915
0 0.423826 0.495121 0.0178746 0.0188527 0.0411154
0 0.362574 0.494023 0.017041 0.021926 0.040887
0 0.58785 0.514673 0.016857 0.0238265 0.0407874
0 0.796252 0.461217 0.0541498 0.060817 0.0404941
0 0.794422 0.498832 0.0665726 0.0727949 0.0404315
0 0.41962 0.473047 0.0340679 0.0459858 0.0403187
0 0.237095 0.427988 0.041779 0.0314144 0.0400389
0 0.713371 0.463855 0.0770209 0.0611826 0.0396675
0 0.485887 0.497334 0.0120808 0.0209847 0.0387457
0 0.309248 0.486342 0.0530251 0.0497635 0.0382997
0 0.250999 0.448958 0.0222827 0.0260089 0.0370084
0 0.672126 0.470445 0.0204859 0.0246257 0.0359517
0 0.651111 0.486074 0.0165056 0.0225616 0.0357978
0 0.414 0.49843 0.0327473 0.0279067 0.0354069
0 0.355981 0.510876 0.0175521 0.0306636 0.0346424
0 0.272768 0.432889 0.0583978 0.0332173 0.034597
0 0.259642 0.427818 0.0427343 0.037367 0.0345331
0 0.475691 0.503273 0.0128779 0.0178267 0.0341005
0 0.665733 0.484651 0.0202091 0.0232784 0.0339159
0 0.679292 0.467131 0.0318558 0.0301316 0.0336041
0 0.974344 0.443427 0.0293938 0.0279952 0.0333892
0 0.34384 0.504417 0.0234799 0.0297475 0.0327271
0 0.250436 0.460171 0.0228796 0.0241909 0.0323787
0 0.93817 0.430779 0.0276743 0.0267734 0.0322848
0 0.751603 0.491295 0.0743902 0.0712887 0.0322535
0 0.978229 0.537843 0.0454943 0.114799 0.0320481
0 0.775976 0.473729 0.0261456 0.0260044 0.0315463
0 0.518539 0.49528 0.0114983 0.0196596 0.0309969
0 0.561648 0.456292 0.0289259 0.0504118 0.0309159
0 0.608942 0.49092 0.0178299 0.0233728 0.0309027
0 0.241033 0.456313 0.0331666 0.0340951 0.0298044
0 0.24917 0.46129 0.0293727 0.0356289 0.0296628
0 0.857307 0.496261 0.0254747 0.0305239 0.0295845
0 0.882451 0.449969 0.0208521 0.0218828 0.0294523
0 0.418031 0.499291 0.0187708 0.0210969 0.0291129
0 0.292727 0.469981 0.078646 0.0831714 0.0284129
0 0.434169 0.483412 0.0524956 0.0479298 0.0283182
0 0.823766 0.497795 0.0715745 0.0776312 0.0274769
0 0.394621 0.375302 0.0233306 0.0342449 0.0267283
0 0.621231 0.500709 0.0287793 0.0332689 0.0264699
0 0.862543 0.435991 0.0801323 0.0683075 0.0263134
0 0.751503 0.460334 0.0463454 0.0625816 0.0260457
0 0.618819 0.475953 0.0124217 0.0162262 0.0259897
0 0.230739 0.470734 0.0708745 0.0686051 0.0259436
0 0.427901 0.497519 0.0187925 0.0195506 0.0257622
0 0.77304 0.484313 0.0467159 0.0465038 0.0257168
0 0.908523 0.40304 0.170592 0.190661 0.0255271
0 0.292811 0.365095 0.09705 0.0843813 0.0252494
0 0.454041 0.493431 0.0208459 0.0217197 0.0252311
0 0.533109 0.474885 0.0135344 0.0170616 0.0251366
0 0.918795 0.490894 0.0226816 0.0296418 0.0250502
0 0.285941 0.486208 0.0411359 0.0455946 0.0249048
0 0.908929 0.288219 0.191363 0.321319 0.0248341
0 0.249103 0.422153 0.03225 0.0384467 0.0248093
0 0.689677 0.503317 0.0563149 0.0659655 0.0247542
0 0.763975 0.459578 0.088666 0.0851535 0.0246867
0 0.431599 0.476253 0.0719526 0.0753399 0.0246667
0 0.349026 0.43648 0.0450184 0.0459746 0.0246533
0 0.347654 0.110042 0.0221926 0.037011 0.0244088
0 0.451221 0.486531 0.0212439 0.0251095 0.0242559
0 0.407236 0.475383 0.0161186 0.0210787 0.0240336
0 0.288226 0.344752 0.0757292 0.053712 0.0238917
0 0.660584 0.451875 0.0282133 0.0300964 0.0238784
0 0.281337 0.411824 0.0341252 0.0568062 0.0235128
0 0.743446 0.503459 0.0688255 0.0702228 0.0234153
0 0.189639 0.400302 0.0255763 0.0354197 0.0233365
0 0.29926 0.424766 0.0591576 0.0668214 0.023235
0 0.726652 0.509578 0.0253614 0.030612 0.0226186
0 0.556499 0.474739 0.010421 0.015886 0.022412
0 0.516738 0.40335 0.0260736 0.0366105 0.0223191
0 0.358458 0.435202 0.0548641 0.0530496 0.0222158
0 0.704006 0.502796 0.024376 0.0318753 0.02221
0 0.539605 0.474093 0.0127267 0.0163494 0.0221919
0 0.798322 0.425499 0.0732997 0.0940646 0.0217491
0 0.52522 0.468734 0.0138998 0.0191652 0.0213961
0 0.855012 0.490994 0.0509588 0.0520888 0.0213824
0 0.739731 0.46842 0.026311 0.0395984 0.0212922
0 0.224067 0.446306 0.125999 0.105032 0.0211961
0 0.705957 0.46628 0.0305861 0.0348546 0.0210441
0 0.332397 0.43456 0.0751595 0.0490091 0.0209642
0 0.685746 0.459015 0.0841814 0.0768909 0.0208685
0 0.896228 0.429235 0.0274096 0.0307366 0.0208387
0 0.842079 0.493756 0.066889 0.0673241 0.0204827
0 0.27792 0.464568 0.0597867 0.0610629 0.0203379
0 0.689801 0.464779 0.0292415 0.0345379 0.0201606
0 0.543793 0.148682 0.0181142 0.0409715 0.0201427
0 0.217258 0.462389 0.052669 0.0551652 0.0200962
0 0.970308 0.417898 0.0349562 0.0578778 0.0200382
0 0.504353 0.398935 0.023448 0.036964 0.0197437
0 0.276235 0.420472 0.0423585 0.0511319 0.0195335
0 0.185059 0.392075 0.0223201 0.0343764 0.0194975
0 0.751594 0.36832 0.0368629 0.0432637 0.0194481
0 0.739344 0.134864 0.0853435 0.118974 0.0193297
0 0.747796 0.510346 0.0319625 0.0369434 0.0191374
0 0.0949235 0.104434 0.0274189 0.0361464 0.0189519
0 0.169955 0.432209 0.0981658 0.0781548 0.018864
0 0.214194 0.396049 0.0676199 0.0881498 0.0187863
0 0.787814 0.50832 0.124607 0.134829 0.0187491
0 0.596151 0.4645 0.0154675 0.0203239 0.0186928
0 0.395392 0.390628 0.0244646 0.0403675 0.018622
0 0.80663 0.418387 0.0591038 0.0723445 0.0186024
0 0.506521 0.468125 0.0144732 0.0225043 0.0184269
0 0.108237 0.465097 0.120166 0.0969371 0.0183996
0 0.236407 0.417444 0.0509152 0.057676 0.0183838
0 0.826294 0.423067 0.0695139 0.0792497 0.018355
0 0.759196 0.418689 0.0691978 0.123831 0.0182712
0 0.239662 0.462866 0.0519828 0.0485941 0.0181801
0 0.203188 0.405191 0.0631141 0.066887 0.0181595
0 0.219755 0.408659 0.0872883 0.0798865 0.0179079
0 0.769076 0.444143 0.0527078 0.0638267 0.0177918
0 0.316941 0.498471 0.0351128 0.0340074 0.0177641
0 0.96529 0.42136 0.0275175 0.0391495 0.0177329
0 0.868599 0.492239 0.0496214 0.0532055 0.0177098
0 0.827139 0.286509 0.259958 0.327724 0.0177019
0 0.297221 0.40279 0.0784415 0.110792 0.0176729
0 0.786549 0.42729 0.102392 0.116338 0.0175751
0 0.348251 0.513098 0.0260956 0.0360352 0.0175175
0 0.309663 0.434969 0.047649 0.0491536 0.0174949
0 0.713172 0.132177 0.0891971 0.124384 0.0174504
0 0.764017 0.134643 0.0882967 0.122009 0.0173946
0 0.176616 0.446876 0.151275 0.144787 0.0171559
0 0.0721041 0.472217 0.13945 0.141013 0.0171269
0 0.565553 0.469091 0.0119077 0.0169991 0.0169492
0 0.132833 0.332181 0.0266867 0.0356311 0.0168508
0 0.949807 0.285637 0.101429 0.285196 0.0168108
0 0.534861 0.449975 0.0375474 0.0551281 0.0167565
0 0.410353 0.11089 0.0233934 0.0355753 0.016686
0 0.33364 0.443993 0.0242721 0.0270176 0.0166133
0 0.975533 0.409409 0.0493454 0.1092 0.0165113
0 0.581271 0.462348 0.0130558 0.0181983 0.0164858
0 0.267826 0.412532 0.0492523 0.0609849 0.0164531
0 0.0944742 0.445543 0.121362 0.11398 0.0163724
0 0.942086 0.521764 0.0749561 0.088361 0.0161987
0 0.607837 0.513615 0.0232573 0.0360239 0.0161637
0 0.951304 0.407124 0.0930763 0.154128 0.0161447
