0 0.266753 0.673563 0.182457 0.212837 0.890121
0 0.5625 0.707053 0 0.581838 0.876429
0 0.5625 0.605866 0 0.0468354 0.875454
0 0.437959 0.595364 0.0356521 0.0513962 0.863366
0 0.11693 0.743674 0.233861 0.511424 0.848762
0 0.5625 0.595838 0 0.0301899 0.817172
0 0.34026 0.620734 0.119366 0.159417 0.799886
0 0.467108 0.586985 0.0148866 0.0335846 0.734678
0 0.562459 0.593513 8.18253e-05 0.0264288 0.714398
0 0.529014 0.591407 0.015454 0.02411 0.708689
0 0.45805 0.589003 0.0175961 0.0397493 0.657636
0 0.543766 0.592045 0.0203497 0.0295543 0.641135
0 0.396807 0.615712 0.0383804 0.107249 0.613822
0 0.47616 0.584041 0.0139803 0.0270106 0.593068
0 0.496732 0.579588 0.0125575 0.0174222 0.536508
0 0.557255 0.592019 0.0104893 0.0226503 0.534719
0 0.506901 0.576739 0.010183 0.0147262 0.377657
0 0.560211 0.59326 0.00457759 0.0248135 0.363984
0 0.5625 0.595218 0 0.0259011 0.346194
0 0.522274 0.58101 0.0121782 0.0166612 0.337607
0 0.486782 0.579161 0.0121637 0.0204327 0.334934
0 0.509567 0.575595 0.0105092 0.0162888 0.29683
0 0.481464 0.581896 0.0112782 0.0203113 0.294708
0 0.469985 0.586097 0.0117837 0.0304335 0.288835
0 0.524713 0.584244 0.0127048 0.0188706 0.286999
0 0.472457 0.584733 0.0131036 0.0251097 0.284561
0 0.500093 0.578036 0.010927 0.0184776 0.26309
0 0.502386 0.582335 0.0119564 0.0188266 0.249348
0 0.518106 0.583458 0.0111466 0.0175979 0.247074
0 0.516502 0.578692 0.00971651 0.0144124 0.232035
0 0.528126 0.58661 0.0111159 0.0183842 0.214264
0 0.485944 0.584843 0.0113768 0.0198679 0.21187
0 0.498774 0.582047 0.0121351 0.0184746 0.202232
0 0.474439 0.594363 0.0115003 0.022745 0.201965
0 0.5625 0.597957 0 0.0258432 0.19497
0 0.5625 0.598416 0 0.022204 0.182731
0 0.550286 0.590345 0.0141121 0.0223134 0.182361
0 0.406984 0.588934 0.028685 0.0577179 0.176524
0 0.376283 0.617478 0.0465396 0.142819 0.164804
0 0.541134 0.591852 0.0130013 0.0211753 0.15971
0 0.5625 0.592708 0 0.0300301 0.1493
0 0.36476 0.630545 0.0696341 0.133771 0.149249
0 0.553172 0.592895 0.0143544 0.0265724 0.131809
0 0.5625 0.578102 0 0.0548924 0.113834
0 0.5625 0.59159 0 0.0471778 0.103808
0 0.445666 0.591466 0.0229473 0.0375421 0.089932
0 0.405906 0.587071 0.0227553 0.0417039 0.0887235
0 0.421249 0.604416 0.02042 0.0423959 0.0808201
0 0.5625 0.580436 0 0.0653402 0.0745159
0 0.5625 0.605056 0 0.0679412 0.0708757
0 0.59337 0.59545 0.0126337 0.0210245 0.0707475
0 0.431695 0.580176 0.0187438 0.0300267 0.0706084
0 0.458299 0.614789 0.0235365 0.0515171 0.0701611
0 0.605366 0.598958 0.0149685 0.024172 0.0696799
0 0.873298 0.519244 0.259792 0.201076 0.0642789
0 0.418904 0.586596 0.0200156 0.0301359 0.0639853
0 0.173258 0.594088 0.054625 0.0603488 0.0634304
0 0.57632 0.592687 0.0140817 0.0276189 0.061179
0 0.33637 0.644503 0.0822727 0.163339 0.0606682
0 0.441091 0.596006 0.0242117 0.0398335 0.0592821
0 0.37035 0.580839 0.059805 0.0743402 0.0577159
0 0.302173 0.685871 0.108726 0.197658 0.0574565
0 0.584689 0.617581 0.0181205 0.0328932 0.0572052
0 0.505744 0.565983 0.0111485 0.0157652 0.055942
0 0.662943 0.607709 0.0365093 0.0468486 0.0544893
0 0.71827 0.62941 0.0343496 0.077581 0.0541569
0 0.183554 0.600773 0.0473241 0.0516067 0.0538364
0 0.508047 0.60381 0.0196156 0.0371252 0.0536216
0 0.428506 0.59839 0.0184618 0.0312258 0.0535484
0 0.352907 0.645924 0.0581685 0.110975 0.05322
0 0.396358 0.581554 0.0230019 0.036725 0.0519897
0 0.330171 0.59547 0.0980563 0.0981208 0.0517714
0 0.519401 0.5666 0.0117332 0.0150143 0.0515505
0 0.653741 0.582644 0.0783339 0.0688814 0.0504449
0 0.660446 0.580087 0.0465827 0.0581779 0.0502888
0 0.859112 0.874699 0.281702 0.242069 0.0498864
0 0.722481 0.582672 0.0335239 0.0626593 0.0490561
0 0.359554 0.562541 0.0508854 0.0453284 0.049047
0 0.585127 0.589184 0.0175854 0.0214575 0.047964
0 0.332264 0.570072 0.105399 0.0587118 0.047946
0 0.385149 0.59859 0.0729225 0.115886 0.0464932
0 0.321887 0.66091 0.0807548 0.181327 0.0457594
0 0.27527 0.555628 0.0380805 0.029733 0.04493
0 0.163818 0.588414 0.0712482 0.0775924 0.0439919
0 0.324372 0.560341 0.0878637 0.0393484 0.0437594
0 0.295885 0.577133 0.06517 0.0744684 0.0431293
0 0.508365 0.568425 0.0113882 0.0166382 0.0426427
0 0.672123 0.596843 0.0457953 0.0503837 0.0418511
0 0.410339 0.604145 0.0196292 0.0502374 0.0414823
0 0.173807 0.609022 0.0519938 0.0622915 0.0414115
0 0.633474 0.598699 0.0145172 0.0280549 0.0413464
0 0.528379 0.566387 0.0133458 0.0153681 0.0407228
0 0.697633 0.586479 0.0417931 0.0547115 0.040612
0 0.38976 0.578643 0.0245514 0.0406641 0.0403747
0 0.494083 0.566015 0.0107109 0.0161407 0.0403618
0 0.439125 0.615043 0.0271417 0.0564903 0.0397502
0 0.630969 0.604433 0.0150795 0.0233438 0.0395873
0 0.433592 0.597139 0.0167224 0.0331527 0.0395122
0 0.316029 0.579234 0.07203 0.0650127 0.0390211
0 0.612755 0.585594 0.0175446 0.0213267 0.0382248
0 0.12278 0.586211 0.0792988 0.0985848 0.0375833
0 0.694542 0.601486 0.0407622 0.0563772 0.0372
0 0.56142 0.593784 0.0105275 0.0173331 0.0370359
0 0.270056 0.562095 0.0581254 0.0471937 0.0368672
0 0.406725 0.612126 0.0139894 0.0536069 0.0364857
0 0.984972 0.853595 0.031477 0.239232 0.0353978
0 0.773485 0.42322 0.067626 0.0656693 0.0342447
0 0.79177 0.522947 0.118214 0.166979 0.034073
0 0.326959 0.675703 0.0638707 0.127764 0.0336575
0 0.688497 0.523036 0.0242072 0.0420725 0.0328147
0 0.801727 0.779073 0.0162025 0.0213989 0.0326057
0 0.715415 0.62692 0.0236532 0.050855 0.0324192
0 0.147815 0.581234 0.095105 0.0871124 0.0323374
0 0.339918 0.667143 0.048766 0.113763 0.03233
0 0.488498 0.565146 0.0105197 0.0155862 0.0322971
0 0.948347 0.637205 0.0815556 0.102395 0.0322489
0 0.640044 0.603142 0.0142453 0.0255626 0.0321947
0 0.0840948 0.415745 0.0324503 0.0299806 0.0319822
0 0.628809 0.584147 0.0248982 0.0282685 0.0313685
0 0.475398 0.563983 0.0128299 0.015924 0.0313274
0 0.315707 0.621963 0.0821398 0.117043 0.0310344
0 0.621328 0.604604 0.0263187 0.0356991 0.0304571
0 0.539809 0.562972 0.0123557 0.0161681 0.030199
0 0.254791 0.549037 0.0531253 0.0514807 0.0300266
0 0.684305 0.530083 0.031832 0.0431529 0.0300181
0 0.0580449 0.494466 0.0473082 0.0499007 0.0299775
0 0.548965 0.596062 0.0133556 0.0198467 0.0294651
0 0.24228 0.547203 0.0369146 0.0488287 0.0291626
0 0.384705 0.635931 0.0305508 0.0990527 0.0291542
0 0.194921 0.6154 0.0729338 0.0907539 0.0288145
0 0.0487022 0.479432 0.0950325 0.131067 0.0287181
0 0.489249 0.5264 0.0120309 0.016249 0.0284366
0 0.764739 0.422796 0.0459823 0.0530974 0.0283495
0 0.571648 0.596537 0.0115148 0.0196644 0.0282899
0 0.721758 0.594224 0.0431013 0.0936623 0.0278891
0 0.240371 0.569428 0.0513391 0.0402039 0.0277341
0 0.65574 0.607976 0.0272864 0.035814 0.0277324
0 0.98633 0.61688 0.0280016 0.172384 0.0277127
0 0.987894 0.76368 0.0228954 0.192506 0.0275869
0 0.015779 0.482256 0.0330307 0.0439138 0.0274369
0 0.203353 0.599941 0.0574371 0.052618 0.0272998
0 0.289673 0.542363 0.0628412 0.0465004 0.0272903
0 0.980455 0.509391 0.0394669 0.167369 0.0269042
0 0.0883711 0.553535 0.162288 0.142494 0.0267697
0 0.958065 0.855837 0.0858604 0.250543 0.0265823
0 0.962471 0.504439 0.0745817 0.170332 0.0265014
0 0.646444 0.606774 0.020247 0.0293749 0.0264278
0 0.36764 0.552775 0.0371312 0.0358815 0.0262243
0 0.979516 0.610817 0.0398499 0.349291 0.0260873
0 0.727139 0.571759 0.0446606 0.0896644 0.0259562
0 0.983602 0.899646 0.03167 0.147309 0.0258473
0 0.773754 0.116299 0.0558274 0.0647057 0.0257749
0 0.196763 0.593552 0.0462965 0.0412508 0.0256719
0 0.916947 0.870211 0.0240917 0.0324721 0.0254524
0 0.403035 0.615499 0.022559 0.0745711 0.0254288
0 0.0188872 0.474464 0.0360629 0.0807246 0.025287
0 0.116097 0.871789 0.229734 0.260092 0.0252486
0 0.476901 0.519657 0.0165096 0.0214858 0.0252226
0 0.0171438 0.50967 0.033801 0.0570916 0.0250453
0 0.509783 0.527833 0.01215 0.0164197 0.0248158
0 0.389471 0.547371 0.0262749 0.0425954 0.0247999
0 0.718373 0.582677 0.0233334 0.0354006 0.0247718
0 0.536392 0.594352 0.0122414 0.0187512 0.0246396
0 0.271065 0.551027 0.0525906 0.046998 0.0246041
0 0.951033 0.95407 0.0926418 0.078656 0.02456
0 0.276013 0.603186 0.135878 0.0783693 0.0244675
0 0.569278 0.591541 0.0107188 0.0194599 0.0243364
0 0.68918 0.535545 0.0277181 0.043234 0.0242739
0 0.499973 0.530104 0.0116292 0.0162725 0.0242236
0 0.0359858 0.486021 0.0697406 0.0643523 0.0242178
0 0.452551 0.562743 0.0148941 0.0172977 0.024104
0 0.0556813 0.892058 0.104131 0.199535 0.0240678
0 0.724703 0.61976 0.0547141 0.0919883 0.024015
0 0.444555 0.564143 0.0158735 0.0186001 0.0239234
0 0.311097 0.741888 0.0742005 0.101574 0.0238539
0 0.0226071 0.399541 0.0448122 0.0868366 0.0238265
0 0.733401 0.634815 0.0707321 0.0968138 0.0237581
0 0.364677 0.699314 0.06003 0.110399 0.0237051
0 0.233164 0.545505 0.0434591 0.0546382 0.0236988
0 0.928142 0.590112 0.137289 0.336832 0.0236834
0 0.303498 0.54862 0.0688038 0.0431054 0.0236618
0 0.0651997 0.499277 0.0734558 0.0636017 0.0236123
0 0.766177 0.539735 0.0642426 0.135027 0.0236106
0 0.119403 0.604932 0.0741378 0.0765563 0.0235852
0 0.0726508 0.492575 0.138728 0.146805 0.0235695
0 0.403035 0.567264 0.0189178 0.0228188 0.0234965
0 0.754991 0.421881 0.0307595 0.0410494 0.0234601
0 0.154043 0.599876 0.07784 0.0715374 0.0233297
0 0.0475635 0.53262 0.0860747 0.084905 0.0233122
0 0.263761 0.591158 0.0783205 0.0411903 0.0232676
0 0.279933 0.593305 0.105542 0.0587279 0.0231905
0 0.179068 0.572612 0.0681471 0.0824574 0.0231606
0 0.949949 0.975085 0.0948538 0.0500654 0.0228981
0 0.986201 0.572575 0.0277838 0.108964 0.0228721
0 0.00572557 0.392975 0.0130987 0.0497769 0.0228595
0 0.942237 0.522164 0.1122 0.263047 0.0228506
0 0.22079 0.545055 0.0631755 0.0705846 0.0228505
0 0.0745968 0.412454 0.0505602 0.039064 0.0228142
0 0.425529 0.600237 0.0378366 0.0592637 0.0226885
0 0.475681 0.530986 0.0194354 0.0392674 0.0225529
0 0.354577 0.560799 0.0998684 0.123386 0.0225452
0 0.462327 0.595672 0.0128977 0.025514 0.0223826
0 0.038262 0.831388 0.0734484 0.318966 0.0223565
0 0.211304 0.546864 0.0884552 0.0889078 0.0222174
0 0.351697 0.544746 0.0391187 0.030914 0.0221914
0 0.105858 0.54346 0.0329263 0.0336171 0.0221515
0 0.051681 0.501707 0.0569576 0.0478853 0.0221032
0 0.15261 0.66621 0.145919 0.237091 0.0221016
0 0.800348 0.783677 0.0154489 0.0218323 0.0219359
0 0.619898 0.465509 0.028627 0.0343931 0.0219237
0 0.97354 0.614505 0.051446 0.163072 0.0219169
0 0.963324 0.601198 0.0729429 0.335585 0.021887
0 0.981056 0.766398 0.0356516 0.201068 0.0218334
0 0.799104 0.916101 0.170798 0.180291 0.0217586
0 0.427568 0.566284 0.0168748 0.0195756 0.0215713
0 0.0366621 0.512385 0.0652818 0.0407905 0.0214971
0 0.630814 0.546828 0.0341896 0.0471581 0.0213796
0 0.743666 0.608573 0.0740153 0.141891 0.0213149
0 0.478478 0.510254 0.0258967 0.0413387 0.0213004
0 0.713687 0.580859 0.0205453 0.0316733 0.0210753
0 0.332828 0.754255 0.066269 0.106622 0.0209621
0 0.00972194 0.460722 0.0160581 0.0509956 0.0209611
0 0.66558 0.553813 0.0469007 0.0532692 0.0208069
0 0.211763 0.607385 0.0828876 0.0653606 0.0207987
0 0.644846 0.629218 0.0249764 0.0515003 0.0206331
0 0.625696 0.539001 0.0400825 0.0539344 0.0203875
0 0.697956 0.548491 0.0331134 0.0544875 0.0202934
0 0.444267 0.469813 0.0202409 0.027291 0.020255
0 0.521079 0.522309 0.0147386 0.02062 0.020184
0 0.24407 0.74181 0.114491 0.181575 0.0201713
0 0.254011 0.468292 0.0268043 0.0441232 0.0201621
0 0.368277 0.775318 0.0626431 0.113753 0.0201384
0 0.772167 0.444415 0.0791707 0.120156 0.0201317
0 0.980584 0.705978 0.0386785 0.386911 0.0200831
0 0.750886 0.569573 0.0505229 0.0783074 0.0199589
0 0.51242 0.451854 0.0246888 0.0271662 0.0199497
0 0.207225 0.582663 0.0412305 0.0350363 0.0198052
0 0.991149 0.790391 0.0172401 0.174925 0.0196786
0 0.277433 0.572292 0.0670878 0.0413164 0.0194591
0 0.315348 0.826444 0.0695948 0.106844 0.0194345
0 0.567382 0.494793 0.0302835 0.0415857 0.0193673
0 0.0367008 0.567144 0.068306 0.160266 0.0192573
0 0.265282 0.57651 0.0545448 0.0300235 0.0192201
0 0.179861 0.62145 0.0534702 0.0710904 0.0192156
0 0.0340798 0.397199 0.0538558 0.0724123 0.0192115
0 0.689031 0.614736 0.0283583 0.0482513 0.0191899
0 0.49629 0.588643 0.0139578 0.0228186 0.0191796
0 0.248738 0.596387 0.0814066 0.0501461 0.019163
0 0.117585 0.556949 0.0417386 0.0378251 0.0191463
0 0.579725 0.494785 0.0271296 0.0363614 0.019097
0 0.0791144 0.433431 0.0563479 0.0619777 0.0190928
0 0.571433 0.551541 0.0154686 0.0241534 0.0190487
0 0.640968 0.529384 0.0549313 0.0708176 0.0189666
0 0.28454 0.817846 0.0839878 0.128504 0.0188791
0 0.164031 0.564308 0.0665566 0.0926184 0.0188534
0 0.261621 0.807807 0.0761672 0.115651 0.0188307
0 0.710386 0.634198 0.0176324 0.0447034 0.0187879
0 0.211423 0.857015 0.0297573 0.0602592 0.0187643
0 0.267791 0.724774 0.0864202 0.127911 0.0187343
0 0.388644 0.461018 0.0301321 0.0379606 0.0187258
0 0.244813 0.601347 0.105002 0.0676746 0.0186053
0 0.97021 0.896082 0.0549799 0.142501 0.018558
0 0.0258406 0.39273 0.0407314 0.0485917 0.018549
0 0.300251 0.58892 0.0819845 0.0727339 0.0185269
0 0.167721 0.631206 0.0715267 0.0893818 0.0185104
0 0.985876 0.546121 0.0288303 0.0943749 0.018415
0 0.464609 0.520452 0.0215282 0.028508 0.0183955
0 0.754959 0.560334 0.0343906 0.0779427 0.0183933
0 0.0250037 0.555319 0.0479076 0.147211 0.018279
0 0.553507 0.50335 0.022717 0.0326522 0.0182656
0 0.628819 0.466848 0.0349752 0.0397301 0.0180855
0 0.392434 0.56081 0.0414381 0.0869051 0.0180288
0 0.949073 0.895544 0.0978605 0.13425 0.0179875
0 0.793151 0.527068 0.07356 0.122726 0.0179488
0 0.751707 0.426217 0.0393485 0.0548557 0.0179008
0 0.584064 0.600169 0.0141241 0.0206743 0.0178469
0 0.776182 0.59396 0.122396 0.206447 0.0177224
0 0.725791 0.552587 0.0433178 0.0754197 0.0177115
0 0.978233 0.4415 0.0413244 0.0658336 0.0176986
0 0.986033 0.705187 0.0271236 0.168751 0.0176878
0 0.789113 0.501457 0.088746 0.0989294 0.0175582
0 0.781058 0.772105 0.0336341 0.0310415 0.0175124
0 0.103084 0.611025 0.055793 0.0595034 0.0174799
0 0.514502 0.594333 0.0182546 0.0265721 0.0173958
0 0.73969 0.541765 0.0618997 0.13312 0.0173792
0 0.739211 0.654666 0.0710488 0.106317 0.0173545
0 0.596408 0.708539 0.0481957 0.0636816 0.0172924
0 0.583597 0.502408 0.0258223 0.0360704 0.0172841
0 0.825296 0.510468 0.160412 0.1751 0.0171357
0 0.392885 0.561513 0.0198353 0.0255535 0.0169627
0 0.322625 0.561969 0.072027 0.0914877 0.0169577
0 0.768967 0.11881 0.0404675 0.0502949 0.0168846
0 0.72896 0.646691 0.0438755 0.112819 0.016824
0 0.652444 0.566669 0.0453826 0.0519836 0.0167497
0 0.334316 0.552358 0.0695545 0.0392237 0.0166998
0 0.0548869 0.570841 0.108467 0.127212 0.0166561
0 0.0144181 0.628938 0.0276589 0.158412 0.0166078
0 0.976214 0.474212 0.0481335 0.120286 0.0165382
0 0.455796 0.442271 0.0212246 0.0307042 0.0164974
0 0.175881 0.711697 0.111969 0.252105 0.0164045
