0 0.160544 0.539068 0.205791 0.224776 0.916319
0 0.3973 0.609554 0.259843 0.401311 0.865113
0 0.542005 0.500475 0.0409907 0.054393 0.806166
0 0.512845 0.497808 0.0223084 0.037733 0.605557
0 0.266629 0.530827 0.0575181 0.116657 0.602391
0 0.501403 0.492454 0.0180219 0.0382709 0.295721
0 0.289178 0.494392 0.0214247 0.0388646 0.249754
0 0.500435 0.479908 0.0194466 0.0393194 0.230507
0 0.272692 0.474882 0.0450081 0.0407415 0.229325
0 0.275693 0.495922 0.0454085 0.0632062 0.216344
0 0.501917 0.49636 0.0132522 0.030208 0.210428
0 0.514054 0.499515 0.0158225 0.0284862 0.199205
0 0.282388 0.485141 0.0350134 0.0499293 0.197786
0 0.5625 0.475734 0 0.0307822 0.194641
0 0.266057 0.467631 0.0484141 0.0411924 0.190071
0 0.510217 0.497641 0.0159872 0.0310364 0.177783
0 0.500176 0.492428 0.013399 0.0265392 0.176429
0 0.277662 0.508656 0.038936 0.0648827 0.175851
0 0.5625 0.473931 0 0.029784 0.168708
0 0.5625 0.47352 0 0.0368718 0.165921
0 0.293628 0.487726 0.0204475 0.0376772 0.163339
0 0.5625 0.470705 0 0.0385317 0.155337
0 0.0216809 0.467326 0.0433619 0.493639 0.150874
0 0.498853 0.484992 0.0146975 0.0265683 0.147179
0 0.5625 0.46501 0 0.0504517 0.146228
0 0.50565 0.495719 0.0147619 0.0305473 0.14607
0 0.299807 0.470281 0.0209046 0.0352566 0.137739
0 0.517421 0.498476 0.0164977 0.0338551 0.127826
0 0.5625 0.47826 0 0.0214213 0.126726
0 0.508255 0.494683 0.0115954 0.0234273 0.123504
0 0.5625 0.477497 0 0.020918 0.122442
0 0.268623 0.469019 0.0333487 0.0258149 0.113043
0 0.298823 0.482181 0.0160457 0.0310909 0.111121
0 0.5625 0.488123 0 0.0545028 0.109055
0 0.498109 0.474049 0.0159732 0.0241475 0.105997
0 0.501619 0.50324 0.0243081 0.0572327 0.104769
0 0.5625 0.470637 0 0.0556653 0.103273
0 0.306942 0.457884 0.0233144 0.0444887 0.102358
0 0.5625 0.466929 0 0.0417756 0.101363
0 0.560494 0.491225 0.00401211 0.0449785 0.0977607
0 0.5625 0.482931 0 0.0295013 0.0967578
0 0.5625 0.478012 0 0.054437 0.096514
0 0.247675 0.534673 0.0693685 0.132828 0.0941274
0 0.304223 0.46715 0.0166638 0.0305209 0.0939725
0 0.5625 0.46528 0 0.0457681 0.0933998
0 0.5625 0.476446 0 0.0391023 0.092165
0 0.5625 0.466848 0 0.048332 0.0880631
0 0.509188 0.508662 0.0196941 0.0456678 0.0869629
0 0.0668333 0.510234 0.0215733 0.0745711 0.0864423
0 0.5625 0.486599 0 0.0328913 0.0858358
0 0.50855 0.502586 0.0145295 0.0303819 0.0855308
0 0.505634 0.472763 0.0166483 0.0288247 0.0851366
0 0.64483 0.481409 0.0207625 0.0217628 0.0848737
0 0.671318 0.478546 0.0206104 0.0256403 0.0841765
0 0.687319 0.458162 0.0671331 0.0690733 0.0811875
0 0.819406 0.461172 0.0907402 0.072436 0.0804163
0 0.57949 0.49246 0.0297136 0.0472217 0.0786248
0 0.72619 0.475158 0.0638245 0.0470433 0.0786241
0 0.081002 0.503605 0.0489727 0.12392 0.0783819
0 0.568417 0.482073 0.0256828 0.048088 0.0773491
0 0.102407 0.513351 0.082286 0.161877 0.0764461
0 0.0186554 0.359834 0.0375532 0.23827 0.0760365
0 0.60065 0.501198 0.0276326 0.0367933 0.0759925
0 0.0169089 0.268809 0.0337613 0.090372 0.0756936
0 0.679635 0.495383 0.0434772 0.0642128 0.0751355
0 0.282332 0.480057 0.0277087 0.0247462 0.074458
0 0.690364 0.439343 0.0516984 0.0398958 0.073842
0 0.307485 0.461725 0.0155747 0.0296696 0.0717112
0 0.300428 0.472817 0.0171973 0.0253304 0.0709059
0 0.279506 0.47351 0.0237956 0.0242352 0.0702836
0 0.0195436 0.440692 0.0386484 0.238452 0.069735
0 0.522686 0.498132 0.0130643 0.0294349 0.0690014
0 0.803423 0.46009 0.0597798 0.0579583 0.0663406
0 0.675774 0.482403 0.023714 0.0324214 0.0660971
0 0.639177 0.479601 0.0232047 0.0238868 0.0654965
0 0.761347 0.473734 0.0451501 0.043548 0.0652491
0 0.614549 0.477447 0.082299 0.0708942 0.0652426
0 0.669896 0.495174 0.0391189 0.05699 0.0652272
0 0.0838797 0.53958 0.0585043 0.196248 0.0649723
0 0.630947 0.483572 0.0188943 0.0217996 0.0646289
0 0.283857 0.503111 0.029982 0.0598272 0.064027
0 0.780001 0.472964 0.0308813 0.0374821 0.0637769
0 0.704012 0.437883 0.0248845 0.0240844 0.0635899
0 0.519313 0.493588 0.0264583 0.0445789 0.0627234
0 0.286594 0.515994 0.0443275 0.101545 0.0620076
0 0.0235141 0.579695 0.0494533 0.50341 0.0618648
0 0.665232 0.476284 0.0225438 0.0259426 0.0612758
0 0.695141 0.491322 0.0490997 0.0690753 0.0601979
0 0.728333 0.460818 0.073367 0.0676627 0.0599662
0 0.747212 0.445454 0.032188 0.0423452 0.0597391
0 0.0713181 0.506713 0.0280038 0.10024 0.0591193
0 0.493657 0.486696 0.0214389 0.0304155 0.0587443
0 0.745767 0.43048 0.0260079 0.0263522 0.0584366
0 0.422096 0.424618 0.120434 0.0387035 0.0578019
0 0.0123332 0.50075 0.0234792 0.0503777 0.0575453
0 0.560774 0.500058 0.0159987 0.0305102 0.0573678
0 0.751262 0.474969 0.0428571 0.0419891 0.0569951
0 0.574202 0.49143 0.0158176 0.0344148 0.055797
0 0.231192 0.54111 0.0655595 0.123499 0.0549034
0 0.399076 0.421645 0.119737 0.0315859 0.0543002
0 0.632693 0.47507 0.0203868 0.0262188 0.0541037
0 0.307669 0.473096 0.0168949 0.0248812 0.0535514
0 0.739087 0.479789 0.0516442 0.0437657 0.0534582
0 0.483585 0.487427 0.0596065 0.10585 0.0522207
0 0.755637 0.454667 0.0515593 0.0598707 0.0513503
0 0.494231 0.477665 0.0172524 0.0243065 0.051316
0 0.71477 0.493314 0.0683851 0.074092 0.0510521
0 0.839928 0.457477 0.080611 0.0694406 0.0504401
0 0.496298 0.482263 0.022113 0.0299071 0.0498505
0 0.579719 0.483509 0.0383139 0.0595112 0.0496666
0 0.563298 0.489323 0.0174177 0.0312403 0.0486083
0 0.712062 0.458924 0.108784 0.0802963 0.0485598
0 0.284658 0.531047 0.0312151 0.0940274 0.0481448
0 0.769239 0.460139 0.0731323 0.0676276 0.0480559
0 0.660628 0.481981 0.0256632 0.0315609 0.0477422
0 0.0963017 0.486082 0.0769903 0.104144 0.0473744
0 0.421335 0.434121 0.136195 0.0554482 0.0472671
0 0.217687 0.549346 0.104241 0.157463 0.0472273
0 0.398703 0.467924 0.149378 0.113063 0.0471639
0 0.491747 0.498553 0.0196335 0.0330365 0.0471106
0 0.00725469 0.488363 0.0150665 0.094023 0.0465018
0 0.492214 0.489733 0.0369716 0.0815164 0.0463502
0 0.6082 0.495066 0.0210199 0.0264974 0.0454637
0 0.513645 0.477692 0.016603 0.0196532 0.0454002
0 0.739256 0.501177 0.0633583 0.0701927 0.0452639
0 0.202719 0.444961 0.0540125 0.0421755 0.0445284
0 0.3141 0.449172 0.0306318 0.0474469 0.0445052
0 0.0102697 0.761331 0.0214551 0.203967 0.0444507
0 0.490989 0.464562 0.0191399 0.022937 0.044327
0 0.555483 0.497495 0.0150594 0.0309847 0.044107
0 0.111109 0.549264 0.10073 0.199461 0.0437846
0 0.989513 0.52509 0.0203848 0.124462 0.0432654
0 0.56999 0.479943 0.0156552 0.0284786 0.0431653
0 0.262908 0.487291 0.0361637 0.0494958 0.0430939
0 0.167278 0.338438 0.0291033 0.0261719 0.0430252
0 0.0719653 0.540636 0.0338132 0.156888 0.0428272
0 0.992435 0.548122 0.0144207 0.0818934 0.0426055
0 0.0652271 0.515708 0.0152245 0.0542022 0.0423578
0 0.926702 0.454693 0.141816 0.126454 0.0422766
0 0.398929 0.494262 0.22092 0.178245 0.0422023
0 0.530627 0.499058 0.0222641 0.0362127 0.0410348
0 0.690236 0.484118 0.0213523 0.0298873 0.0409586
0 0.19638 0.437846 0.0460771 0.0307435 0.0404735
0 0.545668 0.472813 0.0272291 0.0439936 0.0401948
0 0.314055 0.47172 0.0428877 0.0591889 0.0400695
0 0.0257431 0.251924 0.0535363 0.294105 0.0393645
0 0.604767 0.502489 0.0175321 0.0242322 0.0392457
0 0.431352 0.457898 0.140337 0.0911892 0.0387983
0 0.0547564 0.4773 0.0389801 0.130645 0.0383112
0 0.117036 0.472512 0.112876 0.0853637 0.0378586
0 0.028729 0.459199 0.0551083 0.205619 0.0378312
0 0.302629 0.474329 0.0301338 0.056542 0.0370709
0 0.0439674 0.400038 0.0862499 0.341872 0.0366603
0 0.0257325 0.509635 0.0449201 0.0556221 0.0365951
0 0.633784 0.459032 0.0310238 0.039355 0.0360259
0 0.379618 0.428139 0.0932586 0.0461474 0.0359847
0 0.981781 0.496337 0.0383615 0.189227 0.0358424
0 0.79963 0.484335 0.0592083 0.0803338 0.0356946
0 0.833992 0.471332 0.0874102 0.0740862 0.0354998
0 0.96835 0.53086 0.0592211 0.103644 0.0350879
0 0.0216143 0.799394 0.0444482 0.176668 0.0349441
0 0.0688735 0.536867 0.0250953 0.119639 0.0349092
0 0.248343 0.460228 0.0670257 0.048462 0.0348092
0 0.0158226 0.520956 0.0298638 0.0697237 0.0346732
0 0.514082 0.520576 0.0142359 0.0306339 0.0346075
0 0.00699813 0.716495 0.0144857 0.178934 0.0344956
0 0.779755 0.462941 0.0399057 0.0418267 0.0342367
0 0.542965 0.506078 0.0169202 0.0333766 0.0341956
0 0.971909 0.431909 0.0573977 0.124561 0.0340441
0 0.988801 0.5621 0.0218702 0.0860742 0.0332977
0 0.0282145 0.271698 0.0557547 0.142945 0.0332454
0 0.0188575 0.488541 0.0367454 0.109481 0.033218
0 0.308457 0.448961 0.0169073 0.029382 0.0328312
0 0.405799 0.411081 0.0875594 0.0295937 0.0325656
0 0.576263 0.498017 0.0178332 0.0313686 0.0324696
0 0.0234509 0.535273 0.0452895 0.0903403 0.0324132
0 0.943624 0.477246 0.113881 0.165588 0.0324068
0 0.967173 0.401803 0.0630341 0.075491 0.0317717
0 0.215916 0.568036 0.0780591 0.106151 0.0317305
0 0.103592 0.464245 0.0703259 0.0614864 0.0317125
0 0.0170721 0.24436 0.035664 0.125959 0.0316036
0 0.789114 0.501936 0.0650927 0.0849984 0.0315791
0 0.739053 0.433615 0.0399118 0.0353423 0.0315732
0 0.785955 0.485685 0.036221 0.0522482 0.0308775
0 0.605176 0.510275 0.0155974 0.0215929 0.0306795
0 0.31264 0.440395 0.0193118 0.0337248 0.030268
0 0.767133 0.503004 0.049839 0.0679356 0.0302215
0 0.863811 0.45744 0.181611 0.133892 0.0301706
0 0.576536 0.501658 0.0359144 0.0556886 0.0299946
0 0.843218 0.447778 0.106157 0.096821 0.0299454
0 0.317133 0.499266 0.0534738 0.0992275 0.029805
0 0.0291467 0.492754 0.050923 0.112119 0.0295577
0 0.163777 0.33615 0.0398669 0.0353037 0.0295126
0 0.0449907 0.506772 0.0450864 0.0782067 0.0293683
0 0.439387 0.476948 0.114041 0.102482 0.0293425
0 0.366712 0.420991 0.070802 0.0295648 0.0292463
0 0.327758 0.504703 0.0806606 0.115855 0.0292133
0 0.973048 0.488412 0.0538605 0.158189 0.0291905
0 0.00472108 0.700211 0.0110096 0.135805 0.0289268
0 0.225952 0.486925 0.0992633 0.111007 0.0287099
0 0.0781299 0.567963 0.0355454 0.119994 0.028648
0 0.756177 0.508576 0.0567321 0.0654202 0.0284789
0 0.681447 0.442953 0.0236967 0.0233368 0.0283647
0 0.985874 0.468686 0.0291424 0.144759 0.0281315
0 0.30787 0.514395 0.0610528 0.115351 0.0280545
0 0.403524 0.482231 0.0995409 0.10627 0.0277965
0 0.216932 0.336647 0.0167274 0.0288842 0.0276941
0 0.311413 0.636522 0.0908451 0.296832 0.0275282
0 0.971646 0.385449 0.0533915 0.0576522 0.0272317
0 0.877977 0.461919 0.111521 0.0888924 0.0270877
0 0.139071 0.496015 0.105501 0.126897 0.0266692
0 0.984472 0.432711 0.0324772 0.106462 0.0266645
0 0.610593 0.459482 0.0231881 0.027841 0.0266543
0 0.0183774 0.304525 0.036861 0.1261 0.0265943
0 0.307528 0.558877 0.0694944 0.1647 0.0265235
0 0.171702 0.341054 0.0229945 0.0246822 0.0264215
0 0.825323 0.487141 0.0734705 0.0686136 0.0263379
0 0.499135 0.527526 0.0214828 0.0410788 0.026312
0 0.54771 0.503132 0.0237797 0.0417734 0.0262839
0 0.263609 0.472723 0.0212345 0.0278324 0.0261839
0 0.159537 0.518781 0.0626611 0.0905041 0.0260287
0 0.523121 0.527852 0.01827 0.0357948 0.0259304
0 0.180725 0.565661 0.107499 0.132435 0.0258268
0 0.146134 0.517517 0.0795697 0.119093 0.0255779
0 0.494252 0.535022 0.0310136 0.0589816 0.0255477
0 0.567373 0.501032 0.0152027 0.030663 0.0255017
0 0.539347 0.477852 0.0162864 0.0201344 0.025289
0 0.0141569 0.543257 0.0281973 0.109828 0.0252197
0 0.991551 0.58131 0.0170479 0.103173 0.024938
0 0.465831 0.44028 0.0483496 0.0424767 0.0249119
0 0.956673 0.45725 0.0824905 0.124805 0.0249104
0 0.556647 0.476021 0.0166079 0.0221711 0.0247811
0 0.032846 0.560326 0.0606015 0.33228 0.0246696
0 0.940555 0.449767 0.112717 0.0850786 0.0246438
0 0.955485 0.505539 0.0902533 0.17418 0.0245027
0 0.506537 0.466381 0.022656 0.0389723 0.0244704
0 0.178512 0.545395 0.086999 0.11097 0.0244619
0 0.350125 0.435481 0.0310847 0.0281372 0.0243929
0 0.175221 0.520212 0.0494915 0.0763259 0.024313
0 0.286441 0.585177 0.0443922 0.170183 0.0241082
0 0.981513 0.408499 0.0375273 0.0869125 0.0238981
0 0.59159 0.454642 0.0189009 0.0262377 0.0238666
0 0.55828 0.470659 0.0184402 0.0260394 0.0236628
0 0.50965 0.535268 0.0166409 0.0316258 0.0236314
0 0.689618 0.503043 0.0382411 0.0520443 0.0236264
0 0.459563 0.489851 0.0724766 0.081188 0.0236242
0 0.319874 0.424322 0.0313303 0.0393522 0.0235559
0 0.0275874 0.560816 0.054785 0.129746 0.0235359
0 0.344028 0.436668 0.0838275 0.0518737 0.0235093
0 0.356076 0.718325 0.145056 0.164876 0.0234655
0 0.486305 0.735626 0.0703326 0.0976629 0.023293
0 0.383454 0.409021 0.0550123 0.0250796 0.0231883
0 0.206356 0.510352 0.102034 0.14184 0.0231481
0 0.127592 0.515674 0.0661394 0.12008 0.0231371
0 0.657244 0.44262 0.052023 0.0622962 0.0231304
0 0.257882 0.421896 0.0487928 0.0687251 0.0231219
0 0.974881 0.408285 0.0476707 0.115145 0.0229938
0 0.688619 0.455085 0.0283142 0.0342491 0.0229806
0 0.0480039 0.275131 0.088438 0.135458 0.0229103
0 0.0717743 0.498186 0.0789687 0.205098 0.0228547
0 0.705556 0.502803 0.0507562 0.0620079 0.0228455
0 0.406006 0.509029 0.0404986 0.0481539 0.0227845
0 0.0506861 0.436043 0.061083 0.214405 0.0226395
0 0.645484 0.112054 0.0256848 0.043743 0.0225148
0 0.359131 0.445769 0.0990689 0.0696774 0.0224922
0 0.465899 0.534619 0.0923092 0.154503 0.0223839
0 0.328468 0.449785 0.0627281 0.0571519 0.0223771
0 0.826134 0.491446 0.0940714 0.112157 0.0223199
0 0.982064 0.383196 0.0347727 0.0616001 0.0221984
0 0.899214 0.424365 0.182208 0.138515 0.0221938
0 0.0813831 0.596314 0.041086 0.0981567 0.0219905
0 0.660849 0.336414 0.0599212 0.0422578 0.0218578
0 0.73389 0.42768 0.0224397 0.0285728 0.0218286
0 0.429822 0.41176 0.0747537 0.0322455 0.0217948
0 0.0798842 0.427052 0.14547 0.286948 0.0217779
0 0.165318 0.49524 0.074082 0.103619 0.0217103
0 0.38619 0.447946 0.139688 0.0789525 0.0217079
0 0.451932 0.439086 0.0722504 0.0527648 0.0216391
0 0.846796 0.478444 0.0657911 0.0597728 0.0215529
0 0.0718224 0.476953 0.051453 0.109032 0.0214536
0 0.0629452 0.465476 0.0533971 0.136907 0.0212704
0 0.972543 0.562711 0.0557241 0.114955 0.0211116
0 0.86209 0.471317 0.0562479 0.0495431 0.0210551
0 0.26146 0.595621 0.0420962 0.131967 0.0210501
0 0.574918 0.507118 0.0166839 0.0288727 0.0210106
0 0.442003 0.441276 0.0349189 0.03162 0.0209699
0 0.0669201 0.550543 0.016742 0.0741442 0.0209684
0 0.458117 0.459409 0.0703903 0.0758817 0.0209442
0 0.666683 0.426772 0.0430186 0.0496864 0.0209251
0 0.152382 0.4765 0.0807469 0.0830008 0.0208771
0 0.0153241 0.663216 0.0298753 0.275697 0.0207827
0 0.988108 0.585276 0.0257183 0.118806 0.0207379
0 0.550749 0.114208 0.0630081 0.0790263 0.0207304
0 0.1564 0.539208 0.0789429 0.102433 0.0206986
0 0.30416 0.448227 0.0161215 0.0258322 0.0206084
0 0.574029 0.458095 0.0221309 0.030393 0.0206061
0 0.960739 0.417798 0.0724842 0.100647 0.0205866
0 0.77968 0.500146 0.0269811 0.0392392 0.0205855
0 0.369422 0.407966 0.0427778 0.0244218 0.0204478
0 0.236652 0.513447 0.0601227 0.109187 0.0202265
