0 0.297254 0.560971 0.105243 0.147535 0.904105
0 0.0791799 0.650023 0.15836 0.373226 0.844921
0 0.449983 0.531516 0.0361135 0.0563217 0.816244
0 0.367288 0.526612 0.0277652 0.0374836 0.772993
0 0.341293 0.52881 0.0305788 0.0609777 0.769094
0 0.487724 0.519824 0.0205978 0.0270771 0.656138
0 0.399718 0.520053 0.0218523 0.0306275 0.629076
0 0.520425 0.511384 0.0276444 0.0638195 0.497106
0 0.425328 0.520101 0.0166764 0.0224865 0.465734
0 0.383932 0.525226 0.0161116 0.0291263 0.46347
0 0.5625 0.5325 0 0.0911078 0.423077
0 0.409371 0.519603 0.0164106 0.0241646 0.362791
0 0.427159 0.520806 0.0120159 0.0169619 0.343461
0 0.510877 0.512355 0.0251385 0.0521807 0.311833
0 0.561539 0.508113 0.00192294 0.110209 0.298609
0 0.417188 0.519155 0.0127273 0.0194362 0.294536
0 0.47168 0.512638 0.0132335 0.0221369 0.294223
0 0.420924 0.521407 0.0113488 0.0171823 0.278595
0 0.381376 0.527955 0.0131244 0.0283051 0.274863
0 0.527511 0.512458 0.0391537 0.0695248 0.274784
0 0.498366 0.518606 0.0122983 0.0237584 0.241124
0 0.414111 0.519752 0.0109184 0.0191949 0.236091
0 0.500741 0.516474 0.0124256 0.0241803 0.233302
0 0.545211 0.533616 0.0345776 0.0450175 0.23322
0 0.4021 0.523184 0.0163673 0.0236126 0.231155
0 0.431202 0.518561 0.011929 0.0213608 0.223533
0 0.475637 0.519562 0.0130834 0.0215848 0.2106
0 0.463847 0.521302 0.0123293 0.026599 0.208274
0 0.540686 0.519793 0.0421133 0.0642301 0.203832
0 0.467613 0.511765 0.0120381 0.0202665 0.202539
0 0.481279 0.520521 0.0141185 0.0227031 0.201391
0 0.464929 0.513655 0.0133295 0.0236451 0.190658
0 0.407386 0.521334 0.0115089 0.0172196 0.184108
0 0.392019 0.524538 0.0132808 0.022413 0.17749
0 0.389159 0.525187 0.0132869 0.025546 0.175958
0 0.542824 0.506443 0.0393524 0.10225 0.175186
0 0.51256 0.511672 0.0157618 0.0429362 0.174275
0 0.437048 0.517626 0.00999012 0.0168436 0.170519
0 0.562158 0.526276 0.000683784 0.0698689 0.170375
0 0.490349 0.523201 0.0145813 0.0193956 0.169149
0 0.482444 0.516181 0.0124997 0.0225171 0.166625
0 0.472881 0.516363 0.0120502 0.0207097 0.162437
0 0.456743 0.513931 0.0134952 0.0219753 0.157443
0 0.558509 0.507268 0.00798221 0.0994168 0.152019
0 0.547024 0.503103 0.0309511 0.116279 0.151479
0 0.504779 0.521456 0.0140155 0.0292427 0.149951
0 0.5625 0.534881 0 0.0471506 0.136515
0 0.560812 0.528096 0.00337663 0.0561678 0.134205
0 0.5625 0.53445 0 0.0577993 0.132911
0 0.488052 0.512999 0.0146242 0.0281105 0.129443
0 0.517991 0.51623 0.0169616 0.0454778 0.128243
0 0.78739 0.51753 0.038927 0.0382362 0.114366
0 0.359506 0.528042 0.0170309 0.0314677 0.114361
0 0.990067 0.534839 0.0203123 0.114863 0.113324
0 0.527168 0.511147 0.0245513 0.056154 0.110742
0 0.982257 0.535009 0.0365507 0.119378 0.110256
0 0.349294 0.529035 0.0213391 0.0468785 0.102193
0 0.53396 0.528976 0.0179188 0.0360604 0.101369
0 0.0342838 0.407629 0.0700843 0.209378 0.0960769
0 0.791891 0.505572 0.0384589 0.0394231 0.094179
0 0.147283 0.536573 0.0333031 0.0539528 0.0938589
0 0.461349 0.524881 0.0111859 0.0205951 0.093357
0 0.851616 0.527864 0.0884546 0.079939 0.0923894
0 0.605972 0.51122 0.047349 0.0900601 0.0916955
0 0.763379 0.534558 0.0500732 0.0512647 0.0907752
0 0.343228 0.530132 0.0224709 0.0489404 0.090115
0 0.516994 0.526496 0.0167915 0.0322485 0.0867973
0 0.729326 0.533207 0.0450795 0.0422029 0.0866531
0 0.817671 0.509435 0.0583094 0.0495288 0.0863806
0 0.438033 0.500512 0.011614 0.0157877 0.085883
0 0.10832 0.513521 0.0886761 0.131097 0.0835705
0 0.38274 0.522896 0.0119952 0.0223312 0.0832027
0 0.805068 0.530077 0.0900797 0.0881499 0.0825258
0 0.214307 0.535387 0.0139721 0.0372942 0.0797067
0 0.826547 0.499187 0.0544761 0.0324742 0.0771184
0 0.370932 0.555204 0.0180862 0.0336604 0.0768685
0 0.586066 0.487612 0.0932947 0.164715 0.0760684
0 0.145036 0.553095 0.0384673 0.0766391 0.0758948
0 0.441312 0.500277 0.0125935 0.0149883 0.07375
0 0.366194 0.521039 0.0184721 0.0250933 0.0718234
0 0.778836 0.544241 0.0577926 0.0709 0.0710703
0 0.502108 0.50761 0.0134644 0.0282004 0.070444
0 0.737305 0.524482 0.0581421 0.0634774 0.0703459
0 0.789837 0.540611 0.0713153 0.0879602 0.066735
0 0.673252 0.518426 0.0227813 0.0527725 0.0663596
0 0.458154 0.499874 0.0141467 0.0154872 0.0663274
0 0.782925 0.504187 0.0497064 0.0488495 0.066303
0 0.628271 0.505381 0.0455068 0.109762 0.0649122
0 0.0996492 0.485919 0.0678718 0.074406 0.0646157
0 0.837955 0.505089 0.058325 0.0398643 0.0643847
0 0.420415 0.479588 0.0193518 0.0313228 0.0627026
0 0.496578 0.511693 0.0115938 0.0224867 0.0621002
0 0.457453 0.524417 0.0185928 0.0325734 0.0607309
0 0.221153 0.541017 0.0329809 0.0509552 0.0600196
0 0.643683 0.515399 0.0286253 0.06755 0.0590348
0 0.246562 0.551005 0.0147586 0.054574 0.0590262
0 0.556081 0.527698 0.0428927 0.0673634 0.0588037
0 0.43477 0.500333 0.010662 0.015366 0.0580918
0 0.724953 0.52814 0.0321715 0.0422157 0.0576509
0 0.46947 0.501305 0.0132639 0.0181305 0.0572817
0 0.889293 0.52847 0.0460787 0.0802241 0.0565118
0 0.352472 0.52904 0.0158887 0.0383816 0.0562796
0 0.0701774 0.437842 0.138792 0.271793 0.0554201
0 0.795544 0.504677 0.0189836 0.0272249 0.0551567
0 0.140617 0.526997 0.0450913 0.0764698 0.0546579
0 0.549588 0.535078 0.0240279 0.0363122 0.0539331
0 0.731182 0.512509 0.0470873 0.073675 0.053568
0 0.353543 0.521785 0.0189322 0.0348847 0.0531225
0 0.0810155 0.514845 0.144667 0.143838 0.0530525
0 0.569493 0.535478 0.0181925 0.0365756 0.0528694
0 0.354519 0.522581 0.013836 0.0266925 0.052842
0 0.344469 0.519299 0.0174799 0.034363 0.0525478
0 0.316437 0.523288 0.0511713 0.0669432 0.0511446
0 0.120507 0.53525 0.0844107 0.115832 0.0504197
0 0.516384 0.500798 0.0194946 0.0410228 0.0494554
0 0.0362342 0.859808 0.0722814 0.220654 0.0493999
0 0.333732 0.524313 0.0397349 0.0640684 0.0491025
0 0.705318 0.529021 0.0429482 0.0446661 0.049079
0 0.215657 0.512993 0.0176849 0.0583842 0.0480188
0 0.499483 0.503061 0.0130693 0.0221306 0.0473707
0 0.681208 0.521272 0.0332171 0.0549167 0.0473162
0 0.19702 0.537045 0.0380839 0.0487501 0.0460562
0 0.69283 0.519487 0.045259 0.062798 0.0454846
0 0.467847 0.462089 0.0251166 0.0396096 0.0445049
0 0.716806 0.532533 0.0184304 0.0238382 0.0443281
0 0.778109 0.510544 0.0675615 0.0767984 0.0442097
0 0.477205 0.511211 0.0123799 0.020583 0.0438853
0 0.557215 0.489556 0.0753156 0.151833 0.0438597
0 0.752464 0.512004 0.0942583 0.0939336 0.043838
0 0.421923 0.499723 0.011988 0.0167386 0.043347
0 0.831504 0.510956 0.094293 0.103594 0.0425122
0 0.505255 0.500866 0.015438 0.0303799 0.0424827
0 0.631341 0.532015 0.0273668 0.0512907 0.0423659
0 0.578303 0.473385 0.0647483 0.142466 0.0422971
0 0.333869 0.524535 0.0237447 0.0549499 0.0422191
0 0.891381 0.537721 0.0806767 0.080464 0.0422099
0 0.986753 0.506594 0.028031 0.150448 0.0421872
0 0.979658 0.501962 0.0459637 0.181049 0.0421195
0 0.826152 0.48681 0.0795259 0.0692342 0.0421122
0 0.910368 0.239842 0.149591 0.207114 0.0420149
0 0.0562222 0.500787 0.105599 0.126606 0.0417338
0 0.663061 0.52047 0.0393988 0.0611641 0.0411645
0 0.328588 0.52298 0.0243439 0.0426397 0.0408023
0 0.353279 0.539818 0.0148719 0.0300987 0.0404084
0 0.526139 0.498486 0.0187061 0.043456 0.0403443
0 0.966381 0.545041 0.0597824 0.105033 0.0399802
0 0.13684 0.545095 0.0527379 0.0781212 0.0396866
0 0.306899 0.50568 0.0390669 0.0414985 0.0395642
0 0.223808 0.520895 0.0301932 0.0730913 0.0390488
0 0.184639 0.531941 0.0268236 0.0439173 0.0390466
0 0.336273 0.516106 0.0205998 0.0345609 0.0388466
0 0.176661 0.536491 0.0533682 0.0642334 0.0388111
0 0.216835 0.540106 0.0194799 0.0355838 0.0384494
0 0.421501 0.514622 0.0116717 0.0204261 0.0381574
0 0.615593 0.469624 0.0501744 0.105205 0.0377199
0 0.542646 0.494941 0.0412783 0.100628 0.0367124
0 0.627631 0.542446 0.0238621 0.0408136 0.0364983
0 0.922742 0.503973 0.110827 0.169243 0.0363052
0 0.721191 0.537047 0.0369137 0.0363742 0.0357116
0 0.627976 0.447014 0.040609 0.06066 0.0354736
0 0.840487 0.479517 0.0605955 0.0527834 0.0349809
0 0.897828 0.170184 0.160084 0.203301 0.0348311
0 0.972249 0.524973 0.0520542 0.116407 0.0345599
0 0.187125 0.537211 0.0388352 0.0484934 0.0345481
0 0.676324 0.532306 0.0211865 0.0367271 0.0342228
0 0.852392 0.521432 0.111068 0.112878 0.0341101
0 0.578879 0.451246 0.0475968 0.0810137 0.0340733
0 0.56651 0.530807 0.0217076 0.0484301 0.0337201
0 0.231248 0.535875 0.0304202 0.0581989 0.0331351
0 0.0214207 0.486313 0.0421764 0.0945748 0.0330291
0 0.0185328 0.848197 0.0357407 0.200543 0.0330271
0 0.412615 0.498434 0.0132054 0.0167046 0.0327551
0 0.598257 0.533702 0.0270237 0.0407553 0.0326643
0 0.044532 0.412969 0.0514627 0.16878 0.0325367
0 0.30293 0.499403 0.0390145 0.0339257 0.0322726
0 0.987696 0.475613 0.0258074 0.134979 0.0321974
0 0.326575 0.514753 0.0295014 0.0432513 0.0315168
0 0.0112529 0.457643 0.0227923 0.0439882 0.0311148
0 0.932787 0.534492 0.113962 0.13388 0.0306733
0 0.993241 0.555734 0.0128153 0.0760117 0.0306404
0 0.158337 0.532732 0.0574622 0.0730103 0.0305956
0 0.037923 0.346522 0.0767697 0.338633 0.0302613
0 0.166919 0.507892 0.0791297 0.132851 0.0298177
0 0.128737 0.501389 0.0807468 0.113275 0.0297909
0 0.0974679 0.46718 0.0603101 0.0450935 0.0297046
0 0.93003 0.541731 0.0829119 0.0917497 0.0294009
0 0.878812 0.505034 0.022093 0.038078 0.0293899
0 0.949193 0.547539 0.0726685 0.0853273 0.0293497
0 0.144565 0.498518 0.0461865 0.102757 0.029003
0 0.626418 0.433069 0.0358316 0.0405718 0.0289955
0 0.0446993 0.384834 0.0430926 0.112893 0.0289219
0 0.17537 0.509039 0.0536302 0.11335 0.0287433
0 0.244081 0.537749 0.0161612 0.0466275 0.0287166
0 0.933625 0.129943 0.0462601 0.0586527 0.0286416
0 0.582726 0.535802 0.0286036 0.0457647 0.0283147
0 0.725883 0.539776 0.0311377 0.0270056 0.0282376
0 0.872734 0.500177 0.0224163 0.0277117 0.0280825
0 0.0252848 0.387006 0.04927 0.151727 0.0279796
0 0.903503 0.545998 0.0592428 0.0739095 0.0279747
0 0.893746 0.508356 0.0657761 0.0849703 0.0278682
0 0.2955 0.518165 0.123944 0.181451 0.0276393
0 0.808972 0.54107 0.0536481 0.0746754 0.0274888
0 0.413024 0.324321 0.0145875 0.0232305 0.0273812
0 0.0646162 0.253866 0.0428725 0.0419518 0.0271316
0 0.95984 0.555793 0.0599401 0.0751401 0.0270924
0 0.656305 0.510636 0.0495275 0.0820001 0.0269968
0 0.620269 0.541607 0.0160748 0.0325843 0.0269371
0 0.195763 0.548125 0.0285444 0.0389093 0.0267404
0 0.597349 0.459068 0.0906172 0.212089 0.0267275
0 0.674479 0.511828 0.0167559 0.0428173 0.0266433
0 0.111007 0.515644 0.10744 0.183311 0.0265801
0 0.402742 0.506823 0.0132041 0.0198994 0.0265741
0 0.0329862 0.366013 0.0670319 0.108013 0.0262616
0 0.765203 0.425587 0.0265287 0.0422166 0.0261692
0 0.216223 0.490238 0.0187512 0.0414947 0.026105
0 0.597271 0.448477 0.0855846 0.0852245 0.0260597
0 0.799511 0.454782 0.0335615 0.0322883 0.0259799
0 0.0310902 0.147797 0.0467733 0.0592709 0.0259072
0 0.086889 0.500627 0.0656995 0.0767725 0.0257699
0 0.78068 0.544725 0.038176 0.0605315 0.0256318
0 0.888521 0.123723 0.156067 0.232394 0.0254614
0 0.149825 0.447965 0.0311407 0.0271759 0.0254563
0 0.792476 0.460996 0.033598 0.0326001 0.025092
0 0.629607 0.456214 0.0515651 0.0833748 0.0250199
0 0.627726 0.527542 0.039728 0.0727844 0.0249379
0 0.564238 0.4639 0.0753008 0.134668 0.0249192
0 0.423213 0.526236 0.0106234 0.0176273 0.0249129
0 0.142092 0.570726 0.0343438 0.0699995 0.0249035
0 0.0111551 0.044652 0.0230049 0.0490044 0.0248213
0 0.663413 0.525949 0.0279865 0.0447772 0.0247133
0 0.0194499 0.527949 0.0392971 0.130751 0.0246376
0 0.223279 0.541659 0.0233865 0.0403869 0.0244895
0 0.51028 0.397094 0.0196146 0.0258297 0.0244624
0 0.0253903 0.423234 0.0527541 0.129461 0.0244598
0 0.712899 0.536232 0.0233565 0.0281933 0.0244306
0 0.0420068 0.0400394 0.0505436 0.0632608 0.0244246
0 0.223337 0.275102 0.0893505 0.0584496 0.0243851
0 0.293283 0.495 0.041735 0.0389552 0.024295
0 0.411841 0.525133 0.0113586 0.0172898 0.0239801
0 0.794024 0.482841 0.0348627 0.0424345 0.0239503
0 0.644504 0.531671 0.0337419 0.0542407 0.0238776
0 0.0235623 0.362297 0.0445754 0.0939119 0.0237836
0 0.260847 0.521381 0.0283691 0.0473277 0.0236233
0 0.986465 0.287081 0.0270693 0.155412 0.0235377
0 0.860687 0.561103 0.123261 0.153721 0.0234983
0 0.242141 0.551655 0.02114 0.050263 0.0234554
0 0.370719 0.497821 0.0140562 0.0187174 0.0234138
0 0.74455 0.537944 0.0273134 0.0357093 0.0232535
0 0.384596 0.498453 0.0134013 0.0165326 0.0231813
0 0.564881 0.399582 0.0295837 0.0300779 0.0231624
0 0.0863732 0.515628 0.0780384 0.0959757 0.0229468
0 0.103308 0.0439168 0.0485256 0.0543955 0.0229395
0 0.926386 0.126758 0.0649609 0.101428 0.0228619
0 0.0425829 0.0473249 0.0394331 0.0427779 0.0228616
0 0.248537 0.538017 0.0176651 0.0483396 0.0228422
0 0.375751 0.382181 0.0234772 0.0328358 0.0228414
0 0.290738 0.807064 0.0327069 0.0508948 0.0226877
0 0.740676 0.544498 0.0521455 0.0480577 0.0226779
0 0.0767174 0.0390884 0.0600326 0.0648744 0.0226773
0 0.0438662 0.361026 0.0413653 0.0692407 0.0226295
0 0.984974 0.5566 0.0288263 0.0907144 0.0223162
0 0.121665 0.573849 0.0673478 0.117393 0.022285
0 0.152681 0.557564 0.0245774 0.0522956 0.0222467
0 0.075532 0.554661 0.141165 0.172337 0.0222021
0 0.891466 0.57428 0.0996651 0.126499 0.0221844
0 0.990502 0.439682 0.019854 0.105429 0.0221641
0 0.633307 0.435506 0.0443665 0.0517593 0.0221515
0 0.0914143 0.0415272 0.0622563 0.0659295 0.022128
0 0.36245 0.0553147 0.0369162 0.0522053 0.0220734
0 0.0437344 0.497737 0.0825295 0.0637774 0.0220475
0 0.284391 0.521841 0.0662475 0.0636762 0.0219964
0 0.083473 0.889074 0.144246 0.221799 0.0219746
0 0.776561 0.329441 0.0404071 0.0326907 0.0219739
0 0.763783 0.442846 0.0330811 0.0355597 0.021961
0 0.941887 0.485057 0.104504 0.216852 0.0218764
0 0.0273466 0.0385657 0.0543025 0.0819873 0.021837
0 0.643783 0.350382 0.0527758 0.0831008 0.021802
0 0.190108 0.511468 0.0486399 0.104514 0.0217575
0 0.375797 0.396231 0.0197796 0.0277882 0.0217135
0 0.374396 0.499138 0.0134177 0.0176284 0.021616
0 0.514617 0.402289 0.022461 0.0287727 0.0215335
0 0.334994 0.547035 0.0333017 0.0968441 0.021318
0 0.337819 0.586242 0.0401406 0.0756888 0.0209891
0 0.262288 0.503702 0.0409159 0.0637007 0.0209777
0 0.987108 0.405018 0.0274897 0.22103 0.0209523
0 0.288525 0.335302 0.0495907 0.0352817 0.0209136
0 0.656728 0.533825 0.0368468 0.0595523 0.0208793
0 0.565783 0.545493 0.0173235 0.0312998 0.0207795
0 0.107665 0.517694 0.0556277 0.0955677 0.0207562
0 0.0427305 0.0385144 0.0763851 0.0920815 0.0207382
0 0.879684 0.068844 0.0565235 0.0851166 0.0206964
0 0.588381 0.42207 0.0513457 0.0502276 0.0206656
0 0.356609 0.487934 0.016958 0.0226731 0.0206172
0 0.974663 0.562359 0.050507 0.100362 0.0205347
0 0.329684 0.206201 0.0270736 0.0450414 0.0205109
0 0.495776 0.448195 0.0156897 0.0202677 0.0204792
0 0.076816 0.716551 0.148658 0.225721 0.0204411
0 0.869437 0.492245 0.16489 0.168933 0.0204311
0 0.016705 0.437496 0.0328384 0.0872965 0.0204146
0 0.622823 0.548961 0.016988 0.0337539 0.0203945
