0 0.423343 0.728442 0.0720252 0.10039 0.923992
0 0.248766 0.770939 0.141645 0.162659 0.913588
0 0.101411 0.806137 0.202211 0.383528 0.824111
0 0.453851 0.692641 0.0154693 0.0273329 0.639022
0 0.483546 0.685819 0.0161911 0.0228516 0.519457
0 0.461022 0.692756 0.0146284 0.0215685 0.50038
0 0.464796 0.692493 0.0128942 0.0194956 0.458427
0 0.154075 0.731015 0.0330713 0.0461622 0.31489
0 0.457972 0.691007 0.0148082 0.0236491 0.311206
0 0.47089 0.693007 0.0117584 0.0179267 0.29533
0 0.37019 0.687408 0.023872 0.0296507 0.281529
0 0.181313 0.735666 0.0357053 0.0595939 0.269273
