0 0.50427 0.435708 0.0494859 0.0654246 0.860792
0 0.5625 0.454217 0 0.0659903 0.803639
0 0.5625 0.447153 0 0.0831109 0.748364
0 0.5625 0.472838 0 0.10615 0.743779
0 0.5625 0.435026 0 0.0624344 0.600836
0 0.5625 0.415332 0 0.041171 0.563487
0 0.537055 0.422969 0.0238582 0.0327384 0.365161
0 0.53021 0.42244 0.0187778 0.0352469 0.21495
0 0.5625 0.429061 0 0.0676236 0.177364
0 0.529024 0.426775 0.0146122 0.0273398 0.164167
0 0.529764 0.414234 0.027016 0.0492011 0.14925
0 0.5625 0.416115 0 0.0479006 0.143711
0 0.5625 0.4168 0 0.0319891 0.136632
0 0.543048 0.423552 0.0130438 0.0243567 0.135663
0 0.539621 0.419811 0.0152917 0.0275485 0.133216
0 0.5625 0.416791 0 0.0277302 0.125028
0 0.535975 0.424106 0.0143674 0.0247111 0.122993
0 0.5625 0.425099 0 0.0832327 0.120116
0 0.539053 0.434782 0.0289741 0.0396304 0.1175
0 0.5625 0.444342 0 0.0713582 0.111224
0 0.021787 0.473655 0.043574 0.275955 0.110405
0 0.540644 0.441909 0.0360168 0.0525049 0.10761
0 0.531587 0.429953 0.0126266 0.022001 0.107487
0 0.5625 0.423075 0 0.0340019 0.0962653
0 0.025408 0.368295 0.050816 0.568069 0.0957451
0 0.463638 0.423248 0.0156185 0.0251604 0.0920202
0 0.5625 0.447339 0 0.117203 0.0914421
0 0.5625 0.409965 0 0.0309317 0.0905504
0 0.5625 0.426256 0 0.0299343 0.0904435
0 0.5625 0.408782 0 0.0269002 0.0873682
0 0.5625 0.432889 0 0.104531 0.0850223
0 0.548521 0.430987 0.0279589 0.0449782 0.0724189
0 0.539594 0.432801 0.0123564 0.0222566 0.0723474
0 0.5625 0.424204 0 0.102163 0.0713413
0 0.5625 0.439273 0 0.095335 0.0672231
0 0.5625 0.462665 0 0.0827344 0.0669665
0 0.5625 0.411354 0 0.0651987 0.0648388
0 0.555262 0.44043 0.0144768 0.047718 0.0609022
0 0.5625 0.47478 0 0.097967 0.0607167
0 0.5625 0.40627 0 0.038189 0.0605441
0 0.543175 0.40005 0.0251486 0.0486142 0.0564801
0 0.5625 0.411049 0 0.0817019 0.0556213
0 0.55532 0.446659 0.014359 0.0300552 0.0551024
0 0.5625 0.455002 0 0.0576382 0.0530855
0 0.539622 0.407963 0.0160831 0.0262845 0.0519518
0 0.483141 0.428076 0.0135519 0.0218731 0.0500687
0 0.5625 0.411569 0 0.0363641 0.0497997
0 0.5625 0.432556 0 0.035663 0.0492915
0 0.543755 0.434387 0.0126839 0.0188916 0.0488375
0 0.543288 0.429475 0.0149299 0.0257838 0.0487597
0 0.863477 0.423248 0.0353497 0.0552135 0.0480842
0 0.899696 0.432863 0.0461668 0.073651 0.0470188
0 0.487446 0.424797 0.015567 0.0303489 0.0467713
0 0.546036 0.431783 0.0165861 0.022855 0.0464425
0 0.543062 0.44408 0.0170142 0.0282241 0.0458101
0 0.494863 0.407373 0.0183867 0.0328971 0.0454789
0 0.852763 0.409334 0.0179565 0.0278291 0.0453694
0 0.0224503 0.52021 0.0440283 0.160066 0.0449579
0 0.868016 0.430573 0.0164803 0.0353919 0.0441347
0 0.549195 0.433553 0.0153905 0.0307235 0.0435897
0 0.82808 0.414469 0.0241079 0.0373532 0.0432799
0 0.465005 0.418779 0.0133622 0.025836 0.0428316
0 0.51377 0.424764 0.0134585 0.0198199 0.0415851
0 0.897784 0.437794 0.0184013 0.036598 0.0411895
0 0.523463 0.400391 0.0494444 0.0673286 0.0404778
0 0.520135 0.397139 0.0663507 0.0911384 0.0398005
0 0.0233279 0.571216 0.0464223 0.25616 0.0390183
0 0.481708 0.433038 0.0139399 0.022724 0.0381952
0 0.557937 0.429899 0.0199309 0.0271257 0.0377778
0 0.699725 0.444579 0.0383502 0.0645519 0.0376209
0 0.828216 0.428689 0.0518078 0.0652166 0.0375248
0 0.570632 0.436508 0.0393333 0.0474468 0.037014
0 0.822178 0.408484 0.0401501 0.0480709 0.0369564
0 0.71792 0.458068 0.0165267 0.0378395 0.0366264
0 0.770525 0.469023 0.139071 0.115786 0.0363544
0 0.473905 0.415736 0.013601 0.0309032 0.0362686
0 0.993368 0.482689 0.0135172 0.106377 0.0361161
0 0.763777 0.456205 0.101802 0.104128 0.0360026
0 0.829517 0.413339 0.045882 0.0557278 0.0354207
0 0.458374 0.422718 0.0280308 0.0354625 0.0351228
0 0.466603 0.433014 0.0179971 0.0240647 0.033951
0 0.0376411 0.550735 0.0735619 0.181268 0.032295
0 0.484746 0.42852 0.0185 0.0308172 0.0322776
0 0.497281 0.418779 0.0226262 0.0390322 0.0322325
0 0.763167 0.394315 0.0271029 0.0502625 0.0321282
0 0.697652 0.459744 0.0161634 0.0256688 0.0319187
0 0.421988 0.301533 0.0173461 0.0319716 0.0316615
0 0.0892788 0.431623 0.100698 0.120392 0.0308301
0 0.726757 0.437126 0.0267718 0.0441837 0.0306444
0 0.764816 0.406115 0.0314271 0.057127 0.0302552
0 0.967647 0.422069 0.0645254 0.160291 0.0301836
0 0.53278 0.414564 0.0138166 0.024801 0.0296423
0 0.580797 0.276474 0.0242947 0.0411124 0.0291523
0 0.0200448 0.481629 0.0424714 0.174677 0.0290769
0 0.461441 0.428344 0.0224716 0.0300021 0.0288495
0 0.716744 0.445408 0.0257096 0.0398385 0.0284122
0 0.863319 0.400426 0.0245213 0.0426289 0.0278219
0 0.350729 0.270212 0.0258151 0.0400865 0.027751
0 0.911793 0.422099 0.105272 0.126829 0.0276502
0 0.792357 0.449858 0.0841707 0.0893277 0.0270088
0 0.963388 0.417049 0.0788857 0.0987999 0.0269656
0 0.0403548 0.606534 0.0699157 0.155246 0.0267511
0 0.690359 0.462011 0.0156123 0.0349264 0.0257929
0 0.434022 0.422914 0.0258226 0.0357716 0.0257558
0 0.203395 0.285597 0.277442 0.368963 0.0257315
0 0.827959 0.441868 0.0732474 0.0872606 0.0255244
0 0.663925 0.445878 0.0256998 0.0321568 0.0251892
0 0.692687 0.449968 0.0562883 0.0837539 0.0251516
0 0.983813 0.395745 0.0379562 0.159681 0.0246887
0 0.522176 0.381724 0.0198891 0.0244449 0.0246048
0 0.611494 0.453137 0.0370459 0.0485168 0.0244781
0 0.53719 0.414248 0.0146729 0.0242735 0.0243005
0 0.810148 0.346489 0.0775299 0.15832 0.0241717
0 0.958673 0.566965 0.0854197 0.255888 0.0241046
0 0.67564 0.450978 0.042883 0.0552699 0.0239366
0 0.748726 0.433451 0.0371133 0.056864 0.0239311
0 0.637522 0.444179 0.0844413 0.0843827 0.0237361
0 0.0287498 0.628223 0.049858 0.151414 0.0236031
0 0.6468 0.461729 0.0695982 0.0777199 0.023121
0 0.575139 0.446035 0.0412153 0.055525 0.022954
0 0.464609 0.417588 0.029424 0.0470434 0.0228502
0 0.445217 0.425744 0.0377505 0.0446495 0.0226927
0 0.822268 0.356408 0.0594748 0.131742 0.0225539
0 0.799219 0.462856 0.114764 0.0989985 0.0223952
0 0.66897 0.458785 0.0454733 0.0575832 0.0222931
0 0.512873 0.373214 0.0413179 0.055727 0.0221834
0 0.686964 0.468775 0.0175694 0.02739 0.0218793
0 0.795343 0.421345 0.066579 0.0828784 0.0218278
0 0.96673 0.50992 0.0613556 0.199962 0.021698
0 0.890917 0.439553 0.0234673 0.041597 0.0216382
0 0.976098 0.387739 0.0578892 0.109832 0.0215276
0 0.779009 0.58379 0.125255 0.126608 0.0213796
0 0.24474 0.746391 0.0297726 0.0456255 0.0213597
0 0.782901 0.511128 0.136533 0.184612 0.0212856
0 0.526719 0.373269 0.0241878 0.0325192 0.0212575
0 0.517787 0.381473 0.0268824 0.0328627 0.0211439
0 0.769533 0.393962 0.0822995 0.141416 0.0209508
0 0.915791 0.425599 0.0215811 0.0318363 0.0208875
0 0.806435 0.373419 0.066388 0.105063 0.0208685
0 0.386259 0.428369 0.0361497 0.0465238 0.0208546
0 0.910381 0.429482 0.0231333 0.0335367 0.020686
0 0.355128 0.316601 0.0311789 0.119504 0.0206772
0 0.415512 0.424123 0.0374475 0.0501478 0.0206413
0 0.580361 0.285828 0.0189372 0.0361673 0.020639
0 0.385501 0.442981 0.0307511 0.042928 0.0205776
0 0.487759 0.437519 0.0183639 0.0380968 0.0204889
0 0.758128 0.488717 0.0681499 0.104605 0.0204879
0 0.615658 0.453991 0.0525032 0.0595279 0.0203363
0 0.301355 0.254387 0.127465 0.275883 0.0202823
0 0.612052 0.440856 0.0600772 0.0663451 0.0200117
0 0.528869 0.389933 0.0171649 0.0282984 0.0199707
0 0.476709 0.435674 0.0294905 0.0491731 0.0198796
0 0.951394 0.465066 0.0618786 0.0834217 0.0197904
0 0.598149 0.449966 0.0321245 0.0483754 0.0197897
0 0.69477 0.455858 0.014791 0.0343885 0.0197439
0 0.993419 0.633208 0.0138411 0.106326 0.0197165
0 0.879936 0.443157 0.0296556 0.0399913 0.0196352
0 0.914117 0.189967 0.169421 0.345681 0.019476
0 0.660154 0.454829 0.0415028 0.0509161 0.0194737
0 0.434322 0.433897 0.025671 0.0351177 0.0194259
0 0.696144 0.489614 0.0199521 0.0365542 0.0192096
0 0.933067 0.407699 0.0655245 0.108653 0.0190168
0 0.418803 0.418422 0.0271018 0.041044 0.0189537
0 0.991688 0.601989 0.0166119 0.13646 0.0189102
0 0.0183038 0.438781 0.0428661 0.122425 0.0189037
0 0.309499 0.268871 0.0662778 0.0647077 0.0188872
0 0.280951 0.286631 0.168964 0.350686 0.0188822
0 0.932225 0.602764 0.126864 0.179901 0.0186253
0 0.478287 0.4051 0.024053 0.0451569 0.0185957
0 0.586265 0.451787 0.0162379 0.0292261 0.0185011
0 0.943281 0.840893 0.109199 0.245496 0.0184903
0 0.460811 0.464863 0.022718 0.0333044 0.0183091
0 0.805025 0.309926 0.0476086 0.0836871 0.0182822
0 0.101224 0.437994 0.0783674 0.0782654 0.0182655
0 0.759966 0.377527 0.0348962 0.0771005 0.0181294
0 0.457187 0.409281 0.0171279 0.0342548 0.0180057
0 0.7045 0.390283 0.0473614 0.113681 0.0177832
0 0.120423 0.431476 0.141825 0.147164 0.017724
0 0.869736 0.218558 0.0269787 0.043221 0.0175765
0 0.880228 0.40186 0.066659 0.0999002 0.0174143
0 0.50349 0.365107 0.0432001 0.0571791 0.0174062
0 0.437342 0.41518 0.0227533 0.0371168 0.0172145
0 0.349449 0.288695 0.0220972 0.0707321 0.0171649
0 0.842876 0.369217 0.027751 0.0692755 0.0171259
0 0.966639 0.863909 0.0614624 0.222006 0.0170481
0 0.714871 0.470559 0.0173693 0.0353562 0.0170164
0 0.712195 0.423706 0.0279035 0.0376061 0.017002
0 0.802223 0.259436 0.0256201 0.0313154 0.0168972
0 0.704055 0.610119 0.0533811 0.0703421 0.0168727
0 0.510028 0.322026 0.0416404 0.0500844 0.0168498
0 0.48486 0.391784 0.0387068 0.0770814 0.0167713
0 0.871363 0.444646 0.0356668 0.0635134 0.0167267
0 0.664654 0.432507 0.0247255 0.0317155 0.0166386
0 0.070514 0.616288 0.0643302 0.109491 0.0166374
0 0.714093 0.624898 0.0719085 0.0867416 0.016511
0 0.519451 0.436259 0.0195939 0.0384857 0.0164945
0 0.648632 0.444052 0.0496163 0.049934 0.0164927
0 0.820875 0.421374 0.039719 0.0534782 0.0164354
0 0.521301 0.322403 0.0474448 0.0555523 0.0164342
0 0.0478772 0.480384 0.0848302 0.201338 0.0164179
0 0.0850322 0.450355 0.0902974 0.0765098 0.016391
0 0.705687 0.642073 0.0787151 0.116445 0.0160983
0 0.681782 0.423718 0.057057 0.0872956 0.0160935
0 0.380506 0.448586 0.0300019 0.0420753 0.0159377
0 0.576483 0.290045 0.0214327 0.0357594 0.0158136
0 0.959959 0.646898 0.071871 0.0875619 0.0157541
0 0.421419 0.434159 0.0902269 0.133243 0.015738
0 0.435991 0.438718 0.020049 0.0290145 0.0156981
0 0.102198 0.404148 0.121324 0.137175 0.0155798
0 0.381501 0.325605 0.0529519 0.0928196 0.0155093
0 0.621139 0.434046 0.0525943 0.0619247 0.0154877
0 0.726793 0.497595 0.0310658 0.0622003 0.0154715
0 0.813296 0.319851 0.0638086 0.123435 0.015466
0 0.920898 0.283712 0.145138 0.379879 0.0154445
0 0.0301804 0.372075 0.0569058 0.34102 0.015421
0 0.556294 0.454698 0.0138007 0.0214301 0.0153668
0 0.880684 0.356273 0.0677223 0.173011 0.0153654
0 0.414723 0.408019 0.0283971 0.0491026 0.0153602
0 0.803063 0.490837 0.0970036 0.118874 0.0153494
0 0.420645 0.432817 0.0268252 0.0363816 0.0153403
0 0.939693 0.517938 0.0924271 0.210374 0.0152706
0 0.258187 0.677518 0.0479512 0.0793438 0.0151472
0 0.496093 0.313231 0.0299247 0.0371316 0.0151421
0 0.596564 0.449626 0.0150655 0.0260769 0.0151281
0 0.306286 0.283673 0.0777028 0.0932474 0.0150459
0 0.97441 0.351668 0.0512079 0.103673 0.015045
0 0.362188 0.426844 0.0397787 0.0568434 0.0149663
0 0.342134 0.779581 0.0245581 0.0560521 0.0149642
0 0.816112 0.281712 0.0472764 0.0684645 0.0149446
0 0.287163 0.674452 0.0455284 0.0716726 0.0149089
0 0.604364 0.479746 0.0256214 0.0375811 0.0147587
0 0.563399 0.346142 0.01769 0.0296706 0.0147416
0 0.0462473 0.633705 0.0622524 0.140054 0.0146924
0 0.318907 0.230732 0.199549 0.332891 0.0146623
0 0.957662 0.624393 0.0817797 0.19795 0.0146564
0 0.981179 -0.014921 0.037685 0.0394939 0.0145712
0 0.986712 0.395114 0.0283043 0.0733312 0.0145622
0 0.505333 0.294924 0.0344157 0.0393494 0.0145396
0 0.557237 0.466339 0.0156741 0.0219826 0.0145394
0 0.123961 0.434461 0.0865703 0.0830318 0.014501
0 0.419083 0.321386 0.0221781 0.0519954 0.014458
0 0.561697 0.433785 0.0180795 0.0352146 0.0144369
0 0.38607 0.419235 0.0289319 0.043522 0.0144163
0 0.423462 0.328895 0.0211256 0.0584798 0.0144162
0 0.407326 0.406391 0.0432314 0.0633933 0.0143845
0 0.763535 0.416293 0.0265906 0.0526522 0.0143531
0 0.749069 0.378738 0.0537988 0.0956364 0.0143455
0 0.49526 0.404153 0.0675114 0.105177 0.0143344
0 0.322887 0.267372 0.0516858 0.0559108 0.0143311
0 0.394268 0.404316 0.0476707 0.0707076 0.0143159
0 0.835794 0.325794 0.0440752 0.107962 0.0143088
0 0.80082 0.346755 0.0667961 0.111278 0.0142485
0 0.931488 0.649148 0.1118 0.157116 0.0142299
0 0.409332 0.436721 0.0317266 0.041588 0.0142285
0 0.528484 0.319709 0.0332644 0.0426501 0.0142105
0 0.410401 0.453142 0.038255 0.044815 0.0141648
0 0.103858 0.647655 0.0505153 0.0887653 0.0141085
0 0.572926 0.158759 0.176849 0.251948 0.0140844
0 0.455194 0.303568 0.0321554 0.0411169 0.0140111
0 0.0328582 0.667948 0.0561069 0.155523 0.0139024
0 0.996631 0.505505 0.0090929 0.0840273 0.0138812
0 0.991669 0.804204 0.0165056 0.101675 0.0138221
0 0.100559 0.618674 0.0662946 0.100287 0.013813
0 0.35046 0.333877 0.0246771 0.111112 0.0137147
0 0.611778 0.43335 0.0361888 0.0510713 0.0136656
0 0.634544 0.50191 0.0384624 0.0528704 0.0136593
0 0.803267 0.27819 0.0337284 0.0496941 0.0135989
0 0.553653 0.450818 0.0160458 0.0245924 0.0135794
0 0.522825 0.29555 0.0346667 0.0385483 0.0135418
0 0.633242 0.165488 0.220614 0.319351 0.0134961
0 0.426573 0.442149 0.0195494 0.0274105 0.0134423
0 0.0282522 0.497122 0.0309234 0.0998899 0.0134289
0 0.340819 0.237182 0.0428452 0.0646212 0.0134256
0 0.741843 0.398796 0.0390183 0.0632107 0.0134191
0 0.0634699 0.569046 0.0669074 0.0918588 0.0133892
0 0.295594 0.313107 0.112474 0.202285 0.0133795
0 0.846395 0.424696 0.0170437 0.0369638 0.0133676
0 0.458121 0.343671 0.0371622 0.0809235 0.0133542
0 0.393021 0.304666 0.0278505 0.0424777 0.0133389
0 0.36978 0.324669 0.0496066 0.114126 0.0133318
0 0.481004 0.355435 0.0312972 0.05361 0.0133026
0 0.554894 0.381893 0.0208489 0.0450994 0.0132661
0 0.863438 0.204528 0.0318176 0.0604429 0.0132522
0 0.715421 0.482005 0.0187899 0.0407874 0.0132293
0 0.45862 0.380142 0.0402998 0.102785 0.0131607
0 0.341421 0.260028 0.0358713 0.0491152 0.0131516
0 0.47799 0.289825 0.0246738 0.0302594 0.0131145
0 0.694296 0.647749 0.0584667 0.0926947 0.0131132
0 0.383232 0.306514 0.040683 0.0579417 0.0130943
0 0.933903 0.420533 0.0465668 0.0620162 0.0130806
0 0.479262 0.306614 0.0249312 0.0320531 0.0130688
0 0.471039 0.386277 0.0340803 0.088435 0.0130523
0 0.859808 0.363771 0.0481892 0.0931586 0.0130152
0 0.443406 0.33768 0.0283619 0.0706865 0.0129511
0 0.724585 0.625418 0.0630791 0.0681463 0.0129256
0 0.533451 0.437781 0.0126237 0.0222822 0.0129242
0 0.466314 0.30492 0.0278172 0.0382553 0.0129135
0 0.798527 0.302707 0.0335965 0.0583863 0.0129041
0 0.987099 0.356009 0.0275482 0.0933194 0.0128835
0 0.688562 0.618924 0.0631233 0.108937 0.0128496
