0 0.204657 0.422518 0.0768622 0.081672 0.917076
0 0.285881 0.417554 0.0778146 0.0817883 0.871678
0 0.0974894 0.44207 0.118759 0.103275 0.867943
0 0.479036 0.411111 0.0496341 0.0665641 0.794695
0 0.355721 0.411904 0.0361472 0.0404436 0.648273
0 0.445638 0.411201 0.0192386 0.0289669 0.596209
0 0.452793 0.411094 0.0168238 0.0341749 0.488238
0 0.330555 0.415477 0.0196815 0.0324721 0.486428
0 0.40636 0.416732 0.0138077 0.016589 0.483192
0 0.418201 0.415767 0.0122439 0.0155772 0.432905
0 0.391858 0.419543 0.014727 0.0181239 0.387668
0 0.382227 0.415805 0.0173512 0.0224023 0.341044
0 0.456244 0.411682 0.0146537 0.0378452 0.285639
0 0.549934 0.406913 0.0290863 0.033578 0.282822
0 0.443501 0.414036 0.0147799 0.0219459 0.252254
