0 0.136107 0.571362 0.195381 0.22997 0.921865
0 0.5625 0.538331 0 0.139223 0.908921
0 0.5625 0.675403 0 0.533988 0.906022
0 0.304691 0.512433 0.0543642 0.082309 0.894271
0 0.227717 0.50062 0.0646272 0.0902101 0.889456
0 0.526191 0.537772 0.0430753 0.121627 0.879909
0 0.420664 0.567215 0.223991 0.438404 0.871661
0 0.0628371 0.607418 0.125674 0.410588 0.776137
0 0.330144 0.491447 0.0159454 0.0338617 0.315205
0 0.332282 0.484258 0.0158464 0.0322799 0.154054
0 0.0730415 0.776601 0.145919 0.440104 0.13179
0 0.328586 0.502588 0.0180351 0.0511837 0.129613
0 0.511403 0.471441 0.0189986 0.0300893 0.129507
0 0.511948 0.471209 0.0159246 0.0208617 0.125012
0 0.545496 0.478371 0.0340077 0.079203 0.10673
0 0.0989779 0.838024 0.195975 0.323952 0.10281
0 0.307026 0.469134 0.0297742 0.0271278 0.101805
0 0.333642 0.488431 0.012517 0.0239049 0.0981768
0 0.553977 0.53521 0.0170467 0.065586 0.0963346
0 0.554471 0.502951 0.016058 0.0354991 0.095601
0 0.33655 0.470884 0.0113263 0.02364 0.0943178
0 0.0515816 0.498362 0.0298951 0.0459129 0.092737
0 0.524752 0.504818 0.0378098 0.0549973 0.0926439
0 0.0571953 0.496008 0.0387749 0.0556913 0.0912541
0 0.32693 0.503223 0.0152518 0.0361136 0.0881421
0 0.518145 0.472148 0.0326435 0.0362457 0.0853732
0 0.0634967 0.678069 0.126715 0.228453 0.0846017
0 0.199311 0.465772 0.028471 0.0338915 0.0823377
0 0.334152 0.473965 0.010938 0.0208678 0.0813689
0 0.27811 0.511992 0.0197953 0.0546734 0.0788363
0 0.275911 0.511717 0.0145182 0.0400957 0.0780743
0 0.249575 0.500997 0.0242092 0.0616865 0.0741267
0 0.19403 0.468436 0.0219173 0.028424 0.0741217
0 0.554266 0.515207 0.0164675 0.050979 0.0739509
0 0.329893 0.500948 0.0125375 0.0273973 0.0736144
0 0.5625 0.461166 0 0.100059 0.0714705
0 0.336966 0.485469 0.0132848 0.0231251 0.0708926
0 0.5625 0.536264 0 0.0968174 0.0661644
0 0.342765 0.47584 0.0369164 0.0537506 0.0657057
0 0.5625 0.543002 0 0.151058 0.0645474
0 0.32246 0.480138 0.0201856 0.0218204 0.0624996
0 0.256975 0.488143 0.0284812 0.0751083 0.062208
0 0.5625 0.6022 0 0.135986 0.0619841
0 0.0651575 0.771904 0.130099 0.269212 0.061966
0 0.526173 0.489167 0.0372472 0.0451771 0.0617797
0 0.0104701 0.45682 0.0208582 0.0442285 0.0613789
0 0.5625 0.538613 0 0.0215396 0.0607083
0 0.555216 0.498038 0.0145675 0.0434744 0.0606827
0 0.5625 0.574181 0 0.116836 0.0601154
0 0.0245219 0.514327 0.0490437 0.185673 0.0589157
0 0.272657 0.512621 0.0214984 0.0544476 0.0583837
0 0.261313 0.498919 0.0205098 0.0487432 0.0577598
0 0.963817 0.210114 0.0742435 0.255314 0.0564077
0 0.238675 0.501043 0.0409136 0.0744358 0.0558124
0 0.0659558 0.497005 0.0523633 0.0647738 0.0557096
0 0.2557 0.502665 0.021536 0.0541604 0.0548138
0 0.411642 0.409157 0.145423 0.12799 0.0542349
0 0.572491 0.531808 0.0552069 0.0879066 0.0541652
0 0.548207 0.478426 0.0594939 0.0715924 0.0532034
0 0.332498 0.47681 0.015597 0.0185506 0.0515791
0 0.0762683 0.501283 0.0718601 0.0822449 0.0515143
0 0.214634 0.464893 0.0561507 0.057855 0.0505562
0 0.00752502 0.451171 0.0150777 0.0419359 0.0503609
0 0.663164 0.49173 0.0607637 0.0445103 0.0502211
0 0.283283 0.505794 0.0226057 0.0555147 0.0497288
0 0.308082 0.470983 0.0209319 0.0218367 0.0496884
0 0.19509 0.459902 0.0261009 0.0324156 0.0494192
0 0.0206273 0.480036 0.0418539 0.105001 0.0493085
0 0.513715 0.482701 0.0177755 0.0302015 0.0488282
0 0.42472 0.443751 0.18095 0.195909 0.0483638
0 0.193263 0.47689 0.0208997 0.0310397 0.0478145
0 0.0972689 0.493505 0.0798895 0.0660906 0.0474844
0 0.58649 0.504432 0.0266314 0.0365548 0.0474364
0 0.97199 0.579243 0.0555338 0.079627 0.0472293
0 0.249408 0.472374 0.0450231 0.0874748 0.0471943
0 0.260328 0.504259 0.0130198 0.0345132 0.0463785
0 0.679086 0.495298 0.0396318 0.0452592 0.0463611
0 0.826286 0.484964 0.115835 0.0640626 0.0462537
0 0.387607 0.454951 0.131205 0.164954 0.0458236
0 0.19177 0.479628 0.0314956 0.0402333 0.0458044
0 0.966934 0.551958 0.0619783 0.230847 0.0454792
0 0.512384 0.467656 0.0299152 0.0389511 0.0454742
0 0.0543927 0.533019 0.0660998 0.118889 0.0450393
0 0.430314 0.43056 0.129518 0.147842 0.0449909
0 0.0126418 0.454132 0.024631 0.0943328 0.0449863
0 0.0426388 0.503062 0.0636825 0.12948 0.0446501
0 0.321334 0.50719 0.0157435 0.0299899 0.0446049
0 0.208208 0.458151 0.0490784 0.0401627 0.0439927
0 0.0386201 0.505925 0.0740558 0.204541 0.043929
0 0.0958562 0.653269 0.133999 0.372322 0.0437171
0 0.199342 0.488258 0.022366 0.0333687 0.0429902
0 0.178275 0.471332 0.0627226 0.0572304 0.0426286
0 0.962703 0.556291 0.0344032 0.0408481 0.0425347
0 0.0567279 0.508181 0.0566431 0.108942 0.0418508
0 0.700111 0.502881 0.0193686 0.0238705 0.0416202
0 0.973542 0.508224 0.0554571 0.244535 0.0414942
0 0.285877 0.487959 0.0213568 0.0394741 0.0413352
0 0.697392 0.51582 0.019698 0.0260312 0.0401407
0 0.189855 0.461313 0.0262285 0.0271774 0.0398898
0 0.722091 0.475027 0.0605788 0.0786943 0.0395512
0 0.345249 0.67851 0.0733409 0.203694 0.0391765
0 0.195781 0.482636 0.018728 0.0287594 0.0391737
0 0.285796 0.488888 0.0463758 0.0737262 0.0384938
0 0.175539 0.450023 0.0305613 0.0289277 0.0381541
0 0.528027 0.524493 0.0346252 0.0851601 0.0376657
0 0.169178 0.570845 0.126375 0.208533 0.0373157
0 0.661274 0.505479 0.070227 0.0695526 0.0370909
0 0.784797 0.480642 0.0884137 0.0500637 0.0370619
0 0.645498 0.497572 0.100275 0.0568731 0.0369598
0 0.976216 0.643184 0.0454653 0.205984 0.0357923
0 0.275581 0.520302 0.013365 0.0329266 0.0354346
0 0.594916 0.487754 0.0445039 0.0577922 0.0354316
0 0.0443579 0.49771 0.0212816 0.0353127 0.035232
0 0.404232 0.363062 0.0894818 0.126022 0.0352022
0 0.587297 0.518608 0.0247667 0.0518939 0.0351064
0 0.718581 0.487382 0.0447292 0.0443874 0.0350287
0 0.257334 0.506693 0.0145643 0.041567 0.0349957
0 0.580822 0.537696 0.0208661 0.0421013 0.0349181
0 0.337671 0.478254 0.0167619 0.0325201 0.0348229
0 0.888255 0.503018 0.0267971 0.0361341 0.0347771
0 0.850609 0.494085 0.066836 0.0489644 0.0347227
0 0.0161196 0.409639 0.033608 0.181147 0.0342719
0 0.066927 0.517617 0.055152 0.1006 0.0339632
0 0.0406079 0.495381 0.0267257 0.0450396 0.0337991
0 0.323752 0.26738 0.0803354 0.158836 0.0337644
0 0.173605 0.492215 0.0757418 0.0639737 0.0337025
0 0.419608 0.387683 0.0602893 0.0872515 0.0334516
0 0.219128 0.529084 0.0368358 0.0648127 0.0333226
0 0.842401 0.484231 0.196631 0.14729 0.0331099
0 0.0822074 0.528207 0.0684804 0.0943242 0.033089
0 0.0827718 0.514513 0.0913228 0.112869 0.0330276
0 0.243594 0.460115 0.0440199 0.0534146 0.0329494
0 0.511941 0.545968 0.0513511 0.124993 0.0327337
0 0.0925559 0.602929 0.112343 0.1925 0.0325803
0 0.480252 0.432775 0.037519 0.0354796 0.0324501
0 0.603185 0.53732 0.0543478 0.129388 0.0322062
0 0.530085 0.455271 0.0634904 0.0954434 0.0321915
0 0.454007 0.459443 0.136659 0.0776789 0.031755
0 0.491158 0.451483 0.0384539 0.0466021 0.0314734
0 0.378629 0.460381 0.105922 0.0739261 0.030953
0 0.250421 0.456363 0.0592497 0.117259 0.0309426
0 0.343696 0.487662 0.04423 0.0808574 0.0309225
0 0.41511 0.326914 0.0214864 0.0315553 0.0307977
0 0.65594 0.535432 0.0827025 0.117447 0.0306938
0 0.694615 0.521214 0.0241789 0.0314476 0.0303946
0 0.697425 0.496926 0.0229607 0.0332892 0.0302995
0 0.0772658 0.904011 0.147523 0.184376 0.0301562
0 0.0311797 0.517096 0.043318 0.099775 0.0299519
0 0.209317 0.495725 0.0321339 0.047038 0.0298258
0 0.471651 0.425637 0.0380077 0.0307072 0.0296656
0 0.550561 0.457145 0.0945444 0.105924 0.0295961
0 0.910078 0.484094 0.0838736 0.0992893 0.0293616
0 0.400376 0.390422 0.0894763 0.122706 0.0287731
0 0.781033 0.133647 0.0259949 0.0332174 0.0287295
0 0.472372 0.461437 0.0788495 0.072986 0.0286213
0 0.496266 0.491306 0.0319356 0.0488967 0.028579
0 0.0277759 0.413566 0.0572929 0.202637 0.0285726
0 0.204839 0.512416 0.0285806 0.0604631 0.0285024
0 0.183181 0.485581 0.0430637 0.0511113 0.0284197
0 0.752701 0.536169 0.122537 0.0930401 0.0281797
0 0.947606 0.526807 0.0189548 0.0341392 0.0281268
0 0.605719 0.50616 0.0518559 0.0636427 0.0279897
0 0.828265 0.526241 0.135844 0.087513 0.0279586
0 0.517032 0.471675 0.0175124 0.0225989 0.0279029
0 0.220375 0.492248 0.0482505 0.0675953 0.027846
0 0.892083 0.495013 0.0343235 0.0494389 0.0278277
0 0.946962 0.586032 0.115502 0.0880834 0.0277552
0 0.201094 0.468823 0.039351 0.0426284 0.0276417
0 0.0600176 0.512847 0.0403216 0.0725405 0.0276372
0 0.477984 0.451012 0.0577294 0.0550713 0.0275979
0 0.072772 0.719457 0.103926 0.114175 0.0275676
0 0.711047 0.490181 0.0862214 0.0843222 0.027483
0 0.30217 0.777818 0.0250082 0.0365999 0.0272963
0 0.894721 0.472585 0.0726347 0.0930863 0.0271038
0 0.777899 0.499292 0.0757658 0.0344092 0.0270697
0 0.181266 0.467233 0.0368014 0.0344459 0.0270547
0 0.333879 0.507381 0.0148934 0.0265494 0.027024
0 0.203822 0.500504 0.0433263 0.0637121 0.0269898
0 0.208305 0.54379 0.049317 0.118127 0.0269499
0 0.484296 0.444985 0.039872 0.0472939 0.0269077
0 0.389549 0.477475 0.112542 0.10648 0.0267925
0 0.775922 0.132666 0.0328945 0.0400806 0.0267377
0 0.672864 0.53141 0.0667408 0.0925738 0.0267127
0 0.203446 0.449528 0.0453084 0.0490189 0.0265756
0 0.59541 0.528179 0.0374989 0.0847157 0.0265642
0 0.406025 0.393902 0.0723246 0.0706256 0.0265038
0 0.706495 0.516418 0.0857661 0.0948981 0.026487
0 0.0866165 0.984576 0.0601954 0.0300554 0.0264433
0 0.541255 0.482289 0.0499111 0.0541678 0.0264273
0 0.674557 0.544652 0.0889005 0.0922385 0.0261219
0 0.183467 0.463096 0.0210533 0.0221346 0.0260868
0 0.46431 0.264477 0.0174561 0.0247638 0.0260743
0 0.967541 0.66832 0.0646759 0.218668 0.0258973
0 0.104903 0.722219 0.0404278 0.0919754 0.0258817
0 0.306455 0.552642 0.0217321 0.0759204 0.0258593
0 0.648388 0.564894 0.0942615 0.137228 0.0258482
0 0.362331 0.453292 0.063518 0.0625365 0.0258383
0 0.732934 0.48457 0.0415426 0.0433997 0.025751
0 0.767836 0.504541 0.0698879 0.0292654 0.0256736
0 0.98954 0.593727 0.0194031 0.0767502 0.0256123
0 0.80377 0.496965 0.132935 0.0439111 0.025497
0 0.319077 0.535747 0.0148674 0.0333808 0.0253668
0 0.0300296 0.461733 0.0572466 0.163377 0.0253257
0 0.550903 0.53052 0.0187833 0.0389225 0.0250836
0 0.0956506 0.706829 0.0580663 0.122517 0.0250672
0 0.535332 0.531768 0.0277213 0.0748015 0.0250096
0 0.272665 0.467881 0.0283743 0.0578463 0.0249611
0 0.761208 0.463083 0.123233 0.0996445 0.0248909
0 0.14444 0.492315 0.0734916 0.0647498 0.0248819
0 0.784658 0.491005 0.185051 0.129537 0.0246854
0 0.942577 0.597512 0.105593 0.164863 0.0244578
0 0.467012 0.235531 0.0284082 0.0660714 0.0242949
0 0.371247 0.411677 0.045193 0.0461294 0.0242772
0 0.3679 0.421242 0.0467888 0.039218 0.0240924
0 0.88297 0.528673 0.221145 0.269971 0.0239786
0 0.984004 0.724919 0.0318766 0.273601 0.0239777
0 0.293071 0.50625 0.0378946 0.0648485 0.0238861
0 0.0856483 0.783383 0.111638 0.101858 0.0238206
0 0.135423 0.611702 0.121682 0.134026 0.0237588
0 0.389814 0.276789 0.153343 0.195356 0.0236955
0 0.708104 0.469073 0.114005 0.103952 0.0236088
0 0.780587 0.126388 0.0418426 0.0570414 0.0235662
0 0.0642443 0.544404 0.0546402 0.090901 0.0235276
0 0.827262 0.50718 0.108976 0.0635635 0.0235027
0 0.692004 0.539684 0.120675 0.150991 0.0234395
0 0.199581 0.519786 0.0570989 0.0811913 0.0233882
0 0.163463 0.449317 0.0332503 0.0261192 0.0233146
0 0.839718 0.466033 0.105489 0.11747 0.0232264
0 0.0175713 0.440898 0.0323028 0.106479 0.0231837
0 0.734423 0.50403 0.0229432 0.0170445 0.0231645
0 0.751134 0.505198 0.0539114 0.0268832 0.0230765
0 0.487644 0.718228 0.0825491 0.118385 0.0230749
0 0.22824 0.417615 0.0477164 0.0637632 0.0229563
0 0.322024 0.265643 0.0362349 0.129869 0.0229051
0 0.515389 0.517476 0.0546624 0.131045 0.0227526
0 0.239916 0.391817 0.03983 0.0526339 0.0226299
0 0.73222 0.530563 0.196415 0.220062 0.0226054
0 0.703554 0.365394 0.0296661 0.0455777 0.0225813
0 0.658039 0.629027 0.104558 0.215056 0.0224857
0 0.706944 0.548945 0.100919 0.101601 0.022437
0 0.575842 0.475109 0.11163 0.102306 0.0223084
0 0.924619 0.691806 0.142752 0.379292 0.0223057
0 0.896668 0.525906 0.0254776 0.0209244 0.0221475
0 0.722283 0.458735 0.076164 0.0982344 0.022128
0 0.151918 0.664769 0.157673 0.285917 0.0221199
0 0.344148 0.487183 0.0292594 0.0443141 0.0220828
0 0.586036 0.540084 0.0326034 0.0809993 0.021759
0 0.567237 0.920745 0.0267953 0.0496236 0.0217551
0 0.21334 0.503917 0.0459998 0.0696893 0.0216983
0 0.22583 0.444358 0.059003 0.0584461 0.0216668
0 0.237143 0.424274 0.0500068 0.0730253 0.021486
0 0.389566 0.489188 0.068347 0.0921577 0.0213667
0 0.674605 0.484808 0.0478461 0.0517271 0.0213512
0 0.808982 0.81481 0.12811 0.145864 0.0213192
0 0.420958 0.408898 0.0505999 0.0517668 0.0213128
0 0.405133 0.324996 0.11724 0.200857 0.0212396
0 0.245881 0.456713 0.0284498 0.0411096 0.02123
0 0.952792 0.527354 0.019408 0.0351338 0.0211789
0 0.95047 0.630088 0.0902966 0.296983 0.0211148
0 0.0420611 0.48325 0.0394141 0.0586377 0.0210637
0 0.720596 0.503357 0.0413865 0.027892 0.0210487
0 0.173155 0.457042 0.0217693 0.0222539 0.0210451
0 0.061131 0.560681 0.0998235 0.245983 0.0210173
0 0.0116795 0.402723 0.0263475 0.13032 0.0207772
0 0.838497 0.548453 0.11224 0.115521 0.0207455
0 0.185382 0.503521 0.0713976 0.0794539 0.020713
0 0.344565 0.295266 0.0945199 0.19473 0.0207033
0 0.495507 0.472183 0.0620778 0.101011 0.020686
0 0.760159 0.465725 0.17754 0.119788 0.0206517
0 0.474914 0.465854 0.101258 0.15965 0.020641
0 0.982522 0.486042 0.038644 0.156369 0.0206287
0 0.923635 0.414077 0.0237629 0.0298774 0.020617
0 0.171666 0.466843 0.041311 0.0333679 0.0206129
0 0.541239 0.37665 0.0247842 0.0317868 0.0205717
0 0.915043 0.497953 0.0460602 0.0580019 0.0205329
0 0.717607 0.505919 0.0255629 0.0190821 0.0205021
0 0.278536 0.52904 0.0201461 0.0536164 0.0204631
0 0.489457 0.246938 0.039984 0.0640083 0.0203719
0 0.170834 0.457132 0.0621947 0.0545273 0.0203077
0 0.968327 0.17321 0.0627472 0.13863 0.0201228
0 0.0194991 0.5431 0.0361961 0.155216 0.0201193
0 0.855438 0.477848 0.0729733 0.0940248 0.0201061
0 0.149881 0.669352 0.0510816 0.0679669 0.0200201
0 0.0768609 0.764103 0.102125 0.0814309 0.0200039
0 0.259507 0.522165 0.020635 0.0481838 0.0199406
0 0.0890674 0.480277 0.0635754 0.0445503 0.0197771
0 0.277756 0.524934 0.0142367 0.0336568 0.0197615
0 0.496521 0.456006 0.0214456 0.0266624 0.0197034
0 0.280597 0.462797 0.0318811 0.053948 0.0196669
0 0.489645 0.473075 0.0479074 0.0547142 0.0196391
0 0.711969 0.525827 0.0435957 0.0407479 0.0196285
0 0.8901 0.521747 0.0278734 0.0249505 0.0196017
0 0.353319 0.508836 0.0382981 0.0822696 0.0196003
0 0.154997 0.508104 0.0990274 0.0961979 0.0195018
0 0.744959 0.501909 0.0251897 0.0178312 0.019434
0 0.65465 0.485524 0.0631988 0.0410006 0.0194248
0 0.37097 0.441145 0.0648786 0.0511404 0.0194082
0 0.416752 0.73371 0.131991 0.0826324 0.0193933
0 0.500314 0.566835 0.0398226 0.0772034 0.019383
0 0.189351 0.589331 0.0920282 0.151529 0.0193668
