0 0.54731 0.671216 0.015976 0.019416 0.446257
0 0.542026 0.672061 0.0134086 0.0179924 0.26289
0 0.549137 0.670958 0.0112634 0.0158734 0.247788
0 0.547725 0.669369 0.0209308 0.0249059 0.242115
0 0.539936 0.672807 0.0096036 0.0135285 0.240145
0 0.559412 0.668007 0.00617647 0.0191751 0.236138
0 0.0287614 0.665678 0.0575228 0.123387 0.20964
0 0.175372 0.676991 0.0759081 0.090072 0.20788
0 0.55891 0.669818 0.00717955 0.016544 0.203846
0 0.552119 0.673375 0.0121876 0.0166226 0.180919
0 0.201198 0.671697 0.128279 0.0921215 0.177706
0 0.0623658 0.664033 0.124732 0.135252 0.171889
0 0.516055 0.662151 0.0196901 0.0275976 0.149904
0 0.553761 0.67101 0.0121446 0.0179675 0.144212
0 0.535166 0.671774 0.0119819 0.017328 0.142251
0 0.55723 0.670348 0.0105409 0.0198177 0.140068
0 0.231408 0.671319 0.0687324 0.0798228 0.137339
0 0.5625 0.68615 0 0.0382455 0.128889
0 0.11256 0.702128 0.0579846 0.0529329 0.123516
0 0.427478 0.674767 0.02245 0.0447429 0.121949
0 0.158311 0.67777 0.127045 0.100123 0.117153
0 0.510325 0.661995 0.0271635 0.0330366 0.117022
0 0.527401 0.668067 0.0137594 0.0194809 0.113753
0 0.539736 0.668437 0.0129897 0.0190102 0.110969
0 0.0678413 0.625671 0.135683 0.226031 0.110546
0 0.494752 0.660365 0.0211972 0.0342252 0.105909
0 0.549448 0.674452 0.0102197 0.0159529 0.102763
0 0.555999 0.667807 0.0130014 0.0205608 0.102565
0 0.5625 0.661752 0 0.0327264 0.0985182
0 0.183479 0.697461 0.0536107 0.0490275 0.0947965
0 0.0744449 0.678353 0.0837362 0.0817583 0.0943728
0 0.15473 0.681925 0.0747797 0.0809308 0.0875302
0 0.0900464 0.669862 0.0955491 0.110341 0.0874854
0 0.5625 0.696351 0 0.0294362 0.0853368
0 0.392113 0.673573 0.0294142 0.0454893 0.0848325
0 0.132527 0.693423 0.0712268 0.0672267 0.0815895
0 0.113107 0.674429 0.0589277 0.0711425 0.0803822
0 0.454595 0.675801 0.0581265 0.0582409 0.0801382
0 0.0952136 0.677222 0.0386775 0.0519009 0.0800005
0 0.405887 0.671614 0.0566129 0.0560549 0.0760096
0 0.243051 0.673696 0.0459436 0.0662532 0.0757729
0 0.5625 0.697972 0 0.0365645 0.0755714
0 0.5625 0.665918 0 0.0230116 0.0743991
0 0.475521 0.678944 0.0275044 0.0399645 0.0741859
0 0.5625 0.665669 0 0.0350188 0.074075
0 0.491007 0.66798 0.0260872 0.0434251 0.0730488
0 0.514783 0.668344 0.015941 0.0205391 0.0729482
0 0.539947 0.676101 0.010164 0.0151667 0.0728515
0 0.10656 0.68534 0.0578424 0.0641464 0.0727051
0 0.131439 0.552 0.262253 0.37565 0.0704701
0 0.278223 0.67435 0.0357837 0.0626682 0.0704001
0 0.986132 0.707686 0.027976 0.0526733 0.0691183
0 0.967251 0.667618 0.0665668 0.0632824 0.0685348
0 0.584173 0.661005 0.0315474 0.0355015 0.066577
0 0.769057 0.677054 0.0447117 0.0436337 0.0654165
0 0.510406 0.66743 0.0139841 0.0237823 0.0652605
0 0.115096 0.713204 0.068306 0.0502274 0.0639775
0 0.829641 0.699083 0.0493618 0.0350381 0.0637746
0 0.930447 0.697211 0.0358196 0.0258603 0.0636523
0 0.633225 0.66473 0.039883 0.0454838 0.0621355
0 0.699348 0.672433 0.0333139 0.0392812 0.0615034
0 0.613705 0.665562 0.0286923 0.0407307 0.0613726
0 0.327033 0.672189 0.0443086 0.0517083 0.0610831
0 0.111339 0.657335 0.0827852 0.129518 0.0591028
0 0.696017 0.658321 0.0410872 0.0495939 0.0589601
0 0.0242572 0.687625 0.0476001 0.0997891 0.058325
0 0.426656 0.678578 0.01783 0.0304508 0.0580448
0 0.0811993 0.570177 0.163508 0.336752 0.0571969
0 0.70279 0.652836 0.0351553 0.0439328 0.0570436
0 0.664503 0.663912 0.0444657 0.0519133 0.0567027
0 0.891189 0.699584 0.0379116 0.031065 0.0566589
0 0.592189 0.669375 0.0270029 0.0386798 0.0565923
0 0.147668 0.65117 0.192028 0.164192 0.0538495
0 0.72553 0.641278 0.0389256 0.0353041 0.0527922
0 0.627166 0.657189 0.0529478 0.0612381 0.0520239
0 0.486355 0.675896 0.0211035 0.0309113 0.0514929
0 0.686007 0.669068 0.0356647 0.0427149 0.0512434
0 0.0502944 0.596869 0.096268 0.29399 0.0511239
0 0.723215 0.668109 0.0515977 0.0480837 0.0504967
0 0.530155 0.662501 0.0146679 0.0243206 0.0503988
0 0.512984 0.673771 0.0166575 0.0206527 0.0501462
0 0.758438 0.679928 0.0204779 0.0240807 0.049027
0 0.498176 0.666458 0.0166713 0.0246344 0.0487047
0 0.975684 0.609998 0.0475134 0.0616354 0.0481392
0 0.0622627 0.693327 0.0573074 0.0706423 0.0481199
0 0.931289 0.690841 0.0322676 0.0179052 0.047893
0 0.59921 0.667302 0.0160836 0.0247603 0.047207
0 0.864166 0.69947 0.0418356 0.0336227 0.046057
0 0.266104 0.672066 0.0416811 0.0596761 0.0449641
0 0.328449 0.672171 0.0641851 0.064738 0.0448545
0 0.241925 0.690393 0.0491899 0.0549238 0.0445144
0 0.193606 0.659934 0.14373 0.137047 0.0443419
0 0.53755 0.675489 0.0115155 0.0161739 0.0438815
0 0.661931 0.671926 0.0320672 0.0366115 0.0434008
0 0.12839 0.70327 0.0954706 0.0691771 0.0432113
0 0.716559 0.67804 0.0399832 0.0349648 0.043007
0 0.600379 0.649318 0.0189881 0.0288227 0.0427734
0 0.895459 0.694718 0.0301363 0.0261202 0.0425036
0 0.487898 0.674683 0.015333 0.0247146 0.0417439
0 0.459862 0.667084 0.0744655 0.0721103 0.0414271
0 0.648117 0.658071 0.0672259 0.0673979 0.0410574
0 0.288158 0.672174 0.0528892 0.0701387 0.0409897
0 0.255001 0.677186 0.034659 0.0565805 0.0406843
0 0.774342 0.681367 0.0228396 0.0229395 0.0406413
0 0.912539 0.700218 0.0470467 0.0328166 0.040641
0 0.705085 0.674177 0.0269376 0.030479 0.0402516
0 0.58812 0.670398 0.0137726 0.0211124 0.0397673
0 0.56598 0.959805 0.0236265 0.0819543 0.0390289
0 0.0267282 0.636424 0.0480905 0.164722 0.0375783
0 0.479343 0.679165 0.0185309 0.0276296 0.0372665
0 0.646468 0.669687 0.0375809 0.0387594 0.0359292
0 0.933061 0.704983 0.0472462 0.0390988 0.0357503
0 0.0339681 0.318141 0.0675197 0.12969 0.0356857
0 0.0176756 0.721508 0.0350653 0.054176 0.0355625
0 0.410798 0.656425 0.06184 0.0942575 0.0352298
0 0.727777 0.676632 0.0479615 0.0423335 0.0351747
0 0.0221165 0.711412 0.0441124 0.0721885 0.0350209
0 0.444862 0.67519 0.03293 0.0478653 0.0349919
0 0.0410384 0.687615 0.0518543 0.0871533 0.0349604
0 0.090298 0.703088 0.0852099 0.0751267 0.0345707
0 0.422932 0.664397 0.0283059 0.0537847 0.0342771
0 0.689033 0.677386 0.0303779 0.0303729 0.0340153
0 0.110034 0.635317 0.0671504 0.119275 0.0337877
0 0.495784 0.646493 0.0175295 0.0346872 0.0330808
0 0.745424 0.683943 0.0377073 0.0376631 0.0330407
0 0.157028 0.696181 0.104599 0.0848599 0.0330333
0 0.478015 0.689058 0.018744 0.0268582 0.0330046
0 0.0344336 0.737452 0.0694155 0.251044 0.0328963
0 0.382377 0.665001 0.0521565 0.0693461 0.0326433
0 0.306047 0.668543 0.0931931 0.0812859 0.0326283
0 0.960271 0.616507 0.0643848 0.0510574 0.0325684
0 0.0826078 0.642642 0.115858 0.160859 0.0321461
0 0.613116 0.672539 0.019937 0.0279586 0.0321036
0 0.485161 0.690286 0.018942 0.0271945 0.0319118
0 0.386571 0.630549 0.0268729 0.0367789 0.0314409
0 0.551261 0.654331 0.0168747 0.0276888 0.0312905
0 0.456261 0.652846 0.0778632 0.118011 0.03104
0 0.427214 0.687135 0.0165164 0.0306636 0.0303657
0 0.979474 0.590221 0.0413666 0.115029 0.0303468
0 0.0504049 0.787936 0.0933805 0.196043 0.0300568
0 0.964737 0.691081 0.0671684 0.0623108 0.0299918
0 0.7064 0.630631 0.0513962 0.063058 0.0293787
0 0.0452878 0.516247 0.084749 0.334105 0.0290282
0 0.266797 0.685176 0.0537712 0.0692684 0.0288299
0 0.77263 0.660339 0.0514003 0.0503229 0.0284944
0 0.762066 0.606332 0.0796695 0.115216 0.0284914
0 0.636009 0.676035 0.0294347 0.0352476 0.0281658
0 0.948744 0.610934 0.0734303 0.0584523 0.0281318
0 0.72996 0.629326 0.0878098 0.0959145 0.0280951
0 0.509135 0.649077 0.0187927 0.0324935 0.0279177
0 0.79068 0.483737 0.0217406 0.0400551 0.0276716
0 0.0196834 0.63484 0.0396196 0.126465 0.0275885
0 0.708709 0.616136 0.065363 0.0956864 0.0271934
0 0.346634 0.669338 0.0766976 0.0710113 0.0266379
0 0.614118 0.639942 0.027855 0.0401276 0.0265398
0 0.138782 0.635696 0.122594 0.147823 0.0264874
0 0.521668 0.654466 0.0156526 0.0231431 0.0263261
0 0.761658 0.652057 0.0504375 0.0417204 0.0261778
0 0.705211 0.685913 0.0222139 0.0280536 0.0261273
0 0.765577 0.687181 0.0309172 0.0263181 0.0260831
0 0.777106 0.69025 0.0545974 0.045571 0.0260118
0 0.656715 0.680316 0.0215519 0.0250203 0.0260053
0 0.575567 0.626743 0.0237311 0.0391225 0.0259308
0 0.18146 0.708863 0.0660495 0.0587733 0.0256761
0 0.109103 0.656924 0.137911 0.14164 0.0255775
0 0.80487 0.699764 0.0255291 0.0280623 0.0255501
0 0.0409012 0.31182 0.0550095 0.0934161 0.025483
0 0.628343 0.635797 0.0426711 0.0546563 0.0254263
0 0.946635 0.709149 0.0545765 0.0479853 0.0249695
0 0.774228 0.689584 0.0302534 0.0275071 0.024856
0 0.289951 0.653854 0.0682202 0.120383 0.0248357
0 0.703386 0.678742 0.0214488 0.0248957 0.024829
0 0.796477 0.672197 0.0838267 0.0646971 0.0246746
0 0.17468 0.633002 0.0912689 0.146705 0.0246536
0 0.0340881 0.439544 0.071266 0.309523 0.0245223
0 0.0435862 0.296037 0.0477567 0.0664119 0.0244421
0 0.0600379 0.788922 0.118602 0.296568 0.0243597
0 0.68608 0.679224 0.0190759 0.0233268 0.0243242
0 0.110981 0.718129 0.0774354 0.0776159 0.0242941
0 0.546564 0.655947 0.0107499 0.0162769 0.0242089
0 0.64762 0.678586 0.0220009 0.02597 0.024184
0 0.393095 0.643078 0.036775 0.0566777 0.0240005
0 0.698764 0.609136 0.0397579 0.0762777 0.0236621
0 0.663637 0.636478 0.075366 0.0899357 0.0236555
0 0.433659 0.664338 0.0321294 0.0626903 0.0235703
0 0.889682 0.679887 0.0496843 0.0449982 0.0233703
0 0.0329911 0.588682 0.0646593 0.16621 0.0233411
0 0.648792 0.635724 0.0617162 0.0753195 0.0232432
0 0.0687754 0.842723 0.120683 0.156472 0.0226938
0 0.0584976 0.808957 0.0647643 0.0460627 0.0224148
0 0.725605 0.685667 0.0247409 0.0282633 0.0223724
0 0.560091 0.889579 0.0574972 0.170576 0.0222527
0 0.553806 0.654851 0.0101438 0.0164642 0.0221931
0 0.768624 0.619625 0.0631729 0.0756593 0.0220296
0 0.468704 0.700497 0.0240342 0.0336317 0.0220164
0 0.939855 0.666404 0.106119 0.0730907 0.0219544
0 0.681506 0.690579 0.0226172 0.0272427 0.0218951
0 0.418862 0.647505 0.095003 0.123083 0.0218728
0 0.825488 0.619482 0.1683 0.146704 0.0216633
0 0.738428 0.634478 0.0472 0.049172 0.0215556
0 0.93011 0.685949 0.0335043 0.0219133 0.0213049
0 0.319095 0.649463 0.0997396 0.119187 0.0213005
0 0.0322722 0.487349 0.0639245 0.170589 0.0212599
0 0.081202 0.462022 0.153955 0.227514 0.0211448
0 0.33244 0.653407 0.0730331 0.0970119 0.0210683
0 0.555906 0.652904 0.0113764 0.017906 0.0209622
0 0.876954 0.702087 0.0420078 0.0354706 0.0208057
0 0.829444 0.71436 0.0332888 0.0361788 0.0207575
0 0.170755 0.696844 0.173076 0.137759 0.0207331
0 0.654458 0.697713 0.0271518 0.0368986 0.0206111
0 0.820555 0.679638 0.0650998 0.055287 0.0205071
0 0.900724 0.711113 0.0297014 0.0327559 0.0204966
0 0.563909 0.931768 0.0372544 0.10869 0.0204607
0 0.780136 0.609133 0.0803545 0.100896 0.0204179
0 0.684688 0.632787 0.0686439 0.0832679 0.0203496
0 0.0258121 0.565391 0.0502469 0.128356 0.0203311
0 0.679305 0.638385 0.0907209 0.107202 0.0202435
0 0.778792 0.621767 0.156086 0.15634 0.0202259
0 0.589044 0.609182 0.0357894 0.0495733 0.0201027
0 0.0196414 0.735465 0.0396052 0.0835595 0.0199993
0 0.838946 0.621156 0.0307171 0.0393668 0.0199313
0 0.562429 0.999435 0.0339204 0.0365936 0.0199013
0 0.566005 0.645437 0.0157936 0.0256963 0.019844
0 0.630459 0.701645 0.028269 0.0407266 0.019799
0 0.0284179 0.987283 0.0491705 0.0298077 0.01971
0 0.503599 0.560043 0.0261085 0.0412392 0.0196088
0 0.0458244 0.83634 0.0835326 0.197232 0.0195968
0 0.995967 0.710675 0.00860691 0.0381573 0.0194233
0 0.566909 0.859865 0.0302742 0.0573534 0.0193594
0 0.818804 0.641431 0.0682047 0.0605687 0.019354
0 0.0594388 0.821801 0.0790262 0.0645198 0.0193515
0 0.445793 0.697833 0.027526 0.0354941 0.0193052
0 0.66814 0.683504 0.0250486 0.0283864 0.0192663
0 0.484784 0.433204 0.0509084 0.0749326 0.0190886
0 0.772522 0.69933 0.0700232 0.0763255 0.0189768
0 0.805593 0.652239 0.103585 0.0649871 0.0189182
0 0.434326 0.653721 0.043008 0.0875301 0.018896
0 0.702054 0.689157 0.020774 0.0240438 0.0188355
0 0.558681 0.859409 0.0211196 0.0489811 0.0188082
0 0.933778 0.707254 0.0939312 0.110506 0.0185801
0 0.881599 0.71334 0.0306305 0.0335827 0.0185663
0 0.854535 0.701123 0.0445948 0.0359392 0.0185527
0 0.0452769 0.913396 0.0832467 0.165008 0.0185478
0 0.0345355 0.889382 0.0697586 0.19353 0.0184887
0 0.820874 0.664426 0.0728172 0.0636968 0.0184879
0 0.855302 0.714549 0.0312365 0.0384986 0.0184791
0 0.910775 0.67793 0.0655386 0.0466896 0.0184375
0 0.533356 0.885672 0.0748828 0.163078 0.018437
0 0.879979 0.676862 0.0623037 0.0575482 0.018302
0 0.185162 0.615648 0.0722091 0.0897175 0.0181807
0 0.0604779 0.113358 0.0501922 0.0920742 0.0181477
0 0.68457 0.689745 0.0196791 0.0212718 0.0180728
0 0.0338185 0.424939 0.0635466 0.152032 0.017716
0 0.277272 0.696244 0.0253156 0.0404616 0.0176685
0 0.116612 0.81835 0.189807 0.34193 0.0176503
0 0.932428 0.606349 0.0850336 0.0733348 0.0175367
0 0.595499 0.95415 0.0608611 0.0941827 0.0174578
0 0.27981 0.628378 0.0421079 0.0881989 0.0174023
0 0.105872 0.598272 0.0518621 0.0670848 0.0173432
0 0.769439 0.602048 0.0513102 0.0843239 0.0172657
0 0.887315 0.614405 0.213918 0.187543 0.0172497
0 0.905241 0.670541 0.0827757 0.0706946 0.0172376
0 0.881017 0.662889 0.0881683 0.0757868 0.01717
0 0.0326598 0.96872 0.060321 0.0666899 0.0170061
0 0.691187 0.688583 0.0217564 0.0229814 0.0169432
0 0.388605 0.643838 0.116819 0.138732 0.0169128
0 0.0273403 0.754299 0.0576438 0.123957 0.016861
0 0.0166471 0.998247 0.0290985 0.0362652 0.0167516
0 0.0696264 0.800163 0.114399 0.163051 0.0165912
0 0.580206 0.585869 0.0261125 0.0405842 0.016479
0 0.688741 0.601877 0.054594 0.0824029 0.0164611
0 0.147056 0.439406 0.28347 0.552505 0.0164233
0 0.823486 0.617502 0.0574583 0.0609458 0.0163535
0 0.880133 0.708946 0.0766005 0.0868576 0.0162995
0 0.0350298 0.279236 0.0707213 0.201133 0.0162279
0 0.50914 0.564332 0.0339215 0.0543322 0.016212
0 0.262596 0.642203 0.0809579 0.118893 0.0161261
0 0.828475 0.633283 0.0539476 0.0497334 0.016084
0 0.25765 0.698669 0.0265866 0.0417757 0.015922
0 0.33668 0.64208 0.148276 0.163172 0.0159084
0 0.632205 0.595213 0.0366168 0.0550992 0.0158611
0 0.970919 0.573586 0.0518894 0.129763 0.0157092
0 0.0888623 0.231275 0.161206 0.328507 0.0156796
0 0.964466 0.709138 0.055475 0.0544052 0.015567
0 0.662591 0.837034 0.0675381 0.0869983 0.0155423
0 0.594927 1.01476 0.0465836 0.0357535 0.0155384
0 0.409558 0.690947 0.027045 0.03422 0.0155211
0 0.378547 0.631139 0.0385098 0.0497531 0.015495
0 0.588648 0.999972 0.0451626 0.0388258 0.0154928
0 0.65393 0.59567 0.0337628 0.047914 0.0154757
0 0.176743 0.828431 0.195707 0.323134 0.0154654
0 0.92222 0.185033 0.158119 0.328559 0.0153943
0 0.342435 0.675544 0.0328192 0.0449111 0.015363
0 0.622706 0.467925 0.0303395 0.0435284 0.0153529
0 0.135516 0.267011 0.241654 0.45018 0.0153189
0 0.896151 0.701781 0.0248432 0.0248416 0.0153162
0 0.498585 0.679695 0.0170541 0.0226515 0.0152628
0 0.593832 0.724971 0.0298128 0.0530601 0.0152478
0 0.0538056 0.841262 0.0935389 0.106935 0.0152162
0 0.640762 0.835387 0.0629129 0.0871635 0.0151959
