0 0.5625 0.631853 0 0.154509 0.747465
0 0.5625 0.625122 0 0.0710982 0.713573
0 0.0739806 0.639354 0.0384468 0.0448895 0.709569
0 0.5625 0.626678 0 0.0784689 0.651305
0 0.550563 0.617049 0.0238732 0.053737 0.632705
0 0.512367 0.614635 0.0502703 0.0460197 0.626236
0 0.468723 0.613641 0.0323695 0.031784 0.56145
0 0.5625 0.652474 0 0.178062 0.553861
0 0.5625 0.621288 0 0.0592811 0.521005
0 0.5625 0.633324 0 0.112554 0.460114
0 0.409884 0.613455 0.0313644 0.0291134 0.414346
0 0.359455 0.613318 0.0271507 0.0293756 0.395941
0 0.383211 0.613614 0.0262697 0.0270607 0.393789
0 0.3336 0.608915 0.0263826 0.0333568 0.389524
0 0.440542 0.60901 0.0279179 0.0289706 0.384668
0 0.5625 0.633676 0 0.102944 0.362845
0 0.289048 0.610458 0.0206679 0.0291375 0.351241
0 0.536913 0.612164 0.0266596 0.0376122 0.349013
0 0.311607 0.611219 0.027583 0.0353021 0.331793
0 0.0263746 0.635807 0.0452799 0.0307332 0.317569
0 0.54701 0.615939 0.0309802 0.0463838 0.317399
0 0.5625 0.623523 0 0.0672842 0.301768
0 0.00725769 0.62827 0.0143672 0.0343987 0.294689
0 0.5625 0.645669 0 0.167064 0.288577
0 0.115597 0.6335 0.0465317 0.0417856 0.283422
0 0.206355 0.629949 0.0370954 0.0425524 0.283391
0 0.121808 0.628387 0.0338367 0.0333455 0.279322
0 0.5625 0.62431 0 0.0931441 0.278514
0 0.5625 0.62847 0 0.0847043 0.276923
0 0.440906 0.595636 0.0296909 0.0409473 0.242254
0 0.5625 0.636062 0 0.133958 0.231602
0 0.378316 0.616016 0.0221326 0.0247288 0.226462
0 0.389117 0.614261 0.020539 0.0246579 0.214951
0 0.379446 0.610236 0.0205984 0.0254953 0.212281
0 0.472931 0.613336 0.0263668 0.0251367 0.201912
0 0.336363 0.616277 0.0225336 0.0228811 0.197337
0 0.264422 0.609964 0.030883 0.0387165 0.192819
0 0.00767736 0.618731 0.0153547 0.0523874 0.191104
0 0.5625 0.623123 0 0.0832304 0.186799
0 0.272312 0.611506 0.0329704 0.0380246 0.185777
0 0.5625 0.603476 0 0.0948012 0.182671
0 0.5625 0.631424 0 0.113482 0.182179
0 0.292553 0.60992 0.017031 0.0246657 0.181073
0 0.244039 0.611346 0.0252419 0.0372183 0.178111
0 0.35723 0.616429 0.0202393 0.0222442 0.178069
0 0.442157 0.613482 0.0221221 0.0256438 0.174904
0 0.333239 0.602708 0.0210971 0.0303945 0.173624
0 0.464727 0.615903 0.0233186 0.0238488 0.173346
0 0.29133 0.615142 0.0148846 0.025469 0.171967
0 0.284808 0.61464 0.0267573 0.0365501 0.171589
0 0.221495 0.621404 0.0259094 0.0347927 0.168068
0 0.539872 0.604564 0.0218846 0.0307977 0.16749
0 0.31069 0.604718 0.0197634 0.0301214 0.167465
0 0.306792 0.616533 0.0202991 0.0260374 0.163751
0 0.323433 0.616496 0.0164734 0.0220445 0.162862
0 0.526311 0.608803 0.0264935 0.030853 0.162778
0 0.0114143 0.627866 0.0194216 0.0305779 0.162745
0 0.00574121 0.634132 0.0117666 0.0281468 0.162655
0 0.318051 0.614244 0.0173868 0.0250103 0.161983
0 0.937818 0.716479 0.125319 0.319358 0.159564
0 0.330277 0.6144 0.0193017 0.0229739 0.158949
0 0.489467 0.617106 0.0212684 0.0327761 0.158479
0 0.358837 0.604909 0.0226865 0.0245386 0.156508
0 0.976732 0.551509 0.0486158 0.0415179 0.154784
0 0.976359 0.570523 0.0473328 0.0261703 0.153673
0 0.447764 0.610857 0.0192412 0.0238796 0.152739
0 0.237361 0.609748 0.0352806 0.043326 0.152237
0 0.532316 0.620031 0.0366228 0.0539473 0.151801
0 0.125367 0.62355 0.0262061 0.0285863 0.151573
0 0.543687 0.603756 0.0182199 0.025926 0.149578
0 0.004396 0.629654 0.0088585 0.0258126 0.148916
0 0.848354 0.657389 0.126342 0.144116 0.148854
0 0.150903 0.616321 0.0352959 0.03082 0.148493
0 0.465042 0.608578 0.0289135 0.0298124 0.147946
0 0.403721 0.610456 0.0259602 0.0260546 0.147153
0 0.436364 0.611417 0.0205924 0.0227865 0.145823
0 0.219153 0.62488 0.015993 0.0258533 0.144456
0 0.369192 0.613677 0.0181176 0.0223721 0.144197
0 0.895039 0.591075 0.117805 0.0743263 0.141945
0 0.4434 0.601856 0.0231328 0.0275528 0.14125
0 0.774453 0.633739 0.0754576 0.0983762 0.139354
0 0.335137 0.610874 0.0206882 0.0253057 0.138417
0 0.530457 0.612483 0.0206162 0.0296911 0.138392
0 0.410999 0.60087 0.0324789 0.0402259 0.138297
0 0.45835 0.613308 0.0226773 0.0248885 0.137747
0 0.0256213 0.625554 0.0527664 0.0515311 0.136198
0 0.933279 0.565184 0.0386824 0.0240989 0.135763
0 0.178461 0.626069 0.0284594 0.036768 0.135516
0 0.764976 0.649023 0.0978837 0.110974 0.13478
0 0.184574 0.625318 0.0167183 0.0312028 0.132574
0 0.282808 0.610464 0.0172505 0.024164 0.131417
0 0.158882 0.623842 0.0496752 0.0453881 0.13062
0 0.397319 0.613171 0.0181639 0.0229685 0.129876
0 0.182722 0.60563 0.0160834 0.0268585 0.129511
0 0.0259234 0.648066 0.0594092 0.0575059 0.126966
0 0.302503 0.612703 0.0174172 0.0225193 0.125767
0 0.479071 0.609484 0.0339148 0.0403228 0.120151
0 0.831129 0.623989 0.146095 0.12305 0.11989
0 0.0220747 0.635265 0.0243679 0.0251044 0.117364
0 0.514409 0.604997 0.028602 0.0266641 0.117351
0 0.744365 0.607683 0.183778 0.137811 0.117182
0 0.575364 0.596471 0.0766336 0.0899156 0.116352
0 0.900816 0.578706 0.104503 0.0513188 0.115746
0 0.770697 0.586003 0.121221 0.0839199 0.114307
0 0.310721 0.61223 0.0195989 0.0230302 0.114007
0 0.958532 0.64606 0.0801474 0.159696 0.113679
0 0.362641 0.611622 0.0186286 0.0232697 0.113513
0 0.40163 0.612768 0.0180451 0.0230946 0.112979
0 0.0959007 0.61762 0.0837028 0.0746624 0.112751
0 0.181537 0.630929 0.0208101 0.0319043 0.112469
0 0.782152 0.564865 0.0907316 0.041563 0.112431
0 0.211504 0.619482 0.0346167 0.0407276 0.111773
0 0.454814 0.617519 0.0186618 0.0241935 0.111618
0 0.105045 0.633685 0.0232372 0.0272603 0.111521
0 0.767033 0.60465 0.102219 0.0557621 0.111211
0 0.246673 0.61387 0.017205 0.023716 0.11009
0 0.277549 0.606097 0.0190895 0.0256275 0.109944
0 0.52264 0.616075 0.0274796 0.0374442 0.108779
0 0.151181 0.630752 0.0683773 0.0549903 0.108129
0 0.972079 0.57838 0.0541018 0.0314698 0.107506
0 0.859966 0.673837 0.0804792 0.115001 0.106575
0 0.553843 0.61714 0.0200189 0.0299932 0.103998
0 0.517782 0.614902 0.0245249 0.0311035 0.103912
0 0.501193 0.616093 0.0259783 0.0345367 0.102977
0 0.910136 0.569527 0.0894463 0.0347527 0.102536
0 0.122647 0.628941 0.0274053 0.0246619 0.102002
0 0.680807 0.594714 0.0469902 0.0495756 0.0995882
0 0.274488 0.609118 0.0193079 0.0275017 0.0984524
0 0.399168 0.608457 0.0216431 0.0267151 0.0978951
0 0.47781 0.607693 0.0277872 0.0248567 0.0978274
0 0.194913 0.614234 0.0359886 0.0463508 0.0977184
0 0.269406 0.622127 0.0208056 0.0314073 0.0967713
0 0.415744 0.60506 0.0200722 0.0216092 0.0966738
0 0.202307 0.623962 0.0194148 0.0252096 0.0962174
0 0.663995 0.598841 0.0692286 0.0904167 0.0951429
0 0.188964 0.624189 0.0152169 0.0252929 0.0947638
0 0.263132 0.626586 0.0302772 0.0426799 0.0935525
0 0.927997 0.569378 0.052858 0.0322484 0.0935303
0 0.61811 0.581405 0.0979043 0.102409 0.0931517
0 0.649415 0.567666 0.106973 0.0721921 0.093018
0 0.681617 0.580422 0.0434963 0.0357156 0.0929145
0 0.0882232 0.634991 0.019763 0.027623 0.0921094
0 0.016718 0.631869 0.0200678 0.0232091 0.0917832
0 0.394362 0.608984 0.0228013 0.0206045 0.0917243
0 0.491282 0.608343 0.0366776 0.0432332 0.0915042
0 0.222777 0.630661 0.0378355 0.0433407 0.0911497
0 0.870997 0.585298 0.126775 0.0738285 0.0911352
0 0.25571 0.606292 0.0248694 0.0347415 0.091026
0 0.223772 0.625441 0.017236 0.0239248 0.0906646
0 0.75999 0.582057 0.0808168 0.0563 0.0902096
0 0.0151456 0.638368 0.0278065 0.0317123 0.0900374
0 0.691355 0.610196 0.0675136 0.0701988 0.0898629
0 0.245363 0.605033 0.0193856 0.0279561 0.0897754
0 0.8198 0.665937 0.132167 0.120743 0.0873059
0 0.881892 0.669463 0.112879 0.132488 0.0872522
0 0.654517 0.58965 0.10112 0.103917 0.0870997
0 0.24253 0.626764 0.0303691 0.0432186 0.0859231
0 0.20815 0.626773 0.0180254 0.0232675 0.0856875
0 0.852234 0.781274 0.29448 0.420631 0.0855066
0 0.547364 0.605036 0.0226696 0.031164 0.0845765
0 0.184196 0.615984 0.0151407 0.0243712 0.0845132
0 0.771215 0.593841 0.0860631 0.0524835 0.0837252
0 0.981352 0.635469 0.03848 0.160041 0.0837059
0 0.109284 0.640972 0.0420574 0.0437099 0.0826116
0 0.530233 0.600461 0.0230636 0.0306353 0.0823975
0 0.599123 0.580065 0.112793 0.073031 0.0800322
0 0.213344 0.629526 0.0290541 0.0350063 0.0791723
0 0.79402 0.606828 0.112001 0.0747446 0.0769811
0 0.968182 0.584696 0.0652285 0.0443231 0.0760864
0 0.25689 0.616371 0.0210546 0.0261987 0.075321
0 0.90431 0.754865 0.174545 0.449175 0.0746492
0 0.846539 0.588536 0.0904022 0.0692412 0.0735566
0 0.0240001 0.610754 0.048901 0.0893888 0.0734913
0 0.885639 0.558529 0.0864147 0.0285179 0.0727064
0 0.923641 0.654126 0.104599 0.132934 0.0726297
0 0.845515 0.579881 0.0624678 0.050189 0.0719493
0 0.443269 0.586585 0.0247986 0.0224447 0.0718672
0 0.0627031 0.637645 0.0172469 0.0285321 0.0702302
0 0.0104434 0.592373 0.021943 0.115554 0.0696844
0 0.857338 0.561272 0.0697918 0.0344441 0.0693222
0 0.766893 0.560906 0.0652079 0.0447046 0.0690392
0 0.906667 0.614795 0.0991003 0.103426 0.0687714
0 0.697128 0.594232 0.172109 0.149094 0.0684364
0 0.801872 0.182349 0.337313 0.370292 0.0678924
0 0.573358 0.623038 0.0608244 0.0727834 0.0676871
0 0.0994484 0.63504 0.0204925 0.0288122 0.0674835
0 0.790717 0.571792 0.0812662 0.0382737 0.0670351
0 0.599265 0.607661 0.0543651 0.0795899 0.0667647
0 0.820947 0.588441 0.0908988 0.059814 0.0667555
0 0.45262 0.600948 0.0257514 0.0349349 0.0667178
0 0.704841 0.559585 0.144246 0.103925 0.0658767
0 0.0132363 0.619843 0.017491 0.0394606 0.065718
0 0.13857 0.61593 0.0260844 0.0298258 0.0655779
0 0.975301 0.675829 0.0507496 0.176153 0.0651323
0 0.189361 0.6185 0.0165609 0.0225784 0.0646362
0 0.248575 0.623305 0.0186209 0.0243238 0.0644984
0 0.0768299 0.629207 0.0319847 0.0260498 0.0641233
0 0.179381 0.620871 0.0226684 0.031868 0.0637292
0 0.822697 0.671243 0.165566 0.173338 0.0628414
0 0.668038 0.562936 0.100168 0.0946899 0.0625101
0 0.783135 0.661241 0.086801 0.115153 0.0620377
0 0.682749 0.587703 0.0292887 0.0344576 0.0619881
0 0.836153 0.572707 0.101402 0.0579436 0.0618531
0 0.741177 0.657403 0.173396 0.156688 0.060312
0 0.942031 0.589393 0.108922 0.0680104 0.0601768
0 0.0162339 0.59026 0.0335962 0.131154 0.0601589
0 0.972433 0.546334 0.059211 0.0631604 0.0601239
0 0.637076 0.596085 0.0243235 0.0239095 0.0600832
0 0.0524305 0.6365 0.0162847 0.0230267 0.0599762
0 0.568804 0.620754 0.0203713 0.0366252 0.0591833
0 0.0451316 0.636419 0.0188083 0.0258185 0.0588047
0 0.740707 0.662286 0.106001 0.11544 0.0583027
0 0.856333 0.521506 0.0871313 0.101936 0.0579653
0 0.142903 0.620447 0.0204792 0.0235937 0.0578786
0 0.110623 0.617747 0.0458505 0.0495676 0.056576
0 0.593263 0.628221 0.0207279 0.0424885 0.05635
0 0.0733692 0.634919 0.0292833 0.0326222 0.0561479
0 0.185921 0.632381 0.0145222 0.0214634 0.0544343
0 0.673908 0.570573 0.0580066 0.0488085 0.0542768
0 0.987319 0.658083 0.024724 0.158835 0.0527591
0 0.772525 0.554829 0.117639 0.060656 0.0524598
0 0.149497 0.598866 0.0524164 0.0725392 0.051869
0 0.739746 0.561223 0.101997 0.0680577 0.0510426
0 0.0289154 0.672048 0.069012 0.110978 0.050983
0 0.447655 0.588286 0.0217067 0.0196187 0.0507558
0 0.843553 0.684842 0.104358 0.111367 0.0505459
0 0.0807377 0.635566 0.0197381 0.0286778 0.0501186
0 0.644062 0.600522 0.0238312 0.0257942 0.049926
0 0.941056 0.561396 0.0391386 0.0247837 0.0491429
0 0.951915 0.689595 0.0949291 0.151969 0.048481
0 0.90056 0.684455 0.091087 0.126601 0.0484396
0 0.0936997 0.62862 0.0448528 0.0440904 0.0480389
0 0.0857658 0.640997 0.0186338 0.0280394 0.0478635
0 0.16106 0.603602 0.0301991 0.0393322 0.0476658
0 0.0494279 0.617507 0.077507 0.0622211 0.0464793
0 0.0684066 0.640576 0.02639 0.0342587 0.0463757
0 0.823917 0.572622 0.23299 0.155095 0.0455299
0 0.435439 0.58783 0.0262783 0.0202788 0.0452419
0 0.192162 0.630067 0.0150246 0.0231368 0.0452306
0 0.0967975 0.629165 0.03387 0.0336879 0.0444747
0 0.0322018 0.596608 0.0653618 0.125433 0.043995
0 0.661301 0.589144 0.053045 0.0485412 0.0438369
0 0.0838135 0.596858 0.114118 0.113715 0.0436976
0 0.601547 0.608018 0.0327331 0.0420208 0.0436245
0 0.883966 0.721936 0.249888 0.282693 0.0435756
0 0.541585 0.231372 0.225865 0.358322 0.0432792
0 0.767929 0.153534 0.0259326 0.0395266 0.042917
0 0.556943 0.565394 0.0962773 0.101257 0.042902
0 0.891504 0.424412 0.0367004 0.0295792 0.0428883
0 0.667182 0.637402 0.0954677 0.11594 0.0426955
0 0.145149 0.620063 0.0340492 0.0339027 0.0422277
0 0.0509537 0.595406 0.111866 0.126502 0.0419091
0 0.871327 0.556602 0.198592 0.155387 0.0417666
0 0.757411 0.515223 0.0313045 0.0285101 0.0414615
0 0.678847 0.548174 0.0903335 0.080528 0.0408147
0 0.983106 0.698498 0.0323709 0.158729 0.040585
0 0.778122 0.155997 0.0530977 0.0774819 0.0403012
0 0.786749 0.173505 0.128473 0.206845 0.0400574
0 0.781609 0.670039 0.148643 0.178273 0.0398446
0 0.799121 0.13984 0.0985846 0.138439 0.0396854
0 0.949013 0.536774 0.105817 0.0856943 0.0395708
0 0.231926 0.579774 0.0578777 0.091392 0.0394387
0 0.858779 0.540405 0.0820992 0.0602519 0.0392099
0 0.128016 0.316743 0.246755 0.584992 0.0390112
0 0.119161 0.633745 0.0269799 0.0293868 0.0385447
0 0.829501 0.137585 0.167863 0.179134 0.0379076
0 0.204198 0.633033 0.0272063 0.0323451 0.0375722
0 0.635205 0.624474 0.0281441 0.0530374 0.0375481
0 0.789028 0.156465 0.078318 0.0969311 0.0368346
0 0.928932 0.558121 0.049276 0.0278391 0.0367154
0 0.966799 0.921209 0.0772236 0.142587 0.0367028
0 0.77777 0.144881 0.0309795 0.0431029 0.0366899
0 0.672785 0.335761 0.208596 0.293572 0.0365607
0 0.707421 0.666268 0.119416 0.119802 0.0365102
0 0.0559171 0.968535 0.0891254 0.0622474 0.0364313
0 0.309452 0.653153 0.028642 0.0478848 0.0355677
0 0.971309 0.710696 0.0565393 0.13904 0.0355115
0 0.793168 0.291538 0.327438 0.394716 0.0353004
0 0.904507 0.717529 0.0793945 0.184297 0.0352578
0 0.113895 0.589112 0.166032 0.132096 0.0352538
0 0.232227 0.631374 0.0167138 0.0213376 0.0351651
0 0.904873 0.587044 0.145733 0.117703 0.0349163
0 0.101145 0.614979 0.0482342 0.0430533 0.034505
0 0.830045 0.757385 0.239067 0.30598 0.0343026
0 0.433378 0.394658 0.0628243 0.0607135 0.0341588
0 0.387828 0.513648 0.0363904 0.0301166 0.0340651
0 0.683475 0.575562 0.113254 0.118048 0.0337486
0 0.635791 0.596273 0.0412113 0.046983 0.0336384
0 0.649664 0.539979 0.0626359 0.0755441 0.0334456
0 0.220218 0.637701 0.021325 0.030413 0.0334212
0 0.18937 0.415969 0.041093 0.0778098 0.0332622
0 0.682901 0.238375 0.29391 0.373454 0.0330983
0 0.911994 0.557236 0.0761465 0.0367633 0.0330667
0 0.897225 0.524934 0.14731 0.113949 0.0330302
0 0.194488 0.596127 0.0491038 0.0722918 0.0329931
0 0.0118104 0.568777 0.0233845 0.110699 0.0328842
0 0.932625 0.552507 0.0589449 0.0402304 0.032664
0 0.134282 0.587819 0.0987198 0.107208 0.0325547
0 0.791918 0.54574 0.106497 0.0563499 0.0324367
0 0.592187 0.573282 0.141285 0.0993999 0.0322779
