0 0.132701 0.643936 0.037943 0.0339268 0.387387
0 0.467882 0.618804 0.0335099 0.0464433 0.314926
0 0.453006 0.617138 0.0625604 0.0538478 0.248988
0 0.5625 0.623448 0 0.0357658 0.21322
0 0.211935 0.612772 0.140542 0.0931591 0.210485
0 0.136672 0.629562 0.0403034 0.0534401 0.205017
0 0.118836 0.648499 0.0269175 0.0269775 0.193819
0 0.146721 0.635004 0.0626046 0.0594807 0.178241
0 0.126847 0.642146 0.0284445 0.0278395 0.153987
0 0.144062 0.659358 0.0710777 0.0782724 0.145033
0 0.5625 0.624087 0 0.0331859 0.144393
0 0.260672 0.603952 0.0367208 0.0572592 0.140533
0 0.259794 0.581746 0.0410141 0.0472989 0.140371
0 0.139924 0.640874 0.0280141 0.0306487 0.139538
0 0.204996 0.61343 0.0844385 0.0716388 0.136667
0 0.486901 0.61575 0.060749 0.0551506 0.136165
0 0.25716 0.557616 0.0443357 0.0317148 0.127946
0 0.219042 0.608192 0.0551726 0.0594465 0.119973
0 0.26125 0.570383 0.0388672 0.0369784 0.119824
0 0.143759 0.640661 0.0196197 0.0243748 0.116137
0 0.157713 0.629567 0.0544724 0.064115 0.115075
0 0.116504 0.650678 0.0180004 0.0250351 0.114937
0 0.143623 0.624308 0.0186465 0.0320001 0.111752
0 0.193073 0.597063 0.0960025 0.0839898 0.111058
0 0.128257 0.654604 0.0382205 0.0438149 0.109251
0 0.173691 0.602733 0.0655975 0.0975803 0.103459
0 0.5625 0.619261 0 0.0252356 0.103268
0 0.5625 0.62001 0 0.041294 0.097806
0 0.229908 0.586721 0.0662694 0.0618234 0.0973446
0 0.464384 0.607485 0.0421547 0.0693671 0.0956961
0 0.5625 0.618728 0 0.0359567 0.0929986
0 0.219968 0.57979 0.0508667 0.0414427 0.090779
0 0.149472 0.619128 0.0251211 0.0440443 0.0893259
0 0.449841 0.604227 0.0698671 0.0849286 0.0892706
0 0.231833 0.569851 0.0850756 0.0421588 0.0877656
0 0.0584862 0.641734 0.116972 0.23449 0.0847645
0 0.260362 0.544327 0.0445477 0.0424588 0.084715
0 0.440073 0.619763 0.0433809 0.0564561 0.0842581
0 0.191268 0.572508 0.0792558 0.0441344 0.0836673
0 0.5625 0.629557 0 0.0240046 0.0800993
0 0.00818766 0.491903 0.0163316 0.0447649 0.0796131
0 0.5625 0.624729 0 0.0252055 0.0789289
0 0.511835 0.611561 0.0724006 0.0592432 0.077769
0 0.466554 0.6152 0.0239685 0.0341269 0.0771818
0 0.210175 0.593718 0.148442 0.153224 0.0764452
0 0.5625 0.624453 0 0.0406673 0.0758215
0 0.5625 0.627445 0 0.0234189 0.075451
0 0.125247 0.636505 0.0197425 0.0224755 0.0745767
0 0.483007 0.603446 0.0703331 0.0823527 0.0743108
0 0.534285 0.611384 0.0564306 0.0591889 0.0741482
0 0.566275 0.616287 0.0580801 0.0454677 0.0727309
0 0.961723 0.629472 0.0755323 0.218122 0.0694304
0 0.231283 0.573352 0.089874 0.0853001 0.0678598
0 0.709046 0.620201 0.0309466 0.0296149 0.0673862
0 0.526026 0.615066 0.0501384 0.0526359 0.0665585
0 0.00932471 0.501895 0.0190458 0.0696788 0.0661044
0 0.00678798 0.481687 0.013616 0.039087 0.0651664
0 0.135028 0.63432 0.0203488 0.022379 0.0650208
0 0.258917 0.522368 0.0517472 0.0830091 0.0647912
0 0.813554 0.62615 0.0298332 0.0378081 0.0624645
0 0.795136 0.611923 0.063644 0.0688413 0.0610191
0 0.791863 0.638099 0.0175929 0.0212281 0.0609926
0 0.176856 0.583321 0.0599719 0.0562087 0.0609308
0 0.598177 0.619917 0.0438423 0.0460758 0.0608362
0 0.159999 0.985713 0.0444147 0.0331073 0.0605846
0 0.814243 0.630088 0.0375141 0.0517823 0.0605785
0 0.0134974 0.521912 0.027509 0.108978 0.0601098
0 0.808328 0.632814 0.0315109 0.0382203 0.0596172
0 0.507526 0.605674 0.0955888 0.0761039 0.0582046
0 0.580434 0.616768 0.0653928 0.0513249 0.0580969
0 0.988439 0.900126 0.0226368 0.16226 0.0576135
0 0.257056 0.61212 0.0497471 0.0739766 0.0573418
0 0.915392 0.55412 0.167454 0.241839 0.0571017
0 0.548132 0.604711 0.0908681 0.0772332 0.0556178
0 0.062881 0.458972 0.124986 0.593394 0.0555573
0 0.00873096 0.476923 0.0172002 0.053721 0.0553059
0 0.168472 0.530442 0.0339338 0.0436589 0.0551231
0 0.98501 0.289209 0.0320883 0.218156 0.0548189
0 0.163067 0.659765 0.0381431 0.0698666 0.0537637
0 0.812571 0.597123 0.0434572 0.0621792 0.0532498
0 0.277229 0.611793 0.0165406 0.033191 0.0524821
0 0.80446 0.597146 0.0580379 0.075407 0.0524692
0 0.278002 0.60789 0.0242004 0.0510751 0.0514681
0 0.11517 0.659244 0.0358742 0.0393803 0.0510022
0 0.456749 0.607034 0.0445121 0.057457 0.0506126
0 0.349186 0.548499 0.155575 0.236404 0.0505962
0 0.168634 0.549705 0.0461303 0.0506874 0.0500413
0 0.762067 0.627913 0.018954 0.0210416 0.0496682
0 0.239043 0.525399 0.0906303 0.104092 0.0490227
0 0.225317 0.543173 0.0977848 0.0667631 0.0485642
0 0.208217 0.633173 0.122551 0.107757 0.0481616
0 0.762304 0.615761 0.0346588 0.0439645 0.0478651
0 0.147842 0.591915 0.0745405 0.102031 0.0475048
0 0.983858 0.471176 0.0321869 0.129432 0.0474354
0 0.977399 0.601851 0.0459494 0.164739 0.0474161
0 0.578603 0.621828 0.0211279 0.026488 0.0472434
0 0.131244 0.620649 0.019838 0.0349345 0.0471448
0 0.767782 0.630765 0.0186323 0.022047 0.0468057
0 0.984231 0.852866 0.0309652 0.231648 0.0467533
0 0.722643 0.621264 0.0345317 0.0321095 0.0464549
0 0.778658 0.619222 0.0182259 0.0261703 0.0463324
0 0.722796 0.62073 0.0506885 0.0597755 0.0459542
0 0.5841 0.600664 0.0771463 0.0926994 0.0454295
0 0.105404 0.633296 0.0390772 0.0657214 0.0453888
0 0.60195 0.627137 0.0194457 0.0248229 0.0446485
0 0.950024 0.600128 0.0979383 0.234238 0.0446045
0 0.245437 0.554821 0.0755047 0.0814134 0.0445684
0 0.977013 0.33534 0.0432793 0.365983 0.0445471
0 0.607587 0.614985 0.0423601 0.0500966 0.0445341
0 0.710617 0.613414 0.0330803 0.0351978 0.044061
0 0.982848 0.435472 0.033367 0.0637865 0.0440586
0 0.111976 0.633616 0.0295905 0.0470235 0.0440044
0 0.963594 0.678923 0.0732168 0.0942749 0.043981
0 0.182701 0.531051 0.0610883 0.0616924 0.0428345
0 0.602136 0.608606 0.0572271 0.0670041 0.0426672
0 0.0305547 0.579938 0.0579804 0.246063 0.0426643
0 0.9699 0.596208 0.0575384 0.218453 0.0421619
0 0.453595 0.608718 0.0261734 0.0368854 0.0416858
0 0.64713 0.623191 0.0344595 0.0357183 0.0415771
0 0.268056 0.582691 0.0429289 0.0683837 0.0415449
0 0.772201 0.611815 0.0292956 0.0384839 0.041496
0 0.704087 0.623456 0.0201623 0.0226558 0.0414926
0 0.126275 0.668897 0.0430908 0.0698697 0.0414021
0 0.215801 0.528251 0.0767885 0.0822302 0.0411936
0 0.465602 0.627495 0.0263659 0.0366373 0.0411912
0 0.0099352 0.428353 0.0197416 0.170118 0.0410048
0 0.931313 0.681653 0.0644321 0.0763709 0.0405115
0 0.981875 0.49971 0.0377256 0.160723 0.0400833
0 0.200615 0.534946 0.0607072 0.0628273 0.0391805
0 0.11756 0.611591 0.0332054 0.0670825 0.0391085
0 0.473036 0.624213 0.0243567 0.0343766 0.0389873
0 0.803987 0.632054 0.0175785 0.0258653 0.0382874
0 0.986813 0.614824 0.0272285 0.136852 0.0376591
0 0.96843 0.667312 0.0662548 0.142768 0.0371616
0 0.975528 0.570313 0.0481119 0.112773 0.0370406
0 0.936359 0.685991 0.0459167 0.0628511 0.0368986
0 0.163317 0.645311 0.0187617 0.0284207 0.0368802
0 0.938807 0.45201 0.0302233 0.025862 0.0368234
0 0.980657 0.547549 0.0397114 0.113539 0.0366788
0 0.0204278 0.519571 0.0423586 0.0859516 0.0366132
0 0.964924 0.484007 0.0659088 0.130098 0.036583
0 0.974888 0.804959 0.0486982 0.341219 0.0365633
0 0.745092 0.62472 0.0538069 0.0496234 0.0363896
0 0.133388 0.591207 0.0517369 0.0947335 0.0363263
0 0.0997473 0.583849 0.0359095 0.0697464 0.0360155
0 0.166854 0.626612 0.0800412 0.0895183 0.0354558
0 0.277273 0.628689 0.0178016 0.0348608 0.0351932
0 0.0528446 0.570221 0.094533 0.178859 0.0349373
0 0.00940432 0.459052 0.0188151 0.079612 0.0347304
0 0.693071 0.618639 0.0450168 0.0439605 0.0344964
0 0.176936 0.639729 0.0381162 0.0518466 0.0344763
0 0.080749 0.60823 0.084624 0.115024 0.0342113
0 0.971437 0.231662 0.0583914 0.41254 0.0341635
0 0.0526771 0.520217 0.0293001 0.0372118 0.0340346
0 0.948304 0.677585 0.057263 0.0832172 0.033505
0 0.980447 0.402586 0.0357986 0.0531487 0.0333543
0 0.580906 0.623034 0.0316183 0.0296704 0.0329467
0 0.950451 0.936504 0.0814695 0.113478 0.0328735
0 0.100893 0.613795 0.0430393 0.0949444 0.0328525
0 0.0752623 0.639431 0.0904099 0.133233 0.0324293
0 0.79905 0.637949 0.016191 0.024707 0.0320594
0 0.986575 0.49799 0.0286726 0.126452 0.0319776
0 0.470181 0.619218 0.0222522 0.0323366 0.0318891
0 0.823053 0.603994 0.039332 0.0519043 0.0318887
0 0.645502 0.624771 0.0230171 0.0233352 0.0317671
0 0.978432 0.688247 0.044478 0.0973585 0.0316522
0 0.681259 0.615595 0.0462138 0.0404513 0.0316058
0 0.639924 0.61358 0.049528 0.050091 0.0313824
0 0.654157 0.62384 0.0274867 0.0275238 0.031159
0 0.458387 0.618194 0.0308167 0.0365974 0.0310175
0 0.948333 0.824226 0.10362 0.273893 0.0307381
0 0.0401311 0.363459 0.0809938 0.435666 0.0306775
0 0.0514361 0.498977 0.0382847 0.0601919 0.0306745
0 0.0429642 0.522416 0.0392244 0.0462608 0.0305883
0 0.940325 0.505544 0.117688 0.174605 0.0305025
0 0.940049 0.662918 0.0945475 0.13229 0.0304219
0 0.720706 0.613509 0.0382844 0.0373561 0.0304166
0 0.979265 0.451485 0.0404047 0.0942288 0.0299658
0 0.00539988 0.390786 0.0111734 0.0690689 0.0298736
0 0.985024 0.33618 0.0293119 0.193149 0.0298506
0 0.0134527 0.709155 0.0275382 0.0912389 0.0298107
0 0.990842 0.0795927 0.0182493 0.135956 0.0295805
0 0.760083 0.612891 0.0253081 0.0341237 0.029535
0 0.820218 0.636253 0.0428193 0.0444566 0.029413
0 0.0156264 0.658722 0.0334301 0.17787 0.0293038
0 0.0937546 0.577238 0.0395518 0.0533068 0.0291368
0 0.964172 0.560799 0.0693579 0.123705 0.0291311
0 0.989193 0.658401 0.0227224 0.0981921 0.0289559
0 0.222499 0.528398 0.116995 0.157363 0.0286526
0 0.0478917 0.52545 0.0798765 0.135576 0.0286424
0 0.908042 0.459969 0.0922613 0.0602095 0.0286021
0 0.741174 0.488789 0.0231915 0.0354291 0.0284772
0 0.958847 0.738692 0.0791256 0.461199 0.0281699
0 0.00434953 0.368637 0.00942544 0.0361141 0.0281696
0 0.447526 0.599991 0.0480764 0.0706195 0.0281524
0 0.959127 0.535485 0.077652 0.12643 0.0280352
0 0.975219 0.398599 0.0276812 0.036907 0.0280021
0 0.0114905 0.399173 0.0253944 0.222393 0.0279548
0 0.979931 0.892514 0.0395771 0.188708 0.0279438
0 0.0934125 0.599342 0.0503296 0.0925994 0.0278802
0 0.954563 0.502946 0.0885859 0.126349 0.0278498
0 0.799994 0.590834 0.0764217 0.098096 0.0274703
0 0.815902 0.567425 0.110337 0.167062 0.0274075
0 0.124988 0.518677 0.030363 0.0526911 0.0273021
0 0.942531 0.708798 0.120646 0.48431 0.02727
0 0.104348 0.648573 0.0493321 0.0370692 0.0272297
0 0.0700925 0.499545 0.0596363 0.0719601 0.0268621
0 0.955195 0.58135 0.0901941 0.148005 0.0267393
0 0.661447 0.615701 0.0567999 0.0639114 0.02664
0 0.433966 0.619155 0.0216445 0.0324829 0.0266352
0 0.422052 0.600223 0.104985 0.102247 0.0265691
0 0.0161199 0.548119 0.0325298 0.13915 0.0265461
0 0.726727 0.435769 0.0353127 0.0421884 0.0264259
0 0.649942 0.612832 0.0341482 0.0394428 0.0263898
0 0.198558 0.947213 0.0617374 0.11032 0.0262796
0 0.974902 0.841965 0.044397 0.160322 0.0261749
0 0.907409 0.475123 0.102861 0.0792942 0.026017
0 0.91375 0.499185 0.138026 0.115173 0.0258131
0 0.472887 0.602968 0.0260346 0.035894 0.0257957
0 0.67825 0.556749 0.02411 0.0381584 0.0257445
0 0.985876 0.26494 0.0286701 0.140591 0.0257429
0 0.980554 0.38005 0.041011 0.106061 0.025565
0 0.714687 0.622527 0.0214724 0.0226524 0.0255372
0 0.764605 0.611354 0.0438497 0.0596731 0.0254618
0 0.104245 0.660101 0.0458505 0.03815 0.0254558
0 0.12969 0.540257 0.03608 0.0657889 0.0253716
0 0.609935 0.624927 0.0389979 0.040965 0.0253166
0 0.402639 0.479415 0.0333723 0.038123 0.0253018
0 0.315739 0.460615 0.0520412 0.0521577 0.0252892
0 0.938489 0.470343 0.0475103 0.0503743 0.0252869
0 0.829087 0.633305 0.0383774 0.0431247 0.0252387
0 0.220052 0.538303 0.15863 0.223569 0.0251616
0 0.914647 0.459623 0.0740843 0.043055 0.0250535
0 0.731123 0.628277 0.0295281 0.0293332 0.0249158
0 0.481694 0.629716 0.0307003 0.0389311 0.0248937
0 0.957807 0.699624 0.076955 0.111327 0.024822
0 0.181856 0.637353 0.0987192 0.105455 0.0248205
0 0.709704 0.612311 0.0233648 0.0263158 0.0247059
0 0.571703 0.587381 0.109784 0.123408 0.0246596
0 0.0679418 0.514479 0.0525954 0.0548726 0.0246453
0 0.00978588 0.30424 0.0198733 0.154968 0.0245489
0 0.155607 0.535791 0.0559762 0.066819 0.0244409
0 0.236218 0.80063 0.0467231 0.0770004 0.0241253
0 0.840377 0.512225 0.0214178 0.0363859 0.0240553
0 0.0108125 0.686444 0.0215569 0.119113 0.0240008
0 0.386248 0.47417 0.0597884 0.0667568 0.0239943
0 0.129682 0.953952 0.127188 0.100982 0.0239142
0 0.325958 0.603196 0.0875647 0.0923918 0.0238895
0 0.766601 0.59161 0.0220071 0.03017 0.0238489
0 0.50013 0.618708 0.0385999 0.0428586 0.0237767
0 0.151807 0.968751 0.0496703 0.0449158 0.0236772
0 0.0778633 0.588259 0.0739331 0.0807609 0.0236537
0 0.568163 0.625264 0.0494823 0.0417687 0.0236395
0 0.267052 0.544479 0.0617128 0.103524 0.0233282
0 0.173452 0.51418 0.0383009 0.0701937 0.0232135
0 0.238468 0.634452 0.0675445 0.0846292 0.0231034
0 0.950983 0.618894 0.094437 0.133073 0.0229276
0 0.970475 0.907789 0.0546747 0.179556 0.0229167
0 0.395905 0.478574 0.0441226 0.0472584 0.0227915
0 0.303568 0.834218 0.181853 0.287667 0.0226805
0 0.62724 0.616649 0.0501157 0.0506304 0.0225957
0 0.544188 0.587072 0.102094 0.119641 0.0225901
0 0.928609 0.466492 0.052113 0.0433873 0.0225572
0 0.187007 0.519283 0.173644 0.254052 0.0225481
0 0.779993 0.598664 0.0461146 0.067706 0.0224631
0 0.249565 0.505822 0.0644594 0.0909867 0.022379
0 0.955836 0.905785 0.0803637 0.112354 0.0223367
0 0.948266 0.835653 0.0626843 0.12941 0.0222934
0 0.535699 0.620363 0.0455027 0.0424544 0.0222918
0 0.541826 0.571171 0.145252 0.152011 0.022184
0 0.696218 0.627757 0.0280478 0.0308556 0.0221569
0 0.66278 0.599867 0.0520261 0.0750815 0.0221292
0 0.958252 0.466034 0.0791105 0.0844989 0.0220527
0 0.916732 0.760514 0.0544344 0.120482 0.0219985
0 0.0641308 0.524248 0.0510647 0.0443249 0.0219461
0 0.757642 0.637015 0.0161726 0.018644 0.0219002
0 0.504308 0.640676 0.0321826 0.0438739 0.0218328
0 0.005225 0.33798 0.0106419 0.0712172 0.0218024
0 0.819379 0.574256 0.0509577 0.0995675 0.0217739
0 0.632581 0.598585 0.0762702 0.0835507 0.0216708
0 0.46115 0.558257 0.0582229 0.0839918 0.0216238
0 0.0344281 0.683276 0.0679889 0.160726 0.0215415
0 0.97106 0.733646 0.0580545 0.373913 0.0215137
0 0.962074 0.63747 0.0732218 0.133669 0.0212389
0 0.0799833 0.572598 0.0645799 0.0512276 0.0211339
0 0.826948 0.552044 0.045154 0.102106 0.0211336
0 0.0381909 0.510184 0.0496401 0.0827276 0.0210418
0 0.955491 0.447803 0.0671812 0.0611839 0.0209789
0 0.428517 0.629583 0.018835 0.032057 0.0209232
0 0.0115283 0.338769 0.0236339 0.197048 0.0208563
0 0.5187 0.577206 0.0790179 0.0927994 0.0208136
0 0.436662 0.645941 0.0348712 0.046555 0.0208035
0 0.292591 0.612962 0.0366947 0.0522043 0.0206402
0 0.92181 0.449782 0.060932 0.0432681 0.0205974
0 0.651842 0.638436 0.0258421 0.0292021 0.0205737
0 0.217142 0.199078 0.0240895 0.0415267 0.0204298
0 0.936237 0.858289 0.056288 0.0953671 0.0204234
0 0.932314 0.834319 0.0539581 0.118791 0.0203181
0 0.0909288 0.955264 0.103372 0.0899316 0.020295
0 0.601632 0.643529 0.0264504 0.0335743 0.0202895
