0 0.519699 0.539036 0.137223 0.201026 0.911569
0 0.239535 0.721824 0.47907 0.511495 0.906375
0 0.424262 0.48912 0.0254279 0.0349714 0.834945
0 0.0370933 0.55338 0.0738099 0.0939039 0.760155
0 0.444393 0.478748 0.0194204 0.0402111 0.518088
0 0.455798 0.492301 0.0213602 0.0376575 0.515396
0 0.404185 0.486665 0.020254 0.0296419 0.482063
0 0.0994569 0.561796 0.106968 0.140611 0.443339
0 0.639598 0.480388 0.0385122 0.0496106 0.42861
0 0.0892999 0.51076 0.0413113 0.0436995 0.338019
0 0.444402 0.467731 0.0231641 0.0504559 0.336907
0 0.0798829 0.512619 0.0549928 0.0505173 0.325916
0 0.607445 0.486048 0.0202517 0.0347605 0.317296
0 0.447605 0.487478 0.0140785 0.0263 0.276213
0 0.669737 0.473977 0.0339638 0.0491935 0.263943
0 0.222857 0.467271 0.0400353 0.0412013 0.254276
0 0.384013 0.483706 0.0231049 0.0278948 0.253086
