0 0.452266 0.489554 0.0704823 0.0988457 0.89776
0 0.365768 0.481149 0.0700766 0.0912825 0.89027
0 0.404717 0.466414 0.0179249 0.0241334 0.427767
0 0.417874 0.466036 0.0157044 0.0289487 0.371858
0 0.502835 0.467269 0.0132559 0.017513 0.310001
0 0.496757 0.467519 0.0140825 0.0169075 0.291153
0 0.486567 0.469026 0.0130364 0.0188465 0.258229
0 0.247279 0.464478 0.0213823 0.0235808 0.256208
0 0.4999 0.467934 0.01223 0.0152189 0.206357
0 0.248376 0.463966 0.0162354 0.0184853 0.206079
0 0.399726 0.468235 0.013205 0.0229713 0.20551
0 0.414459 0.465516 0.0160512 0.0234215 0.199956
0 0.087441 0.472023 0.0344106 0.0313611 0.184374
0 0.324533 0.454352 0.034841 0.0385209 0.184029
0 0.270863 0.457109 0.0748211 0.0698153 0.181729
0 0.0123624 0.466374 0.0240089 0.026044 0.181379
0 0.483188 0.461777 0.0150198 0.0240736 0.175335
0 0.408212 0.464467 0.0138907 0.0223206 0.174696
0 0.49253 0.456 0.0227045 0.0362913 0.168654
0 0.410507 0.470394 0.0135398 0.0260642 0.166564
0 0.487565 0.459998 0.0186303 0.0306855 0.158177
0 0.522072 0.470031 0.0237597 0.0294273 0.157193
0 0.495432 0.462721 0.0181124 0.02452 0.155426
0 0.16713 0.464355 0.0199755 0.0222848 0.146678
0 0.235906 0.463937 0.032629 0.032575 0.144228
0 0.203631 0.460331 0.0229966 0.0193457 0.141221
0 0.244305 0.464116 0.028545 0.0299584 0.138908
0 0.50986 0.471765 0.0123284 0.0179331 0.13677
0 0.452239 0.43853 0.0227753 0.0189898 0.133898
0 0.452053 0.436185 0.016071 0.0186917 0.130509
0 0.414225 0.475695 0.0140133 0.0238748 0.130499
0 0.499788 0.47827 0.0142361 0.0233113 0.128997
0 0.240203 0.465131 0.018151 0.0200498 0.127147
0 0.508408 0.467275 0.0170709 0.0208413 0.126372
0 0.503907 0.470802 0.0118602 0.0161831 0.125603
0 0.207212 0.466389 0.0346365 0.0302465 0.125556
0 0.084539 0.4737 0.0456281 0.0451419 0.122542
0 0.421646 0.457174 0.0154142 0.0211546 0.121771
0 0.5625 0.51042 0 0.0450998 0.119501
0 0.0335118 0.472953 0.0649291 0.0745252 0.118112
0 0.326633 0.450163 0.0439108 0.0527206 0.11719
0 0.516539 0.47211 0.0186551 0.0239355 0.113326
0 0.254336 0.453087 0.0456283 0.0545748 0.11115
0 0.0489489 0.476541 0.0876889 0.0939189 0.110536
0 0.41985 0.452861 0.0154281 0.0205486 0.108922
0 0.5625 0.527599 0 0.218525 0.108847
0 0.396634 0.474216 0.013611 0.0315799 0.105096
0 0.104273 0.461467 0.149859 0.148319 0.103696
0 0.0555803 0.452576 0.111161 0.131396 0.103566
0 0.480918 0.47151 0.0127437 0.0222795 0.0993428
0 0.523246 0.461589 0.0271289 0.045669 0.0991247
0 0.323045 0.467998 0.0377393 0.0566564 0.0975875
0 0.444783 0.448234 0.0157331 0.0148343 0.0949196
0 0.52439 0.476565 0.0189719 0.0218104 0.0947773
0 0.0135237 0.475965 0.0270437 0.0454853 0.0927749
0 0.214852 0.465112 0.0516551 0.0388825 0.0927688
0 0.75784 0.51914 0.0577268 0.0707598 0.0917316
0 0.100008 0.475322 0.0752977 0.0647479 0.0905386
0 0.0162674 0.489896 0.0332212 0.0682641 0.0899928
0 0.675876 0.476619 0.0438352 0.0519368 0.089611
0 0.382878 0.461657 0.025507 0.0421582 0.0888374
0 0.32154 0.436004 0.0325666 0.0306968 0.088232
0 0.493768 0.449566 0.0145417 0.0230886 0.0881834
0 0.0339278 0.480203 0.0708562 0.11393 0.0867826
0 0.0726876 0.46869 0.0696283 0.0662439 0.0867074
0 0.192006 0.465708 0.0802583 0.0556914 0.0852396
0 0.209213 0.454404 0.0925611 0.0758598 0.0849739
0 0.672939 0.480855 0.0584554 0.0748932 0.0832742
0 0.481918 0.45228 0.0146393 0.0193831 0.0826956
0 0.803037 0.35397 0.364026 0.437845 0.0809809
0 0.274739 0.441868 0.0637515 0.0719569 0.0807423
0 0.675773 0.581725 0.0918943 0.111527 0.0799503
0 0.336138 0.44362 0.0660683 0.0667366 0.077738
0 0.318332 0.43385 0.0233818 0.0206744 0.0775902
0 0.48751 0.452961 0.0145063 0.0215563 0.0764527
0 0.644704 0.561318 0.0840158 0.107852 0.0751309
0 0.72323 0.5073 0.123446 0.109885 0.0742614
0 0.775478 0.521495 0.0929482 0.0981015 0.073926
0 0.219694 0.415066 0.0222777 0.0215957 0.0727624
0 0.358443 0.423063 0.0480999 0.0431251 0.0720084
0 0.652683 0.565325 0.0623514 0.0770968 0.0718326
0 0.229528 0.464767 0.0203972 0.0237145 0.0713294
0 0.117134 0.446336 0.215764 0.134606 0.0713147
0 0.222304 0.419179 0.0326822 0.031813 0.0704345
0 0.921329 0.451334 0.158537 0.480961 0.069846
0 0.170873 0.459196 0.0296183 0.024356 0.0680061
0 0.403904 0.468273 0.0114789 0.0193002 0.0679963
0 0.349136 0.423789 0.072227 0.051085 0.0671363
0 0.745909 0.5185 0.0846127 0.109464 0.0664942
0 0.208626 0.437139 0.0560143 0.0599663 0.06597
0 0.527596 0.455464 0.0349131 0.0615085 0.0657221
0 0.63453 0.541415 0.0997648 0.132572 0.0641516
0 0.672084 0.540121 0.115698 0.141024 0.0632142
0 0.220106 0.410587 0.0284733 0.0294173 0.0631554
0 0.209264 0.463173 0.0208615 0.0208232 0.0619149
0 0.963172 0.541863 0.0733082 0.207378 0.0617126
0 0.0897757 0.485809 0.0513985 0.0746585 0.0614166
0 0.271037 0.412128 0.0495683 0.0391099 0.0612399
0 0.830464 0.513452 0.128113 0.14442 0.0609981
0 0.410165 0.458371 0.0128311 0.0213508 0.0606451
0 0.499251 0.454741 0.0121711 0.0196651 0.0603058
0 0.697753 0.586532 0.0445935 0.0471272 0.0600635
0 0.685975 0.601892 0.0991553 0.111633 0.0594438
0 0.758072 0.488645 0.0650687 0.103882 0.0594419
0 0.261328 0.409915 0.0340996 0.0331648 0.0589532
0 0.172088 0.414336 0.0332776 0.0322753 0.0587174
0 0.233149 0.410034 0.0403477 0.0344394 0.058661
0 0.210262 0.408657 0.0377857 0.0307566 0.0583644
0 0.415755 0.470163 0.0116254 0.0205111 0.0581936
0 0.81708 0.474828 0.363017 0.62615 0.0580942
0 0.171187 0.462505 0.0211146 0.0196481 0.0577928
0 0.338983 0.429226 0.0784802 0.0718634 0.0575895
0 0.604276 0.483013 0.0526202 0.0583085 0.0572932
0 0.247891 0.471815 0.0240253 0.0277913 0.0570985
0 0.864522 0.518762 0.134942 0.1525 0.0570468
0 0.503512 0.462519 0.013814 0.0199277 0.0568892
0 0.316659 0.431378 0.0173844 0.0187037 0.0566083
0 0.920983 0.621116 0.158185 0.472667 0.0565197
0 0.00562248 0.46755 0.0117162 0.0267108 0.0562561
0 0.199458 0.424279 0.0577206 0.0488636 0.0560591
0 0.437036 0.467777 0.0145005 0.0234363 0.0559648
0 0.371445 0.454732 0.0597653 0.0688076 0.0556671
0 0.169133 0.420707 0.029605 0.0353294 0.0554305
0 0.686381 0.580196 0.0668686 0.0694207 0.0549455
0 0.621668 0.537654 0.0660129 0.0975916 0.0545258
0 0.690466 0.498961 0.0828223 0.0937279 0.0541048
0 0.191621 0.407101 0.0299018 0.0285474 0.0540481
0 0.629155 0.35286 0.0418629 0.0363656 0.0535824
0 0.0264689 0.457311 0.0527718 0.0855376 0.0533451
0 0.172524 0.40676 0.0312006 0.0305921 0.0532404
0 0.180801 0.457563 0.0501902 0.0351386 0.0531206
0 0.791978 0.45264 0.290756 0.349065 0.052216
0 0.779099 0.204006 0.331737 0.39141 0.0512791
0 0.472777 0.463708 0.0140517 0.020052 0.0508743
0 0.225518 0.416486 0.023711 0.0202813 0.0505259
0 0.662437 0.455352 0.0757272 0.119533 0.0503729
0 0.260093 0.46644 0.026171 0.0260172 0.0502563
0 0.0161886 0.3826 0.0272426 0.023952 0.0501145
0 0.796941 0.517286 0.125543 0.129186 0.0495271
0 0.112686 0.46494 0.115025 0.0985033 0.0492264
0 0.015404 0.514381 0.0310097 0.0722309 0.0490832
0 0.656659 0.595651 0.0628035 0.0930303 0.0486147
0 0.0234664 0.514353 0.0477594 0.085655 0.0485909
0 0.159082 0.402933 0.0337937 0.0300031 0.048216
0 0.330713 0.453828 0.0237782 0.0275113 0.0480522
0 0.0954811 0.491564 0.0826121 0.093229 0.0477696
0 0.158833 0.462149 0.0395391 0.035992 0.0475188
0 0.625133 0.559238 0.0782175 0.103074 0.0473858
0 0.67377 0.498637 0.0728243 0.0855142 0.0472435
0 0.699279 0.63071 0.0771668 0.0846769 0.0468186
0 0.612969 0.517354 0.0682209 0.102583 0.0467547
0 0.424857 0.472673 0.0196762 0.0415289 0.046652
0 0.63594 0.57335 0.0563601 0.0803607 0.0462704
0 0.409896 0.453955 0.0148764 0.0195979 0.046222
0 0.96885 0.573776 0.0615025 0.146241 0.0456583
0 0.493519 0.465833 0.0120285 0.0186753 0.0448505
0 0.701882 0.483973 0.0899244 0.0956451 0.0448008
0 0.713881 0.46985 0.129382 0.117261 0.0442998
0 0.703735 0.610645 0.0891463 0.115182 0.0442673
0 0.722148 0.543984 0.12068 0.161632 0.0439911
0 0.615394 0.493223 0.0518448 0.0642481 0.0438825
0 0.628664 0.500942 0.0308348 0.0460351 0.0437874
0 0.65152 0.494269 0.0540809 0.0683535 0.0436862
0 0.311926 0.46545 0.0180118 0.0236659 0.0436212
0 0.769594 0.682193 0.21257 0.402685 0.0434181
0 0.14823 0.427819 0.286992 0.215313 0.0433217
0 0.327153 0.477355 0.0161179 0.0244076 0.0422082
0 0.389513 0.476694 0.0189901 0.0363377 0.0421885
0 0.0645985 0.458218 0.0994448 0.0906535 0.0421772
0 0.33584 0.478396 0.0380346 0.0704594 0.0420782
0 0.701176 0.585228 0.064916 0.0674736 0.0413746
0 0.0855567 0.411826 0.115301 0.0743553 0.0412307
0 0.142476 0.400051 0.0314291 0.0292552 0.0409187
0 0.782815 0.480668 0.124631 0.134923 0.0402384
0 0.314083 0.449514 0.0215014 0.0240785 0.0402197
0 0.696212 0.566508 0.0840375 0.103787 0.0399377
0 0.327587 0.427413 0.0526701 0.0590169 0.0391436
0 0.137485 0.443184 0.158567 0.106733 0.0390693
0 0.909145 0.685663 0.172978 0.235687 0.0385895
0 0.259615 0.470923 0.0537558 0.0472846 0.0384472
0 0.716234 0.618124 0.161068 0.307868 0.0382102
0 0.591276 0.50949 0.0640594 0.0716042 0.0381424
0 0.973305 0.517671 0.0543592 0.180723 0.0381282
0 0.162299 0.412542 0.0381527 0.0361721 0.0381154
0 0.495216 0.432849 0.0126408 0.0151527 0.0379415
0 0.614879 0.467204 0.101512 0.148124 0.0373834
0 0.495573 0.428611 0.0128334 0.0151514 0.0368711
0 0.54848 0.467742 0.0488865 0.0513428 0.0365464
0 0.0140974 0.407828 0.0275989 0.044054 0.0364959
0 0.714775 0.569951 0.091764 0.119504 0.0360883
0 0.027048 0.380118 0.0459961 0.0297627 0.035815
0 0.0479361 0.3775 0.0310448 0.0218892 0.0357307
0 0.68667 0.620311 0.0790257 0.0877872 0.0355677
0 0.175996 0.410136 0.0240363 0.0233321 0.0355475
0 0.0476687 0.502512 0.0987214 0.183149 0.0354199
0 0.897142 0.569052 0.117 0.12438 0.035375
0 0.394176 0.44175 0.0292664 0.0356137 0.0350867
0 0.188586 0.461143 0.019322 0.0175906 0.0348763
0 0.266611 0.422587 0.0217068 0.019561 0.0345687
0 0.175076 0.468464 0.0224452 0.0194 0.0342094
0 0.150786 0.449233 0.0617769 0.0612594 0.0340638
0 0.603563 0.48955 0.0723856 0.0861665 0.0340079
0 0.676398 0.51103 0.0928612 0.155031 0.0338464
0 0.773464 0.455442 0.0426416 0.0518887 0.0335343
0 0.716216 0.728916 0.140005 0.25122 0.0333419
0 0.76826 0.629692 0.0492019 0.0535656 0.0331825
0 0.0349676 0.505656 0.0641957 0.0943138 0.0328119
0 0.151943 0.408271 0.0516205 0.0395425 0.0327876
0 0.604184 0.549764 0.0711204 0.093114 0.0320669
0 0.929345 0.744653 0.136325 0.300084 0.0319279
0 0.981669 0.497083 0.0348555 0.164486 0.0317818
0 0.147802 0.487588 0.229566 0.178323 0.0317669
0 0.572612 0.509768 0.0367638 0.0435116 0.0317591
0 0.0206182 0.400145 0.0392142 0.0391829 0.0316914
0 0.946227 0.511575 0.0977589 0.157328 0.0315981
0 0.873018 0.507529 0.0829992 0.121968 0.0315637
0 0.532041 0.470359 0.025263 0.0377521 0.0315557
0 0.625983 0.579829 0.0480975 0.0696127 0.0312768
0 0.242192 0.41729 0.0181241 0.0167648 0.0312445
0 0.624178 0.595515 0.0659788 0.0770264 0.0311115
0 0.185609 0.438401 0.0650332 0.0528124 0.0310367
0 0.463712 0.428882 0.0144766 0.016218 0.0307794
0 0.584069 0.460826 0.0904715 0.109295 0.0307058
0 0.0487768 0.418936 0.105313 0.189642 0.0306851
0 0.874099 0.522958 0.0429232 0.0518 0.0306235
0 0.653905 0.487789 0.0759294 0.0834173 0.0304359
0 0.621075 0.348897 0.0547312 0.0583956 0.0304196
0 0.500895 0.471289 0.0119837 0.0175867 0.0302928
0 0.638049 0.516281 0.0686639 0.0807002 0.0302643
0 0.511091 0.444294 0.0194244 0.0321122 0.0302193
0 0.580624 0.502865 0.0502053 0.0600107 0.030052
0 0.672965 0.6246 0.0541659 0.0683836 0.0297539
0 0.19233 0.411081 0.0236876 0.0225304 0.0296614
0 0.767059 0.608253 0.073176 0.0982825 0.0296122
0 0.949091 0.562415 0.096397 0.163313 0.0295214
0 0.856755 0.519829 0.0978506 0.112448 0.0295165
0 0.38063 0.38094 0.028257 0.0314857 0.0294734
0 0.386886 0.392253 0.0299293 0.0362369 0.0294587
0 0.845438 0.652064 0.282198 0.480718 0.0294257
0 0.558671 0.495183 0.0353708 0.0443187 0.0293301
0 0.340085 0.480716 0.0141174 0.0238993 0.0293095
0 0.114024 0.439118 0.102082 0.10173 0.0290894
0 0.0322763 0.396027 0.0549118 0.0390845 0.0289105
0 0.759096 0.548555 0.0938999 0.141465 0.0288189
0 0.0680755 0.403578 0.0940802 0.0583761 0.028726
0 0.187025 0.464017 0.0410746 0.0315095 0.0287074
0 0.583334 0.537086 0.0661968 0.09087 0.0287013
0 0.622508 0.480234 0.0609675 0.0912294 0.0284858
0 0.274978 0.477429 0.0638553 0.0631731 0.0281006
0 0.528429 0.497778 0.0237917 0.0377509 0.0280372
0 0.316951 0.46711 0.0239527 0.0294892 0.0278922
0 0.623788 0.373814 0.0772341 0.112421 0.027811
0 0.529433 0.423538 0.0298424 0.0439268 0.0277073
0 0.72327 0.6426 0.0887815 0.0889791 0.027397
0 0.45554 0.430812 0.0171122 0.0195916 0.0270073
0 0.279819 0.421051 0.0209193 0.0217894 0.0269095
0 0.714492 0.432586 0.155225 0.240868 0.0266594
0 0.700439 0.651178 0.0630433 0.0653987 0.0266563
0 0.308174 0.473029 0.0175165 0.0258629 0.0264226
0 0.520208 0.398284 0.0175535 0.0209323 0.0263057
0 0.602341 0.359465 0.0866506 0.139914 0.0262574
0 0.593557 0.557989 0.0562673 0.0808249 0.0262523
0 0.452164 0.427277 0.0148297 0.0159003 0.0262129
0 0.541298 0.49233 0.0287621 0.0371186 0.0261418
0 0.40793 0.398901 0.0316515 0.0383464 0.0258259
0 0.915777 0.793004 0.135286 0.175167 0.0256813
0 0.81475 0.540841 0.0761726 0.0926806 0.0256661
0 0.293576 0.472983 0.0371993 0.0409465 0.0255228
0 0.301305 0.422189 0.0172253 0.0213696 0.0254297
0 0.749494 0.593159 0.102992 0.135925 0.0253697
0 0.068817 0.355118 0.0300724 0.0282164 0.0253305
0 0.634303 0.610614 0.0618048 0.0780766 0.0252252
0 0.900011 0.505415 0.123061 0.151283 0.0250566
0 0.788547 0.640672 0.104447 0.0952881 0.0250176
0 0.0508564 0.399683 0.0714517 0.0461392 0.0249367
0 0.417387 0.482005 0.0116848 0.0249802 0.0249085
0 0.162485 0.406178 0.0233241 0.0218835 0.0248827
0 0.425802 0.407528 0.0222876 0.024991 0.0248575
0 0.642247 0.453951 0.109921 0.147978 0.024777
0 0.762232 0.663493 0.0651863 0.0710801 0.0246882
0 0.342216 0.479287 0.0278709 0.0614215 0.0246515
0 0.605141 0.446117 0.0811733 0.120734 0.0245675
0 0.683393 0.648725 0.080571 0.083245 0.0245059
0 0.591097 0.42912 0.068148 0.105981 0.0244797
0 0.0629156 0.380865 0.0570049 0.0298962 0.0244664
0 0.629019 0.362419 0.036822 0.0344092 0.0243026
0 0.967545 0.487974 0.0626032 0.165072 0.0242975
0 0.754853 0.412052 0.21761 0.306315 0.0242298
0 0.872565 0.544387 0.068157 0.0813657 0.0241621
0 0.912138 0.743957 0.150622 0.199753 0.02408
0 0.79566 0.661363 0.0975747 0.0790865 0.0239594
0 0.985686 0.588803 0.0274824 0.121786 0.0239398
0 0.0769855 0.385103 0.0822807 0.0361743 0.0238746
0 0.590422 0.519313 0.0737339 0.10384 0.0238706
0 0.880477 0.518684 0.0625088 0.0760395 0.0237684
0 0.782479 0.53945 0.123116 0.130479 0.0236984
0 0.420719 0.471886 0.0155634 0.0388895 0.0236775
0 0.166111 0.39899 0.020679 0.0239903 0.0236214
0 0.734193 0.454751 0.0998716 0.111076 0.0234244
0 0.878826 0.555511 0.089175 0.109111 0.0232248
