0 0.206994 0.617654 0.0929768 0.0893247 0.900465
0 0.397472 0.623053 0.17389 0.295855 0.888397
0 0.5625 0.693624 0 0.480504 0.885993
0 0.495275 0.617025 0.0309676 0.0540514 0.853135
0 0.0794219 0.69911 0.158844 0.317402 0.791849
0 0.297629 0.604763 0.039576 0.0705822 0.782141
0 0.2627 0.613142 0.0263988 0.0381207 0.378549
0 0.263808 0.605596 0.0325472 0.0534982 0.178382
0 0.533267 0.599759 0.0257364 0.0470506 0.166829
0 0.273661 0.603683 0.04718 0.061774 0.149283
0 0.552351 0.618468 0.020297 0.0464648 0.138225
0 0.516318 0.601328 0.019464 0.0376779 0.133073
0 0.5625 0.611267 0 0.0486127 0.118336
0 0.5625 0.496771 0 0.189224 0.114855
0 0.514195 0.605004 0.0154397 0.0272062 0.104233
0 0.5625 0.534706 0 0.094151 0.103671
0 0.5625 0.51018 0 0.0633306 0.0990522
0 0.5625 0.536143 0 0.0820329 0.0976011
0 0.5625 0.614576 0 0.0532695 0.0969535
0 0.0242779 0.693883 0.0476345 0.32232 0.0966273
0 0.261471 0.615283 0.0188618 0.0303651 0.094264
0 0.493201 0.601939 0.033037 0.0619247 0.0911333
0 0.00950525 0.577666 0.0190105 0.065262 0.0906529
0 0.0189724 0.636315 0.0375592 0.226234 0.089019
0 0.0158604 0.582502 0.0317208 0.0721165 0.0882146
0 0.5625 0.521452 0 0.106082 0.0855731
0 0.5625 0.644939 0 0.128883 0.0853736
0 0.13182 0.586822 0.0620933 0.0786508 0.0850599
0 0.014947 0.608893 0.029894 0.133713 0.0819971
0 0.5625 0.52995 0 0.104235 0.0819742
0 0.233957 0.616448 0.0402885 0.072842 0.0809361
0 0.529906 0.604375 0.0167448 0.0328159 0.0795882
0 0.489916 0.592147 0.0284052 0.0447396 0.0791491
0 0.0223398 0.577832 0.0368499 0.0559129 0.0789679
0 0.116493 0.577134 0.0321131 0.0531946 0.0768154
0 0.5625 0.562733 0 0.296741 0.0761742
0 0.5625 0.568163 0 0.157296 0.0758922
0 0.138179 0.62291 0.0534189 0.0921363 0.075866
0 0.0435001 0.694644 0.0767796 0.319855 0.0747022
0 0.5625 0.534653 0 0.0745979 0.0746908
0 0.5625 0.599534 0 0.286286 0.0745103
0 0.511248 0.601442 0.0164896 0.0271154 0.0743707
0 0.536751 0.594731 0.0358846 0.0686383 0.0741468
0 0.168826 0.622081 0.0286941 0.0636642 0.0729319
0 0.5625 0.533523 0 0.119259 0.0705434
0 0.5625 0.573147 0 0.117921 0.0686637
0 0.486722 0.607342 0.015574 0.0326385 0.0684776
0 0.176332 0.619644 0.0363035 0.0699652 0.0676716
0 0.5625 0.517525 0 0.229158 0.0650157
0 0.5625 0.553736 0 0.153411 0.0640672
0 0.128339 0.610673 0.0659417 0.103685 0.063204
0 0.974153 0.661926 0.0521961 0.397942 0.0630092
0 0.0581351 0.594046 0.0799925 0.0540246 0.0628879
0 0.0151733 0.655951 0.0303727 0.320597 0.0625668
0 0.0453974 0.576352 0.0826151 0.0784905 0.0616864
0 0.539838 0.619003 0.0154131 0.027303 0.0605145
0 0.574706 0.619048 0.0529407 0.0568471 0.0602913
0 0.305638 0.613877 0.0194224 0.0435297 0.0597775
0 0.263805 0.592113 0.0473547 0.0846686 0.0593215
0 0.277413 0.593972 0.0605246 0.0905535 0.0592739
0 0.924459 0.661117 0.0997099 0.39264 0.0592417
0 0.486371 0.585663 0.0166677 0.023081 0.0590862
0 0.788747 0.55614 0.343836 0.205749 0.0574462
0 0.124806 0.588436 0.0496045 0.0581189 0.0574385
0 0.0292438 0.585246 0.0498719 0.0632483 0.0573211
0 0.975289 0.612891 0.0459946 0.190715 0.056113
0 0.146482 0.645641 0.0301708 0.0591925 0.056107
0 0.594267 0.602339 0.0224453 0.0426668 0.0560779
0 0.253238 0.615174 0.0205098 0.0358626 0.0560113
0 0.302079 0.611868 0.0162454 0.0381795 0.0558985
0 0.981865 0.694747 0.036606 0.336362 0.0555337
0 0.319543 0.581783 0.0441705 0.103418 0.0552788
0 0.978783 0.649574 0.0394606 0.143937 0.0551338
0 0.143663 0.599172 0.0711408 0.105383 0.0550671
0 0.913908 0.540016 0.0954132 0.160425 0.0537344
0 0.960393 0.505528 0.0644299 0.129727 0.0535461
0 0.484757 0.595581 0.0160035 0.0268539 0.053536
0 0.98256 0.495435 0.0329702 0.189641 0.0522582
0 0.28604 0.613962 0.0177824 0.0403757 0.0518959
0 0.0328905 0.829224 0.0635689 0.174683 0.0518875
0 0.0125664 0.548056 0.0270714 0.113962 0.0506397
0 0.508795 0.588604 0.0168841 0.0236252 0.0504154
0 0.0995796 0.631823 0.138035 0.108069 0.0501993
0 0.477219 0.589122 0.01196 0.0185813 0.0500562
0 0.39901 0.686038 0.166481 0.167564 0.0498482
0 0.509894 0.612689 0.013478 0.028622 0.0497181
0 0.976587 0.767559 0.0449713 0.290897 0.0497105
0 0.482471 0.589163 0.0139887 0.0245501 0.0490288
0 0.483963 0.580624 0.0151361 0.0260205 0.048672
0 0.163849 0.608742 0.0480633 0.0910229 0.0485814
0 0.551889 0.621547 0.0286192 0.0394753 0.0484441
0 0.273334 0.614682 0.0163915 0.0317808 0.0482605
0 0.0784049 0.588396 0.109764 0.0726963 0.0481423
0 0.47692 0.606152 0.0283395 0.0741953 0.0474139
0 0.948787 0.487719 0.104967 0.169958 0.0471361
0 0.139456 0.565012 0.0758632 0.137975 0.0470557
0 0.110933 0.63835 0.0987669 0.149133 0.0469157
0 0.9352 0.607973 0.0761988 0.286512 0.0467337
0 0.476531 0.582483 0.0124836 0.0204205 0.0466153
0 0.241679 0.603229 0.0365544 0.0606808 0.0465005
0 0.298321 0.59368 0.0505027 0.101272 0.0464544
0 0.532634 0.61253 0.0163928 0.0264091 0.0461313
0 0.021728 0.563365 0.0419778 0.098479 0.0457957
0 0.89723 0.634349 0.142198 0.366871 0.0456555
0 0.490408 0.587302 0.0172609 0.0215716 0.0456124
0 0.516194 0.587815 0.018698 0.0277586 0.0455701
0 0.504348 0.599162 0.0161269 0.0232357 0.0455158
0 0.482806 0.615152 0.0134486 0.0365676 0.0451429
0 0.11655 0.631087 0.0835595 0.105408 0.0445239
0 0.516809 0.593148 0.0232738 0.0401784 0.0441618
0 0.480368 0.594508 0.0134899 0.0212628 0.0440514
0 0.509016 0.606839 0.0113523 0.024741 0.0439219
0 0.499242 0.588429 0.0173108 0.0221909 0.0435466
0 0.594414 0.631152 0.0316723 0.0839875 0.042552
0 0.416593 0.463612 0.0152013 0.0186546 0.0418304
0 0.29334 0.617464 0.0264066 0.0438319 0.041796
0 0.904702 0.521094 0.0868462 0.10064 0.0410885
0 0.991172 0.695298 0.0185286 0.14892 0.0401473
0 0.314825 0.613986 0.0141396 0.0407725 0.0400011
0 0.309699 0.593254 0.0274075 0.0762867 0.0399018
0 0.147969 0.636831 0.0398494 0.0712361 0.0399009
0 0.495108 0.601882 0.0158772 0.0267636 0.0396753
0 0.272696 0.639362 0.0348386 0.0610074 0.0394669
0 0.588831 0.625785 0.026987 0.0540329 0.0394128
0 0.596633 0.585532 0.0354474 0.0741003 0.038537
0 0.0944387 0.598325 0.0909056 0.0626896 0.0383339
0 0.164718 0.630461 0.0243618 0.0632443 0.0382992
0 0.956942 0.807376 0.0283432 0.134612 0.0379846
0 0.30698 0.607108 0.0130748 0.0357161 0.0379733
0 0.309594 0.596773 0.0200964 0.0364653 0.0377961
0 0.0214206 0.758498 0.0422662 0.303635 0.0376248
0 0.316325 0.591452 0.0314198 0.0547479 0.0371913
0 0.575946 0.611849 0.032706 0.0507037 0.0369675
0 0.0106274 0.710277 0.0219225 0.244389 0.0368522
0 0.476555 0.565675 0.0131255 0.0240216 0.0365125
0 0.924205 0.25266 0.14932 0.313476 0.0362379
0 0.945535 0.553072 0.058252 0.148461 0.0360733
0 0.152446 0.618402 0.0517079 0.0916684 0.0359818
0 0.562442 0.62165 0.023214 0.0373595 0.0358968
0 0.884474 0.705355 0.175857 0.358914 0.0358055
0 0.0740386 0.58514 0.134141 0.106989 0.0356472
0 0.0921998 0.60886 0.116837 0.0645616 0.035562
0 0.304516 0.598117 0.0267539 0.0479579 0.0354891
0 0.418269 0.443558 0.0135032 0.0224612 0.0351998
0 0.60449 0.599551 0.0326149 0.0653767 0.0349408
0 0.100393 0.584122 0.0605314 0.0603197 0.0349198
0 0.0592062 0.564012 0.0822688 0.0722896 0.0347218
0 0.0491149 0.597911 0.0997802 0.0910124 0.0347118
0 0.176953 0.629952 0.0252254 0.0432299 0.0345181
0 0.938504 0.713418 0.0783257 0.335903 0.0344597
0 0.0717312 0.604195 0.0685742 0.0507784 0.0343443
0 0.193091 0.608926 0.0644967 0.0703296 0.0342902
0 0.956202 0.570925 0.0360718 0.1149 0.0340059
0 0.976189 0.814393 0.0455408 0.152225 0.0339591
0 0.953822 0.820857 0.0300058 0.094327 0.0339341
0 0.960249 0.750101 0.0281364 0.196124 0.033925
0 0.0669381 0.547554 0.133154 0.15092 0.0338609
0 0.994926 0.75544 0.0102823 0.0548477 0.0332021
0 0.994363 0.748141 0.0122246 0.0904772 0.0331591
0 0.308772 0.545976 0.0474827 0.124853 0.033152
0 0.477181 0.60401 0.0178962 0.0275435 0.0330092
0 0.529654 0.619889 0.0209376 0.0396997 0.0328693
0 0.61256 0.573539 0.0363508 0.105251 0.0327782
0 0.982611 0.685313 0.0352032 0.139354 0.0319851
0 0.993568 0.72114 0.0146862 0.131252 0.0319495
0 0.434191 0.68818 0.0953078 0.160872 0.0316676
0 0.963897 0.806543 0.0391523 0.159061 0.0307945
0 0.596559 0.649397 0.0349128 0.102381 0.0304813
0 0.256135 0.600545 0.0321373 0.0459561 0.0303472
0 0.975854 0.704169 0.0435875 0.164135 0.0301426
0 0.985684 0.803897 0.0285036 0.125295 0.0300139
0 0.60344 0.635503 0.0527092 0.130008 0.0299229
0 0.079888 0.811877 0.145029 0.267262 0.0297819
0 0.993748 0.781626 0.0137049 0.0892492 0.0294759
0 0.245341 0.617088 0.0186238 0.0452998 0.0291859
0 0.782377 0.720036 0.050745 0.0636356 0.02894
0 0.548068 0.630015 0.0222025 0.0436142 0.0288546
0 0.0638618 0.149777 0.126118 0.297433 0.0287678
0 0.100381 0.667339 0.116468 0.150697 0.0283824
0 0.494823 0.411674 0.0198486 0.04381 0.028301
0 0.959023 0.720028 0.0353817 0.184194 0.0281357
0 0.474979 0.556403 0.0147937 0.0312273 0.0280469
0 0.443149 0.651623 0.0625221 0.178832 0.0276814
0 0.942779 0.775811 0.0644661 0.190095 0.0274767
0 0.949979 0.843983 0.031814 0.0637627 0.0273978
0 0.875833 0.531683 0.153668 0.148673 0.0272019
0 0.92359 0.74383 0.101267 0.247741 0.0269067
0 0.332095 0.640483 0.038295 0.108271 0.0268786
0 0.0781886 0.626881 0.0845271 0.0783514 0.0266534
0 0.53303 0.583035 0.0264696 0.0516463 0.0265228
0 0.00857325 0.785485 0.0175418 0.190677 0.0264825
0 0.980337 0.211499 0.0388332 0.11745 0.0264226
0 0.613505 0.574387 0.0578427 0.144782 0.0262391
0 0.939661 0.252246 0.11596 0.21553 0.0262006
0 0.966223 0.784262 0.0504908 0.2352 0.0261967
0 0.582602 0.640783 0.0272689 0.0652248 0.0261572
0 0.157942 0.637644 0.0199935 0.0443462 0.0261245
0 0.885353 0.799512 0.16782 0.241475 0.0260614
0 0.396975 0.561261 0.158187 0.165003 0.0260391
0 0.273061 0.573158 0.0722786 0.117189 0.0258009
0 0.889141 0.558545 0.111348 0.135777 0.02575
0 0.554222 0.607251 0.0252389 0.0390667 0.0257008
0 0.176818 0.961119 0.118639 0.128104 0.0256428
0 0.29697 0.522258 0.0699113 0.115828 0.0256181
0 0.493829 0.281896 0.019628 0.0382032 0.0255878
0 0.480096 0.618331 0.0174728 0.0448588 0.0252312
0 0.33175 0.617186 0.0405043 0.0858546 0.0251954
0 0.620224 0.566198 0.0384933 0.113202 0.0249108
0 0.046782 0.625207 0.086281 0.145624 0.0249099
0 0.0787137 0.650908 0.0926698 0.120237 0.0248722
0 0.302179 0.567884 0.0685251 0.155519 0.0247766
0 0.980021 0.856618 0.0400549 0.214741 0.0245363
0 0.63133 0.563649 0.0721489 0.127945 0.0243988
0 0.630248 0.428484 0.0272513 0.0363856 0.0243529
0 0.878682 0.382391 0.0378841 0.055315 0.0243488
0 0.0687019 0.666848 0.0720106 0.110581 0.0242019
0 0.916462 0.601303 0.0980722 0.170675 0.0240215
0 0.309728 0.514165 0.0424645 0.0765766 0.0240146
0 0.589395 0.598126 0.0246268 0.0388792 0.0240036
0 0.479586 0.594294 0.0205906 0.0535797 0.0238242
0 0.207417 0.464245 0.0187943 0.041432 0.0237597
0 0.151634 0.539768 0.0638933 0.0947183 0.0236836
0 0.856019 0.600453 0.209978 0.299203 0.0236292
0 0.125039 0.952397 0.136441 0.145862 0.0236087
0 0.0437747 0.454825 0.0334513 0.0551255 0.0236031
0 0.0207854 0.824738 0.03968 0.162188 0.0234849
0 0.904636 0.576991 0.0978643 0.157705 0.0234737
0 0.284958 0.610194 0.0310212 0.0586882 0.0234696
0 0.312242 0.533777 0.0362302 0.0720743 0.0233738
0 0.617577 0.562529 0.0309428 0.0813704 0.0233535
0 0.131325 0.566565 0.0557685 0.0827419 0.0230682
0 0.711249 0.365874 0.034716 0.041148 0.0229462
0 0.0391783 0.45339 0.0412932 0.0746202 0.022925
0 0.239242 0.632074 0.049567 0.0815206 0.0229045
0 0.436845 0.640244 0.0393354 0.0764575 0.0227959
0 0.041499 0.54443 0.0831797 0.312516 0.02275
0 0.0799888 0.560552 0.125676 0.0958446 0.0225756
0 0.703748 0.357574 0.0318266 0.0412649 0.0224547
0 0.976655 0.746664 0.0476683 0.168248 0.0224207
0 0.479583 0.192197 0.0197241 0.0335226 0.0223949
0 0.133362 0.542236 0.0583342 0.104513 0.0223575
0 0.882226 0.529854 0.0847565 0.0997986 0.0222095
0 0.634531 0.497354 0.0444795 0.0562094 0.0221046
0 0.467983 0.374211 0.020519 0.0321035 0.0221015
0 0.680813 0.181953 0.038707 0.0521767 0.021814
0 0.495083 0.569725 0.0153718 0.0249473 0.0217259
0 0.900398 0.183701 0.185179 0.377838 0.021715
0 0.462631 0.638111 0.0338724 0.0726593 0.0214701
0 0.328571 0.56934 0.0388074 0.112862 0.0213992
0 0.473398 0.573796 0.0324364 0.0760841 0.0213647
0 0.273594 0.491231 0.0751077 0.0816154 0.0212114
0 0.64922 0.552873 0.0736585 0.109292 0.021198
0 0.474416 0.543645 0.0187617 0.0373149 0.0211496
0 0.406789 0.508332 0.118794 0.0629673 0.0211483
0 0.657283 0.527384 0.101072 0.130197 0.0211458
0 0.951669 0.500303 0.0514139 0.0823925 0.0210521
0 0.638556 0.430515 0.028254 0.0358025 0.0210445
0 0.41699 0.450328 0.0174877 0.0300379 0.0209297
0 0.267915 0.479446 0.0573271 0.0568743 0.0206735
0 0.38913 0.521613 0.124484 0.0831802 0.0206641
0 0.322547 0.776353 0.116851 0.217264 0.0206134
0 0.32026 0.601033 0.0324605 0.0570489 0.0205897
0 0.909477 0.130388 0.0849571 0.213536 0.0204898
0 0.275622 0.516805 0.0745944 0.107429 0.0204372
0 0.655802 0.511447 0.0773869 0.0849099 0.0204067
0 0.438738 0.620303 0.0587764 0.0920835 0.0204018
0 0.666297 0.560876 0.0401986 0.0577061 0.0203979
0 0.408704 0.742224 0.110019 0.0660304 0.0203516
0 0.388766 0.281267 0.0198006 0.036716 0.0203195
0 0.292915 0.538613 0.0945412 0.163534 0.0202874
0 0.643713 0.488369 0.0368657 0.0367627 0.0202526
0 0.394574 0.619598 0.0301641 0.0489137 0.0202406
0 0.183878 0.526184 0.0311735 0.061466 0.0201671
0 0.874072 0.153151 0.0170776 0.0349548 0.0201586
0 0.67641 0.56141 0.144991 0.183791 0.0200573
0 0.0520554 0.682254 0.0878312 0.161257 0.0199381
0 0.949679 0.714824 0.0499172 0.222134 0.0199207
0 0.58152 0.576039 0.0855909 0.134119 0.0198977
0 0.66329 0.770116 0.166613 0.265479 0.019842
0 0.869917 0.147301 0.0210293 0.0405943 0.0198404
0 0.151853 0.646714 0.01729 0.0400547 0.0198195
0 0.601057 0.669674 0.044843 0.138835 0.0198149
0 0.971965 0.44231 0.0536583 0.173193 0.0197973
0 0.979417 0.904172 0.0402538 0.157782 0.019706
0 0.936728 0.84784 0.0575344 0.107295 0.0196907
0 0.878337 0.514954 0.127411 0.0990364 0.0195508
0 0.713399 0.758793 0.0212028 0.0319917 0.0194663
0 0.413762 0.367977 0.0197737 0.0415442 0.0194062
0 0.595375 0.423849 0.0189829 0.0262523 0.0193894
0 0.477039 0.634425 0.0203918 0.0557099 0.019318
0 0.678108 0.514452 0.0793317 0.0989761 0.0192862
0 0.979254 0.45131 0.0375023 0.10799 0.0192762
0 0.513979 0.127305 0.0708012 0.091756 0.0192539
0 0.972515 0.969675 0.0578182 0.0906655 0.0191916
0 0.719887 0.797716 0.0225249 0.0354223 0.0191373
0 0.954118 0.774801 0.0369579 0.184901 0.0191121
0 0.0267556 0.538968 0.0552475 0.123329 0.0189823
0 0.246807 0.594312 0.0266904 0.04304 0.0188834
0 0.710819 0.53659 0.231138 0.166175 0.01884
0 0.0885277 0.691043 0.086277 0.127396 0.0188207
