0 0.5625 0.539075 0 0.21766 0.904347
0 0.5625 0.585698 0 0.243969 0.884007
0 0.5625 0.663661 0 0.44449 0.866118
0 0.495891 0.565955 0.133218 0.359363 0.860764
0 0.417864 0.543643 0.0415791 0.0631736 0.806804
0 0.34733 0.547632 0.0457595 0.0554661 0.790932
0 0.380002 0.543707 0.0247763 0.0433094 0.756204
0 0.395845 0.539093 0.0193295 0.0405688 0.460547
0 0.5625 0.574558 0 0.096485 0.371138
0 0.318979 0.551491 0.0243464 0.0452546 0.24903
0 0.368368 0.549209 0.0142013 0.0395321 0.238785
0 0.392523 0.541812 0.0146226 0.0386617 0.18568
0 0.0158143 0.60348 0.0316285 0.116546 0.179659
0 0.397568 0.541431 0.014532 0.0275182 0.177419
0 0.5625 0.493073 0 0.0573054 0.177152
0 0.5625 0.581782 0 0.126399 0.153058
0 0.381445 0.545557 0.0175554 0.032917 0.143793
0 0.402082 0.535965 0.0159308 0.0332219 0.1407
0 0.398285 0.535283 0.0141778 0.0278432 0.136562
0 0.424066 0.501958 0.0295847 0.0354518 0.126431
0 0.321971 0.546488 0.0336937 0.0565092 0.126181
0 0.0160427 0.559595 0.0320854 0.234919 0.120169
0 0.5625 0.599025 0 0.201839 0.116537
0 0.0207617 0.424659 0.0415234 0.586778 0.114195
0 0.318077 0.553629 0.0199133 0.0330882 0.113549
0 0.5625 0.542852 0 0.131919 0.113004
0 0.385084 0.541199 0.0151957 0.0298713 0.112864
0 0.0167693 0.636434 0.0335386 0.313971 0.11071
0 0.0174582 0.487514 0.0349165 0.378096 0.110356
0 0.423262 0.511045 0.0247098 0.0227547 0.110132
0 0.5625 0.484375 0 0.0449776 0.10689
0 0.428767 0.511308 0.0202466 0.0223393 0.0999385
0 0.326605 0.553997 0.0183117 0.0357986 0.0929708
0 0.0214966 0.595716 0.0429933 0.149173 0.0881409
0 0.013482 0.629582 0.026964 0.183872 0.0801399
0 0.5625 0.490479 0 0.0610304 0.0794573
0 0.429038 0.520128 0.0294487 0.0511238 0.0771196
0 0.5625 0.468942 0 0.0724791 0.0768445
0 0.5625 0.570916 0 0.167973 0.0760485
0 0.5625 0.491876 0 0.0403471 0.0748289
0 0.5625 0.579694 0 0.104785 0.0727685
0 0.5625 0.603047 0 0.0874611 0.0719274
0 0.5625 0.493654 0 0.064783 0.071482
0 0.5625 0.478819 0 0.0657635 0.0706398
0 0.311083 0.550865 0.0381922 0.0542076 0.0698344
0 0.364525 0.538801 0.0176849 0.0301351 0.0690027
0 0.5625 0.49636 0 0.0472297 0.0672234
0 0.5625 0.495534 0 0.125636 0.0671141
0 0.5625 0.573505 0 0.068481 0.0670881
0 0.5625 0.548241 0 0.17981 0.0669611
0 0.410754 0.540562 0.0143669 0.0346923 0.0668927
0 0.638555 0.516853 0.0379597 0.11575 0.0638005
0 0.409079 0.519321 0.0185718 0.0216045 0.063488
0 0.429808 0.537525 0.0143213 0.0316874 0.0632166
0 0.0194298 0.716011 0.0413583 0.290978 0.0623974
0 0.0125954 0.558669 0.0260295 0.12497 0.0617949
0 0.627976 0.566367 0.0428175 0.116913 0.0603983
0 0.403106 0.521336 0.0162296 0.0231027 0.0597832
0 0.00699442 0.71057 0.0146399 0.216617 0.0596103
0 0.110646 0.453101 0.0302342 0.0405924 0.0592596
0 0.887773 0.503255 0.0297115 0.0378297 0.0584992
0 0.625606 0.517386 0.0134201 0.0498413 0.0579841
0 0.971334 0.694355 0.0537334 0.386334 0.057732
0 0.43692 0.48884 0.0133688 0.0250237 0.0574592
0 0.717065 0.612133 0.0892469 0.152423 0.0573907
0 0.4222 0.497563 0.0223151 0.0241548 0.057133
0 0.479623 0.414908 0.0582204 0.0582785 0.0570314
0 0.684742 0.45214 0.096399 0.0428985 0.0567606
0 0.920691 0.461925 0.0698998 0.0614567 0.0563747
0 0.0276492 0.575311 0.0362438 0.100169 0.0559567
0 0.413159 0.509797 0.0162966 0.0333917 0.055313
0 0.693326 0.579075 0.0642024 0.178551 0.0543273
0 0.438926 0.491924 0.0119242 0.0204495 0.0538421
0 0.691545 0.430513 0.134876 0.0685395 0.0524968
0 0.419897 0.521155 0.0143125 0.028416 0.0523466
0 0.699616 0.445894 0.104865 0.0309015 0.0517996
0 0.333544 0.549697 0.0181784 0.031981 0.0516092
0 0.285533 0.547188 0.065968 0.084258 0.0514789
0 0.6619 0.480661 0.0749801 0.0852069 0.0510855
0 0.0619737 0.549699 0.0857145 0.0851565 0.0506388
0 0.98956 0.410885 0.0203079 0.0878557 0.0487581
0 0.338443 0.550695 0.0259384 0.0380422 0.0484907
0 0.980713 0.758853 0.0385965 0.256067 0.046243
0 0.428496 0.498237 0.017626 0.0221204 0.0459068
0 0.285834 0.538204 0.0377281 0.0612785 0.0452041
0 0.0380238 0.559464 0.0430673 0.0855998 0.0447893
0 0.497759 0.41688 0.0939837 0.0603506 0.0440073
0 0.346544 0.552079 0.0264035 0.0365048 0.0437296
0 0.274606 0.53839 0.0502972 0.0724473 0.0431005
0 0.339681 0.541176 0.0602152 0.0750695 0.0428189
0 0.436509 0.508245 0.0140333 0.0268983 0.0427668
0 0.939985 0.493248 0.116938 0.100936 0.0427529
0 0.299736 0.548187 0.0540748 0.0740172 0.0419637
0 0.675814 0.598291 0.031402 0.112566 0.0418454
0 0.697723 0.462536 0.104798 0.0625721 0.0418072
0 0.427021 0.538059 0.0413467 0.0643935 0.0415905
0 0.638523 0.560264 0.0421253 0.151363 0.0406012
0 0.582853 0.411606 0.0744552 0.118811 0.0398777
0 0.0118224 0.70695 0.024128 0.27317 0.039074
0 0.24096 0.474726 0.0243524 0.0306087 0.0386466
0 0.405631 0.541104 0.0191949 0.0392816 0.0384722
0 0.496613 0.442312 0.0993891 0.108084 0.0381181
0 0.0760381 0.539583 0.0956137 0.111727 0.0379075
0 0.860254 0.505134 0.0459621 0.0579604 0.0375961
0 0.475029 0.428723 0.0460571 0.070862 0.0371423
0 0.908718 0.4841 0.0940012 0.0780962 0.0368927
0 0.314241 0.546649 0.0220681 0.037123 0.0364754
0 0.579008 0.377189 0.0619931 0.0441841 0.0359935
0 0.11066 0.463962 0.0372669 0.0579434 0.035949
0 0.296005 0.540512 0.0375869 0.06479 0.0357741
0 0.367623 0.592503 0.0165825 0.0268528 0.0354574
0 0.478516 0.439587 0.0742926 0.0851045 0.0350064
0 0.453146 0.533427 0.0475675 0.095747 0.0350051
0 0.61779 0.590724 0.0445452 0.128103 0.0347511
0 0.992297 0.424442 0.0217049 0.067646 0.0341203
0 0.534328 0.465099 0.152499 0.14818 0.0340226
0 0.57964 0.393628 0.0640025 0.0740528 0.0331327
0 0.69406 0.415225 0.0950396 0.0624438 0.0329989
0 0.63202 0.472868 0.0166691 0.030278 0.032467
0 0.349691 0.525051 0.0226109 0.0407066 0.0324385
0 0.885847 0.513569 0.0166168 0.026714 0.0323735
0 0.62548 0.478269 0.0140732 0.0284681 0.0323258
0 0.625549 0.520206 0.0240751 0.0989003 0.0323255
0 0.0121854 0.503874 0.0283338 0.170941 0.0322613
0 0.462645 0.638268 0.070207 0.188171 0.0316161
0 0.712838 0.564235 0.0815685 0.176689 0.0315477
0 0.949515 0.464527 0.098102 0.0566664 0.0311481
0 0.731991 0.631922 0.10949 0.143532 0.0310598
0 0.934611 0.511426 0.1423 0.124797 0.0309621
0 0.984502 0.790935 0.0294809 0.206526 0.03085
0 0.10838 0.539716 0.0998282 0.0932035 0.0308324
0 0.0867741 0.546681 0.0702278 0.0790856 0.0308038
0 0.783523 0.620144 0.0774032 0.140427 0.0306983
0 0.521202 0.670031 0.16747 0.142937 0.0306681
0 0.435258 0.539128 0.0215006 0.0485742 0.0303336
0 0.824377 0.60263 0.109216 0.22825 0.0302331
0 0.0740087 0.470817 0.0996672 0.20998 0.0299022
0 0.970246 0.463248 0.0575623 0.0436141 0.0297782
0 0.0608293 0.801364 0.11009 0.207034 0.0296947
0 0.991977 0.451374 0.0172478 0.0426363 0.0295625
0 0.83982 0.524646 0.0795353 0.101313 0.0288598
0 0.436027 0.542484 0.0135029 0.0381051 0.028825
0 0.978093 0.451505 0.0383394 0.0380504 0.0286019
0 0.956237 0.485517 0.0776741 0.0915262 0.0285461
0 0.324281 0.309248 0.0362021 0.0562209 0.0283141
0 0.436111 0.521454 0.0256703 0.0514544 0.0282219
0 0.964033 0.523616 0.060644 0.14731 0.027893
0 0.683699 0.607243 0.0826296 0.147284 0.0278891
0 0.324822 0.574441 0.0207218 0.0353396 0.02765
0 0.68842 0.602299 0.0489977 0.118487 0.0276391
0 0.781038 0.63135 0.060878 0.105242 0.0274118
0 0.454409 0.564438 0.041298 0.105064 0.02735
0 0.848379 0.616023 0.0864239 0.249972 0.0272457
0 0.789269 0.608675 0.110154 0.174835 0.0268756
0 0.535307 0.386729 0.0657333 0.0586555 0.0268204
0 0.253659 0.530328 0.0383208 0.0615491 0.0267725
0 0.585427 0.443754 0.0866212 0.168237 0.0266558
0 0.507393 0.396084 0.088979 0.0751572 0.0264715
0 0.348262 0.537991 0.0325064 0.0421036 0.0263507
0 0.854998 0.514852 0.0544718 0.0808881 0.026216
0 0.768285 0.51052 0.152714 0.0972552 0.0258117
0 0.56751 0.409054 0.0903786 0.074385 0.0257777
0 0.677605 0.394405 0.0603363 0.0490414 0.0256577
0 0.029913 0.540438 0.0249996 0.0724147 0.0255711
0 0.992922 0.827247 0.0131218 0.138018 0.0254772
0 0.0523947 0.536827 0.0528822 0.0735625 0.0251394
0 0.15156 0.924362 0.0315333 0.0850533 0.0249603
0 0.628485 0.470907 0.0185172 0.0296044 0.0247364
0 0.566732 0.434103 0.120955 0.0998006 0.0245784
0 0.523781 0.414597 0.13227 0.0569834 0.0245403
0 0.994933 0.853904 0.00990734 0.0885473 0.0244764
0 0.975778 0.490533 0.0477367 0.103439 0.0243336
0 0.97377 0.787562 0.0503347 0.200536 0.0242783
0 0.807457 0.516489 0.170323 0.105532 0.024254
0 0.908123 0.510769 0.0846033 0.101728 0.0236464
0 0.887315 0.514436 0.0235811 0.0326497 0.0235514
0 0.988559 0.823181 0.0226719 0.139617 0.023504
0 0.0799267 0.290119 0.14718 0.352831 0.023446
0 0.0863377 0.520627 0.126612 0.189275 0.0233668
0 0.601124 0.470337 0.0677992 0.13929 0.0233214
0 0.808846 0.488241 0.105462 0.0570639 0.0232221
0 0.723448 0.449793 0.0647174 0.0459841 0.0230704
0 0.00597006 0.755213 0.0129563 0.174922 0.0227865
0 0.591515 0.667552 0.0628612 0.118201 0.0227626
0 0.840457 0.641825 0.0633448 0.16103 0.022718
0 0.241106 0.524777 0.0396934 0.0638273 0.0227123
0 0.930724 0.568046 0.13401 0.24348 0.0226849
0 0.883753 0.493719 0.0721174 0.0686317 0.0226434
0 0.26067 0.30441 0.0517694 0.0464331 0.0225612
0 0.90121 0.449281 0.0386421 0.0585443 0.0224374
0 0.973004 0.579534 0.0476151 0.248305 0.0224075
0 0.718561 0.498235 0.0776905 0.0899504 0.022259
0 0.113308 0.526939 0.0695246 0.0734494 0.0222575
0 0.131012 0.929502 0.017652 0.0448534 0.0222056
0 0.111446 0.538564 0.155458 0.180079 0.0221736
0 0.524195 0.434704 0.12734 0.0879796 0.0220508
0 0.0362299 0.602301 0.0511554 0.0952331 0.0219079
0 0.977306 0.284627 0.0375195 0.0521168 0.0219046
0 0.327355 0.307436 0.0290081 0.0389466 0.0218884
0 0.672344 0.442938 0.0772388 0.0655996 0.0217529
0 0.675247 0.384858 0.033752 0.0363868 0.0216031
0 0.129623 0.544473 0.0834859 0.0803933 0.0215998
0 0.91638 0.53068 0.155481 0.166058 0.0215374
0 0.32214 0.583662 0.0467771 0.0759482 0.0214134
0 0.163361 0.545692 0.070119 0.0825053 0.0213645
0 0.838996 0.494716 0.083779 0.0594272 0.0213581
0 0.242255 0.536547 0.0489195 0.0708232 0.0212652
0 0.766844 0.648244 0.0887001 0.10367 0.0212095
0 0.858683 0.5731 0.115879 0.120704 0.0208629
0 0.530644 0.368069 0.0374125 0.0355469 0.0207014
0 0.703681 0.645234 0.0806025 0.125201 0.0206813
0 0.589583 0.427964 0.0589907 0.0979464 0.0206559
0 0.247114 0.48987 0.0327923 0.0486827 0.0206518
0 0.296571 0.307032 0.0866165 0.0745951 0.0206021
0 0.0459502 0.445957 0.0482362 0.104287 0.0205636
0 0.0745393 0.827513 0.105375 0.140891 0.0205536
0 0.50171 0.38514 0.0846206 0.0482711 0.0204564
0 0.0966272 0.955746 0.0564316 0.0903788 0.0204508
0 0.572948 0.665542 0.0973128 0.12909 0.0203825
0 0.77464 0.488875 0.125065 0.0522222 0.0203468
0 0.716322 0.457905 0.0830222 0.0543252 0.0202472
0 0.0369344 0.443829 0.0334711 0.0963582 0.020165
0 0.456732 0.442541 0.0430991 0.0525826 0.0198526
0 0.98633 0.484881 0.0274107 0.096561 0.0197611
0 0.794565 0.731369 0.0705662 0.10886 0.019697
0 0.139648 0.792916 0.0340111 0.0512999 0.0194887
0 0.0410721 0.687291 0.0615117 0.161163 0.0194856
0 0.441073 0.527532 0.0390733 0.0747023 0.0194412
0 0.049337 0.746532 0.0789971 0.16898 0.0194341
0 0.409555 0.492039 0.01492 0.0197441 0.0194017
0 0.973523 0.414426 0.0580769 0.102746 0.0192226
0 0.0304846 0.434571 0.0487549 0.345807 0.0190086
0 0.535966 0.35754 0.0456059 0.0601212 0.01898
0 0.913503 0.449032 0.0653385 0.073068 0.018955
0 0.865664 0.522506 0.0348696 0.0522342 0.0188926
0 0.221127 0.530118 0.0546477 0.064024 0.0188269
0 0.988317 0.39255 0.0241291 0.101451 0.0188203
0 0.0550035 0.454367 0.0708858 0.116942 0.0188129
0 0.206636 0.787684 0.0342433 0.0526191 0.0187832
0 0.0313749 0.513372 0.0178986 0.0452088 0.0187328
0 0.417321 0.422841 0.0345729 0.0474319 0.0187182
0 0.573776 0.452319 0.0930128 0.104559 0.0186857
0 0.729033 0.539759 0.0601282 0.129859 0.018586
0 0.530302 0.546997 0.0483037 0.0666489 0.0185517
0 0.131293 0.918398 0.0200284 0.0573688 0.0185413
0 0.414294 0.548918 0.0252479 0.0431495 0.0184987
0 0.0772078 0.605104 0.0814021 0.0892415 0.0184936
0 0.431446 0.553513 0.0150211 0.034798 0.0184711
0 0.513974 0.470025 0.0771773 0.0971038 0.0183081
0 0.473651 0.443962 0.0328785 0.0594404 0.0182713
0 0.606631 0.610542 0.0564635 0.161414 0.0182465
0 0.144661 0.48549 0.111453 0.143223 0.0182439
0 0.608839 0.569713 0.0685164 0.101712 0.0181951
0 0.534242 0.354169 0.0348846 0.0429133 0.0181697
0 0.274625 0.304458 0.0762604 0.0561659 0.0181458
0 0.77992 0.579181 0.0725529 0.125255 0.018141
0 0.174673 0.458605 0.130853 0.144602 0.0181351
0 0.78576 0.539002 0.0751686 0.113773 0.0180957
0 0.101363 0.6082 0.113373 0.113957 0.0177776
0 0.499562 0.715874 0.0975887 0.0854684 0.0177727
0 0.19293 0.476512 0.108954 0.132728 0.0177586
0 0.787109 0.526394 0.108709 0.117591 0.0177516
0 0.611395 0.453871 0.0373624 0.0842014 0.0177298
0 0.8078 0.558809 0.0962862 0.106585 0.0177237
0 0.0304444 0.781534 0.0543047 0.248596 0.0177076
0 0.652118 0.64229 0.0412258 0.0813559 0.0176656
0 0.312551 0.602806 0.024433 0.0387329 0.0176599
0 0.666745 0.399269 0.0620049 0.0621999 0.0176094
0 0.738646 0.565095 0.0540072 0.129548 0.0175792
0 0.60947 0.489745 0.0298935 0.0593347 0.0175715
0 0.18817 0.547133 0.0767826 0.0793136 0.0175371
0 0.784044 0.474318 0.0804511 0.0295158 0.0175158
0 0.505602 0.474284 0.120285 0.15205 0.0175042
0 0.725942 0.48399 0.0619324 0.0716562 0.017499
0 0.636027 0.62864 0.0221434 0.0591078 0.017492
0 0.176178 0.537992 0.0490678 0.0635022 0.0174641
0 0.591396 0.451551 0.0641621 0.118638 0.0173771
0 0.845695 0.373603 0.0377348 0.0477086 0.0173455
0 0.204957 0.0560415 0.0664254 0.0874228 0.0173074
0 0.102891 0.557547 0.0565363 0.0580022 0.0172637
0 0.519228 0.374531 0.0539882 0.0355838 0.0172564
0 0.0956161 0.644991 0.0954058 0.0972533 0.0172405
0 0.529069 0.44739 0.06703 0.0862277 0.0171814
0 0.600605 0.517518 0.0636676 0.151682 0.0171659
0 0.328347 0.542707 0.0275501 0.040002 0.0171094
0 0.686305 0.424428 0.0831347 0.0956581 0.0170837
0 0.602162 0.471918 0.045667 0.0863057 0.0170655
0 0.948212 0.42306 0.0997894 0.127559 0.016944
0 0.129594 0.526413 0.0478307 0.057529 0.0169277
0 0.309004 0.564067 0.0230326 0.0364095 0.0168857
0 0.94781 0.456472 0.107202 0.0941563 0.0168118
0 0.0590827 0.504163 0.0703711 0.0917635 0.0168018
0 0.604301 0.53921 0.0336072 0.061997 0.0167398
0 0.704639 0.433726 0.0920346 0.0419676 0.0166829
0 0.0292311 0.244737 0.05929 0.333683 0.016678
0 0.0445072 0.577734 0.0739822 0.0968567 0.016652
0 0.348467 0.50809 0.0539066 0.0944099 0.0165624
0 0.979028 -0.0131839 0.039259 0.0419376 0.0165332
0 0.50701 0.398736 0.108051 0.0412832 0.0165315
0 0.0836173 0.461759 0.0860081 0.0814878 0.0164728
