0 0.438507 0.458835 0.0342611 0.0441405 0.883843
0 0.575489 0.471433 0.0332855 0.0419639 0.883508
0 0.674033 0.498924 0.0748447 0.0927487 0.865466
0 0.745685 0.523109 0.127423 0.132284 0.844211
0 0.919445 0.767983 0.160713 0.453882 0.829145
0 0.612529 0.480487 0.0536223 0.0592538 0.816021
0 0.51275 0.454282 0.0154632 0.0224774 0.48564
0 0.50022 0.453968 0.0134366 0.0201953 0.437688
0 0.261311 0.440618 0.0364549 0.0395557 0.383749
0 0.202842 0.442491 0.0493153 0.0433558 0.347969
0 0.229915 0.444035 0.0253722 0.0341756 0.340264
0 0.339741 0.445385 0.0427339 0.0594248 0.325321
0 0.218281 0.442401 0.044851 0.0413294 0.307458
0 0.0965225 0.43379 0.0575642 0.0564121 0.294696
0 0.400465 0.448712 0.0278692 0.0351932 0.290909
0 0.322262 0.443608 0.0403353 0.0557983 0.275579
0 0.0638294 0.462408 0.127659 0.221689 0.274389
0 0.256177 0.445275 0.0495385 0.0553377 0.256707
