0 0.5625 0.492622 0 0.137418 0.892705
0 0.466553 0.475014 0.0893295 0.13005 0.870484
0 0.5625 0.464263 0 0.0532444 0.859231
0 0.5625 0.452345 0 0.0386731 0.734909
0 0.519219 0.452279 0.0183265 0.0348717 0.514221
0 0.545183 0.4479 0.0155456 0.0213872 0.504507
0 0.509893 0.464535 0.0216619 0.0666317 0.48711
0 0.535272 0.448745 0.011991 0.0193492 0.399297
0 0.5625 0.454339 0 0.0212351 0.390126
0 0.5625 0.647783 0 0.166887 0.353231
0 0.5625 0.709437 0 0.303094 0.325304
0 0.561696 0.456218 0.00160866 0.0186712 0.295986
0 0.50489 0.462718 0.0287964 0.0785789 0.274989
0 0.545449 0.450898 0.0124186 0.0180669 0.258015
0 0.5625 0.455406 0 0.023597 0.255407
0 0.5625 0.604558 0 0.261861 0.239975
0 0.521959 0.452163 0.0141703 0.0261882 0.239519
0 0.53119 0.451541 0.0117888 0.0216682 0.21711
0 0.5625 0.457353 0 0.025489 0.217073
0 0.527343 0.448727 0.0128345 0.0233749 0.214321
0 0.524953 0.451688 0.0143031 0.0328595 0.205632
0 0.5625 0.453366 0 0.0277889 0.203948
0 0.558596 0.45239 0.00780716 0.0221674 0.195823
0 0.51335 0.454091 0.0160793 0.0408035 0.19323
0 0.5625 0.61771 0 0.443084 0.181694
0 0.5625 0.45622 0 0.0193231 0.180505
0 0.550358 0.452443 0.0131191 0.02217 0.180066
0 0.5625 0.456302 0 0.0289929 0.172489
0 0.496289 0.459758 0.0422619 0.0880469 0.171021
0 0.509711 0.465136 0.0172092 0.0480727 0.160212
0 0.5625 0.652994 0 0.117927 0.121522
0 0.5625 0.467448 0 0.505655 0.116378
0 0.5625 0.669136 0 0.196363 0.107811
0 0.533729 0.451485 0.0117682 0.0305261 0.107611
0 0.5625 0.162772 0 0.119797 0.105385
0 0.5625 0.771695 0 0.385242 0.0962861
0 0.5625 0.600654 0 0.237671 0.094867
0 0.5625 0.655036 0 0.186686 0.0933839
0 0.5625 0.577163 0 0.252691 0.0913794
0 0.5625 0.467976 0 0.0594672 0.0851364
0 0.5625 0.740668 0 0.287425 0.0820329
0 0.5625 0.707402 0 0.238835 0.0798912
0 0.5625 0.437711 0 0.0388712 0.0777566
0 0.5625 0.671557 0 0.179393 0.0759904
0 0.5625 0.553478 0 0.428884 0.0750995
0 0.5625 0.471423 0 0.0564731 0.0693692
0 0.5625 0.575252 0 0.173564 0.0687232
0 0.5625 0.471492 0 0.0666242 0.0679291
0 0.5625 0.194635 0 0.170224 0.0673728
0 0.5625 0.511966 0 0.349005 0.0668797
0 0.919845 0.634807 0.177208 0.393898 0.0668447
0 0.985916 0.724449 0.0275753 0.226047 0.0662405
0 0.486027 0.452494 0.0667524 0.09332 0.065591
0 0.613807 0.463226 0.0141633 0.0349287 0.0617337
0 0.990815 0.450458 0.0180782 0.166354 0.0613087
0 0.0467698 0.640296 0.0925013 0.218446 0.0609401
0 0.638051 0.46334 0.0271376 0.0584743 0.0598733
0 0.413257 0.444927 0.0296394 0.0410519 0.0575263
0 0.426594 0.450241 0.0344902 0.0638844 0.0563012
0 0.973153 0.745525 0.0524286 0.256075 0.0545444
0 0.644788 0.458025 0.0265349 0.0566916 0.0536045
0 0.987153 0.486003 0.0245882 0.246364 0.0510665
0 0.927372 0.632459 0.156676 0.254181 0.0504451
0 0.920298 0.792399 0.157248 0.255189 0.0493271
0 0.914626 0.525768 0.131107 0.182526 0.0461934
0 0.983817 0.543701 0.0324905 0.140231 0.0460425
0 0.0319749 0.231193 0.0650199 0.468364 0.0448461
0 0.498498 0.439516 0.0327269 0.0586245 0.0446552
0 0.608324 0.487654 0.0236 0.0652588 0.0442919
0 0.0163897 0.45955 0.0334606 0.162692 0.043892
0 0.983227 0.327221 0.0337666 0.181837 0.0436834
0 0.992067 0.494434 0.016338 0.118117 0.0434679
0 0.931343 0.647938 0.066186 0.142083 0.043173
0 0.422224 0.440222 0.0287806 0.0459895 0.0426107
0 0.596319 0.449838 0.0172735 0.0276136 0.0424442
0 0.937456 0.355992 0.12363 0.284845 0.042256
0 0.646398 0.480322 0.0403575 0.106819 0.0421732
0 0.0496756 0.71533 0.096157 0.295832 0.0417969
0 0.0379913 0.465562 0.0745127 0.159631 0.0414798
0 0.606009 0.461152 0.0256585 0.0400447 0.0409418
0 0.95515 0.768473 0.0766439 0.214338 0.040631
0 0.320429 0.514248 0.0813314 0.123014 0.0402695
0 0.981658 0.446435 0.0365505 0.160132 0.039836
0 0.976803 0.415824 0.0438259 0.349587 0.0395794
0 0.28993 0.511725 0.142012 0.147297 0.0385785
0 0.617626 0.463181 0.0159717 0.0367088 0.0385598
0 0.878149 0.541855 0.0551147 0.10757 0.0383555
0 0.948401 0.545742 0.102671 0.184251 0.0378991
0 0.886587 0.520422 0.0767326 0.148453 0.0367346
0 0.876241 0.696746 0.247326 0.301962 0.0356072
0 0.968244 0.790849 0.0607418 0.212273 0.0351011
0 0.809093 0.186053 0.039864 0.055318 0.0347049
0 0.626148 0.460442 0.0175987 0.0364694 0.0344423
0 0.968378 0.379958 0.0581234 0.321083 0.0342524
0 0.413848 0.464041 0.0378262 0.0725104 0.0337355
0 0.970931 0.455406 0.0546282 0.162966 0.0337269
0 0.988485 0.773754 0.0220161 0.218868 0.0331365
0 0.918209 0.476308 0.137323 0.28927 0.0328337
0 0.893145 0.55241 0.0893713 0.17156 0.0324782
0 0.818824 0.184388 0.0576477 0.0668084 0.032382
0 0.787644 0.481999 0.0217039 0.0519764 0.032277
0 0.963428 0.820688 0.0697737 0.330586 0.0320591
0 0.624661 0.408209 0.0582677 0.104835 0.0320172
0 0.0160815 0.106289 0.0320733 0.232023 0.0317443
0 0.968204 0.533007 0.0580757 0.135786 0.0314938
0 0.378406 0.498135 0.114652 0.135175 0.0305656
0 0.517194 0.458131 0.0120664 0.0337362 0.0303826
0 0.110873 0.49079 0.0809657 0.0741504 0.0300391
0 0.981626 0.816216 0.036796 0.190985 0.0295046
0 0.631965 0.482955 0.0180923 0.0530044 0.0288914
0 0.640431 0.45205 0.0162403 0.0345662 0.0286139
0 0.992005 0.413425 0.0152777 0.107076 0.0282135
0 0.916637 0.850735 0.148652 0.234997 0.0278734
0 0.916457 0.636922 0.091864 0.188039 0.0277832
0 0.653344 0.449767 0.0407852 0.0526566 0.0275644
0 0.852674 0.511476 0.0283995 0.0581438 0.0274483
0 0.790814 0.472028 0.0206498 0.0587357 0.0273022
0 0.936598 0.708603 0.0781208 0.210326 0.0271262
0 0.397552 0.477823 0.0772438 0.103905 0.0270552
0 0.0213979 0.437419 0.0414063 0.120562 0.027046
0 0.0268352 0.350519 0.0555534 0.39466 0.0266875
0 0.739596 0.496524 0.0289368 0.0516327 0.0266263
0 0.829739 0.178204 0.0516768 0.0546352 0.0265919
0 0.710343 0.51127 0.0351209 0.057543 0.0264793
0 0.893205 0.540443 0.0619827 0.106191 0.0264423
0 0.524356 0.431277 0.0126777 0.0214962 0.0263014
0 0.874486 0.507368 0.0579247 0.148667 0.0262906
0 0.969468 0.908227 0.0586235 0.164467 0.0262877
0 0.864007 0.488381 0.0344334 0.110681 0.0262015
0 0.331082 0.528346 0.0572301 0.0936803 0.0256314
0 0.73235 0.155017 0.218293 0.327826 0.0255272
0 0.988712 0.837533 0.0214609 0.155513 0.0254199
0 0.972347 0.833869 0.0518932 0.177565 0.0251776
0 0.732642 0.521504 0.0233615 0.0428824 0.02506
0 0.72673 0.47569 0.017466 0.0359662 0.0247736
0 0.891394 0.608735 0.115487 0.187199 0.0246406
0 0.74282 0.485436 0.0354168 0.0532964 0.0246278
0 0.710438 0.475885 0.0351771 0.0673637 0.0243736
0 0.690549 0.509338 0.0748407 0.0917506 0.0243689
0 0.973334 0.311371 0.0533619 0.175681 0.024206
0 0.341291 0.511894 0.0470097 0.0974638 0.0240665
0 0.979612 0.122183 0.0421608 0.237331 0.0239712
0 0.725047 0.503258 0.0216346 0.0439657 0.023923
0 0.532332 0.43098 0.0113772 0.0185334 0.0235818
0 0.579789 0.417791 0.0313756 0.0483993 0.0232613
0 0.924309 0.683867 0.0827358 0.186714 0.0231356
0 0.890551 0.836804 0.18323 0.30554 0.023114
0 0.340279 0.545256 0.0419036 0.0595864 0.0229514
0 0.421932 0.462889 0.0228874 0.049208 0.0228791
0 0.982683 0.194889 0.0315254 0.0801704 0.0227626
0 0.574893 0.473127 0.0128186 0.0296516 0.0227311
0 0.788128 0.50607 0.0411763 0.0582137 0.0227015
0 0.512804 0.425128 0.0169603 0.0302422 0.0226035
0 0.0104432 0.369849 0.0212809 0.0446085 0.0225835
0 0.956486 0.493207 0.0876444 0.168776 0.0225089
0 0.0163133 0.256525 0.0348169 0.30635 0.0224634
0 0.916484 0.142422 0.151732 0.191625 0.0224006
0 0.638033 0.48689 0.0258752 0.0794034 0.022305
0 0.424219 0.492311 0.0299603 0.0588354 0.0221774
0 0.539787 0.430424 0.0105638 0.0161772 0.0221225
0 0.0370122 0.557633 0.0748549 0.327033 0.0221058
0 0.273655 0.848629 0.0377663 0.0541601 0.0220746
0 0.649787 0.414258 0.0196955 0.0378386 0.0220503
0 0.756292 0.489241 0.0464524 0.0559965 0.0220033
0 0.814035 0.482552 0.0612933 0.0864834 0.0219843
0 0.950194 0.510029 0.0831156 0.106811 0.0217575
0 0.533491 0.388581 0.0151988 0.0247359 0.0217548
0 0.0297595 0.0784547 0.0553535 0.17625 0.0217349
0 0.0135124 0.432085 0.0268909 0.113399 0.0217072
0 0.697386 0.454693 0.0514366 0.0541857 0.0213662
0 0.619277 0.443797 0.0207346 0.04249 0.0213584
0 0.917398 0.899646 0.132096 0.176742 0.0213542
0 0.844656 0.507666 0.0342285 0.0658466 0.0212938
0 0.822786 0.506975 0.0511431 0.0658796 0.0212445
0 0.625959 0.375382 0.0411406 0.0549179 0.0212248
0 0.961976 0.163207 0.071913 0.160806 0.0212068
0 0.393489 0.470156 0.115826 0.131956 0.0211794
0 0.76173 0.506315 0.0597333 0.0716896 0.0211464
0 0.537888 0.296777 0.0332272 0.0377736 0.0211421
0 0.571334 0.419164 0.022378 0.0356274 0.0209608
0 0.611697 0.41556 0.0437362 0.0750709 0.0208749
0 0.95468 0.812016 0.0708471 0.13449 0.0208193
0 0.879878 0.475452 0.0565395 0.108883 0.020749
0 0.869078 0.466062 0.04844 0.186742 0.0207262
0 0.932788 0.773895 0.0749731 0.167755 0.0207119
0 0.0666333 0.594354 0.120245 0.231794 0.0207073
0 0.86514 0.402904 0.0339642 0.117133 0.0206661
0 0.646079 0.40307 0.0599542 0.0940688 0.0206417
0 0.0243157 0.576955 0.0441998 0.281401 0.0206254
0 0.476501 0.421369 0.0429493 0.0501128 0.0205051
0 0.963002 0.907026 0.0454803 0.124467 0.0204671
0 0.397862 0.453527 0.0608823 0.064454 0.0204278
0 0.437685 0.429206 0.038231 0.0434986 0.020322
0 0.549766 0.431139 0.0119401 0.0180041 0.0202928
0 0.705713 0.529353 0.04434 0.0572095 0.0202887
0 0.939649 0.292497 0.113427 0.177985 0.0201115
0 0.0522633 0.100899 0.0647913 0.164615 0.0199562
0 0.0112855 0.355856 0.0225818 0.0592792 0.019878
0 0.522949 0.394145 0.0157041 0.0275879 0.0198092
0 0.280755 0.513852 0.101779 0.122185 0.0196543
0 0.535896 0.430673 0.00938644 0.0152968 0.0196435
0 0.0131962 0.346491 0.0297002 0.219903 0.0195272
0 0.891861 0.811148 0.132746 0.189139 0.0194005
0 0.786008 0.500421 0.0296522 0.0494772 0.0193173
0 0.835208 0.514929 0.0409157 0.0535633 0.0192711
0 0.358529 0.539302 0.0671203 0.0889587 0.0192463
0 0.347278 0.454061 0.0370299 0.0472601 0.0192417
0 0.808477 0.195542 0.065791 0.0925482 0.0190848
0 0.367601 0.255257 0.0300158 0.0501607 0.0190078
0 0.443181 0.319438 0.0236078 0.0398381 0.0190011
0 0.77268 0.160589 0.194795 0.28192 0.0189228
0 0.325622 0.45264 0.0607774 0.0624083 0.0189119
0 0.86698 0.470966 0.0305868 0.088554 0.0189011
0 0.773965 0.171064 0.129015 0.167123 0.0188592
0 0.0458623 0.668998 0.0823293 0.132035 0.018779
0 0.722968 0.524972 0.0240127 0.0389344 0.0187738
0 0.723455 0.122248 0.0484919 0.069921 0.0187536
0 0.339769 0.492807 0.0609405 0.103322 0.0187372
0 0.844392 0.550416 0.144349 0.195332 0.0186164
0 0.71697 0.127107 0.0902997 0.149815 0.018608
0 0.346679 0.493183 0.0400412 0.0893163 0.0184223
0 0.290733 0.465743 0.149772 0.206434 0.0184138
0 0.584842 0.461716 0.013665 0.0228111 0.0183766
0 0.944064 0.820211 0.0623344 0.104223 0.0183661
0 0.513641 0.386911 0.0206235 0.0414965 0.0183395
0 0.277782 0.455553 0.0436009 0.0613623 0.0182759
0 0.543824 0.380332 0.0169567 0.0278666 0.0182455
0 0.745821 0.249879 0.162159 0.291366 0.0181868
0 0.0409653 0.0506268 0.064036 0.112569 0.0181044
0 0.327772 0.0803541 0.0614394 0.0986045 0.0181012
0 0.922068 0.527553 0.0845123 0.136737 0.0180855
0 0.735381 0.46116 0.0436838 0.067638 0.0180844
0 0.418262 0.435348 0.0185827 0.0333201 0.0180825
0 0.248599 0.474351 0.0707995 0.0950022 0.018061
0 0.833535 0.186666 0.0894093 0.0997996 0.0180166
0 0.975417 0.432768 0.0455803 0.112571 0.0179256
0 0.0339373 0.433013 0.0635139 0.113521 0.017893
0 0.26813 0.491435 0.0988334 0.128375 0.0178899
0 0.554737 0.372598 0.0224422 0.0391419 0.0178658
0 0.951246 0.860781 0.0763687 0.131944 0.0178018
0 0.784941 0.467603 0.0296738 0.072588 0.0178006
0 0.313322 0.0832101 0.0743679 0.112088 0.0177645
0 0.516378 0.289735 0.0325521 0.0383164 0.0177082
0 0.815532 0.628661 0.216623 0.253597 0.0176781
0 0.411679 0.142078 0.0614428 0.11436 0.0176725
0 0.0396164 0.919512 0.0663285 0.118945 0.0176474
0 0.344516 0.0814447 0.060434 0.0977299 0.0176303
0 0.907765 0.216868 0.176949 0.29604 0.0176031
0 0.681249 0.265559 0.109042 0.231772 0.0175708
0 0.265779 0.459522 0.0581923 0.063405 0.0175684
0 0.637205 0.434558 0.0305311 0.0592975 0.0175393
0 0.71029 0.454575 0.0408019 0.0651777 0.0175322
0 0.659427 0.478698 0.0610173 0.107723 0.017532
0 0.766219 0.133915 0.12609 0.191976 0.0174209
0 0.469666 0.436121 0.0619048 0.0546438 0.0174097
0 0.695797 0.127042 0.0938321 0.168602 0.0172579
0 0.783861 0.542585 0.14162 0.17566 0.0172416
0 0.62818 0.495116 0.0142751 0.0377469 0.0172348
0 0.657641 0.0657684 0.0367026 0.0505104 0.0171406
0 0.0131843 0.0476656 0.0255207 0.0953913 0.0170783
0 0.927261 0.261819 0.0954348 0.100321 0.017064
0 0.729261 0.572345 0.0271642 0.0496416 0.0170492
0 0.820164 0.23028 0.0681034 0.133118 0.0169829
0 0.8419 0.45712 0.129098 0.265002 0.016921
0 0.173388 0.227772 0.0424789 0.0885472 0.0168307
0 0.734882 0.478591 0.0244388 0.0423017 0.0167826
0 0.735351 0.494819 0.0195312 0.0393517 0.0167792
0 0.98769 0.874555 0.024386 0.148642 0.0167771
0 0.0108133 0.917818 0.0214255 0.128226 0.0167719
0 0.950368 0.902169 0.0605198 0.119571 0.0167658
0 0.0568587 0.0319105 0.0453166 0.066446 0.0166947
0 0.650659 0.426329 0.0273582 0.0430662 0.0166882
0 0.0111812 0.415809 0.021912 0.0763947 0.0165796
0 0.419799 0.283128 0.0265859 0.0490352 0.0165718
0 0.588862 0.370541 0.0324707 0.0502309 0.0165157
0 0.674306 0.115677 0.074968 0.13309 0.0164289
0 0.582934 -0.00943923 0.0788097 0.0470992 0.0164196
0 0.357984 0.452104 0.0465906 0.060653 0.016415
0 0.36395 0.289272 0.0280134 0.069097 0.0164092
0 0.296578 0.297354 0.0191195 0.0533237 0.0164051
0 0.059551 0.842792 0.109753 0.238197 0.0163954
0 0.317692 0.442769 0.0428805 0.0608112 0.0162804
0 0.00991922 0.340664 0.0192371 0.100473 0.0162742
0 0.714089 0.124806 0.0606791 0.0864172 0.0162571
0 0.931317 0.799489 0.0627155 0.118965 0.0162487
0 0.357344 0.70334 0.0814046 0.120827 0.0162214
0 0.865595 0.440785 0.0352833 0.128154 0.0161881
0 0.609321 0.367953 0.0361613 0.0496197 0.0161818
0 0.293181 0.0935873 0.0846598 0.117799 0.0161604
0 0.48415 -0.0114369 0.0723346 0.0446322 0.0161394
0 0.831536 0.702783 0.0758532 0.125311 0.0161372
0 0.583423 0.370912 0.0273607 0.0419021 0.0161365
0 0.534789 -0.0110221 0.0767361 0.0458622 0.0160662
0 0.613705 0.0752186 0.0442638 0.0627631 0.0160556
0 0.509207 -0.0110967 0.0760569 0.045792 0.0160276
0 0.911798 0.292946 0.141857 0.15843 0.0159981
0 0.263988 0.0925448 0.0716465 0.093932 0.0159714
0 0.275761 0.462702 0.0997138 0.133018 0.0159527
0 0.92187 0.191767 0.123242 0.164562 0.0159356
0 0.850097 0.557376 0.0770443 0.110969 0.015918
