0 0.603868 0.480259 0.0607376 0.0958901 0.915616
0 0.681163 0.552826 0.190984 0.199304 0.903246
0 0.850985 0.517919 0.168985 0.167748 0.884845
0 0.288737 0.499985 0.0562067 0.0572106 0.874192
0 0.500117 0.507123 0.0735905 0.108281 0.858204
0 0.747358 0.477402 0.0762607 0.082243 0.808881
0 0.0388841 0.53387 0.077194 0.0742259 0.797071
0 0.404411 0.476519 0.0246753 0.0362652 0.744432
0 0.553138 0.469662 0.0289511 0.0415317 0.706102
0 0.438895 0.471885 0.0155686 0.0255988 0.704943
0 0.356183 0.487393 0.0405316 0.0439957 0.701629
0 0.42618 0.474069 0.0182763 0.0273283 0.697448
0 0.44295 0.470944 0.0157194 0.0257246 0.681165
0 0.321203 0.491127 0.0325049 0.0488758 0.674043
0 0.391618 0.479304 0.0248726 0.0352905 0.644563
0 0.527462 0.466247 0.0210334 0.0413637 0.566324
0 0.410914 0.475895 0.0214467 0.0327733 0.461647
0 0.650384 0.452591 0.0335558 0.0193744 0.394795
0 0.0955278 0.517661 0.0633686 0.0502952 0.390589
0 0.447225 0.46942 0.011609 0.0230913 0.317388
0 0.449645 0.467285 0.014197 0.0265864 0.312705
0 0.433706 0.472712 0.0141737 0.0242652 0.310475
0 0.416918 0.475633 0.0139305 0.0276062 0.302003
0 0.469898 0.46034 0.0180574 0.0247072 0.29325
0 0.379822 0.484255 0.0179471 0.0327387 0.289814
0 0.420512 0.474734 0.0141143 0.0265915 0.289168
0 0.50355 0.451285 0.0186543 0.0208423 0.276272
0 0.573468 0.462026 0.0156195 0.0252886 0.274103
