0 0.552261 0.739903 0.020477 0.130721 0.912964
0 0.376897 0.728075 0.0425207 0.0613108 0.861594
0 0.239035 0.728273 0.0313959 0.0369478 0.819878
0 0.531016 0.720948 0.0629687 0.102364 0.793154
0 0.482839 0.721013 0.053525 0.0828432 0.752137
0 0.456714 0.714747 0.0304633 0.0531474 0.748219
0 0.276332 0.723835 0.0213922 0.0276671 0.676397
0 0.110228 0.754382 0.0715226 0.0596024 0.594576
0 0.432879 0.714378 0.0204011 0.0348602 0.555043
0 0.418988 0.712434 0.0218163 0.0311679 0.526907
0 0.409192 0.712048 0.0168773 0.030327 0.478195
0 0.298689 0.717046 0.0184025 0.0254464 0.465303
0 0.413804 0.711939 0.0202043 0.0319865 0.450175
0 0.0520966 0.766676 0.0706093 0.0621696 0.439927
0 0.437627 0.714201 0.0190181 0.0382641 0.407951
0 0.182566 0.730542 0.0285439 0.0382138 0.406144
0 0.326775 0.710366 0.0164993 0.0259372 0.326825
0 0.0380101 0.773338 0.0436227 0.0472307 0.313003
0 0.300173 0.718061 0.0133989 0.0203122 0.303431
0 0.513264 0.714682 0.0328006 0.0775752 0.29317
0 0.401127 0.711212 0.0173863 0.0321784 0.284366
0 0.405421 0.712638 0.0149078 0.0296563 0.267457
0 0.297341 0.714891 0.0255436 0.0310874 0.259709
0 0.425203 0.714817 0.0167526 0.030591 0.259001
0 0.190083 0.726091 0.0439076 0.0477342 0.245332
0 0.403479 0.708801 0.0126246 0.02395 0.238791
0 0.289837 0.720154 0.0159686 0.0225716 0.236951
0 0.398225 0.704922 0.0159635 0.028812 0.235193
0 0.313025 0.710969 0.023654 0.0284149 0.228046
0 0.413589 0.708871 0.0136978 0.0238454 0.226264
0 0.29463 0.718232 0.0149623 0.0212363 0.220168
0 0.418585 0.713662 0.0137816 0.0269679 0.218356
0 0.406088 0.709885 0.0120638 0.0209998 0.216737
0 0.00979219 0.764016 0.0190926 0.0645259 0.20933
0 0.0157998 0.765817 0.0303149 0.0655033 0.206102
0 0.0287647 0.771018 0.0547579 0.0730801 0.196279
0 0.160385 0.729247 0.0402612 0.0427745 0.190531
0 0.400663 0.712943 0.0127339 0.0244983 0.189781
0 0.0679055 0.764105 0.0464174 0.0549605 0.186852
0 0.411928 0.714345 0.012417 0.0228234 0.184909
0 0.281755 0.723026 0.0165559 0.0223933 0.181323
0 0.273505 0.723901 0.0162874 0.0209573 0.180685
0 0.469888 0.724883 0.0278282 0.0678945 0.178199
0 0.337392 0.710612 0.0296359 0.0341119 0.176407
0 0.315948 0.713868 0.0137384 0.0213333 0.17184
0 0.381385 0.698068 0.0173766 0.0187398 0.167063
0 0.428731 0.713798 0.0131387 0.0294603 0.162185
0 0.306452 0.718473 0.0134745 0.0190955 0.159989
0 0.37588 0.711162 0.0139477 0.0222226 0.157951
0 0.214641 0.719223 0.019204 0.0273144 0.153809
0 0.326466 0.712702 0.0124283 0.0175647 0.150706
0 0.394556 0.702716 0.0141928 0.0202415 0.148704
0 0.310438 0.713769 0.0149287 0.0217297 0.147004
0 0.333179 0.70394 0.0234955 0.0313397 0.146012
0 0.0360426 0.759012 0.0712306 0.0932792 0.144192
0 0.105624 0.767131 0.0846426 0.086538 0.141221
0 0.361514 0.716481 0.0174386 0.0329815 0.139178
0 0.395243 0.69802 0.0138359 0.0189004 0.138839
0 0.09127 0.757027 0.0660462 0.0659398 0.135945
0 0.987039 0.728503 0.0255583 0.114047 0.132508
0 0.0550182 0.751816 0.0854075 0.0927797 0.128149
0 0.457379 0.711103 0.0225667 0.0404088 0.12809
0 0.187512 0.733249 0.0188982 0.0289108 0.124081
0 0.286453 0.725578 0.0153249 0.0222904 0.123313
0 0.300719 0.72179 0.0118712 0.0163374 0.121593
0 0.430315 0.708365 0.0150504 0.0298367 0.121385
0 0.131451 0.736182 0.0401482 0.0403453 0.120155
0 0.168845 0.722652 0.0595558 0.063357 0.120088
0 0.232163 0.732341 0.0180055 0.0245992 0.115582
0 0.240009 0.729867 0.0247888 0.0266446 0.113552
0 0.150167 0.737865 0.0190482 0.0246311 0.113414
0 0.0608618 0.741025 0.122076 0.133594 0.110807
0 0.463455 0.722935 0.0217831 0.0603538 0.109838
0 0.361881 0.710614 0.0143419 0.0257443 0.109792
0 0.272915 0.732291 0.0129275 0.0172684 0.109201
0 0.442432 0.716565 0.019779 0.0408968 0.108568
0 0.270704 0.719917 0.0165874 0.0216761 0.105838
0 0.219003 0.717995 0.0154588 0.0214669 0.105446
0 0.197553 0.72102 0.0347078 0.0431429 0.104924
0 0.15712 0.71594 0.0663242 0.0705029 0.104857
0 0.0537949 0.773757 0.105159 0.113404 0.104685
0 0.012022 0.752718 0.0256278 0.102756 0.101936
0 0.358323 0.717033 0.0115152 0.0263373 0.100448
0 0.358976 0.707711 0.0131428 0.0214754 0.0997603
0 0.349879 0.706739 0.0147031 0.0231269 0.099563
0 0.98295 0.716722 0.033564 0.15023 0.0979309
0 0.381779 0.701848 0.0206901 0.0216436 0.0971957
0 0.254308 0.724103 0.0136172 0.0216332 0.0960964
0 0.139509 0.713249 0.078354 0.0830359 0.0956284
0 0.402987 0.698472 0.0141907 0.0205651 0.094668
0 0.203712 0.723438 0.0220193 0.0318285 0.0942466
0 0.257434 0.726198 0.0165275 0.0231464 0.094001
0 0.20707 0.720974 0.0167199 0.0249327 0.0928648
0 0.00664168 0.772663 0.01311 0.0555766 0.0907043
0 0.210894 0.727203 0.017486 0.0244125 0.0902013
0 0.261144 0.724043 0.0180872 0.0227948 0.0884294
0 0.128098 0.750421 0.0355547 0.0366769 0.0882547
0 0.46138 0.712585 0.0160225 0.0350132 0.0879154
0 0.355727 0.715606 0.0130305 0.0240236 0.0879139
0 0.51516 0.701014 0.0266863 0.0460354 0.0877461
0 0.250601 0.727926 0.0191926 0.0247888 0.0849059
0 0.344231 0.712791 0.0173978 0.028177 0.0848633
0 0.0933778 0.749982 0.0993718 0.0897678 0.0841951
0 0.452883 0.720315 0.0157764 0.0357652 0.0827045
0 0.181746 0.732171 0.0208882 0.0296197 0.082401
0 0.343018 0.713818 0.011096 0.0173401 0.0791033
0 0.507158 0.700916 0.0157067 0.0334344 0.0781563
0 0.0960593 0.706752 0.116706 0.141512 0.0781084
0 0.979924 0.682991 0.0392221 0.226369 0.0748686
0 0.111105 0.735536 0.0758557 0.0718899 0.0746024
0 0.508477 0.712303 0.0181463 0.0424689 0.0743274
0 0.236105 0.726778 0.0249106 0.0262936 0.0739752
0 0.518925 0.699917 0.0378962 0.059488 0.0731427
0 0.988418 0.802133 0.0232292 0.26124 0.0708667
0 0.0711787 0.724973 0.138073 0.19461 0.0701622
0 0.191317 0.723158 0.0282398 0.0382563 0.0671843
0 0.442299 0.716497 0.0144083 0.0322152 0.0668947
0 0.121046 0.71264 0.0751402 0.101029 0.0667875
0 0.326434 0.71943 0.0129237 0.0203859 0.0646935
0 0.0282988 0.736786 0.0562158 0.125939 0.0628332
0 0.982352 0.843576 0.0354944 0.281748 0.0614104
0 0.978217 0.757648 0.04328 0.159049 0.0610699
0 0.0443089 0.810085 0.0900126 0.125783 0.0607311
0 0.517198 0.686193 0.0237501 0.0274424 0.0605158
0 0.084576 0.778081 0.120221 0.132998 0.0599395
0 0.982472 0.779307 0.0363792 0.227577 0.0594626
0 0.552859 0.677603 0.0452696 0.0322631 0.0580201
0 0.187449 0.723728 0.0243229 0.0293701 0.0572353
0 0.366409 0.699515 0.0144696 0.0183328 0.0570796
0 0.562235 0.676063 0.038351 0.0279253 0.0568723
0 0.190089 0.728552 0.0191989 0.0288762 0.0562902
0 0.990919 0.787424 0.0173178 0.194284 0.0546077
0 0.971775 0.727957 0.0536316 0.131799 0.052682
0 0.561783 0.72124 0.0639615 0.0991143 0.0519445
0 0.139362 0.74525 0.0179856 0.0255483 0.0516244
0 0.326842 0.701309 0.0135544 0.0198124 0.0516223
0 0.0690497 0.797088 0.115215 0.139701 0.0516051
0 0.456127 0.719767 0.0185073 0.044398 0.0506017
0 0.358065 0.742274 0.0212506 0.0359717 0.0503884
0 0.0167371 0.732282 0.032606 0.130307 0.0501976
0 0.00774131 0.746949 0.0149481 0.0574337 0.0493815
0 0.43119 0.71889 0.0153971 0.0299927 0.0481161
0 0.498741 0.718981 0.0210171 0.0497542 0.0467947
0 0.199415 0.725943 0.0211129 0.0269592 0.0464297
0 0.0885696 0.794976 0.0499001 0.0611662 0.0458808
0 0.331957 0.699498 0.0144549 0.0203542 0.0458647
0 0.351384 0.718015 0.0123837 0.0231442 0.0457415
0 0.176476 0.722285 0.0266081 0.0303772 0.0454375
0 0.342967 0.700945 0.0138078 0.0188867 0.0452596
0 0.232474 0.742244 0.0230802 0.0328695 0.0440662
0 0.179731 0.74502 0.0323568 0.0407583 0.0439131
0 0.235608 0.708798 0.0265908 0.0390074 0.0439065
0 0.413122 0.698522 0.0151309 0.0213094 0.0431198
0 0.492997 0.711073 0.0219652 0.0399075 0.0415018
0 0.501224 0.686822 0.0214155 0.0243263 0.0413786
0 0.0850298 0.611548 0.0573499 0.0544131 0.0413361
0 0.523932 0.688658 0.0196598 0.0328259 0.0409287
0 0.118411 0.690708 0.100111 0.120866 0.0407672
0 0.381939 0.713926 0.0116592 0.0187525 0.0404525
0 0.926545 0.408607 0.132754 0.179138 0.0400328
0 0.400112 0.6767 0.0161182 0.0230938 0.0399953
0 0.673478 0.761241 0.0350865 0.0640237 0.0395026
0 0.971773 0.805274 0.0569176 0.239459 0.0380699
0 0.508663 0.723372 0.0202056 0.0639243 0.0371291
0 0.565092 0.674594 0.0238198 0.0219199 0.0369956
0 0.0306881 0.820092 0.0603358 0.126672 0.0369824
0 0.421542 0.717284 0.014722 0.0263841 0.036208
0 0.0591387 0.818517 0.0878446 0.0834071 0.0360646
0 0.977711 0.794555 0.0462452 0.161305 0.0349418
0 0.0597631 0.708223 0.10682 0.147555 0.0348332
0 0.684626 0.51291 0.0347216 0.0447984 0.034464
0 0.318075 0.700524 0.0149985 0.0211862 0.0340432
0 0.540267 0.693587 0.0601074 0.0578679 0.0337535
0 0.0651752 0.677372 0.124972 0.24203 0.0329675
0 0.978642 0.618977 0.0431818 0.140102 0.0328167
0 0.462349 0.694244 0.0163242 0.0206887 0.0328087
0 0.184465 0.713545 0.0224542 0.0314078 0.0327806
0 0.676035 0.712485 0.05054 0.0585032 0.0321542
0 0.671385 0.734154 0.0457734 0.0891073 0.0317156
0 0.980318 0.600063 0.0450642 0.245332 0.0314085
0 0.556505 0.674728 0.0238519 0.0212079 0.0310464
0 0.0989687 0.681324 0.0938524 0.123433 0.0307681
0 0.426514 0.700547 0.0155121 0.0207698 0.0305531
0 0.525355 0.681381 0.023931 0.0239371 0.0305515
0 0.457804 0.697478 0.021183 0.0217965 0.0305276
0 0.476507 0.689131 0.0183882 0.0217451 0.0295427
0 0.242597 0.0276478 0.0347255 0.0479987 0.0293938
0 0.552192 0.736718 0.0364379 0.0938212 0.0290475
0 0.0229735 0.844514 0.0467827 0.0881431 0.028859
0 0.306734 0.698883 0.013977 0.020007 0.0286656
0 0.981066 0.662665 0.0382917 0.136962 0.0285876
0 0.129364 0.763471 0.0374254 0.054454 0.0285356
0 0.0122987 0.821434 0.0251504 0.0921175 0.027864
0 0.402131 0.673279 0.0107974 0.0181431 0.0277652
0 0.136004 0.68745 0.0719683 0.107428 0.027324
0 0.0147165 0.855808 0.0284726 0.0666129 0.0267656
0 0.518468 0.731621 0.0375602 0.0873895 0.0267037
0 0.938721 0.818966 0.117599 0.195217 0.0264532
0 0.51927 0.7558 0.0253738 0.0482581 0.0263923
0 0.54181 0.727029 0.042734 0.0816788 0.0262561
0 0.0691962 0.85049 0.142263 0.260539 0.0256791
0 0.335358 0.114649 0.0429518 0.0793872 0.0250188
0 0.0437912 0.842471 0.089684 0.227116 0.0249094
0 0.613805 0.69655 0.0747928 0.0478591 0.0248343
0 0.729916 0.727906 0.095936 0.123178 0.0245975
0 0.977627 0.90533 0.0498791 0.208087 0.0243926
0 0.665209 0.705083 0.0403096 0.0472916 0.0242551
0 0.295423 0.169921 0.0253366 0.0417673 0.0239497
0 0.411141 0.57858 0.0259366 0.0289169 0.0238094
0 0.0738563 0.568484 0.154208 0.414334 0.0234699
0 0.422085 0.634866 0.0381817 0.0711652 0.0233101
0 0.686436 0.658749 0.0590447 0.0680937 0.0232843
0 0.982594 0.544739 0.0340376 0.0436332 0.0232619
0 0.445258 0.602492 0.0318845 0.0496471 0.0231871
0 0.417067 0.652184 0.0183526 0.0340723 0.0230442
0 0.111884 0.67367 0.141339 0.175104 0.0229347
0 0.695576 0.563935 0.0481569 0.0605189 0.0229103
0 0.811891 0.571638 0.0510729 0.064207 0.0228929
0 0.398859 0.676723 0.0103786 0.017174 0.0224193
0 0.979286 0.522259 0.0413887 0.085552 0.0223922
0 0.013219 0.696758 0.0262729 0.160382 0.0222867
0 0.544805 0.392855 0.0499923 0.0487572 0.021955
0 0.960737 0.742517 0.0707275 0.111612 0.0217986
0 0.632194 0.460087 0.0524111 0.0697674 0.0217759
0 0.420829 0.0673231 0.0417234 0.0748566 0.0217262
0 0.302016 0.0831595 0.0324813 0.0621016 0.0216404
0 0.966918 0.805037 0.0576523 0.133271 0.021394
0 0.703994 0.733302 0.049049 0.0850822 0.0211383
0 0.678804 0.722667 0.0756817 0.0964157 0.0210973
0 0.686346 0.740446 0.0679571 0.0864616 0.0210269
0 0.331395 0.0951226 0.0561648 0.102964 0.0209696
0 0.0786901 0.824709 0.0606403 0.0629439 0.020942
0 0.655073 0.702985 0.0267001 0.0380471 0.0208255
0 0.550585 0.33824 0.0490207 0.0850464 0.020742
0 0.917357 0.897413 0.135925 0.233663 0.0207351
0 0.529702 0.140985 0.0575906 0.0934014 0.0206778
0 0.422921 0.596364 0.0282306 0.0452528 0.0206089
0 0.9556 0.772332 0.0797031 0.126672 0.0206017
0 0.7005 0.656181 0.037028 0.0677281 0.0205081
0 0.875334 0.417481 0.120799 0.14431 0.0203854
0 0.131657 0.392667 0.0268419 0.0861785 0.020369
0 0.98521 0.855591 0.0290247 0.196116 0.0203166
0 0.437351 0.560013 0.0331842 0.0434605 0.0202919
0 0.285624 0.0947159 0.0502228 0.0888983 0.0201245
0 0.555055 0.762666 0.0283792 0.0535899 0.0201117
0 0.00772838 1.0023 0.0167612 0.0249961 0.0201116
0 0.499069 0.745041 0.0261624 0.0625085 0.0200096
0 0.730911 0.739005 0.0747044 0.0926854 0.019864
0 0.557687 0.130383 0.0460155 0.0659057 0.0198534
0 0.496557 0.239093 0.0389116 0.0636382 0.0198509
0 0.843383 0.454024 0.255526 0.290025 0.0198051
0 0.881992 0.529191 0.187578 0.125926 0.0196551
0 0.367851 0.0272714 0.0239944 0.0376486 0.0195373
0 0.753856 0.738884 0.0969077 0.0834849 0.0194209
0 0.604452 0.708835 0.100978 0.0652683 0.0193941
0 0.0643438 0.59375 0.120386 0.277258 0.0193546
0 0.552841 0.664025 0.0279957 0.0383764 0.0191894
0 0.0712618 0.614715 0.0669641 0.0657644 0.0191786
0 0.105959 0.586102 0.15935 0.356316 0.0191049
0 0.338638 0.153064 0.0283155 0.0508249 0.0189151
0 0.676972 0.660607 0.073434 0.0990037 0.0188687
0 0.382562 0.0754531 0.0503982 0.0854575 0.0188108
0 0.64348 0.622691 0.0388346 0.0800816 0.018709
0 0.614034 0.261858 0.213166 0.370237 0.0186437
0 0.372345 0.114817 0.122382 0.184622 0.0186413
0 0.277186 0.727181 0.0126847 0.0207245 0.0186202
0 0.436763 0.604973 0.0441288 0.06526 0.0186035
0 0.639916 0.663939 0.0624309 0.0972224 0.0184894
0 0.133557 0.360822 0.0285508 0.0459418 0.0184863
0 0.703644 0.562673 0.0421391 0.0512857 0.0183253
0 0.391259 0.675238 0.0114706 0.017912 0.0183202
0 0.404254 0.689133 0.0129184 0.0213898 0.0182992
0 0.764701 0.57842 0.0547931 0.0688519 0.018288
0 0.390897 0.723221 0.0161159 0.0353648 0.0182178
0 0.439299 0.653315 0.0200053 0.0239668 0.0179248
0 0.52316 0.355427 0.0196873 0.0262227 0.0178212
0 0.690217 0.567589 0.0290924 0.0418264 0.0178115
0 0.957605 0.709449 0.0615349 0.10306 0.0177781
0 0.932445 0.540772 0.0590851 0.0686223 0.0177466
0 0.629613 0.726439 0.0641897 0.107371 0.0177244
0 0.264156 0.0275176 0.0452999 0.0545955 0.0176928
0 0.427439 0.60187 0.0379585 0.0581856 0.017655
0 0.961786 0.830856 0.0660252 0.130401 0.0176316
0 0.446386 0.0684107 0.0371079 0.0688042 0.0176126
0 0.775737 0.764595 0.111503 0.109901 0.0175792
0 0.40247 0.0678045 0.0476237 0.0786343 0.0175378
0 0.432681 0.63117 0.0417218 0.0699793 0.0175177
0 0.293924 0.693147 0.0148916 0.0216688 0.0174174
0 0.647818 0.718238 0.0291325 0.0534181 0.0173201
0 0.966476 0.616572 0.0662363 0.15099 0.0172635
0 0.979091 0.958047 0.0391352 0.0830726 0.0172236
0 0.0134696 0.873507 0.0268278 0.0599189 0.017159
0 0.948058 0.383885 0.0958485 0.132604 0.0171165
0 0.366827 0.0753036 0.0379948 0.0637035 0.0171041
0 0.649581 0.696503 0.0241953 0.035645 0.0170997
0 0.371787 0.0404726 0.0214997 0.0362611 0.0170352
0 0.967503 0.38148 0.0596901 0.131612 0.0169633
0 0.740193 0.72186 0.0711019 0.0858736 0.016944
0 0.400287 0.599787 0.0210053 0.0342382 0.0168692
0 0.376852 0.664715 0.0129458 0.018603 0.0168687
