0 0.669545 0.579534 0.168774 0.237266 0.921885
0 0.379476 0.551628 0.162414 0.244503 0.913388
0 0.49807 0.534312 0.0437376 0.065564 0.884548
0 0.547632 0.523674 0.0236638 0.036103 0.832078
0 0.941567 0.612734 0.116729 0.27468 0.807773
0 0.58273 0.518464 0.0154897 0.0261587 0.611293
0 0.598281 0.522013 0.0220654 0.0337301 0.597431
0 0.571203 0.515595 0.0122813 0.0216495 0.478427
0 0.52521 0.521554 0.0197483 0.0279592 0.442438
0 0.577287 0.517867 0.0122953 0.0235263 0.34505
0 0.554637 0.520973 0.0189503 0.0311893 0.29796
0 0.586557 0.520099 0.0150127 0.0267227 0.296241
0 0.521937 0.522697 0.0145946 0.0242065 0.284809
0 0.454558 0.528322 0.0226296 0.0313549 0.266769
0 0.566496 0.518117 0.0110871 0.0192503 0.26507
0 0.535949 0.517043 0.00899992 0.0187603 0.264906
0 0.591983 0.519803 0.0142735 0.0242583 0.254121
