0 0.058181 0.806307 0.0660932 0.0756454 0.931889
0 0.386235 0.792528 0.0708981 0.0767242 0.89179
0 0.130634 0.817872 0.0630846 0.0813802 0.879003
0 0.0164508 0.846251 0.0329016 0.111134 0.855804
0 0.838842 0.782995 0.322317 0.433196 0.853608
0 0.359143 0.765109 0.0576239 0.083322 0.852561
0 0.318716 0.737773 0.0366278 0.0520711 0.850344
0 0.300405 0.721763 0.0277565 0.0406233 0.834357
0 0.330087 0.752922 0.0293629 0.0547916 0.792407
0 0.27758 0.706164 0.0232521 0.0306271 0.76792
0 0.138976 0.764914 0.0492117 0.0614653 0.766531
0 0.167032 0.747677 0.0349426 0.048859 0.699145
0 0.253074 0.694775 0.0194592 0.0254037 0.682612
0 0.138286 0.715684 0.0230023 0.0259372 0.62887
0 0.265197 0.700983 0.0126066 0.02557 0.617128
0 0.191489 0.694171 0.0190619 0.0262132 0.586734
0 0.160261 0.697005 0.0267128 0.0403715 0.581447
0 0.238718 0.697885 0.0175309 0.0275394 0.573133
0 0.179014 0.7001 0.0165509 0.0252959 0.54776
0 0.223296 0.649551 0.0124201 0.0168245 0.48966
0 0.135846 0.721443 0.0224221 0.02894 0.468669
0 0.20047 0.651789 0.0139195 0.0217472 0.439415
0 0.241214 0.670916 0.0143074 0.023194 0.349624
0 0.238903 0.65837 0.013172 0.0195992 0.346449
0 0.111352 0.739499 0.0312793 0.0471595 0.333552
0 0.189258 0.698589 0.0175364 0.0247628 0.333392
0 0.146615 0.713225 0.0191161 0.0252848 0.300212
0 0.244337 0.670632 0.0142323 0.020261 0.296536
0 0.200141 0.664916 0.0133931 0.0189085 0.296481
0 0.26088 0.69782 0.0139848 0.0260072 0.295534
0 0.199316 0.658754 0.0149591 0.0213036 0.280278
0 0.246808 0.681536 0.0128115 0.0219894 0.266913
0 0.192787 0.684094 0.0140734 0.0192615 0.262084
0 0.237421 0.667932 0.0138735 0.0204229 0.260323
0 0.197589 0.675511 0.0143028 0.0190425 0.258644
0 0.258501 0.694515 0.0129688 0.0226162 0.252462
0 0.158417 0.691658 0.0208813 0.0299435 0.252329
