0 0.0219699 0.503609 0.0439398 0.100374 0.893299
0 0.279006 0.501328 0.0259228 0.0275583 0.476929
0 0.430626 0.51863 0.0185993 0.0225082 0.330755
0 0.284456 0.484104 0.0432893 0.0490154 0.275186
0 0.294613 0.502298 0.018813 0.0187553 0.264821
0 0.287226 0.497135 0.031396 0.0254849 0.241498
0 0.305588 0.583127 0.0331355 0.0524852 0.205823
0 0.272164 0.498354 0.0154708 0.0204503 0.200741
0 0.278071 0.493855 0.0261552 0.0240312 0.179639
0 0.27061 0.502202 0.0128272 0.0215211 0.167327
0 0.335331 0.498434 0.0306446 0.0354757 0.163982
0 0.299944 0.531149 0.0200198 0.0366647 0.159703
0 0.276054 0.499396 0.0189411 0.0216598 0.15869
0 0.271891 0.492665 0.0150057 0.019604 0.154636
0 0.282998 0.499549 0.020901 0.0202216 0.154227
0 0.5625 0.489083 0 0.0347066 0.151796
0 0.0912864 0.414291 0.0178826 0.0156321 0.144679
0 0.378915 0.509172 0.0260011 0.0286512 0.138857
0 0.549766 0.52486 0.0254671 0.0435765 0.136125
0 0.486088 0.483747 0.0514031 0.0972243 0.130147
0 0.300713 0.544837 0.0239801 0.0410388 0.129741
0 0.279551 0.497247 0.0191732 0.0192032 0.12832
0 0.373681 0.503211 0.0349349 0.0382959 0.125461
0 0.5625 0.532816 0 0.111 0.119776
0 0.549015 0.526601 0.0269704 0.0365351 0.115703
0 0.283236 0.490255 0.0348412 0.0298856 0.112889
0 0.286218 0.500195 0.0130648 0.0195655 0.111841
0 0.55547 0.523659 0.0140605 0.0457962 0.111815
0 0.277465 0.502051 0.0133342 0.0213266 0.111632
0 0.288612 0.506107 0.0258795 0.0281453 0.111529
0 0.0918178 0.414481 0.0256907 0.0194572 0.109838
0 0.298831 0.568724 0.048251 0.0806143 0.108262
0 0.27967 0.509281 0.0299877 0.0395958 0.104968
0 0.340842 0.501384 0.0174562 0.0274814 0.101988
0 0.386124 0.510587 0.0135526 0.024548 0.101822
0 0.302754 0.565187 0.0329813 0.0451304 0.101496
0 0.5625 0.487323 0 0.038092 0.100797
0 0.0888935 0.45935 0.0484254 0.0739852 0.10029
0 0.353365 0.494465 0.0527792 0.0506642 0.0993631
0 0.341436 0.507201 0.0143749 0.0221389 0.0979056
0 0.290044 0.505085 0.0156098 0.0208107 0.0950639
0 0.334628 0.483576 0.0361526 0.0636711 0.0944961
0 0.5625 0.490722 0 0.100332 0.0938693
0 0.5625 0.494861 0 0.113251 0.0937652
0 0.0734037 0.421954 0.0125047 0.0176707 0.0926149
0 0.29869 0.486118 0.0468528 0.0511234 0.0914703
0 0.5625 0.554861 0 0.0642498 0.0902042
0 0.0919626 0.438006 0.0372154 0.0582987 0.0885921
0 0.353217 0.483958 0.0638115 0.0739093 0.0857886
0 0.0740936 0.381861 0.0314256 0.0254467 0.0842641
0 0.67149 0.498656 0.022589 0.051435 0.084186
0 0.0851095 0.397356 0.0306781 0.0249613 0.082874
0 0.110472 0.493963 0.0118084 0.039153 0.0822963
0 0.745696 0.483 0.0527656 0.0863419 0.0802317
0 0.634145 0.534915 0.0207152 0.0359734 0.079519
0 0.749455 0.50259 0.0481905 0.0907204 0.0782366
0 0.729425 0.534479 0.0842371 0.101492 0.0767113
0 0.375514 0.509845 0.0189425 0.0223573 0.0766626
0 0.629791 0.531513 0.0332462 0.0470446 0.075958
0 0.442949 0.502788 0.0174703 0.0231962 0.0759314
0 0.0989431 0.413206 0.0165516 0.0174297 0.0753183
0 0.405087 0.493355 0.0763059 0.0846305 0.0740052
0 0.101783 0.410526 0.0164989 0.0164179 0.0733004
0 0.592277 0.520526 0.0741246 0.0613931 0.0730448
0 0.0887607 0.47041 0.0389826 0.0537694 0.0725509
0 0.42522 0.504309 0.040551 0.049467 0.0723369
0 0.385109 0.507523 0.0210656 0.0317458 0.07019
0 0.452539 0.467329 0.0222554 0.0315784 0.0691407
0 0.683908 0.514738 0.0497722 0.0818456 0.0687816
0 0.269117 0.496068 0.0129068 0.0207612 0.0683927
0 0.896511 0.48912 0.094692 0.0990401 0.0683675
0 0.31835 0.498741 0.0140092 0.0227298 0.0674882
0 0.074685 0.414507 0.0172705 0.0200553 0.0673972
0 0.561919 0.513659 0.0520683 0.0679975 0.067372
0 0.411134 0.505875 0.0481495 0.041609 0.0659852
0 0.756622 0.508642 0.0414358 0.066024 0.0658649
0 0.442701 0.515592 0.0437925 0.0318875 0.0658397
0 0.284223 0.488123 0.0152368 0.0269496 0.0655908
0 0.0508129 0.484954 0.0317795 0.0393305 0.0655372
0 0.97065 0.498144 0.0605537 0.0958073 0.0654033
0 0.279547 0.507056 0.0178621 0.034019 0.0646557
0 0.485233 0.507746 0.0471567 0.0487187 0.064502
0 0.977305 0.423052 0.0472506 0.0652036 0.0642572
0 0.428025 0.512454 0.0173526 0.0251385 0.0637485
0 0.592723 0.479017 0.0865053 0.104134 0.0626938
0 0.108884 0.47682 0.0156282 0.0462969 0.0618185
0 0.0405584 0.480462 0.0483122 0.0474012 0.0617833
0 0.0736596 0.434476 0.0166032 0.0329625 0.0617005
0 0.320041 0.50773 0.0165074 0.0224485 0.0615332
0 0.782242 0.50571 0.0916179 0.080649 0.0614274
0 0.308849 0.587428 0.0224337 0.0366481 0.0611133
0 0.703056 0.533735 0.0284088 0.0546638 0.0608748
0 0.450923 0.481589 0.028306 0.0479209 0.0605266
0 0.500552 0.521088 0.0158947 0.0245649 0.0599145
0 0.0908893 0.4094 0.0223839 0.020163 0.0596803
0 0.445923 0.497138 0.0361166 0.0637256 0.0589943
0 0.368955 0.493082 0.0463935 0.0585641 0.0589676
0 0.59001 0.507108 0.086419 0.0841288 0.0588462
0 0.692949 0.525716 0.0433761 0.0702304 0.057577
0 0.427854 0.517595 0.0282271 0.0301379 0.0569718
0 0.289549 0.544895 0.048914 0.0853542 0.0567783
0 0.332084 0.504114 0.0158515 0.018794 0.0567194
0 0.431975 0.530421 0.016538 0.0239224 0.0565565
0 0.0391969 0.438224 0.072068 0.110882 0.0564941
0 0.465662 0.513258 0.0534105 0.0368712 0.0564273
0 0.969501 0.474386 0.0620972 0.0900008 0.0560686
0 0.549284 0.527625 0.0198873 0.026628 0.0558494
0 0.70903 0.44589 0.0185946 0.0240465 0.0554619
0 0.492225 0.517692 0.0292781 0.0313444 0.0552686
0 0.861667 0.422229 0.0452204 0.0320139 0.0549225
0 0.00703838 0.467386 0.0143321 0.0602286 0.0543558
0 0.10711 0.4326 0.0181227 0.0370009 0.0542042
0 0.734241 0.325135 0.0621325 0.0411085 0.0538691
0 0.714286 0.540157 0.0412313 0.0575918 0.0533006
0 0.670932 0.482422 0.0265164 0.0496033 0.0532434
0 0.266783 0.483316 0.0131525 0.0234044 0.0529827
0 0.426038 0.517782 0.0132388 0.0187831 0.0526745
0 0.978534 0.506878 0.0438004 0.0744118 0.0525566
0 0.875298 0.487996 0.0516472 0.0813599 0.0518952
0 0.69917 0.50616 0.0546007 0.109435 0.0508416
0 0.799173 0.514825 0.155655 0.146098 0.0505032
0 0.710477 0.485642 0.0294439 0.0840664 0.0504517
0 0.307292 0.532207 0.0213792 0.0304522 0.0501716
0 0.272939 0.464487 0.0120232 0.0191213 0.0500818
0 0.501897 0.530348 0.014942 0.0252387 0.0495099
0 0.69947 0.53674 0.0413209 0.0731889 0.0493702
0 0.035412 0.400157 0.0744101 0.190929 0.0492917
0 0.355353 0.5081 0.0171177 0.0208367 0.0491684
0 0.713988 0.524433 0.0476798 0.0717951 0.049091
0 0.883444 0.330207 0.230991 0.160221 0.0489884
0 0.0315015 0.341366 0.058021 0.0606897 0.0485347
0 0.961866 0.426796 0.0737453 0.0849198 0.048507
0 0.587041 0.48102 0.119641 0.128881 0.0484563
0 0.0669784 0.416794 0.0170669 0.0265757 0.0482205
0 0.382283 0.490925 0.045605 0.0715228 0.0478031
0 0.777503 0.533232 0.0967076 0.111551 0.0476443
0 0.681599 0.513605 0.0380792 0.0626561 0.0475487
0 0.564428 0.495163 0.0590692 0.120576 0.0475454
0 0.545463 0.529119 0.0196929 0.0310517 0.0473074
0 0.0112081 0.439533 0.0234898 0.0682886 0.0471328
0 0.313072 0.493438 0.0187165 0.0292332 0.0470871
0 0.0726664 0.403941 0.019282 0.0247597 0.0470006
0 0.264805 0.496925 0.0570292 0.0590953 0.0468482
0 0.967965 0.480812 0.0635342 0.150918 0.046288
0 0.944191 0.526635 0.12042 0.177355 0.0458056
0 0.81268 0.475821 0.0895824 0.083701 0.0457703
0 0.866717 0.427677 0.0593763 0.0449953 0.0456873
0 0.502725 0.522642 0.0250454 0.0362006 0.0456441
0 0.942064 0.483877 0.11578 0.163789 0.0456128
0 0.352657 0.503655 0.0180806 0.0246474 0.0455859
0 0.47221 0.482348 0.0591398 0.0912404 0.0452424
0 0.110662 0.355946 0.0550405 0.0832258 0.0444649
0 0.266515 0.490806 0.0109128 0.0191054 0.0444496
0 0.0241988 0.486479 0.0349669 0.0558348 0.0441758
0 0.483884 0.516127 0.042573 0.0337392 0.0440392
0 0.287653 0.555943 0.0660723 0.114961 0.0438205
0 0.0406742 0.461771 0.065193 0.096161 0.0436114
0 0.658193 0.479743 0.0285405 0.043362 0.043498
0 0.678757 0.468938 0.0462739 0.0841231 0.0433391
0 0.262442 0.491708 0.017416 0.0242029 0.042951
0 0.370723 0.48388 0.0568783 0.0800238 0.042705
0 0.614858 0.417468 0.0399592 0.0325038 0.0426278
0 0.0763809 0.389302 0.0209344 0.0155098 0.0425493
0 0.0744793 0.378064 0.0233195 0.0242072 0.0424789
0 0.623365 0.418345 0.0596803 0.0365785 0.0422195
0 0.604387 0.407225 0.0675072 0.0539169 0.0421747
0 0.315029 0.495263 0.0390806 0.0438907 0.0417969
0 0.397234 0.512881 0.0162773 0.0222284 0.0416357
0 0.981219 0.56083 0.0383722 0.127906 0.0414449
0 0.790763 0.512724 0.12052 0.103874 0.0412497
0 0.597041 0.497417 0.0683806 0.0571806 0.0412165
0 0.372662 0.515353 0.01712 0.0253765 0.0410799
0 0.533925 0.491428 0.0705438 0.120612 0.0410476
0 0.607709 0.396333 0.0809386 0.0733374 0.0405849
0 0.449672 0.466081 0.0325054 0.0506156 0.0399883
0 0.743842 0.32412 0.0484567 0.0340151 0.0394596
0 0.429576 0.522513 0.0154584 0.0194418 0.0393013
0 0.957222 0.507496 0.0812267 0.0850643 0.0392444
0 0.873798 0.440951 0.0451958 0.0346265 0.0389151
0 0.271067 0.524092 0.020285 0.0363226 0.0387857
0 0.879543 0.458133 0.0585304 0.0510128 0.0385968
0 0.111239 0.462789 0.017471 0.0775398 0.0384159
0 0.440619 0.515429 0.0165117 0.0198484 0.0383112
0 0.0762365 0.38402 0.020756 0.0164582 0.0381895
0 0.973104 0.55107 0.0543386 0.151158 0.0379688
0 0.263868 0.510714 0.0135859 0.0255686 0.0379608
0 0.107781 0.372986 0.0443715 0.073893 0.0379013
0 0.706983 0.426099 0.0194202 0.0215129 0.0377914
0 0.0749027 0.408585 0.050054 0.0918876 0.0375266
0 0.784219 0.47907 0.102255 0.0934256 0.0373819
0 0.109037 0.515877 0.0123838 0.041795 0.0370036
0 0.842418 0.483988 0.0461607 0.0760135 0.0369276
0 0.720918 0.54706 0.0598823 0.0691918 0.0366715
0 0.0982389 0.405645 0.0244885 0.0251899 0.0366701
0 0.883474 0.428805 0.0962921 0.0627087 0.0366176
0 0.954241 0.562103 0.0789255 0.117872 0.0365424
0 0.615118 0.466528 0.138747 0.144049 0.0363533
0 0.312535 0.595163 0.0154919 0.0261161 0.0362146
0 0.918006 0.511111 0.0382896 0.0459304 0.036201
0 0.610815 0.379401 0.0656719 0.0480537 0.0360035
0 0.935637 0.505677 0.0646811 0.0658765 0.035755
0 0.259632 0.513427 0.0567007 0.0693448 0.03546
0 0.730736 0.34602 0.092594 0.0828327 0.0350131
0 0.304955 0.571768 0.0179252 0.0247695 0.0349883
0 0.0145421 0.417227 0.0270674 0.0639987 0.0349579
0 0.949672 0.483611 0.0794332 0.0820035 0.0347715
0 0.650794 0.486745 0.0623158 0.0730528 0.0347053
0 0.27223 0.451629 0.0123562 0.0183402 0.0346282
0 0.77399 0.486601 0.16202 0.13443 0.0346254
0 0.27552 0.460855 0.0163932 0.0191427 0.0345994
0 0.901522 0.460662 0.162418 0.156819 0.0343519
0 0.921832 0.490108 0.0697227 0.0884912 0.0343486
0 0.861426 0.486979 0.073572 0.0938255 0.0342007
0 0.465266 0.514596 0.0160199 0.0240118 0.03419
0 0.250558 0.57231 0.104684 0.154463 0.0339994
0 0.283941 0.453011 0.0536638 0.0709094 0.0338214
0 0.0347195 0.408341 0.0531604 0.0838992 0.0338201
0 0.630929 0.458365 0.102984 0.109969 0.033574
0 0.850073 0.454783 0.0615744 0.065329 0.0335286
0 0.947576 0.51872 0.109476 0.0962223 0.0334171
0 0.422462 0.513628 0.0197459 0.0213438 0.032838
0 0.51106 0.420459 0.0360289 0.0374734 0.0328377
0 0.920647 0.498547 0.0477619 0.0595612 0.0327449
0 0.984746 0.582005 0.0299046 0.0979336 0.0327269
0 0.0167336 0.458249 0.0254564 0.0682367 0.0326101
0 0.668199 0.509185 0.0345666 0.0682747 0.0324391
0 0.57331 0.467557 0.046429 0.0614746 0.0323814
0 0.889666 0.299653 0.186538 0.0779759 0.032299
0 0.24853 0.54452 0.061503 0.1079 0.0320343
0 0.8884 0.390685 0.231384 0.214629 0.0319781
0 0.0450394 0.417334 0.0783134 0.103088 0.0315159
0 0.951385 0.228637 0.0518223 0.0560463 0.0314218
0 0.848167 0.455395 0.109542 0.0993022 0.0308538
0 0.454197 0.517157 0.0197919 0.0239147 0.0302298
0 0.0313309 0.47041 0.0393442 0.0639989 0.030062
0 0.0788941 0.471727 0.020111 0.0257723 0.029914
0 0.788144 0.423464 0.0404509 0.0363713 0.0298636
0 0.754123 0.372206 0.339555 0.173067 0.0298594
0 0.620764 0.526838 0.0317525 0.0424102 0.0295826
0 0.0462279 0.48638 0.0285064 0.0309812 0.0293359
0 0.952892 0.297725 0.089739 0.0944391 0.0291648
0 0.546207 0.516461 0.029659 0.0492435 0.0290953
0 0.921772 0.453914 0.0587616 0.063619 0.0290063
0 0.304896 0.595303 0.0222751 0.0300694 0.0287853
0 0.923843 0.425224 0.0698904 0.061832 0.0287817
0 0.469725 0.519795 0.0194092 0.027371 0.0287445
0 0.905328 0.461463 0.0728989 0.0678145 0.0286128
0 0.820777 0.433684 0.0870301 0.058758 0.0284326
0 0.832744 0.500835 0.0560558 0.0600097 0.0282765
0 0.0213741 0.71355 0.0424054 0.287942 0.0282114
0 0.839615 0.426069 0.0857151 0.0535038 0.0282068
0 0.611316 0.181022 0.0258018 0.0365149 0.0281602
0 0.0318759 0.331301 0.0634575 0.114327 0.0278991
0 0.975932 0.427565 0.0493761 0.114127 0.0278615
0 0.542881 0.542265 0.0173063 0.0279568 0.0276728
0 0.0620589 0.407713 0.0921036 0.150493 0.0274913
0 0.210725 0.572052 0.151766 0.164291 0.0274665
0 0.518967 0.445999 0.0234354 0.03416 0.0274664
0 0.741349 0.318672 0.0366286 0.0358585 0.0273602
0 0.270087 0.428562 0.0152676 0.0362523 0.0272543
0 0.512159 0.487625 0.0586166 0.105529 0.02705
0 0.0237435 0.789172 0.0450124 0.369618 0.0269351
0 0.636477 0.422087 0.0727671 0.0504338 0.0268421
0 0.0516984 0.458158 0.0401518 0.0591153 0.0267437
0 0.020797 0.342698 0.038569 0.0476762 0.0265988
0 0.846664 0.505724 0.0552282 0.0595188 0.0264868
0 0.0195854 0.308752 0.0364225 0.0582597 0.0264568
0 0.104122 0.393591 0.0218064 0.0292586 0.0263423
0 0.252701 0.419066 0.0353764 0.108814 0.0262555
0 0.556919 0.196176 0.0934425 0.123194 0.0261457
0 0.429533 0.473574 0.0542664 0.0749891 0.0261177
0 0.573809 0.535138 0.0283337 0.0390928 0.0260507
0 0.605362 0.485457 0.0538543 0.069502 0.0260054
0 0.314038 0.540782 0.0223039 0.0297425 0.0259765
0 0.869368 0.328284 0.180815 0.0818701 0.0258446
0 0.377773 0.511811 0.0326631 0.0427199 0.0258124
0 0.225384 0.165566 0.124042 0.357801 0.0257965
0 0.00600612 0.755447 0.0129903 0.169855 0.0257631
0 0.594269 0.381698 0.0626589 0.0516754 0.0257012
0 0.15031 0.266067 0.257063 0.517448 0.0256769
0 0.109506 0.439591 0.0735417 0.189129 0.0256635
0 0.399371 0.475547 0.0617518 0.0701535 0.0254932
0 0.979186 0.405072 0.0410194 0.0668821 0.0254583
0 0.554422 0.418945 0.0567165 0.0448399 0.0254384
0 0.112411 0.38482 0.0219228 0.0330739 0.0253387
0 0.254528 0.275935 0.0466652 0.122953 0.0253073
0 0.728651 0.325185 0.0826948 0.0554011 0.0251587
0 0.0100611 0.428752 0.0183464 0.0542668 0.0250987
0 0.568559 0.173746 0.0637592 0.0637288 0.0250556
0 0.75636 0.286604 0.447606 0.263634 0.0248952
0 0.905399 0.424267 0.0670397 0.0590032 0.0248099
0 0.397875 0.520458 0.0167871 0.0246725 0.0247116
0 0.83475 0.340756 0.203533 0.10223 0.0246021
0 0.24393 0.576445 0.0266557 0.0564074 0.0245595
0 0.657273 0.527994 0.0620795 0.0826553 0.0245284
0 0.239248 0.616453 0.029569 0.0594671 0.0244803
0 0.453999 0.423371 0.0312432 0.0558489 0.0243402
0 0.755246 0.322356 0.0445798 0.0368175 0.0242804
0 0.532334 0.421529 0.0469041 0.0401467 0.0242164
0 0.728739 0.438938 0.043224 0.0385391 0.0241534
