0 0.5625 0.567922 0 0.210775 0.880913
0 0.484502 0.584195 0.106919 0.160062 0.879416
0 0.5625 0.548557 0 0.1373 0.87637
0 0.5625 0.574391 0 0.176317 0.855107
0 0.5625 0.565606 0 0.106613 0.690951
0 0.550262 0.560016 0.0244751 0.0686908 0.52367
0 0.538067 0.562473 0.0221025 0.059944 0.332534
0 0.542175 0.55877 0.0328135 0.071441 0.287114
0 0.303476 0.539711 0.0373662 0.0342167 0.266525
0 0.32482 0.532464 0.0802736 0.0551726 0.227419
0 0.0170196 0.540168 0.0340392 0.0701127 0.224072
0 0.0407716 0.534109 0.0777033 0.073712 0.203859
0 0.552935 0.556969 0.0191306 0.0811159 0.197062
0 0.53279 0.557885 0.0295793 0.0692404 0.191894
0 0.307284 0.532103 0.0481205 0.0504342 0.188688
0 0.374881 0.545612 0.0419868 0.0349215 0.183138
0 0.367974 0.548336 0.0304886 0.0283836 0.159863
0 0.374535 0.537406 0.0501837 0.0487116 0.159269
0 0.0566763 0.527018 0.0547283 0.058595 0.158181
0 0.544787 0.552436 0.0354269 0.0891546 0.153796
0 0.0705449 0.523311 0.0743526 0.0642248 0.142591
0 0.382207 0.542592 0.0338827 0.0360904 0.136101
0 0.0592587 0.533286 0.104959 0.0825574 0.131116
0 0.132201 0.534817 0.0553129 0.0537277 0.122023
0 0.0264801 0.524101 0.0518346 0.098467 0.121958
0 0.29613 0.535697 0.047178 0.0408362 0.119571
0 0.123646 0.51193 0.0389533 0.0372416 0.116174
0 0.352413 0.52919 0.0809171 0.0629213 0.11207
0 0.0919456 0.521094 0.0854067 0.0626815 0.110041
0 0.0424452 0.520751 0.0848904 0.112021 0.108463
0 0.538077 0.563709 0.0163209 0.0459998 0.105859
0 0.129012 0.519558 0.0502007 0.0524291 0.103781
0 0.551527 0.560571 0.0219465 0.0523153 0.102664
0 0.332801 0.521521 0.106097 0.0839464 0.101857
0 0.5625 0.550233 0 0.0985454 0.101402
0 0.297877 0.542292 0.0247748 0.0265185 0.10119
0 0.365707 0.553088 0.0217047 0.0228121 0.0998335
0 0.115811 0.522503 0.0546445 0.0524294 0.0968161
0 0.402134 0.538081 0.0603456 0.0487308 0.0947219
0 0.411132 0.544523 0.0525576 0.0556738 0.0944029
0 0.374758 0.528071 0.0652116 0.0707328 0.09255
0 0.361388 0.548983 0.0201276 0.022805 0.0909248
0 0.5625 0.565933 0 0.129323 0.09028
0 0.145322 0.537759 0.070861 0.0581824 0.0896582
0 0.5625 0.541985 0 0.0723091 0.0892211
0 0.113841 0.529755 0.0767619 0.0651269 0.0877684
0 0.398253 0.529113 0.0781701 0.0693314 0.0862497
0 0.558919 0.56618 0.007162 0.0386976 0.0795703
0 0.282046 0.522474 0.0796555 0.0721619 0.0766958
0 0.0628234 0.507019 0.0945455 0.0987367 0.076139
0 0.963364 0.446507 0.0726837 0.0827372 0.0754152
0 0.0158151 0.562828 0.0337408 0.0982511 0.0752119
0 0.730716 0.526767 0.0325455 0.0585244 0.0748239
0 0.305761 0.540341 0.024273 0.0242871 0.073962
0 0.563406 0.570511 0.0313798 0.0751194 0.0712372
0 0.161991 0.540512 0.0435978 0.048741 0.069852
0 0.744415 0.551549 0.0481152 0.109107 0.0687779
0 0.383992 0.544693 0.0245715 0.027322 0.0685276
0 0.982738 0.46443 0.0350162 0.0716963 0.0680835
0 0.984054 0.447301 0.033029 0.0683497 0.0679086
0 0.271341 0.533627 0.0577008 0.0494872 0.0662901
0 0.616238 0.538203 0.0419434 0.0738566 0.0662589
0 0.0903463 0.505296 0.120027 0.107715 0.0655832
0 0.986445 0.460416 0.0279171 0.0481804 0.0644354
0 0.976298 0.437977 0.0474291 0.0788987 0.0634787
0 0.153758 0.52493 0.0587397 0.0639111 0.062938
0 0.263495 0.517905 0.0488001 0.0567332 0.0627963
0 0.554018 0.545916 0.0224966 0.0360094 0.0626872
0 0.953912 0.467728 0.0916731 0.114262 0.0620642
0 0.387696 0.548661 0.019135 0.024809 0.0613512
0 0.642016 0.552523 0.0855978 0.121139 0.0602309
0 0.303639 0.524277 0.0774459 0.0728828 0.0600505
0 0.523427 0.554147 0.0458287 0.0845824 0.0597216
0 0.270556 0.511181 0.0603837 0.0783893 0.0589494
0 0.987391 0.434806 0.0258762 0.0645276 0.0564603
0 0.72245 0.524092 0.0419993 0.0642143 0.0555804
0 0.369012 0.550004 0.0193222 0.0206089 0.0551885
0 0.102376 0.500564 0.0818589 0.089093 0.0531301
0 0.0831854 0.544674 0.136375 0.0949116 0.052601
0 0.54295 0.54533 0.0207233 0.032799 0.0525543
0 0.119547 0.50647 0.0694503 0.0751057 0.0522639
0 0.96797 0.478433 0.0611143 0.073612 0.0522486
0 0.0791775 0.577306 0.16443 0.176832 0.0515473
0 0.664297 0.545035 0.118714 0.115662 0.050869
0 0.0512057 0.497341 0.102808 0.16324 0.0504282
0 0.247282 0.514657 0.0363739 0.0502357 0.0499093
0 0.0829601 0.497468 0.157757 0.159651 0.049001
0 0.740591 0.527999 0.0427258 0.0707289 0.0489918
0 0.0296824 0.570499 0.0574638 0.155178 0.0487335
0 0.985776 0.475397 0.0292269 0.0603863 0.0487095
0 0.396916 0.548987 0.0676178 0.0592006 0.0485621
0 0.141752 0.508073 0.071245 0.0670499 0.0485083
0 0.5382 0.544523 0.0208591 0.0353531 0.0483146
0 0.603145 0.571277 0.0425198 0.121466 0.0478178
0 0.574633 0.569577 0.0289927 0.0798671 0.0472179
0 0.0426455 0.562548 0.0895732 0.137499 0.0461881
0 0.250676 0.526659 0.0415668 0.0511393 0.0456775
0 0.764241 0.548708 0.0663644 0.117352 0.0456447
0 0.729047 0.545741 0.0254014 0.0557099 0.045296
0 0.674563 0.516553 0.0864916 0.0646486 0.0451743
0 0.954095 0.465275 0.0672709 0.0568181 0.0448442
0 0.647301 0.525731 0.0830083 0.0801295 0.0446666
0 0.94567 0.499389 0.106289 0.0761859 0.0436076
0 0.41864 0.565229 0.0355917 0.0415293 0.0427337
0 0.53377 0.535096 0.0182088 0.027317 0.042023
0 0.125803 0.548851 0.0832686 0.0862298 0.0420007
0 0.692327 0.543632 0.0857047 0.111156 0.0418252
0 0.935863 0.444756 0.0537678 0.0556814 0.0410446
0 0.429428 0.550058 0.0257221 0.0451164 0.0409139
0 0.406558 0.5568 0.052765 0.056596 0.0407185
0 0.927638 0.485205 0.0395767 0.0361554 0.0402541
0 0.533901 0.564526 0.0173411 0.0364029 0.0399268
0 0.677541 0.50603 0.0554999 0.0430495 0.0397643
0 0.609965 0.570295 0.0274844 0.0743985 0.0395341
0 0.303815 0.54618 0.0269063 0.024961 0.0394199
0 0.436603 0.542178 0.0224766 0.0388952 0.0393243
0 0.922577 0.789203 0.148466 0.265437 0.0389672
0 0.682537 0.574284 0.0955827 0.138671 0.0389185
0 0.0147424 0.514433 0.0292239 0.10973 0.0388419
0 0.181471 0.527519 0.0844219 0.0736906 0.038562
0 0.659381 0.509966 0.0886476 0.0574749 0.0385461
0 0.494448 0.539073 0.0780776 0.0633536 0.0384396
0 0.238115 0.514013 0.0534288 0.0619463 0.0377431
0 0.251352 0.525384 0.0598942 0.0690765 0.0377006
0 0.0168458 0.592058 0.0392714 0.176401 0.0375058
0 0.565635 0.536363 0.0395946 0.066699 0.0369642
0 0.757987 0.514856 0.051193 0.0567969 0.0367682
0 0.977302 0.413293 0.044598 0.0647976 0.0365739
0 0.40176 0.558775 0.0236868 0.0296993 0.0365412
0 0.922089 0.443535 0.033296 0.0410603 0.0358177
0 0.47739 0.528718 0.0807416 0.0529512 0.0355361
0 0.690077 0.51098 0.0736256 0.0526727 0.0354521
0 0.700347 0.527177 0.0721075 0.0766627 0.0353385
0 0.990437 0.415411 0.0203766 0.0616767 0.0352645
0 0.541152 0.573196 0.015888 0.0455113 0.0352608
0 0.5693 0.542307 0.0199224 0.0351094 0.0352595
0 0.50027 0.519468 0.0493525 0.0426845 0.0349368
0 0.440495 0.534497 0.0256237 0.0449677 0.0346822
0 0.349248 0.512424 0.0990591 0.104967 0.0346574
0 0.889795 0.548697 0.0969561 0.128049 0.0342185
0 0.320026 0.531097 0.0359077 0.0382664 0.0339345
0 0.371576 0.511411 0.0781811 0.103896 0.0336124
0 0.812264 0.559633 0.095746 0.107986 0.0335474
0 0.171174 0.525168 0.0586524 0.0603188 0.033061
0 0.364129 0.558465 0.0178782 0.0218064 0.0330161
0 0.310245 0.508985 0.104158 0.103529 0.0329663
0 0.431336 0.562495 0.0157107 0.0302403 0.0325482
0 0.890156 0.549621 0.0543901 0.097295 0.0323854
0 0.935881 0.4863 0.0516438 0.052142 0.032355
0 0.943206 0.420438 0.0764299 0.0823463 0.032318
0 0.931252 0.471038 0.0425287 0.0429617 0.0320956
0 0.933284 0.456606 0.0920675 0.0946574 0.0319817
0 0.940583 0.438834 0.0728817 0.0686801 0.0319039
0 0.793041 0.506032 0.103117 0.0540306 0.0317698
0 0.221344 0.51056 0.0858439 0.0740713 0.0313551
0 0.448772 0.531899 0.0314926 0.0509237 0.0312794
0 0.714957 0.535003 0.0504034 0.0815167 0.0312248
0 0.435641 0.53011 0.0392078 0.0620076 0.0308573
0 0.391963 0.532228 0.0452706 0.0516232 0.0306445
0 0.302948 0.526484 0.0276627 0.0334471 0.0306295
0 0.953837 0.792912 0.0923267 0.263037 0.0306015
0 0.729004 0.50655 0.0533091 0.0671002 0.0302299
0 0.98249 0.574866 0.0344261 0.19275 0.0301904
0 0.32786 0.551282 0.0455516 0.0421987 0.0301841
0 0.359477 0.533037 0.0282217 0.0344561 0.0301176
0 0.515759 0.578035 0.0402484 0.106832 0.0300924
0 0.53922 0.589826 0.0150404 0.0324647 0.0300332
0 0.253766 0.53821 0.0499341 0.0499918 0.0300128
0 0.884625 0.46456 0.0896561 0.0677234 0.029991
0 0.254772 0.563513 0.0604994 0.0956074 0.0299653
0 0.961858 0.419563 0.0606365 0.0630045 0.0298035
0 0.310258 0.54594 0.0242565 0.0272964 0.0297499
0 0.916665 0.479135 0.0442411 0.0349881 0.0296478
0 0.988017 0.605593 0.0234285 0.132192 0.0294919
0 0.290698 0.555682 0.0373137 0.0472625 0.0293571
0 0.812828 0.504798 0.0694763 0.0467242 0.0288422
0 0.21144 0.52228 0.116308 0.0978818 0.0288054
0 0.173987 0.539445 0.0596619 0.0582719 0.0286265
0 0.928265 0.504604 0.0645363 0.0668176 0.0283725
0 0.592667 0.500783 0.0807598 0.0918861 0.0280861
0 0.828177 0.502081 0.0440508 0.0421638 0.0276951
0 0.423751 0.562761 0.0185959 0.026263 0.0276432
0 0.58441 0.530878 0.0323077 0.0405843 0.027259
0 0.18785 0.50097 0.133115 0.12419 0.0272462
0 0.870735 0.479009 0.0750149 0.0668872 0.0271384
0 0.892903 0.443611 0.094289 0.0831406 0.0267272
0 0.486042 0.512835 0.0650582 0.036519 0.0265731
0 0.991164 0.39575 0.0188576 0.0690358 0.026562
0 0.2662 0.556715 0.0598557 0.0850581 0.0265597
0 0.715101 0.501527 0.0606441 0.0739039 0.0265088
0 0.872388 0.440102 0.0580383 0.0572597 0.0264493
0 0.980191 0.524595 0.040897 0.145364 0.026298
0 0.22856 0.521587 0.0602201 0.0587608 0.0259865
0 0.605364 0.485935 0.0770334 0.0680503 0.0258228
0 0.436548 0.552715 0.0161598 0.0375841 0.0257214
0 0.907673 0.461604 0.0723207 0.0615758 0.0255207
0 0.886415 0.480149 0.0746862 0.0424334 0.0255087
0 0.987999 0.556641 0.0235802 0.18091 0.0251767
0 0.259393 0.50445 0.0543414 0.081872 0.0248721
0 0.924907 0.463879 0.0462168 0.0498385 0.0247444
0 0.519396 0.592628 0.028549 0.0696018 0.0247267
0 0.929162 0.488839 0.0932371 0.0884201 0.0246498
0 0.13624 0.568759 0.0883388 0.104984 0.0244907
0 0.575443 0.50753 0.0917038 0.112347 0.024487
0 0.638738 0.519527 0.104729 0.127346 0.0241444
0 0.0686436 0.565812 0.1002 0.12152 0.0240124
0 0.92065 0.416877 0.0518373 0.0816907 0.0236688
0 0.945879 0.426961 0.0941231 0.12554 0.0235459
0 0.455005 0.526566 0.0420428 0.0527401 0.0235171
0 0.863792 0.546449 0.0461947 0.0846975 0.0234548
0 0.176511 0.548601 0.0863694 0.0876787 0.0234068
0 0.123656 0.570083 0.121758 0.127332 0.0234054
0 0.970229 0.399663 0.0465429 0.0699009 0.0232358
0 0.968208 0.550634 0.0598646 0.182071 0.0231206
0 0.980178 0.396424 0.0390602 0.079326 0.0230142
0 0.625224 0.587536 0.0682507 0.13184 0.0229875
0 0.239763 0.510976 0.10007 0.105146 0.0226042
0 0.611434 0.51351 0.0487258 0.0525515 0.0225723
0 0.427908 0.571014 0.0158119 0.0328067 0.022426
0 0.50285 0.505355 0.0297292 0.026167 0.0223459
0 0.415115 0.557989 0.0204517 0.0255464 0.0222401
0 0.624489 0.507779 0.0429188 0.043875 0.0221592
0 0.205194 0.525496 0.073342 0.0613762 0.0221408
0 0.883593 0.524112 0.0909485 0.103288 0.0221193
0 0.0535606 0.438628 0.103688 0.263304 0.0220214
0 0.844462 0.478298 0.0558638 0.056053 0.02199
0 0.695027 0.494435 0.0833743 0.0804705 0.0218069
0 0.894789 0.488133 0.0962183 0.086741 0.0217822
0 0.600978 0.516984 0.0474803 0.0504349 0.0217058
0 0.848247 0.548914 0.0235544 0.062851 0.0216079
0 0.547564 0.582614 0.0180366 0.0384061 0.0215975
0 0.86197 0.467246 0.0613337 0.0597224 0.0215065
0 0.15527 0.496934 0.0632004 0.079306 0.0212446
0 0.853848 0.603525 0.024958 0.042007 0.0212441
0 0.827305 0.535489 0.0688639 0.115907 0.0212282
0 0.860414 0.567519 0.0352341 0.0728168 0.0211056
0 0.0541035 0.599147 0.111756 0.165837 0.0210414
0 0.909492 0.530678 0.0549337 0.0716738 0.0210329
0 0.820621 0.489441 0.0357889 0.0321654 0.0209878
0 0.433484 0.573288 0.019475 0.0518863 0.0209267
0 0.766505 0.501051 0.0727796 0.0707968 0.0208129
0 0.201216 0.552146 0.11917 0.116781 0.0206719
0 0.671495 0.501309 0.0965807 0.0864259 0.0204435
0 0.885123 0.572918 0.0346943 0.0791419 0.0201461
0 0.71344 0.558635 0.0483255 0.099639 0.020119
0 0.828837 0.551153 0.0557417 0.0877956 0.0199171
0 0.694373 0.497272 0.0624022 0.0596719 0.0198664
0 0.53302 0.392543 0.0250363 0.0428053 0.0198313
0 0.919086 0.519512 0.0405977 0.0528054 0.019745
0 0.553794 0.504208 0.0619651 0.100029 0.0196916
0 0.489278 0.495997 0.0592449 0.0423198 0.0196791
0 0.656413 0.488191 0.105483 0.0714888 0.019451
0 0.870909 0.796133 0.121672 0.20576 0.0193595
0 0.982558 0.417257 0.0348129 0.0938907 0.0193486
0 0.387514 0.51554 0.0313104 0.0440818 0.0192556
0 0.780389 0.497429 0.0740626 0.046511 0.0192032
0 0.077188 0.478503 0.0762506 0.110889 0.0191557
0 0.173065 0.505846 0.0620757 0.057595 0.0190524
0 0.859458 0.440731 0.039945 0.0484495 0.019048
0 0.506078 0.609854 0.0561025 0.0961567 0.0188311
0 0.382444 0.510495 0.0602333 0.0834646 0.0185479
0 0.171336 0.570271 0.0881144 0.100263 0.0184642
0 0.0806985 0.261442 0.112439 0.216689 0.018437
0 0.103064 0.594258 0.170013 0.226706 0.0182092
0 0.015307 1.00984 0.0279716 0.0330868 0.0182036
0 0.0938027 0.478592 0.0645642 0.103259 0.0180241
0 0.637079 0.608481 0.0625574 0.0856861 0.018
0 0.97961 -0.0138528 0.0396959 0.042277 0.0179699
0 0.923392 0.41385 0.0910313 0.11518 0.017931
0 0.45756 0.60341 0.0495608 0.0895882 0.0179215
0 0.672838 0.480902 0.07479 0.0595277 0.0179164
0 0.842004 0.534735 0.0337141 0.0784141 0.0179125
0 0.19194 0.509868 0.0791308 0.0673548 0.0177121
0 0.148744 0.292524 0.0394762 0.0489811 0.0176829
0 0.464245 0.57514 0.0604925 0.130496 0.0176384
0 0.0299077 0.623022 0.0595901 0.1534 0.0175885
0 0.992481 0.265975 0.0147135 0.0922855 0.0175834
0 0.0929172 0.564362 0.0850387 0.102317 0.0175493
0 0.814095 0.493429 0.0453552 0.0355048 0.0175027
0 0.506794 0.480677 0.0334352 0.0572505 0.0174157
0 0.923621 0.55343 0.112922 0.150135 0.0173892
0 0.462723 0.505015 0.0463918 0.0684683 0.0173531
0 0.873207 0.681942 0.127423 0.263361 0.0173403
0 0.42508 0.575326 0.0162444 0.0280711 0.0172697
0 0.918091 0.381433 0.0355698 0.0469871 0.0172122
0 0.887046 0.596513 0.0353876 0.0756456 0.0171771
0 0.0900751 0.959274 0.157251 0.129767 0.0171329
0 0.845674 0.564307 0.030006 0.0637781 0.0170536
0 0.673195 0.606847 0.0609553 0.0766274 0.0170408
0 0.906399 0.414585 0.0644875 0.0841243 0.0170373
0 0.116772 0.4783 0.067523 0.11175 0.0170152
0 0.20865 0.29669 0.0560317 0.0686629 0.0169816
0 0.938393 0.533411 0.106067 0.122136 0.0169661
0 0.426218 0.515954 0.0534129 0.0622972 0.0169148
0 0.958813 0.401361 0.0638292 0.0789077 0.016882
0 0.372027 0.805603 0.105284 0.201509 0.0167519
0 0.0824446 0.274924 0.0349688 0.0365099 0.0166888
0 0.227189 0.541182 0.064201 0.0632778 0.0165515
0 0.846944 0.23326 0.0329208 0.0592783 0.0165218
0 0.195354 0.540164 0.0905714 0.0706516 0.0164437
