0 0.5625 0.521796 0 0.163136 0.89374
0 0.472176 0.533382 0.0956917 0.138063 0.888964
0 0.543516 0.499601 0.0379671 0.0670525 0.865475
0 0.518845 0.502888 0.0181956 0.0477631 0.322087
0 0.514818 0.500219 0.0197361 0.0478867 0.235424
0 0.498528 0.460847 0.0261808 0.0441913 0.217692
0 0.5625 0.51147 0 0.0820406 0.217537
0 0.382645 0.199324 0.0770659 0.0388004 0.198587
0 0.5625 0.59012 0 0.146559 0.192351
0 0.213557 0.178105 0.0509789 0.0224614 0.189067
0 0.42074 0.508155 0.0220465 0.033682 0.180135
0 0.425605 0.494494 0.0226739 0.0361829 0.178902
0 0.517631 0.509429 0.0143449 0.0337891 0.176395
0 0.521168 0.502875 0.014276 0.0360409 0.173829
0 0.456913 0.190665 0.211175 0.0568282 0.173747
0 0.402348 0.486746 0.0138244 0.0234717 0.168116
0 0.5625 0.503062 0 0.0670748 0.166341
0 0.222299 0.176025 0.0379429 0.0207598 0.16312
0 0.521689 0.495525 0.0227383 0.054526 0.160177
0 0.432434 0.482882 0.0170852 0.0326592 0.160154
0 0.0723666 0.178163 0.0293541 0.0218081 0.154095
0 0.149026 0.176359 0.0315222 0.0199444 0.152467
0 0.5625 0.177096 0 0.0224943 0.151702
0 0.404421 0.193768 0.122557 0.0473974 0.148399
0 0.104079 0.177599 0.0761995 0.0277152 0.147603
0 0.193529 0.177113 0.0990822 0.0305811 0.147162
0 0.536025 0.470537 0.0529506 0.0961335 0.144235
0 0.417781 0.184505 0.0851914 0.0357972 0.138076
0 0.408215 0.484386 0.0185602 0.0272297 0.136867
0 0.37153 0.185564 0.0522789 0.0422943 0.128057
0 0.516562 0.492791 0.0144977 0.029935 0.126196
0 0.502823 0.469225 0.0331327 0.0642599 0.125678
0 0.411421 0.505278 0.021997 0.0325813 0.125548
0 0.5625 0.48581 0 0.0360469 0.124544
0 0.403504 0.493342 0.0136264 0.0216123 0.123023
0 0.5625 0.270551 0 0.246979 0.119664
0 0.5625 0.50472 0 0.189566 0.117986
0 0.5625 0.327468 0 0.566001 0.115777
0 0.250004 0.176577 0.0818635 0.0316701 0.115382
0 0.416521 0.510362 0.0158778 0.0253085 0.11497
0 0.254484 0.185469 0.0646409 0.032163 0.113017
0 0.5625 0.179888 0 0.0336262 0.112884
0 0.552616 0.177241 0.0197681 0.0247893 0.111613
0 0.507803 0.491561 0.0139296 0.0279829 0.109348
0 0.5625 0.544597 0 0.222153 0.10618
0 0.430738 0.49294 0.0156183 0.0284289 0.104093
0 0.40733 0.498196 0.0158255 0.0245817 0.103549
0 0.426937 0.481642 0.0210724 0.0267844 0.102614
0 0.510686 0.491618 0.0315413 0.0631264 0.101741
0 0.5625 0.492759 0 0.0344455 0.101434
0 0.43081 0.477072 0.0308041 0.0564576 0.100997
0 0.6691 0.181338 0.0672709 0.0358947 0.099642
0 0.85265 0.477982 0.220723 0.283897 0.0986155
0 0.868245 0.477977 0.0556774 0.0602937 0.0982817
0 0.597884 0.185047 0.0696541 0.0291298 0.0955957
0 0.766483 0.17262 0.0254415 0.0226425 0.0952029
0 0.557895 0.195709 0.0822961 0.032236 0.0951511
0 0.435481 0.469148 0.022651 0.0400293 0.0946859
0 0.65083 0.17528 0.0667198 0.0279998 0.0939544
0 0.688297 0.173174 0.025265 0.0242564 0.0935295
0 0.42144 0.498709 0.0131375 0.0276769 0.0924876
0 0.207849 0.187266 0.0640112 0.0388476 0.0900443
0 0.597207 0.507116 0.0414229 0.10262 0.0881539
0 0.504739 0.480743 0.0148455 0.0239986 0.0871389
0 0.560869 0.187103 0.0778839 0.0380729 0.0865735
0 0.249634 0.145669 0.0875458 0.101263 0.0847833
0 0.435899 0.46363 0.0297035 0.0499731 0.084692
0 0.453669 0.189902 0.171274 0.0460921 0.0838397
0 0.509749 0.184391 0.330102 0.0713799 0.0831221
0 0.739809 0.517972 0.0408239 0.0672084 0.0830022
0 0.303068 0.179951 0.0265248 0.0224904 0.0806816
0 0.92274 0.4982 0.155353 0.305296 0.0799331
0 0.408937 0.503897 0.0148535 0.0252463 0.0770453
0 0.969332 0.528125 0.0585354 0.275069 0.0757641
0 0.435608 0.4938 0.0200038 0.0497837 0.0749198
0 0.567311 0.27124 0.416 0.223508 0.074738
0 0.382833 0.176474 0.0188104 0.0209878 0.0744678
0 0.98653 0.549289 0.0264725 0.22531 0.0734837
0 0.719225 0.175852 0.0844634 0.0334653 0.0727912
0 0.895432 0.448113 0.202961 0.378434 0.0722309
0 0.853035 0.472214 0.065418 0.0722185 0.0717968
0 0.108411 0.183878 0.110412 0.040869 0.0714364
0 0.0352778 0.172067 0.0365482 0.0312938 0.0704956
0 0.749023 0.527709 0.0568179 0.0967644 0.0695011
0 0.417882 0.491661 0.0149037 0.0236514 0.0694727
0 0.96285 0.441522 0.0744434 0.444916 0.0694245
0 0.965542 0.295937 0.0604019 0.0646242 0.0692945
0 0.910346 0.49383 0.0675911 0.0527355 0.0691357
0 0.461202 0.182657 0.101042 0.0386973 0.0689084
0 0.990903 0.621577 0.0171505 0.0980775 0.0681467
0 0.890716 0.484849 0.0289042 0.0336828 0.0679331
0 0.465888 0.454528 0.0368669 0.0344816 0.0677537
0 0.492035 0.179642 0.0915544 0.0318156 0.0670123
0 0.0770976 0.177758 0.020148 0.0169712 0.0661993
0 0.417301 0.473624 0.0327396 0.052818 0.0656609
0 0.338028 0.186463 0.10143 0.0453594 0.0655808
0 0.425894 0.501909 0.0159645 0.035749 0.065179
0 0.607758 0.507522 0.0487373 0.10902 0.0650608
0 0.0468747 0.176651 0.0215856 0.0198062 0.0650073
0 0.322967 0.196416 0.0698957 0.03369 0.064681
0 0.550827 0.121423 0.410946 0.210762 0.0643121
0 0.399856 0.486688 0.0269882 0.039741 0.0634497
0 0.521353 0.493695 0.0151233 0.0301197 0.0633663
0 0.534569 0.197735 0.0866024 0.0298814 0.0625308
0 0.315399 0.183037 0.0461024 0.0279189 0.0620108
0 0.8406 0.496611 0.0939531 0.116472 0.0610817
0 0.76571 0.229032 0.0322176 0.0777184 0.0609995
0 0.986505 0.23922 0.0267797 0.17064 0.0608776
0 0.749245 0.502089 0.0528162 0.0613476 0.0603867
0 0.574349 0.491033 0.0213653 0.0342534 0.0601016
0 0.781807 0.531195 0.0972065 0.117666 0.0599216
0 0.492891 0.189209 0.115218 0.0475664 0.0592188
0 0.0301979 0.157435 0.0639551 0.0698411 0.0589
0 0.306953 0.399526 0.0157861 0.027265 0.0588478
0 0.498061 0.474214 0.0339014 0.0476676 0.0586173
0 0.152574 0.178095 0.0222161 0.0153925 0.0572661
0 0.863364 0.460206 0.0690914 0.0914346 0.0570229
0 0.432943 0.476483 0.0167286 0.0234618 0.0568107
0 0.837413 0.473927 0.0613768 0.0665766 0.0565552
0 0.421086 0.175721 0.0945252 0.0412195 0.0561935
0 0.218784 0.0961161 0.143576 0.184955 0.0554655
0 0.502791 0.179639 0.15315 0.0408596 0.054896
0 0.734373 0.522924 0.0616439 0.10466 0.0548792
0 0.304207 0.175363 0.021916 0.0237316 0.0546879
0 0.100541 0.178804 0.0375257 0.0233092 0.0542822
0 0.621036 0.50675 0.0612007 0.128858 0.0532875
0 0.561599 0.479919 0.048432 0.0745988 0.0532424
0 0.491186 0.488764 0.0175532 0.0242978 0.0531374
0 0.498289 0.453617 0.0216291 0.0298211 0.0531299
0 0.705707 0.175127 0.0593082 0.0275826 0.05284
0 0.435434 0.471924 0.018759 0.0240532 0.052631
0 0.393819 0.491611 0.0259061 0.0372625 0.0523963
0 0.884045 0.3067 0.232173 0.589998 0.0514
0 0.406772 0.460034 0.031718 0.0636421 0.0508724
0 0.829575 0.458959 0.145844 0.263191 0.0508422
0 0.309901 0.190519 0.0456172 0.0328409 0.0505508
0 0.378863 0.178351 0.0215378 0.0232414 0.0499664
0 0.572521 0.497151 0.0135347 0.0454205 0.0495708
0 0.423004 0.104096 0.117443 0.197762 0.0491549
0 0.578452 0.507284 0.0173998 0.0406149 0.0491312
0 0.446529 0.487198 0.0374211 0.0513863 0.0490967
0 0.18175 0.174851 0.0685193 0.0212894 0.0490676
0 0.137349 0.180954 0.0514531 0.0283992 0.0488551
0 0.639979 0.713015 0.0243445 0.0393172 0.0484635
0 0.575061 0.495846 0.047014 0.0915146 0.0482444
0 0.375671 0.20608 0.0486757 0.0292486 0.048153
0 0.485261 0.463785 0.0195012 0.0269758 0.0480351
0 0.248694 0.185956 0.0987497 0.0502067 0.0480055
0 0.822945 0.466496 0.0534527 0.0790039 0.0479272
0 0.394765 0.472991 0.0299953 0.0438842 0.0476628
0 0.962884 0.336353 0.0712379 0.428742 0.0475676
0 0.791317 0.375162 0.0969669 0.504233 0.0474531
0 0.437832 0.464539 0.0164248 0.0216577 0.0474505
0 0.900214 0.487079 0.0609838 0.0520601 0.0472147
0 0.0520287 0.174904 0.017075 0.0187876 0.04712
0 0.328969 0.151555 0.0814568 0.0974745 0.0465628
0 0.79697 0.484795 0.113367 0.183634 0.0464411
0 0.111861 0.177288 0.0332101 0.0219825 0.0463968
0 0.447846 0.118049 0.222678 0.192866 0.0458858
0 0.739668 0.481676 0.0500885 0.0641843 0.0458355
0 0.851313 0.410369 0.079937 0.134589 0.0457362
0 0.409147 0.281185 0.0232809 0.0275349 0.0455783
0 0.714181 0.509982 0.034463 0.0737922 0.0453495
0 0.482595 0.156256 0.263393 0.108488 0.0453377
0 0.929832 0.381168 0.137122 0.305264 0.0449708
0 0.365499 0.457234 0.0162019 0.0225442 0.0449354
0 0.367871 0.202204 0.0378894 0.0239748 0.0448463
0 0.477995 0.23446 0.244189 0.143543 0.044788
0 0.891812 0.493779 0.0936081 0.0609895 0.0447042
0 0.967726 0.273538 0.0675989 0.141859 0.0446645
0 0.458165 0.487667 0.0164395 0.0219569 0.0443152
0 0.567445 0.506721 0.0144679 0.029218 0.0436258
0 0.835753 0.39456 0.0645317 0.127213 0.0434916
0 0.371769 0.183964 0.0413644 0.0301994 0.0432823
0 0.185652 0.181101 0.0253739 0.0182374 0.0432035
0 0.559582 0.495897 0.0208487 0.0427898 0.0429292
0 0.40563 0.472421 0.0210493 0.0344181 0.04263
0 0.907659 0.425122 0.177356 0.23897 0.0423753
0 0.527489 0.473983 0.0279166 0.0483773 0.0422242
0 0.433371 0.510101 0.0235675 0.0805173 0.0420341
0 0.422159 0.151069 0.105381 0.104126 0.0420249
0 0.821713 0.352212 0.0218538 0.0348495 0.0418097
0 0.243811 0.048894 0.0793132 0.0974362 0.0417956
0 0.315944 0.424425 0.0303769 0.0311367 0.0414769
0 0.694124 0.179462 0.0332236 0.0236478 0.0414142
0 0.623186 0.177504 0.0419572 0.0224731 0.0412335
0 0.978969 0.487695 0.0383148 0.0673876 0.0411921
0 0.142788 0.103797 0.296436 0.220218 0.0409597
0 0.598499 0.521542 0.0169058 0.0377123 0.04082
0 0.109754 0.283095 0.216308 0.311859 0.0406355
0 0.742665 0.153379 0.124867 0.302692 0.040632
0 0.938478 0.23137 0.042779 0.0945685 0.0403186
0 0.517356 0.521344 0.0163419 0.0408501 0.0402248
0 0.722967 0.482712 0.038865 0.0521923 0.0401037
0 0.393011 0.186431 0.0379699 0.0272982 0.0396672
0 0.813877 0.458128 0.0330837 0.0669157 0.0394142
0 0.106218 0.167021 0.0495776 0.0393492 0.0394128
0 0.441402 0.454667 0.0167433 0.0228666 0.0393567
0 0.709648 0.188806 0.0748687 0.0433624 0.0390238
0 0.465546 0.461005 0.0263877 0.0282108 0.0388585
0 0.588783 0.529408 0.0170304 0.0455731 0.0388311
0 0.550277 0.139884 0.11565 0.0818722 0.0388272
0 0.991401 0.493429 0.0185892 0.0642661 0.0388142
0 0.62142 0.188277 0.0417131 0.0348259 0.0383976
0 0.528215 0.375525 0.0205516 0.0283936 0.0383537
0 0.203034 0.179169 0.0337252 0.0214295 0.0382129
0 0.570807 0.518345 0.0165169 0.0351544 0.0382106
0 0.45401 0.474466 0.0325798 0.0367853 0.0380179
0 0.0527611 0.179303 0.0176029 0.0175226 0.0378314
0 0.563033 0.172843 0.0688993 0.0290145 0.0377837
0 0.638671 0.725931 0.0225919 0.0426656 0.0377821
0 0.623784 0.484867 0.0554171 0.0834512 0.0374017
0 0.712601 0.0879203 0.169735 0.211239 0.0370954
0 0.82669 0.435627 0.0185066 0.025507 0.036717
0 0.33968 0.169787 0.111695 0.0701639 0.0363987
0 0.184671 0.168196 0.0523206 0.0381836 0.0360237
0 0.197881 0.170561 0.0538 0.0323207 0.0360042
0 0.357288 0.2011 0.022924 0.0246393 0.0359692
0 0.922766 0.564976 0.109137 0.142217 0.0358949
0 0.733083 0.508587 0.0249876 0.0508275 0.0358763
0 0.941569 0.445779 0.112459 0.276773 0.0357593
0 0.861787 0.511122 0.0903702 0.0998928 0.0356616
0 0.348799 0.202214 0.0193664 0.0213832 0.0352897
0 0.210016 0.136379 0.149957 0.112922 0.0349344
0 0.661133 0.485361 0.118326 0.0875203 0.0348888
0 0.358835 0.161605 0.0631784 0.0816633 0.0343903
0 0.570748 0.192358 0.0402437 0.0196091 0.0343328
0 0.401301 0.503206 0.0153799 0.0264084 0.0341777
0 0.854197 0.494518 0.0355095 0.0435277 0.0341086
0 0.716382 0.156993 0.0805277 0.0645152 0.0339922
0 0.630415 0.472519 0.050061 0.0597219 0.0339818
0 0.652401 0.173472 0.0316782 0.022452 0.0339146
0 0.979966 0.472133 0.0392933 0.305168 0.0338844
0 0.372348 0.456043 0.0256936 0.0380554 0.0337559
0 0.333384 0.43199 0.0806616 0.0821226 0.0334072
0 0.80397 0.442268 0.0178135 0.0377872 0.0333004
0 0.522996 0.194062 0.144541 0.0442229 0.0333
0 0.493355 0.452071 0.0188496 0.0260631 0.0332366
0 0.882083 0.533808 0.235607 0.295834 0.0330969
0 0.456457 0.176174 0.0229784 0.0254238 0.0330495
0 0.458765 0.490623 0.0609211 0.0551952 0.033032
0 0.845345 0.445904 0.0606926 0.0545091 0.0326429
0 0.965234 0.588288 0.0667303 0.157029 0.0326113
0 0.399697 0.508489 0.0295051 0.044 0.0325143
0 0.307184 0.39462 0.0227259 0.0342099 0.0324616
0 0.456937 0.280036 0.184306 0.159549 0.0323687
0 0.54379 0.121245 0.129275 0.126248 0.0321309
0 0.987783 0.478419 0.0244898 0.0870833 0.0321057
0 0.381004 0.486574 0.0507612 0.0595785 0.0314436
0 0.392545 0.467926 0.0664363 0.0925118 0.0313311
0 0.776424 0.491585 0.0504828 0.0449111 0.0312171
0 0.835344 0.526319 0.0867355 0.134393 0.0311906
0 0.0295691 0.182371 0.0381652 0.0314679 0.0309172
0 0.600427 0.183155 0.02068 0.0150674 0.0308113
0 0.951612 0.300469 0.0447981 0.0556371 0.0303131
0 0.160678 0.182294 0.0374347 0.0243523 0.0302577
0 0.22398 0.184865 0.0232716 0.0215811 0.0302497
0 0.987135 0.192569 0.0241735 0.073116 0.0300823
0 0.44312 0.450647 0.016582 0.0224132 0.0300264
0 0.667456 0.163945 0.0463097 0.0392437 0.0300078
0 0.992242 0.641382 0.0140942 0.101062 0.0297571
0 0.64215 0.506954 0.0965382 0.122026 0.0295544
0 0.380509 0.21177 0.068219 0.0415883 0.0294263
0 0.861566 0.436414 0.0693453 0.10514 0.0292154
0 0.318462 0.433338 0.0396121 0.0467248 0.029199
0 0.126973 0.24856 0.189525 0.163562 0.0291163
0 0.749727 0.280571 0.135875 0.498081 0.0291027
0 0.554808 0.167117 0.0711666 0.0307955 0.0289232
0 0.259624 0.19631 0.0521198 0.0375806 0.028921
0 0.384397 0.462012 0.0318285 0.0500437 0.0288487
0 0.282558 0.196797 0.049429 0.0313795 0.0287275
0 0.575662 0.173133 0.0437733 0.0274207 0.0286841
0 0.980956 0.58542 0.0357014 0.190562 0.028633
0 0.397778 0.173621 0.0358673 0.0295692 0.0285943
0 0.818274 0.445597 0.0306345 0.0397647 0.0285912
0 0.305389 0.186092 0.0283721 0.0200702 0.0285598
0 0.684435 0.487791 0.0759418 0.0796878 0.0285535
0 0.657653 0.471936 0.0980402 0.0635638 0.0285432
0 0.572191 0.476068 0.0180875 0.035086 0.0284652
0 0.883891 0.477809 0.0676394 0.0667224 0.0283999
0 0.94112 0.49118 0.0986797 0.068254 0.0283807
0 0.718121 0.433392 0.117974 0.209082 0.028305
0 0.31206 0.40619 0.0272271 0.0434056 0.0280397
0 0.333638 0.101832 0.102384 0.192988 0.0278935
0 0.933285 0.224282 0.0325123 0.0486128 0.0278206
0 0.796139 0.462449 0.0628681 0.0863326 0.0277593
0 0.844835 0.514071 0.0609764 0.0812831 0.0276871
0 0.409484 0.265564 0.033934 0.0450374 0.0276847
0 0.347835 0.453966 0.113404 0.151806 0.0275904
0 0.77545 0.50053 0.0601299 0.0460368 0.0275348
0 0.785314 0.485013 0.0482202 0.0506678 0.0275088
0 0.493026 0.0352219 0.0404089 0.0554255 0.0274438
0 0.716008 0.501657 0.0246812 0.0545204 0.0273904
0 0.399287 0.262572 0.0584815 0.0632086 0.0273668
0 0.5348 0.516672 0.0131094 0.0252204 0.027347
0 0.955894 0.288537 0.0593355 0.0909602 0.0269669
0 0.987278 0.638198 0.0268534 0.229426 0.0269189
0 0.968732 0.611641 0.0549509 0.103268 0.0268527
0 0.823349 0.432583 0.0172821 0.0258734 0.026646
0 0.508889 0.440469 0.0175295 0.0310155 0.0264872
