0 0.518844 0.552905 0.0334984 0.0450182 0.662522
0 0.494008 0.552967 0.0166481 0.0234965 0.56693
0 0.47567 0.552763 0.0154135 0.0211104 0.536511
0 0.453128 0.550833 0.0150566 0.0179533 0.446282
0 0.5625 0.570383 0 0.0465196 0.433001
0 0.5625 0.568096 0 0.031636 0.389382
0 0.5625 0.56909 0 0.0270638 0.382742
0 0.448461 0.550607 0.0155891 0.0186991 0.370167
0 0.247065 0.519061 0.0470525 0.0404081 0.332308
0 0.5625 0.571388 0 0.0478333 0.322557
0 0.5625 0.568008 0 0.0265205 0.317996
0 0.5625 0.580755 0 0.0663041 0.317845
0 0.5625 0.573285 0 0.0267081 0.290089
0 0.483732 0.552528 0.0113642 0.0181738 0.248106
0 0.0512866 0.509741 0.0217689 0.0214044 0.245626
0 0.47986 0.552586 0.0129459 0.0190268 0.244366
0 0.5625 0.559347 0 0.0306361 0.236588
0 0.446311 0.550245 0.0107677 0.015917 0.236471
0 0.5625 0.563113 0 0.0238621 0.234203
0 0.0318424 0.508789 0.0624841 0.0379851 0.214117
0 0.5625 0.570938 0 0.0339066 0.207064
0 0.471686 0.554386 0.0116745 0.0169126 0.206374
0 0.501298 0.551602 0.0124123 0.0226769 0.204014
0 0.0848054 0.521899 0.027362 0.018969 0.202537
0 0.0541501 0.512252 0.0320582 0.0253652 0.201837
0 0.5625 0.564222 0 0.023532 0.194622
0 0.0145814 0.507529 0.0291627 0.03519 0.188013
0 0.5625 0.564424 0 0.0186577 0.187075
0 0.5625 0.568564 0 0.0388998 0.182836
0 0.346614 0.535905 0.0237609 0.0259771 0.181059
0 0.48938 0.552091 0.0145568 0.0244428 0.179556
0 0.5625 0.571466 0 0.0207429 0.177573
0 0.384171 0.525043 0.0947345 0.0650633 0.176707
0 0.5625 0.558355 0 0.0267653 0.175638
0 0.5625 0.550997 0 0.0311361 0.175594
0 0.498038 0.550958 0.0142373 0.0235894 0.17538
0 0.0824857 0.519151 0.0360844 0.0215666 0.175114
0 0.5625 0.572879 0 0.0857961 0.169215
0 0.39728 0.487778 0.013411 0.014305 0.169192
0 0.5625 0.568701 0 0.0537024 0.168493
0 0.468642 0.549303 0.014844 0.0199916 0.167835
0 0.5625 0.551574 0 0.027517 0.158259
0 0.5625 0.562446 0 0.056891 0.15646
0 0.5625 0.562077 0 0.0456958 0.155793
0 0.07463 0.519964 0.0151331 0.0148739 0.154409
0 0.5625 0.568923 0 0.02088 0.153983
0 0.0506415 0.509796 0.0166513 0.0159609 0.151959
0 0.114196 0.525536 0.0223155 0.0176379 0.14864
0 0.372861 0.488188 0.0222466 0.0138366 0.146184
0 0.5625 0.582328 0 0.0778742 0.146033
0 0.265029 0.514798 0.0757939 0.0581267 0.144549
0 0.755692 0.562442 0.0573289 0.0369666 0.139112
0 0.847586 0.574782 0.0194117 0.0194345 0.138282
0 0.677904 0.558439 0.0212206 0.0254495 0.137405
0 0.00818161 0.507668 0.0162267 0.0320181 0.135958
0 0.486435 0.549643 0.0157933 0.0260161 0.134549
0 0.718237 0.55561 0.053887 0.0360591 0.132586
0 0.0467521 0.508312 0.0216212 0.0178568 0.131421
0 0.726476 0.563548 0.0704312 0.0357816 0.131147
0 0.455194 0.543452 0.0107381 0.0144719 0.130455
0 0.279105 0.523436 0.050773 0.0432358 0.129633
0 0.992233 0.57483 0.0155783 0.0414024 0.129558
0 0.991574 0.5652 0.0169498 0.0345097 0.128407
0 0.343117 0.535886 0.0164767 0.0205967 0.127279
0 0.737948 0.555625 0.0182736 0.0218444 0.126932
0 0.0701375 0.516793 0.0156201 0.0161702 0.126221
0 0.645683 0.550309 0.04 0.0376138 0.123819
0 0.0912514 0.524978 0.0165388 0.0148759 0.121971
0 0.082286 0.523981 0.0186686 0.0145317 0.121395
0 0.349772 0.527373 0.0351171 0.0446242 0.117164
0 0.0869101 0.525096 0.0176929 0.0144132 0.116365
0 0.35497 0.534231 0.0369895 0.0323787 0.115401
0 0.704018 0.562989 0.0222803 0.0188327 0.113436
0 0.448581 0.548865 0.0115368 0.0149915 0.113061
0 0.677356 0.568773 0.0143446 0.0152382 0.1114
0 0.235631 0.52193 0.0226595 0.0256923 0.110677
0 0.437711 0.540238 0.0156259 0.0197149 0.110599
0 0.0711424 0.520212 0.0185184 0.0171061 0.110174
0 0.801517 0.56802 0.0235693 0.0228158 0.110033
0 0.359287 0.526381 0.0535331 0.0510802 0.109352
0 0.368556 0.487145 0.0186081 0.0139364 0.108788
0 0.239618 0.511602 0.0613211 0.0589708 0.108695
0 0.393859 0.488095 0.0151196 0.0124811 0.107974
0 0.00514933 0.50566 0.0105484 0.027936 0.107231
0 0.0794475 0.525456 0.0184008 0.0210787 0.105991
0 0.39024 0.536069 0.0665262 0.0344548 0.104732
0 0.894217 0.572387 0.0337887 0.0333091 0.103272
0 0.67336 0.560846 0.0253287 0.026002 0.101601
0 0.0751934 0.523486 0.0153787 0.0158145 0.101421
0 0.0956709 0.519662 0.048079 0.0236415 0.100709
0 0.698395 0.551236 0.0527276 0.0430295 0.0990911
0 0.628497 0.551501 0.0167172 0.0244598 0.0989194
0 0.667822 0.577783 0.0162024 0.0183073 0.0981627
0 0.116984 0.528229 0.0175354 0.014832 0.0970268
0 0.572375 0.546172 0.0288927 0.0347336 0.0969983
0 0.0827457 0.520656 0.0177041 0.0128699 0.0966995
0 0.959637 0.557832 0.0559521 0.0686276 0.0960756
0 0.368943 0.492582 0.0200056 0.0145969 0.0958182
0 0.372019 0.502884 0.0163235 0.0130791 0.0948814
0 0.511546 0.537011 0.0384776 0.0614247 0.0947923
0 0.734829 0.560467 0.0215819 0.0206735 0.0938184
0 0.445817 0.540862 0.0137244 0.0176176 0.0937274
0 0.0684355 0.515422 0.0280317 0.0208623 0.0920804
0 0.523973 0.550013 0.0168464 0.0299555 0.0917082
0 0.403717 0.547835 0.0163518 0.0135746 0.0913671
0 0.691976 0.5643 0.0247687 0.0199001 0.08968
0 0.947713 0.556911 0.0811558 0.0798625 0.0890834
0 0.696977 0.566098 0.021563 0.0158286 0.0889871
0 0.336429 0.524919 0.0476095 0.0502756 0.0888372
0 0.625115 0.554709 0.0171844 0.0222116 0.0885915
0 0.761209 0.554641 0.0681246 0.0518433 0.0871016
0 0.712438 0.559983 0.0256595 0.0224666 0.0868169
0 0.819152 0.565867 0.0214251 0.0206227 0.0860214
0 0.233416 0.51602 0.0449461 0.044486 0.0859295
0 0.405234 0.501999 0.0144629 0.0135255 0.0854627
0 0.252322 0.507618 0.0695766 0.0707478 0.0849728
0 0.61763 0.553297 0.022621 0.0246468 0.0848164
0 0.41652 0.544926 0.0160429 0.014099 0.0848126
0 0.460556 0.550933 0.0139602 0.0159228 0.0845404
0 0.0354906 0.506242 0.0244892 0.0192396 0.0844569
0 0.416233 0.541674 0.025418 0.0206269 0.0844287
0 0.394741 0.547057 0.0323637 0.0156292 0.08415
0 0.316161 0.529165 0.0528998 0.0408315 0.0840973
0 0.448262 0.543693 0.0135252 0.0179497 0.0840067
0 0.406688 0.54347 0.0169874 0.0133959 0.0838628
0 0.422178 0.54228 0.0128839 0.0144446 0.0838476
0 0.97088 0.559684 0.0602766 0.0884722 0.0838047
0 0.561999 0.547877 0.0232336 0.0287745 0.0833994
0 0.735638 0.551487 0.0373807 0.036452 0.0830314
0 0.610819 0.548249 0.0356548 0.0316382 0.0824921
0 0.613081 0.551352 0.0236659 0.0283715 0.0824593
0 0.0945513 0.521732 0.0274454 0.0180192 0.0819702
0 0.566331 0.550138 0.0203315 0.0258213 0.0813963
0 0.357159 0.539672 0.0192774 0.0183911 0.0800446
0 0.0911397 0.518869 0.0251164 0.0197572 0.0784125
0 0.5213 0.553806 0.01532 0.0245271 0.0778435
0 0.420198 0.545719 0.0137847 0.0130497 0.0776145
0 0.519154 0.53706 0.0439972 0.0731354 0.0775955
0 0.747987 0.559094 0.0232608 0.0215064 0.0775839
0 0.116971 0.522408 0.0225331 0.0194194 0.0774275
0 0.927295 0.553371 0.0928955 0.0890145 0.0773332
0 0.328999 0.530491 0.0454272 0.0424693 0.0758202
0 0.377819 0.548369 0.0244959 0.0151302 0.0752034
0 0.888083 0.560585 0.0497469 0.0611949 0.0744538
0 0.42714 0.5446 0.0124146 0.0154762 0.0743294
0 0.774473 0.55739 0.0577485 0.0480927 0.0742865
0 0.372854 0.544717 0.0249546 0.0163655 0.073485
0 0.0335667 0.484145 0.0616158 0.0744818 0.0708681
0 0.504967 0.555642 0.0120005 0.0241996 0.0706
0 0.029173 0.507155 0.0226893 0.0233957 0.0705849
0 0.667155 0.558882 0.0175608 0.0215926 0.0701245
0 0.395983 0.549844 0.0188488 0.0132809 0.0699906
0 0.662781 0.556916 0.0154111 0.0189209 0.0692029
0 0.411931 0.485627 0.0243289 0.0198492 0.0688352
0 0.301912 0.520345 0.0721269 0.0567869 0.0685698
0 0.813242 0.566598 0.0221024 0.0191356 0.0681171
0 0.46842 0.507577 0.0232574 0.0244505 0.0680347
0 0.382632 0.518637 0.0651561 0.0555639 0.0676974
0 0.401002 0.543735 0.0201479 0.0136639 0.0667142
0 0.92079 0.571867 0.0843792 0.0660692 0.0666719
0 0.866274 0.574085 0.0230333 0.0248771 0.066456
0 0.25095 0.522203 0.0320238 0.026354 0.0662298
0 0.0869887 0.506461 0.057222 0.0483955 0.066085
0 0.7064 0.571276 0.0260453 0.0244162 0.0652103
0 0.021192 0.454476 0.0414473 0.0587731 0.0651671
0 0.404003 0.484223 0.0193154 0.0162481 0.064318
0 0.490435 0.551496 0.0134656 0.0163472 0.0642659
0 0.631759 0.551161 0.0242996 0.0288812 0.0636888
0 0.759204 0.565043 0.0235469 0.0222332 0.0633932
0 0.590562 0.502845 0.0649422 0.113246 0.0630555
0 0.703982 0.567124 0.0259524 0.0202401 0.0629325
0 0.398071 0.483783 0.0175251 0.0184901 0.062918
0 0.295632 0.539418 0.0183081 0.0188751 0.0628609
0 0.635274 0.554204 0.0214995 0.0258471 0.0625937
0 0.869144 0.568036 0.0203815 0.0221465 0.0608447
0 0.404285 0.535041 0.0169176 0.0170647 0.0598241
0 0.378847 0.545325 0.0186656 0.013128 0.0594523
0 0.291263 0.538532 0.0225057 0.0188068 0.0589945
0 0.058291 0.507126 0.0217456 0.0257293 0.0588308
0 0.37341 0.549781 0.0173931 0.0137482 0.0581607
0 0.337327 0.530161 0.0280158 0.032269 0.0576591
0 0.243241 0.523151 0.0354317 0.0264067 0.0574758
0 0.636388 0.540677 0.035081 0.0499963 0.0566407
0 0.101873 0.505333 0.0635059 0.0442304 0.05584
0 0.99139 0.590586 0.0158489 0.0706167 0.0555405
0 0.561456 0.554689 0.0162456 0.0236489 0.0551929
0 0.124463 0.497673 0.0345738 0.0244054 0.0551663
0 0.350308 0.523597 0.0208107 0.0266714 0.054771
0 0.87525 0.539735 0.0985424 0.126985 0.0544694
0 0.901269 0.569959 0.0233379 0.0307303 0.0533011
0 0.551603 0.54659 0.0296389 0.032804 0.0531337
0 0.754078 0.544705 0.0538138 0.0671627 0.0531168
0 0.480566 0.533961 0.0173549 0.0169766 0.0522027
0 0.0640055 0.517798 0.0159212 0.016981 0.0516824
0 0.103617 0.524806 0.0173994 0.0177311 0.0516797
0 0.751984 0.553099 0.0490943 0.0426754 0.0515563
0 0.778097 0.563922 0.0249517 0.0231596 0.0509557
0 0.643545 0.551877 0.0284609 0.0279952 0.0509323
0 0.137238 0.515184 0.0578142 0.0394354 0.0508676
0 0.210169 0.512362 0.0712022 0.0543245 0.0501152
0 0.346151 0.539827 0.017755 0.0226491 0.0498953
0 0.87706 0.581558 0.0727745 0.0715883 0.0495584
0 0.02233 0.478211 0.0345876 0.0312669 0.0489851
0 0.361831 0.549495 0.0144805 0.0143921 0.0486898
0 0.298489 0.536396 0.0205359 0.0226252 0.0483273
0 0.976589 0.568458 0.0251545 0.0408919 0.0479689
0 0.56448 0.557864 0.0179549 0.0228227 0.04784
0 0.232823 0.528498 0.0161553 0.0207982 0.0473234
0 0.488402 0.533503 0.0189547 0.0233209 0.0470591
0 0.415643 0.49056 0.0160954 0.0146946 0.0464806
0 0.380154 0.528868 0.0200814 0.0195377 0.0454255
0 0.507523 0.544099 0.0185053 0.0198287 0.0454229
0 0.363741 0.513332 0.0158308 0.0194878 0.0454099
0 0.13849 0.466036 0.0197834 0.0198875 0.0453424
0 0.907753 0.548587 0.0910646 0.10177 0.0452859
0 0.164479 0.509874 0.106843 0.0587905 0.0442916
0 0.03795 0.517832 0.073363 0.0636864 0.0438091
0 0.189543 0.508626 0.108047 0.0624391 0.0433283
0 0.336303 0.535789 0.021251 0.0221127 0.0430226
0 0.544525 0.550463 0.0149206 0.0218027 0.0429397
0 0.520862 0.546737 0.0197668 0.0266067 0.0427674
0 0.385489 0.50293 0.0471448 0.0400431 0.0426821
0 0.242605 0.527033 0.0279925 0.0236144 0.0426701
0 0.262239 0.523633 0.0227828 0.0237482 0.0424371
0 0.0191146 0.733374 0.0376172 0.103772 0.0422654
0 0.109974 0.478956 0.0684546 0.0321697 0.0418272
0 0.111987 0.520884 0.0171366 0.0168699 0.0417729
0 0.323772 0.529838 0.0313217 0.0332642 0.0413
0 0.940501 0.577708 0.0860521 0.0792083 0.0411093
0 0.933495 0.608082 0.136874 0.176614 0.0410938
0 0.467714 0.502347 0.0159246 0.0146539 0.0404421
0 0.242372 0.511381 0.0471785 0.0448057 0.0402579
0 0.266256 0.527302 0.0194366 0.0207555 0.0394914
0 0.474967 0.504286 0.0151724 0.0143088 0.0392537
0 0.565829 0.540644 0.0161669 0.0255702 0.0391769
0 0.127434 0.486273 0.0390553 0.0261344 0.0390124
0 0.60887 0.545441 0.0233556 0.0254785 0.0388937
0 0.586596 0.552116 0.0466922 0.038551 0.0385869
0 0.00782537 0.485245 0.0129892 0.0284692 0.0383199
0 0.0536598 0.627686 0.11165 0.268509 0.038249
0 0.452654 0.51628 0.0125631 0.0179088 0.0380077
0 0.539572 0.549924 0.019103 0.0255734 0.0378902
0 0.121631 0.46979 0.0476652 0.0271648 0.037611
0 0.0159035 0.716774 0.0320536 0.0813183 0.0374949
0 0.914379 0.733462 0.1438 0.170035 0.0373173
0 0.0412653 0.488583 0.0219928 0.0178763 0.0372677
0 0.404524 0.55555 0.0206216 0.022511 0.0365698
0 0.346529 0.547111 0.0179797 0.017131 0.0357435
0 0.114398 0.533407 0.0176733 0.0176543 0.0357307
0 0.712755 0.571125 0.026897 0.0255682 0.035572
0 0.0308705 0.540767 0.0682135 0.107516 0.035485
0 0.982835 0.548501 0.0376986 0.131981 0.0351568
0 0.970861 0.515372 0.0543993 0.120967 0.0351269
0 0.233675 0.507961 0.0345331 0.034042 0.0350419
0 0.130845 0.473811 0.0304883 0.0215706 0.0345604
0 0.288815 0.531964 0.0220946 0.0203522 0.0340795
0 0.960966 0.586143 0.0544415 0.0629523 0.0340144
0 0.918465 0.572452 0.0220478 0.0289115 0.0340048
0 0.910325 0.562037 0.034828 0.0403499 0.0335765
0 0.142734 0.498309 0.127 0.0809119 0.0334587
0 0.0660943 0.473731 0.0465928 0.0355147 0.0332668
0 0.887673 0.54969 0.0703688 0.0944858 0.0332507
0 0.930924 0.533514 0.0209305 0.0313258 0.033248
0 0.969733 0.580147 0.0290318 0.0558849 0.0329279
0 0.845219 0.537788 0.0456528 0.0850788 0.0326706
0 0.217752 0.479351 0.0189273 0.0195621 0.0326264
0 0.46778 0.486708 0.0192801 0.0195705 0.0319471
0 0.253243 0.527184 0.023055 0.0254626 0.031612
0 0.139869 0.461798 0.0166467 0.0177241 0.031458
0 0.702024 0.540275 0.0443459 0.0454205 0.0313711
0 0.36411 0.477399 0.0158827 0.0155724 0.0312008
0 0.465364 0.508656 0.0143121 0.0157416 0.0311049
0 0.496857 0.557731 0.0123528 0.0188971 0.0307067
0 0.626881 0.575489 0.0312055 0.0412292 0.0306168
0 0.235889 0.531841 0.0187951 0.0238945 0.0300717
0 0.106392 0.460567 0.0407511 0.0348127 0.0300434
0 0.0187337 0.790673 0.0384302 0.235008 0.0298878
0 0.0653653 0.678129 0.125733 0.181445 0.0298171
0 0.03233 0.733412 0.0623456 0.103037 0.0296469
0 0.274674 0.50575 0.0377339 0.0424221 0.029528
0 0.939335 0.552289 0.0470636 0.0577319 0.0295014
0 0.45097 0.55348 0.0101384 0.0166796 0.0290796
0 0.585221 0.510099 0.0515947 0.0756756 0.0288981
0 0.0753383 0.470488 0.0529058 0.0453679 0.0286369
0 0.0874529 0.462564 0.0405709 0.035869 0.0285202
0 0.492621 0.5057 0.0137486 0.0144806 0.028214
0 0.606746 0.552575 0.0195253 0.0244276 0.0281437
0 0.269319 0.484033 0.151925 0.141385 0.0279738
0 0.785284 0.572339 0.0211773 0.0240389 0.0278553
0 0.598593 0.536019 0.0366559 0.0449713 0.0277031
0 0.151632 0.469144 0.209564 0.157902 0.0276886
0 0.595762 0.519066 0.0491149 0.0723739 0.0273221
0 0.451867 0.483193 0.0143877 0.0217632 0.0272788
0 0.991871 0.617888 0.0172096 0.106373 0.0270806
0 0.789793 0.586149 0.0515363 0.0527258 0.0270028
0 0.622814 0.536325 0.0192599 0.0306929 0.0268083
0 0.361315 0.474549 0.0340526 0.0425895 0.0267116
0 0.476097 0.5581 0.0114313 0.016394 0.0263896
0 0.929291 0.576168 0.0424431 0.0402451 0.0263686
0 0.462311 0.554284 0.0098629 0.0144355 0.026336
