0 0.17801 0.583074 0.109843 0.109155 0.911966
0 0.253078 0.560497 0.0812698 0.0967312 0.909885
0 0.07484 0.61152 0.149524 0.160846 0.897218
0 0.342242 0.532525 0.0549067 0.0877553 0.893323
0 0.609467 0.647608 0.379557 0.523994 0.887836
0 0.39289 0.538708 0.0252528 0.0308899 0.852574
0 0.405005 0.527177 0.0201612 0.0284861 0.839987
0 0.432813 0.506782 0.0110114 0.0179152 0.625871
0 0.452647 0.502793 0.0144189 0.018954 0.609119
0 0.420146 0.518746 0.0123272 0.0219048 0.593954
0 0.415222 0.522773 0.0133137 0.0239766 0.524017
0 0.42322 0.516457 0.0106273 0.0197349 0.447963
0 0.435735 0.503729 0.0103712 0.0163612 0.404163
0 0.299142 0.542603 0.0357293 0.0449644 0.386433
0 0.429069 0.508948 0.0105532 0.0188076 0.351552
0 0.427772 0.51232 0.0106688 0.0181613 0.330696
0 0.425248 0.513576 0.0107236 0.018906 0.325031
0 0.450493 0.517128 0.0175323 0.0282296 0.302813
0 0.431628 0.511007 0.00993576 0.0167555 0.294554
0 0.440706 0.503592 0.0114114 0.0166794 0.254569
