0 0.436731 0.516763 0.0168515 0.0223831 0.694804
0 0.407483 0.523127 0.0229623 0.0300626 0.651842
0 0.468376 0.513783 0.0137147 0.018818 0.573554
0 0.516599 0.507571 0.0103936 0.0156248 0.483844
0 0.455167 0.508662 0.0105066 0.015226 0.318228
0 0.479766 0.507828 0.0105001 0.0157466 0.287099
0 0.528813 0.506362 0.0128582 0.0164285 0.262819
0 0.457703 0.508259 0.0109365 0.0142849 0.236167
0 0.51546 0.509769 0.00901928 0.0128608 0.229766
0 0.539108 0.509005 0.0115403 0.0165059 0.227396
0 0.522783 0.505263 0.0125661 0.0175266 0.214723
0 0.471131 0.510959 0.0134345 0.0188694 0.207532
0 0.477869 0.511026 0.0109483 0.0155446 0.204557
0 0.519137 0.505697 0.0118464 0.0154425 0.182938
0 0.473921 0.511551 0.0115155 0.0155468 0.182892
0 0.524298 0.507186 0.00989323 0.0132406 0.181881
0 0.534349 0.506805 0.0104772 0.0141519 0.178232
0 0.52281 0.508996 0.0117208 0.0154417 0.169339
0 0.464279 0.509812 0.012537 0.0161077 0.166532
0 0.541274 0.509276 0.0138157 0.020471 0.166359
0 0.40703 0.527176 0.0195726 0.0207755 0.166024
0 0.468737 0.510211 0.0118322 0.0150179 0.160982
0 0.482246 0.507252 0.0113177 0.0152695 0.155402
0 0.507536 0.507268 0.0120428 0.0146975 0.149156
0 0.529556 0.509801 0.0111222 0.0160147 0.142989
0 0.464474 0.517492 0.011309 0.0148524 0.135119
0 0.484721 0.508221 0.00932646 0.0142283 0.134314
0 0.403429 0.524148 0.0141991 0.0190136 0.129642
0 0.43862 0.518086 0.0132173 0.0164985 0.128827
0 0.533886 0.509334 0.0137194 0.0196946 0.128117
0 0.484311 0.504689 0.0103589 0.0130751 0.117301
0 0.407346 0.51855 0.0179354 0.0200802 0.105607
0 0.411146 0.523525 0.0178655 0.0208307 0.0988234
0 0.543587 0.512244 0.01846 0.023685 0.0986585
0 0.43253 0.523285 0.0225819 0.0272518 0.0878248
0 0.447438 0.518487 0.014498 0.0175714 0.0836678
0 0.52835 0.49393 0.0171797 0.0282878 0.0832512
0 0.5625 0.448755 0 0.0273292 0.0819297
0 0.435434 0.521445 0.0170466 0.0188249 0.0815511
0 0.418628 0.522475 0.0128249 0.0199698 0.0753821
0 0.455061 0.499851 0.0125686 0.0169438 0.0738459
0 0.47566 0.508535 0.0127105 0.0145942 0.0723277
0 0.53685 0.51289 0.0144681 0.0194558 0.0682198
0 0.4058 0.521726 0.0139631 0.0170388 0.0675491
0 0.5625 0.444794 0 0.0344255 0.0671417
0 0.5625 0.601827 0 0.181813 0.0628321
0 0.468561 0.517024 0.0114852 0.0160734 0.0624159
0 0.5625 0.381326 0 0.0994681 0.0603365
0 0.53314 0.526028 0.0174597 0.0277774 0.0593969
0 0.5625 0.448225 0 0.039741 0.0593828
0 0.518217 0.498328 0.0114078 0.0145821 0.0568855
0 0.525614 0.497482 0.0108814 0.0147551 0.0554412
0 0.529238 0.497958 0.0115273 0.0176017 0.0537811
0 0.458195 0.4986 0.0107634 0.0136277 0.0531224
0 0.483759 0.499001 0.0123311 0.0146584 0.0522665
0 0.854759 0.449436 0.0634842 0.0525577 0.0518972
0 0.827636 0.447906 0.0317867 0.033921 0.0516643
0 0.749354 0.429735 0.072289 0.192156 0.0513596
0 0.864334 0.451711 0.0874359 0.0696333 0.0486747
0 0.463035 0.50628 0.0122127 0.0149431 0.0483105
0 0.831726 0.441905 0.0432312 0.0527075 0.0471426
0 0.494847 0.499013 0.0117168 0.0134963 0.0465041
0 0.471167 0.515103 0.0107904 0.0157978 0.0456557
0 0.403088 0.528582 0.0133753 0.0190275 0.0445619
0 0.456389 0.557003 0.0265636 0.0482658 0.0437358
0 0.837093 0.465641 0.0427986 0.0546822 0.0431609
0 0.405974 0.511759 0.0144001 0.0196421 0.0430972
0 0.552322 0.510996 0.0345248 0.0394483 0.0418783
0 0.819006 0.443159 0.057506 0.0612956 0.0417866
0 0.518543 0.51378 0.0115296 0.0163834 0.0417726
0 0.95511 0.593042 0.0868908 0.247628 0.0387126
0 0.8372 0.471551 0.060849 0.079923 0.0373175
0 0.449094 0.498717 0.010579 0.0149325 0.0366502
0 0.906619 0.558167 0.0371468 0.050502 0.0362341
0 0.909581 0.61703 0.0424505 0.0648474 0.0358003
0 0.857208 0.472486 0.0851889 0.0871323 0.0354048
0 0.81589 0.457447 0.0597759 0.0669448 0.0354032
0 0.94224 0.560313 0.122484 0.3142 0.0353796
0 0.977378 0.632208 0.0449507 0.193624 0.0345591
0 0.905634 0.457733 0.1603 0.154307 0.0336993
0 0.913764 0.50795 0.157732 0.204466 0.0336751
0 0.821362 0.339505 0.0604938 0.0445614 0.0330162
0 0.545666 0.525228 0.0203896 0.028215 0.0322677
0 0.946194 0.638943 0.105268 0.152562 0.0321839
0 0.887714 0.485818 0.126114 0.120421 0.0314795
0 0.879809 0.465368 0.0925976 0.0711512 0.0308711
0 0.978393 0.512275 0.0442905 0.113186 0.0308291
0 0.907539 0.572793 0.0458332 0.0861062 0.029998
0 0.568955 0.515617 0.0571791 0.0559735 0.0299555
0 0.400762 0.531635 0.0214995 0.0258409 0.0298994
0 0.541117 0.485716 0.0172943 0.0360909 0.0296738
0 0.816261 0.47668 0.0641275 0.0833159 0.0296507
0 0.402712 0.523837 0.0206088 0.0256584 0.0294343
0 0.498512 0.510182 0.0104248 0.0146281 0.02915
0 0.982743 0.664508 0.0335558 0.168141 0.0286145
0 0.908031 0.609389 0.0446812 0.104628 0.0282308
0 0.433876 0.490522 0.0145533 0.0192407 0.0281481
0 0.717494 0.58404 0.0524634 0.0446135 0.0280186
0 0.977262 0.47422 0.0464874 0.103046 0.0277623
0 0.85831 0.510417 0.0929976 0.0983149 0.0276194
0 0.83647 0.507839 0.0836025 0.0921358 0.0275395
0 0.977873 0.552964 0.0451742 0.139526 0.0274439
0 0.539815 0.441482 0.0234606 0.0585424 0.0268757
0 0.850699 0.430452 0.0774302 0.0862104 0.0268334
0 0.969828 0.65584 0.0581493 0.142153 0.0267099
0 0.910601 0.415077 0.155936 0.163524 0.0266436
0 0.983235 0.493573 0.034551 0.0938069 0.0266198
0 0.968127 0.493235 0.0622364 0.103314 0.0264204
0 0.983708 0.532525 0.0337973 0.112971 0.0261386
0 0.523517 0.510615 0.00866852 0.0132823 0.0261229
0 0.562585 0.523682 0.0328267 0.0440922 0.0259278
0 0.936283 0.559777 0.122391 0.135824 0.0257987
0 0.882869 0.48337 0.083073 0.0671516 0.0255118
0 0.972132 0.507387 0.0540436 0.187881 0.0252718
0 0.905084 0.546238 0.0414528 0.0531896 0.0249043
0 0.883347 0.436804 0.0964945 0.0757025 0.0248975
0 0.532914 0.45285 0.0203833 0.0388672 0.0246734
0 0.968147 0.533963 0.0626627 0.124388 0.0245769
0 0.709101 0.576673 0.0478494 0.0492972 0.0242831
0 0.899287 0.451073 0.092264 0.0720314 0.0241529
0 0.947882 0.462811 0.0973488 0.171814 0.0237401
0 0.876102 0.512363 0.095434 0.0793683 0.0236078
0 0.508021 0.549003 0.0300129 0.0554381 0.0230506
0 0.948298 0.489168 0.088496 0.076183 0.0229872
0 0.946242 0.510745 0.094516 0.0822824 0.0227281
0 0.572395 0.502205 0.0352096 0.0392184 0.0227214
0 0.957018 0.473615 0.0799185 0.0939518 0.0227188
0 0.989068 0.676776 0.0226503 0.12751 0.0223666
0 0.829785 0.371626 0.0765654 0.0795569 0.0223059
0 0.9225 0.621548 0.0673342 0.0984015 0.0222038
0 0.705667 0.562515 0.0491639 0.0548051 0.0221504
0 0.36705 0.518161 0.0516357 0.0469287 0.022032
0 0.664588 0.539088 0.122843 0.136692 0.0220304
0 0.815513 0.418659 0.0594118 0.085598 0.0220084
0 0.966225 0.453804 0.065946 0.102744 0.0219011
0 0.963867 0.579963 0.070225 0.167948 0.0215808
0 0.751739 0.485366 0.0501 0.0685083 0.0214456
0 0.414797 0.434585 0.03981 0.0533758 0.0213304
0 0.726932 0.585124 0.0542672 0.0532121 0.0212535
0 0.0601305 0.854517 0.106391 0.189497 0.0212022
0 0.52363 0.462355 0.0123848 0.0195197 0.0211134
0 0.429359 0.443432 0.0330416 0.0455662 0.0211101
0 0.963401 0.661872 0.074013 0.224831 0.0210884
0 0.636608 0.524752 0.09744 0.0886376 0.0209442
0 0.984631 0.571837 0.0319038 0.129056 0.0208015
0 0.932382 0.469881 0.0861904 0.0664595 0.0207216
0 0.978617 -0.014211 0.0413111 0.0404872 0.0206453
0 0.885291 0.45056 0.117144 0.0949645 0.0206098
0 0.900425 0.523934 0.0643177 0.0741133 0.020577
0 0.946276 0.451624 0.0897905 0.0790957 0.0205371
0 0.68572 0.556066 0.0705182 0.0728116 0.0204967
0 0.982257 0.453262 0.0364998 0.091745 0.0204349
0 0.60775 0.523536 0.0637191 0.0686768 0.0203641
0 0.718707 0.574426 0.067519 0.0640392 0.0203208
0 0.401461 0.550305 0.0319803 0.0431444 0.0203129
0 0.351152 0.370675 0.021738 0.0291502 0.0201952
0 0.405562 0.425291 0.0388137 0.0545803 0.0200279
0 0.917525 0.524827 0.0841352 0.0878337 0.0199851
0 0.263782 0.279263 0.026144 0.0418146 0.0199774
0 0.972565 0.453326 0.0528839 0.15037 0.0199235
0 0.868014 0.541097 0.111529 0.119204 0.019905
0 0.702755 0.609509 0.0555848 0.0717963 0.0198637
0 0.943374 0.683235 0.0998091 0.168715 0.0197319
0 0.567222 0.454236 0.0468624 0.0763187 0.0196947
0 0.901815 0.432044 0.0881882 0.071877 0.0195612
0 0.928027 0.64423 0.0785397 0.0933619 0.0193774
0 0.919157 0.486458 0.0826948 0.0627138 0.0193016
0 0.472365 0.451977 0.0170543 0.0227065 0.0192493
0 0.801681 0.349556 0.0338823 0.0379541 0.0191828
0 0.974414 0.694551 0.0500275 0.15154 0.0191757
0 0.674229 0.561804 0.0500129 0.0571127 0.0191296
0 0.635887 0.533435 0.112162 0.129825 0.0191133
0 0.867151 0.542409 0.089241 0.0869332 0.0190237
0 0.891631 0.41128 0.124309 0.122541 0.0190226
0 0.983647 0.72118 0.034173 0.196398 0.0190196
0 0.976166 0.43102 0.0483192 0.100469 0.0189813
0 0.460436 0.459238 0.0170292 0.0246254 0.0188204
0 0.699943 0.521851 0.0449893 0.0585124 0.0187112
0 0.801267 0.339501 0.0322084 0.0338024 0.0186406
0 0.447178 0.45973 0.0193851 0.0292567 0.0185921
0 0.509153 0.460967 0.012392 0.0179348 0.0185213
0 0.546588 0.468581 0.0188873 0.0304118 0.0184437
0 0.562375 0.349743 0.0252818 0.044494 0.0183186
0 0.411857 0.471345 0.0320913 0.0499735 0.0182908
0 0.674364 0.526342 0.0764844 0.0809927 0.0182093
0 0.96846 0.729936 0.0617561 0.156392 0.0181222
0 0.794295 0.358502 0.0572522 0.0673617 0.0181204
0 0.669935 0.549571 0.0876038 0.0880888 0.0181092
0 0.84132 0.391907 0.151821 0.186857 0.0180832
0 0.947837 0.411012 0.0948643 0.160203 0.0180296
0 0.796488 0.466044 0.102512 0.134271 0.0180021
0 0.395936 0.422752 0.0299812 0.0475071 0.0178095
0 0.777046 0.423741 0.102494 0.185488 0.0177943
0 0.636022 0.469037 0.117635 0.157262 0.0177473
0 0.667927 0.550838 0.0560898 0.0672989 0.0176874
0 0.485192 0.450331 0.0175318 0.023155 0.0176861
0 0.990547 0.718698 0.020533 0.144002 0.0176291
0 0.641059 0.499353 0.105828 0.105284 0.0174892
0 0.864188 0.470537 0.103591 0.158546 0.0174401
0 0.945445 0.429931 0.0878561 0.0767187 0.0174245
0 0.956016 0.737703 0.079043 0.124523 0.0173956
0 0.816534 0.499489 0.0610199 0.065142 0.0173946
0 0.616548 0.544803 0.0733144 0.0888223 0.0173869
0 0.753879 0.517744 0.0577832 0.0721132 0.017348
0 0.0581699 0.495628 0.103488 0.13231 0.0173187
0 0.947362 0.671798 0.0905754 0.108394 0.0172769
0 0.0140243 0.525946 0.0300401 0.0961717 0.0172432
0 0.799283 0.370702 0.0300928 0.0490292 0.0172224
0 0.592671 0.511285 0.0525874 0.0606077 0.0171887
0 0.633062 0.705689 0.0442487 0.0651404 0.0170375
0 0.957389 0.700961 0.0774054 0.140891 0.0170327
0 0.911803 0.421041 0.179289 0.449598 0.0169475
0 0.970938 0.0629472 0.055954 0.11099 0.0168977
0 0.499741 0.455007 0.0154629 0.0204283 0.0167745
0 0.0133195 0.489852 0.0294854 0.0958261 0.0167156
0 0.399596 0.458714 0.0301497 0.0511708 0.0166446
0 0.969068 0.0367269 0.0602936 0.115651 0.0166378
0 0.757906 0.559043 0.0663312 0.0623461 0.0166145
0 0.758486 0.752596 0.05771 0.090173 0.0165835
0 0.0458555 0.888649 0.0845365 0.179294 0.0165605
0 0.720651 0.603194 0.0768219 0.0815027 0.0165187
0 0.916841 0.17949 0.168016 0.311367 0.0163692
0 0.383028 0.50745 0.0466517 0.0499633 0.0163409
0 0.555675 0.429443 0.0301002 0.0638897 0.0163293
0 0.566939 0.422841 0.0373194 0.0667615 0.0162624
0 0.0432751 0.524614 0.081439 0.130432 0.0161952
0 0.874782 0.414119 0.0818689 0.0736906 0.0160802
0 0.978232 0.750272 0.04431 0.171243 0.016062
0 0.0537181 0.454654 0.0919019 0.141966 0.0160413
0 0.844907 0.537457 0.0991692 0.0969084 0.0160372
0 0.845826 0.376879 0.0795216 0.0745274 0.0160298
0 0.014163 0.560252 0.0290336 0.0948999 0.0160128
0 0.0805307 0.890131 0.118172 0.169717 0.0159999
0 0.0140373 0.445228 0.0315363 0.105998 0.0159074
0 0.942091 0.748947 0.106155 0.194673 0.0158632
0 0.851301 0.33598 0.0474686 0.0399079 0.015816
0 0.182491 0.499107 0.0601011 0.0678919 0.0157409
0 0.913014 0.363178 0.134164 0.149416 0.0157391
0 0.827608 0.371506 0.0497818 0.0533075 0.0157223
0 0.412675 0.534512 0.0153502 0.0243279 0.0157028
0 0.918754 0.64038 0.0600784 0.0709696 0.0156827
0 0.84083 0.536865 0.128992 0.173276 0.015599
0 0.888468 0.584624 0.0986492 0.134037 0.0155517
0 0.972954 0.401925 0.0518225 0.13804 0.0155173
0 0.370242 0.726899 0.129016 0.196718 0.0154831
0 0.0792739 0.520856 0.136535 0.12796 0.0154676
0 0.709277 0.714792 0.0715224 0.0909027 0.0154369
0 0.0150945 0.397909 0.0325973 0.101096 0.0154063
0 0.541951 0.402131 0.0199236 0.0377714 0.0152311
0 0.56008 0.341723 0.0373631 0.0564589 0.0152224
0 0.724443 0.560376 0.0649816 0.0629142 0.0150429
0 0.613451 0.502953 0.0693038 0.0868833 0.0150297
0 0.918075 0.623706 0.102523 0.139672 0.0150243
0 0.393082 0.396931 0.0259994 0.0356423 0.014997
0 0.654417 0.531043 0.0856396 0.0727113 0.0149886
0 0.734515 0.747535 0.0563153 0.0842902 0.0149169
0 0.351678 0.381752 0.0275966 0.0478334 0.0148808
0 0.403878 0.551264 0.0224899 0.0363018 0.0148512
0 0.877614 0.401094 0.182435 0.268966 0.0148351
0 0.354466 0.509729 0.034891 0.0316545 0.0148296
0 0.752746 0.464375 0.0489127 0.0803435 0.0148279
0 0.75005 0.589575 0.0925939 0.0669647 0.0146404
0 0.661258 0.126693 0.0711226 0.0999368 0.0145945
0 0.968795 0.15587 0.0586605 0.152725 0.0145933
0 0.837659 0.171622 0.201866 0.282851 0.0145714
0 0.0144409 0.73436 0.0298728 0.094311 0.0145378
0 0.82158 0.550952 0.0915182 0.0847588 0.014518
0 0.87591 0.581353 0.093004 0.102134 0.0145165
0 0.976855 0.406232 0.0460443 0.0924715 0.0145104
0 0.0119641 0.594817 0.0259291 0.0910624 0.0145002
0 0.98817 0.868416 0.0238295 0.121127 0.0144872
0 0.0165599 0.350185 0.0347292 0.105536 0.0144788
0 0.717563 0.464443 0.070332 0.116704 0.0144469
0 0.959123 0.876225 0.0739557 0.167923 0.0143957
0 0.556731 0.527681 0.0279513 0.0375476 0.0143927
0 0.847767 0.348185 0.0663984 0.0564449 0.0143604
0 0.890837 0.408816 0.0742491 0.0673019 0.0143593
0 0.663901 0.454034 0.144549 0.199236 0.0143502
0 0.659135 0.262739 0.157957 0.227234 0.0143471
0 0.430522 0.694702 0.0713777 0.105597 0.0142628
0 0.977776 0.878306 0.0432472 0.177275 0.0142477
0 0.919123 0.0708869 0.107555 0.126848 0.0142449
0 0.109453 0.495909 0.147299 0.113603 0.0142367
0 0.610612 0.466078 0.0452924 0.0758067 0.0141225
0 0.857387 0.411416 0.0727062 0.0830232 0.0141216
0 0.562856 0.361558 0.0270198 0.0579182 0.0141159
0 0.788691 0.557382 0.071639 0.0627764 0.0140884
0 0.0291703 0.516415 0.054544 0.0798988 0.0140719
0 0.950073 0.354676 0.0874556 0.145858 0.014046
0 0.642211 0.587306 0.0970677 0.116647 0.0140345
0 0.563793 0.270583 0.130667 0.226948 0.0139752
0 0.355092 0.403888 0.0337699 0.0640005 0.0139407
0 0.63611 0.127056 0.0706582 0.100558 0.0139077
0 0.683762 0.74693 0.0387821 0.0548993 0.0139007
0 0.696638 0.590231 0.064927 0.0805988 0.0138855
0 0.0515997 0.552705 0.0913538 0.125983 0.0138801
0 0.418721 0.533866 0.0171885 0.0253448 0.0138731
0 0.808951 -0.00989927 0.080939 0.0469429 0.0138622
0 0.834663 -0.0102483 0.0813455 0.0462182 0.013862
0 0.611974 0.575571 0.0540964 0.0752267 0.0138178
