0 0.428749 0.412638 0.0325058 0.0390968 0.686992
0 0.342694 0.386626 0.0154088 0.0212829 0.268865
0 0.352435 0.388046 0.0334352 0.0306095 0.245845
0 0.36321 0.385611 0.0166568 0.0190581 0.131487
0 0.343037 0.390818 0.0131983 0.0171543 0.124316
0 0.345268 0.387179 0.0116568 0.0159364 0.123585
0 0.389935 0.408156 0.0487059 0.0569974 0.123224
0 0.435683 0.413677 0.0169483 0.0256282 0.113301
0 0.44137 0.413839 0.0533487 0.0478241 0.11153
0 0.422671 0.41315 0.0194191 0.0262151 0.109346
0 0.362174 0.391607 0.0157181 0.0208157 0.101543
0 0.375415 0.389914 0.0314951 0.0347644 0.0971062
0 0.453782 0.415725 0.0604392 0.0560017 0.0944344
0 0.497789 0.418296 0.0503045 0.0580801 0.0927127
0 0.364854 0.396804 0.02599 0.0355308 0.0909137
0 0.429068 0.414682 0.0249983 0.0269552 0.081241
0 0.358566 0.389672 0.0138073 0.0183406 0.0798548
0 0.432365 0.41348 0.015605 0.0223098 0.0704285
0 0.418953 0.410345 0.0400655 0.0470984 0.0696319
0 0.346062 0.385645 0.0153134 0.0205875 0.066658
0 0.347915 0.388598 0.0188932 0.0280323 0.0665878
0 0.323178 0.381061 0.0385186 0.040885 0.0650582
0 0.354897 0.387547 0.0393153 0.0436829 0.0625376
0 0.5625 0.430469 0 0.0552505 0.062087
0 0.0710704 0.273184 0.095341 0.119196 0.061805
0 0.403901 0.396724 0.0365982 0.0442418 0.0617468
0 0.34972 0.381111 0.0242725 0.0371227 0.0594787
0 0.440364 0.417174 0.0197179 0.0274376 0.0592774
0 0.365545 0.393798 0.0196019 0.0232836 0.056417
0 0.321015 0.336141 0.0355333 0.0404014 0.0561651
0 0.337036 0.386881 0.0298668 0.0333006 0.0554912
0 0.50593 0.410174 0.0516469 0.0600601 0.0539507
0 0.383802 0.375698 0.0523507 0.0686736 0.0528976
0 0.0779557 0.245845 0.0770815 0.0605622 0.0513607
0 0.533044 0.419834 0.0356621 0.0462053 0.0496567
0 0.481649 0.421778 0.0574812 0.0636975 0.0492149
0 0.317425 0.36662 0.047516 0.0643049 0.0480408
0 0.5625 0.43728 0 0.0409117 0.0475589
0 0.060582 0.272429 0.120822 0.202233 0.0471004
0 0.520118 0.411476 0.0682041 0.0708137 0.0447561
0 0.536634 0.405253 0.0517322 0.0822267 0.0438072
0 0.540749 0.41957 0.0435015 0.0540916 0.0436585
0 0.5625 0.419812 0 0.0779094 0.0415538
0 0.309004 0.376817 0.0424305 0.0486725 0.0409081
0 0.0619879 0.350283 0.120513 0.314161 0.0408563
0 0.433765 0.424772 0.0180436 0.0282613 0.0397879
0 0.0832396 0.241873 0.0582829 0.0418269 0.0388764
0 0.554025 0.419955 0.0169504 0.0437427 0.0385291
0 0.0548677 0.664565 0.107654 0.201792 0.0378044
0 0.550272 0.403326 0.0244567 0.0687548 0.0374926
0 0.441705 0.414905 0.0254018 0.0357563 0.0364796
0 0.409144 0.415101 0.0175325 0.0260237 0.0363765
0 0.392534 0.379336 0.0391641 0.0448921 0.0351832
0 0.335184 0.372277 0.0385774 0.0537235 0.034846
0 0.0821759 0.294828 0.097225 0.162427 0.0345388
0 0.557955 0.423225 0.0616647 0.0465825 0.0342438
0 0.0507569 0.413196 0.0986072 0.365337 0.0330113
0 0.382289 0.402632 0.0270687 0.033803 0.0324646
0 0.406244 0.405652 0.0205379 0.027443 0.0323961
0 0.563292 0.434706 0.0571121 0.0416144 0.0320959
0 0.417862 0.395922 0.018173 0.0225984 0.0315959
0 0.0980877 0.334998 0.171197 0.242242 0.0314696
0 0.525038 0.398749 0.0820532 0.100805 0.0312725
0 0.382704 0.358845 0.0516293 0.0671007 0.0312276
0 0.368042 0.403826 0.0301603 0.0434365 0.0308129
0 0.746177 0.404693 0.0960496 0.115423 0.0289196
0 0.310617 0.388241 0.0436841 0.0443643 0.0287197
0 0.926447 0.471075 0.146096 0.206727 0.0281331
0 0.617459 0.427343 0.070888 0.054505 0.0277633
0 0.428051 0.401906 0.0292115 0.0445174 0.0274318
0 0.134751 0.313667 0.0670337 0.12937 0.0273103
0 0.426257 0.404282 0.0211241 0.0260484 0.0272583
0 0.587315 0.425398 0.0726381 0.0476931 0.0271517
0 0.131943 0.521265 0.0320438 0.0397814 0.0269305
0 0.65395 0.427073 0.0658084 0.0574763 0.0267964
0 0.093052 0.262723 0.0785289 0.0844756 0.0265928
0 0.114388 0.455401 0.21353 0.431224 0.0263914
0 0.319665 0.328226 0.0290492 0.0346288 0.0262136
0 0.469661 0.42797 0.0231444 0.0290254 0.0260614
0 0.416266 0.425267 0.0185898 0.0312164 0.0259702
0 0.300999 0.429148 0.0717303 0.104917 0.025629
0 0.718514 0.432198 0.0418735 0.0455805 0.0252843
0 0.777838 0.368075 0.0410246 0.0440212 0.0252612
0 0.475777 0.386259 0.0459278 0.0646431 0.0250303
0 0.99255 0.647047 0.0138939 0.0975819 0.0248666
0 0.0942095 0.268512 0.144777 0.17903 0.0245928
0 0.512875 0.400795 0.0517924 0.0791244 0.0245892
0 0.720401 0.425846 0.0568147 0.0572064 0.0245355
0 0.637007 0.428151 0.0706733 0.0542948 0.024142
0 0.137467 0.283303 0.0684413 0.0991525 0.0239421
0 0.923333 0.40117 0.147313 0.169023 0.0238453
0 0.325241 0.405027 0.0400836 0.0509471 0.0238056
0 0.534975 0.372686 0.0969395 0.128529 0.0237752
0 0.776749 0.412932 0.0909519 0.0987295 0.0237685
0 0.732609 0.423001 0.0653625 0.0696364 0.0237654
0 0.801956 0.365114 0.0800664 0.0725711 0.0237212
0 0.992301 0.679181 0.015271 0.138474 0.0234941
0 0.317028 0.660546 0.0810325 0.122481 0.0234219
0 0.763506 0.391422 0.104576 0.107909 0.0231986
0 0.128242 0.322514 0.109458 0.153164 0.0231139
0 0.303008 0.399563 0.0765049 0.0931524 0.023078
0 0.072807 0.230465 0.0924036 0.0755871 0.0230738
0 0.0884592 0.658751 0.163711 0.191385 0.0230322
0 0.601016 0.419366 0.0929762 0.0661704 0.0230298
0 0.529071 0.445145 0.0188318 0.0268445 0.0229966
0 0.140081 0.344507 0.0830329 0.129634 0.0229491
0 0.791929 0.390358 0.118793 0.11108 0.0227875
0 0.699062 0.39618 0.128633 0.118667 0.0223556
0 0.0432748 0.480199 0.0815825 0.255738 0.0222777
0 0.717156 0.415121 0.0915756 0.0870393 0.0222766
0 0.991682 0.625916 0.0162409 0.117505 0.0222673
0 0.120433 0.288583 0.0912918 0.129316 0.0222532
0 0.984384 0.164358 0.0310827 0.077722 0.0217417
0 0.344632 0.62791 0.0753012 0.123613 0.021601
0 0.480718 0.365129 0.0286033 0.0457405 0.0215664
0 0.769637 0.3684 0.0553864 0.0592973 0.0215019
0 0.927407 0.519583 0.142265 0.194695 0.0214989
0 0.584317 0.394401 0.0928745 0.101584 0.0214576
0 0.0616994 0.584813 0.100212 0.170464 0.0214466
0 0.300353 0.361964 0.0502767 0.0579193 0.0214224
0 0.139395 0.262659 0.05874 0.0752085 0.0212542
0 0.430584 0.391561 0.0227319 0.030691 0.0212083
0 0.421234 0.369086 0.0603661 0.0916281 0.0211072
0 0.295709 0.426821 0.103458 0.121273 0.0210685
0 0.195514 0.345454 0.0670864 0.137164 0.020933
0 0.952602 0.498799 0.0921038 0.196623 0.020768
0 0.513903 0.34827 0.0282412 0.0488105 0.0207567
0 0.0725485 0.373765 0.0687459 0.0803742 0.0206705
0 0.649598 0.416626 0.0866397 0.0791056 0.0206698
0 0.289115 0.356147 0.129229 0.197784 0.0206485
0 0.606629 0.406229 0.0743259 0.0786226 0.020615
0 0.201469 0.302542 0.0475181 0.0510862 0.0206135
0 0.142521 0.347383 0.11889 0.193697 0.0206056
0 0.117916 0.263969 0.0836063 0.0914652 0.0205795
0 0.455609 0.667337 0.062045 0.0887049 0.0205586
0 0.75918 0.374658 0.0766289 0.082107 0.0205203
0 0.347365 0.399839 0.0236564 0.0372805 0.0204995
0 0.0514298 0.630479 0.078455 0.0967106 0.0204195
0 0.335392 0.662757 0.0641521 0.0954289 0.0202802
0 0.170536 0.338555 0.10348 0.143219 0.0202374
0 0.94724 0.437307 0.102206 0.147244 0.020204
0 0.199198 0.291147 0.0357137 0.0345684 0.0201959
0 0.0960335 0.383279 0.0310326 0.0551669 0.0201884
0 0.513871 0.336025 0.0244297 0.039859 0.0200946
0 0.50096 0.394093 0.0399819 0.0567499 0.0200092
0 0.329683 0.422797 0.0550254 0.0854374 0.0200055
0 0.67888 0.435958 0.115672 0.0772302 0.0199649
0 0.114507 0.317493 0.0441487 0.101394 0.0199507
0 0.317959 0.628554 0.0961275 0.146887 0.0199239
0 0.926139 0.18725 0.151258 0.283499 0.0198174
0 0.312169 0.397111 0.0368508 0.0443013 0.0196947
0 0.125343 0.321679 0.0532566 0.101782 0.0196763
0 0.68611 0.370937 0.120319 0.155003 0.0196586
0 0.973377 0.236803 0.0519526 0.2089 0.0196008
0 0.295141 0.369338 0.0669356 0.0971353 0.0195638
0 0.374027 0.405759 0.0143414 0.0247133 0.0195371
0 0.480419 0.429757 0.0211335 0.0307366 0.0193247
0 0.971351 0.578993 0.0547398 0.176255 0.0193032
0 0.973125 0.481792 0.0520168 0.172675 0.0192493
0 0.59896 0.43474 0.0812022 0.0476898 0.0192164
0 0.667224 0.406845 0.0902198 0.0993377 0.0191593
0 0.752972 0.169949 0.124224 0.148807 0.0191418
0 0.0416316 0.302518 0.0787401 0.166022 0.0191208
0 0.348516 0.416833 0.0245898 0.0354463 0.0190843
0 0.921037 0.352035 0.148048 0.206548 0.0189521
0 0.0516197 0.259608 0.0942449 0.140225 0.0188963
0 0.075289 0.350862 0.0764674 0.110144 0.0188209
0 0.109019 0.339615 0.032814 0.0622135 0.0187205
0 0.341448 0.338549 0.0443238 0.0625024 0.0187085
0 0.786509 0.432735 0.159756 0.155659 0.0185792
0 0.462022 0.658605 0.0535846 0.0553819 0.0185328
0 0.116717 0.29864 0.224267 0.448542 0.0184481
0 0.805992 0.127682 0.146715 0.177933 0.0184432
0 0.728453 0.375152 0.180632 0.163212 0.018413
0 0.974452 0.429911 0.0482214 0.115426 0.018403
0 0.064816 0.317588 0.105911 0.178435 0.0182177
0 0.26749 0.389827 0.0711007 0.1147 0.0182173
0 0.379834 0.414611 0.0182168 0.0276894 0.0181669
0 0.054285 0.713172 0.0984299 0.16797 0.0180955
0 0.202152 0.322762 0.0475189 0.0866655 0.0180346
0 0.043636 0.557191 0.0821419 0.241377 0.0179104
0 0.7408 0.375955 0.112582 0.118657 0.0178504
0 0.977985 0.17693 0.0418457 0.117996 0.0177803
0 0.160763 0.277085 0.0645502 0.0736018 0.0177786
0 0.175238 0.282866 0.0495835 0.0531303 0.0177589
0 0.649263 0.393494 0.119195 0.112973 0.0176964
0 0.776961 0.359881 0.0745755 0.0782013 0.0176424
0 0.428852 0.357459 0.0455169 0.0766207 0.0176322
0 0.0668703 0.23157 0.124568 0.169055 0.0176119
0 0.257159 0.3467 0.0604734 0.0928363 0.0175007
0 0.0939281 0.391425 0.118734 0.254836 0.0174908
0 0.804358 0.367687 0.126449 0.109762 0.017455
0 0.504736 0.447127 0.0371721 0.0500883 0.0174145
0 0.986124 0.658167 0.0263248 0.129014 0.0173538
0 0.184714 0.325654 0.080514 0.115342 0.0173365
0 0.0280443 0.460148 0.0517 0.217443 0.0172949
0 0.0897396 0.342394 0.0570732 0.0893766 0.0172695
0 0.978723 0.387033 0.0397793 0.107915 0.0172428
0 0.462739 0.379359 0.0417937 0.0689632 0.0171837
0 0.981916 0.582141 0.0368084 0.192424 0.0171081
0 0.947491 0.393103 0.0995262 0.145505 0.0170827
0 0.313111 0.439715 0.0686249 0.0954566 0.0170675
0 0.862999 0.332964 0.0481276 0.0780919 0.0170645
0 0.964515 0.459278 0.0689363 0.120184 0.0170478
0 0.445363 0.394135 0.0368725 0.062141 0.0170298
0 0.177138 0.298413 0.0637894 0.0702234 0.0169415
0 0.985084 0.620211 0.0288139 0.151747 0.0169124
0 0.974907 0.619422 0.0475178 0.148282 0.0169003
0 0.156031 0.302931 0.0740617 0.0943675 0.0168907
0 0.313304 0.329784 0.0232448 0.0306361 0.0168896
0 0.877362 0.469181 0.13725 0.153969 0.016883
0 0.188983 0.299644 0.059845 0.0588867 0.0168757
0 0.569152 0.237814 0.0270503 0.0457183 0.0168692
0 0.980645 0.51176 0.0406595 0.162339 0.016829
0 0.973264 0.531771 0.0517992 0.139238 0.0167999
0 0.52358 0.362183 0.0560843 0.0796234 0.0167821
0 0.989383 0.583054 0.0212326 0.157909 0.016782
0 0.825087 0.16654 0.249486 0.285218 0.0167357
0 0.189272 0.289456 0.0514534 0.0452606 0.0165794
0 0.759396 0.135456 0.146884 0.186322 0.0165602
0 0.084347 0.381204 0.0481646 0.0611428 0.016545
0 0.677569 0.286701 0.0550661 0.0770463 0.0164645
0 0.0173315 0.634115 0.0344684 0.139959 0.0164541
0 0.513678 0.440989 0.0201347 0.0293551 0.0164152
0 0.978914 0.4634 0.0427032 0.114297 0.0164096
0 0.539431 0.451438 0.027985 0.031624 0.0163572
0 0.708818 0.174503 0.0684768 0.112864 0.0163152
0 0.100819 0.369987 0.0402288 0.0797546 0.0162875
0 0.281259 0.369517 0.0284748 0.0407232 0.0162623
0 0.531561 0.457522 0.0301803 0.0420232 0.0162211
0 0.828618 0.440548 0.17864 0.176533 0.0161616
0 0.410732 0.199873 0.0403538 0.0513199 0.016154
0 0.129956 0.526586 0.0239256 0.0323594 0.0161326
0 0.924328 0.293691 0.154956 0.348816 0.0161166
0 0.561295 0.382796 0.0720477 0.112044 0.0161152
0 0.358126 0.628442 0.0636248 0.0917809 0.0158956
0 0.369248 0.335812 0.0487149 0.0763149 0.0157972
0 0.0603049 0.633172 0.0616105 0.0723935 0.01579
0 0.654231 0.362951 0.128263 0.154402 0.0157681
0 0.721722 0.430059 0.117457 0.107377 0.0157574
0 0.360082 0.399693 0.0171706 0.0278715 0.0157309
0 0.961133 0.428267 0.0685852 0.0819172 0.0157216
0 0.959317 0.82743 0.0815729 0.257912 0.0156113
0 0.19168 0.250592 0.0680528 0.0825133 0.0155978
0 0.72854 0.173245 0.0788341 0.110489 0.0155801
0 0.284062 0.357985 0.0321031 0.0474609 0.0155424
0 0.52694 0.509861 0.0195941 0.024351 0.0154921
0 0.386937 0.281374 0.0340512 0.0528374 0.0154417
0 0.66297 0.452427 0.0440767 0.0421068 0.0152477
0 0.810973 0.364344 0.179619 0.195508 0.0152112
0 0.250454 0.377848 0.0443405 0.0724085 0.0152013
0 0.951445 0.440032 0.0842869 0.0840144 0.0151935
0 0.955919 0.201631 0.087406 0.224988 0.0151381
0 0.84644 0.467582 0.113184 0.134449 0.0150912
0 0.49605 0.438753 0.0307895 0.0424074 0.0150909
0 0.0476795 0.372081 0.0454427 0.0661201 0.0150716
0 0.540439 0.174421 0.0388491 0.0523702 0.0150533
0 0.979053 -0.0142385 0.0403223 0.0414708 0.0150197
0 0.974375 0.838951 0.0480743 0.176254 0.0150101
0 0.0278232 0.662273 0.0507217 0.173712 0.0149866
0 0.953456 0.837612 0.083197 0.161843 0.01498
0 0.623894 0.398433 0.082616 0.101232 0.0149519
0 0.258583 0.418236 0.0622561 0.107681 0.0149081
0 0.356358 0.339264 0.0392846 0.0628103 0.0148816
0 0.480132 0.38731 0.0939517 0.117792 0.0148327
0 0.408167 0.198702 0.0286313 0.0430543 0.0148073
0 0.0134567 0.54641 0.0286692 0.120145 0.0148
0 0.52881 0.517085 0.0359316 0.0505073 0.0147889
0 0.988869 0.536785 0.0223536 0.118961 0.0147886
0 0.980004 0.145648 0.038891 0.0992357 0.0147662
0 0.790211 0.426279 0.0925405 0.0839812 0.0147432
0 0.0245479 0.369172 0.0449866 0.192097 0.0146845
0 0.482319 0.219127 0.0309539 0.0466368 0.0146698
0 0.93038 0.82552 0.138021 0.288477 0.014649
0 0.14409 0.398058 0.105198 0.20182 0.0146147
0 0.755771 0.355722 0.07094 0.0873607 0.0146036
0 0.120853 0.362963 0.0596664 0.098349 0.0145816
0 0.843815 0.534561 0.231424 0.248881 0.0145322
0 0.297704 0.408334 0.05432 0.0652297 0.0145314
0 0.044301 0.351564 0.0597407 0.105615 0.0145025
0 0.682878 0.301894 0.0450899 0.0552019 0.0144286
0 0.898681 0.44655 0.183954 0.236472 0.0143972
0 0.273746 0.277627 0.0347836 0.0490206 0.0143819
0 0.94796 0.33498 0.0998615 0.196318 0.0143655
0 0.973698 0.688116 0.0475428 0.140986 0.0143618
0 0.960505 0.551577 0.0693962 0.136561 0.0143363
0 0.986195 0.512981 0.0275789 0.136352 0.0143265
0 0.475673 0.660646 0.0543045 0.0861879 0.0142359
0 0.0325316 0.633856 0.0586673 0.116529 0.0142219
0 0.291234 0.445444 0.0713566 0.0897824 0.0141643
0 0.0635541 0.643168 0.041423 0.0394202 0.0140838
0 0.951207 0.277819 0.0928644 0.21279 0.0140572
0 0.967231 0.410494 0.0615377 0.0995318 0.0140364
0 0.203682 0.25973 0.0662986 0.07239 0.0140362
0 0.510437 0.514622 0.0404538 0.0591788 0.0140074
0 0.542839 0.173813 0.0273158 0.0439181 0.0139855
0 0.559457 0.466456 0.0396317 0.0481834 0.013935
0 0.985421 0.435216 0.0300203 0.0859553 0.0139276
0 0.974875 0.333758 0.0477962 0.156854 0.0139148
0 0.0881169 0.578736 0.0912047 0.102751 0.0138565
