0 0.359713 0.489694 0.0708345 0.0857655 0.905526
0 0.498746 0.514208 0.12313 0.194229 0.903369
0 0.18569 0.524416 0.259004 0.258153 0.9027
0 0.402767 0.467409 0.0510676 0.0949388 0.874279
0 0.5625 0.707283 0 0.38498 0.782334
0 0.43105 0.480774 0.0179982 0.0459507 0.638199
0 0.436505 0.467163 0.0268851 0.0608354 0.522152
0 0.442463 0.477838 0.0143723 0.0338835 0.354072
0 0.5625 0.486218 0 0.0364741 0.272636
0 0.309158 0.473739 0.0742733 0.0963142 0.249246
0 0.368015 0.445596 0.0212967 0.0172051 0.238807
0 0.439343 0.471431 0.0226151 0.0425218 0.19984
0 0.43561 0.446652 0.028691 0.0308512 0.19615
0 0.440007 0.47246 0.0101788 0.0253925 0.189056
0 0.5625 0.488643 0 0.0278825 0.17383
0 0.560753 0.49697 0.00349441 0.034383 0.165943
0 0.295594 0.461817 0.0470922 0.0708632 0.152853
0 0.437331 0.4751 0.0157183 0.0361266 0.150595
0 0.438444 0.481421 0.0126174 0.0307694 0.147128
0 0.433676 0.482742 0.0145294 0.0333009 0.141854
0 0.5625 0.487435 0 0.0233599 0.138577
0 0.429195 0.483075 0.0132751 0.035031 0.138337
0 0.323414 0.474869 0.0571178 0.0765555 0.134667
0 0.334278 0.478615 0.037363 0.0748539 0.130137
0 0.561296 0.50154 0.00240884 0.0259411 0.128841
0 0.433269 0.455905 0.0216603 0.0310182 0.123596
0 0.434036 0.467366 0.0166027 0.0358616 0.119508
0 0.443633 0.460611 0.0128928 0.0263383 0.10981
0 0.5625 0.489747 0 0.0248317 0.106644
0 0.336552 0.46702 0.0318789 0.050604 0.104455
0 0.442816 0.466192 0.0161975 0.0297455 0.100707
0 0.5625 0.494636 0 0.0309349 0.0991786
0 0.558248 0.48964 0.00850344 0.0519881 0.0978724
0 0.5625 0.490758 0 0.0338991 0.0974199
0 0.361972 0.454553 0.0151773 0.0210385 0.0930842
0 0.324412 0.48095 0.0345352 0.0835223 0.0924616
0 0.0323209 0.448565 0.0646417 0.2014 0.0916441
0 0.369814 0.449462 0.0166511 0.0194043 0.089961
0 0.44641 0.45881 0.0129791 0.0228931 0.0858997
0 0.437439 0.463749 0.0170858 0.0282573 0.0853078
0 0.5625 0.494382 0 0.0249006 0.0841787
0 0.365712 0.448601 0.0141268 0.021217 0.0836242
0 0.5625 0.493712 0 0.0265492 0.0831537
0 0.443415 0.464495 0.0205203 0.0433391 0.0828838
0 0.367241 0.453117 0.0138037 0.0199554 0.0827568
0 0.559843 0.494889 0.00531435 0.0290295 0.0821344
0 0.558385 0.489671 0.00822964 0.0340749 0.0788355
0 0.557683 0.494704 0.00963368 0.0307814 0.0786674
0 0.440764 0.447311 0.0179852 0.0227186 0.0783146
0 0.5625 0.489719 0 0.0213754 0.0772662
0 0.449627 0.452686 0.0131453 0.0253017 0.0761925
0 0.594456 0.49281 0.0182518 0.0245834 0.0748862
0 0.576539 0.477461 0.0365257 0.0554551 0.0700292
0 0.598647 0.492754 0.0240987 0.028808 0.0661951
0 0.694354 0.532415 0.0536946 0.0752536 0.0660726
0 0.437788 0.457534 0.0147404 0.0254329 0.0659607
0 0.759628 0.107764 0.0440063 0.0705305 0.0637037
0 0.451668 0.441818 0.0130664 0.0180198 0.06305
0 0.633989 0.486849 0.015821 0.0236846 0.0624625
0 0.366782 0.44163 0.0232904 0.0195407 0.0611776
0 0.479749 0.501202 0.063133 0.127322 0.0605829
0 0.143253 0.388982 0.0183036 0.0212925 0.0595668
0 0.0627478 0.447228 0.125366 0.206759 0.0592626
0 0.574394 0.488091 0.0158521 0.0262002 0.0591518
0 0.607652 0.492118 0.023045 0.0313652 0.0578011
0 0.982963 0.519916 0.0343718 0.134075 0.0567528
0 0.295577 0.445657 0.047143 0.0431246 0.0542282
0 0.641304 0.496857 0.0230836 0.0285942 0.0539836
0 0.31489 0.433855 0.0921649 0.137473 0.0539081
0 0.599653 0.488458 0.0171172 0.02728 0.0538325
0 0.382488 0.436942 0.020822 0.0301898 0.0502098
0 0.559119 0.486473 0.0164953 0.0440592 0.0499299
0 0.368094 0.422217 0.0258387 0.0470359 0.0497969
0 0.773985 0.104043 0.0741743 0.100594 0.0488985
0 0.145453 0.393547 0.0250269 0.0259686 0.0485888
0 0.415295 0.484074 0.0140835 0.0284763 0.0478126
0 0.982995 0.568729 0.036404 0.204971 0.0465208
0 0.579071 0.495152 0.0149424 0.0201892 0.0461512
0 0.637396 0.505822 0.0281822 0.0389592 0.0456902
0 0.536439 0.427438 0.0546611 0.077407 0.0445093
0 0.43952 0.484367 0.0174867 0.046332 0.0441795
0 0.0313194 0.415301 0.0617242 0.127042 0.044092
0 0.652398 0.521439 0.0235085 0.0385966 0.0440754
0 0.156811 0.395743 0.0386605 0.0257888 0.0437479
0 0.68547 0.530674 0.0352452 0.067324 0.0434536
0 0.078661 0.528156 0.0584959 0.172684 0.0428914
0 0.441086 0.497198 0.0108541 0.0284197 0.0422324
0 0.644642 0.506745 0.0191951 0.0313557 0.0403961
0 0.583887 0.454785 0.0526831 0.103593 0.0403914
0 0.5394 0.448553 0.0507936 0.13007 0.0390439
0 0.634043 0.497752 0.0171604 0.0253558 0.0390076
0 0.0997052 0.51514 0.0820801 0.200096 0.0388084
0 0.6244 0.500208 0.0226871 0.0293699 0.038186
0 0.7124 0.535083 0.0953505 0.093423 0.0378916
0 0.985082 0.48106 0.0302767 0.149739 0.0378825
0 0.981065 0.534689 0.0392946 0.0807888 0.0378132
0 0.319661 0.414457 0.0691609 0.0999146 0.0370873
0 0.679273 0.53142 0.0240327 0.0616069 0.0370438
0 0.739448 0.539833 0.0877067 0.0933942 0.0364382
0 0.784579 0.10438 0.109104 0.12589 0.0364124
0 0.551066 0.46299 0.0425426 0.0765711 0.0363204
0 0.703589 0.538789 0.0392132 0.0598495 0.0351694
0 0.990271 0.521543 0.0191486 0.0903746 0.0351212
0 0.480939 0.426107 0.0246551 0.0188383 0.0345182
0 0.987587 0.789436 0.0214594 0.240168 0.0342289
0 0.029841 0.39427 0.0561903 0.082569 0.0342225
0 0.574504 0.460485 0.0357464 0.0708939 0.0342173
0 0.143589 0.379411 0.0174649 0.021788 0.034168
0 0.624932 0.485116 0.0194792 0.0273983 0.0337329
0 0.619279 0.505676 0.0199965 0.0300173 0.0331063
0 0.394236 0.477697 0.0144506 0.035881 0.0330272
0 0.152189 0.390814 0.0347306 0.0275119 0.0329272
0 0.992124 0.875612 0.014817 0.0790788 0.0328414
0 0.27595 0.456046 0.0780657 0.105584 0.0328085
0 0.0350744 0.554936 0.0712018 0.227314 0.0325976
0 0.571233 0.47159 0.0239446 0.0412572 0.0324393
0 0.422453 0.481144 0.0132401 0.0354566 0.0322216
0 0.553076 0.477911 0.019692 0.0562664 0.0319858
0 0.4178 0.421127 0.0274188 0.0395342 0.0318889
0 0.949181 0.769798 0.0896 0.250999 0.0312489
0 0.914142 0.532316 0.11944 0.121671 0.031244
0 0.484025 0.407028 0.0323032 0.0258253 0.0312289
0 0.392119 0.480615 0.0190764 0.0481978 0.0308742
0 0.864372 0.518062 0.0472719 0.0683239 0.0305971
0 0.261973 0.54809 0.102518 0.196953 0.0305674
0 0.964562 0.546067 0.0674437 0.181518 0.0305612
0 0.761763 0.0586004 0.0507287 0.094532 0.0305444
0 0.50132 0.428317 0.0386904 0.0222754 0.0303934
0 0.774946 0.0599696 0.077717 0.112578 0.0302731
0 0.98558 0.749375 0.0268835 0.280226 0.0302549
0 0.410717 0.399712 0.0340254 0.0387538 0.0300709
0 0.953799 0.616932 0.0942076 0.350728 0.0295422
0 0.00938299 0.708565 0.0211512 0.162104 0.0295212
0 0.483253 0.528573 0.0919733 0.147132 0.029409
0 0.302911 0.494708 0.0210221 0.040676 0.0291859
0 0.0862591 0.424609 0.0533442 0.106469 0.0290889
0 0.340211 0.345081 0.0239202 0.036103 0.0285599
0 0.657781 0.492166 0.0437099 0.0596024 0.0285402
0 0.846863 0.525332 0.0379333 0.0589102 0.0284786
0 0.0660707 0.505513 0.0568307 0.169001 0.0284281
0 0.726413 0.389624 0.0168635 0.0359622 0.0280693
0 0.563526 0.5085 0.0136421 0.0293243 0.0279486
0 0.150305 0.391185 0.0250721 0.0207415 0.0278316
0 0.189619 0.400908 0.0959436 0.0311395 0.0278293
0 0.771013 0.509254 0.0353589 0.0399729 0.0278002
0 0.189071 0.413884 0.110544 0.0485288 0.0276879
0 0.555759 0.472299 0.0212035 0.040576 0.0276073
0 0.477293 0.439937 0.0488694 0.0440764 0.027425
0 0.190618 0.394123 0.105695 0.0511935 0.0270978
0 0.534672 0.454066 0.0546829 0.0761889 0.0269808
0 0.757869 0.539727 0.0648458 0.0996193 0.0269756
0 0.341846 0.337535 0.022316 0.0337462 0.0269445
0 0.00702869 0.723598 0.0145216 0.143663 0.0266788
0 0.77284 0.495416 0.0321695 0.0292584 0.0265881
0 0.414403 0.145854 0.225388 0.287547 0.0264349
0 0.459648 0.43677 0.0171825 0.0247828 0.0263591
0 0.756947 0.0478006 0.0365522 0.0713572 0.0262653
0 0.967513 0.776235 0.0640488 0.265072 0.0262618
0 0.992461 0.8277 0.013871 0.158046 0.0260602
0 0.0863477 0.483789 0.0794942 0.158514 0.0260501
0 0.285919 0.443851 0.0397375 0.0402 0.0257525
0 0.499945 0.451285 0.105687 0.0723245 0.0256394
0 0.594178 0.449724 0.0692949 0.133854 0.025467
0 0.726187 0.371835 0.0168525 0.0343976 0.0254152
0 0.393709 0.492424 0.0178598 0.0317134 0.025131
0 0.0265143 0.38531 0.0541256 0.147187 0.025082
0 0.874889 0.500093 0.0348837 0.0454715 0.0249534
0 0.883209 0.0505562 0.109324 0.111534 0.0248873
0 0.0713414 0.538324 0.0342311 0.146844 0.0248663
0 0.384231 0.407576 0.0459438 0.0673539 0.0247258
0 0.616852 0.465096 0.0214647 0.033766 0.0246153
0 0.38028 0.37538 0.0442728 0.0611329 0.0245719
0 0.55165 0.439277 0.0851112 0.125539 0.0245039
0 0.504254 0.480336 0.115095 0.128796 0.0243732
0 0.499903 0.409043 0.0343097 0.0280947 0.024212
0 0.551457 0.489015 0.024197 0.0559342 0.0241948
0 0.378116 0.41785 0.0286435 0.0450805 0.0240912
0 0.29084 0.467102 0.0613048 0.0961361 0.023968
0 0.0103318 0.742868 0.0229842 0.152074 0.0239457
0 0.0281149 0.695172 0.0582025 0.229619 0.0239244
0 0.726935 0.449293 0.0197553 0.046156 0.0234975
0 0.453535 0.467021 0.0297395 0.0591487 0.02346
0 0.633267 0.522089 0.0296167 0.0469683 0.0233906
0 0.479587 0.415891 0.0293032 0.0179993 0.0233328
0 0.157705 0.384849 0.0444853 0.0335765 0.0232732
0 0.769442 0.0407954 0.0586171 0.0842283 0.023238
0 0.941504 0.589016 0.108242 0.251547 0.0232016
0 0.70361 0.509172 0.0431979 0.0604674 0.0231511
0 0.104796 0.476915 0.0990955 0.128755 0.0231412
0 0.258219 0.441267 0.0776903 0.078094 0.0231259
0 0.630296 0.408579 0.0276615 0.05442 0.023003
0 0.774008 0.471359 0.0311415 0.0516466 0.0229527
0 0.707421 0.495117 0.0531516 0.0852322 0.0229198
0 0.486142 0.414712 0.0319948 0.0181106 0.0226975
0 0.467672 0.381132 0.0712975 0.155315 0.0226678
0 0.632013 0.423882 0.0284891 0.0753243 0.0225861
0 0.93033 0.686463 0.0590067 0.255464 0.0225747
0 0.982307 0.440604 0.0368742 0.192123 0.0225535
0 0.51069 0.434225 0.0467033 0.0362328 0.0225454
0 0.587353 0.503294 0.0205306 0.0282427 0.0224864
0 0.132642 0.429685 0.0848083 0.0718645 0.0223762
0 0.0139965 0.515517 0.0276581 0.073982 0.0222275
0 0.852853 0.100461 0.163686 0.202085 0.0222056
0 0.223511 0.424807 0.116044 0.0660798 0.0221862
0 0.573924 0.505106 0.0183496 0.0282235 0.0220129
0 0.0223427 0.516121 0.0442216 0.0834738 0.0219415
0 0.132732 0.406288 0.0393737 0.0394751 0.0218825
0 0.316269 0.508341 0.015876 0.0291126 0.0218378
0 0.695542 0.501796 0.0616773 0.092093 0.0218283
0 0.350728 0.419434 0.0263219 0.0358126 0.0217925
0 0.432427 0.489911 0.0119854 0.0308158 0.0217074
0 0.026123 0.312164 0.0489474 0.0696489 0.0216559
0 0.925858 0.285271 0.0336306 0.065346 0.0215795
0 0.660687 0.541683 0.0431178 0.0699074 0.0214531
0 0.286091 0.507826 0.0635311 0.164341 0.0213882
0 0.227246 0.406698 0.0749168 0.0551103 0.0213566
0 0.331152 0.487861 0.0171532 0.0337428 0.0211809
0 0.0310307 0.304639 0.056254 0.0990265 0.0211642
0 0.267207 0.177931 0.263229 0.376402 0.0211192
0 0.299174 0.0725618 0.0390474 0.0701843 0.0211117
0 0.606073 0.438651 0.0491454 0.109549 0.0210398
0 0.177606 0.408637 0.0764186 0.0372473 0.0209088
0 0.769497 0.536951 0.0446507 0.0912966 0.0208644
0 0.853683 0.0765955 0.0464172 0.0486061 0.0208431
0 0.963788 0.614454 0.0733437 0.239678 0.020781
0 0.512534 0.39938 0.0282631 0.0323688 0.0206507
0 0.0219604 0.37608 0.0379119 0.0686269 0.0206152
0 0.726908 0.358224 0.0165995 0.0290415 0.0205183
0 0.516777 0.434732 0.0469218 0.0691143 0.0205072
0 0.98354 0.873838 0.0327274 0.0892787 0.0204692
0 0.574057 0.44076 0.0582289 0.122805 0.0204647
0 0.584989 0.438622 0.0424539 0.0990809 0.0203471
0 0.968304 0.490914 0.0638924 0.177856 0.0202225
0 0.407137 0.509759 0.020087 0.0416726 0.020064
0 0.669962 0.451602 0.089272 0.132116 0.0200295
0 0.644672 0.422534 0.0391945 0.0831973 0.0199387
0 0.0681366 0.754237 0.10292 0.141597 0.0199302
0 0.830886 0.115287 0.0691754 0.0929323 0.0199229
0 0.12904 0.44747 0.130883 0.0973174 0.0198941
0 0.562099 0.519821 0.0143023 0.031696 0.0198342
0 0.89691 0.521276 0.0796902 0.0982148 0.0198086
0 0.625973 0.478061 0.0589879 0.0800494 0.0198055
0 0.589957 0.107782 0.0257543 0.0422386 0.0197896
0 0.475409 0.474199 0.0771266 0.111476 0.019734
0 0.642291 0.406607 0.0277362 0.0505156 0.0197066
0 0.409284 0.390634 0.0193869 0.0230684 0.0195772
0 0.109343 0.564064 0.0958768 0.15853 0.019462
0 0.514146 0.567443 0.116503 0.177738 0.0193831
0 0.0139709 0.650151 0.0286522 0.228991 0.0193712
0 0.720212 0.492494 0.0450782 0.0447105 0.019365
0 0.175929 0.426315 0.09643 0.0665296 0.0193306
0 0.0142325 0.444943 0.0251946 0.127676 0.0193114
0 0.150823 0.425812 0.0738965 0.0614727 0.0192924
0 0.00699917 0.4706 0.0143554 0.0667788 0.0192769
0 0.974591 0.504345 0.046077 0.0836517 0.0192542
0 0.0815369 0.407251 0.0513305 0.0779162 0.0190144
0 0.0896439 0.424073 0.0961548 0.114196 0.018996
0 0.669457 0.387932 0.0480275 0.0553602 0.0189939
0 0.563165 0.537515 0.035078 0.0661467 0.0189676
0 0.551922 0.518489 0.0171345 0.0432192 0.0189114
0 0.0428634 0.64 0.0710537 0.207115 0.0188775
0 0.279989 0.407485 0.0870754 0.0999187 0.0187998
0 0.643578 0.491027 0.0187986 0.0258613 0.0187462
0 0.220829 0.396486 0.0544629 0.0273981 0.0187008
0 0.329599 0.48327 0.0166195 0.0494996 0.018695
0 0.793312 0.545001 0.0840517 0.0951793 0.0186321
0 0.666554 0.492892 0.0247121 0.0532508 0.0186166
0 0.178265 0.375864 0.0943249 0.0511673 0.0185314
0 0.803953 0.135087 0.111169 0.173888 0.0184353
0 0.431364 0.409436 0.0280787 0.0279112 0.0182773
0 0.396964 0.403821 0.0440109 0.0553095 0.018147
0 0.675189 0.410798 0.0782165 0.103086 0.0181017
0 0.644678 0.474794 0.0213638 0.0378709 0.0179742
0 0.0293607 0.707499 0.0507511 0.1397 0.0179551
0 0.666753 0.406157 0.0411198 0.0607424 0.0178776
0 0.591045 0.532671 0.0237329 0.0374231 0.0178721
0 0.859172 0.065878 0.0512854 0.059522 0.0178321
0 0.725619 0.462845 0.0234525 0.0424742 0.01783
0 0.276062 0.711676 0.125509 0.167805 0.0178232
0 0.769623 0.480016 0.043604 0.0606171 0.017789
0 0.00868567 0.501893 0.0170655 0.0600525 0.0177821
0 0.730117 0.546534 0.0546073 0.069706 0.017704
0 0.314574 0.65645 0.0558887 0.0687395 0.0177002
0 0.0257174 0.553186 0.0456494 0.206524 0.0176844
0 0.0273195 0.358914 0.052947 0.0834679 0.0176526
0 0.972566 0.592153 0.0555756 0.168579 0.0175984
0 0.240749 0.525075 0.14709 0.232005 0.0175873
0 0.620338 0.163677 0.0286415 0.035449 0.0175342
0 0.681568 0.519079 0.0229372 0.0513166 0.0174841
0 0.660591 0.38784 0.0383153 0.0468302 0.0174474
0 0.728259 0.0744506 0.129028 0.165249 0.0173558
0 0.975574 0.666998 0.0472012 0.29195 0.017315
0 0.260951 0.441572 0.0459507 0.0513311 0.0173022
0 0.0669705 0.407409 0.0805149 0.0984368 0.0172762
0 0.311135 0.549626 0.0302372 0.0634066 0.017271
0 0.962124 0.518432 0.0351137 0.048793 0.0172563
0 0.979609 0.838528 0.0401789 0.166898 0.0172557
0 0.611568 0.124536 0.0758754 0.116151 0.0172447
0 0.860747 0.541233 0.0532295 0.08165 0.0172043
0 0.776803 0.439982 0.0340489 0.0620833 0.0171667
0 0.359713 0.489694 0.0708345 0.0857655 0.905526
0 0.498746 0.514208 0.12313 0.194229 0.903369
0 0.18569 0.524416 0.259004 0.258153 0.9027
0 0.402767 0.467409 0.0510676 0.0949388 0.874279
0 0.5625 0.707283 0 0.38498 0.782334
0 0.43105 0.480774 0.0179982 0.0459507 0.638199
0 0.436505 0.467163 0.0268851 0.0608354 0.522152
0 0.442463 0.477838 0.0143723 0.0338835 0.354072
0 0.5625 0.486218 0 0.0364741 0.272636
0 0.309158 0.473739 0.0742733 0.0963142 0.249246
0 0.368015 0.445596 0.0212967 0.0172051 0.238807
0 0.439343 0.471431 0.0226151 0.0425218 0.19984
0 0.43561 0.446652 0.028691 0.0308512 0.19615
0 0.440007 0.47246 0.0101788 0.0253925 0.189056
0 0.5625 0.488643 0 0.0278825 0.17383
0 0.560753 0.49697 0.00349441 0.034383 0.165943
0 0.295594 0.461817 0.0470922 0.0708632 0.152853
0 0.437331 0.4751 0.0157183 0.0361266 0.150595
0 0.438444 0.481421 0.0126174 0.0307694 0.147128
0 0.433676 0.482742 0.0145294 0.0333009 0.141854
0 0.5625 0.487435 0 0.0233599 0.138577
0 0.429195 0.483075 0.0132751 0.035031 0.138337
0 0.323414 0.474869 0.0571178 0.0765555 0.134667
0 0.334278 0.478615 0.037363 0.0748539 0.130137
0 0.561296 0.50154 0.00240884 0.0259411 0.128841
0 0.433269 0.455905 0.0216603 0.0310182 0.123596
0 0.434036 0.467366 0.0166027 0.0358616 0.119508
0 0.443633 0.460611 0.0128928 0.0263383 0.10981
0 0.5625 0.489747 0 0.0248317 0.106644
0 0.336552 0.46702 0.0318789 0.050604 0.104455
0 0.442816 0.466192 0.0161975 0.0297455 0.100707
0 0.5625 0.494636 0 0.0309349 0.0991786
0 0.558248 0.48964 0.00850344 0.0519881 0.0978724
0 0.5625 0.490758 0 0.0338991 0.0974199
0 0.361972 0.454553 0.0151773 0.0210385 0.0930842
0 0.324412 0.48095 0.0345352 0.0835223 0.0924616
0 0.0323209 0.448565 0.0646417 0.2014 0.0916441
0 0.369814 0.449462 0.0166511 0.0194043 0.089961
0 0.44641 0.45881 0.0129791 0.0228931 0.0858997
0 0.437439 0.463749 0.0170858 0.0282573 0.0853078
0 0.5625 0.494382 0 0.0249006 0.0841787
0 0.365712 0.448601 0.0141268 0.021217 0.0836242
0 0.5625 0.493712 0 0.0265492 0.0831537
0 0.443415 0.464495 0.0205203 0.0433391 0.0828838
0 0.367241 0.453117 0.0138037 0.0199554 0.0827568
0 0.559843 0.494889 0.00531435 0.0290295 0.0821344
0 0.558385 0.489671 0.00822964 0.0340749 0.0788355
0 0.557683 0.494704 0.00963368 0.0307814 0.0786674
0 0.440764 0.447311 0.0179852 0.0227186 0.0783146
0 0.5625 0.489719 0 0.0213754 0.0772662
0 0.449627 0.452686 0.0131453 0.0253017 0.0761925
0 0.594456 0.49281 0.0182518 0.0245834 0.0748862
0 0.576539 0.477461 0.0365257 0.0554551 0.0700292
0 0.598647 0.492754 0.0240987 0.028808 0.0661951
0 0.694354 0.532415 0.0536946 0.0752536 0.0660726
0 0.437788 0.457534 0.0147404 0.0254329 0.0659607
0 0.759628 0.107764 0.0440063 0.0705305 0.0637037
0 0.451668 0.441818 0.0130664 0.0180198 0.06305
0 0.633989 0.486849 0.015821 0.0236846 0.0624625
0 0.366782 0.44163 0.0232904 0.0195407 0.0611776
0 0.479749 0.501202 0.063133 0.127322 0.0605829
0 0.143253 0.388982 0.0183036 0.0212925 0.0595668
0 0.0627478 0.447228 0.125366 0.206759 0.0592626
0 0.574394 0.488091 0.0158521 0.0262002 0.0591518
0 0.607652 0.492118 0.023045 0.0313652 0.0578011
0 0.982963 0.519916 0.0343718 0.134075 0.0567528
0 0.295577 0.445657 0.047143 0.0431246 0.0542282
0 0.641304 0.496857 0.0230836 0.0285942 0.0539836
0 0.31489 0.433855 0.0921649 0.137473 0.0539081
0 0.599653 0.488458 0.0171172 0.02728 0.0538325
0 0.382488 0.436942 0.020822 0.0301898 0.0502098
0 0.559119 0.486473 0.0164953 0.0440592 0.0499299
0 0.368094 0.422217 0.0258387 0.0470359 0.0497969
0 0.773985 0.104043 0.0741743 0.100594 0.0488985
0 0.145453 0.393547 0.0250269 0.0259686 0.0485888
0 0.415295 0.484074 0.0140835 0.0284763 0.0478126
0 0.982995 0.568729 0.036404 0.204971 0.0465208
0 0.579071 0.495152 0.0149424 0.0201892 0.0461512
0 0.637396 0.505822 0.0281822 0.0389592 0.0456902
0 0.536439 0.427438 0.0546611 0.077407 0.0445093
0 0.43952 0.484367 0.0174867 0.046332 0.0441795
0 0.0313194 0.415301 0.0617242 0.127042 0.044092
0 0.652398 0.521439 0.0235085 0.0385966 0.0440754
0 0.156811 0.395743 0.0386605 0.0257888 0.0437479
0 0.68547 0.530674 0.0352452 0.067324 0.0434536
0 0.078661 0.528156 0.0584959 0.172684 0.0428914
0 0.441086 0.497198 0.0108541 0.0284197 0.0422324
0 0.644642 0.506745 0.0191951 0.0313557 0.0403961
0 0.583887 0.454785 0.0526831 0.103593 0.0403914
0 0.5394 0.448553 0.0507936 0.13007 0.0390439
0 0.634043 0.497752 0.0171604 0.0253558 0.0390076
0 0.0997052 0.51514 0.0820801 0.200096 0.0388084
0 0.6244 0.500208 0.0226871 0.0293699 0.038186
0 0.7124 0.535083 0.0953505 0.093423 0.0378916
0 0.985082 0.48106 0.0302767 0.149739 0.0378825
0 0.981065 0.534689 0.0392946 0.0807888 0.0378132
0 0.319661 0.414457 0.0691609 0.0999146 0.0370873
0 0.679273 0.53142 0.0240327 0.0616069 0.0370438
0 0.739448 0.539833 0.0877067 0.0933942 0.0364382
0 0.784579 0.10438 0.109104 0.12589 0.0364124
0 0.551066 0.46299 0.0425426 0.0765711 0.0363204
0 0.703589 0.538789 0.0392132 0.0598495 0.0351694
0 0.990271 0.521543 0.0191486 0.0903746 0.0351212
0 0.480939 0.426107 0.0246551 0.0188383 0.0345182
0 0.987587 0.789436 0.0214594 0.240168 0.0342289
0 0.029841 0.39427 0.0561903 0.082569 0.0342225
0 0.574504 0.460485 0.0357464 0.0708939 0.0342173
0 0.143589 0.379411 0.0174649 0.021788 0.034168
0 0.624932 0.485116 0.0194792 0.0273983 0.0337329
0 0.619279 0.505676 0.0199965 0.0300173 0.0331063
0 0.394236 0.477697 0.0144506 0.035881 0.0330272
0 0.152189 0.390814 0.0347306 0.0275119 0.0329272
0 0.992124 0.875612 0.014817 0.0790788 0.0328414
0 0.27595 0.456046 0.0780657 0.105584 0.0328085
0 0.0350744 0.554936 0.0712018 0.227314 0.0325976
0 0.571233 0.47159 0.0239446 0.0412572 0.0324393
0 0.422453 0.481144 0.0132401 0.0354566 0.0322216
0 0.553076 0.477911 0.019692 0.0562664 0.0319858
0 0.4178 0.421127 0.0274188 0.0395342 0.0318889
0 0.949181 0.769798 0.0896 0.250999 0.0312489
0 0.914142 0.532316 0.11944 0.121671 0.031244
0 0.484025 0.407028 0.0323032 0.0258253 0.0312289
0 0.392119 0.480615 0.0190764 0.0481978 0.0308742
0 0.864372 0.518062 0.0472719 0.0683239 0.0305971
0 0.261973 0.54809 0.102518 0.196953 0.0305674
0 0.964562 0.546067 0.0674437 0.181518 0.0305612
0 0.761763 0.0586004 0.0507287 0.094532 0.0305444
0 0.50132 0.428317 0.0386904 0.0222754 0.0303934
0 0.774946 0.0599696 0.077717 0.112578 0.0302731
0 0.98558 0.749375 0.0268835 0.280226 0.0302549
0 0.410717 0.399712 0.0340254 0.0387538 0.0300709
0 0.953799 0.616932 0.0942076 0.350728 0.0295422
0 0.00938299 0.708565 0.0211512 0.162104 0.0295212
0 0.483253 0.528573 0.0919733 0.147132 0.029409
0 0.302911 0.494708 0.0210221 0.040676 0.0291859
0 0.0862591 0.424609 0.0533442 0.106469 0.0290889
0 0.340211 0.345081 0.0239202 0.036103 0.0285599
0 0.657781 0.492166 0.0437099 0.0596024 0.0285402
0 0.846863 0.525332 0.0379333 0.0589102 0.0284786
0 0.0660707 0.505513 0.0568307 0.169001 0.0284281
0 0.726413 0.389624 0.0168635 0.0359622 0.0280693
0 0.563526 0.5085 0.0136421 0.0293243 0.0279486
0 0.150305 0.391185 0.0250721 0.0207415 0.0278316
0 0.189619 0.400908 0.0959436 0.0311395 0.0278293
0 0.771013 0.509254 0.0353589 0.0399729 0.0278002
0 0.189071 0.413884 0.110544 0.0485288 0.0276879
0 0.555759 0.472299 0.0212035 0.040576 0.0276073
0 0.477293 0.439937 0.0488694 0.0440764 0.027425
0 0.190618 0.394123 0.105695 0.0511935 0.0270978
0 0.534672 0.454066 0.0546829 0.0761889 0.0269808
0 0.757869 0.539727 0.0648458 0.0996193 0.0269756
0 0.341846 0.337535 0.022316 0.0337462 0.0269445
0 0.00702869 0.723598 0.0145216 0.143663 0.0266788
0 0.77284 0.495416 0.0321695 0.0292584 0.0265881
0 0.414403 0.145854 0.225388 0.287547 0.0264349
0 0.459648 0.43677 0.0171825 0.0247828 0.0263591
0 0.756947 0.0478006 0.0365522 0.0713572 0.0262653
0 0.967513 0.776235 0.0640488 0.265072 0.0262618
0 0.992461 0.8277 0.013871 0.158046 0.0260602
0 0.0863477 0.483789 0.0794942 0.158514 0.0260501
0 0.285919 0.443851 0.0397375 0.0402 0.0257525
0 0.499945 0.451285 0.105687 0.0723245 0.0256394
0 0.594178 0.449724 0.0692949 0.133854 0.025467
0 0.726187 0.371835 0.0168525 0.0343976 0.0254152
0 0.393709 0.492424 0.0178598 0.0317134 0.025131
0 0.0265143 0.38531 0.0541256 0.147187 0.025082
0 0.874889 0.500093 0.0348837 0.0454715 0.0249534
0 0.883209 0.0505562 0.109324 0.111534 0.0248873
0 0.0713414 0.538324 0.0342311 0.146844 0.0248663
0 0.384231 0.407576 0.0459438 0.0673539 0.0247258
0 0.616852 0.465096 0.0214647 0.033766 0.0246153
0 0.38028 0.37538 0.0442728 0.0611329 0.0245719
0 0.55165 0.439277 0.0851112 0.125539 0.0245039
0 0.504254 0.480336 0.115095 0.128796 0.0243732
0 0.499903 0.409043 0.0343097 0.0280947 0.024212
0 0.551457 0.489015 0.024197 0.0559342 0.0241948
0 0.378116 0.41785 0.0286435 0.0450805 0.0240912
0 0.29084 0.467102 0.0613048 0.0961361 0.023968
0 0.0103318 0.742868 0.0229842 0.152074 0.0239457
0 0.0281149 0.695172 0.0582025 0.229619 0.0239244
0 0.726935 0.449293 0.0197553 0.046156 0.0234975
0 0.453535 0.467021 0.0297395 0.0591487 0.02346
0 0.633267 0.522089 0.0296167 0.0469683 0.0233906
0 0.479587 0.415891 0.0293032 0.0179993 0.0233328
0 0.157705 0.384849 0.0444853 0.0335765 0.0232732
0 0.769442 0.0407954 0.0586171 0.0842283 0.023238
0 0.941504 0.589016 0.108242 0.251547 0.0232016
0 0.70361 0.509172 0.0431979 0.0604674 0.0231511
0 0.104796 0.476915 0.0990955 0.128755 0.0231412
0 0.258219 0.441267 0.0776903 0.078094 0.0231259
0 0.630296 0.408579 0.0276615 0.05442 0.023003
0 0.774008 0.471359 0.0311415 0.0516466 0.0229527
0 0.707421 0.495117 0.0531516 0.0852322 0.0229198
0 0.486142 0.414712 0.0319948 0.0181106 0.0226975
0 0.467672 0.381132 0.0712975 0.155315 0.0226678
0 0.632013 0.423882 0.0284891 0.0753243 0.0225861
0 0.93033 0.686463 0.0590067 0.255464 0.0225747
0 0.982307 0.440604 0.0368742 0.192123 0.0225535
0 0.51069 0.434225 0.0467033 0.0362328 0.0225454
0 0.587353 0.503294 0.0205306 0.0282427 0.0224864
0 0.132642 0.429685 0.0848083 0.0718645 0.0223762
0 0.0139965 0.515517 0.0276581 0.073982 0.0222275
0 0.852853 0.100461 0.163686 0.202085 0.0222056
0 0.223511 0.424807 0.116044 0.0660798 0.0221862
0 0.573924 0.505106 0.0183496 0.0282235 0.0220129
0 0.0223427 0.516121 0.0442216 0.0834738 0.0219415
0 0.132732 0.406288 0.0393737 0.0394751 0.0218825
0 0.316269 0.508341 0.015876 0.0291126 0.0218378
0 0.695542 0.501796 0.0616773 0.092093 0.0218283
0 0.350728 0.419434 0.0263219 0.0358126 0.0217925
0 0.432427 0.489911 0.0119854 0.0308158 0.0217074
0 0.026123 0.312164 0.0489474 0.0696489 0.0216559
0 0.925858 0.285271 0.0336306 0.065346 0.0215795
0 0.660687 0.541683 0.0431178 0.0699074 0.0214531
0 0.286091 0.507826 0.0635311 0.164341 0.0213882
0 0.227246 0.406698 0.0749168 0.0551103 0.0213566
0 0.331152 0.487861 0.0171532 0.0337428 0.0211809
0 0.0310307 0.304639 0.056254 0.0990265 0.0211642
0 0.267207 0.177931 0.263229 0.376402 0.0211192
0 0.299174 0.0725618 0.0390474 0.0701843 0.0211117
0 0.606073 0.438651 0.0491454 0.109549 0.0210398
0 0.177606 0.408637 0.0764186 0.0372473 0.0209088
0 0.769497 0.536951 0.0446507 0.0912966 0.0208644
0 0.853683 0.0765955 0.0464172 0.0486061 0.0208431
0 0.963788 0.614454 0.0733437 0.239678 0.020781
0 0.512534 0.39938 0.0282631 0.0323688 0.0206507
0 0.0219604 0.37608 0.0379119 0.0686269 0.0206152
0 0.726908 0.358224 0.0165995 0.0290415 0.0205183
0 0.516777 0.434732 0.0469218 0.0691143 0.0205072
0 0.98354 0.873838 0.0327274 0.0892787 0.0204692
0 0.574057 0.44076 0.0582289 0.122805 0.0204647
0 0.584989 0.438622 0.0424539 0.0990809 0.0203471
0 0.968304 0.490914 0.0638924 0.177856 0.0202225
0 0.407137 0.509759 0.020087 0.0416726 0.020064
0 0.669962 0.451602 0.089272 0.132116 0.0200295
0 0.644672 0.422534 0.0391945 0.0831973 0.0199387
0 0.0681366 0.754237 0.10292 0.141597 0.0199302
0 0.830886 0.115287 0.0691754 0.0929323 0.0199229
0 0.12904 0.44747 0.130883 0.0973174 0.0198941
0 0.562099 0.519821 0.0143023 0.031696 0.0198342
0 0.89691 0.521276 0.0796902 0.0982148 0.0198086
0 0.625973 0.478061 0.0589879 0.0800494 0.0198055
0 0.589957 0.107782 0.0257543 0.0422386 0.0197896
0 0.475409 0.474199 0.0771266 0.111476 0.019734
0 0.642291 0.406607 0.0277362 0.0505156 0.0197066
0 0.409284 0.390634 0.0193869 0.0230684 0.0195772
0 0.109343 0.564064 0.0958768 0.15853 0.019462
0 0.514146 0.567443 0.116503 0.177738 0.0193831
0 0.0139709 0.650151 0.0286522 0.228991 0.0193712
0 0.720212 0.492494 0.0450782 0.0447105 0.019365
0 0.175929 0.426315 0.09643 0.0665296 0.0193306
0 0.0142325 0.444943 0.0251946 0.127676 0.0193114
0 0.150823 0.425812 0.0738965 0.0614727 0.0192924
0 0.00699917 0.4706 0.0143554 0.0667788 0.0192769
0 0.974591 0.504345 0.046077 0.0836517 0.0192542
0 0.0815369 0.407251 0.0513305 0.0779162 0.0190144
0 0.0896439 0.424073 0.0961548 0.114196 0.018996
0 0.669457 0.387932 0.0480275 0.0553602 0.0189939
0 0.563165 0.537515 0.035078 0.0661467 0.0189676
0 0.551922 0.518489 0.0171345 0.0432192 0.0189114
0 0.0428634 0.64 0.0710537 0.207115 0.0188775
0 0.279989 0.407485 0.0870754 0.0999187 0.0187998
0 0.643578 0.491027 0.0187986 0.0258613 0.0187462
0 0.220829 0.396486 0.0544629 0.0273981 0.0187008
0 0.329599 0.48327 0.0166195 0.0494996 0.018695
0 0.793312 0.545001 0.0840517 0.0951793 0.0186321
0 0.666554 0.492892 0.0247121 0.0532508 0.0186166
0 0.178265 0.375864 0.0943249 0.0511673 0.0185314
0 0.803953 0.135087 0.111169 0.173888 0.0184353
0 0.431364 0.409436 0.0280787 0.0279112 0.0182773
0 0.396964 0.403821 0.0440109 0.0553095 0.018147
0 0.675189 0.410798 0.0782165 0.103086 0.0181017
0 0.644678 0.474794 0.0213638 0.0378709 0.0179742
0 0.0293607 0.707499 0.0507511 0.1397 0.0179551
0 0.666753 0.406157 0.0411198 0.0607424 0.0178776
0 0.591045 0.532671 0.0237329 0.0374231 0.0178721
0 0.859172 0.065878 0.0512854 0.059522 0.0178321
0 0.725619 0.462845 0.0234525 0.0424742 0.01783
0 0.276062 0.711676 0.125509 0.167805 0.0178232
0 0.769623 0.480016 0.043604 0.0606171 0.017789
0 0.00868567 0.501893 0.0170655 0.0600525 0.0177821
0 0.730117 0.546534 0.0546073 0.069706 0.017704
0 0.314574 0.65645 0.0558887 0.0687395 0.0177002
0 0.0257174 0.553186 0.0456494 0.206524 0.0176844
0 0.0273195 0.358914 0.052947 0.0834679 0.0176526
0 0.972566 0.592153 0.0555756 0.168579 0.0175984
0 0.240749 0.525075 0.14709 0.232005 0.0175873
0 0.620338 0.163677 0.0286415 0.035449 0.0175342
0 0.681568 0.519079 0.0229372 0.0513166 0.0174841
0 0.660591 0.38784 0.0383153 0.0468302 0.0174474
0 0.728259 0.0744506 0.129028 0.165249 0.0173558
0 0.975574 0.666998 0.0472012 0.29195 0.017315
0 0.260951 0.441572 0.0459507 0.0513311 0.0173022
0 0.0669705 0.407409 0.0805149 0.0984368 0.0172762
0 0.311135 0.549626 0.0302372 0.0634066 0.017271
0 0.962124 0.518432 0.0351137 0.048793 0.0172563
0 0.979609 0.838528 0.0401789 0.166898 0.0172557
0 0.611568 0.124536 0.0758754 0.116151 0.0172447
0 0.860747 0.541233 0.0532295 0.08165 0.0172043
0 0.776803 0.439982 0.0340489 0.0620833 0.0171667
