0 0.487763 0.580032 0.0601721 0.0722774 0.902085
0 0.290652 0.560826 0.0267867 0.0371634 0.682355
0 0.558611 0.596995 0.00777807 0.144419 0.669221
0 0.234526 0.56371 0.0287109 0.0388597 0.650191
0 0.261685 0.559503 0.0348033 0.0461027 0.636435
0 0.3105 0.54847 0.020755 0.0331626 0.629376
0 0.356766 0.550415 0.0275669 0.0319898 0.572351
0 0.5625 0.58559 0 0.231486 0.556369
0 0.208822 0.567213 0.0304327 0.0461196 0.532456
0 0.538835 0.593071 0.04733 0.0914863 0.526355
0 0.0369463 0.605267 0.073626 0.0968396 0.513772
0 0.453985 0.555677 0.0325293 0.0446512 0.492364
0 0.5625 0.615211 0 0.331748 0.461018
0 0.166936 0.57618 0.0640769 0.068353 0.452143
0 0.379409 0.551364 0.021083 0.0303939 0.446289
0 0.33515 0.547785 0.0159532 0.023185 0.429729
0 0.411872 0.546649 0.0200694 0.0270592 0.414601
0 0.380044 0.558161 0.0241373 0.0337368 0.401202
0 0.428068 0.552557 0.0192489 0.0267551 0.39525
0 0.183711 0.572578 0.0308145 0.0525891 0.380564
0 0.44518 0.557948 0.0237612 0.0368585 0.373204
0 0.329558 0.545697 0.0176291 0.0252664 0.364479
0 0.378485 0.540343 0.017322 0.0219606 0.346113
0 0.106799 0.590117 0.0818652 0.0834904 0.326781
0 0.394961 0.540024 0.015555 0.0210663 0.325547
0 0.11554 0.574533 0.101655 0.108688 0.283523
0 0.305735 0.555464 0.015781 0.0281518 0.274909
0 0.149786 0.58271 0.0543512 0.0710374 0.268241
0 0.406084 0.545173 0.0136949 0.0221953 0.248871
0 0.40228 0.544168 0.0132855 0.021475 0.247836
0 0.314426 0.549266 0.0137057 0.0257256 0.245235
0 0.399828 0.541373 0.0123975 0.0201204 0.235981
0 0.5625 0.668906 0 0.223903 0.232167
0 0.131088 0.588793 0.0707569 0.0752534 0.232001
0 0.369936 0.542605 0.0138497 0.0203852 0.23102
0 0.351428 0.549874 0.0182359 0.0255747 0.23017
0 0.537886 0.592173 0.0492287 0.102654 0.226526
0 0.431215 0.557245 0.0209703 0.0324792 0.224167
0 0.390894 0.536615 0.0140378 0.0185356 0.222183
0 0.42437 0.548945 0.0176876 0.0266901 0.221264
0 0.444944 0.558734 0.0168128 0.0289478 0.217381
0 0.375245 0.539897 0.0131161 0.0182728 0.216432
0 0.400054 0.537152 0.0141733 0.0208715 0.215292
0 0.440319 0.557823 0.0178053 0.0281997 0.214578
0 0.432751 0.550954 0.0165775 0.0277132 0.212227
0 0.415396 0.549555 0.0152452 0.0227828 0.201294
0 0.0930691 0.596861 0.0578957 0.0668893 0.195617
0 0.558408 0.600809 0.00818305 0.126236 0.195178
0 0.5625 0.614147 0 0.160861 0.193328
0 0.378971 0.547924 0.0172221 0.0214956 0.192884
0 0.293233 0.55619 0.0169158 0.0301944 0.183313
0 0.573091 0.596011 0.0642721 0.115262 0.182537
0 0.314348 0.554729 0.0149896 0.0245908 0.179205
0 0.324008 0.54847 0.0150374 0.0238803 0.175978
0 0.532434 0.599733 0.034374 0.069347 0.170756
0 0.154502 0.583807 0.0800462 0.0856976 0.16634
0 0.198592 0.561615 0.0480328 0.0680868 0.163925
0 0.411842 0.543177 0.0137692 0.0217175 0.16258
0 0.274992 0.556929 0.0149221 0.0309534 0.157592
0 0.313067 0.54436 0.0169725 0.0272823 0.155951
0 0.322207 0.544434 0.0139337 0.024297 0.152828
0 0.460566 0.553244 0.0452094 0.0557092 0.15216
0 0.367901 0.553486 0.0134158 0.0210545 0.15066
0 0.930045 0.57167 0.137962 0.245505 0.142752
0 0.0805995 0.577108 0.120702 0.126275 0.140609
0 0.450178 0.559497 0.0137751 0.0236889 0.139651
0 0.457003 0.568193 0.024929 0.0482817 0.138529
0 0.0202855 0.616583 0.0378182 0.101871 0.130716
0 0.833175 0.608649 0.205389 0.244081 0.130203
0 0.258079 0.558074 0.0259514 0.0327404 0.129653
0 0.270288 0.558421 0.0166148 0.0327862 0.123722
0 0.234948 0.562919 0.0210329 0.0286835 0.120417
0 0.0089978 0.617392 0.0178354 0.0975698 0.117904
0 0.0634332 0.602125 0.0790293 0.0709613 0.111026
0 0.239932 0.563959 0.0212509 0.0326798 0.108367
0 0.946284 0.52851 0.107469 0.164496 0.107878
0 0.229726 0.564813 0.0190453 0.0322216 0.10455
0 0.222775 0.567136 0.0218369 0.0360909 0.104059
0 0.186826 0.574258 0.0208663 0.0370538 0.103543
0 0.194469 0.571797 0.0233224 0.0376252 0.100289
0 0.955855 0.512169 0.0868361 0.111834 0.0991111
0 0.629854 0.575265 0.0807925 0.0963325 0.0972685
0 0.678708 0.612971 0.106121 0.147411 0.0954113
0 0.209127 0.570755 0.0202617 0.0331416 0.0947676
0 0.428483 0.545179 0.0152308 0.0251293 0.0937164
0 0.64822 0.593881 0.0592755 0.111979 0.0927813
0 0.426838 0.540834 0.01668 0.0273704 0.0919072
0 0.439477 0.563762 0.014232 0.0276931 0.0912207
0 0.620782 0.602519 0.0669663 0.130427 0.088741
0 0.638882 0.550401 0.0624153 0.0530009 0.0863682
0 0.0389122 0.577697 0.0741518 0.173342 0.0838746
0 0.460073 0.573922 0.013308 0.0364589 0.0833235
0 0.462606 0.575847 0.0238818 0.053364 0.0825646
0 0.533564 0.578545 0.046489 0.0751135 0.0813226
0 0.918497 0.522623 0.162651 0.181293 0.0813024
0 0.788149 0.595184 0.140763 0.216331 0.0807026
0 0.638207 0.598893 0.089715 0.145179 0.0760078
0 0.0779947 0.554403 0.147915 0.16863 0.0746493
0 0.937069 0.630386 0.125381 0.204927 0.0743044
0 0.597436 0.572805 0.0647424 0.0868645 0.0739478
0 0.899496 0.529367 0.110203 0.121305 0.0735313
0 0.309271 0.547551 0.0141631 0.0224186 0.0728421
0 0.307617 0.558924 0.0129735 0.0217029 0.0709804
0 0.0137849 0.627687 0.0273947 0.1181 0.0709756
0 0.577114 0.58137 0.0892202 0.115724 0.0707723
0 0.11874 0.552132 0.127508 0.159709 0.0703088
0 0.944492 0.607257 0.109423 0.114543 0.0701497
0 0.0977887 0.558637 0.101909 0.122333 0.0682398
0 0.289469 0.566794 0.0201614 0.0295765 0.0659212
0 0.264303 0.541953 0.0230955 0.0205126 0.0657395
0 0.256454 0.541544 0.0227696 0.0199233 0.0655346
0 0.944612 0.523931 0.0800598 0.0860503 0.0655042
0 0.453992 0.563744 0.0183557 0.0340561 0.0653015
0 0.280839 0.559011 0.0182497 0.0317953 0.0645602
0 0.459353 0.559905 0.0223866 0.0346611 0.0641344
0 0.175274 0.553384 0.0999908 0.105164 0.0634667
0 0.0859708 0.604285 0.0738484 0.0912366 0.0633035
0 0.936474 0.531271 0.122342 0.110124 0.0621053
0 0.0144889 0.589128 0.0302193 0.114016 0.0598627
0 0.943778 0.578516 0.11127 0.115103 0.0589809
0 0.190165 0.5832 0.0339596 0.0602083 0.0585889
0 0.289035 0.545927 0.0150693 0.0200061 0.056679
0 0.222699 0.563871 0.0146601 0.0285913 0.0534429
0 0.712529 0.518183 0.0975946 0.0907984 0.0530213
0 0.989634 0.493118 0.0203625 0.106173 0.052446
0 0.715496 0.597547 0.114557 0.126842 0.0519545
0 0.73544 0.575025 0.0932104 0.0955733 0.051392
0 0.663325 0.570078 0.0980878 0.136298 0.0511578
0 0.974794 0.499604 0.0494287 0.121074 0.0510343
0 0.719448 0.573902 0.0737995 0.0734275 0.0506405
0 0.274648 0.564196 0.0142433 0.0297372 0.0496505
0 0.89789 0.576452 0.113506 0.131758 0.049638
0 0.268984 0.544201 0.0170629 0.0193643 0.0492851
0 0.0379146 0.633783 0.0753015 0.182509 0.0481218
0 0.524221 0.595993 0.0205703 0.0483972 0.0480896
0 0.0202604 0.555688 0.040655 0.153441 0.0479947
0 0.817154 0.618156 0.112817 0.17636 0.0476683
0 0.357356 0.556706 0.0178993 0.0246138 0.0474277
0 0.773393 0.61672 0.100267 0.17276 0.0468836
0 0.878221 0.544304 0.0923307 0.12189 0.0466508
0 0.0595237 0.610162 0.100398 0.12932 0.0458589
0 0.0293653 0.542424 0.0591632 0.141153 0.0457763
0 0.863008 0.615847 0.115841 0.140478 0.0457205
0 0.435141 0.543002 0.0169744 0.0254579 0.0448121
0 0.608028 0.628029 0.048248 0.0811589 0.0436419
0 0.496848 0.570324 0.024354 0.0415107 0.0435417
0 0.985592 0.502773 0.0303938 0.116232 0.043436
0 0.958787 0.626897 0.0809498 0.153903 0.0433095
0 0.863395 0.574979 0.113032 0.124147 0.0432991
0 0.848739 0.682487 0.122465 0.168517 0.0428658
0 0.744475 0.518215 0.110946 0.0974308 0.0426731
0 0.880425 0.594986 0.120117 0.105229 0.0419898
0 0.262691 0.56386 0.0238737 0.0359299 0.0416341
0 0.816248 0.578148 0.119856 0.156385 0.0413644
0 0.227732 0.573509 0.023741 0.0382706 0.0408872
0 0.841213 0.621154 0.0842791 0.15497 0.0408188
0 0.801411 0.556241 0.119874 0.125066 0.0408141
0 0.849752 0.550364 0.106843 0.120338 0.0391766
0 0.767803 0.586542 0.12318 0.138559 0.0390737
0 0.689372 0.579225 0.117987 0.0833216 0.0389687
0 0.966319 0.657486 0.0665026 0.238061 0.0386597
0 0.379024 0.558385 0.0162483 0.0253942 0.038424
0 0.129289 0.596084 0.0428873 0.0562609 0.038357
0 0.0999298 0.607645 0.0974874 0.112897 0.038212
0 0.909375 0.59631 0.0788435 0.0815194 0.0376229
0 0.670463 0.573432 0.0760875 0.068438 0.0373273
0 0.0539584 0.547138 0.0961442 0.139315 0.0370231
0 0.940077 0.486515 0.115846 0.181642 0.0368907
0 0.721544 0.77642 0.18424 0.271244 0.0364755
0 0.809281 0.541011 0.0950642 0.0939206 0.0359974
0 0.142416 0.59213 0.0248917 0.0391045 0.0358826
0 0.521957 0.586459 0.0275193 0.0522855 0.0357262
0 0.277133 0.541175 0.0174255 0.0241585 0.0354157
0 0.16085 0.602161 0.0764435 0.0993223 0.0349575
0 0.475962 0.557322 0.0639257 0.0757474 0.0348125
0 0.867393 0.53013 0.0629669 0.0949726 0.0347387
0 0.780281 0.538937 0.255978 0.262214 0.034513
0 0.393642 0.520163 0.0118367 0.0166167 0.0342294
0 0.725537 0.510342 0.0639102 0.0668183 0.0340878
0 0.391094 0.52212 0.0106017 0.0152629 0.0338719
0 0.783042 0.52253 0.114725 0.0843764 0.0336243
0 0.845526 0.540763 0.232869 0.241872 0.0336028
0 0.691195 0.538274 0.140992 0.142994 0.0332112
0 0.979185 0.679439 0.0423958 0.220988 0.032875
0 0.336211 0.550473 0.0108204 0.0180662 0.0326326
0 0.371228 0.521469 0.0109774 0.0150372 0.0323804
0 0.387941 0.521976 0.0103619 0.0151729 0.0321897
0 0.271834 0.57119 0.0154479 0.0261685 0.0315075
0 0.349057 0.553341 0.0117512 0.020607 0.0312392
0 0.155763 0.589508 0.0265908 0.038297 0.030944
0 0.248565 0.539983 0.0196254 0.0224606 0.0307538
0 0.40255 0.515808 0.0126111 0.0195185 0.0304584
0 0.971301 0.601405 0.0577587 0.11461 0.0301896
0 0.0360054 0.512176 0.0761779 0.249071 0.0300452
0 0.673954 0.560903 0.0582499 0.0528835 0.0299269
0 0.0186121 0.650328 0.0375595 0.146872 0.0299001
0 0.448462 0.542563 0.0211054 0.0287704 0.0297527
0 0.76268 0.756933 0.245036 0.301258 0.029432
0 0.395034 0.547521 0.0111465 0.0205666 0.0289811
0 0.991315 0.471565 0.017383 0.0778691 0.0289207
0 0.987328 0.705168 0.0245216 0.154727 0.0286871
0 0.879068 0.643829 0.125918 0.191005 0.0286646
0 0.892344 0.508411 0.0805651 0.0826859 0.0285251
0 0.923126 0.498377 0.111026 0.112725 0.0282354
0 0.37921 0.522178 0.0106221 0.0156486 0.0280773
0 0.094099 0.531187 0.113903 0.128636 0.0279462
0 0.844289 0.705413 0.233885 0.370489 0.0279461
0 0.852188 0.523291 0.0539167 0.0720171 0.0275093
0 0.633414 0.532297 0.0717879 0.0658251 0.0273032
0 0.505049 0.582512 0.0162547 0.0319355 0.0272397
0 0.94633 0.682738 0.0964705 0.230624 0.0271317
0 0.0240292 0.524219 0.0436179 0.118712 0.0268217
0 0.380789 0.43816 0.0284578 0.0480849 0.0263861
0 0.584692 0.631007 0.0496416 0.105879 0.0262303
0 0.675601 0.538919 0.0436251 0.0370539 0.0261859
0 0.627694 0.25335 0.0356902 0.053153 0.0256638
0 0.917458 0.61439 0.103948 0.106612 0.0256529
0 0.524726 0.565121 0.0367701 0.0787241 0.0256187
0 0.6584 0.625229 0.0642337 0.112503 0.0250498
0 0.973876 0.575717 0.0549751 0.12371 0.0247666
0 0.0696003 0.490806 0.133742 0.304177 0.0244728
0 0.972347 0.711802 0.0537493 0.148703 0.0244422
0 0.915584 0.646428 0.115084 0.170297 0.024409
0 0.512284 0.561909 0.0253037 0.0559118 0.0242268
0 0.282123 0.479301 0.0525965 0.0735271 0.0239893
0 0.958988 0.694426 0.0761316 0.166327 0.0239115
0 0.0479731 0.524168 0.0705473 0.117172 0.0232874
0 0.190801 0.525159 0.0739131 0.130037 0.0231302
0 0.641065 0.633046 0.0753192 0.119586 0.0229336
0 0.673047 0.459516 0.0316886 0.0380402 0.0229126
0 0.186226 0.633069 0.0398155 0.0739155 0.022881
0 0.554918 0.62647 0.0313375 0.0751171 0.0227613
0 0.990411 0.726903 0.0181923 0.119003 0.0226938
0 0.701195 0.626235 0.0808462 0.118919 0.0225307
0 0.987649 0.759496 0.0274948 0.211698 0.0222611
0 0.982019 0.630207 0.0344379 0.160305 0.0221881
0 0.29757 0.485416 0.0405046 0.067099 0.0221347
0 0.389797 0.448247 0.0339297 0.0601572 0.0220683
0 0.874363 0.503465 0.0537437 0.0656981 0.0219755
0 0.97975 0.469298 0.0398481 0.115471 0.021948
0 0.358758 0.522138 0.012061 0.0161285 0.0216563
0 0.46501 0.588469 0.0149349 0.0332776 0.0215989
0 0.970634 0.965789 0.0633749 0.0918679 0.021565
0 0.670171 0.505236 0.0807474 0.078704 0.0215555
0 0.826163 0.521281 0.0633879 0.0733236 0.0215257
0 0.534824 0.535577 0.0325013 0.0738247 0.0212288
0 0.261571 0.48705 0.0467533 0.0753526 0.0209678
0 0.0617166 0.646843 0.0928131 0.183771 0.0207967
0 0.157149 0.637793 0.0474596 0.0788246 0.0203516
0 0.774559 0.502442 0.107732 0.0887421 0.0203268
0 0.175913 0.586002 0.0268219 0.0408557 0.0202433
0 0.688968 0.510169 0.154325 0.21973 0.0200795
0 0.66295 0.784255 0.118204 0.204201 0.0200216
0 0.981536 0.723979 0.0367878 0.124783 0.019933
0 0.226989 0.530564 0.0304734 0.0425122 0.0196619
0 0.0521516 0.714414 0.082202 0.191143 0.0195746
0 0.791614 0.634639 0.105007 0.14966 0.0195223
0 0.98371 0.591796 0.0312677 0.111559 0.019494
0 0.76451 0.558607 0.194831 0.195947 0.0194337
0 0.988253 0.561658 0.0240395 0.0995115 0.0191246
0 0.461382 0.59189 0.0196557 0.037415 0.0191137
0 0.132528 0.638308 0.0493475 0.0828452 0.0190392
0 0.425971 0.496643 0.0173104 0.0302651 0.0189956
0 0.616645 0.642145 0.0780704 0.127845 0.0189879
0 0.787126 0.448891 0.0884033 0.0897863 0.0189319
0 0.645894 0.501418 0.106733 0.108216 0.0186735
0 0.974342 0.847028 0.0480589 0.160888 0.0185238
0 0.898259 0.485613 0.088094 0.0883375 0.0183244
0 0.776048 0.44962 0.0418018 0.036305 0.0182864
0 0.905097 0.736201 0.159391 0.220282 0.0181172
0 0.600686 0.541229 0.0896426 0.0859879 0.0179249
0 0.774344 0.466003 0.050336 0.0443305 0.0178989
0 0.993105 0.74982 0.0141499 0.114487 0.0178271
0 0.113144 0.501825 0.131197 0.24073 0.0177944
0 0.808304 0.699469 0.128152 0.128671 0.0177123
0 0.931196 0.696944 0.124449 0.150312 0.0176905
0 0.121135 0.517647 0.0728531 0.0900488 0.0176757
0 0.952518 0.472427 0.0851032 0.109472 0.0176614
0 0.764424 0.449134 0.090651 0.0943633 0.0176343
0 0.900143 0.700276 0.184782 0.358251 0.0176242
0 0.341659 0.520259 0.0127611 0.0188557 0.0175906
0 0.929421 0.961459 0.0811794 0.0961897 0.0175409
0 0.67772 0.444425 0.023931 0.0412529 0.017485
0 0.523188 0.637715 0.0315516 0.0795932 0.0174193
0 0.679827 0.516589 0.066482 0.0671904 0.0173675
0 0.860906 0.502825 0.0491013 0.0678258 0.017349
0 0.76372 0.89561 0.200411 0.230634 0.0171503
0 0.424426 0.546767 0.0116274 0.0203916 0.0170363
0 0.461608 0.531956 0.0263344 0.0320964 0.0169442
0 0.104788 0.644487 0.0689456 0.105087 0.0169036
0 0.576133 0.545008 0.0759689 0.0889193 0.0168721
0 0.20499 0.619961 0.0363754 0.0645944 0.0168473
0 0.744787 0.237536 0.0316682 0.0575285 0.0168038
0 0.468802 0.555719 0.0276684 0.0381392 0.0165912
0 0.984293 0.825944 0.0311163 0.199396 0.0165295
0 0.403981 0.456161 0.0327901 0.058532 0.0164127
0 0.644263 0.528852 0.0504906 0.0508223 0.0163042
0 0.992584 0.790662 0.0151159 0.162053 0.0162743
0 0.9905 0.845652 0.0187029 0.16339 0.0162259
0 0.875476 0.472396 0.175675 0.16937 0.0161762
