0 0.277609 0.577176 0.149726 0.192078 0.893371
0 0.168378 0.594381 0.080632 0.101178 0.858742
0 0.390748 0.572836 0.0389652 0.0497928 0.830482
0 0.41278 0.557688 0.0246418 0.0510234 0.803512
0 0.441177 0.568409 0.0139874 0.0219773 0.569622
0 0.350035 0.560541 0.0226647 0.0362988 0.503648
0 0.429768 0.562989 0.0131175 0.0266578 0.474897
0 0.360221 0.561388 0.0152617 0.028894 0.439567
0 0.445334 0.567705 0.0178528 0.0234756 0.424208
0 0.460284 0.561789 0.0147347 0.0205622 0.341464
0 0.449357 0.569349 0.012638 0.0211978 0.331179
0 0.363936 0.559959 0.0157106 0.0283764 0.292464
0 0.35574 0.563201 0.0145353 0.0296261 0.274392
0 0.432732 0.566519 0.01108 0.0217134 0.270072
0 0.349751 0.565365 0.0137997 0.0273878 0.246029
0 0.345115 0.560986 0.0208528 0.0390469 0.243104
0 0.445258 0.567051 0.0112681 0.019821 0.217662
0 0.410468 0.571903 0.0154053 0.0323636 0.211185
0 0.455289 0.564114 0.0132684 0.0202731 0.201997
0 0.43717 0.565669 0.0112503 0.0229296 0.194406
0 0.370241 0.559704 0.0117156 0.022419 0.193259
0 0.463783 0.562643 0.0131821 0.0181414 0.187428
0 0.42434 0.565269 0.0116645 0.0267387 0.187022
0 0.453053 0.56712 0.0111788 0.0195446 0.185432
0 0.367961 0.564267 0.01209 0.0256426 0.181934
0 0.346326 0.566172 0.0152771 0.0308426 0.181867
0 0.458143 0.564231 0.0124664 0.0187832 0.179912
0 0.361194 0.569273 0.0133058 0.0249606 0.166989
0 0.365838 0.567032 0.0144352 0.0258894 0.140754
0 0.405648 0.571477 0.0147066 0.0330241 0.134099
0 0.0920111 0.580614 0.0248007 0.0330238 0.128638
0 0.113879 0.593867 0.0248589 0.0444911 0.114838
0 0.412124 0.563074 0.0189947 0.0384166 0.108875
0 0.103084 0.582921 0.043168 0.0553795 0.107874
0 0.411475 0.542546 0.0191609 0.0223143 0.107167
0 0.498347 0.551502 0.0348738 0.0483529 0.10616
0 0.122164 0.586806 0.0412799 0.0633235 0.106053
0 0.00746987 0.595944 0.0147033 0.058038 0.104313
0 0.196248 0.595623 0.0275681 0.087557 0.0989824
0 0.468433 0.55937 0.0218576 0.0333939 0.0943501
0 0.491849 0.560221 0.0328434 0.0384657 0.0871666
0 0.0508647 0.559458 0.0885378 0.099698 0.0869974
0 0.126856 0.574953 0.0611398 0.0891608 0.0847687
0 0.400764 0.559527 0.0146372 0.0299087 0.084356
0 0.0140582 0.58755 0.0276592 0.0581279 0.0838723
0 0.0196845 0.594391 0.0375615 0.0519517 0.0823427
0 0.0310728 0.564196 0.0608512 0.105517 0.0817573
0 0.345865 0.555066 0.0169494 0.0286267 0.0814615
0 0.514586 0.550915 0.0555905 0.0627533 0.0796945
0 0.133403 0.58679 0.0380846 0.0684189 0.0796181
0 0.00843479 0.57708 0.0174619 0.083204 0.0787119
0 0.0151971 0.565917 0.0313922 0.0862919 0.0768571
0 0.35252 0.568862 0.0179066 0.0418978 0.0747072
0 0.114833 0.599949 0.0199375 0.0343724 0.0745688
0 0.0931255 0.592264 0.0284315 0.0482684 0.0721272
0 0.525947 0.551257 0.0374791 0.0607474 0.0700565
0 0.341973 0.552707 0.0207808 0.0383275 0.066899
0 0.0240331 0.578596 0.0468127 0.0738276 0.0666064
0 0.379265 0.569577 0.019277 0.0366658 0.0652099
0 0.145386 0.575138 0.0443929 0.0783575 0.0646798
0 0.0752593 0.558352 0.0689682 0.0919061 0.0637056
0 0.20152 0.533505 0.0226975 0.030274 0.062789
0 0.0935621 0.564466 0.0360337 0.0713518 0.0627534
0 0.470085 0.557409 0.0143252 0.0249209 0.0618245
0 0.109376 0.564264 0.0651719 0.0892279 0.0608031
0 0.194435 0.576738 0.0325176 0.074466 0.0581855
0 0.0220866 0.607211 0.0453658 0.0745813 0.0573631
0 0.331991 0.5548 0.0297893 0.0587367 0.0569215
0 0.340671 0.585317 0.0279652 0.0801017 0.0561704
0 0.435738 0.553556 0.0114292 0.0221848 0.054812
0 0.968899 0.597084 0.063088 0.0807805 0.0528798
0 0.419077 0.542839 0.0108344 0.0156371 0.052862
0 0.125701 0.592206 0.0162909 0.032445 0.0527898
0 0.19565 0.533768 0.0322068 0.0327638 0.0517118
0 0.13668 0.562142 0.0520971 0.0738456 0.0509403
0 0.612283 0.110269 0.0231294 0.0387236 0.0496832
0 0.124328 0.602406 0.0160231 0.033924 0.0491967
0 0.206798 0.531997 0.0248872 0.0450434 0.0488638
0 0.446502 0.57113 0.00962906 0.0182538 0.0470445
0 0.352529 0.564384 0.0122115 0.0230181 0.0467638
0 0.0821455 0.59901 0.0427499 0.0358114 0.0464991
0 0.149197 0.550693 0.038635 0.0491611 0.0461935
0 0.0182612 0.545745 0.0371515 0.0778536 0.0451404
0 0.630013 0.580503 0.0391538 0.0685816 0.0441412
0 0.592529 0.16688 0.0226592 0.0317677 0.04377
0 0.365792 0.544364 0.0131248 0.0192195 0.0436128
0 0.377466 0.544984 0.0143818 0.0199259 0.0430633
0 0.389508 0.544321 0.0146352 0.0183531 0.0430361
0 0.0498516 0.593566 0.0513953 0.0474383 0.0425807
0 0.206645 0.5766 0.0260412 0.0731716 0.0416276
0 0.191922 0.535883 0.0401422 0.0475579 0.0411007
0 0.978899 0.597566 0.0395958 0.0726496 0.0403388
0 0.121368 0.602017 0.028656 0.0529051 0.0393384
0 0.477142 0.57086 0.0162173 0.026736 0.0391866
0 0.0963299 0.553102 0.0851521 0.118966 0.0380799
0 0.156774 0.544581 0.0423822 0.0409375 0.0379779
0 0.20151 0.591004 0.0164154 0.038076 0.0376517
0 0.968786 0.5634 0.0653416 0.142263 0.0369207
0 0.538244 0.561461 0.0182569 0.0345651 0.0366934
0 0.104611 0.595752 0.0189626 0.0285189 0.0365986
0 0.990792 0.609009 0.0179678 0.060928 0.0362539
0 0.52543 0.432854 0.0168059 0.0288363 0.0360705
0 0.203299 0.526332 0.0270762 0.0377691 0.036023
0 0.19911 0.618817 0.0179612 0.0410666 0.0354207
0 0.206659 0.53142 0.0178727 0.033302 0.0351214
0 0.60885 0.489694 0.0280148 0.0460407 0.0349182
0 0.0740478 0.610906 0.0459881 0.0433847 0.034837
0 0.354725 0.542913 0.0153121 0.0217889 0.0346011
0 0.495674 0.574159 0.0299106 0.0456184 0.0344968
0 0.645427 0.589827 0.0271056 0.0567802 0.033442
0 0.269224 0.489592 0.0533426 0.0346555 0.0324666
0 0.0638188 0.613195 0.0452226 0.0445676 0.032389
0 0.98931 0.509033 0.0203911 0.058907 0.0323436
0 0.145628 0.516104 0.0263782 0.0355253 0.0309019
0 0.0647762 0.592755 0.072566 0.0668639 0.0307106
0 0.507735 0.229223 0.0323601 0.0666746 0.030663
0 0.147838 0.592559 0.0419344 0.0766164 0.0305864
0 0.236502 0.548455 0.0576225 0.110947 0.0305276
0 0.345338 0.542078 0.0174816 0.0274312 0.0299894
0 0.49725 0.572484 0.0209951 0.0303102 0.0299661
0 0.973424 0.533522 0.0467045 0.207284 0.0293654
0 0.983796 0.556536 0.0332716 0.151281 0.0293203
0 0.473584 0.570958 0.0160681 0.0210995 0.0293003
0 0.845355 0.610158 0.0381853 0.0589992 0.0292026
0 0.418951 0.57357 0.0116531 0.0207959 0.0291644
0 0.0930239 0.600281 0.023257 0.0284221 0.0287853
0 0.265315 0.504198 0.0876477 0.0479119 0.0287539
0 0.439782 0.54342 0.00988598 0.014452 0.0284335
0 0.966301 0.480649 0.0677782 0.294359 0.0283256
0 0.435148 0.570383 0.00958834 0.0161452 0.0279874
0 0.95944 0.608956 0.070974 0.0596992 0.0279026
0 0.288906 0.508536 0.0704596 0.0548787 0.027361
0 0.276807 0.486475 0.0518339 0.0214515 0.0268942
0 0.207231 0.565805 0.0173521 0.0515555 0.0263637
0 0.304269 0.123962 0.0151211 0.0264128 0.0263284
0 0.413584 0.573671 0.0113111 0.0248229 0.0263272
0 0.128437 0.543087 0.0574334 0.0789774 0.0261136
0 0.119119 0.489128 0.0292381 0.0388073 0.0258443
0 0.428928 0.56808 0.0102331 0.0191813 0.0257223
0 0.16292 0.55821 0.0684006 0.0935644 0.0254243
0 0.321929 0.585583 0.0602733 0.104908 0.0252302
0 0.679882 0.392516 0.0356096 0.033691 0.0250539
0 0.501719 0.49218 0.0203672 0.0297328 0.0249106
0 0.500655 0.580264 0.0235727 0.0335921 0.0247758
0 0.650074 0.595522 0.0386119 0.0724264 0.0247234
0 0.968695 0.716384 0.0594978 0.128271 0.0247144
0 0.914349 0.565288 0.170628 0.149584 0.0245125
0 0.0916479 0.489584 0.0430571 0.0464778 0.0243856
0 0.987366 0.529067 0.0266336 0.0943904 0.0242599
0 0.61074 0.0823733 0.0196388 0.0394128 0.0240267
0 0.0269572 0.514274 0.0466178 0.0684541 0.0238922
0 0.465111 0.543203 0.0141525 0.019525 0.0238446
0 0.0107902 0.362423 0.0219509 0.0867627 0.0237941
0 0.526522 0.500004 0.0237063 0.0429225 0.0236787
0 0.532161 0.589754 0.0446361 0.0651959 0.0236343
0 0.332065 0.532346 0.021046 0.035128 0.0235336
0 0.28652 0.495612 0.0636346 0.0399427 0.0235103
0 0.208267 0.545451 0.018308 0.0392303 0.0235063
0 0.081822 0.493944 0.0486866 0.0538759 0.0234838
0 0.466764 0.468642 0.0185769 0.0282673 0.0232604
0 0.267768 0.513372 0.131708 0.0753461 0.0230201
0 0.556351 0.565086 0.0373322 0.0433734 0.0228756
0 0.511047 0.218345 0.0327989 0.0595476 0.0228569
0 0.0516862 0.516454 0.0465511 0.06628 0.0225757
0 0.0955063 0.476957 0.0429561 0.0462557 0.0225122
0 0.518044 0.520694 0.0163334 0.0365805 0.0224137
0 0.621564 0.568478 0.0276241 0.0553829 0.0223793
0 0.78792 0.50676 0.0212637 0.0291715 0.0223424
0 0.151856 0.520147 0.0394351 0.0514352 0.0222838
0 0.326939 0.609569 0.0480181 0.0921745 0.0222285
0 0.119164 0.479808 0.0279763 0.0397659 0.0222271
0 0.544763 0.587192 0.0165937 0.0250452 0.0222221
0 0.503087 0.512139 0.0273252 0.0435431 0.0221865
0 0.496003 0.513239 0.0343093 0.0576884 0.0219924
0 0.319272 0.53089 0.0447524 0.0609585 0.0216964
0 0.520275 0.228796 0.0507488 0.0907549 0.0215657
0 0.597061 0.145631 0.0239706 0.03814 0.0215497
0 0.327254 0.542801 0.0406697 0.0576057 0.0214581
0 0.280429 0.529185 0.107742 0.0838695 0.0214151
0 0.301815 0.128734 0.0225862 0.0329645 0.0212919
0 0.343289 0.600238 0.0186222 0.0353105 0.0212645
0 0.563554 0.59795 0.0490119 0.0626389 0.0212346
0 0.294073 0.517352 0.0970719 0.0776181 0.0210522
0 0.499236 0.578126 0.0189215 0.0239812 0.0209521
0 0.0378084 0.510152 0.0398303 0.0576068 0.0207821
0 0.899161 0.60225 0.0973148 0.0740267 0.0206427
0 0.0511081 0.48287 0.0725588 0.0931413 0.0204316
0 0.0889974 0.607905 0.026037 0.0330961 0.0204139
0 0.609656 0.501817 0.0281203 0.0575124 0.0201869
0 0.125772 0.616791 0.0206977 0.0438727 0.0201112
0 0.0089384 0.651358 0.0180359 0.0874099 0.020096
0 0.14676 0.496146 0.0302493 0.0412947 0.0200761
0 0.362082 0.554384 0.0129979 0.0231663 0.0200628
0 0.548604 0.574113 0.0187927 0.0261588 0.0200565
0 0.143599 0.600623 0.0290343 0.0641863 0.0197876
0 0.0632758 0.612719 0.0976894 0.137126 0.0196956
0 0.443312 0.541138 0.0113764 0.0155405 0.0196848
0 0.168078 0.823777 0.121204 0.187914 0.0196362
0 0.258582 0.53589 0.110703 0.105235 0.0196099
0 0.602247 0.138043 0.0212812 0.0314143 0.0196028
0 0.448179 0.482469 0.019015 0.0276252 0.0195865
0 0.236464 0.499694 0.0325397 0.028285 0.019556
0 0.158579 0.496424 0.0360356 0.0510937 0.0195059
0 0.222917 0.80881 0.141451 0.189047 0.0194041
0 0.312545 0.589884 0.0836994 0.127803 0.0193555
0 0.661507 0.586613 0.0619926 0.0798035 0.0193387
0 0.617554 0.5497 0.020365 0.0409992 0.0193254
0 0.271532 0.622519 0.121479 0.101955 0.0192524
0 0.493408 0.243253 0.0300318 0.0672961 0.0192257
0 0.223696 0.524074 0.0250873 0.0326504 0.0190546
0 0.030014 0.621697 0.0407427 0.0759621 0.0189443
0 0.560157 0.599272 0.0370936 0.0381559 0.0188471
0 0.519114 0.213812 0.0389685 0.0647839 0.018836
0 0.0846195 0.61288 0.0271227 0.0357656 0.0188275
0 0.302238 0.529858 0.0778963 0.0784598 0.0188263
0 0.0681774 0.622046 0.0385633 0.0490179 0.0188219
0 0.434656 0.548769 0.0145334 0.0318876 0.0188157
0 0.00571609 0.617782 0.0111624 0.056541 0.0187538
0 0.987348 0.616 0.0270847 0.0645315 0.0187175
0 0.0327137 0.485023 0.0519011 0.0783641 0.0186728
0 0.612038 0.0302327 0.0273373 0.0448627 0.0186707
0 0.613144 0.081065 0.0285387 0.0694979 0.0184068
0 0.49474 0.40666 0.0542793 0.0980269 0.0183979
0 0.0866154 0.476454 0.0524673 0.0584507 0.0183516
0 0.130788 0.4818 0.030645 0.0385545 0.0182769
0 0.509398 0.236361 0.0447213 0.10211 0.0182272
0 0.289892 0.0596222 0.0386425 0.0550937 0.0181473
0 0.458255 0.479142 0.0186421 0.0277687 0.0181457
0 0.0566478 0.627334 0.0307513 0.0453331 0.0181217
0 0.60751 0.467523 0.0269492 0.049549 0.0181063
0 0.392825 0.447185 0.0246816 0.0415666 0.0180872
0 0.165122 0.476352 0.0263351 0.0344408 0.0180833
0 0.0618752 0.529614 0.120776 0.18617 0.0180717
0 0.627419 0.545972 0.0670628 0.141756 0.0180136
0 0.509636 0.503088 0.0274224 0.0480998 0.0180099
0 0.517831 0.493644 0.0273108 0.0451903 0.0179989
0 0.892015 0.247672 0.0712606 0.10339 0.0179621
0 0.310904 0.556973 0.0733025 0.0871118 0.0179463
0 0.147539 0.635319 0.0233212 0.0426925 0.0178866
0 0.524074 0.45197 0.0194094 0.0362578 0.017733
0 0.494356 0.460227 0.0331331 0.0444494 0.0177274
0 0.00941148 0.520772 0.0200286 0.0631592 0.0176874
0 0.606975 0.108965 0.0371119 0.0749919 0.0176622
0 0.301623 0.120935 0.0166179 0.0315514 0.0176291
0 0.98919 0.640322 0.0232246 0.0703237 0.0176259
0 0.549357 0.566277 0.0176537 0.0301702 0.0176237
0 0.649978 0.577464 0.0471486 0.0804671 0.0176137
0 0.179936 0.513511 0.0461598 0.0618975 0.0176066
0 0.00839952 0.501841 0.015857 0.0355313 0.0174958
0 0.014692 0.513202 0.028988 0.0501733 0.0174719
0 0.589856 0.570889 0.0493938 0.0557461 0.0174264
0 0.974538 0.506773 0.0492332 0.0897308 0.0173948
0 0.453349 0.539447 0.0126738 0.0211288 0.0172777
0 0.494272 0.210131 0.0337073 0.0577892 0.0172425
0 0.532308 0.441822 0.0272852 0.0402852 0.0172143
0 0.458872 0.539635 0.0163273 0.0313364 0.0171713
0 0.236468 0.513538 0.0404628 0.0370345 0.0171068
0 0.0688558 0.508497 0.0382495 0.0503482 0.0170752
0 0.478418 0.464404 0.0247976 0.0361737 0.0170505
0 0.843271 0.514396 0.02281 0.0363373 0.0170353
0 0.98144 -0.0132245 0.0371626 0.0425371 0.017029
0 0.530015 0.595066 0.0231046 0.0283502 0.0168534
0 0.533242 0.583977 0.020969 0.0286537 0.0168328
0 0.294174 0.123292 0.0355201 0.053028 0.0168003
0 0.93431 0.539001 0.137508 0.212339 0.0166796
0 0.530596 0.608936 0.036847 0.063613 0.0166135
0 0.594114 0.603007 0.0697639 0.0788391 0.0165368
0 0.29036 0.551701 0.0733984 0.0915087 0.0165286
0 0.305142 0.645592 0.0407147 0.057751 0.0164933
0 0.105118 0.6369 0.0319187 0.0602309 0.0164842
0 0.613493 0.511541 0.0279653 0.0643995 0.0163682
0 0.357665 0.487199 0.0249048 0.0335828 0.016362
0 0.524855 0.239699 0.0382729 0.0750264 0.0163436
0 0.0573716 0.63047 0.0417543 0.0600953 0.0163408
0 0.529822 0.551823 0.0220821 0.04375 0.0163139
0 0.189787 0.652261 0.0364154 0.0743974 0.0162613
0 0.928093 0.611246 0.0761848 0.0554295 0.0161336
0 0.0387948 0.470444 0.0555272 0.0807577 0.0161191
0 0.937299 0.577061 0.118418 0.11811 0.016102
0 0.174484 0.603805 0.0585217 0.0875895 0.0160748
0 0.232387 0.637455 0.0405972 0.0631602 0.0159981
0 0.369798 0.487931 0.0231304 0.0318946 0.0159468
0 0.617077 0.108647 0.0373598 0.0509202 0.0159248
0 0.985418 0.709274 0.0266605 0.121621 0.0159183
0 0.510936 0.399715 0.0393485 0.0854038 0.0158906
0 0.30894 0.627961 0.0481093 0.0693862 0.0158301
0 0.59155 0.205547 0.0213615 0.0359935 0.0158101
0 0.471975 0.530004 0.0191107 0.0351354 0.0157285
0 0.679044 0.600534 0.0745951 0.100608 0.0157269
0 0.989176 0.740154 0.0211599 0.0944816 0.0156946
0 0.526158 0.586103 0.022082 0.0343438 0.0156944
0 0.968432 0.617063 0.0608583 0.082371 0.0156451
0 0.603325 0.0587681 0.0318185 0.058872 0.0156268
0 0.877956 0.248028 0.0432474 0.0772273 0.0156087
0 0.633834 0.188156 0.0226167 0.0385323 0.0154903
0 0.491317 0.224916 0.0539414 0.078233 0.0154514
0 0.294642 0.623405 0.0636919 0.077985 0.0154006
0 0.589308 0.571323 0.0382348 0.0410855 0.0153331
0 0.0666863 0.477081 0.0465548 0.0596061 0.015252
0 0.294587 0.0985156 0.0338433 0.0574004 0.015238
