0 0.646385 0.566373 0.183936 0.219823 0.88686
0 0.518944 0.471337 0.0338239 0.0514989 0.835658
0 0.603121 0.427987 0.101583 0.167756 0.825726
0 0.486386 0.478053 0.0424498 0.0613491 0.806628
0 0.458211 0.452984 0.0213402 0.0331326 0.803222
0 0.285772 0.434882 0.0463522 0.0427197 0.601755
0 0.409017 0.437896 0.0191045 0.0266398 0.569662
0 0.446864 0.430586 0.0138956 0.0203934 0.536765
0 0.389614 0.44165 0.0186616 0.0288128 0.495004
0 0.482429 0.439379 0.0132765 0.0169724 0.493465
0 0.306343 0.435977 0.034932 0.0356413 0.488749
0 0.418729 0.4361 0.0146316 0.0232417 0.487866
0 0.328742 0.438662 0.0279675 0.0293447 0.383279
0 0.491338 0.441347 0.0132425 0.0176475 0.335724
0 0.466319 0.430067 0.012851 0.0183824 0.33538
0 0.470098 0.430876 0.0119733 0.0165875 0.329858
0 0.504214 0.443448 0.0160852 0.020883 0.304618
0 0.486952 0.439325 0.0136173 0.0179135 0.292992
0 0.480079 0.437476 0.0131512 0.0167357 0.289378
0 0.51023 0.43983 0.0184772 0.0223231 0.263172
0 0.421061 0.433011 0.0132765 0.0194979 0.251237
