0 0.383792 0.448285 0.0173343 0.0214907 0.539439
0 0.5625 0.428272 0 0.119102 0.48154
0 0.384977 0.449317 0.0134319 0.0159943 0.280055
0 0.381734 0.445652 0.0229189 0.0275544 0.246337
0 0.5625 0.434657 0 0.144392 0.230814
0 0.5625 0.422118 0 0.0818331 0.189242
0 0.5625 0.446196 0 0.130901 0.169091
0 0.5625 0.456548 0 0.160269 0.168401
0 0.5625 0.44254 0 0.14982 0.163494
0 0.5625 0.439689 0 0.119135 0.161261
0 0.5625 0.436995 0 0.13339 0.159337
0 0.5625 0.423407 0 0.0595751 0.156652
0 0.391655 0.450345 0.0122297 0.0181637 0.155144
0 0.5625 0.439803 0 0.10004 0.154051
0 0.376645 0.446334 0.0134992 0.019563 0.13954
0 0.5625 0.469279 0 0.137238 0.138362
0 0.5625 0.411374 0 0.0827911 0.134899
0 0.382327 0.448503 0.0114044 0.0169398 0.134165
0 0.5625 0.395532 0 0.0532181 0.125641
0 0.5625 0.423827 0 0.11452 0.123344
0 0.5625 0.424455 0 0.100919 0.116549
0 0.5625 0.424714 0 0.162956 0.115325
0 0.5625 0.439725 0 0.133919 0.113858
0 0.390348 0.443585 0.015226 0.0234072 0.110453
0 0.5625 0.447206 0 0.124517 0.100099
0 0.5625 0.411491 0 0.088843 0.0976886
0 0.389126 0.448252 0.0109312 0.0186317 0.0944141
0 0.5625 0.450295 0 0.142098 0.0889748
0 0.5625 0.399414 0 0.0628855 0.085874
0 0.5625 0.448977 0 0.111509 0.0835422
0 0.386397 0.453865 0.0166 0.0192191 0.0811031
0 0.5625 0.452685 0 0.103817 0.0700508
0 0.0379813 0.594215 0.0759626 0.186851 0.068143
0 0.368659 0.434519 0.0113075 0.0171491 0.0681205
0 0.5625 0.414178 0 0.083758 0.0663834
0 0.382265 0.457536 0.0144332 0.0193966 0.0660686
0 0.5625 0.49421 0 0.043972 0.0658867
0 0.5625 0.40819 0 0.193671 0.0653116
0 0.393504 0.446763 0.0172511 0.0227184 0.0644477
0 0.483093 0.429867 0.0602016 0.0550529 0.0638565
0 0.5625 0.462933 0 0.0697541 0.0634422
0 0.5625 0.486359 0 0.121672 0.0617172
0 0.5625 0.488735 0 0.119933 0.0605286
0 0.037307 0.70793 0.074614 0.404332 0.0594724
0 0.5625 0.45966 0 0.130831 0.057441
0 0.466871 0.453792 0.0311436 0.0322289 0.056978
0 0.5625 0.450951 0 0.0921454 0.0558911
0 0.0340078 0.584698 0.0649112 0.0774902 0.0554667
0 0.5625 0.455025 0 0.0767069 0.0544457
0 0.5625 0.504754 0 0.239555 0.0544212
0 0.448703 0.460966 0.0394673 0.028104 0.0536216
0 0.943907 0.406872 0.111661 0.191847 0.0520193
0 0.757086 0.430999 0.13757 0.179087 0.0515139
0 0.380444 0.452005 0.0144701 0.0175688 0.0509041
0 0.722953 0.445697 0.0865002 0.0895556 0.0489949
0 0.407571 0.449651 0.0187369 0.0186863 0.0473593
0 0.0253875 0.586633 0.0489068 0.0606938 0.0469621
0 0.84362 0.466788 0.110082 0.106068 0.0459991
0 0.683984 0.431329 0.0793509 0.107387 0.0443657
0 0.921116 0.375623 0.146996 0.26134 0.04426
0 0.689236 0.444266 0.0585693 0.0817554 0.0436527
0 0.374188 0.43273 0.0126818 0.0172696 0.0433405
0 0.697686 0.458256 0.0412281 0.056683 0.0429965
0 0.111822 0.713981 0.216363 0.412886 0.0429835
0 0.670637 0.502866 0.0892536 0.0662853 0.0415388
0 0.52098 0.472879 0.0365772 0.0293359 0.0413518
0 0.992768 0.390517 0.0149559 0.0863363 0.0405155
0 0.681624 0.457115 0.0639818 0.0626314 0.0404876
0 0.985571 0.390642 0.0306646 0.129614 0.0401724
0 0.600175 0.497912 0.0541242 0.0696554 0.0401115
0 0.533712 0.472591 0.044041 0.0283338 0.039965
0 0.885711 0.399855 0.0850769 0.123476 0.0391974
0 0.364949 0.410707 0.013681 0.0215725 0.0387561
0 0.444274 0.455412 0.0251801 0.021155 0.0385585
0 0.885154 0.596775 0.210181 0.378473 0.0380433
0 0.848254 0.378412 0.157179 0.245812 0.0378865
0 0.368629 0.444038 0.0154504 0.020256 0.0375754
0 0.725999 0.43001 0.107613 0.131895 0.0373382
0 0.367497 0.397046 0.0154871 0.0255064 0.0372624
0 0.380427 0.431591 0.0136566 0.01827 0.0370029
0 0.708083 0.518114 0.146314 0.19972 0.0365074
0 0.663453 0.519182 0.105812 0.114175 0.0363018
0 0.761072 0.507885 0.12902 0.21474 0.0361084
0 0.468504 0.446284 0.0292801 0.0252717 0.0353772
0 0.59923 0.483799 0.0400871 0.0344228 0.0352743
0 0.0587901 0.60782 0.115876 0.194431 0.0351424
0 0.668897 0.472386 0.0582895 0.043963 0.0349249
0 0.403632 0.459927 0.0272847 0.0314189 0.0345594
0 0.758053 0.43008 0.097114 0.139211 0.0339815
0 0.68661 0.468401 0.0614785 0.0535077 0.0333944
0 0.671544 0.447379 0.0554301 0.0747474 0.03315
0 0.366029 0.401597 0.0117936 0.018686 0.0327701
0 0.667323 0.424303 0.0669995 0.117307 0.0325395
0 0.940305 0.486363 0.112711 0.11432 0.0324674
0 0.0749315 0.679937 0.148993 0.446867 0.0323794
0 0.398265 0.448635 0.0217603 0.0284212 0.0322595
0 0.787364 0.43196 0.11672 0.140257 0.0319465
0 0.977698 0.519492 0.0460478 0.171554 0.0318321
0 0.44002 0.457956 0.0198446 0.0197945 0.03182
0 0.424236 0.453579 0.0230702 0.028512 0.0318165
0 0.933648 0.503803 0.134359 0.229342 0.0316612
0 0.165413 0.783353 0.208162 0.305022 0.0316182
0 0.0326863 0.566784 0.0635844 0.138007 0.0312673
0 0.661324 0.462815 0.0389501 0.0444325 0.0310952
0 0.239119 0.815418 0.181947 0.290825 0.0310453
0 0.383555 0.394312 0.02696 0.0481907 0.030952
0 0.364354 0.451642 0.0164638 0.0226358 0.0303553
0 0.504175 0.435452 0.0949209 0.0746673 0.0301664
0 0.425411 0.458261 0.0141318 0.0175577 0.0300751
0 0.556069 0.471486 0.0444839 0.0343092 0.0299402
0 0.374374 0.456078 0.0144457 0.0213118 0.029449
0 0.0572088 0.764603 0.10881 0.328794 0.0292287
0 0.41514 0.462807 0.0165083 0.017496 0.0292213
0 0.494474 0.469234 0.0545095 0.0465077 0.0287479
0 0.387185 0.401977 0.016637 0.0282664 0.0287435
0 0.0785182 0.584609 0.156493 0.171001 0.0281802
0 0.544618 0.469134 0.0485242 0.0308421 0.0278455
0 0.0299395 0.492615 0.0587483 0.0974948 0.0277488
0 0.38498 0.430834 0.012647 0.0194175 0.0276895
0 0.231626 0.754003 0.162123 0.250013 0.0276437
0 0.658878 0.447576 0.043915 0.0667769 0.0274979
0 0.919609 0.182571 0.156582 0.276159 0.0274294
0 0.597772 0.469465 0.0344611 0.0256893 0.027418
0 0.363651 0.448848 0.0395579 0.0467796 0.0273664
0 0.196874 0.86985 0.183485 0.274933 0.027347
0 0.823453 0.418287 0.0880273 0.142657 0.0267729
0 0.674774 0.515063 0.0732756 0.0696399 0.0266401
0 0.440488 0.447484 0.0176625 0.0207414 0.0265617
0 0.734875 0.387092 0.12556 0.207966 0.0262759
0 0.865409 0.395616 0.0892994 0.122896 0.0261505
0 0.403364 0.403896 0.0134892 0.0200901 0.0259364
0 0.949818 0.376057 0.0723307 0.055409 0.0257683
0 0.598614 0.511379 0.0675622 0.0902465 0.0256716
0 0.572464 0.433856 0.0840974 0.0816766 0.0254819
0 0.628774 0.502582 0.0687207 0.0712046 0.0254621
0 0.0807787 0.866426 0.149437 0.202396 0.0254361
0 0.645109 0.481821 0.0597404 0.0504367 0.0252479
0 0.0343841 0.520339 0.0694041 0.139154 0.0251673
0 0.0341201 0.466285 0.0671603 0.140436 0.024992
0 0.502338 0.314662 0.018737 0.023596 0.0248711
0 0.674052 0.549968 0.0979847 0.10172 0.0240624
0 0.693855 0.446653 0.1401 0.196823 0.0239257
0 0.652213 0.456799 0.0388719 0.0445351 0.0238095
0 0.435173 0.465852 0.0162327 0.0206018 0.0238064
0 0.649584 0.505281 0.0860445 0.07636 0.0237138
0 0.215679 0.884194 0.0650631 0.0971375 0.0234281
0 0.963147 0.378447 0.0731337 0.0778919 0.0232141
0 0.42743 0.471039 0.017205 0.0194394 0.0231695
0 0.459326 0.455212 0.0252774 0.0183044 0.0231384
0 0.693805 0.548552 0.129334 0.132994 0.0229158
0 0.698441 0.409204 0.0693564 0.144209 0.0228803
0 0.81576 0.472421 0.0853678 0.0897848 0.0228419
0 0.581656 0.464677 0.0564659 0.034608 0.0228164
0 0.653242 0.438982 0.0749563 0.0810924 0.0228018
0 0.0261209 0.60521 0.0517943 0.153933 0.0227931
0 0.417137 0.439946 0.0206376 0.025301 0.0227195
0 0.278887 0.691585 0.0238745 0.0369693 0.0226338
0 0.321694 0.353924 0.0708231 0.0914153 0.0225643
0 0.517715 0.464042 0.0475371 0.0482658 0.022408
0 0.476162 0.454026 0.0646748 0.049593 0.0223813
0 0.238395 0.842552 0.0845702 0.121538 0.022294
0 0.970276 0.245362 0.029438 0.0510768 0.0221339
0 0.612133 0.25658 0.0531157 0.08007 0.0220836
0 0.957597 0.359954 0.0895865 0.221082 0.0220506
0 0.270447 0.873184 0.198428 0.297344 0.0218991
0 0.405207 0.3985 0.0147662 0.020518 0.0218056
0 0.74288 0.594789 0.0461707 0.0503493 0.0217061
0 0.96554 0.564862 0.0749645 0.274024 0.0216852
0 0.585808 0.282801 0.116288 0.150892 0.0216769
0 0.97049 0.237611 0.0211079 0.0282151 0.0215491
0 0.738927 0.560694 0.0877961 0.141632 0.0214338
0 0.49415 0.56304 0.0491464 0.0701708 0.0213799
0 0.920315 0.393354 0.0859455 0.0896049 0.0213401
0 0.762519 0.47269 0.0781982 0.104525 0.0212619
0 0.290495 0.708537 0.0483822 0.0813821 0.021177
0 0.278498 0.731773 0.0628229 0.0943895 0.0211553
0 0.503331 0.563266 0.0362649 0.0609707 0.0211496
0 0.257434 0.844547 0.0720556 0.111319 0.0210871
0 0.48624 0.560417 0.0680164 0.0847895 0.02106
0 0.628838 0.511549 0.0863561 0.100167 0.0209406
0 0.732246 0.597921 0.0415011 0.0423148 0.0209356
0 0.516094 0.478101 0.0206049 0.0282277 0.0208856
0 0.767908 0.365666 0.14859 0.233936 0.0208321
0 0.767808 0.639716 0.103914 0.177055 0.0205496
0 0.656001 0.393914 0.0343324 0.0632264 0.0205467
0 0.468368 0.540416 0.0939936 0.127463 0.0204244
0 0.98669 0.514617 0.0257441 0.126904 0.0204067
0 0.746937 0.609864 0.071248 0.0791662 0.020285
0 0.0676931 0.531912 0.131166 0.174614 0.0202833
0 0.275683 0.746495 0.195798 0.250603 0.0202622
0 0.342626 0.461335 0.0870917 0.0977909 0.0202383
0 0.0360313 0.398888 0.0716495 0.235095 0.020196
0 0.811668 0.352547 0.191716 0.246336 0.0201741
0 0.0137113 0.502622 0.0265907 0.0788783 0.0197393
0 0.75844 0.399685 0.0820916 0.148262 0.0197331
0 0.0648556 0.816309 0.114782 0.213402 0.0196736
0 0.345805 0.375351 0.026092 0.0429514 0.0195389
0 0.665335 0.404219 0.0475716 0.0912175 0.019534
0 0.319908 0.535698 0.122599 0.162964 0.0195335
0 0.0505649 0.432572 0.0974265 0.201453 0.0195294
0 0.707334 0.527054 0.115943 0.131583 0.019507
0 0.982117 0.34292 0.0347303 0.139701 0.0193488
0 0.45487 0.478551 0.0345805 0.0432599 0.0191471
0 0.15435 0.670927 0.24259 0.365887 0.0190564
0 0.392401 0.468462 0.0206229 0.0228163 0.019022
0 0.0453289 0.584073 0.10606 0.0991536 0.0188503
0 0.301957 0.710015 0.0431525 0.0741127 0.0188183
0 0.205814 0.83789 0.0495402 0.0695423 0.0187784
0 0.307594 0.663004 0.0568937 0.0760342 0.0187647
0 0.454726 0.412069 0.0313476 0.0426608 0.0187613
0 0.957402 0.359042 0.0765648 0.0837995 0.0185943
0 0.513614 0.470044 0.0285804 0.030165 0.0185906
0 0.632465 0.455489 0.0400373 0.0445595 0.0185538
0 0.347758 0.463189 0.0409888 0.0479735 0.0185443
0 0.265216 0.765524 0.0511398 0.0768563 0.0184736
0 0.496124 0.547027 0.0588709 0.101931 0.0184333
0 0.276256 0.711887 0.0486779 0.072583 0.0183882
0 0.217863 0.816382 0.0580737 0.0746512 0.0183548
0 0.423319 0.510557 0.0383107 0.0555979 0.0183136
0 0.781581 0.246385 0.0401628 0.0486085 0.0182042
0 0.239923 0.796104 0.0541882 0.0692556 0.0181926
0 0.397978 0.493931 0.0335439 0.0614216 0.0181771
0 0.31236 0.694972 0.0407146 0.0635274 0.0180963
0 0.970545 0.552963 0.0609577 0.171876 0.0180745
0 0.992537 0.370595 0.0152826 0.0736718 0.0180449
0 0.728808 0.404188 0.0855072 0.155191 0.0180389
0 0.670464 0.576997 0.0535299 0.0551359 0.0178547
0 0.12613 0.862975 0.226808 0.292374 0.0178322
0 0.286211 0.629551 0.156664 0.197494 0.0178314
0 0.0903388 0.620363 0.126868 0.141991 0.0177389
0 0.57847 0.415173 0.0874111 0.092743 0.0177032
0 0.12178 0.833371 0.131968 0.167566 0.017699
0 0.585046 0.493883 0.0666766 0.0778912 0.0176913
0 0.648297 0.553297 0.105919 0.126743 0.0176344
0 0.386764 0.356931 0.0249586 0.0374859 0.0176112
0 0.435715 0.446377 0.0228362 0.0247904 0.0175467
0 0.597764 0.53284 0.0736577 0.100315 0.0175253
0 0.690757 0.538039 0.0742764 0.110911 0.0174912
0 0.741459 0.587061 0.076877 0.0882498 0.0174833
0 0.165914 0.886613 0.0830807 0.117546 0.0173904
0 0.978002 0.363559 0.044371 0.107925 0.017371
0 0.265928 0.786286 0.0368137 0.0536862 0.0173509
0 0.289124 0.758993 0.0447001 0.0640021 0.0173401
0 0.467754 0.587843 0.0726128 0.114541 0.0172948
0 0.334851 0.443274 0.066732 0.0882502 0.017292
0 0.212596 0.789065 0.108046 0.174321 0.0172691
0 0.529506 0.475352 0.0236395 0.0248716 0.0172491
0 0.576119 0.4484 0.113957 0.125081 0.017204
0 0.318107 0.740583 0.175756 0.226901 0.017166
0 0.237924 0.814987 0.0510728 0.0681752 0.0169119
0 0.648103 0.418032 0.0646349 0.105399 0.0168508
0 0.167291 0.832148 0.112157 0.174583 0.0168376
0 0.0314626 0.428554 0.0615193 0.137886 0.0167609
0 0.390076 0.35174 0.024854 0.038628 0.0166713
0 0.581303 0.322607 0.122908 0.200586 0.0166407
0 0.60255 0.437409 0.0839773 0.0763745 0.0165741
0 0.978552 0.264481 0.043034 0.114333 0.0165468
0 0.977273 0.832813 0.0428816 0.181904 0.0165127
0 0.202127 0.854988 0.0477206 0.0692629 0.0164535
0 0.290209 0.562449 0.159642 0.200302 0.016412
0 0.689793 0.515708 0.0577312 0.0785162 0.01638
0 0.323145 0.680331 0.0565688 0.0804424 0.0163511
0 0.524291 0.494859 0.0346229 0.0491783 0.0163237
0 0.56864 0.694809 0.0381403 0.0340502 0.0162684
0 0.312984 0.711256 0.0354965 0.0592243 0.016237
0 0.696271 0.375153 0.0961596 0.187862 0.0161794
0 0.647704 0.353033 0.0576698 0.12189 0.0161567
0 0.069207 0.660832 0.109423 0.194209 0.0160549
0 0.716247 0.560648 0.103757 0.126437 0.015924
0 0.256727 0.7383 0.0987188 0.145867 0.015919
0 0.226813 0.797932 0.0618625 0.0752277 0.0158605
0 0.371337 0.365956 0.0208665 0.0300219 0.0158538
0 0.388463 0.483713 0.0507878 0.0864755 0.0158048
0 0.446945 0.468577 0.0212579 0.022767 0.0157313
0 0.743554 0.529837 0.0915606 0.14872 0.0157015
0 0.399175 0.419405 0.0142912 0.0190512 0.0156729
0 0.609453 0.552319 0.104315 0.13649 0.0155962
0 0.189197 0.839308 0.0473793 0.0656815 0.0155766
0 0.722788 0.585107 0.0678076 0.0770673 0.0155685
0 0.423809 0.83843 0.0425689 0.0791044 0.0155374
0 0.744953 0.37288 0.0677877 0.124459 0.0155243
0 0.309625 0.727338 0.0318014 0.0493072 0.0155126
0 0.608807 0.277915 0.0600767 0.11495 0.0154332
0 0.844477 0.384902 0.0969149 0.119857 0.0154046
0 0.0535472 0.374229 0.099861 0.244252 0.0153815
0 0.484536 0.498647 0.0485793 0.0631141 0.0153736
0 0.251887 0.792146 0.0467781 0.0642487 0.0153441
0 0.324533 0.711363 0.0458378 0.0616881 0.0153383
0 0.641711 0.394787 0.0852733 0.144003 0.0153367
0 0.625645 0.337636 0.0943081 0.204642 0.0153323
0 0.227327 0.831274 0.0506929 0.0649387 0.0152899
0 0.629937 0.537628 0.129428 0.148585 0.0152861
0 0.629254 0.295621 0.0762441 0.143495 0.0152806
0 0.537309 0.477249 0.0294847 0.0304062 0.0152588
0 0.980352 -0.0142827 0.0382261 0.0410027 0.0152464
0 0.188294 0.855196 0.0479757 0.067534 0.0151317
0 0.323102 0.62297 0.150487 0.190003 0.0151292
0 0.202013 0.81646 0.0479518 0.0677755 0.0151232
0 0.29837 0.695654 0.0522294 0.0725552 0.0151025
0 0.101757 0.800546 0.146898 0.198303 0.0150688
