0 0.255485 0.703021 0.0204497 0.0265555 0.723022
0 0.199042 0.702777 0.0292529 0.0323583 0.628161
0 0.270164 0.6942 0.0135568 0.0213713 0.422169
0 0.376159 0.719423 0.0160799 0.018515 0.205661
0 0.25785 0.698718 0.0160864 0.0199999 0.162436
0 0.270452 0.695374 0.0191713 0.027701 0.154821
0 0.200212 0.706549 0.0209916 0.0206577 0.141415
0 0.261286 0.693231 0.0143528 0.0205514 0.140171
0 0.207827 0.703773 0.0160208 0.0180127 0.135936
0 0.27325 0.691159 0.0142163 0.0197835 0.135002
0 0.385522 0.721025 0.0162946 0.0171504 0.130818
0 0.391229 0.72124 0.0169526 0.0174832 0.128479
0 0.269064 0.698252 0.0136098 0.0216163 0.124046
0 0.433119 0.70798 0.0264617 0.0323334 0.120562
0 0.0236331 0.675122 0.0444384 0.0529418 0.119812
0 0.260817 0.702958 0.0125008 0.021009 0.119226
0 0.428945 0.712782 0.0315716 0.0394248 0.116735
0 0.219716 0.695758 0.0359909 0.0443941 0.113781
0 0.38231 0.716565 0.0279481 0.025706 0.113686
0 0.379848 0.719241 0.0199001 0.0207516 0.107485
0 0.373934 0.717214 0.0130112 0.017551 0.106813
0 0.398239 0.724423 0.0154083 0.016059 0.106545
0 0.282796 0.691048 0.0250311 0.0329168 0.106526
0 0.384916 0.717615 0.0128245 0.0147651 0.0964987
0 0.196642 0.702858 0.0238735 0.0235502 0.095836
0 0.0528654 0.671228 0.0822867 0.0687004 0.0945765
0 0.402122 0.724206 0.0175463 0.0203454 0.0924211
0 0.557701 0.723084 0.00959735 0.0506126 0.0896269
0 0.203225 0.692933 0.0411471 0.0592433 0.087924
0 0.371714 0.729517 0.0135261 0.0261202 0.0878005
0 0.393392 0.724173 0.0130314 0.0163406 0.0873881
0 0.0272155 0.670367 0.0536916 0.0772237 0.0861705
0 0.227462 0.705732 0.0173463 0.0217119 0.0844936
0 0.423506 0.720608 0.0306434 0.0383118 0.0835869
0 0.338983 0.684473 0.0134529 0.0184655 0.0820256
0 0.413977 0.73005 0.0213602 0.0200399 0.0810186
0 0.370644 0.716616 0.015939 0.0224886 0.0808696
0 0.397947 0.721557 0.019948 0.0210392 0.0805588
0 0.277421 0.693655 0.0256289 0.0348521 0.0791343
0 0.42217 0.727672 0.0261048 0.0292357 0.079058
0 0.0663181 0.6733 0.0596704 0.0592636 0.0741868
0 0.292074 0.690416 0.0145376 0.0257353 0.0732984
0 0.25086 0.704351 0.0139507 0.0207426 0.0728604
0 0.373664 0.725017 0.0142206 0.0246953 0.0721314
0 0.370662 0.732969 0.0201509 0.0318943 0.0720581
0 0.0455323 0.673499 0.0896855 0.0977598 0.0706698
0 0.411836 0.709692 0.0597987 0.0486223 0.0702466
0 0.426979 0.716947 0.0203061 0.0209579 0.0695976
0 0.379333 0.722375 0.0123884 0.0190326 0.0692518
0 0.297345 0.690119 0.0211798 0.033699 0.067924
0 0.340282 0.692729 0.0180263 0.0279193 0.0677719
0 0.225388 0.69426 0.0171276 0.0224436 0.0676779
0 0.294381 0.693229 0.0331954 0.0370963 0.0674618
0 0.530965 0.702363 0.0786616 0.0635512 0.0652938
0 0.388742 0.669513 0.0253278 0.028836 0.0634462
0 0.642233 0.715125 0.100007 0.0743744 0.0628758
0 0.566284 0.713931 0.0282283 0.027311 0.0625342
0 0.368401 0.729635 0.0157546 0.0211809 0.0618892
0 0.16601 0.684831 0.0301275 0.0400243 0.0616568
0 0.204842 0.698319 0.0201462 0.0240943 0.0603126
0 0.633843 0.722552 0.0762916 0.055083 0.0579734
0 0.395636 0.676198 0.0466155 0.0563482 0.0579179
0 0.194958 0.70802 0.0174324 0.021618 0.0571745
0 0.361011 0.70686 0.0133656 0.0173548 0.0570866
0 0.610421 0.726075 0.0413695 0.0381309 0.055459
0 0.222951 0.697487 0.0171895 0.0204258 0.0551927
0 0.418378 0.726843 0.01644 0.0186783 0.0547464
0 0.405229 0.689177 0.0670023 0.0804928 0.0543492
0 0.228511 0.704139 0.0376213 0.0450489 0.0535815
0 0.358046 0.707128 0.0120566 0.0161136 0.0532138
0 0.553774 0.716119 0.121596 0.0936418 0.0530301
0 0.433381 0.720687 0.024599 0.0274785 0.0529869
0 0.191554 0.69986 0.0177564 0.0247503 0.0527121
0 0.357322 0.700548 0.032704 0.0364219 0.0514987
0 0.299232 0.697466 0.027821 0.0299911 0.051454
0 0.439688 0.704648 0.0322257 0.0412974 0.0513531
0 0.57868 0.708798 0.0708248 0.0656754 0.0508789
0 0.0251112 0.705152 0.0518462 0.114698 0.0506553
0 0.390666 0.656599 0.029174 0.0281168 0.0504466
0 0.39688 0.732489 0.0200254 0.0246533 0.050137
0 0.501086 0.708685 0.0202566 0.0260466 0.0496058
0 0.348233 0.725695 0.0529232 0.0809375 0.0490309
0 0.0584229 0.686605 0.0862296 0.0799674 0.0490194
0 0.23694 0.69871 0.0290198 0.0316332 0.048819
0 0.618946 0.725214 0.0522582 0.0452582 0.0486995
0 0.316718 0.688749 0.055538 0.048064 0.048185
0 0.168263 0.690508 0.0425082 0.0481358 0.047843
0 0.537418 0.712795 0.103032 0.0731647 0.0469799
0 0.415097 0.736221 0.0173479 0.0197996 0.0458815
0 0.343312 0.699659 0.0265255 0.043465 0.045582
0 0.0192436 0.684428 0.0374867 0.0859937 0.0453782
0 0.550819 0.69037 0.123279 0.112475 0.0450688
0 0.196741 0.697929 0.0212843 0.0221758 0.0442928
0 0.394681 0.659614 0.0445525 0.0410549 0.0433603
0 0.230084 0.700911 0.0184576 0.0224484 0.0432464
0 0.485982 0.705553 0.0461494 0.0433753 0.0432398
0 0.592459 0.712193 0.0860842 0.0788757 0.0431992
0 0.351334 0.713626 0.035487 0.0557534 0.0429135
0 0.33527 0.709505 0.0579798 0.0644979 0.0426632
0 0.158098 0.682561 0.0463276 0.0533325 0.0422857
0 0.619696 0.716999 0.0698883 0.0607027 0.0412576
0 0.389808 0.661478 0.0230661 0.0219868 0.0403633
0 0.0335653 0.704525 0.0679565 0.164671 0.0396877
0 0.184636 0.69383 0.0335688 0.0380196 0.0389827
0 0.33705 0.694584 0.0266879 0.0371426 0.0386242
0 0.260614 0.685383 0.0284773 0.042384 0.0385227
0 0.0528279 0.646783 0.106245 0.19452 0.0383952
0 0.340518 0.707238 0.0309306 0.04655 0.0373949
0 0.0945297 0.672055 0.0588397 0.0628846 0.0373819
0 0.149865 0.693302 0.0652601 0.0697728 0.0368942
0 0.511666 0.703596 0.0409294 0.0446772 0.03646
0 0.335159 0.684227 0.0201393 0.0257512 0.0363421
0 0.422442 0.697672 0.0485205 0.0559967 0.0362318
0 0.405444 0.71058 0.0211489 0.0227075 0.0360424
0 0.436576 0.716758 0.0315859 0.0395133 0.0359374
0 0.618631 0.712215 0.115068 0.0813936 0.0354788
0 0.310901 0.688336 0.0167323 0.0217963 0.0343111
0 0.189535 0.70791 0.0167964 0.0247703 0.0341566
0 0.469698 0.702152 0.0720215 0.0651284 0.0341525
0 0.0444055 0.704685 0.0836684 0.105773 0.0339844
0 0.119058 0.676593 0.106404 0.0979417 0.0333849
0 0.660466 0.714867 0.062737 0.0613475 0.0332155
0 0.0635987 0.720644 0.12452 0.182761 0.033163
0 0.448214 0.707539 0.0511929 0.0499891 0.0330306
0 0.58921 0.544603 0.0271053 0.0397387 0.0327189
0 0.619996 0.690977 0.152501 0.126437 0.0326202
0 0.0915859 0.671577 0.116016 0.0936651 0.0324588
0 0.111677 0.672998 0.0798299 0.072875 0.0324163
0 0.079732 0.666664 0.0747476 0.0700931 0.0321296
0 0.481972 0.707667 0.0566687 0.0637235 0.0305331
0 0.620966 0.731619 0.0668267 0.0635807 0.0302607
0 0.713101 0.716272 0.0940238 0.0799683 0.0301482
0 0.178289 0.703054 0.0805381 0.0958399 0.0300724
0 0.0388519 0.754237 0.0773662 0.282831 0.0300609
0 0.975964 0.775245 0.0488131 0.134259 0.0284872
0 0.502674 0.703386 0.0292109 0.0395445 0.0283712
0 0.813864 0.0485033 0.0400522 0.0498992 0.0280281
0 0.548466 0.725158 0.0873142 0.0832023 0.0279798
0 0.66892 0.700447 0.136945 0.104143 0.0279239
0 0.510362 0.669334 0.0386002 0.0462158 0.0278811
0 0.168493 0.682091 0.0576346 0.0643467 0.0278675
0 0.06831 0.904314 0.128943 0.190441 0.0277571
0 0.36367 0.74954 0.0203382 0.0351556 0.0277261
0 0.0604817 0.812106 0.118329 0.332636 0.0277255
0 0.336147 0.733259 0.0568478 0.0815823 0.0274581
0 0.917027 0.631035 0.166405 0.364822 0.0274568
0 0.16823 0.684748 0.0211374 0.0306 0.0274487
0 0.19438 0.653107 0.142437 0.164916 0.0274108
0 0.710528 0.529159 0.0314601 0.0385628 0.0273349
0 0.445927 0.694631 0.0554525 0.0701979 0.0272314
0 0.679396 0.715126 0.0628138 0.063264 0.0260966
0 0.443083 0.747946 0.02335 0.0301802 0.0260336
0 0.446729 0.728527 0.0334753 0.0355762 0.0259723
0 0.532114 0.680696 0.0849538 0.0936379 0.0259015
0 0.794211 0.0532565 0.0592585 0.0662486 0.0256418
0 0.578047 0.699949 0.0873934 0.0938098 0.0254226
0 0.492434 0.724679 0.0499362 0.057399 0.0254176
0 0.503595 0.726249 0.037423 0.0577218 0.0253329
0 0.132737 0.680408 0.0586777 0.0592434 0.0250172
0 0.511774 0.715934 0.0429608 0.0498262 0.0248639
0 0.691725 0.713018 0.0797575 0.0776109 0.0247629
0 0.499441 0.723091 0.0238578 0.0363198 0.0247116
0 0.111835 0.636392 0.191008 0.256489 0.0246415
0 0.60649 0.745971 0.0283674 0.0351822 0.0245607
0 0.923033 0.70098 0.150589 0.188701 0.0239692
0 0.439004 0.735427 0.0238371 0.0286801 0.023918
0 0.494176 0.716806 0.0318959 0.0391066 0.0237458
0 0.463757 0.689068 0.0948141 0.0906372 0.0233908
0 0.0255614 0.750664 0.0498555 0.256964 0.0233666
0 0.521544 0.724633 0.0760476 0.0926953 0.0232841
0 0.0416555 0.957838 0.0605445 0.0814292 0.0232355
0 0.951086 0.734159 0.0962412 0.176022 0.0232273
0 0.04882 0.930774 0.0911295 0.136358 0.0228382
0 0.816445 0.0431967 0.0757357 0.0950957 0.0226836
0 0.020848 0.738762 0.0445236 0.179442 0.0226634
0 0.0899996 0.770735 0.176123 0.254545 0.0225491
0 0.0747885 0.887169 0.0839217 0.0891083 0.0224335
0 0.311514 0.654651 0.0712179 0.0905728 0.0224259
0 0.986335 0.776521 0.0278343 0.121609 0.0223437
0 0.0414439 0.858846 0.0842813 0.26314 0.0222238
0 0.990763 0.805626 0.0192236 0.0795729 0.0222194
0 0.620577 0.968018 0.0559351 0.0570026 0.0220094
0 0.0393888 0.64704 0.0758829 0.145088 0.0219895
0 0.946207 0.674197 0.105544 0.214996 0.0219236
0 0.138007 0.670199 0.0769171 0.078059 0.0217811
0 0.408835 0.747792 0.0195097 0.0246736 0.0217759
0 0.584861 0.886515 0.13065 0.157134 0.0217441
0 0.812779 0.0670897 0.0669637 0.0981561 0.021554
0 0.501397 0.744357 0.0317954 0.0458822 0.0214324
0 0.373512 0.687301 0.0347109 0.0467871 0.0213665
0 0.584029 0.920873 0.0843963 0.119484 0.0213087
0 0.281237 0.70585 0.0208029 0.0343379 0.021121
0 0.941094 0.569706 0.116233 0.311403 0.0211057
0 0.263379 0.675286 0.011228 0.0154703 0.021102
0 0.761933 0.0455414 0.108567 0.116189 0.0210882
0 0.112622 0.708833 0.169317 0.233595 0.0209691
0 0.235907 0.675046 0.0141232 0.0173566 0.0206891
0 0.230279 0.67747 0.0162161 0.0194737 0.0205653
0 0.791131 0.0424652 0.0862919 0.107586 0.0205556
0 0.0880165 0.63769 0.130861 0.146626 0.0204783
0 0.0980843 0.68723 0.0780299 0.0748717 0.0204383
0 0.4946 0.674764 0.0939428 0.102215 0.0204362
0 0.607313 0.543612 0.0483273 0.0547116 0.0204265
0 0.340459 0.74763 0.0701478 0.0898683 0.0203577
0 0.501378 0.681492 0.0449755 0.0650396 0.0203408
0 0.966718 0.744243 0.0647738 0.144408 0.0203281
0 0.611412 0.920592 0.100424 0.123827 0.0203062
0 0.583458 0.686205 0.170235 0.136882 0.0202107
0 0.0917534 0.85641 0.163377 0.205009 0.0199541
0 0.600844 0.742695 0.0242262 0.038199 0.0199018
0 0.656772 0.527698 0.13485 0.118896 0.0198413
0 0.795901 0.0634625 0.0756336 0.0955506 0.0198397
0 0.42591 0.744827 0.0185156 0.0221758 0.0197193
0 0.976244 0.80589 0.0479004 0.106317 0.0196653
0 0.384089 0.678025 0.0219016 0.0238497 0.0196011
0 0.489188 0.73027 0.0329426 0.0463467 0.0195854
0 0.582914 0.544031 0.0366057 0.0504354 0.0193635
0 0.0193646 0.65446 0.0331788 0.0937686 0.019301
0 0.70819 0.521773 0.0379299 0.0455257 0.0191893
0 0.117841 0.899996 0.165302 0.180688 0.0191124
0 0.27553 0.686097 0.0146299 0.0205847 0.0189917
0 0.959005 0.779546 0.0750545 0.109304 0.0189766
0 0.346505 0.763272 0.0480559 0.0688946 0.0188739
0 0.823496 0.0489975 0.0644951 0.0689106 0.0187903
0 0.973406 0.709741 0.0502253 0.168835 0.0186739
0 0.981986 0.819086 0.0359764 0.157907 0.0184812
0 0.970712 0.564864 0.0564529 0.196847 0.0183618
0 0.850114 0.0424181 0.104007 0.110378 0.0183491
0 0.28068 0.969665 0.0798482 0.0719693 0.0182815
0 0.950926 0.760868 0.0906767 0.109423 0.0182053
0 0.167825 0.718344 0.074742 0.0933486 0.0180882
0 0.981926 0.500263 0.0368719 0.103561 0.0180619
0 0.131166 0.725212 0.124424 0.128706 0.0180067
0 0.973718 0.666491 0.0505505 0.1832 0.0178878
0 0.954637 0.878395 0.0893887 0.22866 0.017873
0 0.169458 0.70366 0.033829 0.0436601 0.0178321
0 0.763872 0.100954 0.10592 0.145385 0.0178162
0 0.0300851 0.895002 0.0560975 0.135598 0.0176934
0 0.699902 0.53023 0.0528043 0.0543712 0.0176354
0 0.0282576 0.810281 0.0542022 0.305738 0.0176326
0 0.953104 0.823408 0.0883434 0.199343 0.017608
0 0.172322 0.660897 0.0445358 0.0665852 0.0176067
0 0.950176 0.523283 0.09321 0.170547 0.0175594
0 0.0121025 0.768226 0.024857 0.162731 0.0175337
0 0.0909891 0.929404 0.12898 0.136424 0.0175259
0 0.688182 0.675427 0.150172 0.139988 0.0175051
0 0.978126 0.480218 0.0446806 0.124692 0.0174679
0 0.972033 0.612909 0.0549782 0.213128 0.0173504
0 0.0297452 0.850509 0.056962 0.162917 0.0172483
0 0.95165 0.794694 0.0753725 0.0765474 0.0172032
0 0.63488 0.970373 0.0556639 0.048888 0.0172009
0 0.985253 0.738588 0.03002 0.136521 0.0171679
0 0.566461 0.919693 0.0399665 0.0674725 0.0171583
0 0.581589 0.557027 0.0387456 0.0635863 0.0170849
0 0.831856 0.0622901 0.100544 0.126283 0.017075
0 0.980578 0.854326 0.0392359 0.148464 0.0170591
0 0.0462993 0.735798 0.0844859 0.137913 0.0168204
0 0.991576 0.827425 0.0176743 0.0949346 0.0167564
0 0.365903 0.758249 0.0211837 0.0347688 0.016676
0 0.0670134 0.707562 0.0845081 0.0992228 0.0166053
0 0.11758 0.689408 0.0702918 0.0701726 0.0165907
0 0.0651919 0.598874 0.113125 0.194396 0.016553
0 0.950693 0.458029 0.0998783 0.271769 0.0163899
0 0.970875 0.827335 0.0562202 0.119877 0.0163671
0 0.690032 0.529925 0.0724901 0.070897 0.0163241
0 0.0181632 0.996962 0.0300113 0.0411413 0.0162994
0 0.0920364 0.876127 0.0848651 0.0818476 0.0161262
0 0.417489 0.677671 0.0622866 0.0752905 0.0160978
0 0.227075 0.675506 0.0164351 0.02115 0.0160846
0 0.916834 0.809088 0.168398 0.335807 0.0160471
0 0.676513 0.644521 0.179209 0.199769 0.0159977
0 0.0132513 0.913933 0.0258081 0.13577 0.015969
0 0.834953 0.0964595 0.0862519 0.117683 0.0159003
0 0.0275167 0.931748 0.0519215 0.151941 0.0158991
0 0.604883 0.554164 0.0667891 0.0803825 0.0158612
0 0.894056 0.698145 0.201082 0.289941 0.0158259
0 0.183139 0.735719 0.0737834 0.0938348 0.0157947
0 0.0694325 0.585572 0.13712 0.297495 0.0157577
0 0.590409 0.94822 0.0385972 0.0807534 0.0157006
0 0.989645 0.851483 0.0213989 0.121601 0.0156466
0 0.785848 0.961374 0.0800794 0.0854916 0.0156259
0 0.542949 0.750701 0.101661 0.120734 0.0156084
0 0.450512 0.672891 0.0814032 0.0967124 0.0154535
0 0.25059 0.722618 0.0290027 0.0429688 0.0154392
0 0.512928 0.65845 0.0349694 0.0431833 0.0152216
0 0.970375 0.878087 0.0555408 0.143297 0.0151904
0 0.962678 0.810543 0.0645811 0.0844108 0.0151875
0 0.275716 0.67463 0.0122973 0.0170701 0.015172
0 0.0986568 0.6515 0.0723314 0.101383 0.0150979
0 0.836212 0.696471 0.178263 0.196981 0.0150851
0 0.979504 0.530701 0.0406343 0.117545 0.0150779
0 0.575388 0.751264 0.0669251 0.0899082 0.0150542
0 0.928841 0.879978 0.147393 0.243204 0.0150261
0 0.0166899 0.788741 0.0361964 0.178592 0.0150168
0 0.310029 0.735569 0.0493531 0.0843491 0.0150089
0 0.709872 0.0423879 0.0907159 0.104796 0.0149897
0 0.955257 0.483055 0.0806824 0.14182 0.0149798
0 0.926691 0.874215 0.113808 0.173659 0.0149279
0 0.566133 0.539006 0.0702752 0.0727043 0.0148995
0 0.765483 0.0588095 0.073532 0.077825 0.0148926
