0 0.139113 0.54704 0.278225 0.257481 0.796257
0 0.322122 0.518841 0.111332 0.161199 0.739658
0 0.554661 0.482983 0.0259336 0.0334442 0.695529
0 0.402453 0.5045 0.069188 0.116631 0.659584
0 0.64772 0.492855 0.0206082 0.0316167 0.62626
0 0.58671 0.480411 0.0187912 0.0232125 0.615324
0 0.520767 0.491101 0.0342333 0.0463777 0.599884
0 0.487514 0.492781 0.0381765 0.0661084 0.581463
0 0.668462 0.505359 0.0251321 0.0411126 0.550817
0 0.579783 0.482547 0.0187075 0.0257619 0.546445
0 0.617415 0.479074 0.0142641 0.019772 0.507216
0 0.633154 0.483471 0.0147179 0.0219433 0.478001
0 0.702065 0.523452 0.0391222 0.0776052 0.465063
0 0.451971 0.497611 0.0486805 0.0847768 0.457472
0 0.686364 0.516326 0.0328254 0.0663478 0.446109
0 0.544304 0.485736 0.0229214 0.0354665 0.438791
0 0.728274 0.545655 0.0658662 0.116547 0.417717
0 0.775954 0.590825 0.0908453 0.128222 0.387778
0 0.607046 0.480159 0.0135759 0.0176985 0.35499
0 0.597213 0.47996 0.0107644 0.0162331 0.329143
0 0.654218 0.493974 0.0282932 0.0425834 0.322852
0 0.600031 0.480308 0.012593 0.0168599 0.320593
0 0.677519 0.513916 0.0316767 0.0567022 0.319502
0 0.593857 0.47869 0.0140337 0.0192573 0.315214
0 0.643063 0.489718 0.0152864 0.0254979 0.307761
0 0.645249 0.485995 0.0224668 0.036932 0.295515
0 0.629752 0.483172 0.0119364 0.0180708 0.290678
0 0.558403 0.48467 0.0184787 0.026278 0.289995
0 0.759259 0.564674 0.121383 0.162976 0.286645
0 0.576688 0.484587 0.0153918 0.0241016 0.269103
0 0.56268 0.483954 0.0176237 0.0281245 0.265666
0 0.546074 0.486941 0.016993 0.0277435 0.261867
0 0.627465 0.481614 0.0111857 0.0169095 0.261696
0 0.540372 0.489054 0.0200901 0.0344038 0.260524
0 0.680995 0.507168 0.0415479 0.0727075 0.258478
0 0.591928 0.481257 0.0129977 0.0200014 0.257428
0 0.639289 0.487907 0.0147122 0.0240794 0.255485
