0 0.5625 0.607795 0 0.0799941 0.897129
0 0.5625 0.615338 0 0.131762 0.890796
0 0.5625 0.597378 0 0.106006 0.879678
0 0.098805 0.603299 0.197239 0.189615 0.806183
0 0.5625 0.595463 0 0.0478204 0.643013
0 0.5625 0.58905 0 0.0445069 0.637439
0 0.5625 0.592641 0 0.041294 0.630725
0 0.5625 0.601522 0 0.0555762 0.629875
0 0.5625 0.589974 0 0.0301584 0.484157
0 0.5625 0.594558 0 0.0457926 0.474156
0 0.5625 0.597603 0 0.0524823 0.268926
0 0.5625 0.587405 0 0.0456195 0.257215
0 0.5625 0.593859 0 0.0356226 0.253199
0 0.5625 0.593 0 0.0230631 0.245843
0 0.5625 0.590386 0 0.0356659 0.209463
0 0.5625 0.59036 0 0.0238829 0.203139
0 0.5625 0.592699 0 0.0231263 0.196163
0 0.5625 0.594169 0 0.0381198 0.194298
0 0.5625 0.583515 0 0.0432217 0.193535
0 0.5625 0.600754 0 0.0332063 0.190608
0 0.5625 0.579714 0 0.0572127 0.177392
0 0.5625 0.594632 0 0.02623 0.17594
0 0.5625 0.593877 0 0.0468102 0.168334
0 0.5625 0.596126 0 0.0410035 0.163359
0 0.5625 0.583106 0 0.0494331 0.159181
0 0.5625 0.581843 0 0.031425 0.150011
0 0.5625 0.587709 0 0.0319707 0.146928
0 0.5625 0.589501 0 0.0290849 0.139643
0 0.5625 0.592498 0 0.0271799 0.137769
0 0.5625 0.584354 0 0.0271796 0.137655
0 0.5625 0.59858 0 0.0336569 0.126522
0 0.5625 0.584742 0 0.0739882 0.118453
0 0.5625 0.588522 0 0.0275887 0.116937
0 0.5625 0.60755 0 0.0654005 0.113652
0 0.5625 0.595241 0 0.0339003 0.112659
0 0.5625 0.590275 0 0.0233452 0.110567
0 0.5625 0.58962 0 0.0341924 0.110194
0 0.153539 0.406021 0.0624025 0.0386733 0.107828
0 0.5625 0.599174 0 0.0305217 0.105735
0 0.5625 0.594835 0 0.0297871 0.104504
0 0.5625 0.590627 0 0.0294133 0.097636
0 0.147764 0.606068 0.100404 0.134221 0.0956379
0 0.5625 0.591138 0 0.0301205 0.095181
0 0.32685 0.53288 0.0662231 0.0715295 0.0921393
0 0.388626 0.523656 0.0383464 0.0276889 0.0917775
0 0.386967 0.53989 0.0590517 0.0506836 0.0853393
0 0.5625 0.591904 0 0.0318776 0.0844377
0 0.5625 0.588518 0 0.0330148 0.0840371
0 0.5625 0.584866 0 0.0300421 0.0814835
0 0.5625 0.605265 0 0.0909298 0.0786724
0 0.952114 0.597852 0.0129641 0.0268538 0.0770357
0 0.937345 0.58708 0.0216196 0.0342694 0.0767919
0 0.273162 0.535916 0.0578076 0.0578757 0.0766654
0 0.818396 0.605674 0.0162405 0.039456 0.076467
0 0.52025 0.513914 0.0336797 0.0265672 0.0760612
0 0.32569 0.541305 0.10169 0.0849867 0.0760077
0 0.0539546 0.603515 0.106808 0.174645 0.0748296
0 0.958759 0.587757 0.0195671 0.0297434 0.074828
0 0.527099 0.511117 0.0496799 0.0392618 0.0747679
0 0.815192 0.605604 0.0171635 0.0455723 0.0747343
0 0.848629 0.590755 0.0171097 0.0306912 0.069526
0 0.385479 0.531297 0.0482453 0.0398832 0.0664792
0 0.236296 0.537262 0.0977435 0.0713483 0.0661558
0 0.0149956 0.576777 0.0312325 0.138435 0.065992
0 0.128116 0.59695 0.13682 0.161996 0.064041
0 0.354384 0.535571 0.117187 0.0930282 0.0637461
0 0.384444 0.501593 0.0538287 0.0679265 0.0607099
0 0.361831 0.504607 0.0970745 0.0839425 0.0598443
0 0.75406 0.600929 0.0488126 0.100339 0.0589769
0 0.530604 0.497947 0.05524 0.0691839 0.0589293
0 0.0327104 0.592931 0.060129 0.178853 0.0589189
0 0.145951 0.576365 0.110536 0.112011 0.0581241
0 0.148754 0.415753 0.077974 0.0711736 0.0546304
0 0.997172 0.589676 0.00810528 0.0410415 0.0540334
0 0.371018 0.544459 0.0842327 0.0720684 0.0538394
0 0.947685 0.579145 0.024704 0.0439171 0.0536129
0 0.0100719 0.585656 0.0203237 0.152638 0.0531345
0 0.997727 0.60802 0.00700417 0.0477945 0.0527249
0 0.764855 0.599668 0.0373552 0.104629 0.0524544
0 0.290475 0.546179 0.0870412 0.069675 0.050996
0 0.233374 0.548591 0.0780501 0.0573416 0.0508623
0 0.163646 0.610175 0.0687923 0.116416 0.0505367
0 0.264145 0.54278 0.0832289 0.0679342 0.0485547
0 0.410989 0.545699 0.0971734 0.0775545 0.0477846
0 0.15605 0.586043 0.0781942 0.0827125 0.0471601
0 0.535918 0.549477 0.0751712 0.0957963 0.0470485
0 0.547095 0.499425 0.084763 0.0801963 0.0458871
0 0.553989 0.553141 0.130298 0.103861 0.0444854
0 0.141607 0.400644 0.0484594 0.039527 0.0434987
0 0.588203 0.564997 0.0732294 0.0789864 0.043391
0 0.0859089 0.471824 0.173515 0.228114 0.0426728
0 0.439368 0.544071 0.164968 0.104662 0.0421001
0 0.965371 0.584499 0.0179352 0.0267744 0.0412703
0 0.686298 0.593622 0.043531 0.0805124 0.0408514
0 0.122863 0.555329 0.0997228 0.0708416 0.0403337
0 0.817148 0.58866 0.0201143 0.0385155 0.0398347
0 0.526867 0.522197 0.0562257 0.0486103 0.0398003
0 0.136601 0.431874 0.128993 0.117171 0.0396572
0 0.203926 0.539725 0.165823 0.107339 0.0385638
0 0.170472 0.594547 0.053793 0.0784563 0.037664
0 0.11529 0.575488 0.114234 0.112444 0.0370033
0 0.212834 0.537777 0.105381 0.0785412 0.0369798
0 0.170579 0.594274 0.0920713 0.1493 0.0367485
0 0.522822 0.518634 0.0409938 0.0313282 0.0367258
0 0.226762 0.558206 0.105907 0.0884042 0.0363715
0 0.166244 0.579702 0.0577816 0.0609957 0.0362682
0 0.00792914 0.55575 0.0166032 0.0927742 0.0360043
0 0.318041 0.508065 0.0698108 0.0719594 0.0358801
0 0.694434 0.148779 0.0308554 0.0460366 0.0354468
0 0.0545337 0.553965 0.105829 0.0923432 0.0354356
0 0.00823925 0.614592 0.0167061 0.129116 0.0352959
0 0.836028 0.585312 0.0215675 0.0371304 0.03514
0 0.502221 0.504848 0.108629 0.07494 0.0349974
0 0.23287 0.600178 0.132288 0.166016 0.0347368
0 0.520234 0.557598 0.0734589 0.0920025 0.0346161
0 0.482474 0.551753 0.156264 0.0994836 0.0337387
0 0.161513 0.569638 0.0751274 0.0728773 0.0335135
0 0.766902 0.592447 0.062161 0.0951466 0.0332001
0 0.278618 0.512388 0.0791004 0.0856061 0.0330609
0 0.194093 0.498787 0.19455 0.167172 0.0330438
0 0.493857 0.522163 0.103664 0.0647513 0.0330304
0 0.639464 0.563571 0.0524632 0.0786032 0.0329049
0 0.78247 0.612357 0.0512951 0.0838617 0.0328779
0 0.129078 0.634631 0.0989199 0.112581 0.032846
0 0.168506 0.548035 0.131817 0.110554 0.0323685
0 0.396728 0.50191 0.0553174 0.0630895 0.0322905
0 0.641825 0.282557 0.0394482 0.0596583 0.0322266
0 0.297419 0.512664 0.121461 0.102257 0.0321527
0 0.0513388 0.511378 0.105143 0.245707 0.0318449
0 0.18263 0.564124 0.100326 0.0950601 0.0317477
0 0.507748 0.514591 0.0708664 0.0428212 0.0316761
0 0.553134 0.525974 0.106522 0.104796 0.0316451
0 0.154123 0.399249 0.0698465 0.0634642 0.0312002
0 0.220557 0.581925 0.116392 0.115909 0.0310338
0 0.58696 0.482814 0.0547192 0.045476 0.0309354
0 0.103158 0.613765 0.11917 0.153088 0.0309034
0 0.117131 0.479066 0.171296 0.183102 0.0308117
0 0.59341 0.464503 0.0496595 0.0440292 0.0305466
0 0.209492 0.460247 0.212026 0.161437 0.0304655
0 0.947126 0.60572 0.0205282 0.0316399 0.0302681
0 0.311052 0.436548 0.0252792 0.0300522 0.0302597
0 0.970057 0.576236 0.0138113 0.0298455 0.0299519
0 0.58882 0.522963 0.0714927 0.0833293 0.0296566
0 0.0151222 0.613325 0.0312107 0.146447 0.0294172
0 0.248216 0.504473 0.107103 0.090986 0.0292852
0 0.693637 0.141913 0.0478589 0.065742 0.0290919
0 0.148055 0.438103 0.0863253 0.105943 0.0290621
0 0.313411 0.484828 0.0743746 0.103948 0.0287364
0 0.130629 0.409532 0.11417 0.0922991 0.0285155
0 0.0592145 0.574572 0.139372 0.127224 0.0282862
0 0.247331 0.439675 0.032413 0.0346703 0.0280382
0 0.646931 0.480066 0.0265611 0.0429314 0.0272111
0 0.615731 0.507659 0.0900178 0.0687461 0.0271424
0 0.446953 0.532567 0.113667 0.0740289 0.0270778
0 0.095461 0.637239 0.0960767 0.11023 0.0269099
0 0.179109 0.406693 0.088371 0.0539932 0.0267314
0 0.73458 0.620151 0.0658495 0.114623 0.0264468
0 0.95447 0.609893 0.0312973 0.0614899 0.026273
0 0.167109 0.460383 0.179922 0.146372 0.0262159
0 0.192245 0.415174 0.148284 0.0951486 0.0261735
0 0.602584 0.509152 0.0558421 0.0570983 0.0261034
0 0.43262 0.491874 0.0465081 0.0466914 0.0260396
0 0.43678 0.547089 0.108645 0.0785375 0.0258986
0 0.627784 0.559598 0.05679 0.085231 0.0257899
0 0.182491 0.378017 0.0504457 0.051376 0.0256286
0 0.783783 0.627642 0.0313267 0.0583039 0.0254195
0 0.574937 0.56765 0.102065 0.094605 0.0253496
0 0.225488 0.498453 0.0961807 0.0777266 0.0252109
0 0.291066 0.482831 0.124697 0.12835 0.0251953
0 0.0642986 0.432528 0.121004 0.229707 0.025091
0 0.0722092 0.774251 0.1305 0.222126 0.025008
0 0.612579 0.472287 0.0967738 0.0704362 0.0248781
0 0.641945 0.517477 0.0459739 0.0628963 0.0248579
0 0.80342 0.413895 0.0337748 0.0499 0.0246461
0 0.735917 0.431859 0.0518641 0.0437396 0.024645
0 0.619117 0.555663 0.122303 0.14443 0.0245878
0 0.630384 0.523774 0.0751403 0.0802461 0.024131
0 0.419954 0.533154 0.0964436 0.0656303 0.0241165
0 0.0955611 0.548956 0.166005 0.0852448 0.0239796
0 0.410802 0.507655 0.0915473 0.0704952 0.0239617
0 0.108952 0.541613 0.103062 0.0625573 0.0235948
0 0.55824 0.585275 0.12899 0.126893 0.0235918
0 0.997152 0.5768 0.0077219 0.0283418 0.0234715
0 0.983434 0.609537 0.0285925 0.0696546 0.0232595
0 0.832516 0.543662 0.0733126 0.109369 0.0232544
0 0.634406 0.560914 0.0806475 0.10817 0.0230836
0 0.429408 0.501585 0.0707027 0.0584509 0.0230683
0 0.190317 0.443411 0.150751 0.128274 0.0230062
0 0.816386 0.426297 0.0541798 0.0610336 0.0228841
0 0.776948 0.586663 0.0929967 0.126362 0.0228752
0 0.638938 0.501049 0.0518805 0.0711513 0.0228539
0 0.243615 0.432495 0.0403154 0.0443081 0.0226535
0 0.123423 0.463233 0.140686 0.130504 0.0225771
0 0.74191 0.556452 0.11041 0.1447 0.0223156
0 0.60096 0.535433 0.0725762 0.102029 0.0220564
0 0.264306 0.440126 0.0882005 0.0780947 0.0219938
0 0.191661 0.365321 0.0331276 0.0412254 0.0219081
0 0.0606581 0.528795 0.120975 0.0579152 0.0218638
0 0.746103 0.582192 0.0490762 0.0655802 0.0218115
0 0.154028 0.651791 0.0669889 0.0821353 0.0217357
0 0.750464 0.541966 0.0313909 0.0322137 0.0216647
0 0.435004 0.490392 0.0581315 0.0641367 0.0215311
0 0.0582658 0.668759 0.107405 0.224042 0.02151
0 0.212496 0.431891 0.116824 0.0785101 0.0213284
0 0.217248 0.459866 0.101833 0.0959465 0.0211054
0 0.935579 0.603828 0.0185696 0.0294479 0.0210483
0 0.931519 0.556222 0.0266953 0.0377645 0.0210031
0 0.762953 0.418585 0.0844616 0.0830372 0.0209752
0 0.65159 0.573029 0.0721882 0.114842 0.0209131
0 0.00760412 0.533751 0.0162613 0.0846438 0.0207856
0 0.239901 0.425553 0.0342338 0.0345568 0.0207827
0 0.310478 0.566706 0.116861 0.116871 0.0206792
0 0.644564 0.474181 0.0379987 0.0644369 0.020633
0 0.60799 0.497399 0.0629151 0.0610378 0.0204747
0 0.876827 0.536695 0.0503334 0.0758761 0.0204454
0 0.269029 0.474701 0.0965521 0.121694 0.0203604
0 0.0344608 0.456192 0.0660511 0.128483 0.0203506
0 0.248135 0.454744 0.0730281 0.0847042 0.0202954
0 0.983463 1.00982 0.0310951 0.0442493 0.0202621
0 0.33754 0.509351 0.138622 0.112779 0.0202278
0 0.527209 0.575122 0.0998419 0.110266 0.0201611
0 0.694467 0.129249 0.066041 0.0863334 0.0201349
0 0.742267 0.427389 0.0717308 0.0641285 0.0199101
0 0.917766 0.548199 0.0322374 0.0500594 0.0197318
0 0.133569 0.390783 0.078579 0.0708717 0.0196563
0 0.59551 0.494823 0.0459458 0.0540983 0.0194476
0 0.628314 0.37047 0.0188059 0.0332501 0.0193898
0 0.72251 0.427801 0.0543265 0.0547779 0.0193107
0 0.198194 0.417757 0.0902129 0.0594367 0.0192133
0 0.261766 0.590383 0.11298 0.148472 0.0190688
0 0.310116 0.482238 0.231412 0.168022 0.0189775
0 0.496958 0.572763 0.124432 0.119919 0.0189404
0 0.681518 0.428282 0.0376815 0.0383315 0.0188548
0 0.871002 0.559219 0.0228996 0.0249112 0.0188391
0 0.0532238 0.343543 0.097049 0.164472 0.018742
0 0.292029 0.445626 0.0679933 0.0630881 0.018603
0 0.916975 0.518042 0.0432331 0.0778267 0.0185576
0 0.121173 0.524693 0.0971137 0.0684944 0.0185498
0 0.885847 0.954365 0.0291786 0.0498128 0.0183331
0 0.998064 0.624837 0.00662174 0.0403609 0.0182238
0 0.036596 0.465451 0.0670846 0.22281 0.0180561
0 0.703546 0.615775 0.0663258 0.107792 0.0180486
0 0.625172 0.570973 0.0401523 0.0689859 0.0180428
0 0.463987 0.582239 0.17703 0.146044 0.0179371
0 0.705462 0.548833 0.0890021 0.135352 0.0178729
0 0.882983 0.558256 0.0196671 0.0217139 0.0177936
0 0.0535137 0.489374 0.106418 0.104307 0.0176082
0 0.887347 0.556569 0.0220154 0.0277863 0.0175966
0 0.669889 0.443339 0.063556 0.0685198 0.0175379
0 0.837529 0.354355 0.0521931 0.0513955 0.0175132
0 0.924318 0.59325 0.0122324 0.02042 0.0175116
0 0.996233 0.667278 0.0107109 0.0523657 0.0174968
0 0.249152 0.574292 0.0964963 0.109385 0.0174814
0 0.77272 0.406326 0.0573646 0.0666419 0.0174112
0 0.106662 0.518698 0.0847649 0.0543015 0.0174
0 0.0657467 0.64947 0.0709051 0.0824171 0.0173383
0 0.686093 0.434843 0.0547477 0.0551566 0.0172099
0 0.765225 0.636685 0.0463724 0.0840665 0.0172034
0 0.830606 0.59931 0.0167614 0.042593 0.0170543
0 0.758597 0.095136 0.0346412 0.0463415 0.0170348
0 0.377232 0.480823 0.214929 0.165924 0.0169392
0 0.465831 0.510385 0.0664074 0.0537066 0.0169158
0 0.678827 0.631227 0.026111 0.0515295 0.0168402
0 0.0425148 0.517656 0.081472 0.102452 0.0168309
0 0.100927 0.358433 0.15043 0.170783 0.0168226
0 0.732857 0.577944 0.0613393 0.0560315 0.0168111
0 0.101034 0.412778 0.102272 0.0841874 0.0166164
0 0.772241 0.424248 0.057491 0.0682532 0.0165971
0 0.0357244 0.488065 0.0708086 0.122485 0.0165372
0 0.741662 0.540439 0.0329086 0.0330271 0.0165287
0 0.651189 0.522978 0.0670788 0.0862508 0.0164915
0 0.610024 0.795929 0.066351 0.15583 0.0164808
0 0.0245539 0.330089 0.0504563 0.131199 0.0163804
0 0.163923 0.526315 0.122043 0.0831605 0.0163606
0 0.0153199 0.526326 0.0319555 0.101898 0.0162882
0 0.334127 0.579639 0.111984 0.122942 0.0162774
0 0.691038 0.573318 0.0411887 0.0545836 0.0162449
0 0.75399 0.395925 0.0383742 0.0468808 0.0162151
0 0.552906 0.6175 0.131127 0.166607 0.0161535
0 0.650036 0.628472 0.0645662 0.101107 0.0161236
0 0.294707 0.433099 0.0551664 0.0550436 0.0161103
0 0.645749 0.601188 0.0655742 0.101223 0.0160836
0 0.0859841 0.515379 0.0517248 0.0396362 0.0160502
0 0.858114 0.55885 0.0253851 0.0328364 0.0160349
0 0.461588 0.545784 0.0916509 0.0744875 0.0159849
0 0.568456 0.797523 0.0758755 0.15968 0.0157769
0 0.838588 0.415828 0.0358456 0.0423788 0.0156468
0 0.595489 0.593913 0.0768104 0.111314 0.0156001
0 0.573901 0.60197 0.0976261 0.104127 0.0155745
0 0.721032 0.403603 0.0345432 0.0403008 0.015536
0 0.764903 0.542523 0.0516951 0.0380424 0.0155226
0 0.0754565 0.473644 0.113103 0.115666 0.0154563
0 0.30466 0.963646 0.0286937 0.0491213 0.0154374
0 0.0624912 0.514341 0.088294 0.0499913 0.0154019
0 0.574647 0.474585 0.0533473 0.0477744 0.0153722
0 0.910105 0.551195 0.0284851 0.0446481 0.0153632
0 0.460963 0.494707 0.049192 0.0493186 0.0153145
0 0.10981 0.797783 0.149279 0.234991 0.0152618
0 0.36255 0.581054 0.129953 0.129418 0.0152549
0 0.451097 0.505928 0.0629177 0.0500932 0.0152372
