0 0.475641 0.58311 0.281105 0.418731 0.86166
0 0.839441 0.558191 0.209277 0.211644 0.852774
0 0.0665617 0.67669 0.133123 0.500766 0.85133
0 0.666938 0.528021 0.146986 0.248777 0.827697
0 0.21502 0.527989 0.18971 0.257726 0.72924
0 0.120862 0.501518 0.0767977 0.0854316 0.461861
0 0.0604598 0.522085 0.12092 0.122669 0.436419
0 0.308076 0.510865 0.0604681 0.122662 0.384653
0 0.327973 0.514586 0.045136 0.108029 0.333525
0 0.342734 0.517322 0.0310719 0.0997133 0.31262
0 0.0461855 0.5114 0.0896432 0.0976869 0.285393
