0 0.228101 0.578559 0.0862751 0.0950598 0.88873
0 0.318945 0.571489 0.0395452 0.0467775 0.827825
0 0.524105 0.563015 0.0443595 0.0548025 0.826974
0 0.280544 0.572105 0.0386988 0.0694349 0.7477
0 0.357128 0.56481 0.022753 0.0294996 0.68702
0 0.393778 0.556387 0.0186795 0.0247249 0.684963
0 0.408165 0.554572 0.0123652 0.0203182 0.680998
0 0.483414 0.552856 0.0203398 0.0309475 0.662973
0 0.376836 0.556895 0.019624 0.0302777 0.637416
0 0.48976 0.555397 0.0206868 0.0328191 0.637337
0 0.5625 0.577825 0 0.116405 0.599571
0 0.342428 0.568675 0.0188944 0.0284822 0.503556
0 0.440264 0.550792 0.0184547 0.0201299 0.465788
0 0.498433 0.555815 0.0215695 0.0372677 0.38748
0 0.476844 0.550835 0.0146927 0.0261347 0.383214
0 0.45003 0.550183 0.0200438 0.0200647 0.3818
0 0.400512 0.555793 0.012452 0.0204325 0.368011
0 0.413136 0.553774 0.0137193 0.0211128 0.318898
0 0.4105 0.554322 0.00972271 0.0186024 0.313517
0 0.49439 0.557798 0.0145169 0.0291907 0.289785
0 0.473073 0.54796 0.0132325 0.0234311 0.286312
0 0.366356 0.561724 0.0150073 0.0257599 0.284191
0 0.450142 0.553079 0.0151354 0.0172184 0.278331
0 0.437695 0.552741 0.0136491 0.0168669 0.276407
0 0.420344 0.55106 0.0168057 0.0235107 0.274777
0 0.444585 0.548735 0.0250343 0.0236429 0.271902
0 0.372477 0.560389 0.0152856 0.0251918 0.268264
0 0.463906 0.551007 0.0170121 0.0183261 0.261747
0 0.489079 0.55551 0.0121165 0.0236328 0.257977
0 0.416318 0.5533 0.0138045 0.0190238 0.247678
0 0.45759 0.551467 0.0142255 0.0161127 0.245564
0 0.467586 0.548923 0.0131987 0.0187512 0.245342
0 0.475746 0.556288 0.0114887 0.0203712 0.237127
0 0.378032 0.560848 0.0145206 0.0249285 0.211225
0 0.263758 0.573237 0.0295885 0.0770999 0.209442
0 0.422978 0.553892 0.0116963 0.0178246 0.205329
0 0.35417 0.566531 0.0140395 0.0248988 0.20504
0 0.50747 0.557656 0.0243079 0.0400762 0.199517
0 0.483865 0.553772 0.0125604 0.0247151 0.197104
0 0.364756 0.568456 0.0139899 0.0244692 0.187179
0 0.350557 0.568288 0.0160141 0.0275457 0.186865
0 0.380835 0.562788 0.0129805 0.0225572 0.184327
0 0.499538 0.556724 0.0152174 0.0312651 0.179575
0 0.471114 0.543342 0.0114223 0.0191877 0.178055
0 0.5625 0.587636 0 0.0946041 0.155461
0 0.479111 0.544263 0.0159919 0.0252386 0.142849
0 0.331708 0.570909 0.0176764 0.032563 0.128096
0 0.304532 0.575476 0.0178751 0.0356652 0.110867
0 0.481218 0.550352 0.01346 0.0240228 0.10768
0 0.300334 0.57545 0.0142742 0.039154 0.107189
0 0.502348 0.561139 0.0137679 0.0294975 0.105124
0 0.321226 0.576019 0.0153634 0.0337119 0.0998318
0 0.497055 0.542686 0.0157309 0.026513 0.0939167
0 0.336468 0.565344 0.014318 0.024446 0.0938576
0 0.487503 0.549981 0.0131158 0.0248704 0.0894618
0 0.445777 0.545057 0.0140045 0.0195496 0.087571
0 0.442136 0.544625 0.0128758 0.0177641 0.0854793
0 0.322066 0.573853 0.0280853 0.0375772 0.0823988
0 0.485574 0.544172 0.0159731 0.0265411 0.0820082
0 0.97275 0.54266 0.0552967 0.205341 0.0795147
0 0.490609 0.562647 0.0134436 0.023052 0.0771537
0 0.311855 0.57422 0.0247492 0.0365629 0.0632284
0 0.413592 0.544102 0.0130942 0.0183378 0.0621852
0 0.960214 0.563543 0.0798653 0.158375 0.0610378
0 0.405492 0.555616 0.0120826 0.0203101 0.0603238
0 0.00538498 0.683304 0.0105628 0.0976666 0.0601278
0 0.00778924 0.693868 0.0155538 0.0772347 0.0591319
0 0.989485 0.765675 0.0201975 0.212896 0.0580259
0 0.975541 0.757682 0.0465034 0.232379 0.0542274
0 0.51839 0.551863 0.0202848 0.0384903 0.0541401
0 0.981982 0.631233 0.0369644 0.18222 0.0536365
0 0.952976 0.592178 0.0993273 0.101149 0.0533922
0 0.39776 0.55347 0.012829 0.0215111 0.0529444
0 0.994372 0.597989 0.0109015 0.0706467 0.052154
0 0.618592 0.584124 0.0211669 0.0422078 0.0512312
0 0.216332 0.581483 0.0560798 0.0831685 0.050788
0 0.289543 0.569896 0.0192822 0.041757 0.0504098
0 0.194446 0.587389 0.0273049 0.0670144 0.0494413
0 0.597964 0.578371 0.0416821 0.050103 0.0493646
0 0.391182 0.560161 0.0144299 0.0219866 0.047986
0 0.137038 0.600676 0.0439343 0.0653692 0.0472297
0 0.531215 0.562358 0.0241761 0.0353756 0.046682
0 0.206582 0.590905 0.0462053 0.072959 0.0456451
0 0.320652 0.564012 0.0203723 0.0267108 0.0451683
0 0.478011 0.557513 0.0109147 0.0184783 0.0447585
0 0.940846 0.565138 0.131432 0.15567 0.0436896
0 0.485637 0.560244 0.0130308 0.0215929 0.0434604
0 0.529199 0.569202 0.0151336 0.0321327 0.0425114
0 0.554336 0.564158 0.0287648 0.0488668 0.0422882
0 0.274755 0.554016 0.0489573 0.0946593 0.041134
0 0.555985 0.54994 0.0296803 0.0612557 0.0411338
0 0.991147 0.626652 0.0176739 0.137529 0.0396826
0 0.967085 0.633665 0.063158 0.175603 0.0391776
0 0.00754358 0.662173 0.0160052 0.131923 0.0390143
0 0.00830743 0.726105 0.0164139 0.119852 0.038998
0 0.626481 0.58694 0.0316121 0.0477097 0.037666
0 0.571034 0.536462 0.0536945 0.0770331 0.0375098
0 0.98295 0.782472 0.032847 0.185417 0.0372257
0 0.251229 0.578427 0.0395646 0.0818426 0.0371109
0 0.629775 0.571538 0.030184 0.0517287 0.0368747
0 0.585627 0.568436 0.0255678 0.0500365 0.0365414
0 0.283196 0.581468 0.0169943 0.0386864 0.0363662
0 0.203827 0.570047 0.0353794 0.0598326 0.0363547
0 0.601137 0.569439 0.0472609 0.0746078 0.0359761
0 0.63171 0.546045 0.0256681 0.0543335 0.0356792
0 0.405235 0.550469 0.0104268 0.0160439 0.0354261
0 0.267772 0.586899 0.0221262 0.0492881 0.0352048
0 0.163027 0.104204 0.0238394 0.0644806 0.0351553
0 0.631452 0.557605 0.0291011 0.046705 0.0349589
0 0.433494 0.552807 0.0101871 0.0170621 0.034613
0 0.967574 0.784198 0.0609493 0.148471 0.0336294
0 0.305489 0.566748 0.0177771 0.0316937 0.0333539
0 0.503411 0.278309 0.0290376 0.0523497 0.0332646
0 0.977033 0.553938 0.0483597 0.131862 0.0331305
0 0.537188 0.428885 0.0233639 0.0399429 0.0319132
0 0.122879 0.603034 0.0693295 0.0837903 0.0318028
0 0.98539 0.0418968 0.0288853 0.0919452 0.0317361
0 0.51005 0.309241 0.0265191 0.0441138 0.0316226
0 0.462298 0.553957 0.0103263 0.0150154 0.0309679
0 0.392501 0.544477 0.0128907 0.0172248 0.030853
0 0.16856 0.597817 0.0565067 0.0783757 0.0298534
0 0.992129 0.792396 0.0153921 0.18033 0.029687
0 0.0117363 0.675199 0.0223518 0.13357 0.029225
0 0.1586 0.105994 0.0333351 0.0791739 0.0289488
0 0.993527 0.685672 0.0142862 0.122464 0.0289422
0 0.565992 0.552667 0.0433554 0.0665118 0.0288238
0 0.0202903 0.631586 0.0435034 0.177676 0.0287428
0 0.978787 0.684065 0.0387877 0.24568 0.0282241
0 0.193299 0.595266 0.0397893 0.0715466 0.0276801
0 0.545424 0.564271 0.020401 0.0359337 0.0275837
0 0.968269 0.680759 0.0681519 0.287517 0.0273458
0 0.109188 0.466879 0.0231628 0.0303714 0.0273355
0 0.538734 0.550907 0.033802 0.0667313 0.0269684
0 0.510987 0.528464 0.0352436 0.0722156 0.0268625
0 0.473525 0.516893 0.0129153 0.0207068 0.0268017
0 0.821746 0.351888 0.0320444 0.0272751 0.0267572
0 0.628075 0.462637 0.0306986 0.0459606 0.0266734
0 0.0111612 0.763821 0.0233518 0.19634 0.0265166
0 0.147783 0.598176 0.0465136 0.0681385 0.0261386
0 0.622455 0.563487 0.0309901 0.0779282 0.0260657
0 0.527353 0.487198 0.0500845 0.102145 0.0259279
0 0.904551 0.57852 0.162848 0.134058 0.0257977
0 0.145547 0.107992 0.0570217 0.105235 0.0255169
0 0.474907 0.519042 0.00959749 0.0162771 0.0249417
0 0.446825 0.498828 0.0125578 0.0156623 0.0247762
0 0.456992 0.513798 0.0107718 0.015669 0.0247584
0 0.517213 0.564046 0.028154 0.0398666 0.0242563
0 0.266032 0.574709 0.0176075 0.0543834 0.0241944
0 0.95458 0.7752 0.0915474 0.186217 0.0241235
0 0.26422 0.550657 0.032563 0.0629914 0.0239122
0 0.530203 0.46854 0.0430199 0.0842796 0.0236904
0 0.933361 0.754173 0.0983471 0.17992 0.023587
0 0.618586 0.592699 0.0160071 0.0335604 0.0235397
0 0.484323 0.509857 0.0162571 0.028978 0.0231128
0 0.518322 0.25572 0.0197535 0.0412025 0.0230749
0 0.124313 0.625742 0.0882883 0.148138 0.0230091
0 0.662247 0.566586 0.0222744 0.0280261 0.0227677
0 0.00961379 0.622862 0.0197409 0.135459 0.0226648
0 0.592121 0.550518 0.0421899 0.0772736 0.0226619
0 0.0100001 0.594384 0.0180578 0.0707134 0.022605
0 0.394845 0.47831 0.0255047 0.033978 0.0225517
0 0.382186 0.543535 0.012492 0.0180976 0.0225277
0 0.437744 0.498179 0.014853 0.0195749 0.0224416
0 0.929835 0.574026 0.101201 0.110831 0.0222686
0 0.0136126 0.645566 0.0254917 0.13102 0.022268
0 0.944576 0.606953 0.0912973 0.148955 0.022151
0 0.636014 0.543305 0.0340176 0.0689041 0.0219877
0 0.114804 0.466902 0.0272485 0.0343923 0.0216344
0 0.97363 0.509521 0.0548634 0.121632 0.0213836
0 0.0209649 0.710055 0.0446191 0.162186 0.0213595
0 0.612137 0.459573 0.0250804 0.0406755 0.0213276
0 0.0122431 0.717023 0.025408 0.137869 0.0212477
0 0.513915 0.248705 0.0258122 0.044184 0.021098
0 0.654121 0.558242 0.0400049 0.0549179 0.020978
0 0.22701 0.58934 0.0573691 0.0704498 0.0209598
0 0.16066 0.120545 0.0210387 0.0568395 0.0209259
0 0.870928 0.559734 0.126011 0.106609 0.020874
0 0.499717 0.500391 0.0264788 0.0545869 0.0207806
0 0.815838 0.355601 0.0371149 0.0323918 0.0207582
0 0.00669631 0.607363 0.0138265 0.0734527 0.0206266
0 0.927217 0.522475 0.1483 0.194445 0.02053
0 0.373282 0.534455 0.0148713 0.0209935 0.0203325
0 0.133433 0.0640549 0.0281197 0.0556622 0.020321
0 0.944686 0.672217 0.106637 0.228268 0.0202251
0 0.32924 0.606827 0.0343898 0.0696403 0.0201085
0 0.223719 0.565618 0.0667166 0.0672806 0.0200641
0 0.409025 0.482325 0.0239973 0.0319571 0.0199753
0 0.246073 0.565649 0.0781529 0.109046 0.0198131
0 0.356664 0.351479 0.020686 0.0300424 0.019757
0 0.988817 0.511822 0.0226252 0.0887294 0.0197055
0 0.452615 0.471866 0.023741 0.0255241 0.019656
0 0.975185 0.687684 0.0491711 0.171341 0.0195724
0 0.1134 0.585995 0.0405872 0.0566616 0.0195131
0 0.013622 0.596593 0.0259847 0.0575194 0.0194487
0 0.0771065 0.253064 0.0426219 0.0618374 0.019397
0 0.621676 0.468605 0.0323092 0.0606111 0.0193876
0 0.959819 0.662852 0.0751455 0.113587 0.0190856
0 0.597527 0.584001 0.0496425 0.0702056 0.0189661
0 0.424504 0.496695 0.0176113 0.0241341 0.0189509
0 0.67198 0.453482 0.0547335 0.0743284 0.0187229
0 0.103743 0.0391553 0.0786249 0.0839852 0.0187119
0 0.50901 0.269225 0.0312825 0.0563312 0.0185406
0 0.0372007 0.649139 0.0718609 0.161357 0.018399
0 0.61977 0.535064 0.041462 0.0799923 0.0183681
0 0.534949 0.942726 0.0441141 0.0561444 0.0182409
0 0.386317 0.476544 0.0275334 0.037098 0.0181127
0 0.358676 0.790553 0.0469358 0.0742616 0.0180574
0 0.629176 0.474533 0.0299067 0.0602885 0.0179877
0 0.508872 0.434721 0.023651 0.0501082 0.0178193
0 0.247548 0.569476 0.0571167 0.0823946 0.0178064
0 0.971217 0.0343121 0.0576603 0.137048 0.0177169
0 0.376368 0.554851 0.0134534 0.0212538 0.017505
0 0.347856 0.475088 0.0315081 0.0486279 0.0174017
0 0.54184 0.490985 0.0246715 0.0430783 0.0172943
0 0.628209 0.404411 0.0278097 0.0392779 0.0172201
0 0.370726 0.472933 0.0338051 0.0477827 0.0170845
0 0.627788 0.537315 0.0604888 0.102316 0.0168768
0 0.507659 0.464391 0.0195788 0.0260103 0.016847
0 0.469514 0.471046 0.0180591 0.0226468 0.0168165
0 0.523025 0.520238 0.0481022 0.0903183 0.0167725
0 0.00716945 0.570345 0.012885 0.0762778 0.0166093
0 0.203877 0.598155 0.0287117 0.0467497 0.0166034
0 0.918206 0.737291 0.0741816 0.0942905 0.0165758
0 0.00814808 0.59175 0.0196271 0.122631 0.0165364
0 0.872513 0.536142 0.144556 0.14048 0.0164453
0 0.689301 0.157102 0.100238 0.156879 0.0163775
0 0.0348009 0.683455 0.0658529 0.114842 0.0163288
0 0.132066 0.0402152 0.0270545 0.0496367 0.0162558
0 0.593867 0.49944 0.0434134 0.07695 0.016251
0 0.470101 0.441599 0.0196224 0.0308017 0.0162201
0 0.109101 0.607734 0.0945652 0.10101 0.0161659
0 0.883432 0.258113 0.0292191 0.0568623 0.0161486
0 0.110723 0.630138 0.0831186 0.108916 0.0159457
0 0.886525 0.242022 0.0259136 0.0501197 0.0159218
0 0.926821 0.596304 0.0835825 0.0993671 0.0157742
0 0.48872 0.366315 0.0508563 0.0691451 0.0157587
0 0.331189 0.800918 0.104415 0.149609 0.0157358
0 0.0251559 0.789594 0.0518206 0.225905 0.015691
0 0.45598 0.449628 0.0261507 0.0411185 0.0156812
0 0.913111 0.0663602 0.14092 0.159133 0.0156479
0 0.501942 0.265533 0.0394851 0.0788032 0.0156241
0 0.108225 0.450581 0.0247328 0.0385006 0.0156015
0 0.345696 0.524052 0.0191655 0.0300817 0.0155545
0 0.356782 0.521769 0.0245119 0.0363313 0.0155226
0 0.851694 0.562607 0.0947021 0.0834079 0.015457
0 0.0602482 0.2508 0.054968 0.0833477 0.0153889
0 0.170108 0.613881 0.0832955 0.127573 0.0153492
0 0.808522 0.566332 0.0355419 0.0500888 0.0153134
0 0.128149 0.636114 0.0563852 0.0876706 0.0152864
0 0.983618 0.470347 0.035721 0.207779 0.0152623
0 0.521986 0.434331 0.0318121 0.0542296 0.0152435
0 0.682728 0.452882 0.0294342 0.0536782 0.0152229
0 0.916926 0.172951 0.167396 0.310492 0.0152014
0 0.617289 0.622741 0.0177846 0.0339638 0.0151416
0 0.521808 0.268749 0.0234982 0.0513333 0.0149936
0 0.977923 0.000322094 0.0431147 0.0618656 0.0149803
0 0.144306 0.0862776 0.0417506 0.0852537 0.0148831
0 0.960446 0.734907 0.0694038 0.176383 0.0148534
0 0.412292 0.78909 0.0530135 0.0963967 0.0148025
0 0.485172 0.443124 0.0291184 0.0415836 0.0148009
0 0.608755 0.287793 0.027893 0.0402315 0.014744
0 0.0135091 0.815541 0.0282809 0.224294 0.0147431
0 0.360133 0.472308 0.032529 0.0479304 0.0147297
0 0.716758 0.528775 0.0304381 0.0744065 0.0147116
0 0.175841 0.556334 0.0915287 0.135288 0.0146873
0 0.172164 0.731173 0.0811859 0.186503 0.0146189
0 0.585294 0.609073 0.0322256 0.0591296 0.0146165
0 0.339186 0.794838 0.0544442 0.0883031 0.0145927
0 0.0202697 0.598854 0.0351266 0.0507957 0.014498
0 0.132168 0.553501 0.128439 0.188215 0.0144952
0 0.07773 0.0634072 0.138626 0.139328 0.0144943
0 0.594181 0.441203 0.052196 0.07997 0.0144908
0 0.627833 0.413915 0.0298214 0.0461374 0.0144772
0 0.357507 0.343416 0.0221089 0.0380807 0.0144714
0 0.577122 0.570191 0.029991 0.0465256 0.0143775
0 0.923254 0.782205 0.145502 0.236035 0.0143719
0 0.375043 0.559643 0.0124499 0.0208037 0.0143702
0 0.0104796 0.867027 0.0230062 0.132034 0.0143446
0 0.759268 0.869549 0.0617574 0.111579 0.0142983
0 0.675806 0.563972 0.0743865 0.095651 0.014293
0 0.839227 0.88126 0.0733404 0.118863 0.014223
0 0.318425 0.836587 0.0472559 0.0879088 0.0141408
0 0.62668 0.528494 0.0267917 0.0705114 0.0141272
0 0.974045 0.479282 0.0509115 0.119051 0.0141178
0 0.345006 0.38571 0.0319887 0.0542409 0.014104
0 0.945796 0.673457 0.0758181 0.0854119 0.0140105
0 0.436914 0.789937 0.0548821 0.0974279 0.0139422
0 0.494443 0.437545 0.0188854 0.0391107 0.0139198
0 0.778965 0.87388 0.0610305 0.112388 0.0138867
0 0.457749 0.789416 0.0412894 0.0684189 0.0138652
0 0.335953 0.471264 0.0260264 0.041733 0.013862
0 0.899443 0.618129 0.125856 0.137502 0.0138451
0 0.13197 0.1047 0.0454883 0.0960421 0.0138161
0 0.538103 0.567871 0.0158171 0.0299188 0.0137694
0 0.535274 0.42767 0.0373042 0.0500923 0.0137376
0 0.482597 0.26982 0.0731318 0.0909893 0.0137276
0 0.456623 0.250287 0.0276816 0.0435435 0.0137055
0 0.572912 0.49419 0.0485258 0.0667231 0.0135917
0 0.478566 0.440372 0.0183215 0.0318438 0.0135789
0 0.259086 0.589832 0.0193017 0.0446957 0.0135287
