0 0.480508 0.680387 0.163984 0.435518 0.865771
0 0.423101 0.512269 0.0513141 0.0354536 0.527423
0 0.5625 0.472303 0 0.0258909 0.520482
0 0.5625 0.474782 0 0.028538 0.508009
0 0.5625 0.472582 0 0.0195815 0.411363
0 0.5625 0.471542 0 0.0183439 0.387285
0 0.5625 0.471371 0 0.0184745 0.380699
0 0.5625 0.471419 0 0.0218276 0.376086
0 0.5625 0.472275 0 0.0198468 0.367719
0 0.5625 0.473005 0 0.0192101 0.307416
0 0.5625 0.471755 0 0.0190959 0.282246
0 0.5625 0.471617 0 0.0201486 0.27309
0 0.5625 0.472715 0 0.0216766 0.241295
0 0.5625 0.472745 0 0.0176704 0.231497
0 0.45024 0.509992 0.0267046 0.0342192 0.220859
0 0.5625 0.472953 0 0.0204105 0.216593
0 0.5625 0.475355 0 0.0201654 0.202307
0 0.394311 0.512924 0.0270759 0.0259704 0.190022
0 0.33183 0.518761 0.0239576 0.0250814 0.186776
0 0.5625 0.476683 0 0.02193 0.183887
0 0.5625 0.474975 0 0.0229431 0.165817
0 0.388048 0.51357 0.0378531 0.0301186 0.158781
0 0.5625 0.474651 0 0.0360952 0.153827
0 0.44494 0.512798 0.0192597 0.0271977 0.148699
0 0.346711 0.517278 0.0526647 0.0358055 0.146588
0 0.106644 0.479655 0.0258665 0.0289018 0.140844
0 0.335997 0.519161 0.0348217 0.0294828 0.140349
0 0.0577882 0.489903 0.0440108 0.0318368 0.139036
0 0.452019 0.513884 0.0199618 0.0278335 0.138833
0 0.3728 0.516349 0.0323669 0.0329536 0.138831
0 0.0491283 0.492839 0.0267836 0.0259778 0.136562
0 0.0837973 0.485728 0.030692 0.0284646 0.131756
0 0.401535 0.515407 0.0154985 0.0209535 0.131353
0 0.436582 0.513489 0.0236447 0.0258993 0.128987
0 0.5625 0.489707 0 0.0376382 0.127426
0 0.359917 0.519528 0.0327845 0.0360482 0.119258
0 0.0104563 0.502335 0.0207669 0.0872704 0.119204
0 0.456017 0.515194 0.0147675 0.0236333 0.118209
0 0.110826 0.475767 0.0321393 0.0261514 0.116063
0 0.5625 0.488531 0 0.0433184 0.115283
0 0.39753 0.513315 0.0173462 0.0228332 0.114858
0 0.5625 0.477519 0 0.0210614 0.114542
0 0.440861 0.516307 0.0200215 0.0227665 0.112943
0 0.0655478 0.481109 0.0261133 0.0293018 0.111739
0 0.177102 0.517957 0.0123528 0.0267492 0.109652
0 0.0491623 0.486555 0.0298148 0.0344707 0.107197
0 0.5625 0.476494 0 0.0204713 0.102574
0 0.111215 0.481757 0.0362897 0.0354383 0.100077
0 0.32709 0.518219 0.0301891 0.0307443 0.0998181
0 0.107762 0.473154 0.0231595 0.0184058 0.0989622
0 0.175828 0.521896 0.0172563 0.0374435 0.0959057
0 0.327324 0.51735 0.0161997 0.0218601 0.0923846
0 0.653254 0.488762 0.0259071 0.0482009 0.0916557
0 0.455791 0.507674 0.0226777 0.0378106 0.0910942
0 0.650918 0.480785 0.0257533 0.0406985 0.0876598
0 0.406444 0.513534 0.0246924 0.0247877 0.0869851
0 0.955627 0.475918 0.0121962 0.0170294 0.0867896
0 0.354389 0.509453 0.0451273 0.0496079 0.0848097
0 0.0772603 0.478607 0.039366 0.0351627 0.0842863
0 0.965163 0.475454 0.0111286 0.0153212 0.0841828
0 0.907341 0.473087 0.0460924 0.048169 0.0788715
0 0.791032 0.486327 0.0193912 0.0202677 0.0765277
0 0.275605 0.510863 0.0237892 0.0391778 0.0759225
0 0.37072 0.51677 0.0159603 0.0282588 0.0754836
0 0.429324 0.514386 0.0303998 0.0264004 0.075376
0 0.12623 0.472273 0.0165902 0.0199794 0.0725187
0 0.161926 0.517103 0.0267052 0.0499638 0.0720873
0 0.105616 0.484528 0.0208285 0.0260445 0.0697913
0 0.17434 0.512602 0.0157931 0.0379279 0.0686843
0 0.0446462 0.500199 0.0430071 0.0486112 0.0683501
0 0.417301 0.513693 0.0336719 0.0263958 0.0675612
0 0.240567 0.514598 0.031329 0.0468645 0.0672091
0 0.121148 0.478453 0.0256158 0.0283275 0.066241
0 0.345061 0.516713 0.0215921 0.0279204 0.0654804
0 0.0408496 0.488757 0.0465539 0.0449956 0.0654577
0 0.994722 0.474633 0.00908661 0.0199011 0.0647332
0 0.155957 0.518767 0.0327716 0.0566447 0.0646572
0 0.796012 0.482093 0.025599 0.0280277 0.0641008
0 0.121404 0.471537 0.0219997 0.0199053 0.0637984
0 0.279754 0.514717 0.0162775 0.029277 0.0633663
0 0.673382 0.47888 0.0545831 0.0668382 0.0627503
0 0.387541 0.512942 0.0197987 0.0251095 0.0621173
0 0.0660962 0.487896 0.0263331 0.0252304 0.0620918
0 0.358801 0.519373 0.0205404 0.0281793 0.061823
0 0.273733 0.518556 0.02559 0.0373302 0.0616779
0 0.00846889 0.484417 0.0181524 0.10925 0.0613871
0 0.0801056 0.48316 0.0208141 0.0239125 0.0610713
0 0.166485 0.513567 0.0216252 0.0453504 0.061021
0 0.380516 0.5205 0.0288604 0.0346213 0.0603273
0 0.461157 0.505308 0.0173126 0.0269825 0.0603248
0 0.236658 0.491067 0.0202134 0.0271704 0.0602845
0 0.176117 0.511915 0.0123497 0.0292397 0.0593495
0 0.800098 0.474982 0.0298685 0.038785 0.0579871
0 0.767785 0.485171 0.0167133 0.0195233 0.0570398
0 0.463656 0.500981 0.0258853 0.0460009 0.0560763
0 0.354646 0.519061 0.0182294 0.0247206 0.0556743
0 0.428571 0.509947 0.0235129 0.0244138 0.0550863
0 0.105467 0.492045 0.0222042 0.0274223 0.0548203
0 0.8689 0.472734 0.0438517 0.0429252 0.0546903
0 0.964784 0.465738 0.0145834 0.0235899 0.0545344
0 0.064919 0.479871 0.0173538 0.0181336 0.054378
0 0.329118 0.509742 0.0204734 0.0302873 0.0538886
0 0.0615434 0.502867 0.0540544 0.0482579 0.0538674
0 0.178675 0.528553 0.0142155 0.0278719 0.0532212
0 0.659053 0.500731 0.0365601 0.0675523 0.0530367
0 0.238984 0.499331 0.0246172 0.0350657 0.0525671
0 0.235759 0.486659 0.0150167 0.0178474 0.0522745
0 0.0193169 0.474296 0.0384969 0.129619 0.0522199
0 0.978041 0.475573 0.0114532 0.0159068 0.0517898
0 0.882183 0.470867 0.0389898 0.0436664 0.051775
0 0.22366 0.520773 0.0623576 0.081426 0.0516859
0 0.0474565 0.500617 0.0258019 0.0276666 0.0514722
0 0.815345 0.472264 0.0286848 0.0368049 0.0510768
0 0.0739285 0.493518 0.0527749 0.0332887 0.0507128
0 0.690638 0.481941 0.04574 0.0628352 0.0505087
0 0.230877 0.518822 0.0447951 0.0625218 0.0503685
0 0.954224 0.459635 0.0156782 0.0237678 0.0502207
0 0.177119 0.50565 0.014837 0.030829 0.0502004
0 0.611589 0.478963 0.0787357 0.0468259 0.0501481
0 0.173246 0.49805 0.0177091 0.052989 0.050091
0 0.230798 0.509878 0.0328872 0.0464171 0.0500032
0 0.3311 0.515125 0.0151844 0.0236268 0.0499
0 0.849339 0.180534 0.28521 0.37182 0.0498247
0 0.278957 0.5221 0.0155254 0.023612 0.0495279
0 0.0123525 0.484462 0.026191 0.145422 0.0495204
0 0.0734254 0.504472 0.0722648 0.0575673 0.0488638
0 0.993745 0.435559 0.0124121 0.0458983 0.0486117
0 0.0777732 0.477048 0.020366 0.0186302 0.0484734
0 0.661444 0.458399 0.0816444 0.119578 0.0481149
0 0.454128 0.499545 0.0165327 0.0240099 0.0480713
0 0.981859 0.464924 0.0128855 0.0204503 0.0469773
0 0.114131 0.474482 0.0388937 0.0402846 0.0468275
0 0.888486 0.471886 0.0576738 0.0630258 0.0465743
0 0.245958 0.507999 0.027723 0.0500794 0.0461238
0 0.378954 0.509126 0.0249733 0.0316638 0.0449427
0 0.0373454 0.50827 0.058255 0.074835 0.0449266
0 0.119576 0.493212 0.0316079 0.0488597 0.0448544
0 0.561036 0.537319 0.227828 0.15561 0.0443713
0 0.671189 0.492498 0.0215985 0.0345431 0.0443562
0 0.322436 0.528716 0.0296584 0.0479536 0.0443095
0 0.163411 0.478973 0.0291852 0.0561595 0.0442355
0 0.425613 0.498877 0.021661 0.0196704 0.0440228
0 0.0180872 0.516309 0.0380393 0.10374 0.043945
0 0.0508247 0.470595 0.0312208 0.0398139 0.0435505
0 0.899279 0.463305 0.0446756 0.0584846 0.0434805
0 0.787816 0.488902 0.0170603 0.0206466 0.0434407
0 0.60879 0.468157 0.0453605 0.0202086 0.0433281
0 0.43305 0.518188 0.0196881 0.0251021 0.0432665
0 0.684699 0.500166 0.020992 0.0371054 0.0432126
0 0.319964 0.524997 0.0185058 0.0240941 0.0429074
0 0.766732 0.479766 0.0167074 0.0253148 0.0424224
0 0.448213 0.517605 0.0123841 0.0199743 0.0423651
0 0.540702 0.450955 0.0532382 0.0330171 0.0422859
0 0.186362 0.516635 0.0248596 0.0389133 0.0421381
0 0.377995 0.513915 0.0168862 0.0238569 0.0420548
0 0.220304 0.513514 0.0315594 0.0404251 0.0420078
0 0.658691 0.475258 0.0457108 0.0706772 0.0413894
0 0.230859 0.483116 0.0170812 0.018824 0.0413491
0 0.150597 0.502672 0.0323129 0.0611078 0.0410977
0 0.0333771 0.475546 0.0569895 0.0836931 0.041019
0 0.855303 0.287896 0.275227 0.434179 0.0405817
0 0.00710835 0.514745 0.014661 0.0851436 0.0402758
0 0.22228 0.474847 0.0189699 0.0220311 0.0402172
0 0.829711 0.470572 0.0370005 0.043653 0.0401981
0 0.60262 0.496533 0.129951 0.0712257 0.0401842
0 0.623979 0.511154 0.099083 0.0942754 0.0401774
0 0.0708265 0.505854 0.0405649 0.0407791 0.0401272
0 0.403859 0.519762 0.0158103 0.0233515 0.0400145
0 0.849525 0.468635 0.0344221 0.0415311 0.0399001
0 0.626567 0.472247 0.0442572 0.0299285 0.0396727
0 0.641591 0.487489 0.0486942 0.0489561 0.0395276
0 0.553692 0.452361 0.0379796 0.0268062 0.0394885
0 0.0874661 0.49037 0.0398921 0.0308893 0.0393938
0 0.615426 0.425005 0.0982383 0.107313 0.0393846
0 0.0837885 0.525585 0.135966 0.137333 0.0390912
0 0.369386 0.524048 0.0147246 0.0275998 0.0384729
0 0.135859 0.498615 0.0325541 0.0422721 0.0384649
0 0.66414 0.502003 0.0177266 0.0334626 0.0383717
0 0.45368 0.519849 0.0118995 0.0215027 0.0382659
0 0.913019 0.484937 0.0170652 0.0233861 0.0376789
0 0.777394 0.481684 0.017727 0.0237877 0.0375778
0 0.128892 0.498345 0.0203838 0.0273326 0.0372487
0 0.330602 0.522272 0.0180753 0.0253574 0.0372478
0 0.470388 0.505431 0.0370438 0.0469418 0.0370148
0 0.797647 0.488127 0.0157313 0.0207306 0.0368608
0 0.601775 0.436155 0.0754972 0.0781863 0.036751
0 0.150701 0.476803 0.0301544 0.0453568 0.0366947
0 0.599991 0.458071 0.0381604 0.0220552 0.0364266
0 0.633274 0.491738 0.0759296 0.0627384 0.0364183
0 0.690751 0.476443 0.0667775 0.0768997 0.0361405
0 0.0531814 0.383923 0.0735409 0.0553547 0.0359663
0 0.647241 0.506251 0.0693394 0.0943508 0.0358705
0 0.662523 0.490241 0.0162457 0.0335208 0.0356698
0 0.713129 0.543138 0.0708985 0.0720662 0.0356552
0 0.415615 0.498244 0.0224873 0.0193599 0.0355726
0 0.0304016 0.453397 0.0596995 0.115013 0.0353026
0 0.238708 0.488564 0.0150495 0.0190254 0.0352766
0 0.68005 0.462482 0.0530546 0.109455 0.0351443
0 0.528944 0.447747 0.055083 0.0429208 0.0349607
0 0.573505 0.514176 0.154834 0.106739 0.0346014
0 0.310714 0.515893 0.0473843 0.0468871 0.0345714
0 0.635311 0.449579 0.0730245 0.116051 0.0344179
0 0.834078 0.478182 0.0361147 0.0414124 0.0343678
0 0.68325 0.526833 0.0448723 0.0839131 0.0343307
0 0.399724 0.499615 0.0166349 0.0194142 0.0341988
0 0.0101891 0.460881 0.0225763 0.119232 0.0337322
0 0.169949 0.490104 0.0274684 0.0546857 0.0332113
0 0.0671951 0.38203 0.0475294 0.0416024 0.0328787
0 0.812604 0.4628 0.0356571 0.0545297 0.0328342
0 0.168011 0.491399 0.0178511 0.0367533 0.0326394
0 0.117277 0.460997 0.025091 0.0283776 0.0321116
0 0.603509 0.472085 0.109271 0.0627522 0.0317264
0 0.782545 0.492057 0.021339 0.0228072 0.0315635
0 0.985508 0.446652 0.0123415 0.024144 0.0313554
0 0.844629 0.460186 0.0365091 0.0547594 0.0313188
0 0.57248 0.460416 0.0840306 0.0243263 0.0311715
0 0.597407 0.415364 0.082518 0.0904614 0.0310229
0 0.313569 0.512677 0.0323453 0.0404509 0.0310103
0 0.473138 0.516276 0.0295494 0.046943 0.03086
0 0.21399 0.477354 0.0182738 0.0293698 0.0306673
0 0.119496 0.314868 0.0274456 0.0346496 0.0306061
0 0.770688 0.489657 0.0196697 0.0227665 0.0304931
0 0.290328 0.51234 0.0199042 0.0349909 0.0302999
0 0.844749 0.47858 0.0321499 0.0374661 0.030275
0 0.429535 0.439091 0.0712548 0.0745104 0.0300573
0 0.510158 0.447919 0.0865387 0.0693118 0.0296998
0 0.695266 0.490225 0.0252528 0.0326715 0.0293697
0 0.543079 0.458308 0.0599306 0.0248516 0.0291782
0 0.269013 0.522367 0.0555065 0.0777339 0.0291038
0 0.712308 0.474366 0.0734317 0.0922266 0.028828
0 0.614258 0.486165 0.102727 0.0489289 0.0285221
0 0.0437954 0.398368 0.0846774 0.0923507 0.0284659
0 0.216759 0.475038 0.0156115 0.0240885 0.0281546
0 0.598008 0.463066 0.0596806 0.0196292 0.0280569
0 0.608016 0.461602 0.0407663 0.0261617 0.0280525
0 0.201623 0.52085 0.0442903 0.0552854 0.0280343
0 0.831942 0.470017 0.109813 0.116493 0.0279725
0 0.52612 0.436155 0.0845201 0.0682625 0.0279724
0 0.855978 0.459652 0.044578 0.057987 0.0279112
0 0.393842 0.423319 0.0336723 0.0392764 0.0277588
0 0.86905 0.464169 0.0349691 0.0501199 0.0276902
0 0.884534 0.490453 0.0290148 0.0372659 0.0276733
0 0.964097 0.0909244 0.0748037 0.21211 0.0276472
0 0.574228 0.386976 0.0583398 0.0801464 0.0276327
0 0.43732 0.523971 0.0142227 0.0219994 0.0275088
0 0.976797 0.448598 0.0162109 0.0235912 0.0274533
0 0.631759 0.460208 0.104645 0.133503 0.0273987
0 0.619529 0.457991 0.0920817 0.0955582 0.0270734
0 0.564938 0.429508 0.0542719 0.0662359 0.026976
0 0.640624 0.520895 0.0886488 0.126515 0.0269673
0 0.946306 0.52237 0.103041 0.126054 0.0268794
0 0.421307 0.52009 0.0239643 0.025096 0.0268043
0 0.545739 0.460542 0.028143 0.0158508 0.0264844
0 0.464474 0.529886 0.0431384 0.0631651 0.0264104
0 0.134028 0.509877 0.056583 0.0768594 0.0263579
0 0.594831 0.452391 0.0493643 0.0303173 0.0263345
0 0.991179 0.405016 0.0187403 0.0747437 0.0262393
0 0.23288 0.522643 0.0226064 0.0390315 0.0262045
0 0.538774 0.407035 0.175266 0.152819 0.0261818
0 0.691557 0.566809 0.0473474 0.0905962 0.0261633
0 0.671856 0.516492 0.0178159 0.0337975 0.0260487
0 0.762412 0.495086 0.0205224 0.0262846 0.0259853
0 0.696478 0.505579 0.0255735 0.0440789 0.0259481
0 0.417262 0.436774 0.0607173 0.0601841 0.0257254
0 0.890322 0.495587 0.0222242 0.0274638 0.0256786
0 0.878039 0.462142 0.0557259 0.0629963 0.0255776
0 0.17915 0.527625 0.0209668 0.0355801 0.0255688
0 0.679521 0.533481 0.0262125 0.0490027 0.025445
0 0.165936 0.383371 0.0319101 0.0273782 0.0254437
0 0.531807 0.507696 0.106317 0.0889473 0.0254425
0 0.208416 0.895456 0.0442596 0.0306378 0.025327
0 0.670973 0.519032 0.048785 0.0934472 0.0253221
0 0.895292 0.478353 0.0221987 0.0249954 0.025269
0 0.73683 0.480322 0.0405559 0.0594996 0.0252367
0 0.158463 0.478534 0.0248352 0.0419964 0.0252074
0 0.500096 0.511599 0.09639 0.086543 0.0251591
0 0.436107 0.563596 0.0312403 0.0486682 0.0251108
0 0.943335 0.552826 0.104096 0.095644 0.0250892
0 0.0132965 0.516608 0.0261437 0.0766379 0.0250293
0 0.152327 0.482542 0.072648 0.0950015 0.0248797
0 0.287356 0.527842 0.0248667 0.0325896 0.0248386
0 0.254083 0.526414 0.0226983 0.034846 0.0247604
0 0.582776 0.443271 0.0480837 0.038344 0.0247071
0 0.0284364 0.509929 0.0271047 0.0561275 0.024668
0 0.68758 0.56142 0.0323231 0.06442 0.0245316
0 0.650032 0.76554 0.111116 0.208599 0.0244523
0 0.554046 0.437335 0.0460554 0.0536947 0.0243993
0 0.216746 0.477085 0.102757 0.114526 0.0243096
0 0.186115 0.476348 0.0445336 0.0767989 0.0242441
0 0.52978 0.458722 0.0270303 0.0185391 0.024113
0 0.697127 0.597181 0.0427814 0.0778492 0.0240975
0 0.554644 0.466042 0.0313051 0.0177563 0.0240408
0 0.811088 0.43327 0.0252557 0.0352858 0.0239229
0 0.521029 0.457604 0.025286 0.0222586 0.0238721
0 0.711182 0.53154 0.0563331 0.0614684 0.0237459
0 0.481104 0.48512 0.054552 0.05406 0.0236513
0 0.53106 0.0723089 0.0334367 0.0861405 0.0234849
0 0.00417392 0.55201 0.0108512 0.0659003 0.0233554
0 0.695154 0.515401 0.0404469 0.0584731 0.0231269
0 0.58204 0.476718 0.100948 0.031739 0.0230721
