0 0.129448 0.775164 0.258306 0.446084 0.875847
0 0.52168 0.667961 0.0406252 0.0569948 0.867235
0 0.462954 0.654788 0.0282 0.0330109 0.702998
0 0.362439 0.67385 0.0210937 0.0269328 0.419983
0 0.44042 0.657985 0.0168137 0.0217474 0.331135
0 0.230682 0.655427 0.042767 0.0578776 0.305991
0 0.428837 0.647749 0.0171161 0.0251856 0.302851
0 0.359601 0.671571 0.0282367 0.0352146 0.28822
0 0.286949 0.653493 0.0346377 0.0278036 0.263648
0 0.382007 0.665712 0.0398375 0.0456346 0.260418
0 0.387374 0.671388 0.0268854 0.0309945 0.252359
0 0.230787 0.651384 0.0341901 0.0398062 0.24643
0 0.441312 0.660216 0.0126196 0.0150743 0.227209
0 0.369608 0.6639 0.0389492 0.0479982 0.213135
0 0.298995 0.649224 0.0522151 0.0355202 0.202971
0 0.349289 0.67786 0.015067 0.0204352 0.194201
0 0.414719 0.651271 0.0214656 0.0286215 0.1939
0 0.225394 0.656816 0.0550712 0.0766443 0.191007
0 0.33231 0.653382 0.0296944 0.042086 0.189024
0 0.322151 0.647578 0.0233716 0.0288093 0.188379
0 0.390039 0.675929 0.0191145 0.0191199 0.186775
0 0.428245 0.652371 0.0134154 0.0188891 0.186657
0 0.3628 0.675513 0.0171503 0.019307 0.182708
0 0.016676 0.559371 0.0319849 0.0347208 0.169631
0 0.437929 0.657525 0.0136553 0.017854 0.1692
0 0.352304 0.674898 0.0167996 0.0249095 0.164256
0 0.407803 0.655652 0.0223918 0.0291767 0.157811
0 0.382949 0.675244 0.0192759 0.0209902 0.155035
0 0.355623 0.66342 0.0387365 0.0510916 0.148474
0 0.427545 0.656696 0.0132772 0.0174689 0.143466
0 0.451509 0.657531 0.0130221 0.0193185 0.142848
0 0.326675 0.649799 0.0152885 0.0234244 0.142206
0 0.432978 0.651362 0.0138481 0.0202474 0.140657
0 0.423693 0.652131 0.0178479 0.024879 0.13966
0 0.288232 0.654042 0.0236748 0.0220307 0.139632
0 0.354294 0.669566 0.0171552 0.0242715 0.137601
0 0.274359 0.658515 0.0164333 0.0182545 0.135199
0 0.423738 0.657636 0.0139932 0.019284 0.13439
0 0.292912 0.643978 0.0458124 0.0500198 0.13403
0 0.28815 0.65711 0.0174423 0.0181787 0.13213
0 0.393441 0.66911 0.0173679 0.0229096 0.129656
0 0.239602 0.647262 0.0524834 0.0572272 0.129088
0 0.33911 0.665203 0.0205043 0.0266615 0.126938
0 0.33004 0.658159 0.0154804 0.0180119 0.125107
0 0.468405 0.655854 0.016868 0.0226746 0.124985
0 0.266165 0.653262 0.0343313 0.0347094 0.121509
0 0.466109 0.659151 0.0199022 0.0236305 0.115291
0 0.301995 0.648986 0.0192612 0.0225692 0.111752
0 0.460505 0.657651 0.0205884 0.022446 0.111335
0 0.359153 0.673835 0.016436 0.0223941 0.111229
0 0.313 0.648328 0.0197076 0.0247322 0.109724
0 0.416335 0.65743 0.0124251 0.0176749 0.107344
0 0.297193 0.653582 0.018434 0.0181313 0.104571
0 0.326934 0.642362 0.024121 0.0372988 0.104205
0 0.450339 0.653292 0.0173383 0.0225981 0.103123
0 0.217232 0.645302 0.0757326 0.109724 0.101888
0 0.0164662 0.614389 0.0329886 0.148546 0.10016
0 0.464204 0.655882 0.0143147 0.0212049 0.0983195
0 0.403656 0.66608 0.0163073 0.0222166 0.0969937
0 0.3395 0.663655 0.0145482 0.0179002 0.0954185
0 0.335813 0.666238 0.016136 0.0225434 0.0946171
0 0.0169948 0.585419 0.0338372 0.080645 0.0935594
0 0.456313 0.656697 0.0160702 0.0233361 0.0930016
0 0.279311 0.658231 0.0183986 0.0233024 0.0912428
0 0.305277 0.653697 0.0199461 0.0204143 0.0905775
0 0.410277 0.650078 0.0161766 0.0240029 0.090252
0 0.333674 0.657122 0.0213322 0.0228956 0.0843436
0 0.44642 0.663065 0.0138458 0.0201416 0.0829929
0 0.350389 0.653427 0.0615135 0.0690868 0.0828338
0 0.458963 0.653068 0.020826 0.0229186 0.0818988
0 0.274583 0.642962 0.0587799 0.0552462 0.0803903
0 0.0137941 0.549073 0.0280456 0.0296168 0.078358
0 0.0196046 0.567807 0.0429786 0.0505756 0.0781173
0 0.472288 0.65333 0.0211908 0.0288545 0.0744887
0 0.0110575 0.553847 0.021805 0.0242719 0.0700613
0 0.380579 0.662113 0.0211379 0.027125 0.0692199
0 0.384853 0.679201 0.0158837 0.0194322 0.0674535
0 0.231229 0.652435 0.0185453 0.024105 0.0672897
0 0.241353 0.641095 0.0834339 0.0854093 0.0648203
0 0.376243 0.677994 0.0149922 0.0183151 0.06403
0 0.266259 0.658743 0.018356 0.021017 0.0637984
0 0.467053 0.65162 0.0178601 0.0220083 0.058816
0 0.53899 0.0763376 0.133886 0.161816 0.0578718
0 0.330553 0.658574 0.0244219 0.0301948 0.0568723
0 0.256134 0.654116 0.0184576 0.0233637 0.0547681
0 0.508259 0.666459 0.0187734 0.0331608 0.0544428
0 0.535804 0.6697 0.0160254 0.0280318 0.0542944
0 0.470026 0.647162 0.0155107 0.020679 0.0529759
0 0.522485 0.654322 0.0441106 0.0629727 0.0524112
0 0.479818 0.648589 0.019346 0.0267327 0.0520614
0 0.0241813 0.416564 0.051307 0.382226 0.0504515
0 0.47277 0.654201 0.0144659 0.0234113 0.0502062
0 0.581249 0.350416 0.0586926 0.152038 0.0497311
0 0.196207 0.641001 0.110574 0.125654 0.0476997
0 0.26422 0.643501 0.0493846 0.0456049 0.0468404
0 0.507198 0.101126 0.0618065 0.0965022 0.0458926
0 0.14174 0.569112 0.0321855 0.0264245 0.0444204
0 0.518361 0.093551 0.0913886 0.119514 0.0439458
0 0.356444 0.650535 0.0243353 0.0350221 0.0422215
0 0.0241108 0.642249 0.0491964 0.204632 0.0419655
0 0.383893 0.655841 0.0169905 0.0254359 0.0415953
0 0.787045 0.353862 0.357413 0.335847 0.0411455
0 0.0164861 0.664134 0.0325516 0.252213 0.0408291
0 0.299543 0.602889 0.0446136 0.0536073 0.0396739
0 0.0504623 0.723015 0.0991807 0.394449 0.0396017
0 0.497191 0.106813 0.0386292 0.0698184 0.0394465
0 0.684195 0.537503 0.201441 0.362106 0.0377327
0 0.073502 0.574782 0.115921 0.104119 0.0374177
0 0.374662 0.652545 0.0230016 0.0305022 0.0365484
0 0.546626 0.168076 0.11849 0.11909 0.0363612
0 0.228447 0.657143 0.0263004 0.0361613 0.0359341
0 0.0548862 0.618215 0.109405 0.157185 0.0349505
0 0.0252016 0.313752 0.0484599 0.146729 0.0347589
0 0.50719 0.674748 0.0164468 0.0265374 0.0345742
0 0.205677 0.660766 0.0748247 0.095519 0.0339793
0 0.213295 0.682124 0.0807563 0.120937 0.0336006
0 0.243515 0.659917 0.0210896 0.0331076 0.0325711
0 0.79619 0.438533 0.389322 0.529768 0.0319633
0 0.53998 0.667934 0.0219548 0.0361302 0.031948
0 0.597557 0.109833 0.144413 0.179597 0.0317084
0 0.0260046 0.331895 0.0561044 0.357472 0.0315823
0 0.51487 0.170885 0.0843746 0.100826 0.0312588
0 0.534434 0.679546 0.0156414 0.0318417 0.031038
0 0.179754 0.64724 0.0745966 0.0983175 0.0310148
0 0.75424 0.519989 0.32477 0.433912 0.0307403
0 0.584476 0.314241 0.0552417 0.0725015 0.0297531
0 0.827235 0.303554 0.311149 0.325939 0.0297241
0 0.487251 0.120752 0.0600674 0.0916589 0.0297212
0 0.491163 0.10356 0.100514 0.152581 0.0295136
0 0.444247 0.630873 0.0137543 0.0161278 0.0294953
0 0.732764 0.398722 0.0819538 0.0991847 0.0294236
0 0.497239 0.664981 0.016527 0.0248188 0.0293244
0 0.0329609 0.5995 0.0630178 0.118071 0.0293229
0 0.0114829 0.630445 0.0229912 0.155061 0.0285725
0 0.154448 0.586011 0.0524615 0.0502564 0.028352
0 0.726345 0.392525 0.0602843 0.0781294 0.0282273
0 0.600551 0.0699003 0.144972 0.155085 0.0280297
0 0.577601 0.550426 0.0255869 0.0395303 0.0279542
0 0.641544 0.619049 0.139203 0.20824 0.0279054
0 0.539949 0.681447 0.0221473 0.0347247 0.0271864
0 0.0526161 0.93967 0.100462 0.107082 0.0270248
0 0.0151474 0.49906 0.0329228 0.122718 0.026937
0 0.506491 0.642215 0.0203959 0.0206403 0.0265618
0 0.594859 0.0475117 0.080261 0.0935656 0.0264368
0 0.475607 0.124843 0.0800838 0.128089 0.0263075
0 0.365868 0.605903 0.0506008 0.0724225 0.0262618
0 0.425207 0.632923 0.011512 0.0164028 0.0262203
0 0.435694 0.632617 0.0119657 0.0168159 0.025983
0 0.585738 0.652427 0.0209298 0.0646177 0.025517
0 0.420777 0.631072 0.0123163 0.0186125 0.0255148
0 0.0264878 0.573872 0.0493301 0.0677166 0.0253417
0 0.520514 0.658679 0.0231482 0.0313712 0.0252885
0 0.537297 0.0775167 0.0960319 0.125201 0.0252571
0 0.154671 0.639826 0.146191 0.136866 0.0252012
0 0.185446 0.664633 0.112177 0.153324 0.0251749
0 0.57408 0.64925 0.069192 0.117036 0.025103
0 0.0384409 0.537603 0.0681376 0.0886024 0.0249872
0 0.554154 0.665476 0.0283588 0.0466516 0.0247935
0 0.234322 0.716661 0.0388057 0.0769565 0.0246875
0 0.570574 0.0734405 0.207154 0.201904 0.0241294
0 0.112863 0.637991 0.200595 0.165865 0.0241293
0 0.478324 0.0329742 0.0586354 0.0597177 0.0239709
0 0.524445 0.647871 0.0241046 0.0227866 0.0239505
0 0.198278 0.624877 0.0795801 0.0820746 0.0239469
0 0.588206 0.660513 0.0329648 0.0654616 0.0238621
0 0.896573 0.0950304 0.0584354 0.101414 0.0237352
0 0.885448 0.100484 0.0366575 0.0801824 0.0237188
0 0.0204678 0.714507 0.0404609 0.315497 0.02358
0 0.655473 0.493017 0.181376 0.299016 0.0235403
0 0.0560508 0.910055 0.109318 0.169699 0.0234404
0 0.57968 0.539412 0.021543 0.0293242 0.0232665
0 0.163806 0.630208 0.0747187 0.0914827 0.0232551
0 0.531653 0.89267 0.0632795 0.117517 0.0232058
0 0.717966 0.386689 0.0442159 0.0637873 0.0229682
0 0.456448 0.583368 0.0482953 0.0906228 0.0228677
0 0.624846 0.107706 0.115234 0.158795 0.0227181
0 0.299401 0.616763 0.0391436 0.0535586 0.0225019
0 0.0371296 0.684231 0.0719014 0.304586 0.0221895
0 0.546529 0.67136 0.017336 0.0303675 0.0219568
0 0.199274 0.696316 0.0744234 0.112882 0.0219338
0 0.0615082 0.552868 0.112691 0.105932 0.0219017
0 0.186827 0.705024 0.131297 0.21699 0.0218188
0 0.574004 0.538835 0.0225266 0.0285492 0.0216771
0 0.536039 0.659652 0.0223442 0.0430766 0.0216132
0 0.432795 0.635891 0.0135023 0.0196496 0.0215253
0 0.684301 0.691873 0.161321 0.166573 0.0214666
0 0.396976 0.624379 0.0153686 0.022126 0.0212904
0 0.242009 0.670508 0.0187058 0.0312408 0.0212011
0 0.585412 0.0496769 0.0477016 0.0716877 0.020937
0 0.123555 0.621433 0.132191 0.103345 0.0209076
0 0.396107 0.678441 0.0164455 0.0233198 0.0207196
0 0.714341 0.374346 0.243407 0.266025 0.0206909
0 0.56965 0.6605 0.0297992 0.0588741 0.0201595
0 0.630674 0.655003 0.104789 0.130394 0.0200581
0 0.00453516 0.990992 0.0157252 0.0327976 0.0199773
0 0.587814 0.687534 0.0519004 0.0732089 0.0198774
0 0.575565 0.569117 0.0282201 0.0575534 0.0198209
0 0.218314 0.708309 0.0707388 0.120682 0.0196722
0 0.135104 0.566702 0.0507926 0.039499 0.0196628
0 0.924012 0.727761 0.146748 0.211791 0.0196203
0 0.533453 0.663065 0.0167146 0.0320123 0.0195124
0 0.920964 0.658712 0.154392 0.226634 0.0195106
0 0.315596 0.695917 0.0368747 0.0637063 0.0194163
0 0.606213 0.658441 0.0676563 0.0992959 0.0193506
0 0.41539 0.135325 0.115312 0.148924 0.0192925
0 0.23698 0.67379 0.0232791 0.0323518 0.0192477
0 0.0671934 0.600098 0.119453 0.0946151 0.0192285
0 0.565254 0.0585636 0.0902783 0.124478 0.0190211
0 0.702406 0.439573 0.141766 0.18618 0.0189976
0 0.0521569 0.851726 0.100975 0.267584 0.0189539
0 0.548907 0.675549 0.0437403 0.0605537 0.0189485
0 0.625311 0.672743 0.0810678 0.100973 0.0188774
0 0.0393359 0.623876 0.0762875 0.130851 0.0187313
0 0.950507 0.659662 0.0940525 0.208446 0.0187251
0 0.12011 0.575857 0.169946 0.140129 0.0187141
0 0.305349 0.617217 0.0366084 0.0395187 0.0185959
0 0.155608 0.646378 0.0998637 0.113142 0.0185142
0 0.0162128 0.510058 0.0351108 0.0732312 0.0185116
0 0.600517 0.168837 0.0582327 0.0711909 0.0184716
0 0.512645 -0.00649918 0.0653646 0.0439891 0.0182614
0 0.594256 0.653141 0.0342141 0.0726256 0.018251
0 0.027132 0.561792 0.0521946 0.0386694 0.0182167
0 0.952398 0.571577 0.0885307 0.167009 0.0181231
0 0.584809 0.299056 0.0469344 0.04734 0.0180373
0 0.545935 0.648796 0.0432524 0.0865084 0.0179682
0 0.468027 0.13253 0.0483063 0.0790895 0.0179358
0 0.579867 0.607279 0.0255112 0.0626861 0.0179301
0 0.451367 0.666601 0.0127254 0.0205476 0.0179163
0 0.622321 0.0466919 0.0842341 0.0956885 0.0178049
0 0.444013 0.573349 0.0202757 0.025867 0.0177887
0 0.685654 0.130412 0.0535748 0.0663778 0.0177313
0 0.887005 0.288033 0.180084 0.200584 0.0177127
0 0.528776 0.867899 0.0614533 0.0823722 0.0176838
0 0.731222 0.692467 0.225744 0.226544 0.0176787
0 0.194389 0.725434 0.0625472 0.0855962 0.0176409
0 0.43411 0.58128 0.0161157 0.0214661 0.0175505
0 0.48591 0.151243 0.0799115 0.11627 0.0174057
0 0.953136 0.733807 0.0900225 0.194606 0.0173885
0 0.0334866 0.484188 0.0607842 0.188609 0.0173795
0 0.215773 0.754938 0.0822274 0.207081 0.0171834
0 0.0873371 0.59611 0.0729119 0.0710653 0.0171781
0 0.786624 0.385213 0.174719 0.165958 0.01717
0 0.634995 0.167316 0.0649742 0.0799082 0.0170625
0 0.0481196 0.966842 0.0918571 0.0620388 0.017061
0 0.977861 0.758964 0.0444777 0.170634 0.0170342
0 0.53468 -0.00408012 0.0783437 0.0484236 0.0170315
0 0.472978 0.752977 0.0418262 0.0529985 0.0169754
0 0.48378 0.66452 0.0144535 0.0207709 0.016926
0 0.649678 0.112316 0.0947151 0.131033 0.0169022
0 0.766932 0.834342 0.374257 0.33755 0.0168845
0 0.989805 0.732974 0.0209105 0.137003 0.0168776
0 0.951974 0.517713 0.0892862 0.163574 0.0168544
0 0.657309 0.0607503 0.136757 0.142826 0.0167908
0 0.16677 0.575462 0.172221 0.208109 0.0167543
0 0.520708 0.163347 0.068084 0.0738053 0.0165204
0 0.520871 0.134259 0.0748075 0.0815198 0.0164981
0 0.151755 0.569825 0.0542291 0.0424405 0.0164822
0 0.195085 0.996823 0.038802 0.0308979 0.0164792
0 0.595002 0.323593 0.0852472 0.0948757 0.0164576
0 0.442205 0.673148 0.0154089 0.0251334 0.0163584
0 0.658241 0.68373 0.0875556 0.0998162 0.0162848
0 0.120162 0.566838 0.0773221 0.0534315 0.0162801
0 0.0121015 0.756934 0.0227052 0.15946 0.0162667
0 0.41065 0.158269 0.188205 0.297092 0.0162536
0 0.215841 0.619688 0.0718351 0.108406 0.0162403
0 0.930951 0.611714 0.131747 0.202961 0.0161609
0 0.461831 0.141903 0.0360743 0.0708541 0.0161547
0 0.980085 0.422005 0.0391392 0.16025 0.0161326
0 0.4617 0.629005 0.0140088 0.0174269 0.0160309
0 0.980837 1.0089 0.0323526 0.0319478 0.016014
0 0.0263733 0.75548 0.0503357 0.142914 0.0160112
0 0.0289322 0.970192 0.0527593 0.05345 0.0159922
0 0.429251 0.676714 0.0184481 0.0270866 0.0159807
0 0.478368 0.101845 0.142578 0.236072 0.0159787
0 0.520406 0.679875 0.0255127 0.0314534 0.0159091
0 0.441979 0.636719 0.014454 0.0213314 0.0158732
0 0.953908 0.461738 0.0845186 0.170249 0.0157813
0 0.581666 0.00097058 0.106863 0.064595 0.0157667
0 0.481747 0.77942 0.0391853 0.049821 0.0157656
0 0.713431 0.404834 0.0628525 0.114223 0.0157486
0 0.399527 0.786151 0.049451 0.0646337 0.0157476
0 0.754612 0.396437 0.118005 0.122928 0.0156754
0 0.575312 0.0494422 0.063751 0.0890483 0.0156405
0 0.563673 0.367637 0.0806766 0.142674 0.0156374
0 0.557363 0.00396087 0.114034 0.0680781 0.0155614
0 0.990504 0.694856 0.019286 0.113229 0.0155456
0 0.979112 0.461133 0.0407066 0.162206 0.0155409
0 0.504333 0.827818 0.0535751 0.0610682 0.015502
0 0.969468 0.776727 0.0577051 0.137287 0.0154906
0 0.957195 0.419446 0.0793776 0.182009 0.0154845
0 0.769031 0.423035 0.144299 0.182004 0.0154824
0 0.609399 -0.00247148 0.0924713 0.0587624 0.0154817
0 0.421895 0.580117 0.017464 0.0239323 0.0154085
0 0.256683 0.66899 0.0187565 0.0295356 0.0153483
0 0.0631187 0.683867 0.122888 0.27387 0.0152912
0 0.671164 0.654745 0.117562 0.144093 0.0152889
0 0.974922 0.876812 0.0492138 0.203613 0.0152199
0 0.461454 0.663159 0.0119504 0.0191499 0.0152155
0 0.082449 0.61614 0.0817283 0.0860975 0.0151932
0 0.132207 0.584934 0.0719031 0.0545348 0.0151926
