0 0.5625 0.316118 0 0.0847982 0.924913
0 0.515862 0.294199 0.0404 0.0605329 0.897177
0 0.546015 0.339705 0.0329702 0.162757 0.867339
0 0.539332 0.286273 0.0212472 0.0484152 0.209957
0 0.546648 0.289032 0.0317043 0.0642969 0.158764
0 0.548543 0.284933 0.0279133 0.0528486 0.148619
0 0.5625 0.287181 0 0.0272837 0.145391
0 0.54343 0.290669 0.0289735 0.058878 0.134796
0 0.541531 0.272659 0.0224695 0.0494903 0.130898
0 0.53868 0.283238 0.0158323 0.032169 0.13008
0 0.549842 0.277268 0.0253155 0.0398206 0.129584
0 0.5625 0.280813 0 0.0296133 0.126237
0 0.5625 0.272676 0 0.0262324 0.122693
0 0.537404 0.293775 0.0165013 0.0418673 0.119326
0 0.447487 0.273883 0.0328041 0.0503047 0.0980958
0 0.539947 0.288446 0.0140742 0.0263704 0.0816878
0 0.5625 0.277097 0 0.0352239 0.0779036
0 0.533655 0.285007 0.0125383 0.0224294 0.0730378
0 0.534231 0.299803 0.0160186 0.0395586 0.0728874
0 0.542557 0.268715 0.0164692 0.0252742 0.0710619
0 0.469998 0.277955 0.040271 0.0504329 0.0689003
0 0.53854 0.273005 0.0164856 0.0242372 0.0680596
0 0.560429 0.282651 0.00414209 0.0503847 0.0676982
0 0.5625 0.275972 0 0.0241858 0.0663426
0 0.546699 0.271061 0.0312216 0.0403622 0.0631268
0 0.5625 0.280997 0 0.0227368 0.0520771
0 0.0495684 0.189204 0.0991369 0.353988 0.0518249
0 0.455954 0.2709 0.0153817 0.0329085 0.0508811
0 0.5625 0.28059 0 0.0232786 0.049106
0 0.5625 0.246537 0 0.0912492 0.0472426
0 0.50012 0.299479 0.0119412 0.0253734 0.0471898
0 0.5625 0.278977 0 0.0303864 0.0468373
0 0.452885 0.276674 0.0203373 0.0354706 0.0452703
0 0.550985 0.261088 0.0230296 0.0447052 0.0421023
0 0.536442 0.266198 0.0151436 0.0234589 0.0417044
0 0.550674 0.261101 0.023652 0.0376238 0.0395322
0 0.491762 0.300531 0.0143821 0.0239826 0.0388435
0 0.5625 0.26127 0 0.0336097 0.0387294
0 0.458123 0.287366 0.0154984 0.0255023 0.0384962
0 0.498675 0.304063 0.0118806 0.0247512 0.0379265
0 0.457278 0.267821 0.0198635 0.0449901 0.0376493
0 0.5625 0.285188 0 0.0224776 0.0375471
0 0.443886 0.262451 0.0586662 0.0813123 0.0374208
0 0.5625 0.293852 0 0.0427632 0.0368767
0 0.545368 0.308406 0.0342632 0.091219 0.0368078
0 0.499363 0.29497 0.0148614 0.0318373 0.0366487
0 0.464776 0.271206 0.0390022 0.0680164 0.0365615
0 0.467555 0.28885 0.0227942 0.0282806 0.0363852
0 0.527263 0.303232 0.0176833 0.0365301 0.0358459
0 0.483096 0.292304 0.0226669 0.0345278 0.0352895
0 0.673954 0.322453 0.0191456 0.0390349 0.0351612
0 0.623633 0.25668 0.0503092 0.0613249 0.0348765
0 0.534032 0.327971 0.0163762 0.0337706 0.0346555
0 0.611971 0.267608 0.0299131 0.0296794 0.0332375
0 0.519533 0.279204 0.0419369 0.0660539 0.0331637
0 0.534576 0.275085 0.0138704 0.0197038 0.0328703
0 0.441581 0.255658 0.034875 0.0810371 0.0327085
0 0.441903 0.27407 0.0219581 0.0371324 0.0324517
0 0.491932 0.308009 0.0120854 0.0191381 0.0320377
0 0.48412 0.301026 0.013825 0.0210155 0.0320003
0 0.552543 0.254719 0.026708 0.0307794 0.031961
0 0.0487642 0.328175 0.0958734 0.155492 0.0319057
0 0.648211 0.207186 0.0256986 0.0284414 0.0316592
0 0.486666 0.299636 0.0194937 0.0278149 0.0314971
0 0.849438 0.336854 0.0371527 0.0479719 0.0308946
0 0.669917 0.314447 0.0122993 0.0384566 0.0306835
0 0.55992 0.302786 0.0596576 0.0810753 0.0305972
0 0.476295 0.286561 0.035492 0.0507814 0.0298774
0 0.639243 0.259934 0.0409472 0.0614006 0.0297829
0 0.626684 0.302 0.0139867 0.0321373 0.0292338
0 0.422266 0.265806 0.0274844 0.0561303 0.0288073
0 0.454789 0.289445 0.0145172 0.023087 0.0288029
0 0.630474 0.310706 0.0180409 0.0449878 0.0287199
0 0.520845 0.269702 0.0181767 0.0211068 0.0286312
0 0.845852 0.319099 0.0374298 0.0601311 0.0278361
0 0.509406 0.289073 0.0155855 0.026987 0.0276807
0 0.471678 0.295579 0.0196659 0.0221398 0.0266842
0 0.457831 0.278533 0.0151912 0.030117 0.0266735
0 0.538295 0.320154 0.0195419 0.0437108 0.0263741
0 0.603968 0.252658 0.0389185 0.0417957 0.0263048
0 0.612483 0.256849 0.0308271 0.0480703 0.0256393
0 0.57353 0.246927 0.0521633 0.0493 0.0255359
0 0.584582 0.253635 0.0196475 0.0245478 0.0249597
0 0.5607 0.326943 0.0575509 0.115513 0.0245903
0 0.543581 0.250719 0.0160288 0.0198124 0.0238359
0 0.992611 0.351728 0.0151352 0.0752617 0.0238281
0 0.96404 0.332555 0.0730181 0.119519 0.0237382
0 0.525489 0.25275 0.0144114 0.0184494 0.0236812
0 0.505453 0.291641 0.027101 0.046131 0.0235666
0 0.92542 0.302779 0.146311 0.145773 0.0233821
0 0.667788 0.300294 0.0398712 0.0860998 0.0233246
0 0.841078 0.346757 0.042765 0.0501067 0.0231412
0 0.505178 0.263525 0.0154778 0.0228583 0.0226884
0 0.688727 0.245393 0.0737814 0.15768 0.0225169
0 0.533228 0.316788 0.0190608 0.040087 0.0224755
0 0.701069 0.312638 0.0383788 0.0414133 0.022316
0 0.628023 0.34514 0.018861 0.0446217 0.0222174
0 0.645078 0.14703 0.0360501 0.0315836 0.0221396
0 0.726113 0.670701 0.0888741 0.101718 0.0220829
0 0.38561 0.236934 0.0403049 0.118017 0.0220555
0 0.981946 0.330109 0.033773 0.100005 0.0220137
0 0.374758 0.176025 0.0170504 0.0344529 0.0219987
0 0.03631 0.245093 0.0716773 0.161249 0.0219973
0 0.640821 0.269461 0.0319757 0.0621496 0.0219695
0 0.503407 0.28827 0.016912 0.0291295 0.0219273
0 0.398029 0.193211 0.0300654 0.0336917 0.0218687
0 0.514151 0.284237 0.0174036 0.02794 0.0215409
0 0.989935 0.33641 0.020586 0.101766 0.0213139
0 0.51549 0.24799 0.0170091 0.0230015 0.0210911
0 0.705478 0.109167 0.0530123 0.0604078 0.0210548
0 0.355653 0.676487 0.0779656 0.0689013 0.0207856
0 0.613291 0.24793 0.0223213 0.0263622 0.0207447
0 0.649543 0.201721 0.021496 0.0244623 0.020719
0 0.97905 0.307886 0.0402 0.121234 0.0206987
0 0.658085 0.144551 0.0361608 0.0344546 0.0206763
0 0.018549 0.113969 0.0332595 0.0897076 0.020514
0 0.480723 0.313902 0.0157422 0.0247546 0.0205021
0 0.754523 0.329172 0.0376918 0.0305863 0.0204647
0 0.669882 0.317559 0.0178964 0.0425991 0.0204557
0 0.491409 0.639251 0.068231 0.0665105 0.0204541
0 0.61925 0.314449 0.0355897 0.0796183 0.0202199
0 0.672345 0.331259 0.0175149 0.0301289 0.0201934
0 0.964986 0.376827 0.0705894 0.129129 0.020177
0 0.0525003 0.275057 0.102049 0.212969 0.0201757
0 0.662915 0.134882 0.0349314 0.0388931 0.0200666
0 0.483924 0.311411 0.0146213 0.0190623 0.020051
0 0.608756 0.230715 0.0533641 0.0623021 0.020024
0 0.717216 0.103587 0.0358747 0.0393047 0.0198861
0 0.614003 0.333215 0.0425611 0.0965737 0.0198188
0 0.0261612 0.0790817 0.0483008 0.0966799 0.0196199
0 0.160731 0.308547 0.0480628 0.0537223 0.0195698
0 0.641409 0.337044 0.0159401 0.0352481 0.0193292
0 0.684512 0.314872 0.0250504 0.0356678 0.0193098
0 0.657542 0.286295 0.0192968 0.0402388 0.0189831
0 0.602945 0.175631 0.0232397 0.0354302 0.0189042
0 0.458685 0.324406 0.0198096 0.0286024 0.018809
0 0.634642 0.311726 0.0173552 0.0455522 0.0187592
0 0.042612 0.13707 0.0805063 0.246139 0.0186715
0 0.377363 0.236146 0.0248113 0.101513 0.0186492
0 0.484452 0.62095 0.0473806 0.0337855 0.0186119
0 0.700811 0.321499 0.05312 0.0488344 0.0185823
0 0.607442 0.370231 0.0546088 0.086523 0.0184053
0 0.490339 0.223704 0.0218728 0.034637 0.0183911
0 0.654261 0.131541 0.0638063 0.0699045 0.0183312
0 0.348397 0.240557 0.0406331 0.115641 0.0182133
0 0.0563956 0.75091 0.103828 0.190716 0.0181499
0 0.387807 0.223721 0.0361228 0.0777518 0.0180855
0 0.955684 0.3073 0.0888153 0.138689 0.0180179
0 0.85443 0.314864 0.0436541 0.0690103 0.0179783
0 0.977545 0.343884 0.0451595 0.0956901 0.0179708
0 0.312773 0.290971 0.0515088 0.0603558 0.0179371
0 0.103797 0.196135 0.189319 0.345864 0.0178839
0 0.0354634 0.0419106 0.0666833 0.106086 0.0178425
0 0.0198331 0.330188 0.0369409 0.121664 0.0178096
0 0.375094 0.221641 0.0187308 0.0754277 0.0177712
0 0.542515 0.161562 0.036987 0.0519296 0.0176521
0 0.0413709 0.288874 0.0787292 0.140945 0.0175197
0 0.63052 0.242424 0.0245898 0.0315567 0.0174328
0 0.543995 0.255239 0.0146356 0.0188484 0.01742
0 0.915488 0.333916 0.127722 0.107015 0.0173482
0 0.218518 0.0664719 0.0760489 0.0911175 0.0172346
0 0.681031 0.320851 0.0254903 0.0375623 0.0171336
0 0.551036 0.342617 0.0433511 0.091095 0.0170375
0 0.550155 0.168893 0.032611 0.0404805 0.0169884
0 0.591277 0.368066 0.0869514 0.103569 0.0168398
0 0.458509 0.665746 0.0350427 0.0498403 0.0167037
0 0.383272 0.283479 0.0333119 0.0373617 0.0166894
0 0.696949 0.112015 0.0759677 0.0876717 0.0166627
0 0.391473 0.178695 0.0379751 0.0416289 0.0165324
0 0.0483433 0.344859 0.093534 0.093142 0.0165077
0 0.0337362 0.0830041 0.0696096 0.112877 0.0164733
0 0.110529 0.248943 0.0863546 0.157002 0.0162711
0 0.634031 0.123771 0.0829079 0.0757776 0.016264
0 0.75626 0.338675 0.0389774 0.0407245 0.0162174
0 0.677723 0.286727 0.0402467 0.0818011 0.0160566
0 0.00637256 0.277459 0.0141632 0.0725544 0.0160566
0 0.381479 0.252495 0.0320784 0.0827125 0.0159651
0 0.644427 0.201524 0.0316472 0.0364106 0.0159432
0 0.638891 0.357376 0.0205627 0.0420849 0.0158893
0 0.378413 0.151492 0.0312632 0.0573494 0.015871
0 0.0113787 0.369942 0.0251151 0.105693 0.0158513
0 0.591745 0.094296 0.0573146 0.0686323 0.0158086
0 0.982256 0.362332 0.0345741 0.102372 0.015757
0 0.652164 0.317438 0.0325436 0.0711754 0.0157543
0 0.44553 0.669679 0.0322062 0.0493336 0.0156964
0 0.788606 0.0609607 0.052015 0.0676399 0.0156338
0 0.645598 0.136963 0.0518489 0.0403135 0.0156324
0 0.319525 0.296045 0.0420638 0.0480083 0.015582
0 0.816694 0.339954 0.064649 0.0639697 0.0154917
0 0.779666 0.0518872 0.0426817 0.0516689 0.0154293
0 0.0176225 0.0905029 0.034601 0.0910307 0.0153381
0 0.981677 0.977013 0.034886 0.0434716 0.0153326
0 0.537173 0.151888 0.0439907 0.0564287 0.0153231
0 0.36191 0.0964889 0.048801 0.089162 0.0152372
0 0.794299 0.339792 0.0526333 0.050793 0.0152099
0 0.595345 0.229207 0.039113 0.0510477 0.0151718
0 0.432417 0.302909 0.0198785 0.0296033 0.0151577
0 0.901288 0.335214 0.0883286 0.084745 0.015154
0 0.388332 0.191844 0.0313748 0.0325207 0.0151482
0 0.724471 0.304455 0.0488904 0.0595138 0.0151462
0 0.0486347 0.709674 0.084423 0.201899 0.0151134
0 0.50594 0.304342 0.0174042 0.0308669 0.0150144
0 0.578623 0.105034 0.0279491 0.0360779 0.0150008
0 0.890874 0.319564 0.0866335 0.0940536 0.0149044
0 0.0728942 0.205918 0.0323349 0.0729073 0.0148215
0 0.326601 0.145513 0.0226921 0.0403243 0.0148204
0 0.327058 0.136962 0.025112 0.036951 0.0148183
0 0.994036 0.372601 0.0121828 0.062559 0.0146835
0 0.133022 0.0238563 0.0508069 0.0505588 0.0146667
0 0.440394 0.289665 0.0155787 0.0234049 0.0146646
0 0.239297 0.0827103 0.0337771 0.106756 0.0146157
0 0.709524 0.289391 0.0231462 0.0406492 0.0145036
0 0.465815 0.141021 0.0315271 0.0453439 0.0144818
0 0.5364 0.166219 0.0475942 0.0661901 0.0144709
0 0.114311 0.301281 0.0840719 0.0934508 0.0144569
0 0.0318699 0.0398843 0.0528574 0.0706683 0.0144461
0 0.478582 0.656759 0.0535446 0.0639992 0.0144438
0 0.348313 0.164461 0.0416554 0.060139 0.0144074
0 0.55498 0.237232 0.0281042 0.0329991 0.0143453
0 0.466045 0.211064 0.0324159 0.0520779 0.014326
0 0.656868 0.296705 0.0197607 0.0402909 0.0143024
0 0.00635274 0.321334 0.0143021 0.0886414 0.0142917
0 0.104758 0.153458 0.0918437 0.273875 0.0142644
0 0.205094 0.0968089 0.0627825 0.0940733 0.0142626
0 0.0732396 0.0807563 0.071051 0.0909772 0.0142363
0 0.426678 0.249926 0.0282221 0.0635282 0.0142313
0 0.852249 0.34555 0.0473577 0.0559981 0.0141895
0 0.634938 0.148718 0.0436932 0.0358005 0.0141256
0 0.648644 0.214618 0.0384858 0.0596763 0.0141159
0 0.699742 0.271932 0.0558334 0.0961088 0.0141096
0 0.415538 0.275316 0.0264552 0.0412968 0.0140711
0 0.115383 0.519802 0.0271037 0.0392231 0.0140414
0 0.928392 0.561636 0.137016 0.223112 0.0140156
0 0.380213 0.47704 0.0554294 0.0713375 0.0140152
0 0.00897064 0.335097 0.0180629 0.0922413 0.0139655
0 0.562985 0.35841 0.0556659 0.104666 0.0138424
0 0.139798 0.305902 0.0682289 0.0696032 0.0138182
0 0.632561 0.191843 0.0581077 0.0698846 0.013813
0 0.392869 0.248219 0.0791156 0.132132 0.0138052
0 0.0113149 0.434894 0.0248955 0.135409 0.0137321
0 0.428097 0.276999 0.0169378 0.0315629 0.0137181
0 0.577772 0.229463 0.0383924 0.0430922 0.0136984
0 0.715573 0.22118 0.0881518 0.16346 0.0136913
0 0.986404 0.298439 0.0274927 0.107917 0.0136317
0 0.990235 0.728511 0.0192524 0.111267 0.0136185
0 0.571099 0.100611 0.0380429 0.0436154 0.0135883
0 0.0374418 -0.00388893 0.0670128 0.0555357 0.0135478
0 0.4307 0.20891 0.0366223 0.0578377 0.0135345
0 0.724801 0.269024 0.0531833 0.0807646 0.0135091
0 0.0664577 0.119276 0.11352 0.218807 0.0134802
0 0.611743 0.112424 0.0622789 0.0619001 0.0134592
0 0.669531 0.227536 0.0670625 0.153291 0.0134484
0 0.470981 0.131486 0.0395152 0.0572043 0.0134202
0 0.345236 0.0867722 0.0866055 0.135737 0.0134017
0 0.320439 0.0893347 0.0536346 0.0978502 0.0133499
0 0.252067 0.0305816 0.0466109 0.0583686 0.0133348
0 0.459616 0.214058 0.0246779 0.0452341 0.0132739
0 0.562864 0.170041 0.0403208 0.0460996 0.0132545
0 0.974768 0.877147 0.0486614 0.162748 0.0132289
0 0.0836671 0.199023 0.0459509 0.0784946 0.0132204
0 0.0525126 0.791891 0.090397 0.176397 0.0131969
0 0.930978 0.337039 0.0887445 0.0833441 0.0131788
0 0.780364 0.0763186 0.0463634 0.0681698 0.0131625
0 0.32198 0.135984 0.0363747 0.0487793 0.0131354
0 0.604571 0.166917 0.0270261 0.0427975 0.0131039
0 0.845717 0.168233 0.0470619 0.113815 0.0131016
0 0.397642 0.183541 0.0314614 0.0360011 0.0130302
0 0.0788231 0.664846 0.0678592 0.121561 0.0129951
0 0.0782935 0.232396 0.0449068 0.110103 0.0129913
0 0.017899 0.663386 0.0328554 0.116403 0.0129865
0 0.863781 0.270474 0.0677959 0.144189 0.0129801
0 0.480406 0.212854 0.0344097 0.0506022 0.0129748
0 0.73684 0.482276 0.0450119 0.0554513 0.0129615
0 0.717079 0.29069 0.0301912 0.0485155 0.0129285
0 0.841958 0.369026 0.0490236 0.0623278 0.0129117
0 0.976554 0.998844 0.0449106 0.0503513 0.0128842
0 0.506637 0.350653 0.0209341 0.0375248 0.0128789
0 0.0525269 0.07508 0.0881557 0.13823 0.012865
0 0.0331194 0.138891 0.0609841 0.0909571 0.0128612
0 0.739641 0.293398 0.0359781 0.0554264 0.0128529
0 0.322364 0.105297 0.0435494 0.0721777 0.0128528
0 0.0568044 0.894571 0.100128 0.167224 0.0128155
0 0.372853 0.156289 0.0276692 0.0537401 0.0128119
0 0.603434 0.445321 0.0420632 0.0721907 0.0128053
0 0.0190019 -0.00706411 0.0392459 0.0429229 0.0127839
0 0.955018 0.344741 0.084634 0.0824643 0.0127767
0 0.0348826 0.190117 0.0663387 0.148669 0.0127754
0 0.756861 0.0525089 0.0885648 0.101512 0.0127736
0 0.0196327 0.709803 0.0389689 0.170718 0.0127567
0 0.93973 0.527916 0.0514494 0.0608458 0.0127412
0 0.132396 0.252344 0.0935379 0.149297 0.0127362
0 0.430442 0.17334 0.0361152 0.046457 0.0127352
0 0.986636 0.943235 0.0256027 0.097221 0.0127296
0 0.503027 0.179266 0.0308987 0.0563273 0.0127269
0 0.855615 0.365329 0.0444494 0.0543959 0.0127004
0 0.0261098 0.751733 0.0511072 0.20787 0.0126859
0 0.0597681 0.660963 0.0746925 0.128023 0.012684
0 0.578938 0.327369 0.0746322 0.133686 0.012675
0 0.383814 0.522896 0.0658254 0.107428 0.0126606
0 0.113948 0.0276505 0.0680469 0.0595469 0.0126557
