0 0.281485 0.520606 0.15428 0.197876 0.92088
0 0.159904 0.560081 0.250435 0.248131 0.916356
0 0.5625 0.551827 0 0.174124 0.900842
0 0.5625 0.582375 0 0.43739 0.870859
0 0.5625 0.587626 0 0.265229 0.868011
0 0.0519093 0.582776 0.103819 0.331913 0.850367
0 0.465925 0.544648 0.193151 0.356425 0.840988
0 0.5625 0.535128 0 0.0856364 0.820496
0 0.361638 0.534418 0.0306889 0.100107 0.785295
0 0.5625 0.537152 0 0.0647758 0.152663
0 0.5625 0.548005 0 0.0494253 0.144545
0 0.5625 0.555686 0 0.0356068 0.142807
0 0.0159762 0.478279 0.0319523 0.0667897 0.132229
0 0.5625 0.521366 0 0.0866929 0.129786
0 0.5625 0.541155 0 0.0686145 0.125482
0 0.367846 0.493066 0.0427713 0.112744 0.111829
0 0.5625 0.592153 0 0.24264 0.107814
0 0.360871 0.46946 0.042364 0.0536262 0.107316
0 0.5625 0.552275 0 0.0988994 0.0940702
0 0.5625 0.49689 0 0.0837996 0.0915095
0 0.33623 0.492802 0.0514374 0.107787 0.0877129
0 0.180598 0.44287 0.0436231 0.0161639 0.087558
0 0.5625 0.47216 0 0.0367191 0.0858044
0 0.561825 0.527222 0.00134945 0.0900201 0.0845993
0 0.5625 0.522786 0 0.100819 0.0837843
0 0.5625 0.479172 0 0.0467914 0.0833115
0 0.368967 0.462557 0.0363358 0.0664378 0.0749357
0 0.350276 0.498164 0.046299 0.121157 0.0730039
0 0.338417 0.474444 0.0262803 0.0623155 0.0681158
0 0.342683 0.527607 0.0495991 0.139707 0.0675692
0 0.347257 0.45571 0.0784908 0.090833 0.0671118
0 0.0122559 0.466863 0.0245118 0.0823472 0.0656602
0 0.5625 0.456182 0 0.151325 0.0654451
0 0.356846 0.51838 0.0351741 0.0893331 0.0649979
0 0.0172559 0.524933 0.0345119 0.177171 0.064208
0 0.5625 0.555669 0 0.0547037 0.062503
0 0.5625 0.603679 0 0.299265 0.0618959
0 0.5625 0.549896 0 0.0479143 0.0616582
0 0.5625 0.51871 0 0.101442 0.0611266
0 0.5625 0.461304 0 0.0271952 0.0576511
0 0.376845 0.475013 0.034412 0.108397 0.0574563
0 0.5625 0.566038 0 0.379967 0.0564383
0 0.5625 0.548643 0 0.160233 0.054229
0 0.360476 0.489242 0.0628856 0.137512 0.0538244
0 0.5625 0.486646 0 0.079461 0.0532258
0 0.328528 0.538574 0.0622055 0.146329 0.0527721
0 0.0135953 0.448281 0.0271906 0.123644 0.0520247
0 0.5625 0.525446 0 0.046005 0.0511677
0 0.5625 0.461954 0 0.134233 0.0507139
0 0.5625 0.465876 0 0.0305623 0.0492749
0 0.182971 0.450688 0.044309 0.0298413 0.0484754
0 0.988718 0.512197 0.0226271 0.120078 0.0461551
0 0.34122 0.525809 0.0338731 0.109948 0.0458383
0 0.468473 0.657666 0.183252 0.132185 0.04527
0 0.76016 0.609149 0.10239 0.193561 0.0446973
0 0.332272 0.469534 0.0391692 0.0817576 0.0437388
0 0.647529 0.556864 0.0349873 0.122941 0.0423477
0 0.986097 0.534299 0.0282621 0.12088 0.0418596
0 0.964908 0.455207 0.0599262 0.102259 0.0417026
0 0.629562 0.527498 0.0338397 0.0865033 0.0410465
0 0.752337 0.560545 0.0970785 0.174099 0.0401753
0 0.99255 0.243707 0.0148098 0.0882488 0.0398283
0 0.94324 0.453823 0.109697 0.167001 0.0398038
0 0.175041 0.440273 0.0329375 0.0183283 0.0395682
0 0.640539 0.519296 0.0327161 0.0873286 0.0395084
0 0.982234 0.503078 0.0384928 0.164235 0.0390478
0 0.733167 0.496048 0.0517678 0.0610751 0.0387704
0 0.98408 0.561458 0.0327608 0.137726 0.0387405
0 0.593464 0.49563 0.0264496 0.0452141 0.0386395
0 0.383109 0.430975 0.0261244 0.0585984 0.0384945
0 0.726535 0.472203 0.0583013 0.0432272 0.0378838
0 0.048322 0.66823 0.0894983 0.164012 0.0378473
0 0.908547 0.461354 0.0660149 0.0393107 0.0373879
0 0.41523 0.654821 0.0877271 0.125699 0.0372988
0 0.612366 0.549815 0.0170945 0.038128 0.0369443
0 0.947133 0.459516 0.0421911 0.0383985 0.0367468
0 0.363432 0.431836 0.0546375 0.0889405 0.0362113
0 0.869932 0.636988 0.0853172 0.26771 0.0360951
0 0.911421 0.463445 0.0513468 0.0270433 0.0358781
0 0.206819 0.483596 0.114169 0.0901139 0.0356466
0 0.866368 0.498934 0.101169 0.0859742 0.0354349
0 0.581096 0.528627 0.0334843 0.0984132 0.0349928
0 0.377698 0.453038 0.0262602 0.059859 0.0349476
0 0.963363 0.411527 0.0784321 0.304033 0.0345837
0 0.560913 0.432945 0.0452054 0.111904 0.0343056
0 0.0400624 0.543508 0.078474 0.209535 0.0340311
0 0.596419 0.514538 0.0225622 0.055442 0.0339634
0 0.00650336 0.979648 0.0125028 0.0437905 0.0339558
0 0.261867 0.483578 0.135387 0.12791 0.0338821
0 0.705055 0.461234 0.0643153 0.0362642 0.0338707
0 0.979532 0.589716 0.0406586 0.195462 0.0338702
0 0.198002 0.44401 0.0718688 0.0351638 0.033856
0 0.954564 0.420698 0.0878126 0.193962 0.0337565
0 0.022358 0.716154 0.0434417 0.0779455 0.0337213
0 0.715989 0.456998 0.052482 0.0313104 0.0337019
0 0.581691 0.536787 0.0118019 0.049168 0.032991
0 0.593026 0.486691 0.020048 0.0281821 0.0329675
0 0.654769 0.545613 0.0500261 0.140479 0.0326399
0 0.376423 0.498216 0.0179909 0.0566999 0.0326015
0 0.893155 0.514203 0.106772 0.145064 0.0325672
0 0.700536 0.554034 0.0723762 0.164068 0.0322038
0 0.85087 0.515478 0.104819 0.117295 0.0318041
0 0.0454748 0.706321 0.0850439 0.143237 0.0318017
0 0.977578 0.660456 0.0456373 0.266367 0.0317797
0 0.305925 0.485299 0.0851161 0.112351 0.0314914
0 0.965218 0.503909 0.0611265 0.1532 0.0313896
0 0.0548053 0.576727 0.100746 0.192173 0.031345
0 0.383898 0.418357 0.0377901 0.0613367 0.0309585
0 0.59367 0.512529 0.0154736 0.0345806 0.0309054
0 0.694226 0.466887 0.0650033 0.048889 0.0307627
0 0.601755 0.520875 0.017839 0.0382941 0.0307015
0 0.916857 0.69474 0.15992 0.198641 0.0306756
0 0.541264 0.433127 0.0823733 0.121476 0.0306041
0 0.709187 0.483923 0.0843288 0.0543705 0.030509
0 0.848229 0.502163 0.16421 0.0872605 0.030506
0 0.0214782 0.571702 0.0425436 0.268146 0.0302871
0 0.370361 0.530463 0.0316622 0.0973261 0.0301607
0 0.601814 0.547886 0.0139893 0.0372063 0.0298519
0 0.681309 0.489408 0.0741991 0.0608881 0.0298476
0 0.580344 0.502873 0.0156027 0.0412059 0.0298397
0 0.108542 0.47334 0.128403 0.0642598 0.0296776
0 0.0219582 0.439892 0.0405445 0.129644 0.0296359
0 0.636371 0.511 0.0472058 0.104388 0.0295927
0 0.0207651 0.712757 0.0394253 0.128501 0.0294151
0 0.573544 0.530879 0.0179857 0.06946 0.029405
0 0.579277 0.522187 0.0202059 0.0756087 0.0292576
0 0.756561 0.371472 0.0237716 0.0425884 0.0290918
0 0.438102 0.660404 0.113632 0.118323 0.0289757
0 0.0283096 0.703165 0.0479097 0.0938877 0.0289315
0 0.381227 0.544226 0.028066 0.10227 0.0287145
0 0.642198 0.513426 0.0230049 0.0440996 0.0282805
0 0.540687 0.550418 0.086692 0.279369 0.0282797
0 0.030887 0.449039 0.0637038 0.148359 0.0279941
0 0.771254 0.637921 0.100696 0.158588 0.0279444
0 0.765653 0.48472 0.0653798 0.063751 0.0276128
0 0.667799 0.51084 0.0672841 0.081459 0.027358
0 0.243795 0.542212 0.10556 0.200638 0.0273082
0 0.716986 0.509584 0.0796474 0.0871583 0.0272533
0 0.0367651 0.443779 0.0766766 0.282635 0.02689
0 0.409335 0.558967 0.0885351 0.251286 0.0268238
0 0.54103 0.620259 0.0810803 0.171187 0.0266729
0 0.72181 0.556636 0.0767838 0.169775 0.0265265
0 0.446705 0.299267 0.0202866 0.0435811 0.0264304
0 0.692429 0.583705 0.0506372 0.100757 0.0263885
0 0.372202 0.539062 0.0127375 0.0512534 0.0263033
0 0.324907 0.491279 0.0589982 0.12161 0.0262552
0 0.618047 0.523526 0.0165764 0.0396418 0.0262536
0 0.937115 0.782831 0.109851 0.0509508 0.0262367
0 0.287355 0.461395 0.104277 0.0763676 0.0262314
0 0.363779 0.539385 0.0200206 0.0866825 0.0261122
0 0.0224424 0.513519 0.0418143 0.121065 0.0261031
0 0.661024 0.497373 0.0529 0.067663 0.0260015
0 0.399712 0.491789 0.0667196 0.193808 0.025905
0 0.304936 0.514138 0.0978357 0.173844 0.0258838
0 0.552915 0.571013 0.0525755 0.192649 0.025791
0 0.18167 0.436385 0.0383342 0.0203787 0.025681
0 0.123177 0.467481 0.0974753 0.0430567 0.0255662
0 0.685889 0.564292 0.0675765 0.143883 0.0255208
0 0.0315117 0.598143 0.0551459 0.205593 0.0254643
0 0.657301 0.516946 0.0541848 0.104335 0.0253515
0 0.00876863 0.996892 0.0177231 0.0332464 0.025238
0 0.964316 0.543007 0.0648443 0.166845 0.0252218
0 0.609123 0.557389 0.0145206 0.0335922 0.0252045
0 0.368263 0.543063 0.0163966 0.0679274 0.0251713
0 0.934358 0.776711 0.0735592 0.0353755 0.0249537
0 0.957718 0.480997 0.0530756 0.0859701 0.0246547
0 0.260942 0.452514 0.118473 0.0684845 0.0246364
0 0.205485 0.588686 0.150307 0.178181 0.0246106
0 0.866691 0.682933 0.0698555 0.188626 0.0245678
0 0.723608 0.456663 0.0626227 0.0436315 0.0245539
0 0.242116 0.458823 0.0781632 0.0744921 0.0244353
0 0.338824 0.384554 0.0361773 0.0470723 0.0242817
0 0.0242122 0.67483 0.0476552 0.175803 0.0242384
0 0.636632 0.484623 0.088043 0.163612 0.0241035
0 0.700764 0.519587 0.11545 0.111447 0.0240557
0 0.19091 0.439696 0.0590689 0.024272 0.0239895
0 0.585696 0.542123 0.0168112 0.0575877 0.0239529
0 0.849222 0.639209 0.0619314 0.192845 0.0238441
0 0.943126 0.451659 0.0373224 0.0427544 0.0236692
0 0.741604 0.471084 0.0513285 0.0414827 0.0236617
0 0.0583637 0.501855 0.0647171 0.0901079 0.0233852
0 0.617016 0.488457 0.0632738 0.123045 0.023352
0 0.232366 0.600721 0.0842859 0.123214 0.023224
0 0.105693 0.493022 0.120666 0.0980678 0.023156
0 0.341377 0.432685 0.0688693 0.0858677 0.0231415
0 0.950861 0.495448 0.0779888 0.126222 0.0231061
0 0.714394 0.488038 0.0979598 0.0992132 0.0230833
0 0.16242 0.45921 0.0957389 0.0503317 0.0229548
0 0.721242 0.450254 0.0400527 0.0358147 0.0229103
0 0.568949 0.440779 0.0381158 0.106524 0.0228087
0 0.818552 0.737103 0.0605364 0.0907852 0.0228068
0 0.779028 0.5012 0.0810658 0.0744916 0.0228059
0 0.348749 0.469862 0.0274557 0.044328 0.0227442
0 0.932122 0.591091 0.120981 0.142318 0.0227416
0 0.85311 0.701917 0.0537285 0.156729 0.0227414
0 0.309505 0.459052 0.0672254 0.0718051 0.0227253
0 0.913634 0.755847 0.131098 0.103242 0.0227109
0 0.111889 0.569666 0.147392 0.214945 0.022693
0 0.446854 0.319817 0.0206932 0.032413 0.0226534
0 0.565412 0.548125 0.0411609 0.148992 0.0225043
0 0.356023 0.53918 0.0206753 0.0732677 0.0223774
0 0.17292 0.437108 0.0445554 0.023207 0.0222232
0 0.655761 0.578453 0.0341474 0.0725563 0.0222024
0 0.609764 0.377342 0.0299742 0.0610317 0.0221402
0 0.836989 0.490983 0.125953 0.0704216 0.0221349
0 0.894931 0.457855 0.0811089 0.0462611 0.0220572
0 0.705291 0.45243 0.0541381 0.0462419 0.021962
0 0.0835197 0.380197 0.0299449 0.0433256 0.0219465
0 0.879852 0.375342 0.023097 0.0364687 0.0218465
0 0.598151 0.548429 0.0163263 0.0474019 0.0217959
0 0.444512 0.378736 0.067125 0.0326506 0.0217789
0 0.0745836 0.577446 0.0965675 0.230356 0.021684
0 0.295118 0.44692 0.0801349 0.0595685 0.0216146
0 0.474088 0.449289 0.174204 0.165481 0.0215224
0 0.442496 0.563922 0.140236 0.272973 0.0214983
0 0.990249 0.235165 0.0214397 0.124701 0.0214531
0 0.224349 0.431671 0.0494912 0.0366855 0.0211124
0 0.911268 0.454183 0.112311 0.0933055 0.0209504
0 0.978019 0.419761 0.0455828 0.102829 0.0209501
0 0.380151 0.720575 0.0157729 0.0262224 0.0209109
0 0.0511297 0.756319 0.0714288 0.103415 0.0207768
0 0.172304 0.600982 0.125718 0.154431 0.0207232
0 0.370001 0.565798 0.0124647 0.0408732 0.0204988
0 0.581824 0.566148 0.0120234 0.042535 0.0204843
0 0.954852 0.595866 0.0804522 0.17691 0.0203957
0 0.165576 0.42445 0.0269076 0.0226827 0.0202078
0 0.0917456 0.385421 0.0279243 0.0409078 0.0201939
0 0.429165 0.451698 0.0916659 0.156249 0.0201868
0 0.514687 0.60014 0.128465 0.211034 0.0201828
0 0.927635 0.562505 0.146494 0.176784 0.020173
0 0.148206 0.442374 0.0840997 0.0499306 0.020086
0 0.813891 0.516682 0.128794 0.11447 0.0200678
0 0.170594 0.431341 0.030153 0.0258272 0.0200431
0 0.788967 0.490704 0.0646233 0.0511421 0.0200412
0 0.373459 0.530422 0.0213482 0.0747785 0.01996
0 0.921168 0.459242 0.0317715 0.0267882 0.0199577
0 0.948602 0.533223 0.0851995 0.148644 0.0199353
0 0.719432 0.140466 0.10378 0.133221 0.0198467
0 0.946691 0.369492 0.103316 0.161565 0.0198319
0 0.325768 0.277201 0.0249596 0.0414269 0.0196802
0 0.526918 0.487993 0.106478 0.206561 0.0196672
0 0.967466 0.615144 0.0629658 0.169297 0.0196649
0 0.0694256 0.649366 0.0602766 0.180688 0.0196098
0 0.935663 0.533126 0.126255 0.348389 0.0196007
0 0.668993 0.583722 0.0666687 0.101937 0.0195976
0 0.110955 0.53362 0.116683 0.163441 0.0195868
0 0.18459 0.460757 0.0566368 0.0476136 0.0195792
0 0.764707 0.728638 0.0724521 0.101679 0.0195632
0 0.891883 0.545202 0.135695 0.158182 0.0195611
0 0.137881 0.474133 0.0872245 0.0589998 0.0194042
0 0.0998649 0.609855 0.113285 0.164357 0.0193133
0 0.196037 0.434666 0.0794853 0.0388776 0.0192161
0 0.0156653 0.421614 0.0311421 0.150974 0.019172
0 0.759786 0.463478 0.045717 0.0384727 0.0191311
0 0.329485 0.284653 0.0917364 0.142246 0.0190594
0 0.377811 0.718818 0.0199903 0.0375919 0.018998
0 0.918976 0.517242 0.107222 0.136949 0.0189506
0 0.0126634 0.748417 0.0283352 0.109926 0.0189115
0 0.0474416 0.414874 0.0896848 0.182339 0.0189013
0 0.695851 0.456976 0.0519397 0.0366025 0.0188627
0 0.531561 0.661633 0.0932775 0.099285 0.0188253
0 0.940276 0.622229 0.113667 0.138585 0.0188119
0 0.889417 0.600945 0.125292 0.163718 0.0188104
0 0.545935 0.533126 0.0512543 0.112582 0.0187963
0 0.54575 0.329207 0.0212598 0.0303539 0.0187948
0 0.452717 0.389099 0.0695275 0.0473275 0.0187685
0 0.0552448 0.901398 0.098412 0.163685 0.0187204
0 0.765484 0.482391 0.0512881 0.0414519 0.0187134
0 0.916504 0.607152 0.0917994 0.0932873 0.0186781
0 0.543799 0.552211 0.0642758 0.145328 0.0185419
0 0.473724 0.621162 0.19517 0.186366 0.0185068
0 0.571605 0.416753 0.0307816 0.0700764 0.0184028
0 0.725577 0.585334 0.0443758 0.142252 0.0183821
0 0.740658 0.449781 0.0740743 0.0671403 0.0183737
0 0.0389033 0.747287 0.0628539 0.108151 0.0183512
0 0.0573898 0.840219 0.0916859 0.174486 0.0182818
0 0.392895 0.411243 0.0293272 0.0475132 0.0182089
0 0.737608 0.591218 0.0627487 0.151556 0.0182018
0 0.331871 0.415861 0.0506641 0.0518789 0.0181981
0 0.715464 0.578616 0.0466042 0.121516 0.0181901
0 0.377642 0.770571 0.019011 0.030534 0.0181883
0 0.247641 0.5362 0.0831459 0.13851 0.0181847
0 0.38645 0.417842 0.02356 0.0358767 0.0181615
0 0.325856 0.287075 0.0296618 0.0644105 0.0180739
0 0.0146525 0.671994 0.0274451 0.149191 0.018034
0 0.0681609 0.67843 0.0518178 0.117067 0.0179451
0 0.71385 0.44925 0.0718555 0.0647123 0.0178575
0 0.906422 0.452581 0.0485249 0.0346976 0.0178429
0 0.329049 0.446451 0.0366439 0.0551558 0.0178266
0 0.0892695 0.428193 0.0431416 0.0431105 0.0177833
0 0.430977 0.355619 0.0322364 0.0294842 0.0177266
0 0.615303 0.38442 0.0305564 0.0546435 0.0177125
0 0.0738899 0.794495 0.131001 0.252315 0.0176329
0 0.0168785 0.637703 0.0314082 0.187268 0.0176181
0 0.642636 0.563486 0.0216936 0.0684409 0.0175972
0 0.755701 0.383137 0.0274621 0.0499665 0.0175291
0 0.0249211 0.484763 0.0404344 0.0503879 0.0175098
0 0.0679935 0.62876 0.0720433 0.267165 0.0175057
0 0.134773 0.610175 0.108275 0.135121 0.0175022
0 0.508913 0.639807 0.131843 0.138071 0.0174228
