0 0.268607 0.796298 0.0400068 0.0582052 0.866787
0 0.760706 0.826235 0.172582 0.141036 0.850453
0 0.600065 0.792518 0.0648665 0.0604958 0.841648
0 0.871593 0.835178 0.256589 0.225498 0.786019
0 0.237442 0.798437 0.0416901 0.0682677 0.783858
0 0.31726 0.782826 0.0411601 0.0506787 0.769253
0 0.662459 0.801042 0.131401 0.0894202 0.753422
0 0.567989 0.778696 0.0440167 0.0399714 0.752556
0 0.38578 0.77402 0.0255582 0.0286396 0.741678
0 0.346024 0.780527 0.0263906 0.0411745 0.707191
0 0.190249 0.801687 0.0703881 0.0852598 0.661099
0 0.405995 0.769258 0.0173231 0.0272012 0.644542
0 0.42297 0.765911 0.0166378 0.0276832 0.618863
0 0.472356 0.767743 0.0288668 0.0355211 0.560557
0 0.12089 0.817037 0.0811808 0.0968245 0.537438
0 0.0441354 0.821896 0.0873739 0.137062 0.518036
0 0.495185 0.765252 0.0141574 0.0195233 0.421004
0 0.57778 0.785567 0.0371464 0.0466699 0.385879
0 0.351962 0.780719 0.0185112 0.0360955 0.365797
0 0.453401 0.758945 0.0157852 0.0236447 0.363242
0 0.291304 0.786341 0.0223663 0.0430891 0.359105
0 0.511729 0.765277 0.0177588 0.0222655 0.357921
0 0.442395 0.759901 0.0183005 0.0265678 0.338901
0 0.413448 0.769063 0.0149084 0.0266139 0.333943
0 0.559254 0.781411 0.0338217 0.0328576 0.320138
0 0.40059 0.771211 0.0140664 0.0253745 0.3185
0 0.394729 0.77212 0.0171177 0.0269146 0.291618
0 0.0149933 0.83782 0.0299866 0.14128 0.282683
0 0.165939 0.806229 0.0608112 0.0858827 0.272904
0 0.418819 0.76839 0.0151271 0.0244668 0.272018
0 0.499402 0.762376 0.0137004 0.0210161 0.270848
0 0.492066 0.764965 0.0127677 0.0182651 0.265293
