0 0.47656 0.514889 0.0591427 0.156191 0.861018
0 0.35826 0.561766 0.0389766 0.047299 0.817603
0 0.315405 0.538894 0.0172745 0.0214594 0.62563
0 0.420378 0.532187 0.0121332 0.0169729 0.383102
0 0.344629 0.534326 0.0193207 0.0195418 0.379071
0 0.349311 0.532528 0.019379 0.0186884 0.37506
0 0.371875 0.530781 0.0147765 0.016628 0.315672
0 0.435691 0.525337 0.0125093 0.017112 0.291853
0 0.43336 0.526455 0.0107935 0.0149924 0.250457
0 0.441799 0.52328 0.012393 0.0165515 0.247485
0 0.422105 0.529259 0.012347 0.0157141 0.225046
0 0.391663 0.528393 0.0137312 0.02129 0.19271
0 0.394855 0.53034 0.0153319 0.0219676 0.185894
0 0.426432 0.527401 0.0116488 0.0161285 0.185885
0 0.403498 0.532811 0.0152108 0.0199062 0.182143
0 0.428747 0.527323 0.0105365 0.014428 0.179768
0 0.417739 0.529239 0.0124095 0.0170446 0.179452
0 0.31205 0.539458 0.0138184 0.0167029 0.171283
0 0.337338 0.537823 0.0137323 0.0193415 0.168578
0 0.444685 0.523315 0.00837441 0.013986 0.164926
0 0.410245 0.531117 0.0116676 0.0164673 0.16461
0 0.445707 0.534466 0.00770092 0.0197289 0.163786
0 0.424051 0.530739 0.0106522 0.014638 0.160865
0 0.443062 0.53078 0.0117773 0.0257181 0.158296
0 0.398712 0.532838 0.0143963 0.0199839 0.157195
0 0.437954 0.523305 0.0108016 0.0140935 0.144262
0 0.443702 0.526035 0.00952558 0.0171789 0.141477
0 0.448273 0.542927 0.00935268 0.0288187 0.140405
0 0.417649 0.533271 0.0123415 0.0158591 0.138823
0 0.315314 0.541009 0.012975 0.0147463 0.136473
0 0.405313 0.532624 0.0119185 0.0144391 0.131737
0 0.496506 0.561072 0.0159591 0.0406565 0.131675
0 0.375594 0.529168 0.0133843 0.0149742 0.130105
0 0.366951 0.531878 0.0135647 0.0163105 0.126761
0 0.446039 0.528996 0.0103665 0.0222631 0.125662
0 0.371671 0.537054 0.0142806 0.0166709 0.12056
0 0.362369 0.547229 0.0332206 0.0326125 0.119056
0 0.497371 0.556864 0.0121496 0.0283102 0.112526
0 0.431842 0.524152 0.00952129 0.0137211 0.112269
0 0.324592 0.539843 0.0133481 0.0181327 0.110597
0 0.448452 0.550271 0.00982704 0.0274996 0.107047
0 0.413968 0.53684 0.0126019 0.0195118 0.105282
0 0.450701 0.549803 0.00978756 0.0247061 0.101033
0 0.437395 0.527535 0.0107832 0.0223596 0.092352
0 0.334209 0.536926 0.0117879 0.016292 0.0914374
0 0.422185 0.520668 0.012497 0.0162947 0.0902501
0 0.4417 0.534847 0.010795 0.0191689 0.0851176
0 0.381052 0.534311 0.0163831 0.0208065 0.0829919
0 0.475298 0.556101 0.052233 0.069169 0.0821668
0 0.313221 0.547396 0.0136507 0.0173553 0.076311
0 0.346062 0.551832 0.0179907 0.0265733 0.0751745
0 0.329605 0.539037 0.0131899 0.0164604 0.0711364
0 0.453398 0.554085 0.0152112 0.0376901 0.0698311
0 0.373278 0.54492 0.0214966 0.0267509 0.0666045
0 0.320693 0.54504 0.0172748 0.0193623 0.0662252
0 0.396109 0.52417 0.0124297 0.0159664 0.0647991
0 0.493522 0.568474 0.0158425 0.0310339 0.0624444
0 0.490578 0.566277 0.0226629 0.0369464 0.0618723
0 0.508656 0.540381 0.0109785 0.0269275 0.0575217
0 0.348965 0.537748 0.0156437 0.018675 0.0557378
0 0.456062 0.56321 0.0125939 0.0276771 0.0552273
0 0.423423 0.491243 0.012341 0.0132176 0.0542715
0 0.511452 0.543698 0.011361 0.0287247 0.0518638
0 0.476804 0.477765 0.0498431 0.0783145 0.0502982
0 0.505113 0.543961 0.011536 0.0261894 0.0501116
0 0.420388 0.492632 0.0115296 0.0125834 0.0488951
0 0.51628 0.398266 0.0238114 0.0462548 0.0485965
0 0.364437 0.552351 0.0197347 0.028294 0.0479235
0 0.508038 0.46591 0.0600303 0.170547 0.0478594
0 0.352918 0.540382 0.0167253 0.0190242 0.0467587
0 0.408695 0.493413 0.0108186 0.0134958 0.0466934
0 0.499221 0.547348 0.0121214 0.0281787 0.0443835
0 0.29599 0.538458 0.0371928 0.0366997 0.0425621
0 0.280852 0.540281 0.0542256 0.0536006 0.0424336
0 0.27988 0.535618 0.0359238 0.0300016 0.0416456
0 0.520424 0.4313 0.0329718 0.0887361 0.0410843
0 0.435834 0.493916 0.0105143 0.0120522 0.0403087
0 0.497381 0.569233 0.0145664 0.0270739 0.0400264
0 0.454641 0.556619 0.0131715 0.0257351 0.0398808
0 0.369882 0.52401 0.0137214 0.0147918 0.0396387
0 0.512062 0.548308 0.014661 0.0313061 0.0391759
0 0.262308 0.534588 0.0426897 0.0318287 0.0372348
0 0.504761 0.549988 0.0131405 0.0260563 0.0360841
0 0.425484 0.534067 0.0116979 0.0167759 0.0351922
0 0.307188 0.525633 0.0144107 0.0216653 0.0351727
0 0.239972 0.538232 0.025566 0.022142 0.0349639
0 0.299857 0.542707 0.0203385 0.0255604 0.0340771
0 0.136712 0.459889 0.0292094 0.0290841 0.0334019
0 0.299952 0.552645 0.0427975 0.0476166 0.0319931
0 0.030495 0.415536 0.0639132 0.173377 0.0310956
0 0.979689 0.664564 0.0417379 0.187761 0.0309147
0 0.343586 0.521272 0.0131734 0.0138014 0.0302316
0 0.452652 0.451857 0.0148148 0.016395 0.0288398
0 0.921288 0.603885 0.154951 0.212271 0.028835
0 0.395598 0.489478 0.0112439 0.0117531 0.0288234
0 0.424868 0.473722 0.0149246 0.0160312 0.0284758
0 0.513538 0.537032 0.0147615 0.025422 0.0283614
0 0.483234 0.538431 0.0169008 0.0403565 0.0281063
0 0.292224 0.533865 0.0221166 0.0224436 0.0280768
0 0.440753 0.497234 0.0104733 0.0177133 0.0280748
0 0.515645 0.538031 0.0190963 0.0331708 0.0280493
0 0.47038 0.57184 0.0195321 0.029708 0.0276745
0 0.00449549 0.782613 0.00990135 0.130146 0.0276535
0 0.98001 0.553754 0.0411465 0.118651 0.0275059
0 0.978584 0.621882 0.0447231 0.189382 0.0271887
0 0.523831 0.397232 0.0339034 0.0418027 0.0268935
0 0.514147 0.419573 0.0196769 0.05259 0.0266633
0 0.449807 0.500048 0.0317123 0.0613447 0.026532
0 0.459141 0.483492 0.0304619 0.0596636 0.0256991
0 0.476499 0.568349 0.0313825 0.0463011 0.0256989
0 0.945068 0.63592 0.107792 0.217406 0.0256167
0 0.352882 0.523155 0.0124417 0.0128609 0.0251926
0 0.988796 0.665927 0.0229946 0.161578 0.025153
0 0.400708 0.398557 0.0287656 0.0293944 0.0251151
0 0.503468 0.491065 0.0271692 0.0802404 0.0246506
0 0.0339361 0.36981 0.0586924 0.0730489 0.0246105
0 0.436051 0.508933 0.0157039 0.0265432 0.0245516
0 0.273081 0.555527 0.0755327 0.0695697 0.0243318
0 0.677985 0.603735 0.0748911 0.079736 0.0242333
0 0.418873 0.472484 0.0148038 0.0164442 0.0241977
0 0.96897 0.569449 0.060496 0.12086 0.0241463
0 0.520795 0.546735 0.0301669 0.0424739 0.0241029
0 0.695571 0.594236 0.105379 0.0931881 0.0240026
0 0.291624 0.514607 0.0588765 0.0809931 0.0239079
0 0.289822 0.480279 0.0277802 0.038359 0.0237949
0 0.314032 0.454681 0.0175996 0.0172207 0.0236012
0 0.466645 0.546587 0.0120223 0.0210435 0.0234624
0 0.257219 0.527378 0.0557949 0.0474014 0.0233981
0 0.500299 0.519194 0.0227544 0.0573854 0.0232218
0 0.987624 0.552637 0.025486 0.101213 0.023164
0 0.260597 0.540575 0.0580504 0.045809 0.0229485
0 0.509523 0.529791 0.0123889 0.0286414 0.0228931
0 0.663216 0.614415 0.0482809 0.0599593 0.022872
0 0.701445 0.56985 0.115969 0.120087 0.0224863
0 0.235876 0.532862 0.0871561 0.0823205 0.0223493
0 0.0542136 0.440837 0.105781 0.164934 0.0223302
0 0.969851 0.540462 0.0580637 0.115314 0.022293
0 0.988464 0.620093 0.0240368 0.147354 0.0221548
0 0.242744 0.530828 0.0491125 0.0414255 0.0220531
0 0.980078 0.523212 0.04104 0.117501 0.0220363
0 0.518301 0.566708 0.0243664 0.0309577 0.0214356
0 0.948498 0.568112 0.100044 0.16595 0.0214111
0 0.51348 0.533847 0.0324161 0.051085 0.0213873
0 0.46855 0.443714 0.0258934 0.0269553 0.0213502
0 0.506574 0.505925 0.0272159 0.0677585 0.0213356
0 0.505738 0.557098 0.0161283 0.0242362 0.0212009
0 0.971159 0.69686 0.0556992 0.167422 0.0211002
0 0.491203 0.456246 0.0888296 0.16417 0.0211
0 0.532232 0.548657 0.0397218 0.0475114 0.0210481
0 0.658512 0.60198 0.0518722 0.0577223 0.0208025
0 0.505696 0.449272 0.020802 0.0522083 0.0207982
0 0.555282 0.396363 0.0197623 0.0250821 0.0207956
0 0.47949 0.541265 0.0426958 0.0898463 0.0207695
0 0.290123 0.566354 0.0331419 0.0361067 0.0207176
0 0.625654 0.604455 0.0615815 0.0761715 0.0206842
0 0.134153 0.454269 0.0380198 0.0403331 0.0206434
0 0.510217 0.523422 0.0144628 0.0513521 0.0206089
0 0.538648 0.555204 0.0440126 0.0500986 0.0204687
0 0.337413 0.517073 0.0111597 0.0129295 0.0204362
0 0.0608235 0.428442 0.0889643 0.0868333 0.0198736
0 0.379042 0.487714 0.0123709 0.0122593 0.0197652
0 0.48471 0.435487 0.0267888 0.0278625 0.0193642
0 0.241296 0.545675 0.0221404 0.0256708 0.0193566
0 0.957855 0.555781 0.0768539 0.110096 0.0193441
0 0.00401911 0.810229 0.0101267 0.121343 0.0191449
0 0.960534 0.664541 0.0722057 0.157615 0.018911
0 0.921345 0.535865 0.147822 0.156621 0.018821
0 0.0683356 0.468165 0.126348 0.154527 0.0187348
0 0.552366 0.414787 0.0172122 0.0236689 0.0185993
0 0.361859 0.48396 0.0147564 0.0135159 0.0184766
0 0.307673 0.453804 0.0170391 0.0186809 0.0184425
0 0.644561 0.611738 0.0473091 0.0602073 0.0182631
0 0.647752 0.594825 0.0450504 0.052631 0.0181683
0 0.577204 0.516207 0.151991 0.192338 0.0181031
0 0.329654 0.471842 0.0139412 0.0122653 0.018092
0 0.511576 0.498542 0.0147259 0.0337344 0.0180004
0 0.316591 0.507929 0.0116965 0.0148398 0.0178324
0 0.0596864 0.89061 0.0969993 0.157925 0.0178305
0 0.445076 0.549773 0.0130548 0.0214529 0.0178084
0 0.668075 0.185742 0.0722468 0.127422 0.017806
0 0.394412 0.397281 0.0272056 0.0277056 0.0177318
0 0.44387 0.465231 0.0123025 0.0158012 0.0175491
0 0.63662 0.588653 0.0411073 0.045087 0.0173996
0 0.337931 0.553001 0.0135271 0.0216103 0.0173377
0 0.614246 0.437433 0.0315364 0.0382868 0.0173255
0 0.247696 0.550263 0.0453915 0.0445203 0.0171854
0 0.536777 0.414565 0.0172189 0.024629 0.0168772
0 0.00989982 0.518407 0.0220208 0.0770247 0.0167213
0 0.956918 0.619258 0.0810631 0.153774 0.0166702
0 0.989227 0.71806 0.0221554 0.148159 0.0165934
0 0.228964 0.535188 0.0447605 0.0328656 0.0163211
0 0.0101972 0.554223 0.021491 0.0804974 0.0163017
0 0.979825 0.719385 0.0398783 0.185571 0.0162682
0 0.260493 0.552264 0.0537403 0.0563654 0.0161946
0 0.734949 0.587094 0.15867 0.121135 0.0161712
0 0.957214 0.698148 0.0768585 0.147611 0.0161326
0 0.719381 0.879322 0.0310368 0.0508543 0.0160937
0 0.600398 0.595113 0.117216 0.106699 0.0160819
0 0.503588 0.435588 0.0165447 0.0311262 0.0160437
0 0.0725157 0.418859 0.0521927 0.059239 0.0160097
0 0.461124 0.425894 0.0227737 0.0249953 0.015989
0 0.0577783 0.499992 0.11162 0.168142 0.0158557
0 0.0626267 0.854136 0.0930729 0.135635 0.0157364
0 0.345853 0.477573 0.0149574 0.0133097 0.0157076
0 0.617666 0.569484 0.0690152 0.0721625 0.0156776
0 0.986222 0.501359 0.0282726 0.0979752 0.0156436
0 0.736457 0.156201 0.239314 0.33403 0.0155031
0 0.00383851 0.749263 0.0100737 0.0949548 0.015499
0 0.647575 0.226333 0.104456 0.21681 0.0153151
0 0.516617 0.611059 0.0268062 0.0385157 0.0152672
0 0.97974 -0.0122892 0.0396347 0.0439619 0.0152326
0 0.276182 0.519303 0.0255957 0.0335887 0.0151764
0 0.376668 0.557047 0.0139244 0.0227253 0.0150566
0 0.674708 0.583658 0.0812334 0.0897073 0.0150327
0 0.5585 0.484216 0.165567 0.213305 0.0150249
0 0.417402 0.402495 0.0432919 0.0395544 0.0149964
0 0.603926 0.560762 0.0999639 0.0991966 0.0146988
0 0.543996 0.564687 0.0351398 0.0410316 0.0146397
0 0.970275 0.502374 0.0567318 0.111948 0.014631
0 0.732137 0.549475 0.0636915 0.0643794 0.0146249
0 0.915557 0.803161 0.175757 0.339395 0.0146118
0 0.00525007 0.837923 0.0120458 0.122806 0.0145554
0 0.529345 0.558524 0.0370285 0.0449498 0.0145519
0 0.263345 0.580403 0.0559301 0.0608498 0.0144764
0 0.141426 0.459471 0.0449412 0.0348368 0.0144693
0 0.947917 0.5386 0.0919807 0.100228 0.014391
0 0.955437 0.801001 0.087155 0.282328 0.0143071
0 0.511984 0.524159 0.0151297 0.0256384 0.0142837
0 0.980469 0.487875 0.0389221 0.121445 0.0142279
0 0.239804 1.01361 0.0410476 0.0366118 0.0142196
0 0.219859 0.524224 0.0737702 0.0558175 0.0142036
0 0.0555218 0.759344 0.0715991 0.108411 0.0141972
0 0.641931 0.600548 0.0567084 0.0705243 0.0141641
0 0.961891 0.866998 0.0799273 0.246224 0.0141627
0 0.217615 0.535494 0.0554468 0.0378155 0.0141438
0 0.669348 0.15273 0.0962848 0.156615 0.0141268
0 0.0104685 0.802594 0.0216737 0.139199 0.0140981
0 0.365743 1.01248 0.0447504 0.0398068 0.014073
0 0.280886 0.451495 0.0416685 0.0729853 0.0139842
0 0.947809 0.585412 0.0915211 0.104816 0.0139786
0 0.193519 0.35113 0.102842 0.161057 0.0139571
0 0.634075 0.57895 0.0501575 0.0574728 0.0138304
0 0.616588 0.437909 0.0204652 0.0240463 0.013748
0 0.201162 0.891101 0.100469 0.125938 0.0136996
0 0.671591 0.168351 0.150248 0.248363 0.0136943
0 0.530167 0.393656 0.033486 0.0418472 0.0136898
0 0.0293376 0.51931 0.0616839 0.161237 0.0136829
0 0.486616 0.426686 0.0209925 0.0224441 0.013672
0 0.280266 0.965251 0.0918752 0.0938258 0.01352
0 0.164324 1.01489 0.0373038 0.034158 0.0134915
0 0.295363 0.453431 0.0145438 0.0190279 0.0134721
0 0.74213 0.562244 0.1371 0.120459 0.0134359
0 0.275631 0.721491 0.112887 0.187763 0.0134226
0 0.767064 1.0152 0.0329556 0.030414 0.0134188
0 0.144747 0.451047 0.04904 0.0446337 0.0133479
0 0.26631 1.01235 0.0472879 0.0397288 0.0133359
0 0.253049 1.01307 0.0449688 0.0382016 0.0133112
0 0.617274 0.361931 0.0641849 0.104033 0.0133086
0 0.404163 0.457366 0.0132327 0.0152561 0.0132902
0 0.689701 0.829267 0.0572247 0.0947708 0.013277
0 0.0117754 0.582322 0.0243724 0.0980112 0.0132645
0 0.590706 0.562986 0.0650126 0.0669013 0.0131645
0 0.455005 0.425951 0.0176353 0.0194239 0.0131603
0 0.321803 0.564577 0.016528 0.0230888 0.0131521
0 0.749502 0.54691 0.0720205 0.0718131 0.0131431
0 0.0256917 0.550091 0.0475818 0.0634332 0.0130886
0 0.859954 0.722301 0.201666 0.267799 0.0130437
0 0.180508 1.01488 0.0361696 0.0339979 0.0130286
0 0.0241976 0.587363 0.0471544 0.0952171 0.0130182
0 0.141571 0.453688 0.0279165 0.0360897 0.0130141
0 0.753532 1.01529 0.0365393 0.032549 0.0129964
0 0.451417 0.577191 0.0234436 0.0421838 0.0129923
0 0.526446 0.418761 0.0165189 0.0320283 0.0129873
0 0.292423 0.969782 0.0234299 0.0385617 0.0129805
0 0.555618 0.403684 0.0165917 0.0218313 0.0129754
0 0.154583 1.01454 0.0346725 0.0339147 0.012954
0 0.317023 1.0115 0.0387158 0.0387204 0.0129432
0 0.268149 0.414722 0.042506 0.0695325 0.0129181
0 0.594887 0.528856 0.0993554 0.113755 0.0128932
0 0.682889 0.564558 0.0892117 0.0943387 0.0128932
0 0.214642 0.546896 0.0496987 0.0405295 0.0128832
0 0.194677 1.01301 0.0353274 0.0352117 0.0128639
0 0.0242543 0.464302 0.0445354 0.156617 0.0128607
0 0.526303 0.404802 0.0309641 0.0385807 0.0128548
0 0.00989301 0.755848 0.0215435 0.150744 0.0128373
0 0.632345 0.379768 0.0574305 0.0975597 0.012808
0 0.279939 1.01083 0.0444402 0.0418138 0.0127923
0 0.378824 1.01292 0.0414687 0.0381322 0.0127807
0 0.921143 0.724096 0.158793 0.315075 0.0127497
0 0.384333 0.396903 0.0404625 0.0368351 0.0127481
0 0.261652 0.625675 0.129527 0.18774 0.0127253
0 0.582427 0.614422 0.0366328 0.0420965 0.0127073
0 0.610913 0.608577 0.0655288 0.0662393 0.0127024
0 0.935869 0.642213 0.0845455 0.107718 0.0126929
0 0.897505 0.626899 0.163805 0.16422 0.0126893
0 0.779598 1.01398 0.0291175 0.0299108 0.0126876
0 0.242009 0.493586 0.0860718 0.0861988 0.0126728
0 0.291762 1.00922 0.0409334 0.0428409 0.0126599
0 0.393202 1.01387 0.0412564 0.0367935 0.0126531
0 0.826606 0.809939 0.135647 0.237907 0.0126336
