0 0.358632 0.53626 0.0731318 0.0922657 0.886213
0 0.5625 0.552348 0 0.0556654 0.799804
0 0.5625 0.5611 0 0.0512978 0.711343
0 0.5625 0.573784 0 0.0574746 0.707844
0 0.0258923 0.508871 0.0517846 0.0539017 0.678325
0 0.179716 0.514936 0.0366341 0.0415432 0.659526
0 0.5625 0.567089 0 0.0497153 0.601891
0 0.486735 0.526082 0.0231874 0.0282406 0.588528
0 0.305713 0.520308 0.0403606 0.0331055 0.586386
0 0.513854 0.529063 0.0245996 0.0243897 0.584898
0 0.5625 0.569433 0 0.04729 0.543908
0 0.5625 0.541901 0 0.0410025 0.537135
0 0.5625 0.584193 0 0.063695 0.526188
0 0.5625 0.57251 0 0.0494258 0.482623
0 0.253505 0.511822 0.0611109 0.0402184 0.475117
0 0.463397 0.520966 0.0216405 0.0257721 0.468415
0 0.123476 0.516844 0.0780501 0.0608642 0.447802
0 0.538964 0.527633 0.0260677 0.0293781 0.442825
0 0.5625 0.569499 0 0.0434998 0.427503
0 0.269003 0.512244 0.0310586 0.0341492 0.415768
0 0.5625 0.543438 0 0.0436002 0.383281
0 0.239285 0.51072 0.0423851 0.0361197 0.378411
0 0.5625 0.58364 0 0.0591624 0.375638
0 0.5625 0.57664 0 0.0537899 0.373976
0 0.412204 0.514698 0.0221397 0.0252903 0.356135
0 0.114589 0.486568 0.097937 0.124653 0.341714
0 0.406702 0.514503 0.0270617 0.0287668 0.337834
0 0.554383 0.533497 0.0162346 0.0254548 0.329372
0 0.5625 0.546074 0 0.0281849 0.32887
0 0.444606 0.519126 0.020624 0.0250241 0.328264
0 0.0809649 0.483215 0.160464 0.125688 0.326871
0 0.428997 0.51587 0.0223599 0.0240837 0.323564
0 0.5625 0.550767 0 0.0487686 0.322888
0 0.437805 0.517894 0.0236222 0.0253236 0.315178
0 0.224396 0.50922 0.0404982 0.0357408 0.307671
0 0.5625 0.569382 0 0.045755 0.304724
0 0.20474 0.513678 0.0254581 0.0269171 0.300318
0 0.0938215 0.520051 0.0471236 0.0483895 0.295532
0 0.509697 0.529768 0.0185793 0.0212733 0.288444
0 0.315836 0.520853 0.0336882 0.0347115 0.275238
0 0.518591 0.528897 0.0177919 0.0213393 0.26593
0 0.5625 0.547358 0 0.0352121 0.249009
0 0.468201 0.521261 0.0173104 0.0225215 0.247494
0 0.5625 0.528171 0 0.0242641 0.229649
0 0.488061 0.529051 0.0179761 0.0213476 0.229109
0 0.29229 0.51967 0.020196 0.0247276 0.228975
0 0.13946 0.517358 0.0549024 0.0547636 0.225024
0 0.5625 0.532881 0 0.0421604 0.223051
0 0.553985 0.522564 0.017031 0.0403861 0.221547
0 0.394537 0.513346 0.0198014 0.0329522 0.219691
0 0.2676 0.508292 0.0247278 0.0254228 0.21969
0 0.464232 0.524315 0.0169147 0.021326 0.219507
0 0.00695206 0.50491 0.0140002 0.0447982 0.218985
0 0.20683 0.514848 0.0187885 0.0218582 0.206312
0 0.210377 0.512513 0.0220784 0.0268678 0.205954
0 0.415408 0.515362 0.0161478 0.0209803 0.205474
0 0.608363 0.530333 0.0225199 0.0195042 0.205413
0 0.733033 0.558678 0.0340627 0.0414311 0.204287
0 0.474023 0.525724 0.0161278 0.0231946 0.203546
0 0.554035 0.534527 0.0155459 0.0215501 0.1995
0 0.687 0.534829 0.0580019 0.0570669 0.199468
0 0.320382 0.525478 0.0212153 0.027589 0.19581
0 0.566754 0.533592 0.0168587 0.0208278 0.194169
0 0.617109 0.54478 0.043224 0.0446037 0.186823
0 0.479331 0.524463 0.0189429 0.0228734 0.186493
0 0.451293 0.520073 0.0170375 0.0231466 0.185295
0 0.675178 0.556565 0.0350145 0.047826 0.173611
0 0.401747 0.514807 0.018775 0.0264831 0.172854
0 0.975602 0.52984 0.0485872 0.14688 0.172156
0 0.60578 0.538086 0.023686 0.0306995 0.171874
0 0.00514233 0.505149 0.00944917 0.0366101 0.167849
0 0.010405 0.502691 0.0201137 0.0533376 0.165924
0 0.742003 0.553225 0.0401578 0.0389587 0.162395
0 0.591205 0.534718 0.0142174 0.0227739 0.160172
0 0.418702 0.517117 0.0177381 0.0204867 0.159774
0 0.571772 0.526107 0.0285802 0.0305492 0.158796
0 0.0656382 0.480372 0.0876897 0.106947 0.157065
0 0.878708 0.546139 0.146421 0.090804 0.156735
0 0.535809 0.528515 0.0199472 0.0219152 0.156687
0 0.539338 0.520998 0.0203046 0.0204319 0.156471
0 0.667882 0.542318 0.0193471 0.0200599 0.155575
0 0.15739 0.512139 0.0799066 0.0626163 0.153945
0 0.584771 0.529101 0.0146444 0.0225344 0.148317
0 0.38453 0.511485 0.0330901 0.0470713 0.145129
0 0.227626 0.508322 0.0249286 0.0324682 0.145035
0 0.458924 0.522014 0.0188276 0.0223724 0.144668
0 0.286724 0.5187 0.0195976 0.0236547 0.144249
0 0.48646 0.521001 0.0200186 0.0219148 0.143738
0 0.787354 0.57165 0.0744534 0.0633639 0.143095
0 0.573992 0.533681 0.0162699 0.0209604 0.142578
0 0.557492 0.531099 0.0181188 0.0210726 0.14187
0 0.296751 0.520784 0.0211473 0.0251254 0.139946
0 0.662815 0.535804 0.0224676 0.0265042 0.136725
0 0.605633 0.534304 0.0182747 0.02239 0.133027
0 0.0858348 0.518927 0.031203 0.0394387 0.132212
0 0.309016 0.525205 0.0238947 0.0239288 0.132029
0 0.499452 0.527945 0.018117 0.0219337 0.131853
0 0.328925 0.516676 0.025457 0.0378402 0.131436
0 0.657094 0.542015 0.0179872 0.0229126 0.130993
0 0.280178 0.517097 0.0210987 0.0248637 0.130766
0 0.59552 0.538494 0.0174699 0.0227844 0.129684
0 0.444187 0.523165 0.0166119 0.0221727 0.129358
0 0.767951 0.561119 0.068127 0.0598731 0.128488
0 0.728118 0.556999 0.020544 0.0333545 0.127249
0 0.182768 0.514187 0.0294622 0.0292976 0.127248
0 0.304894 0.52017 0.0228755 0.0260483 0.126798
0 0.808344 0.573658 0.0671654 0.0612395 0.125941
0 0.511817 0.53693 0.0140057 0.0236161 0.125915
0 0.310367 0.515812 0.0459033 0.0456826 0.125732
0 0.664192 0.545035 0.0161872 0.0242871 0.125211
0 0.662652 0.556222 0.0322798 0.0461194 0.12443
0 0.691374 0.544496 0.025252 0.0277043 0.124263
0 0.382874 0.497104 0.0354264 0.0438269 0.123167
0 0.6822 0.545464 0.0257299 0.0248225 0.123157
0 0.0289667 0.493297 0.0591035 0.0890542 0.122628
0 0.823651 0.568474 0.0241762 0.0337784 0.122401
0 0.0933468 0.485237 0.0593226 0.118433 0.121122
0 0.555051 0.517867 0.0164198 0.0288507 0.12026
0 0.733481 0.552702 0.0237502 0.0292232 0.119654
0 0.595908 0.542985 0.0192001 0.0371826 0.118886
0 0.692918 0.540188 0.032894 0.0333776 0.117708
0 0.314796 0.524685 0.0193343 0.0264623 0.117158
0 0.958311 0.535785 0.0924728 0.137949 0.116513
0 0.698926 0.551812 0.0311965 0.0292063 0.114777
0 0.31863 0.519735 0.0224816 0.0275075 0.114701
0 0.699921 0.546594 0.0237316 0.0295399 0.114421
0 0.925897 0.552872 0.074069 0.0804526 0.113852
0 0.224437 0.51251 0.0220364 0.027805 0.113725
0 0.0834723 0.477559 0.0539486 0.0985179 0.111748
0 0.32377 0.520772 0.0213428 0.0325528 0.108532
0 0.84237 0.53424 0.076177 0.0582206 0.108166
0 0.947651 0.581781 0.0700508 0.0634713 0.108066
0 0.189909 0.514297 0.0231002 0.0256883 0.106763
0 0.272673 0.515377 0.0193197 0.020287 0.106544
0 0.461809 0.53119 0.0145865 0.0242259 0.106076
0 0.170889 0.503918 0.0610244 0.0670631 0.104925
0 0.397031 0.517833 0.0156233 0.0289474 0.104605
0 0.615296 0.543403 0.0202023 0.0267691 0.103424
0 0.231279 0.511944 0.0246777 0.0269034 0.102891
0 0.213683 0.516035 0.0208395 0.0269149 0.100196
0 0.00457481 0.496274 0.00878302 0.0415583 0.0994107
0 0.714348 0.553152 0.0231604 0.0299305 0.0988569
0 0.385129 0.504024 0.0272757 0.0332077 0.0963357
0 0.048838 0.50213 0.0610221 0.054602 0.0960757
0 0.847475 0.57408 0.0250853 0.0395393 0.095818
0 0.908737 0.570252 0.0208088 0.040181 0.0952343
0 0.695558 0.549744 0.018993 0.0231294 0.0942248
0 0.062398 0.511635 0.0700341 0.0583111 0.0933021
0 0.854683 0.543244 0.088695 0.0580615 0.0896139
0 0.0894227 0.503307 0.0512146 0.0741794 0.0896029
0 0.726096 0.545664 0.033532 0.043761 0.0890967
0 0.392954 0.520228 0.0150965 0.0358172 0.0880583
0 0.551756 0.547448 0.0157627 0.0254701 0.0879196
0 0.675791 0.550376 0.0233813 0.0299031 0.0877767
0 0.611604 0.540688 0.0213412 0.0280497 0.0877367
0 0.686779 0.54442 0.0199336 0.0214443 0.0873568
0 0.345576 0.524675 0.0183537 0.0255792 0.0864273
0 0.0537213 0.464367 0.103616 0.111081 0.085681
0 0.140352 0.495519 0.0799139 0.0952483 0.0853769
0 0.880774 0.528372 0.190803 0.155992 0.0852545
0 0.990791 0.589888 0.0156277 0.0492093 0.0848353
0 0.762514 0.569279 0.0241961 0.0343181 0.0846449
0 0.129438 0.481184 0.0669364 0.102884 0.0841188
0 0.389503 0.515931 0.0183259 0.0227318 0.0829517
0 0.667612 0.535898 0.021549 0.0238735 0.0828289
0 0.168919 0.514845 0.0208566 0.0297097 0.0828257
0 0.814759 0.572137 0.0231411 0.0372108 0.0821974
0 0.568145 0.52932 0.0150393 0.0203156 0.0821481
0 0.758886 0.559237 0.0220535 0.0324144 0.0818496
0 0.58051 0.522346 0.0152723 0.0196718 0.0815394
0 0.651245 0.541446 0.018736 0.023434 0.0813428
0 0.940608 0.561058 0.0851482 0.0853322 0.0813268
0 0.660642 0.519509 0.0215379 0.0186826 0.0802437
0 0.856038 0.564661 0.0515264 0.0379792 0.0789229
0 0.30246 0.515704 0.0214221 0.0290407 0.0785578
0 0.593253 0.544228 0.0145413 0.0287478 0.0782124
0 0.806855 0.56624 0.0417395 0.0435861 0.0769765
0 0.380943 0.487382 0.0274909 0.0217288 0.0757651
0 0.439361 0.521959 0.0163793 0.0203613 0.0746686
0 0.379884 0.525624 0.0310271 0.0590418 0.0746126
0 0.840924 0.567983 0.0241695 0.0365104 0.0743344
0 0.898311 0.56068 0.0542152 0.0611568 0.0714976
0 0.817691 0.562665 0.0378004 0.0435404 0.0713294
0 0.534788 0.522936 0.0164755 0.0168039 0.0703086
0 0.383905 0.494391 0.024613 0.0230964 0.070301
0 0.601044 0.539207 0.0195953 0.023023 0.0695267
0 0.160745 0.49086 0.0920202 0.0981762 0.0687651
0 0.955144 0.583285 0.0219536 0.0384216 0.0682337
0 0.0388599 0.508918 0.0224597 0.0332727 0.0681372
0 0.266419 0.499829 0.0201643 0.017881 0.067756
0 0.758551 0.56752 0.0293607 0.0434386 0.067683
0 0.916955 0.574822 0.0217997 0.0388497 0.0664948
0 0.874499 0.550987 0.0752995 0.0582931 0.0649253
0 0.749729 0.548925 0.0678239 0.08025 0.0645382
0 0.661991 0.536325 0.0176115 0.0192243 0.0632738
0 0.613266 0.535509 0.0219562 0.026699 0.0626258
0 0.76916 0.564382 0.0230949 0.0346909 0.0618724
0 0.911671 0.549519 0.0684914 0.0565685 0.0613829
0 0.792728 0.57136 0.0343826 0.0377418 0.0606457
0 0.654041 0.580589 0.0225958 0.0316467 0.0597893
0 0.90485 0.545128 0.103897 0.0615623 0.0583506
0 0.0212941 0.50404 0.0191768 0.028368 0.0562429
0 0.781288 0.549447 0.0821614 0.083154 0.0556782
0 0.0435796 0.507586 0.023114 0.0264074 0.0556771
0 0.550114 0.534162 0.0135984 0.0212206 0.05553
0 0.413246 0.519921 0.0149453 0.018695 0.0547155
0 0.0238106 0.52123 0.0527066 0.0867267 0.0544718
0 0.988127 0.599801 0.0215118 0.0536544 0.0542809
0 0.140876 0.515218 0.0322387 0.0409336 0.0539957
0 0.791063 0.559156 0.0380766 0.0472098 0.0527842
0 0.92302 0.520636 0.0780733 0.104435 0.052727
0 0.714455 0.542646 0.0200018 0.0225989 0.0525123
0 0.408483 0.520057 0.0165164 0.0219482 0.0523999
0 0.915538 0.541759 0.133852 0.107914 0.0521294
0 0.033088 0.516691 0.032637 0.0432235 0.0519485
0 0.984005 0.589783 0.0225643 0.0403212 0.0515328
0 0.247968 0.501432 0.0182195 0.0173311 0.0511655
0 0.884923 0.582406 0.0391949 0.0525942 0.0505663
0 0.854566 0.520687 0.105557 0.0953415 0.0501434
0 0.015304 0.528209 0.0312611 0.100507 0.0498572
0 0.0318669 0.466572 0.0640103 0.129942 0.0497975
0 0.886239 0.493543 0.0474352 0.0414987 0.0482351
0 0.227982 0.499872 0.0197301 0.0219382 0.047729
0 0.163853 0.517023 0.020155 0.0307949 0.047077
0 0.952514 0.508278 0.0947401 0.103317 0.0468655
0 0.880066 0.505154 0.0618616 0.0560984 0.0461578
0 0.893505 0.498443 0.0664543 0.0532123 0.0449193
0 0.0999843 0.527381 0.021435 0.0326285 0.0444357
0 0.730948 0.563118 0.019214 0.0318456 0.0435053
0 0.0933909 0.527006 0.0258679 0.0314951 0.0430859
0 0.608529 0.523393 0.0152084 0.0153297 0.0428008
0 0.102939 0.44925 0.118735 0.169018 0.0419453
0 0.0837021 0.518692 0.0217139 0.0339162 0.0409931
0 0.0878507 0.45453 0.178666 0.206632 0.0408978
0 0.96414 0.588953 0.0317911 0.0446817 0.040846
0 0.654324 0.521257 0.0199838 0.0159954 0.0405112
0 0.778353 0.566748 0.0315233 0.0398224 0.0401512
0 0.484713 0.0987608 0.0252321 0.0448603 0.0395872
0 0.00552856 0.457585 0.0129296 0.103527 0.0389967
0 0.746691 0.567038 0.0273321 0.0339441 0.0379675
0 0.937607 0.50268 0.0673717 0.0771262 0.0373597
0 0.828561 0.50441 0.120053 0.11568 0.0372916
0 0.0814499 0.52462 0.0214712 0.0324964 0.0366664
0 0.0634295 0.509196 0.0213261 0.0297977 0.0363706
0 0.564187 0.536788 0.0177528 0.0208237 0.0363652
0 0.728262 0.542222 0.0262851 0.0278461 0.0362202
0 0.346696 0.504605 0.019939 0.019598 0.0354749
0 0.0680996 0.467622 0.121426 0.177233 0.0354419
0 0.868131 0.579398 0.0323788 0.0418684 0.0352302
0 0.329484 0.526253 0.0164536 0.0239676 0.0351463
0 0.188818 0.473701 0.0793154 0.118474 0.0347943
0 0.552643 0.541719 0.0165434 0.0194382 0.0346912
0 0.209326 0.517966 0.015927 0.0241444 0.0345778
0 0.360513 0.500656 0.0450614 0.0335357 0.0335372
0 0.887129 0.576515 0.0301533 0.0398442 0.0325104
0 0.783475 0.524846 0.108205 0.0906367 0.0319504
0 0.596208 0.445952 0.028923 0.0466102 0.0318622
0 0.771856 0.498065 0.114003 0.10442 0.0316618
0 0.765031 0.522774 0.131659 0.144778 0.0311463
0 0.113436 0.52819 0.0549978 0.055324 0.0308937
0 0.993839 0.602447 0.0105066 0.0472978 0.0308456
0 0.610539 0.552884 0.0202578 0.0331774 0.0306561
0 0.620925 0.521852 0.0172365 0.0153253 0.0305448
0 0.672678 0.508398 0.0373427 0.0347385 0.0303138
0 0.0408808 0.436974 0.0749409 0.0978751 0.0300609
0 0.509839 0.533593 0.0126529 0.0175334 0.030033
0 0.602891 0.44851 0.0338502 0.0517428 0.0299247
0 0.0469333 0.892465 0.0895634 0.20362 0.0298024
0 0.100749 0.532945 0.0311103 0.0457993 0.0294283
0 0.4955 0.534335 0.0137962 0.0179903 0.0293102
0 0.52144 0.532375 0.012859 0.018035 0.029235
0 0.867907 0.490907 0.0828913 0.0664258 0.0287509
0 0.00657544 0.431419 0.014966 0.10826 0.0273292
0 0.184173 0.552893 0.0501653 0.0781367 0.0272179
0 0.737844 0.544733 0.0285602 0.0254193 0.0270626
0 0.901065 0.508611 0.0788527 0.0803103 0.0268984
0 0.973415 0.452606 0.0447859 0.0507466 0.0268583
0 0.488636 0.534568 0.015208 0.0195923 0.026727
0 0.803885 0.521714 0.18266 0.114982 0.0263269
0 0.219128 0.494582 0.0466565 0.0523655 0.0262395
0 0.022526 0.562414 0.0475147 0.160078 0.025883
0 0.111617 0.52035 0.0416346 0.0425034 0.0251245
0 0.535413 0.53432 0.0150037 0.0191227 0.0251027
0 0.322672 0.528727 0.0151834 0.0239396 0.0250809
0 0.949197 0.503367 0.104309 0.166381 0.0249845
0 0.418805 0.564314 0.0211528 0.0369358 0.024472
0 0.925941 0.277229 0.13589 0.393631 0.0239783
0 0.746748 0.489062 0.0776801 0.0811701 0.0237183
0 0.0565179 0.699987 0.108719 0.323305 0.0237033
0 0.968125 0.502318 0.0611147 0.16046 0.0235151
0 0.168893 0.936836 0.0667063 0.0929966 0.023358
0 0.379579 0.237856 0.0321874 0.05467 0.0232225
0 0.457392 0.31147 0.029864 0.0513183 0.0230983
0 0.957819 0.591674 0.0276539 0.0414223 0.023042
0 0.529668 0.449883 0.0293578 0.0400426 0.0225327
0 0.501233 0.0900443 0.0643776 0.0857879 0.0223431
0 0.25169 0.493367 0.0214304 0.0240306 0.0223426
0 0.480244 0.532927 0.0148736 0.0205897 0.0223315
0 0.318653 0.526268 0.0148536 0.0231621 0.0221047
0 0.409373 0.409759 0.02469 0.0407432 0.0220444
