0 0.371812 0.388592 0.0774359 0.0521968 0.823556
0 0.5625 0.473956 0 0.0973488 0.762258
0 0.261543 0.376159 0.0209614 0.0271772 0.429323
0 0.18281 0.376824 0.059459 0.059168 0.39198
0 0.122413 0.366418 0.0309902 0.0344495 0.390177
0 0.195605 0.376236 0.0387805 0.0535823 0.349905
0 0.170588 0.376889 0.0371707 0.0462509 0.341583
0 0.116991 0.36945 0.0204875 0.0254729 0.300118
0 0.456482 0.412092 0.0346107 0.0442034 0.293016
0 0.471939 0.412744 0.0676083 0.05098 0.279899
0 0.114678 0.370814 0.0136751 0.0200286 0.245392
0 0.238325 0.366094 0.039882 0.037749 0.23719
0 0.5625 0.47275 0 0.0756179 0.223262
0 0.271305 0.37168 0.0427941 0.0399614 0.221348
0 0.489993 0.414235 0.0384402 0.0380819 0.204595
0 0.0992928 0.418689 0.0239231 0.0370342 0.193881
0 0.125247 0.35723 0.0384223 0.0519085 0.186265
0 0.523734 0.418943 0.0580751 0.0422406 0.178928
0 0.541531 0.423843 0.0335768 0.0294182 0.175819
0 0.162888 0.377516 0.0229499 0.034616 0.171665
0 0.534195 0.420407 0.0469869 0.0333324 0.164771
0 0.5625 0.428977 0 0.0519747 0.163431
0 0.5625 0.458283 0 0.0596142 0.159596
0 0.5625 0.425145 0 0.048269 0.159074
0 0.5625 0.468834 0 0.0878032 0.157206
0 0.503364 0.411251 0.0677889 0.0483714 0.155558
0 0.0164531 0.369909 0.0292571 0.0391925 0.145005
0 0.100436 0.409184 0.0260719 0.0440237 0.143532
0 0.49487 0.410311 0.102116 0.0590869 0.143235
0 0.249061 0.372161 0.0466483 0.044254 0.142574
0 0.110066 0.375179 0.0245857 0.0292967 0.13942
0 0.120339 0.372137 0.017683 0.0220807 0.133373
0 0.5625 0.429947 0 0.0508924 0.132848
0 0.218003 0.370753 0.0348867 0.0402308 0.132325
0 0.123014 0.369513 0.0185151 0.0214244 0.132217
0 0.5625 0.436424 0 0.0409255 0.130933
0 0.249951 0.376531 0.0163397 0.022186 0.130764
0 0.5625 0.448714 0 0.0943213 0.127491
0 0.5625 0.437864 0 0.0377007 0.127337
0 0.119449 0.378245 0.0123819 0.0193587 0.125195
0 0.129054 0.361019 0.02552 0.0335732 0.124486
0 0.198392 0.377059 0.0282009 0.038741 0.123968
0 0.126369 0.369845 0.0202271 0.0261055 0.121491
0 0.5625 0.473843 0 0.0825847 0.120329
0 0.5625 0.437911 0 0.0289641 0.118011
0 0.490498 0.418135 0.0718294 0.0635331 0.11784
0 0.250574 0.368089 0.0194723 0.0248208 0.114571
0 0.255846 0.370333 0.0206793 0.0238874 0.114122
0 0.112979 0.374783 0.0149593 0.0218636 0.113469
0 0.158187 0.377226 0.0176889 0.0273093 0.112579
0 0.145826 0.376635 0.0186572 0.0276299 0.110076
0 0.106721 0.397418 0.0153899 0.021281 0.109
0 0.461395 0.406091 0.0449688 0.0573007 0.10788
0 0.98761 0.444175 0.024481 0.0689158 0.107386
0 0.571738 0.430524 0.0697692 0.0413665 0.107159
0 0.246721 0.361639 0.0167619 0.0207303 0.105151
0 0.452089 0.411642 0.0229299 0.0331201 0.104116
0 0.0952112 0.414356 0.0337489 0.0529602 0.100975
0 0.206131 0.37369 0.0189533 0.0287143 0.100651
0 0.143466 0.380632 0.0166593 0.0232686 0.100539
0 0.287918 0.368232 0.0507268 0.046534 0.0981473
0 0.167716 0.378007 0.0220674 0.0306179 0.0979578
0 0.518317 0.421006 0.079273 0.0681751 0.0962557
0 0.26467 0.365193 0.0484832 0.0551108 0.095411
0 0.797325 0.45252 0.0593467 0.0405715 0.0944218
0 0.0210074 0.4135 0.0429208 0.148488 0.092581
0 0.975203 0.442882 0.0515575 0.0636153 0.0922848
0 0.886553 0.470402 0.0705795 0.0885011 0.092147
0 0.0161325 0.381245 0.0329563 0.0757186 0.0920932
0 0.993419 0.458132 0.0134111 0.0387205 0.0906452
0 0.811367 0.452736 0.0687632 0.0461128 0.0899596
0 0.619935 0.437235 0.0591744 0.0367874 0.0895728
0 0.238804 0.364362 0.0219195 0.0284051 0.0888677
0 0.201947 0.375887 0.0200382 0.0307137 0.0884801
0 0.383675 0.388049 0.0517717 0.0412079 0.088042
0 0.991269 0.446425 0.016925 0.0413954 0.0856775
0 0.265731 0.375905 0.0186591 0.024696 0.0854256
0 0.122292 0.378576 0.0184237 0.023668 0.0838734
0 0.922081 0.427598 0.12506 0.0889345 0.0814295
0 0.344022 0.384454 0.0247623 0.0326874 0.0814151
0 0.642025 0.43049 0.101297 0.0585362 0.0809438
0 0.212277 0.370381 0.0186821 0.0274028 0.0807178
0 0.399945 0.369896 0.0164902 0.0203215 0.0800261
0 0.274479 0.372939 0.0229957 0.0294228 0.078971
0 0.589812 0.437787 0.044643 0.0328561 0.078668
0 0.858766 0.446663 0.0469118 0.0468675 0.0774843
0 0.256519 0.378034 0.0188732 0.0255336 0.0766953
0 0.570293 0.418796 0.0766281 0.055427 0.075825
0 0.0979838 0.426627 0.0197397 0.0287209 0.0751008
0 0.837133 0.453302 0.0462948 0.0421802 0.0750652
0 0.149383 0.362734 0.0185546 0.0262754 0.0747545
0 0.82605 0.443646 0.0963022 0.0726704 0.0743525
0 0.402536 0.387148 0.0296968 0.0381684 0.0742597
0 0.754733 0.331245 0.0714697 0.0804961 0.0739064
0 0.783386 0.439028 0.121469 0.0855034 0.0736339
0 0.994231 0.444599 0.0120638 0.0323036 0.0733463
0 0.338906 0.389458 0.0154117 0.0259843 0.0731868
0 0.806591 0.459914 0.0833387 0.0676653 0.0727645
0 0.0581053 0.399955 0.1054 0.142573 0.0717974
0 0.851655 0.457503 0.0437519 0.0560651 0.070995
0 0.40139 0.365251 0.0225535 0.0286807 0.0705008
0 0.0153482 0.34565 0.030397 0.0965635 0.0703822
0 0.674976 0.444046 0.0491718 0.0393546 0.0694276
0 0.48847 0.417416 0.0246491 0.0262021 0.069424
0 0.795955 0.443865 0.0883396 0.0673195 0.0686207
0 0.212383 0.37649 0.0240451 0.0252914 0.0683801
0 0.17997 0.378587 0.0418048 0.0476122 0.0677278
0 0.0701847 0.403233 0.0763355 0.101537 0.0677224
0 0.0817005 0.410986 0.059828 0.0799544 0.0670826
0 0.101624 0.0762624 0.0836179 0.119528 0.0669141
0 0.866286 0.438286 0.0637047 0.0615111 0.0666981
0 0.872723 0.474149 0.0482185 0.064037 0.066608
0 0.350413 0.388001 0.0316718 0.036937 0.0661154
0 0.785265 0.451594 0.0396205 0.0343478 0.0660533
0 0.605271 0.437836 0.0339211 0.0312263 0.0654039
0 0.494052 0.414991 0.0250662 0.028075 0.0651805
0 0.589153 0.412058 0.118795 0.0800451 0.0650502
0 0.0441981 0.390457 0.0651843 0.0821521 0.062377
0 0.401273 0.397161 0.0176028 0.0230646 0.0621914
0 0.735115 0.449334 0.0389818 0.0416217 0.0615042
0 0.0892806 0.39843 0.0493073 0.0702738 0.0599564
0 0.503921 0.420027 0.024089 0.0250221 0.0599511
0 0.699434 0.447181 0.0420499 0.0375304 0.059527
0 0.155701 0.363603 0.0186664 0.0239836 0.0594477
0 0.652999 0.389548 0.0726346 0.0584701 0.0591908
0 0.636287 0.380142 0.0299485 0.0369711 0.0591761
0 0.398024 0.394502 0.0224583 0.0253576 0.0588607
0 0.5301 0.423772 0.0239705 0.0228131 0.0586993
0 0.546466 0.427808 0.0211972 0.0225115 0.0584633
0 0.251125 0.363635 0.0165349 0.0224058 0.0582443
0 0.0327759 0.383995 0.0649443 0.145628 0.0580801
0 0.801344 0.420347 0.157554 0.122154 0.0579785
0 0.447503 0.411679 0.0152809 0.0305715 0.057827
0 0.109484 0.377351 0.036597 0.0591353 0.0575417
0 0.283725 0.371831 0.0228757 0.0282457 0.0572421
0 0.831384 0.464461 0.0555767 0.0601774 0.0568051
0 0.399058 0.364985 0.0147612 0.0192874 0.0559198
0 0.545522 0.43177 0.0271993 0.0318545 0.0554526
0 0.304155 0.372795 0.0483939 0.0385861 0.0547785
0 0.75328 0.450843 0.0486369 0.0395143 0.0545039
0 0.510666 0.417378 0.0238904 0.0269649 0.0541268
0 0.0128066 0.322993 0.0246303 0.079324 0.0541169
0 0.736053 0.340369 0.0310108 0.0487801 0.053126
0 0.521798 0.419058 0.0282462 0.0265028 0.0526095
0 0.458934 0.415904 0.0246381 0.0320461 0.0525774
0 0.222312 0.371724 0.0200982 0.0267927 0.0522453
0 0.116347 0.360244 0.0224582 0.0370252 0.051949
0 0.113815 0.383077 0.0181765 0.0273403 0.0515877
0 0.888089 0.423063 0.0308889 0.0384638 0.051586
0 0.691339 0.387021 0.0618438 0.137743 0.0505077
0 0.0640719 0.378275 0.0695421 0.0935944 0.050221
0 0.625843 0.404386 0.0763147 0.0882104 0.0502193
0 0.678793 0.410231 0.0779869 0.0968124 0.0501236
0 0.643406 0.377942 0.0442138 0.0454288 0.0494926
0 0.743171 0.447137 0.0503024 0.0507401 0.0492276
0 0.755 0.435738 0.0709541 0.0708811 0.0490525
0 0.768368 0.458747 0.0797015 0.0569822 0.0481341
0 0.663467 0.401258 0.113417 0.10582 0.0477222
0 0.0374455 0.374475 0.053754 0.0508831 0.0475577
0 0.404208 0.391828 0.0174784 0.0243112 0.0465917
0 0.14243 0.368852 0.01762 0.0235057 0.0463699
0 0.419093 0.366579 0.0555966 0.0452568 0.0462975
0 0.214423 0.362786 0.0185224 0.0262558 0.0461957
0 0.101911 0.420097 0.0198871 0.0275249 0.0461871
0 0.22028 0.384994 0.0389727 0.0506627 0.0454469
0 0.444458 0.400675 0.0231611 0.0311862 0.0453867
0 0.0329062 0.316822 0.06976 0.260101 0.0452488
0 0.69337 0.419197 0.0567406 0.0752129 0.045059
0 0.412691 0.382306 0.0391089 0.0425614 0.044963
0 0.274691 0.364664 0.0218599 0.0272189 0.0448479
0 0.0767667 0.361243 0.0439959 0.0600104 0.0445983
0 0.0624983 0.437335 0.0576004 0.0866212 0.044143
0 0.0604816 0.0705345 0.0608079 0.124734 0.0436738
0 0.113434 0.364943 0.0175072 0.0221614 0.0435012
0 0.0571798 0.35696 0.119912 0.211028 0.0428063
0 0.208754 0.364777 0.0185912 0.0256076 0.0421849
0 0.56381 0.413221 0.106387 0.0738845 0.0420232
0 0.217793 0.359224 0.0178319 0.0242863 0.0399592
0 0.447379 0.405572 0.0184622 0.0277474 0.0399173
0 0.450319 0.418828 0.0206232 0.0307403 0.0395124
0 0.310716 0.376438 0.0559274 0.0561258 0.0393741
0 0.49703 0.424671 0.0209546 0.0263365 0.0383303
0 0.746698 0.459815 0.0586135 0.0521912 0.0382401
0 0.110619 0.411174 0.0357415 0.0500356 0.0380985
0 0.0977492 0.426381 0.0327124 0.05349 0.0379296
0 0.0395286 0.223088 0.0822811 0.456469 0.037583
0 0.188788 0.364925 0.021023 0.0258076 0.0373285
0 0.111492 0.405664 0.0227306 0.0282412 0.0372673
0 0.285306 0.362774 0.0210367 0.0276494 0.0366823
0 0.709708 0.35077 0.0847022 0.0916358 0.0362237
0 0.718896 0.334209 0.0777687 0.079073 0.0356299
0 0.911377 0.359634 0.0405136 0.0393195 0.035603
0 0.507395 0.412934 0.0433329 0.0362679 0.03539
0 0.713966 0.453602 0.0418824 0.0397051 0.0353599
0 0.177877 0.361449 0.019157 0.0242731 0.0351598
0 0.19913 0.365092 0.0217347 0.0274498 0.0351024
0 0.685056 0.357908 0.0383601 0.0436457 0.0349798
0 0.0214089 0.453845 0.0425847 0.0943355 0.0349191
0 0.900357 0.419085 0.0482248 0.0447472 0.0348151
0 0.747021 0.398296 0.0461232 0.0425595 0.0346918
0 0.0634471 0.45089 0.0478818 0.0644846 0.0343973
0 0.882803 0.484482 0.059675 0.0606266 0.0340977
0 0.0795202 0.352276 0.0567274 0.0755263 0.0339578
0 0.606553 0.391743 0.0840202 0.0672396 0.0339353
0 0.393961 0.358869 0.0190259 0.0212892 0.033813
0 0.765675 0.41495 0.0930995 0.0838983 0.033787
0 0.692014 0.379084 0.0547133 0.0904847 0.0337813
0 0.0445752 0.34961 0.0860661 0.11893 0.0334489
0 0.406414 0.382957 0.021917 0.0249221 0.0333345
0 0.621563 0.44511 0.0775352 0.0576166 0.0332515
0 0.734901 0.399589 0.0297886 0.0421227 0.0326435
0 0.907271 0.348383 0.0248375 0.0270414 0.032425
0 0.470853 0.419325 0.0220011 0.0286782 0.0323451
0 0.0421957 0.430467 0.07948 0.125449 0.0321836
0 0.604217 0.446718 0.0553926 0.0518459 0.0319281
0 0.627499 0.377293 0.0645001 0.0577175 0.0317732
0 0.0628424 0.345429 0.0710926 0.099257 0.0316533
0 0.283563 0.379138 0.0190088 0.024068 0.0315612
0 0.853972 0.42991 0.0966364 0.0770623 0.0314769
0 0.73997 0.383646 0.039494 0.0636603 0.0312094
0 0.677995 0.251256 0.0231524 0.0484032 0.0311887
0 0.286716 0.376533 0.0202411 0.0234219 0.0309929
0 0.649893 0.445907 0.104067 0.0658146 0.0308627
0 0.348863 0.381749 0.026894 0.0304724 0.0306904
0 0.60335 0.445514 0.0324328 0.0314905 0.0306591
0 0.816254 0.37803 0.195615 0.149599 0.030638
0 0.942216 0.626072 0.103679 0.0941924 0.0302688
0 0.0583829 0.317008 0.0443436 0.0517948 0.0294925
0 0.581603 0.442836 0.0612669 0.0522519 0.0292001
0 0.706436 0.458122 0.0416029 0.0429679 0.0290582
0 0.438306 0.397551 0.0292092 0.0310129 0.0289785
0 0.20098 0.387548 0.0220164 0.0329609 0.0289471
0 0.342041 0.389068 0.0159917 0.0224843 0.0287996
0 0.259734 0.364676 0.0184558 0.0246891 0.0286126
0 0.679873 0.27719 0.0318503 0.0912105 0.0281603
0 0.75716 0.404343 0.069187 0.0610786 0.02813
0 0.69578 0.460585 0.0493526 0.0523387 0.0280861
0 0.9276 0.423424 0.0604862 0.0483421 0.027746
0 0.309201 0.375674 0.0246125 0.0268035 0.0275393
0 0.598234 0.44606 0.0222991 0.0258771 0.0273598
0 0.0689344 0.33153 0.052633 0.0805996 0.0273058
0 0.346807 0.390217 0.0191256 0.0215383 0.0272282
0 0.406949 0.39604 0.0164152 0.0253705 0.0271644
0 0.979155 0.417654 0.0459915 0.128063 0.0269443
0 0.475012 0.397547 0.0663867 0.0757511 0.0269139
0 0.407218 0.367384 0.0224682 0.0299856 0.0267775
0 0.705823 0.388958 0.0994594 0.148893 0.0267247
0 0.991042 0.478791 0.017985 0.0819896 0.0267117
0 0.0704186 0.234078 0.144602 0.485256 0.0266208
0 0.667239 0.457324 0.0619131 0.0571626 0.0263071
0 0.677593 0.365054 0.0558402 0.0532646 0.0262819
0 0.522508 0.436719 0.0234327 0.0291865 0.0261336
0 0.906958 0.35209 0.0318716 0.0352779 0.0260936
0 0.854613 0.41473 0.132711 0.0944911 0.0260015
0 0.00807144 0.294153 0.016757 0.114325 0.0259855
0 0.0206761 0.335451 0.043166 0.107982 0.0259701
0 0.0463812 0.318422 0.0667826 0.0719141 0.0259523
0 0.872237 0.415314 0.0359274 0.0378181 0.0259061
0 0.429699 0.377747 0.0653555 0.0667746 0.0257617
0 0.756122 0.382295 0.0668504 0.0722048 0.0251247
0 0.675764 0.343246 0.0949405 0.199165 0.025042
0 0.159012 0.40924 0.0365172 0.0540574 0.0249641
0 0.327918 0.382601 0.0192276 0.023352 0.0248537
0 0.698468 0.330716 0.0637338 0.106272 0.0247667
0 0.959162 0.436845 0.0693073 0.128442 0.0247323
0 0.691758 0.351184 0.052615 0.0683922 0.0246534
0 0.588457 0.442699 0.0356585 0.0308013 0.0246112
0 0.0440872 0.449649 0.0624243 0.0903804 0.0244863
0 0.429588 0.326549 0.0620854 0.100281 0.0243955
0 0.0746212 0.543995 0.122051 0.175201 0.02434
0 0.0447777 0.0819529 0.0891312 0.174996 0.0243183
0 0.0123371 0.288649 0.028261 0.171493 0.0242822
0 0.991555 0.417646 0.0184263 0.0832781 0.024265
0 0.939472 0.426097 0.0479286 0.0373856 0.024158
0 0.163134 0.384786 0.017512 0.029333 0.0238765
0 0.396275 0.374441 0.0244099 0.0251476 0.0237382
0 0.0347468 0.461238 0.0700098 0.0857235 0.0236781
0 0.655679 0.365289 0.0936518 0.0885547 0.0236311
0 0.859144 0.489181 0.0172785 0.0292647 0.0234828
0 0.551093 0.456095 0.0267752 0.0371504 0.0230371
0 0.943857 0.644906 0.0930054 0.0704271 0.0227359
0 0.984631 0.522966 0.0293095 0.132988 0.0227231
0 0.392918 0.301821 0.0354161 0.0558819 0.0226647
0 0.00660309 0.27192 0.0139275 0.117552 0.0225035
0 0.683079 0.458639 0.0361604 0.0533791 0.0224512
0 0.960463 0.425038 0.0357239 0.0426042 0.0224353
0 0.336414 0.374693 0.0260191 0.0327581 0.022343
0 0.254971 0.406419 0.0275575 0.0359064 0.0222756
0 0.167556 0.386916 0.0206438 0.0317988 0.0221672
0 0.0490979 0.521809 0.0866441 0.165135 0.0219787
0 0.308895 0.268527 0.0243265 0.0401499 0.0219144
0 0.138475 0.434441 0.0498759 0.0701742 0.0218966
0 0.301029 0.364819 0.0372659 0.0391297 0.021732
0 0.909851 0.339811 0.0300911 0.037857 0.0214184
0 0.456571 0.297225 0.0276013 0.0478327 0.0213413
0 0.742788 0.403221 0.0628413 0.0846731 0.0212735
0 0.428023 0.356089 0.0601172 0.0772799 0.0212452
0 0.931849 0.395002 0.0978598 0.115803 0.0211213
0 0.461323 0.337991 0.0555601 0.0846927 0.0211067
0 0.914253 0.28893 0.0431095 0.0840319 0.0210772
