0 0.835904 0.831142 0.328039 0.337716 0.911354
0 0.357622 0.681286 0.0498188 0.0602492 0.898717
0 0.128325 0.709526 0.245831 0.243501 0.896367
0 0.279344 0.682118 0.0794624 0.133665 0.891355
0 0.454433 0.666514 0.011496 0.0155716 0.660604
0 0.407231 0.663467 0.0139878 0.0176024 0.635589
0 0.42277 0.664755 0.013026 0.0161631 0.575512
0 0.320152 0.663196 0.0152576 0.038009 0.528121
0 0.442703 0.663268 0.011071 0.0137495 0.464106
0 0.393454 0.662842 0.0135887 0.0181166 0.453594
0 0.385176 0.665329 0.0138516 0.0205604 0.443849
0 0.438034 0.66342 0.0116874 0.0148265 0.368173
0 0.322117 0.656222 0.019634 0.0428809 0.352806
0 0.494958 0.669811 0.0183948 0.0202347 0.345164
0 0.433424 0.663666 0.00983314 0.0131332 0.323338
0 0.445228 0.663808 0.00949812 0.0125621 0.315909
0 0.390114 0.663499 0.0151268 0.0194095 0.298819
0 0.382174 0.665464 0.0148426 0.0239093 0.276155
0 0.396755 0.66393 0.0111046 0.0153444 0.256074
