0 0.538175 0.47564 0.048651 0.174857 0.893599
0 0.45982 0.450444 0.0311939 0.042416 0.829382
0 0.176187 0.42568 0.0664656 0.0469182 0.795156
0 0.407334 0.448071 0.0203708 0.0283548 0.750008
0 0.373707 0.449897 0.0197992 0.0276072 0.73275
0 0.390711 0.452056 0.0161563 0.0227708 0.454949
0 0.438912 0.451216 0.0136087 0.0269699 0.380033
0 0.282782 0.42289 0.037995 0.0330302 0.235743
0 0.39565 0.454784 0.0107961 0.0164759 0.231084
0 0.198034 0.426571 0.0270786 0.0383713 0.224491
0 0.267595 0.423108 0.062361 0.0419253 0.204656
0 0.39851 0.452835 0.0129949 0.0192781 0.191835
0 0.5625 0.243535 0 0.0309862 0.185008
0 0.395255 0.451962 0.0135412 0.0199398 0.181494
0 0.384992 0.453862 0.0150653 0.0183443 0.175025
0 0.161847 0.426631 0.0413001 0.0401471 0.173554
0 0.440838 0.458788 0.0105921 0.0181716 0.172412
0 0.473598 0.44812 0.0113589 0.0271083 0.1516
0 0.39382 0.456554 0.0107183 0.0171105 0.150456
0 0.406757 0.449695 0.0147587 0.0202938 0.150229
0 0.388826 0.45131 0.0114308 0.0145784 0.148057
0 0.46976 0.448732 0.0176311 0.0360287 0.144239
0 0.372437 0.450045 0.0146645 0.0213246 0.143007
0 0.5625 0.250308 0 0.0334487 0.140297
0 0.401804 0.454162 0.0128539 0.0189486 0.13805
0 0.52627 0.456003 0.0236729 0.0554517 0.136056
0 0.436583 0.45322 0.0122212 0.0228957 0.11901
0 0.291528 0.422846 0.0207208 0.0232008 0.113378
0 0.5625 0.247692 0 0.0425838 0.112082
0 0.201583 0.428352 0.0185662 0.0324969 0.110243
0 0.431385 0.450872 0.0206883 0.0276888 0.109226
0 0.29966 0.4238 0.0314877 0.0349906 0.101742
0 0.401057 0.469561 0.0121221 0.0153548 0.0992465
0 0.281099 0.422846 0.0235156 0.022981 0.0921697
0 0.5625 0.254546 0 0.0280587 0.0902165
0 0.5625 0.258787 0 0.0660731 0.0892159
0 0.275978 0.421851 0.0253518 0.0281865 0.0890199
0 0.44579 0.447727 0.0135599 0.0219377 0.085433
0 0.214883 0.423846 0.0456096 0.0463546 0.0853258
0 0.150106 0.428641 0.020341 0.0304796 0.0818753
0 0.288205 0.417863 0.0462728 0.0454623 0.079231
0 0.5625 0.249366 0 0.0314996 0.0791508
0 0.40822 0.453853 0.0161049 0.0204052 0.078912
0 0.298852 0.42406 0.0209574 0.0257884 0.0785461
0 0.272959 0.412837 0.0638206 0.0576582 0.0763393
0 0.469701 0.450962 0.012506 0.0287509 0.0757548
0 0.443302 0.428208 0.0267982 0.0388819 0.07289
0 0.333301 0.434654 0.0437325 0.0447245 0.0704368
0 0.232013 0.42019 0.0736176 0.0576049 0.0686677
0 0.262453 0.425002 0.0334901 0.0325404 0.0660844
0 0.658393 0.44687 0.0266261 0.0430196 0.0660375
0 0.078631 0.434083 0.0734225 0.0430635 0.0658036
0 0.477087 0.447735 0.0121144 0.0264633 0.0639096
0 0.459841 0.450317 0.0126248 0.0251395 0.0618063
0 0.97083 0.239487 0.0629601 0.0666514 0.0606283
0 0.97835 0.250434 0.02253 0.0245942 0.0604363
0 0.521695 0.439808 0.0234956 0.0353617 0.060426
0 0.530551 0.440777 0.029345 0.0672002 0.0592822
0 0.361874 0.448643 0.0137669 0.0196365 0.0592193
0 0.248417 0.424916 0.0273279 0.0306623 0.0587803
0 0.368035 0.441816 0.0138721 0.0211138 0.0575593
0 0.263404 0.424502 0.02421 0.0221593 0.0571635
0 0.0637972 0.399858 0.124926 0.11271 0.0563258
0 0.379868 0.454832 0.0151801 0.0178064 0.0530664
0 0.982788 0.246832 0.024967 0.0434256 0.0513672
0 0.964474 0.28773 0.0657421 0.105418 0.0513583
0 0.355127 0.441966 0.024618 0.0281827 0.0500522
0 0.472147 0.454024 0.0111566 0.02256 0.0495625
0 0.184656 0.222959 0.0458142 0.0716878 0.0487188
0 0.340216 0.44027 0.0495717 0.0525948 0.0483536
0 0.98312 0.26713 0.0316923 0.0579198 0.0480611
0 0.322335 0.422407 0.049283 0.0482646 0.0473148
0 0.48308 0.444609 0.019305 0.0313028 0.0468258
0 0.301901 0.429818 0.0165629 0.0227116 0.0465261
0 0.353889 0.437192 0.0206858 0.0248105 0.0442807
0 0.268413 0.420642 0.0402926 0.0391445 0.044254
0 0.365767 0.448722 0.0149094 0.0197437 0.044106
0 0.668428 0.456298 0.0469118 0.0670993 0.0439129
0 0.462693 0.463839 0.019101 0.0302043 0.0426858
0 0.515756 0.441548 0.0230892 0.0295335 0.0420033
0 0.0800917 0.408999 0.0980796 0.0895949 0.0413811
0 0.654971 0.436465 0.030167 0.0492301 0.0412783
0 0.257143 0.426687 0.0217538 0.0242093 0.0408237
0 0.128132 0.43298 0.0476253 0.0402757 0.0403906
0 0.247752 0.43112 0.0209252 0.0246396 0.0400528
0 0.475011 0.455474 0.00983849 0.0221981 0.0395053
0 0.492858 0.069172 0.486466 0.210548 0.0393928
0 0.671104 0.0389051 0.0896704 0.0883772 0.039305
0 0.482953 0.45008 0.0145328 0.0239981 0.0391783
0 0.424231 0.370189 0.0706695 0.0640159 0.0391338
0 0.181879 0.412496 0.0506254 0.0731221 0.0391336
0 0.237764 0.428025 0.018958 0.0218124 0.0390173
0 0.15424 0.434388 0.0225633 0.0253504 0.0390053
0 0.944591 0.254154 0.0469971 0.0439109 0.0384956
0 0.00542454 0.417375 0.010741 0.0361756 0.0378488
0 0.474181 0.437233 0.0149951 0.0235209 0.0375136
0 0.30981 0.420317 0.0536121 0.050146 0.037466
0 0.200855 0.434859 0.0211457 0.0283834 0.0374123
0 0.522084 0.440174 0.0166096 0.0258291 0.0371312
0 0.00753274 0.398041 0.0164261 0.05496 0.037055
0 0.072667 0.435018 0.0967453 0.0725823 0.0367548
0 0.188563 0.433447 0.0365392 0.0427035 0.0365247
0 0.311706 0.326306 0.0182964 0.0324862 0.0361969
0 0.994268 0.228895 0.0106993 0.0357001 0.0357422
0 0.338267 0.438246 0.0201986 0.0231099 0.0346026
0 0.518061 0.445432 0.0181331 0.0253819 0.0342091
0 0.018706 0.421462 0.0299096 0.0489109 0.0341761
0 0.187119 0.430066 0.0222978 0.0283044 0.0339798
0 0.173863 0.33899 0.0314557 0.0392704 0.0338584
0 0.177493 0.363765 0.0498569 0.0743286 0.0336457
0 0.990449 0.260455 0.016959 0.0449482 0.0332503
0 0.0155034 0.307974 0.0200139 0.0379998 0.0328869
0 0.147561 0.433223 0.017642 0.0233159 0.0325328
0 0.445758 0.373302 0.0329849 0.0387426 0.0322579
0 0.365825 0.503729 0.0250237 0.0312966 0.0321824
0 0.324724 0.437463 0.0348593 0.0385345 0.0320366
0 0.115184 0.438723 0.0476288 0.0301646 0.031746
0 0.188837 0.417534 0.0416888 0.0487662 0.0316604
0 0.0234573 0.420608 0.0481703 0.0610686 0.0310986
0 0.586517 0.0462961 0.0345077 0.061787 0.0309111
0 0.515131 0.439695 0.0145394 0.0231783 0.0306793
0 0.346367 0.44346 0.0206791 0.0238303 0.0306257
0 0.00441202 0.433183 0.0094275 0.0398193 0.0306143
0 0.222146 0.428987 0.0192842 0.0244105 0.0304892
0 0.149661 0.423358 0.0304011 0.0385896 0.0300398
0 0.412922 0.370898 0.0459816 0.0491675 0.029993
0 0.434978 0.370233 0.0467368 0.044998 0.0298396
0 0.537468 0.446712 0.0513175 0.101155 0.029801
0 0.361467 0.461464 0.012968 0.0193164 0.0293709
0 0.661716 0.456562 0.0280457 0.054898 0.0291221
0 0.071707 0.344417 0.136551 0.201663 0.0291049
0 0.168211 0.418875 0.0466794 0.0521251 0.0289822
0 0.958739 0.312158 0.0799482 0.162315 0.0285846
0 0.95236 0.286374 0.0591484 0.0754086 0.0284745
0 0.525598 0.489008 0.0190239 0.0402362 0.0281568
0 0.445857 0.401647 0.0298131 0.034651 0.0280114
0 0.424901 0.457085 0.00987444 0.0155563 0.0279885
0 0.0627122 0.398664 0.0912076 0.080387 0.0277067
0 0.316901 0.443273 0.018859 0.0236412 0.0276316
0 0.17978 0.37585 0.0590265 0.116333 0.0274837
0 0.932673 0.255437 0.0802753 0.074075 0.0273537
0 0.973163 0.297903 0.0453238 0.107872 0.0270831
0 0.426342 0.395748 0.0263078 0.0276156 0.0270016
0 0.500871 0.468292 0.0177496 0.0375344 0.0261264
0 0.512658 0.449372 0.0160252 0.0243624 0.026042
0 0.592214 0.426756 0.109 0.0749396 0.0259614
0 0.948815 0.247172 0.0599224 0.0590165 0.0259301
0 0.00420788 0.44615 0.00917018 0.0402049 0.0259292
0 0.555867 0.415389 0.0439912 0.0468701 0.0256409
0 0.0928809 0.425173 0.0888198 0.0527237 0.0255592
0 0.0524395 0.38646 0.0568064 0.0585849 0.0252447
0 0.450183 0.0393199 0.217363 0.127297 0.0252109
0 0.00509718 0.453553 0.0128022 0.0644134 0.0250839
0 0.00615521 0.406977 0.0126486 0.0430845 0.0250166
0 0.547035 0.429347 0.0603549 0.0752581 0.0249664
0 0.404014 0.377431 0.0278477 0.0355537 0.0248608
0 0.0100318 0.299883 0.0194705 0.0436174 0.0246443
0 0.546648 0.42468 0.042521 0.0585936 0.0244307
0 0.949457 0.358711 0.10304 0.240771 0.0243947
0 0.0363129 0.4358 0.0624429 0.051952 0.0243813
0 0.319408 0.434139 0.0230587 0.0269916 0.024292
0 0.443859 0.4115 0.0256222 0.0354779 0.0242569
0 0.349858 0.448298 0.01744 0.0217935 0.0240582
0 0.52631 0.426983 0.0266347 0.0423787 0.0240519
0 0.682683 0.472367 0.0753285 0.0965246 0.0239638
0 0.229895 0.43216 0.056794 0.052755 0.0239071
0 0.25035 0.418499 0.0449616 0.0464439 0.0238014
0 0.00725695 0.361475 0.0193979 0.0795708 0.0236295
0 0.654237 0.455444 0.0228458 0.0492354 0.0234955
0 0.0189526 0.430212 0.0357912 0.0497632 0.0234903
0 0.0337215 0.309908 0.0412624 0.0455142 0.0232575
0 0.153229 0.255968 0.0652904 0.0818 0.0232276
0 0.236962 0.412057 0.0866694 0.0833011 0.0230424
0 0.472752 0.463133 0.0117133 0.0241644 0.0229739
0 0.640357 0.348822 0.0258819 0.0397424 0.0228385
0 0.479928 0.386438 0.0280423 0.0365016 0.0227647
0 0.588367 0.41329 0.0968946 0.0519142 0.0227427
0 0.653406 0.468395 0.0188271 0.0458102 0.0226815
0 0.693996 0.0416676 0.0409169 0.0634094 0.022675
0 0.934743 0.254561 0.0616705 0.0533321 0.0226604
0 0.640127 0.341575 0.0226999 0.0328893 0.0225633
0 0.496057 0.869431 0.0162572 0.027822 0.0224508
0 0.0296876 0.408266 0.0607092 0.0741541 0.022339
0 0.657273 0.42445 0.0281047 0.0375303 0.0221582
0 0.0380505 0.326705 0.055928 0.0764721 0.0220948
0 0.647582 0.415111 0.0350134 0.0531926 0.021822
0 0.158579 0.271818 0.0424193 0.0722461 0.0217874
0 0.0296731 0.441859 0.060246 0.111068 0.0217024
0 0.143719 0.437031 0.0198129 0.0227552 0.0215943
0 0.470659 0.37001 0.0205222 0.0222761 0.0214736
0 0.591316 0.404429 0.0815144 0.0409206 0.0214641
0 0.0137662 0.406302 0.0268296 0.0532747 0.0214543
0 0.580161 0.372517 0.037826 0.0334014 0.021387
0 0.369329 0.45537 0.0111552 0.0171842 0.0213099
0 0.0520841 0.4177 0.088728 0.0642739 0.0212428
0 0.684763 0.447582 0.0736923 0.0711413 0.0212251
0 0.648331 0.858923 0.0176891 0.0334783 0.0212152
0 0.532734 0.4597 0.0385375 0.103335 0.0210625
0 0.987424 0.214188 0.0285666 0.0825581 0.0209897
0 0.496953 0.0441282 0.197904 0.13248 0.0208636
0 0.0755904 0.564792 0.151279 0.316362 0.0208589
0 0.11805 0.438624 0.0217897 0.0200522 0.0208013
0 0.0958255 0.370662 0.16201 0.17335 0.02027
0 0.172932 0.434081 0.0297031 0.027892 0.0202197
0 0.684892 0.0399849 0.0586544 0.0782795 0.0200666
0 0.268245 0.219954 0.0274048 0.050447 0.0200068
0 0.925096 0.330904 0.147309 0.181826 0.0199902
0 0.550283 0.0392911 0.353615 0.148969 0.0199044
0 0.0889414 0.919219 0.0322581 0.0442323 0.0198458
0 0.477379 0.393509 0.0187168 0.0287804 0.0198335
0 0.489685 0.483119 0.014739 0.0274806 0.0198195
0 0.480013 0.366593 0.0238383 0.0251389 0.0198172
0 0.941876 0.265671 0.0538136 0.0589604 0.0196532
0 0.583654 0.361118 0.036438 0.0419011 0.0196236
0 0.992498 0.212896 0.0153824 0.0445658 0.0195421
0 0.546822 0.463248 0.0695753 0.141314 0.0194668
0 0.370665 0.482512 0.0197293 0.0286311 0.0194258
0 0.675459 0.436611 0.0546741 0.059997 0.0194155
0 0.0113024 0.456737 0.021026 0.0488725 0.01935
0 0.378699 0.379787 0.0215073 0.0314142 0.0192938
0 0.956267 0.211414 0.0634127 0.107493 0.0192633
0 0.26961 0.224504 0.0205003 0.0326781 0.0191652
0 0.10166 0.324273 0.168759 0.211297 0.0190582
0 0.693198 0.23172 0.0237624 0.0264692 0.0190552
0 0.501589 0.158921 0.290375 0.267779 0.018957
0 0.595512 0.3621 0.0534645 0.0514399 0.0189485
0 0.367934 0.311823 0.0224104 0.0322074 0.0189094
0 0.185584 0.236714 0.0411096 0.0584757 0.0188249
0 0.972427 0.204827 0.0623829 0.117259 0.0185709
0 0.721286 0.456982 0.127591 0.139359 0.0185642
0 0.151064 0.386135 0.0733093 0.103825 0.018525
0 0.409174 0.866387 0.0130449 0.026712 0.0185244
0 0.408743 0.426209 0.0159759 0.0195354 0.0185202
0 0.927811 0.291054 0.124631 0.127472 0.0184327
0 0.1813 0.344954 0.0462109 0.0631168 0.0182892
0 0.938191 0.232432 0.113904 0.115961 0.0181761
0 0.307854 0.0711472 0.0604417 0.0721098 0.0181663
0 0.376665 0.285564 0.0258965 0.0413292 0.0180413
0 0.907844 0.256566 0.0862309 0.083922 0.0179365
0 0.0838245 0.928044 0.0277671 0.0329098 0.0179318
0 0.525828 0.481124 0.0284917 0.101369 0.0179176
0 0.0115499 0.392427 0.0247164 0.0803211 0.0176448
0 0.66178 0.475936 0.0344419 0.0758256 0.0176421
0 0.652491 0.859357 0.0244853 0.0410617 0.0176233
0 0.241609 0.438368 0.0170752 0.0225307 0.017621
0 0.977701 0.346749 0.0456804 0.128861 0.0175854
0 0.450056 0.0357918 0.0416882 0.0476767 0.017535
0 0.117062 0.416149 0.0553373 0.063648 0.0174549
0 0.603744 0.412997 0.0625495 0.0419333 0.0173645
0 0.0901875 0.929233 0.0274028 0.0314746 0.0173528
0 0.0401062 0.389001 0.073109 0.0891988 0.0172542
0 0.595666 0.378073 0.0520893 0.0353498 0.0171305
0 0.607864 0.590034 0.0424482 0.0624302 0.017101
0 0.113164 0.445723 0.0186943 0.0203329 0.0170693
0 0.628228 0.537599 0.0500211 0.0699384 0.0170616
0 0.939476 0.293159 0.0677504 0.0858278 0.0169713
0 0.32632 0.41066 0.042964 0.0633843 0.0169373
0 0.581196 0.449502 0.10652 0.11779 0.0168733
0 0.411166 0.032193 0.174234 0.114254 0.0168697
0 0.365048 0.328972 0.0264853 0.0366302 0.0168492
0 0.611348 0.0486673 0.0774945 0.0978361 0.016678
0 0.391673 0.428728 0.0117335 0.0147743 0.016661
0 0.0146543 0.355722 0.0299881 0.108478 0.0165826
0 0.669064 0.0545696 0.103028 0.136832 0.0165653
0 0.643893 0.358296 0.0361788 0.0519983 0.0164654
0 0.641754 0.0360216 0.146849 0.119216 0.016419
0 0.656565 0.530295 0.0304714 0.051405 0.016392
0 0.404391 0.429909 0.012447 0.015246 0.0163735
0 0.426017 0.359258 0.0473187 0.0450615 0.0163539
0 0.681992 0.00625514 0.128992 0.0803005 0.0162204
0 0.33707 0.386074 0.0709049 0.112324 0.0160194
0 0.566227 0.163292 0.28993 0.297578 0.0159436
0 0.60645 0.848712 0.0200842 0.0289378 0.0159352
0 0.37246 0.414174 0.0204154 0.0264082 0.0158655
0 0.611353 0.467262 0.0872329 0.144472 0.0158555
0 0.563196 0.381275 0.035652 0.0385562 0.0158135
0 0.213681 0.437186 0.0187176 0.0237087 0.0158114
0 0.935232 0.199023 0.129365 0.21566 0.0157898
0 0.643785 0.414315 0.0273521 0.040424 0.0157659
0 0.613443 0.714111 0.0690414 0.102712 0.0157341
0 0.245081 0.436419 0.0197474 0.0228906 0.0157266
0 0.151383 0.891746 0.0251459 0.0344937 0.0157199
0 0.936887 0.406129 0.126576 0.214433 0.0156806
0 0.697251 0.0347893 0.136819 0.125468 0.0156734
0 0.979157 -0.0108974 0.0413979 0.0462356 0.0156603
0 0.54037 0.398345 0.0264204 0.0344532 0.0156517
0 0.00724568 0.48938 0.017089 0.108096 0.0155838
0 0.0974683 0.416119 0.0665087 0.0597852 0.015583
0 0.626372 0.467493 0.0551299 0.110333 0.0155444
0 0.173381 0.326253 0.0308527 0.045789 0.0155408
0 0.566223 0.376916 0.0469624 0.057497 0.0155329
0 0.644965 0.460241 0.0253997 0.0527647 0.0155299
0 0.542075 0.309741 0.0215426 0.0255329 0.0155041
0 0.108878 0.447634 0.0268597 0.0258069 0.0154494
0 0.674767 0.41587 0.0613536 0.0733743 0.0154319
0 0.631947 0.864062 0.0302652 0.0488069 0.0154278
0 0.0198313 0.299372 0.0294749 0.0490861 0.0153578
0 0.159661 0.890283 0.0411211 0.0505085 0.0153544
0 0.452282 0.793577 0.0214004 0.0349862 0.0153421
0 0.138258 0.41516 0.04007 0.0530626 0.0153139
