0 0.359704 0.580405 0.0423008 0.060358 0.558409
0 0.317271 0.582497 0.0173362 0.0207836 0.498495
0 0.311148 0.583794 0.0140386 0.0181367 0.251128
0 0.298115 0.580925 0.0124068 0.0193025 0.242894
0 0.307541 0.584001 0.012321 0.0170995 0.235778
0 0.321394 0.58359 0.0113372 0.0178784 0.234558
0 0.422948 0.59472 0.0170231 0.0296013 0.23015
0 0.406859 0.5936 0.0414373 0.0330288 0.198719
0 0.301552 0.581449 0.0157841 0.0199541 0.193912
0 0.188685 0.57455 0.0675434 0.104088 0.188524
0 0.32587 0.580198 0.0113534 0.0202273 0.173391
0 0.339028 0.576194 0.0138927 0.0316412 0.166833
0 0.394438 0.589496 0.023476 0.0294451 0.158791
0 0.336787 0.580163 0.010241 0.0229581 0.157247
0 0.264327 0.583869 0.0248195 0.0282452 0.148737
0 0.23381 0.574454 0.0368793 0.0550084 0.141628
0 0.203943 0.600074 0.0420389 0.0508087 0.13607
0 0.328595 0.581533 0.0107557 0.0199715 0.132755
0 0.497916 0.584171 0.0278668 0.0564238 0.125979
0 0.193693 0.602171 0.0505377 0.052412 0.119028
0 0.5625 0.569746 0 0.094864 0.115597
0 0.399909 0.591249 0.0262689 0.0250011 0.114358
0 0.309389 0.580222 0.0126719 0.0194739 0.113539
0 0.333695 0.577633 0.0134421 0.0275165 0.113537
0 0.394123 0.590871 0.0166552 0.0210211 0.106707
0 0.406064 0.582722 0.0492608 0.0552842 0.106619
0 0.198342 0.583867 0.052449 0.0854932 0.106422
0 0.171425 0.572806 0.0987509 0.120769 0.100291
0 0.5625 0.576114 0 0.0652454 0.100146
0 0.5625 0.57924 0 0.0520621 0.0991007
0 0.17783 0.600138 0.0642647 0.0632438 0.0989927
0 0.253697 0.569167 0.0458912 0.0595464 0.0982896
0 0.264699 0.573618 0.0262056 0.044033 0.0979747
0 0.393237 0.582244 0.0222444 0.0366559 0.0978726
0 0.5625 0.579826 0 0.0404869 0.0970302
0 0.5625 0.580836 0 0.135411 0.0956536
0 0.5625 0.54771 0 0.125052 0.0953255
0 0.5625 0.572059 0 0.0431029 0.0949865
0 0.417121 0.59599 0.0214375 0.0246796 0.0947668
0 0.142502 0.600159 0.0317433 0.0678116 0.0910773
0 0.173404 0.585285 0.0768922 0.0822238 0.0910154
0 0.5625 0.565882 0 0.176467 0.0894303
0 0.389984 0.593607 0.0145137 0.0239961 0.0888504
0 0.421256 0.600065 0.0174304 0.0286179 0.0885546
0 0.5625 0.555587 0 0.112298 0.0872096
0 0.5625 0.576557 0 0.0597287 0.0865821
0 0.407033 0.593136 0.0195287 0.0223105 0.0861312
0 0.5625 0.572335 0 0.0684508 0.0852658
0 0.5625 0.566544 0 0.080832 0.084193
0 0.5625 0.572053 0 0.057921 0.0825336
0 0.910136 0.572368 0.154315 0.119468 0.0818924
0 0.93244 0.572154 0.105089 0.0897795 0.0797279
0 0.378455 0.578592 0.0395189 0.053211 0.078653
0 0.806591 0.564401 0.062793 0.0510649 0.0784826
0 0.236772 0.565332 0.0497786 0.0777834 0.0778175
0 0.438444 0.593655 0.0424867 0.0401413 0.0765077
0 0.62558 0.586349 0.0574223 0.056329 0.0756997
0 0.396515 0.583496 0.0152221 0.0253426 0.0746176
0 0.971293 0.596236 0.0565792 0.137809 0.0743151
0 0.137331 0.608481 0.0387467 0.0733611 0.0737512
0 0.978619 0.615009 0.0447517 0.130688 0.0737338
0 0.494687 0.592847 0.0237818 0.041452 0.0736532
0 0.171817 0.523462 0.110208 0.216983 0.0732946
0 0.497847 0.602815 0.0277468 0.0569418 0.072766
0 0.288644 0.583996 0.0164923 0.020861 0.0723729
0 0.954005 0.53562 0.0901901 0.205864 0.0721126
0 0.847173 0.559219 0.108023 0.0896968 0.0717555
0 0.959278 0.571398 0.0791454 0.0948407 0.0703298
0 0.813785 0.578648 0.106525 0.0742081 0.0702157
0 0.30862 0.573047 0.0228726 0.0368598 0.0695724
0 0.980012 0.57678 0.0412664 0.0916422 0.0685772
0 0.878205 0.588228 0.105135 0.100777 0.0678448
0 0.340779 0.582089 0.0178511 0.0240913 0.0677213
0 0.839481 0.578095 0.101355 0.0752134 0.0658317
0 0.446631 0.589227 0.0633869 0.0552304 0.0637511
0 0.948952 0.614879 0.100992 0.119127 0.0635202
0 0.121681 0.594599 0.0710979 0.10419 0.063192
0 0.785368 0.579375 0.071017 0.0695018 0.0631168
0 0.231935 0.589746 0.0340398 0.0474597 0.0630851
0 0.393737 0.595794 0.0193316 0.0254128 0.0630159
0 0.799969 0.558179 0.0945271 0.0895602 0.0626216
0 0.506957 0.589878 0.0460208 0.0751123 0.0617669
0 0.285154 0.578524 0.0192606 0.0238296 0.0616693
0 0.455612 0.575974 0.0690006 0.0914419 0.0614428
0 0.989793 0.571924 0.0199696 0.0714912 0.0607223
0 0.515419 0.617304 0.0482443 0.0512387 0.0591298
0 0.400347 0.593499 0.0180475 0.0233654 0.0574501
0 0.337447 0.586309 0.0106403 0.0213216 0.0568843
0 0.3014 0.586758 0.0108252 0.0157318 0.0567456
0 0.83609 0.583019 0.151599 0.11546 0.056346
0 0.882553 0.594242 0.186383 0.149055 0.0561637
0 0.793841 0.558955 0.181103 0.112589 0.0560209
0 0.0551516 0.565925 0.10792 0.200699 0.0558976
0 0.918681 0.593561 0.0974558 0.107438 0.0555018
0 0.973184 0.559314 0.052318 0.118423 0.055289
0 0.624709 0.581558 0.0718426 0.0787121 0.0552831
0 0.318243 0.587026 0.0126859 0.0147051 0.0550217
0 0.896652 0.590484 0.0764128 0.0890016 0.0549242
0 0.897209 0.534684 0.0711962 0.0771625 0.0547108
0 0.471721 0.599598 0.0332931 0.0345055 0.054398
0 0.26013 0.588586 0.0185388 0.0258586 0.0542437
0 0.748863 0.5629 0.148096 0.115107 0.0533686
0 0.726428 0.579433 0.12193 0.104334 0.0531029
0 0.986269 0.558901 0.0276766 0.102976 0.0530156
0 0.98467 0.598834 0.031971 0.124344 0.0529223
0 0.265267 0.57005 0.0212251 0.031189 0.0518207
0 0.0584402 0.485924 0.118512 0.353609 0.0513097
0 0.136979 0.579808 0.0422749 0.0982804 0.0513012
0 0.238745 0.581828 0.025972 0.0371597 0.0506599
0 0.353921 0.578398 0.0247886 0.0444986 0.0496263
0 0.941015 0.544826 0.0992821 0.128338 0.0488863
0 0.78253 0.59017 0.0953703 0.0959378 0.0487609
0 0.511572 0.580553 0.0616751 0.0807072 0.0476728
0 0.254061 0.587211 0.0190232 0.0258088 0.0473838
0 0.344872 0.595472 0.0213136 0.0346377 0.0473606
0 0.380775 0.586342 0.0224588 0.0387532 0.0457715
0 0.103688 0.589299 0.0818127 0.119867 0.0457492
0 0.0589759 0.349835 0.118409 0.53088 0.045706
0 0.889521 0.527125 0.209944 0.237359 0.0454254
0 0.0283014 0.436232 0.057528 0.183491 0.0451182
0 0.495201 0.604622 0.0163987 0.0259416 0.0450978
0 0.929703 0.541303 0.0838806 0.0947352 0.044895
0 0.0329471 0.586888 0.0636365 0.165072 0.0447385
0 0.309774 0.587193 0.0106121 0.013848 0.043957
0 0.783316 0.545435 0.0939703 0.098657 0.0437089
0 0.752549 0.587194 0.107272 0.100587 0.0432157
0 0.420797 0.58882 0.0176348 0.0293081 0.0431533
0 0.149668 0.574919 0.13362 0.141246 0.0428223
0 0.0266981 0.591753 0.052334 0.114294 0.0420238
0 0.0388234 0.481486 0.0746069 0.246805 0.0416716
0 0.750451 0.530374 0.0634275 0.0680199 0.0413648
0 0.0288744 0.454982 0.0569651 0.104909 0.0409745
0 0.602924 0.589805 0.0424431 0.0558393 0.0390178
0 0.0870489 0.588555 0.0619791 0.103559 0.0389932
0 0.699039 0.569199 0.173411 0.119769 0.0384182
0 0.154931 0.617371 0.0496555 0.0714457 0.0378018
0 0.837952 0.515011 0.201665 0.203432 0.0374911
0 0.414475 0.583599 0.0232908 0.0356617 0.0371236
0 0.888881 0.525335 0.0970297 0.114698 0.0370679
0 0.0627936 0.609286 0.107066 0.176563 0.0369549
0 0.20568 0.601698 0.0277462 0.0360279 0.0368944
0 0.490426 0.604689 0.0149683 0.0236834 0.0368635
0 0.32705 0.671678 0.0513581 0.0649481 0.0368094
0 0.98429 0.535502 0.0306234 0.151804 0.0364436
0 0.984706 0.634348 0.0312729 0.103424 0.0362597
0 0.424805 0.605677 0.0169864 0.0253939 0.0357561
0 0.640285 0.574457 0.0778163 0.09133 0.0356181
0 0.489944 0.581539 0.0407436 0.0729247 0.0352302
0 0.432185 0.600186 0.0186904 0.0257913 0.0350685
0 0.327333 0.649772 0.079266 0.107839 0.0349727
0 0.0736183 0.583325 0.0773402 0.118535 0.0346457
0 0.499968 0.608565 0.018252 0.0257306 0.0344089
0 0.455647 0.506456 0.029093 0.0288083 0.0342638
0 0.38292 0.596694 0.0167735 0.0285946 0.0342216
0 0.197616 0.600253 0.0269648 0.0327471 0.0335804
0 0.781354 0.587541 0.148046 0.130193 0.033426
0 0.473734 0.606855 0.038775 0.0367405 0.0327591
0 0.871042 0.495794 0.166178 0.200559 0.0326384
0 0.893287 0.607447 0.111014 0.117378 0.0325484
0 0.929697 0.515014 0.105417 0.148358 0.0323348
0 0.581571 0.58988 0.0651001 0.068338 0.0319516
0 0.528964 0.613835 0.0875779 0.0654016 0.0319473
0 0.705278 0.580069 0.0863886 0.0817993 0.0318198
0 0.330325 0.563224 0.0136878 0.019351 0.031603
0 0.430269 0.588159 0.0224982 0.0320328 0.031475
0 0.221703 0.595871 0.0173014 0.0294646 0.0313824
0 0.126786 0.615635 0.0573794 0.102886 0.0311576
0 0.673399 0.578286 0.107691 0.0908948 0.0309135
0 0.147135 0.421369 0.17076 0.375383 0.0307536
0 0.898607 0.382601 0.205473 0.435234 0.0305254
0 0.245551 0.543171 0.048441 0.0900117 0.0303972
0 0.266491 0.589456 0.0192558 0.0258322 0.0303806
0 0.235228 0.593506 0.0224945 0.0294361 0.0303289
0 0.313708 0.664227 0.0766945 0.0882796 0.0302852
0 0.455544 0.494313 0.030085 0.0392231 0.0300497
0 0.59855 0.593143 0.0746987 0.0767738 0.0299678
0 0.739374 0.589815 0.159289 0.133434 0.0296112
0 0.231414 0.59712 0.0232229 0.0316261 0.029547
0 0.359545 0.658635 0.0798515 0.0803936 0.0292355
0 0.404385 0.570054 0.0242821 0.0388412 0.029155
0 0.673997 0.547038 0.157447 0.144322 0.0290843
0 0.973685 0.506099 0.0509844 0.201631 0.0288354
0 0.0298952 0.370848 0.0625528 0.27248 0.0288333
0 0.338431 0.556242 0.015437 0.0239477 0.0287877
0 0.411349 0.586635 0.016497 0.0253601 0.028675
0 0.336553 0.564501 0.0124457 0.0180717 0.0285665
0 0.601455 0.577896 0.108344 0.0929129 0.0284464
0 0.0110194 0.588416 0.0215772 0.0900606 0.0280818
0 0.369529 0.663512 0.0569114 0.0637155 0.0279755
0 0.0330834 0.465186 0.0426116 0.0741835 0.0278391
0 0.312006 0.636079 0.0829512 0.138719 0.0278045
0 0.327119 0.563579 0.0122943 0.0177952 0.0277714
0 0.056485 0.40727 0.109598 0.285631 0.0276626
0 0.978233 0.662339 0.0452532 0.182903 0.0276615
0 0.277752 0.584815 0.0216246 0.0305138 0.0275931
0 0.0534921 0.570564 0.0955771 0.111747 0.0275848
0 0.959276 0.652385 0.0810663 0.193994 0.0274055
0 0.529019 0.593092 0.094436 0.0897532 0.0273911
0 0.373622 0.527296 0.0329229 0.0474952 0.0271601
0 0.0345095 0.568112 0.053096 0.0824309 0.0269658
0 0.0167325 0.594272 0.0302159 0.112943 0.0269632
0 0.487483 0.610805 0.0197966 0.0306408 0.0269402
0 0.185238 0.605209 0.0362361 0.0400885 0.0265802
0 0.135164 0.524923 0.161257 0.236794 0.0265712
0 0.947916 0.446342 0.0322111 0.0439485 0.0264996
0 0.0372384 0.536103 0.0703253 0.113765 0.0263012
0 0.424455 0.576399 0.0174586 0.027322 0.0262236
0 0.316775 0.565192 0.0116047 0.0163201 0.0262004
0 0.533708 0.4947 0.0295668 0.0674762 0.0260687
0 0.255356 0.592758 0.0194772 0.0287343 0.0257748
0 0.737367 0.535068 0.0812434 0.0838065 0.0256743
0 0.859606 0.607822 0.102501 0.11646 0.0254141
0 0.950825 0.464137 0.0468451 0.0714218 0.0253904
0 0.818707 0.606839 0.112987 0.122257 0.0251792
0 0.925828 0.644353 0.149474 0.199635 0.0251565
0 0.553386 0.582683 0.122902 0.0947565 0.0251506
0 0.0280797 0.620686 0.055579 0.14083 0.0251449
0 0.221329 0.528851 0.0350029 0.0746042 0.0250892
0 0.448529 0.504976 0.0286039 0.0290699 0.024939
0 0.289093 0.555222 0.0186161 0.0288417 0.0245845
0 0.959922 0.470244 0.0635544 0.107227 0.0245563
0 0.102957 0.540119 0.0269222 0.0461505 0.0245046
0 0.958402 0.446787 0.0512753 0.0665382 0.0244979
0 0.962545 0.481215 0.0704458 0.203656 0.0243469
0 0.306107 0.566123 0.0122261 0.0184211 0.0240409
0 0.233523 0.597462 0.0968212 0.123288 0.0237534
0 0.738345 0.548936 0.069022 0.0638416 0.02367
0 0.590033 0.575723 0.0765334 0.0764481 0.0235812
0 0.504951 0.614706 0.0261001 0.0348563 0.0234344
0 0.954856 0.704154 0.0897322 0.262833 0.0232727
0 0.0289304 0.416446 0.0450584 0.0495238 0.0232494
0 0.269717 0.544697 0.0345258 0.062281 0.0230454
0 0.171352 0.532243 0.0559759 0.0961421 0.0230325
0 0.964062 0.44837 0.0685989 0.0995737 0.023003
0 0.356304 0.109414 0.0393276 0.0506016 0.022908
0 0.180177 0.485226 0.0399192 0.0757484 0.0228218
0 0.0989255 0.606321 0.0511441 0.0952476 0.022662
0 0.349557 0.671532 0.0857886 0.0751196 0.0226528
0 0.1928 0.488955 0.0459455 0.100564 0.022485
0 0.625837 0.548248 0.0734496 0.0960051 0.0224767
0 0.809514 0.524434 0.187538 0.148807 0.0224077
0 0.143319 0.625593 0.0259296 0.056529 0.0222288
0 0.180255 0.628257 0.0612628 0.0732271 0.0222267
0 0.562151 0.580199 0.0659669 0.0634999 0.0216774
0 0.104803 0.667433 0.0875729 0.166358 0.0214572
0 0.0508535 0.598519 0.0852289 0.13196 0.021434
0 0.319817 0.504709 0.0233391 0.0317467 0.0214149
0 0.204099 0.516384 0.0372302 0.0805991 0.0214085
0 0.431918 0.510839 0.0373037 0.0425205 0.0213021
0 0.0512775 0.542132 0.0729242 0.0822437 0.0212371
0 0.0485846 0.649172 0.0906942 0.228281 0.021126
0 0.795782 0.606367 0.0931186 0.108519 0.0210108
0 0.473146 0.607368 0.0238242 0.0258291 0.0209939
0 0.193224 0.520062 0.0526214 0.110502 0.020822
0 0.986307 0.461688 0.0276102 0.119992 0.0205247
0 0.0962567 0.537242 0.0336604 0.0521606 0.0204276
0 0.0477951 0.462213 0.0594726 0.0908748 0.0203608
0 0.629427 0.550108 0.137929 0.143537 0.0203274
0 0.557617 0.609823 0.0763878 0.06791 0.020301
0 0.883653 0.349306 0.142826 0.191606 0.0201849
0 0.940189 0.475231 0.0589129 0.0910288 0.0201574
0 0.0759414 0.474154 0.0494854 0.0891012 0.0201417
0 0.462677 0.605727 0.0203151 0.0238132 0.0201246
0 0.0894735 0.53791 0.0451639 0.0743837 0.0200838
0 0.987531 0.65744 0.0258892 0.120617 0.0199009
0 0.437875 0.596765 0.0271531 0.0279082 0.0198623
0 0.864592 0.521372 0.0935009 0.105745 0.0198503
0 0.0606471 0.665385 0.117477 0.343768 0.0197465
0 0.521227 0.956243 0.020885 0.036469 0.0196753
0 0.971261 0.713719 0.05555 0.255648 0.019652
0 0.204782 0.617008 0.0364774 0.0442446 0.0196301
0 0.0682704 0.453658 0.0819792 0.174541 0.0195905
0 0.923234 0.63035 0.121324 0.115949 0.0195315
0 0.64216 0.544908 0.0653125 0.0748205 0.0195214
0 0.780328 0.521428 0.0698196 0.098493 0.0194594
0 0.310523 0.506813 0.0233861 0.0349211 0.0194585
0 0.574361 0.604942 0.063941 0.0683712 0.0193586
0 0.696981 0.594286 0.0683804 0.0763771 0.0193455
0 0.364953 0.116679 0.0641589 0.0855023 0.0192701
0 0.0856285 0.492352 0.0566327 0.107684 0.0192503
0 0.501514 0.575097 0.0349365 0.0692916 0.0192282
0 0.767794 0.512334 0.0400826 0.0685898 0.0190722
0 0.523584 0.555841 0.0440866 0.0770202 0.019072
0 0.0762053 0.658336 0.083303 0.169978 0.0188123
0 0.756828 0.510171 0.0345704 0.0615732 0.0187288
0 0.151783 0.656498 0.0376022 0.0723972 0.0187267
0 0.0674611 0.544097 0.0650872 0.0868078 0.0184111
0 0.334019 0.513859 0.0196846 0.0281603 0.0183979
0 0.0664954 0.322892 0.0526984 0.101944 0.0183222
0 0.0545629 0.966544 0.106501 0.115606 0.0182254
0 0.4997 0.632264 0.0196423 0.0368646 0.018208
0 0.672077 0.48785 0.214546 0.21859 0.0181839
0 0.0556789 0.927542 0.108692 0.163915 0.0181072
0 0.161903 0.47967 0.0397643 0.0645383 0.0179027
0 0.0230073 0.526307 0.044672 0.0914994 0.0177756
0 0.529699 0.540498 0.0382656 0.0632478 0.0177748
0 0.618062 0.604519 0.100064 0.109219 0.0176676
0 0.158641 0.634865 0.031102 0.0506088 0.0176458
0 0.434518 0.952143 0.0226635 0.0352743 0.0176376
0 0.0770808 0.33882 0.0675497 0.112363 0.0176338
