0 0.088917 0.679709 0.177834 0.589763 0.884954
0 0.214014 0.481814 0.0559253 0.057084 0.862187
0 0.263297 0.469584 0.0433461 0.049448 0.855681
0 0.386421 0.449967 0.028129 0.0444511 0.815068
0 0.0979425 0.491389 0.0795813 0.0928016 0.798618
0 0.463552 0.4292 0.0357019 0.0728361 0.700048
0 0.407056 0.444426 0.0231319 0.0365455 0.580899
0 0.438259 0.438715 0.017872 0.0295853 0.566837
0 0.59695 0.438928 0.0461272 0.0378986 0.433746
0 0.439645 0.424298 0.0181887 0.0438443 0.401028
0 0.441209 0.417626 0.0145724 0.0356094 0.310032
0 0.486588 0.430791 0.013977 0.0283184 0.282255
0 0.627479 0.440809 0.0336772 0.0308999 0.273867
0 0.43552 0.441041 0.0149646 0.0219303 0.256366
