0 0.5625 0.525702 0 0.119875 0.870833
0 0.552199 0.561064 0.020602 0.161483 0.870624
0 0.5625 0.562915 0 0.277115 0.863656
0 0.276488 0.547612 0.0713039 0.0475265 0.845737
0 0.401285 0.527363 0.0682087 0.0586208 0.820224
0 0.524176 0.51175 0.0306993 0.0438187 0.745343
0 0.5625 0.519016 0 0.092739 0.71411
0 0.5625 0.523182 0 0.0651972 0.55515
0 0.484672 0.518738 0.0236621 0.0291252 0.50518
0 0.499395 0.515659 0.0232748 0.0306879 0.496912
0 0.547168 0.511291 0.0182547 0.0295491 0.470914
0 0.449819 0.52299 0.0284099 0.0281829 0.453117
0 0.46154 0.522483 0.0267216 0.0260897 0.447741
0 0.5625 0.517377 0 0.0562088 0.441527
0 0.186701 0.55393 0.0344977 0.0468023 0.401049
0 0.5625 0.487173 0 0.0407884 0.368405
0 0.5625 0.521509 0 0.0798075 0.333373
0 0.480911 0.520731 0.0176126 0.0252374 0.296673
0 0.5625 0.535267 0 0.137434 0.286372
0 0.504169 0.515719 0.01622 0.0268993 0.275606
0 0.15735 0.54816 0.0234335 0.0388607 0.272433
0 0.5625 0.489175 0 0.0512698 0.266656
0 0.493411 0.517497 0.0208514 0.027815 0.248051
0 0.421605 0.525382 0.0313927 0.0485655 0.247191
0 0.544172 0.510346 0.0117738 0.0232362 0.235821
0 0.5625 0.499837 0 0.0652345 0.233877
0 0.467741 0.52156 0.0180475 0.0220705 0.232051
0 0.550937 0.509154 0.021888 0.036993 0.231836
0 0.44401 0.525331 0.0171532 0.0226753 0.230651
0 0.463426 0.523684 0.0189362 0.0216941 0.224421
0 0.5625 0.509359 0 0.0378394 0.213116
0 0.204142 0.550157 0.0256249 0.0401856 0.208343
0 0.550748 0.507096 0.0144417 0.0253751 0.206443
0 0.500144 0.516751 0.0152522 0.0259411 0.192116
0 0.178708 0.556104 0.0501017 0.0580488 0.188131
0 0.388726 0.530287 0.0414545 0.048057 0.185555
0 0.5625 0.484942 0 0.0327671 0.185285
0 0.45526 0.523544 0.0199217 0.0224825 0.179194
0 0.487098 0.52299 0.0146255 0.0219949 0.178282
0 0.554225 0.509676 0.0154101 0.0270856 0.173519
0 0.477563 0.522743 0.0162705 0.0216497 0.173118
0 0.5625 0.50955 0 0.0857983 0.170548
0 0.167971 0.561983 0.0566792 0.0726374 0.16673
0 0.552095 0.517296 0.0134691 0.0239559 0.166666
0 0.193091 0.552268 0.0211564 0.0366141 0.158773
0 0.380731 0.532102 0.0306749 0.0426387 0.158187
0 0.54635 0.51604 0.0135404 0.0251723 0.153394
0 0.332655 0.536257 0.0298053 0.0417472 0.146842
0 0.154392 0.551932 0.0345971 0.0505515 0.142294
0 0.430717 0.518355 0.0232428 0.0347948 0.137276
0 0.701211 0.520144 0.0516236 0.104921 0.1369
0 0.222463 0.549121 0.0407081 0.0411229 0.136491
0 0.524739 0.512343 0.0141128 0.0272544 0.135486
0 0.538137 0.514174 0.0130771 0.0200601 0.134549
0 0.259904 0.549109 0.0368221 0.0365265 0.128585
0 0.644574 0.517938 0.0169381 0.0436365 0.128456
0 0.548639 0.496588 0.0176708 0.0222814 0.128384
0 0.619791 0.47521 0.027817 0.0352219 0.127664
0 0.651686 0.517031 0.0188935 0.0460683 0.126575
0 0.32476 0.535918 0.0381022 0.0454987 0.125192
0 0.618299 0.487085 0.0244164 0.0394835 0.120909
0 0.185981 0.554493 0.0250858 0.0379188 0.119953
0 0.554189 0.500774 0.0152637 0.0211279 0.118608
0 0.44223 0.520154 0.0163836 0.0256254 0.110573
0 0.310064 0.54125 0.0252531 0.0391134 0.110093
0 0.291713 0.543006 0.0422677 0.0414141 0.109616
0 0.372178 0.535267 0.0163714 0.0301383 0.107987
0 0.466337 0.531657 0.0139112 0.0234317 0.104101
0 0.803182 0.4955 0.0788845 0.0834944 0.103235
0 0.198274 0.551439 0.0184941 0.0340789 0.102001
0 0.33691 0.52974 0.0450926 0.0574476 0.100839
0 0.504831 0.527937 0.0138824 0.0272057 0.100264
0 0.817562 0.491167 0.0609921 0.0573093 0.100239
0 0.510589 0.514144 0.0124546 0.0214457 0.100118
0 0.24916 0.555805 0.0162912 0.0243114 0.0990262
0 0.00961083 0.578326 0.019468 0.067129 0.0984757
0 0.645943 0.498229 0.0220387 0.0239313 0.0982256
0 0.624282 0.486155 0.0279846 0.0348776 0.0958142
0 0.55746 0.493908 0.0150736 0.0186206 0.0948505
0 0.492995 0.519655 0.0146667 0.0237144 0.0919245
0 0.304771 0.54227 0.0197467 0.0351696 0.0854881
0 0.0301346 0.581004 0.0492199 0.0525763 0.0854405
0 0.949027 0.46285 0.0999682 0.0748784 0.0828445
0 0.30193 0.544117 0.0317174 0.0395851 0.0824492
0 0.754349 0.493845 0.0490507 0.0531141 0.0800382
0 0.448892 0.522285 0.0147981 0.0209399 0.0786472
0 0.209889 0.547958 0.0230653 0.0412927 0.0779775
0 0.347581 0.536528 0.0463082 0.0495333 0.0777005
0 0.792885 0.479978 0.0513071 0.0480988 0.0767139
0 0.657293 0.522921 0.0168992 0.0554739 0.0766925
0 0.570393 0.496204 0.0311075 0.0299163 0.0757811
0 0.63096 0.493126 0.0198455 0.0301537 0.0748727
0 0.37876 0.536539 0.0224825 0.032467 0.0731466
0 0.154223 0.551867 0.0165611 0.0301423 0.0700606
0 0.755969 0.481564 0.0430548 0.0302597 0.069092
0 0.428489 0.524554 0.0194181 0.0380671 0.068915
0 0.155517 0.554414 0.068705 0.0712741 0.0686257
0 0.340546 0.520998 0.0611686 0.0758435 0.0685335
0 0.781056 0.480561 0.0281754 0.0210591 0.0674178
0 0.750875 0.474654 0.0369967 0.0209113 0.0665971
0 0.646108 0.500307 0.0206361 0.0424347 0.0663227
0 0.248266 0.549585 0.0183118 0.0278408 0.0657965
0 0.789328 0.488335 0.026257 0.0286993 0.0657121
0 0.825552 0.545209 0.0746935 0.171701 0.0648765
0 0.631946 0.504906 0.0301858 0.0425028 0.0646891
0 0.64708 0.528999 0.0151304 0.0379289 0.0637303
0 0.218725 0.534321 0.0551611 0.0735954 0.0633807
0 0.636304 0.500715 0.0208256 0.0281256 0.0623216
0 0.317042 0.541421 0.0207785 0.0341743 0.0623151
0 0.640334 0.509157 0.018618 0.0341933 0.0618718
0 0.703529 0.500821 0.0470256 0.0685278 0.0615411
0 0.571661 0.503825 0.0403105 0.0451225 0.0613865
0 0.707743 0.489944 0.037791 0.0463158 0.0601547
0 0.43704 0.520297 0.0205265 0.0270795 0.0598429
0 0.00789202 0.587798 0.0155854 0.0561379 0.0594035
0 0.83801 0.509289 0.0945625 0.130168 0.0577927
0 0.953755 0.505171 0.0914461 0.149775 0.0570584
0 0.652339 0.496906 0.0219998 0.0250739 0.0568544
0 0.309001 0.545151 0.0177645 0.0308005 0.0565069
0 0.951957 0.554937 0.0933493 0.276116 0.0556982
0 0.160391 0.469634 0.0470549 0.0513571 0.0555966
0 0.619149 0.47148 0.0213299 0.027119 0.0545473
0 0.159114 0.521739 0.0381672 0.0797783 0.0541569
0 0.545968 0.530128 0.0215328 0.0682432 0.0530811
0 0.203502 0.55596 0.0183914 0.0292575 0.0526453
0 0.8536 0.537088 0.105811 0.189337 0.0511336
0 0.12006 0.555389 0.119452 0.129229 0.0505014
0 0.618993 0.506375 0.0168195 0.0275024 0.0502602
0 0.161436 0.546875 0.0217323 0.0275462 0.0501323
0 0.978193 0.57136 0.0426838 0.243551 0.0501166
0 0.325303 0.524474 0.0480212 0.0690453 0.0499354
0 0.593813 0.505918 0.0846856 0.0539716 0.0499181
0 0.145948 0.56268 0.0496551 0.0650404 0.049597
0 0.167695 0.54023 0.0362326 0.0590843 0.0494292
0 0.204559 0.548415 0.0190173 0.0256371 0.0490785
0 0.752202 0.516195 0.0501636 0.104708 0.0485789
0 0.0271296 0.546392 0.0544713 0.152837 0.0482598
0 0.165618 0.582182 0.0473638 0.0790013 0.0482492
0 0.584606 0.495094 0.0438981 0.0311136 0.0478066
0 0.533994 0.498875 0.0148398 0.0181769 0.0477529
0 0.624885 0.491542 0.0153073 0.0226624 0.0477203
0 0.839304 0.559492 0.0612679 0.146578 0.0475434
0 0.991262 0.672166 0.0175722 0.135996 0.0468099
0 0.17152 0.52149 0.0696925 0.118302 0.04619
0 0.797225 0.553113 0.055492 0.113487 0.0460746
0 0.284209 0.518043 0.0540143 0.0523411 0.0459556
0 0.23811 0.553192 0.0176813 0.0247873 0.0457543
0 0.61471 0.502091 0.0469046 0.0431864 0.0449147
0 0.179187 0.571845 0.030737 0.0523058 0.0446553
0 0.367607 0.535415 0.0167745 0.0276342 0.0439756
0 0.331267 0.542079 0.01959 0.0299359 0.0437317
0 0.7792 0.529754 0.0641675 0.11772 0.043705
0 0.39053 0.526014 0.0165513 0.0260329 0.0434026
0 0.340781 0.536466 0.022982 0.0333368 0.0431471
0 0.691204 0.510797 0.0497622 0.0876405 0.0429364
0 0.981338 0.672639 0.0368832 0.149324 0.042736
0 0.0306751 0.588873 0.0545373 0.0812263 0.0425406
0 0.653846 0.537006 0.0175496 0.0446013 0.0424712
0 0.706156 0.476428 0.0245908 0.0215189 0.0424345
0 0.229967 0.549785 0.0248991 0.0288129 0.042384
0 0.0200712 0.557105 0.0390338 0.12729 0.0423538
0 0.184786 0.562832 0.0225081 0.0358092 0.0421372
0 0.292405 0.552985 0.0303585 0.0314886 0.0421191
0 0.0102204 0.555754 0.0223255 0.110772 0.041761
0 0.787039 0.473849 0.0294489 0.0223137 0.0416957
0 0.0132616 0.597352 0.026003 0.0687363 0.0416317
0 0.682893 0.483802 0.0241744 0.0271745 0.0407494
0 0.797444 0.480461 0.0375788 0.0378989 0.0403673
0 0.145605 0.65276 0.150837 0.201696 0.040007
0 0.202319 0.530194 0.0536287 0.0669533 0.0399606
0 0.833886 0.489544 0.0695506 0.0699283 0.039494
0 0.589469 0.473557 0.0375093 0.033737 0.0391741
0 0.0239795 0.852799 0.0477158 0.114861 0.0391608
0 0.97984 0.620676 0.0381836 0.190164 0.0388685
0 0.307435 0.534093 0.0276167 0.0365798 0.0385805
0 0.638445 0.519041 0.0238631 0.0502418 0.0385542
0 0.985708 0.546305 0.0276905 0.212027 0.0381393
0 0.977524 0.445947 0.0439869 0.0764071 0.0377944
0 0.4119 0.534943 0.0215701 0.0240509 0.037446
0 0.277602 0.526567 0.0731368 0.0680647 0.0373133
0 0.817333 0.381863 0.0306789 0.0354844 0.0368045
0 0.694812 0.479731 0.0247022 0.0236305 0.0367039
0 0.698972 0.530673 0.0339039 0.0891569 0.0365843
0 0.0450884 0.581456 0.0264007 0.0486172 0.0365629
0 0.246413 0.558854 0.0193749 0.0263849 0.0365335
0 0.77138 0.476743 0.0268978 0.024921 0.0365313
0 0.659963 0.537213 0.0302366 0.0718229 0.0359047
0 0.743637 0.475193 0.054692 0.0289513 0.0356009
0 0.687642 0.510085 0.0178801 0.0385953 0.0353756
0 0.314403 0.545711 0.0172428 0.0286816 0.0353507
0 0.865828 0.569812 0.122708 0.156904 0.0351557
0 0.969026 0.547432 0.0611982 0.244264 0.0349012
0 0.0963846 0.540341 0.178998 0.194655 0.0346802
0 0.826769 0.483728 0.0345989 0.0426826 0.0346136
0 0.99204 0.634491 0.0145676 0.11537 0.0341286
0 0.235319 0.550284 0.0181144 0.0254777 0.0337794
0 0.193345 0.561952 0.0232933 0.0337463 0.0335305
0 0.818082 0.555046 0.0545578 0.137965 0.0333833
0 0.543796 0.530969 0.0168916 0.0461471 0.0333135
0 0.171117 0.585421 0.0774676 0.122559 0.0330724
0 0.0262671 0.62609 0.0573056 0.219331 0.0326801
0 0.129557 0.691778 0.185634 0.287577 0.0325857
0 0.545655 0.506905 0.0124418 0.0199867 0.0322971
0 0.381675 0.545879 0.0200256 0.0255417 0.0322739
0 0.780007 0.474253 0.0260355 0.0203467 0.031939
0 0.92134 0.46467 0.0853951 0.0745556 0.0318902
0 0.808949 0.261663 0.0234911 0.0357003 0.0316973
0 0.8561 0.476206 0.087862 0.0842222 0.0316837
0 0.37635 0.543586 0.0154526 0.0246068 0.0314043
0 0.0674403 0.887719 0.121475 0.161752 0.0312913
0 0.501425 0.500371 0.0140341 0.0189877 0.0312882
0 0.219625 0.554239 0.0194715 0.0286976 0.0312718
0 0.776571 0.470946 0.0232986 0.026464 0.0310376
0 0.568629 0.54517 0.0534742 0.108786 0.0310081
0 0.510279 0.499716 0.0153711 0.0181641 0.0309624
0 0.425064 0.514807 0.0205376 0.0237209 0.0309518
0 0.0321111 0.687045 0.0669619 0.282098 0.0309155
0 0.677842 0.490687 0.0203908 0.0239399 0.0308876
0 0.178499 0.532179 0.056387 0.0778692 0.0305572
0 0.362817 0.541493 0.0186704 0.0274252 0.0303223
0 0.684065 0.526161 0.0203814 0.0745433 0.0300683
0 0.387959 0.544823 0.0211241 0.0270671 0.0300577
0 0.720507 0.475 0.0269698 0.0179625 0.0300391
0 0.0480368 0.856468 0.0903757 0.14351 0.029788
0 0.135725 0.585374 0.131903 0.127248 0.0297724
0 0.987967 0.602134 0.0233564 0.175824 0.0295781
0 0.129312 0.565712 0.0771559 0.0704391 0.0295528
0 0.811378 0.443023 0.0279604 0.030897 0.0295129
0 0.00918307 0.606504 0.0183343 0.0594041 0.0294073
0 0.262894 0.549733 0.02566 0.0285691 0.0291972
0 0.307281 0.570305 0.0240052 0.0374521 0.0290481
0 0.0419517 0.899161 0.0771335 0.11599 0.0289847
0 0.490972 0.493551 0.0183468 0.0236034 0.0286561
0 0.237149 0.525294 0.10825 0.0819377 0.0285386
0 0.743852 0.693758 0.18156 0.231512 0.0284166
0 0.265779 0.533795 0.053174 0.0523498 0.0280074
0 0.595185 0.478476 0.0260939 0.0241433 0.0274849
0 0.940425 0.60796 0.112085 0.183307 0.0273763
0 0.381295 0.52488 0.0245028 0.0395048 0.027348
0 0.0323194 0.564504 0.0368464 0.0720881 0.0272382
0 0.888722 0.468109 0.0821508 0.0772146 0.026637
0 0.871288 0.473652 0.100056 0.108134 0.0261559
0 0.319024 0.507075 0.0627493 0.0791654 0.0259202
0 0.0156485 0.616723 0.0337195 0.0796138 0.025737
0 0.894799 0.60013 0.148979 0.188971 0.0251997
0 0.867809 0.461238 0.0710272 0.0808256 0.025175
0 0.370974 0.545621 0.0144402 0.0221892 0.0250337
0 0.808919 0.464781 0.0260153 0.0252526 0.0250309
0 0.662224 0.491917 0.0182423 0.0312391 0.0250088
0 0.704846 0.374943 0.0366815 0.0526094 0.0250028
0 0.0488348 0.573577 0.0524369 0.0769022 0.0249714
0 0.00590292 0.0683666 0.0115176 0.0534763 0.0247513
0 0.0883821 0.621236 0.175109 0.301691 0.0245882
0 0.813923 0.264376 0.0268524 0.0405752 0.0243884
0 0.79982 0.469836 0.0269108 0.0225739 0.0242917
0 0.976479 0.409625 0.0460365 0.0568473 0.0242184
0 0.186814 0.500113 0.129986 0.11454 0.0241086
0 0.95435 0.559858 0.0761265 0.16189 0.0241058
0 0.299676 0.508555 0.0277647 0.0293696 0.0240843
0 0.0461581 0.593584 0.0406127 0.0689085 0.0240803
0 0.980553 0.404805 0.0396645 0.0879118 0.024049
0 0.0978184 0.546362 0.0882614 0.127088 0.0238951
0 0.200881 0.502809 0.0832246 0.0931115 0.0238281
0 0.545411 0.44993 0.0140536 0.021561 0.0238133
0 0.152143 0.532434 0.0227825 0.0325929 0.0237228
0 0.0429793 0.914068 0.0663413 0.0721863 0.0236019
0 0.00565001 0.0882651 0.0109753 0.061125 0.0235829
0 0.762032 0.308533 0.0316792 0.0471263 0.0233834
0 0.022545 0.509884 0.0431487 0.0780618 0.023349
0 0.863138 0.500525 0.111032 0.109154 0.0232416
0 0.961879 0.65087 0.0746046 0.150426 0.0232124
0 0.0233771 0.907577 0.036593 0.0626645 0.0231174
0 0.632598 0.452425 0.0273458 0.0385172 0.0230506
0 0.0405864 0.704095 0.069835 0.201995 0.0227659
0 0.27634 0.517132 0.0245831 0.0287697 0.0226531
0 0.918202 0.483477 0.159558 0.113526 0.0225693
0 0.0142682 0.524893 0.0280146 0.0957705 0.0225412
0 0.722161 0.469947 0.0298697 0.0183284 0.0224884
0 0.823146 0.466408 0.02204 0.0250506 0.0222521
0 0.880971 0.38504 0.0237457 0.0432442 0.0222219
0 0.135985 0.507611 0.0962115 0.104206 0.0221285
0 0.0460261 0.588068 0.0192664 0.0446306 0.0219493
0 0.260865 0.323873 0.0216932 0.0289795 0.0219395
0 0.114122 0.564833 0.100023 0.0881521 0.0217902
0 0.631738 0.405551 0.0340344 0.0518129 0.0217606
0 0.579684 0.400951 0.0237691 0.0311559 0.0217382
0 0.986118 0.487297 0.0284414 0.136441 0.0216855
0 0.983179 0.711546 0.0335386 0.167537 0.0214543
0 0.0210311 0.631153 0.0384764 0.19044 0.021222
0 0.517015 0.509967 0.0146139 0.0214478 0.0210484
0 0.884349 0.492813 0.110602 0.0996858 0.0207976
0 0.85354 0.592662 0.0791313 0.170275 0.0207844
0 0.479356 0.486236 0.0308147 0.0428823 0.0207755
0 0.392671 0.512498 0.038248 0.0483577 0.0206369
0 0.709845 0.465631 0.0277495 0.0421422 0.0206187
0 0.558109 0.459288 0.017629 0.0274905 0.0206101
0 0.884803 0.533177 0.124922 0.131982 0.0205398
0 0.268755 0.495385 0.0830214 0.0716998 0.0204596
0 0.839135 0.478417 0.0311041 0.0392687 0.0202698
0 0.0391361 0.645368 0.0562755 0.14993 0.0202635
