0 0.5625 0.38352 0 0.233302 0.877763
0 0.126436 0.420189 0.248186 0.190003 0.569035
0 0.0196203 0.412824 0.0392405 0.174478 0.237417
0 0.0181591 0.417781 0.0363183 0.103281 0.199495
0 0.0417621 0.402206 0.0825812 0.206729 0.18105
0 0.176738 0.422949 0.148835 0.166849 0.15018
0 0.0175077 0.448313 0.0350153 0.136216 0.125324
0 0.0255996 0.435657 0.0511992 0.22342 0.115967
0 0.0997292 0.380937 0.199458 0.282657 0.112943
0 0.0408801 0.401245 0.0817602 0.108527 0.0843415
0 0.534804 0.210069 0.0551189 0.0649083 0.0763968
0 0.0454028 0.350848 0.0908055 0.300298 0.0757133
0 0.208515 0.421979 0.0884105 0.138777 0.0731041
0 0.439479 0.195972 0.084754 0.0937156 0.0722752
0 0.0251726 0.374238 0.0503451 0.192997 0.0653653
0 0.0855713 0.446163 0.171143 0.208834 0.0651805
0 0.124842 0.348274 0.202954 0.209056 0.0642723
0 0.0382903 0.478743 0.0726052 0.292205 0.0627629
0 0.510913 0.311208 0.103175 0.168891 0.0614565
0 0.5625 0.13784 0 0.0734208 0.0608589
0 0.158578 0.342143 0.164188 0.17861 0.0589118
0 0.219851 0.427888 0.0631428 0.109384 0.0568025
0 0.441599 0.291083 0.105429 0.134351 0.0488876
0 0.0727692 0.496255 0.144791 0.279426 0.0487574
0 0.148723 0.318113 0.122989 0.132703 0.0487228
0 0.502583 0.0379172 0.0627789 0.0535565 0.0476038
0 0.5625 0.3122 0 0.0930924 0.0455147
0 0.191286 0.231486 0.0486364 0.0553002 0.0451315
0 0.041109 0.445975 0.0820115 0.134227 0.0450572
0 0.0286477 0.468434 0.056449 0.147599 0.0437477
0 0.487678 0.0308698 0.0638603 0.0617396 0.0433914
0 0.259908 0.157831 0.0313685 0.0695005 0.0433169
0 0.385046 0.297335 0.177892 0.142148 0.0433018
0 0.512158 0.0424417 0.0414598 0.0394238 0.0420018
0 0.195211 0.390018 0.0913197 0.109019 0.0410082
0 0.0599088 0.285158 0.109004 0.392809 0.0401555
0 0.0179566 0.500318 0.0359133 0.187961 0.0401496
0 0.12483 0.290401 0.22865 0.414341 0.0399395
0 0.118426 0.449944 0.138526 0.13164 0.0389243
0 0.479691 0.0486395 0.0404653 0.0402008 0.0388353
0 0.134667 0.369767 0.141579 0.0948065 0.0379928
0 0.471187 0.0497074 0.0258646 0.0361399 0.0379509
0 0.207487 0.329514 0.103164 0.154217 0.0374708
0 0.0529564 0.545578 0.100898 0.335291 0.0373869
0 0.189308 0.438551 0.112139 0.132251 0.0366062
0 0.5625 0.197915 0 0.0699782 0.0365209
0 0.0729453 0.42203 0.112167 0.148565 0.0362336
0 0.504145 0.303507 0.11671 0.144338 0.0361561
0 0.049623 0.383137 0.0863561 0.113605 0.0360543
0 0.0215108 0.334534 0.042756 0.1636 0.0355733
0 0.738023 0.187624 0.067776 0.0768976 0.0349615
0 0.490273 0.0514417 0.0171575 0.0249842 0.0341038
0 0.257642 0.159233 0.0464861 0.0807757 0.0340653
0 0.441126 0.240786 0.0708933 0.0397336 0.034052
0 0.977076 0.291404 0.0420033 0.0740239 0.0339003
0 0.198671 0.272373 0.0515431 0.0527512 0.0338449
0 0.490181 0.0449632 0.0284572 0.0372679 0.0335652
0 0.164294 0.369213 0.084343 0.0727102 0.033506
0 0.481373 0.0379873 0.0461807 0.05788 0.033456
0 0.416627 0.300116 0.0842177 0.124045 0.0327248
0 0.542412 0.199497 0.054051 0.0858459 0.0325047
0 0.0336681 0.332472 0.0640322 0.173322 0.0318354
0 0.0507543 0.790699 0.0940325 0.25019 0.0318311
0 0.253317 0.315327 0.158476 0.145056 0.0311701
0 0.192524 0.369306 0.077732 0.0963903 0.0311166
0 0.558201 0.198328 0.0912523 0.0924996 0.0309707
0 0.130468 0.414356 0.149247 0.13588 0.0308283
0 0.0406717 0.742907 0.0806081 0.27265 0.0304434
0 0.35074 0.306063 0.129186 0.126104 0.0303478
0 0.0400104 0.23759 0.0799251 0.222938 0.0302303
0 0.989202 0.256308 0.0250488 0.0844484 0.0300904
0 0.0221581 0.213624 0.0421552 0.0980361 0.0297948
0 0.119398 0.389138 0.149932 0.108931 0.0297662
0 0.042427 0.181845 0.0409613 0.0541741 0.0297525
0 0.422347 0.321442 0.0633011 0.0786373 0.0294455
0 0.223632 0.335183 0.111486 0.106957 0.0291303
0 0.207229 0.485106 0.0649746 0.0687414 0.0287913
0 0.969451 0.362048 0.0547112 0.17516 0.028749
0 0.586872 0.0182263 0.0334206 0.0434139 0.0287039
0 0.438957 0.256865 0.0808603 0.069511 0.0283402
0 0.526563 0.30318 0.145668 0.133519 0.0281871
0 0.136417 0.288096 0.0891076 0.0869 0.0279472
0 0.210205 0.363637 0.0952234 0.121557 0.027856
0 0.0444943 0.619895 0.0851407 0.387489 0.0277341
0 0.292003 0.326547 0.183417 0.148902 0.0274482
0 0.503731 0.0277274 0.0798394 0.0796226 0.0273274
0 0.967369 0.32685 0.0631304 0.114046 0.0272063
0 0.0321218 0.274816 0.0612494 0.122517 0.0270288
0 0.748258 0.184764 0.04479 0.0617488 0.0270094
0 0.98389 0.310393 0.0335226 0.0852648 0.0269799
0 0.200256 0.345909 0.069417 0.0856855 0.0266669
0 0.44262 0.234915 0.0597617 0.0282979 0.0266256
0 0.173194 0.285046 0.0923482 0.0913459 0.0264666
0 0.588187 0.163663 0.236195 0.213575 0.0262655
0 0.0138818 0.188194 0.0280202 0.0503164 0.0261114
0 0.243741 0.172391 0.0787448 0.119632 0.025897
0 0.228684 0.404565 0.0973451 0.144941 0.025834
0 0.988045 0.335356 0.0252432 0.120802 0.0257418
0 0.0317959 0.246571 0.0602009 0.0921539 0.025692
0 0.0176481 0.299633 0.0345273 0.125143 0.0254273
0 0.199274 0.446759 0.0844819 0.0975317 0.0253506
0 0.199389 0.267288 0.0371941 0.04286 0.0253094
0 0.98644 0.289238 0.0280325 0.0656292 0.0251221
0 0.240277 0.340185 0.0865594 0.0828368 0.0248671
0 0.198183 0.296524 0.0596994 0.0898611 0.0248116
0 0.137067 0.267037 0.0685916 0.045616 0.0246057
0 0.982376 0.383553 0.0367395 0.212493 0.0246017
0 0.140278 0.879009 0.184455 0.170804 0.0245837
0 0.597081 0.204256 0.0394663 0.0542252 0.0243313
0 0.178679 0.346612 0.078517 0.0890861 0.0241686
0 0.689655 0.201908 0.0309623 0.0483296 0.0241534
0 0.335191 0.323883 0.179157 0.12714 0.024113
0 0.524611 0.0574222 0.0205036 0.0322137 0.0241038
0 0.221464 0.217163 0.0390712 0.0460028 0.0241004
0 0.0326614 0.82572 0.0631021 0.274167 0.0239144
0 0.042441 0.165425 0.0817491 0.206987 0.0238035
0 0.161683 0.468242 0.119296 0.103 0.023774
0 0.0846153 0.565357 0.132207 0.239752 0.0235131
0 0.948076 0.304128 0.104072 0.0737303 0.0234478
0 0.920254 0.337539 0.136774 0.122548 0.0231674
0 0.0731112 0.788185 0.124503 0.218426 0.0228067
0 0.0528529 0.68838 0.0945165 0.262955 0.0226761
0 0.0357526 0.75937 0.0686987 0.149344 0.0225522
0 0.112562 0.520845 0.1372 0.191643 0.0225463
0 0.469976 0.0409531 0.0319695 0.0498594 0.0224027
0 0.055273 0.870206 0.104614 0.233471 0.0223892
0 0.666457 0.332953 0.294975 0.146989 0.022328
0 0.497544 0.0343161 0.0458969 0.0699725 0.0222673
0 0.425789 0.337377 0.0655087 0.060381 0.0222282
0 0.216408 0.30268 0.0922104 0.121516 0.0221265
0 0.377797 0.317323 0.0976167 0.0941458 0.0220936
0 0.0333923 0.185186 0.0611327 0.0737089 0.0220475
0 0.541093 0.112385 0.19939 0.269954 0.0220458
0 0.247356 0.199707 0.0814029 0.116811 0.0220302
0 0.151425 0.216184 0.219201 0.350232 0.0220073
0 0.668376 0.19043 0.0426882 0.0715299 0.0217747
0 0.0384852 0.30042 0.0724736 0.132077 0.0217563
0 0.139783 0.245792 0.054842 0.037752 0.0217151
0 0.987696 0.382225 0.0240875 0.176068 0.0216781
0 0.470785 0.171751 0.203457 0.221841 0.0216729
0 0.130156 0.820581 0.226285 0.293604 0.0216328
0 0.228778 0.195805 0.0529257 0.0827069 0.0215135
0 0.473848 0.20189 0.166782 0.114091 0.0214998
0 0.0259063 0.563994 0.047232 0.354358 0.0213966
0 0.20806 0.540458 0.0435472 0.061133 0.021189
0 0.192632 0.323045 0.0770125 0.121333 0.021095
0 0.515496 0.169502 0.191722 0.20091 0.0210583
0 0.253138 0.324741 0.0837022 0.0905609 0.0210283
0 0.503929 0.0498361 0.0189281 0.0250501 0.0209316
0 0.0164815 0.271717 0.0323517 0.106527 0.0208113
0 0.160093 0.338687 0.0804056 0.0826586 0.0207999
0 0.437419 0.318783 0.0750264 0.0935031 0.0207803
0 0.0478078 0.334557 0.0925387 0.14083 0.0207732
0 0.569609 0.025774 0.0564383 0.0660194 0.0207394
0 0.224066 0.2043 0.0401342 0.0532077 0.0206444
0 0.709652 0.180608 0.10948 0.104989 0.0204937
0 0.989431 0.239942 0.022345 0.071722 0.0204621
0 0.18756 0.27064 0.0531196 0.0681401 0.0202691
0 0.158999 0.84362 0.160175 0.156333 0.0201723
0 0.119113 0.695964 0.217836 0.395955 0.0201699
0 0.7047 0.20636 0.0327314 0.0427684 0.0201657
0 0.589225 0.334541 0.211743 0.118857 0.0201609
0 0.276871 0.328847 0.092335 0.0922887 0.020047
0 0.978845 0.243493 0.0441671 0.0835088 0.0200134
0 0.402377 0.332518 0.108665 0.0730567 0.0198939
0 0.129234 0.466474 0.0874205 0.0862307 0.0198174
0 0.187002 0.537942 0.046571 0.0709123 0.019778
0 0.438288 0.203085 0.075057 0.0607812 0.0194594
0 0.521425 0.275992 0.0832211 0.0737465 0.0194212
0 0.517877 0.050832 0.0236291 0.0329049 0.0193862
0 0.234768 0.357785 0.102768 0.0975862 0.019365
0 0.735401 0.204967 0.0610998 0.0505291 0.0192452
0 0.135788 0.214503 0.0710781 0.0904959 0.0191634
0 0.593409 0.0487177 0.0307134 0.0555745 0.0191535
0 0.707123 0.195523 0.0524913 0.0650791 0.0191475
0 0.0433143 0.207173 0.0617979 0.0795387 0.0191282
0 0.240442 0.134584 0.112499 0.16737 0.0190392
0 0.630764 0.193814 0.0436588 0.066986 0.0190225
0 0.132299 0.594093 0.207754 0.331311 0.0189628
0 0.948762 0.269143 0.0986261 0.107093 0.0188673
0 0.0680783 0.623119 0.111607 0.286971 0.0188397
0 0.129716 0.30336 0.11936 0.117462 0.0188061
0 0.612567 0.0523358 0.0621714 0.0901461 0.0188024
0 0.876761 0.349397 0.0867651 0.115537 0.0186775
0 0.204882 0.229134 0.0628017 0.064167 0.0185794
0 0.0557904 0.0639541 0.0456506 0.0745275 0.0185464
0 0.978474 0.26502 0.0434818 0.0670082 0.0185156
0 0.236577 0.497918 0.0396839 0.0599083 0.0184841
0 0.337714 0.285796 0.0890706 0.0751626 0.0184763
0 0.429777 0.0394498 0.0512044 0.0378774 0.0184557
0 0.983738 0.439019 0.0327623 0.141659 0.0184166
0 0.017195 0.760584 0.0317153 0.175159 0.0183859
0 0.493284 0.279342 0.107681 0.0883697 0.0182342
0 0.95785 0.291044 0.0806059 0.0493716 0.0182064
0 0.0158474 0.242366 0.0314142 0.086335 0.0181434
0 0.542203 0.027591 0.0405528 0.0435958 0.0181401
0 0.356486 0.326239 0.102511 0.0886088 0.0181058
0 0.575519 0.0199098 0.0350043 0.0421612 0.0180958
0 0.519114 0.204557 0.0770392 0.0792703 0.0180802
0 0.0663485 0.371013 0.0927435 0.102487 0.0180418
0 0.492224 0.323863 0.0775967 0.107044 0.0180162
0 0.610329 0.0754629 0.0586554 0.0927146 0.0179714
0 0.0139417 0.204719 0.0281727 0.0813548 0.0179334
0 0.0306719 0.691464 0.0560292 0.304823 0.0178385
0 0.042029 0.753702 0.053382 0.0838703 0.0178103
0 0.0847172 0.380925 0.0992867 0.0881018 0.0178098
0 0.60966 0.197947 0.0363859 0.0568715 0.0177621
0 0.450002 0.177281 0.0459105 0.0584693 0.0177566
0 0.64458 0.19462 0.0551941 0.0702842 0.0177332
0 0.032227 0.726526 0.0609787 0.154669 0.0177185
0 0.432048 0.0315923 0.0685294 0.0609403 0.0176965
0 0.331588 0.32905 0.0947103 0.0884364 0.0176244
0 0.646142 0.255892 0.0941586 0.0602584 0.0175983
0 0.437884 0.0482427 0.0703949 0.0587815 0.0175566
0 0.583789 0.0469985 0.0251398 0.0394984 0.0175374
0 0.424634 0.175301 0.218654 0.247754 0.0172499
0 0.111519 0.906833 0.168616 0.179662 0.0172463
0 0.43157 0.109886 0.189422 0.273149 0.0172424
0 0.598167 0.0757351 0.044042 0.0758175 0.0172327
0 0.534327 0.22143 0.04645 0.0490255 0.0171709
0 0.210758 0.268414 0.0619491 0.0626834 0.0171385
0 0.470732 0.0585136 0.0195609 0.0334966 0.0171236
0 0.941266 0.288767 0.105567 0.0649957 0.0171061
0 0.990201 0.498389 0.0244438 0.128066 0.0170649
0 0.0273007 0.784356 0.0538963 0.180183 0.0169658
0 0.227008 0.438014 0.0497406 0.0802044 0.0169408
0 0.840418 0.390691 0.0318907 0.0985252 0.0169286
0 0.49122 0.0817818 0.0235654 0.0313564 0.0168616
0 0.115358 0.830208 0.15728 0.169722 0.0168134
0 0.219501 0.226585 0.0592427 0.0612615 0.0167609
0 0.663628 0.0617293 0.0509729 0.0613337 0.0167509
0 0.208024 0.172577 0.190208 0.266387 0.0167255
0 0.827037 0.154265 0.0633663 0.0947602 0.0166806
0 0.32036 0.287933 0.110768 0.0909916 0.0166578
0 0.241591 0.37121 0.113051 0.168569 0.0166551
0 0.598557 0.283885 0.222253 0.117339 0.0166248
0 0.368879 0.173867 0.230591 0.275276 0.0165827
0 0.236046 0.301611 0.0918568 0.0984236 0.0165607
0 0.0869484 0.246464 0.149728 0.221232 0.0164967
0 0.989234 0.427774 0.0213335 0.120531 0.0164738
0 0.156419 0.469539 0.0689308 0.0710945 0.0164454
0 0.448528 0.320778 0.107347 0.115972 0.0164335
0 0.0832842 0.876724 0.137319 0.192822 0.0163542
0 0.815562 0.339977 0.139941 0.113546 0.0163184
0 0.137191 0.472494 0.0632292 0.0704718 0.016236
0 0.24698 0.405314 0.0702551 0.116222 0.016204
0 0.959726 0.276386 0.0740234 0.0574356 0.0161444
0 0.900476 0.31898 0.0914042 0.0701117 0.0161361
0 0.910851 0.303478 0.0800976 0.0604449 0.0161221
0 0.012373 0.0616887 0.0244193 0.0774121 0.0160053
0 0.779919 0.332855 0.161905 0.121068 0.0159321
0 0.20253 0.110936 0.202818 0.272203 0.0158517
0 0.583452 0.072243 0.0362322 0.0632973 0.0158151
0 0.157722 0.52923 0.0572938 0.0878974 0.0158057
0 0.667861 0.16648 0.043681 0.0823519 0.0157699
0 0.740554 0.163691 0.0792192 0.114648 0.0157231
0 0.557505 0.285502 0.14321 0.104246 0.015664
0 0.863014 0.40481 0.0522184 0.105867 0.0156578
0 0.256383 0.502869 0.0357351 0.0548597 0.0156245
0 0.638608 0.210743 0.0505704 0.0450119 0.015623
0 0.892601 0.315071 0.0664129 0.0565309 0.0156011
0 0.849621 0.38125 0.0521467 0.103841 0.0155761
0 0.690882 0.0418307 0.0290457 0.0535278 0.0155313
0 0.863708 0.443027 0.0569044 0.0969987 0.0155275
0 0.262693 0.430038 0.0345535 0.0572481 0.0154069
0 0.61126 0.0298777 0.0600142 0.0583878 0.0153947
0 0.304203 0.323131 0.104039 0.0971092 0.0153188
0 0.631616 0.0550054 0.0786213 0.0957199 0.0152828
0 0.043481 0.272832 0.0752376 0.0925577 0.0152304
0 0.991119 0.221036 0.017873 0.0732621 0.0152128
0 0.700179 0.349027 0.190612 0.115996 0.0151806
0 0.468413 0.0354614 0.0453754 0.0641698 0.015174
0 0.178129 0.876778 0.121606 0.146434 0.0150632
0 0.234263 0.211687 0.0605868 0.0706028 0.0150569
0 0.559468 0.0184054 0.0433051 0.050625 0.0150492
0 0.981839 -0.00861463 0.038175 0.050148 0.0150465
0 0.253759 0.456411 0.03578 0.0542117 0.0150211
0 0.81186 0.181193 0.0522543 0.107237 0.0150125
0 0.279606 0.173519 0.16642 0.231909 0.0149202
0 0.582613 -0.000768705 0.0414611 0.0399662 0.0149042
0 0.65202 0.0291861 0.0383166 0.0469263 0.0148898
0 0.423448 0.215763 0.117314 0.125328 0.0148791
0 0.474204 0.340654 0.0498487 0.0683083 0.0148307
0 0.367606 0.106221 0.173694 0.261628 0.0147839
0 0.236085 0.233523 0.0650436 0.0648525 0.0147785
0 0.388975 0.285524 0.0658276 0.082066 0.014754
0 0.0339129 0.0868055 0.0626217 0.16488 0.0147344
0 0.459766 0.211973 0.0312031 0.0357358 0.0147175
0 0.482771 0.109034 0.169011 0.251342 0.0147019
0 0.0405468 0.0520851 0.0764753 0.138563 0.0146814
0 0.154189 0.224726 0.0612526 0.0716143 0.0146659
0 0.469078 0.0923461 0.0243252 0.041304 0.014661
0 0.107737 0.35857 0.128638 0.0955719 0.0146075
0 0.103903 0.790006 0.131545 0.173602 0.0145649
0 0.00925081 0.788108 0.0197739 0.155549 0.014534
0 0.655262 -0.00752472 0.0553639 0.0435378 0.0145091
0 0.805842 0.386688 0.0653526 0.0971427 0.0144405
0 0.426671 0.12759 0.0387717 0.0478641 0.0144384
0 0.0584056 0.124983 0.107205 0.281556 0.0143957
0 0.434942 0.0031048 0.0634653 0.0502536 0.0143472
