0 0.378941 0.410691 0.0643518 0.0973882 0.90291
0 0.42174 0.398165 0.0250919 0.0571284 0.831495
0 0.437728 0.390884 0.0203147 0.0429793 0.808764
0 0.506964 0.39186 0.0267515 0.0359356 0.798709
0 0.409001 0.403218 0.0226619 0.0746094 0.757544
0 0.488575 0.385693 0.0142995 0.0218502 0.717611
0 0.453464 0.384756 0.0151779 0.0264421 0.606909
0 0.584323 0.385657 0.0276707 0.0320307 0.438549
0 0.452191 0.389396 0.0137571 0.0230203 0.366911
0 0.444678 0.390489 0.0123477 0.0322339 0.300836
0 0.45565 0.381382 0.0112398 0.0226317 0.294897
0 0.427815 0.399202 0.0157496 0.049035 0.290584
0 0.415572 0.404327 0.016824 0.0623306 0.284109
0 0.423531 0.400828 0.01631 0.0512878 0.274077
