0 0.515962 0.591634 0.0684403 0.0961934 0.919931
0 0.280421 0.61636 0.165442 0.171918 0.906711
0 0.40198 0.576929 0.077193 0.103966 0.904687
0 0.455192 0.560846 0.0364418 0.0682499 0.835699
0 0.0401683 0.556147 0.0803366 0.0311581 0.704295
0 0.478343 0.569273 0.0129449 0.0249903 0.554044
0 0.484469 0.566305 0.013222 0.0243008 0.52382
0 0.839876 0.541034 0.0550827 0.0343818 0.364493
0 0.475683 0.571782 0.0112078 0.022751 0.355408
0 0.862032 0.542284 0.0459618 0.0301919 0.304035
0 0.436089 0.563549 0.0110407 0.0330546 0.268781
0 0.481283 0.57062 0.0110801 0.0224275 0.261662
0 0.874351 0.542586 0.0264874 0.026437 0.251695
0 0.166666 0.56422 0.037776 0.0143743 0.250029
