0 0.601914 0.416022 0.0787864 0.168433 0.891571
0 0.5131 0.452455 0.0325275 0.0420932 0.882453
0 0.782796 0.366302 0.292806 0.502763 0.854171
0 0.556987 0.449341 0.019597 0.0332653 0.81935
0 0.312653 0.438687 0.0294381 0.0246453 0.590538
0 0.484679 0.419536 0.0321313 0.0870797 0.590255
0 0.128214 0.351608 0.250196 0.291175 0.51504
0 0.286591 0.438553 0.0205663 0.0175381 0.352601
0 0.318615 0.434011 0.0398775 0.0308207 0.33
0 0.322335 0.424862 0.0336534 0.0277403 0.31788
0 0.17595 0.35586 0.159589 0.273813 0.290319
0 0.504695 0.430868 0.0124305 0.0195962 0.281171
0 0.366038 0.435617 0.02256 0.0314009 0.265472
0 0.388544 0.436966 0.0244169 0.0269999 0.257356
