0 0.647007 0.468417 0.177633 0.242745 0.917315
0 0.459711 0.459998 0.056823 0.0912618 0.899595
0 0.389876 0.456191 0.0346552 0.0368571 0.893377
0 0.0385111 0.504704 0.0770222 0.119642 0.867566
0 0.805113 0.353584 0.37126 0.364186 0.835583
0 0.21241 0.465659 0.0268965 0.0252358 0.820551
0 0.659367 0.325321 0.0762424 0.0647619 0.519874
0 0.103525 0.475609 0.0253217 0.020836 0.454392
0 0.158281 0.470977 0.0187847 0.022768 0.447136
0 0.412221 0.438979 0.0154408 0.0163062 0.384327
0 0.278936 0.456913 0.0147789 0.0154534 0.380474
0 0.138254 0.473066 0.0140181 0.0188677 0.357985
0 0.122087 0.473842 0.014839 0.0179145 0.330132
0 0.42996 0.440792 0.0126058 0.0170495 0.322972
0 0.247186 0.457653 0.0175776 0.0199382 0.317943
0 0.0949833 0.476176 0.0180922 0.0189926 0.314017
0 0.286287 0.455025 0.0227122 0.0187127 0.25133
