0 0.277002 0.459682 0.0574707 0.0610479 0.931157
0 0.578074 0.45562 0.0299847 0.0421855 0.929637
0 0.341123 0.448635 0.0378658 0.0469035 0.928121
0 0.467875 0.472311 0.0805221 0.127431 0.921215
0 0.679452 0.497572 0.163621 0.174725 0.91835
0 0.121442 0.487183 0.213084 0.146496 0.911088
0 0.515585 0.434307 0.0367828 0.0757551 0.909803
0 0.762009 0.483823 0.0615453 0.0998652 0.908628
0 0.379324 0.447097 0.0397174 0.0408317 0.903034
0 0.542123 0.464472 0.0529723 0.0651866 0.886566
0 0.21847 0.463186 0.04534 0.0749412 0.814267
0 0.402033 0.444339 0.01594 0.0268273 0.663242
0 0.414259 0.446185 0.0134088 0.0182556 0.597053
0 0.427831 0.444688 0.0123252 0.0170008 0.456021
0 0.424192 0.446759 0.0114738 0.0169174 0.435585
0 0.535916 0.398826 0.0329557 0.0688653 0.345419
0 0.420573 0.445783 0.0104419 0.0175478 0.322537
0 0.430096 0.444865 0.00908785 0.0147403 0.315066
0 0.432959 0.444757 0.00888338 0.0163942 0.3146
