0 0.552093 0.422027 0.0469331 0.0655667 0.852019
0 0.910109 0.313761 0.178851 0.627522 0.840593
0 0.727448 0.414296 0.099044 0.0746986 0.822331
0 0.667592 0.416093 0.0473691 0.0480226 0.805354
0 0.481746 0.408458 0.0141434 0.0233054 0.792264
0 0.352126 0.420642 0.0219244 0.0291234 0.768459
0 0.290875 0.424793 0.038536 0.0432551 0.737576
0 0.616842 0.412442 0.0454873 0.0517646 0.718569
0 0.371451 0.417785 0.0185498 0.0230267 0.712725
0 0.461878 0.409918 0.0119237 0.0195335 0.691226
0 0.382355 0.41447 0.0135787 0.0203013 0.65152
0 0.258462 0.433237 0.04743 0.0468875 0.605828
0 0.580636 0.395511 0.0369369 0.0502138 0.603999
0 0.316837 0.42417 0.024917 0.0301437 0.577931
0 0.328035 0.422775 0.0186373 0.0269504 0.549836
0 0.469065 0.395854 0.00925035 0.0160346 0.530583
0 0.395147 0.409404 0.0146949 0.0214252 0.517123
0 0.492277 0.395108 0.0105955 0.0189979 0.481415
0 0.392281 0.411788 0.0145263 0.0212062 0.473469
0 0.491261 0.391427 0.0111961 0.0210231 0.465555
0 0.531387 0.40605 0.0139115 0.0252074 0.457039
0 0.46576 0.394892 0.0118387 0.0176834 0.436116
0 0.637588 0.416626 0.041049 0.04431 0.431764
0 0.517151 0.403116 0.0110579 0.0172073 0.423687
0 0.438078 0.40146 0.0105831 0.0144521 0.39718
0 0.455045 0.395951 0.0101564 0.013563 0.371652
0 0.507856 0.399915 0.0109502 0.0156364 0.368489
0 0.398182 0.410304 0.0121306 0.0199287 0.345975
0 0.51352 0.402103 0.0113076 0.0176264 0.337795
0 0.522218 0.40347 0.0124072 0.0205843 0.337284
0 0.52458 0.406247 0.0113243 0.0202457 0.333235
0 0.58423 0.409914 0.0289816 0.0306927 0.311214
0 0.510381 0.401589 0.0105015 0.0155974 0.309418
0 0.387157 0.411925 0.0133407 0.0203963 0.30244
0 0.502663 0.39774 0.0100927 0.0168952 0.296421
0 0.500757 0.39808 0.0095088 0.0136798 0.293053
0 0.439701 0.399603 0.00897322 0.0131037 0.284979
0 0.332942 0.418769 0.0173593 0.0245066 0.280974
0 0.409838 0.407798 0.0116073 0.0163267 0.278734
0 0.442055 0.399384 0.00882187 0.0127416 0.273912
0 0.471524 0.398043 0.0094039 0.0151362 0.26077
0 0.452075 0.401353 0.0103765 0.0142966 0.255538
