0 0.293103 0.593985 0.0419173 0.0518819 0.890417
0 0.317459 0.590078 0.0246469 0.045538 0.887945
0 0.11336 0.73464 0.226692 0.355218 0.882408
0 0.353675 0.585497 0.0250328 0.0376911 0.874422
0 0.511304 0.591865 0.0211683 0.0310328 0.837628
0 0.335178 0.591251 0.0188128 0.032274 0.810773
0 0.345985 0.589773 0.0182139 0.0321591 0.78563
0 0.559906 0.602127 0.0304438 0.0514854 0.77288
0 0.586951 0.605512 0.0506368 0.0535936 0.737903
0 0.497014 0.590563 0.0148836 0.0241996 0.708806
0 0.422526 0.583271 0.0141303 0.0240506 0.568518
0 0.40016 0.587491 0.0154203 0.0188978 0.56231
0 0.456441 0.586666 0.01923 0.0246906 0.476728
0 0.440628 0.586577 0.0115975 0.0171288 0.423419
0 0.473782 0.587609 0.0121383 0.0166197 0.409289
0 0.0226445 0.568228 0.0444978 0.039437 0.401531
0 0.160766 0.564957 0.035421 0.0294983 0.395077
0 0.41206 0.588592 0.0101088 0.0154587 0.390796
0 0.488637 0.590975 0.0105371 0.0179035 0.379312
0 0.491703 0.591066 0.0116282 0.019732 0.367339
0 0.484298 0.589538 0.00940723 0.0160726 0.36623
0 0.0657924 0.546224 0.053366 0.0267846 0.351991
0 0.478799 0.588447 0.011609 0.0168232 0.326467
0 0.44354 0.586827 0.0103244 0.0169888 0.31019
0 0.137859 0.560095 0.081739 0.0394118 0.309687
0 0.102922 0.54433 0.0239201 0.0228855 0.299268
0 0.102074 0.553191 0.103211 0.0409566 0.296713
0 0.485722 0.590461 0.0111506 0.020566 0.283809
0 0.117794 0.547983 0.0542423 0.0320908 0.277262
0 0.415592 0.585869 0.0112539 0.0194706 0.276063
0 0.0988789 0.555341 0.144455 0.05066 0.259454
