0 0.488312 0.439844 0.137957 0.331125 0.938484
0 0.399973 0.484147 0.0475372 0.0884608 0.898744
0 0.143491 0.498031 0.217914 0.207014 0.897881
0 0.685136 0.590115 0.181742 0.19723 0.896026
0 0.246982 0.399535 0.185176 0.293612 0.878589
0 0.882355 0.574646 0.235289 0.279083 0.867533
0 0.612287 0.528858 0.0425986 0.0619458 0.849435
0 0.566758 0.484041 0.0407231 0.145245 0.830103
0 0.345904 0.47805 0.035987 0.0948761 0.786508
0 0.5968 0.506254 0.0301074 0.064808 0.593681
0 0.376693 0.489346 0.0102072 0.051375 0.371137
0 0.377863 0.48591 0.0155076 0.0652873 0.262618
