0 0.425659 0.720303 0.103335 0.0736247 0.948261
0 0.356332 0.718038 0.0668224 0.0750403 0.94563
0 0.80137 0.736261 0.0599584 0.0771428 0.93672
0 0.919706 0.802393 0.160589 0.225931 0.914996
0 0.696166 0.725232 0.0206149 0.0312291 0.894364
0 0.254767 0.720084 0.1436 0.127389 0.891549
0 0.65766 0.724846 0.0479118 0.0730394 0.841328
0 0.505731 0.714592 0.0279227 0.0370731 0.80327
0 0.526602 0.715703 0.0224678 0.0267383 0.696198
0 0.59286 0.712243 0.0224602 0.0220839 0.595463
0 0.621386 0.714946 0.0125902 0.0152622 0.5952
0 0.609247 0.715006 0.0118072 0.0148638 0.560879
0 0.681964 0.719792 0.0106512 0.0242672 0.469226
0 0.631025 0.714377 0.0103987 0.0146712 0.44173
0 0.57583 0.7149 0.0124645 0.0164352 0.365603
0 0.578452 0.713569 0.0151479 0.0193968 0.334421
0 0.627436 0.714032 0.0124302 0.0149948 0.323956
0 0.633555 0.713661 0.00883417 0.0143221 0.3106
0 0.558716 0.704475 0.0211555 0.0402617 0.31052
0 0.582687 0.713685 0.0134461 0.0176904 0.301666
0 0.653195 0.676153 0.0347931 0.0493712 0.294952
0 0.599595 0.714988 0.0121761 0.0156219 0.282289
0 0.618893 0.716123 0.0115492 0.0158154 0.272158
