0 0.23653 0.36336 0.173363 0.197283 0.901791
0 0.351301 0.29499 0.0172728 0.0234758 0.837778
0 0.434405 0.289742 0.0152251 0.0244144 0.69625
0 0.292046 0.281109 0.0924585 0.0855306 0.634924
0 0.460323 0.29007 0.0135856 0.0195101 0.569701
0 0.129865 0.314296 0.0362415 0.0324768 0.524593
0 0.471593 0.291464 0.0111541 0.0177721 0.517953
0 0.493806 0.288841 0.0132703 0.0190149 0.497589
0 0.156338 0.306927 0.028273 0.0373034 0.4854
0 0.819437 0.2566 0.0470993 0.061181 0.458031
0 0.84709 0.255731 0.0537762 0.0660973 0.444292
0 0.871422 0.257831 0.0571085 0.0708181 0.436982
0 0.975292 0.255362 0.0494165 0.0834352 0.414995
0 0.541877 0.277031 0.045656 0.0422958 0.407909
0 0.915296 0.25563 0.0851423 0.0748929 0.394786
0 0.427925 0.284999 0.0131108 0.0218111 0.389925
0 0.416336 0.285145 0.0137417 0.0192995 0.388442
0 0.956367 0.255358 0.0867336 0.0788521 0.354936
0 0.446119 0.288444 0.0138009 0.020095 0.349005
0 0.811341 0.263843 0.0607098 0.0706544 0.345326
0 0.737118 0.254398 0.0236748 0.0727092 0.33234
0 0.799513 0.266917 0.0363451 0.0542233 0.319622
0 0.78256 0.273554 0.0462685 0.0464855 0.309402
0 0.314716 0.283328 0.045324 0.0739794 0.30332
0 0.765659 0.258229 0.0852855 0.0810091 0.293903
0 0.893476 0.259458 0.0865141 0.077928 0.290524
0 0.413868 0.286446 0.0117049 0.0178689 0.287044
0 0.422985 0.285148 0.00960493 0.0158984 0.283085
0 0.134159 0.305219 0.0446677 0.044868 0.282086
0 0.386571 0.294793 0.0143905 0.0176901 0.28096
0 0.420536 0.285586 0.0124698 0.0185377 0.27117
0 0.68673 0.271194 0.112004 0.0904425 0.261298
0 0.775005 0.26695 0.0612964 0.0579434 0.250117
