0 0.110475 0.602604 0.15927 0.171271 0.94874
0 0.567416 0.585437 0.0819559 0.11689 0.945246
0 0.268368 0.577084 0.0494083 0.0914841 0.932523
0 0.642517 0.611616 0.139072 0.193489 0.929526
0 0.295622 0.558754 0.0614874 0.0980031 0.912665
0 0.202538 0.573023 0.101488 0.144474 0.906421
0 0.824746 0.631286 0.350395 0.396503 0.877845
0 0.391005 0.556632 0.017719 0.0308609 0.845007
0 0.339784 0.559729 0.026285 0.0601496 0.843507
0 0.365515 0.560503 0.0193587 0.0422424 0.841072
0 0.374022 0.557197 0.024088 0.0426192 0.832374
0 0.479397 0.555913 0.0133694 0.031061 0.822578
0 0.536361 0.570519 0.0482366 0.0974928 0.822459
0 0.48726 0.559518 0.0156034 0.0382706 0.807221
0 0.355292 0.561827 0.018032 0.045942 0.776048
0 0.405118 0.55192 0.0146321 0.0264021 0.751011
0 0.948772 0.76079 0.102456 0.176536 0.742017
0 0.502881 0.561948 0.0278986 0.0556985 0.736221
0 0.51254 0.566805 0.0251509 0.0667223 0.730715
0 0.0186691 0.598907 0.0373381 0.249752 0.684794
0 0.329251 0.56303 0.0204765 0.0672212 0.680324
0 0.418224 0.550605 0.0126047 0.020418 0.600011
0 0.47198 0.551603 0.0111201 0.0233536 0.590456
0 0.430897 0.552945 0.0168071 0.0218489 0.52248
0 0.45228 0.548847 0.011584 0.0170222 0.468742
0 0.401782 0.55362 0.0134065 0.0269757 0.383232
0 0.47698 0.556499 0.0112463 0.0264508 0.37777
0 0.398328 0.554283 0.013993 0.0271895 0.374928
0 0.442487 0.548594 0.0104117 0.0160311 0.348937
0 0.490837 0.561248 0.0165432 0.0424725 0.34163
0 0.464372 0.549258 0.0102845 0.0168238 0.337596
0 0.461926 0.546924 0.0114184 0.0187888 0.337299
0 0.415112 0.551164 0.0124172 0.0230291 0.324918
0 0.44938 0.549377 0.0107329 0.0160329 0.307554
0 0.458216 0.548096 0.0112803 0.0167796 0.296592
0 0.467486 0.550289 0.0106296 0.0233565 0.288182
0 0.483 0.560152 0.0135927 0.0346661 0.286157
0 0.473228 0.556175 0.0110911 0.023427 0.279604
0 0.379585 0.557952 0.0173943 0.037283 0.278927
0 0.41144 0.554553 0.0111534 0.0216866 0.262653
