0 0.526511 0.641536 0.0858235 0.134323 0.95566
0 0.242985 0.620569 0.0773107 0.0899292 0.936418
0 0.106344 0.656964 0.0995742 0.115468 0.92713
0 0.304366 0.615355 0.0550455 0.0614051 0.904114
0 0.165386 0.62706 0.0834509 0.0923462 0.901271
0 0.773946 0.647876 0.131791 0.14101 0.900427
0 0.0322615 0.669039 0.0643778 0.173912 0.87474
0 0.349721 0.601956 0.0437891 0.0583169 0.863347
0 0.678163 0.628376 0.109491 0.100125 0.852839
0 0.387166 0.596355 0.0260028 0.0401798 0.851657
0 0.406051 0.595484 0.0226054 0.0358031 0.851029
0 0.420447 0.589651 0.0183647 0.0330182 0.780116
0 0.614561 0.587721 0.0263768 0.0302612 0.748968
0 0.466152 0.583249 0.0157655 0.0233599 0.722566
0 0.452465 0.585972 0.0185973 0.0240261 0.706369
0 0.374092 0.599626 0.0203941 0.0398758 0.672806
0 0.589559 0.583442 0.0178807 0.0234229 0.623313
0 0.557907 0.5756 0.0150964 0.0196565 0.548276
0 0.47947 0.581002 0.0136978 0.0210261 0.504208
0 0.533357 0.570826 0.0228108 0.016118 0.502908
0 0.491301 0.578108 0.0169035 0.0207148 0.501885
0 0.573722 0.578066 0.0168558 0.0208394 0.49768
0 0.436996 0.587256 0.012637 0.0246964 0.448063
0 0.458267 0.585335 0.0150766 0.0230055 0.376294
0 0.474246 0.585653 0.0121551 0.0193541 0.375699
0 0.471506 0.586256 0.0119275 0.0190772 0.342219
0 0.428601 0.587179 0.0149957 0.0295985 0.340005
0 0.476383 0.580463 0.0122005 0.02097 0.334339
0 0.433134 0.587439 0.0133086 0.0262158 0.319764
0 0.448053 0.586074 0.0139706 0.0221605 0.310925
0 0.47808 0.574128 0.0146463 0.0243505 0.309324
0 0.44216 0.584945 0.0130984 0.0241701 0.295078
0 0.424186 0.586345 0.0199919 0.0300006 0.28797
0 0.576236 0.581218 0.0169434 0.0227463 0.273427
0 0.471938 0.579739 0.0126832 0.021943 0.272791
0 0.56395 0.576414 0.0149604 0.0183455 0.272587
0 0.485409 0.579006 0.0129584 0.01944 0.266518
