0 0.716486 0.763319 0.125206 0.200268 0.880946
0 0.37602 0.797258 0.102634 0.0783402 0.85242
0 0.886346 0.768153 0.0888651 0.0803972 0.797045
0 0.654358 0.74841 0.091537 0.166598 0.751321
0 0.431374 0.78804 0.0220193 0.0216448 0.627655
0 0.271776 0.8014 0.0310557 0.0203261 0.552544
0 0.611457 0.784118 0.0158628 0.0470228 0.466584
0 0.0105905 0.807569 0.021181 0.0386115 0.435451
0 0.815642 0.78058 0.0595291 0.0586543 0.4281
0 0.789319 0.786425 0.0411764 0.0636603 0.426478
0 0.492966 0.775493 0.0142164 0.0183414 0.401421
0 0.242828 0.796092 0.0437283 0.0329661 0.385791
0 0.529175 0.775274 0.0163082 0.0176805 0.358339
0 0.202142 0.79806 0.0582626 0.0418986 0.357352
0 0.509672 0.777227 0.0269602 0.0218784 0.354538
0 0.54754 0.770748 0.0136533 0.0176478 0.331454
0 0.41395 0.778241 0.0189102 0.0300125 0.326447
0 0.536961 0.773567 0.0119451 0.0164649 0.312138
0 0.780739 0.789524 0.0321065 0.0737529 0.30701
0 0.835918 0.774493 0.0228979 0.0415948 0.295536
0 0.556918 0.771163 0.0137678 0.0164987 0.293937
0 0.521275 0.775935 0.013595 0.0186964 0.281699
0 0.566338 0.770322 0.0150137 0.0174293 0.277344
0 0.780355 0.766107 0.031451 0.0369292 0.27707
0 0.43449 0.786892 0.015882 0.0173418 0.273584
0 0.533434 0.77481 0.0129992 0.0162732 0.255029
0 0.609365 0.778386 0.0112246 0.0341522 0.25429
0 0.562759 0.771729 0.0144069 0.0161635 0.252293
