0 0.388044 0.350694 0.0568971 0.0872589 0.931807
0 0.349818 0.34685 0.0315368 0.0425452 0.896947
0 0.298162 0.353056 0.0425541 0.0613417 0.839146
0 0.200097 0.33075 0.0227393 0.032198 0.834461
0 0.228799 0.330762 0.0199698 0.0250247 0.812067
0 0.276727 0.335713 0.0148284 0.0255614 0.709921
0 0.316821 0.345129 0.0119094 0.0396905 0.51484
0 0.184163 0.326669 0.012241 0.0168763 0.493022
0 0.252569 0.328465 0.0126942 0.0156031 0.483296
0 0.243562 0.327003 0.0103941 0.0152773 0.339893
0 0.218372 0.314769 0.0160379 0.0235038 0.334956
0 0.255938 0.3282 0.0120202 0.0146364 0.31239
0 0.237249 0.327705 0.00993643 0.016859 0.303617
0 0.241157 0.32613 0.00939736 0.0156844 0.297749
0 0.218685 0.30678 0.0225466 0.0361617 0.294215
0 0.310526 0.349098 0.0212567 0.0509189 0.260489
0 0.166633 0.338118 0.0287116 0.0232118 0.2556
