0 0.0876862 0.544489 0.122571 0.114484 0.925603
0 0.61002 0.543223 0.110008 0.159253 0.919736
0 0.223174 0.530282 0.0643935 0.0692985 0.912455
0 0.432378 0.525689 0.0559641 0.0851876 0.907046
0 0.496767 0.510158 0.0232553 0.0328966 0.903877
0 0.463488 0.511479 0.0174286 0.0275864 0.887528
0 0.415438 0.485067 0.0431852 0.0987389 0.878462
0 0.150959 0.49754 0.0871856 0.119441 0.860161
0 0.291093 0.502137 0.0571724 0.0738668 0.82879
0 0.0359611 0.530596 0.0717056 0.0960283 0.826109
0 0.332306 0.513109 0.0145321 0.0196391 0.77115
0 0.360307 0.50945 0.0142591 0.0202798 0.74512
0 0.346484 0.512395 0.0161965 0.0236845 0.740223
0 0.530375 0.512358 0.0181335 0.0243479 0.725161
0 0.9812 0.502482 0.0375994 0.101186 0.65448
0 0.260937 0.522034 0.0201015 0.0293079 0.615139
0 0.879948 0.515305 0.102527 0.0733539 0.580333
0 0.55595 0.514284 0.0206161 0.0352268 0.560388
0 0.52102 0.508199 0.0144793 0.0236155 0.492546
0 0.480165 0.507549 0.0110332 0.0156169 0.394416
0 0.473208 0.508213 0.00964441 0.0166044 0.379061
0 0.858907 0.516347 0.0786333 0.0678428 0.364994
0 0.482509 0.506862 0.00914993 0.0142317 0.314876
0 0.512577 0.507791 0.0113575 0.0219838 0.308455
0 0.525283 0.509712 0.01675 0.0241621 0.292605
0 0.47662 0.507444 0.0107434 0.0167809 0.291143
0 0.356582 0.509002 0.0115828 0.018497 0.282884
0 0.370149 0.510538 0.0105847 0.0163293 0.261955
0 0.375725 0.5093 0.011841 0.0162086 0.259685
0 0.364853 0.510458 0.0118654 0.0183273 0.255094
