0 0.387097 0.344764 0.0472412 0.0604694 0.854762
0 0.454704 0.336041 0.0373619 0.0516985 0.820534
0 0.409858 0.337349 0.0252033 0.0463233 0.773545
0 0.435627 0.316201 0.0153636 0.0254099 0.616431
0 0.461202 0.300274 0.0185583 0.0271517 0.579766
0 0.420095 0.270822 0.0103954 0.0161064 0.52723
0 0.434391 0.269767 0.0105053 0.0158113 0.502682
0 0.419874 0.312572 0.0192216 0.0327557 0.49704
0 0.421696 0.275197 0.0111048 0.0192761 0.449211
0 0.411775 0.310554 0.0243473 0.0296635 0.435642
0 0.4331 0.266802 0.00999956 0.0156946 0.420472
0 0.454797 0.261649 0.0102969 0.0172714 0.343064
0 0.455052 0.267904 0.0129026 0.0188591 0.323393
0 0.444417 0.29473 0.0120537 0.0172859 0.290035
0 0.45616 0.277511 0.0114748 0.0158147 0.275698
0 0.445203 0.271624 0.0112247 0.0150657 0.271808
0 0.460488 0.286658 0.014476 0.0257772 0.270317
0 0.415062 0.288562 0.0166442 0.0205596 0.267753
0 0.421932 0.268383 0.00842257 0.0128471 0.258098
0 0.408294 0.304714 0.0212497 0.0184093 0.256692
0 0.457388 0.280689 0.0124498 0.0183683 0.250973
