0 0.69682 0.523811 0.185165 0.254418 0.906583
0 0.501404 0.454723 0.0868846 0.114435 0.899777
0 0.561841 0.441023 0.0380635 0.0699866 0.893446
0 0.542234 0.449988 0.0312997 0.0833296 0.890399
0 0.135201 0.526583 0.270122 0.667235 0.871407
0 0.31957 0.478656 0.269897 0.309926 0.8643
0 0.920454 0.636204 0.158253 0.415046 0.815624
0 0.598492 0.428808 0.0259636 0.0349087 0.802001
0 0.842076 0.485487 0.0996965 0.132212 0.781623
0 0.622512 0.436019 0.0251622 0.0571606 0.688032
0 0.740271 0.406442 0.0359114 0.0276771 0.404854
0 0.741528 0.413377 0.0401833 0.0432297 0.344998
0 0.608086 0.414588 0.0201758 0.0257826 0.316462
0 0.771325 0.423167 0.0255493 0.0408374 0.27682
0 0.788485 0.442448 0.0356995 0.0416046 0.272005
