0 0.695023 0.444526 0.0705819 0.0997479 0.855063
0 0.584574 0.432782 0.0162681 0.0246782 0.710447
0 0.654891 0.44419 0.0297629 0.0759149 0.644614
0 0.635067 0.437925 0.0281465 0.0637733 0.596081
0 0.564538 0.431725 0.017747 0.0252045 0.526887
0 0.948344 0.63437 0.103312 0.279873 0.512623
0 0.616515 0.437525 0.023539 0.0442344 0.512118
0 0.6107 0.435921 0.0184927 0.0370507 0.485166
0 0.604196 0.43232 0.0114882 0.0263494 0.484084
0 0.596063 0.428368 0.0104741 0.01919 0.45476
0 0.532284 0.436849 0.0319415 0.0669825 0.42834
0 0.558821 0.436021 0.0196777 0.0349509 0.402887
0 0.546451 0.436463 0.0186184 0.0445017 0.401502
0 0.929522 0.475848 0.0718964 0.0975537 0.334257
0 0.567103 0.429208 0.0130449 0.0180951 0.309069
0 0.60093 0.428825 0.0102576 0.0211712 0.307717
0 0.606441 0.433206 0.0130461 0.0310611 0.293319
0 0.627564 0.441063 0.0329822 0.059259 0.283825
0 0.555136 0.435195 0.0139497 0.0312904 0.262134
0 0.559106 0.433371 0.0132179 0.0265554 0.257388
0 0.588807 0.430112 0.0120489 0.0188068 0.255675
0 0.572614 0.430698 0.0120335 0.0195289 0.254758
