0 0.328478 0.447803 0.0761044 0.100629 0.931436
0 0.196712 0.478958 0.185169 0.194028 0.919191
0 0.356562 0.433945 0.0680698 0.10119 0.902234
0 0.297494 0.4691 0.0717189 0.1073 0.898624
0 0.627272 0.413477 0.102703 0.243573 0.897778
0 0.794895 0.404002 0.311063 0.432683 0.886723
0 0.0809845 0.57046 0.161969 0.33786 0.883597
0 0.511214 0.417152 0.0335581 0.0670427 0.728471
0 0.394895 0.433452 0.0277715 0.0644294 0.657033
0 0.395967 0.409457 0.0441067 0.0932164 0.626937
0 0.462963 0.424931 0.0134794 0.0208923 0.621487
0 0.420893 0.431039 0.0144428 0.0308904 0.596702
0 0.965222 0.469924 0.0689943 0.663042 0.571676
0 0.484591 0.424593 0.0127036 0.021629 0.532733
0 0.487637 0.425779 0.0129313 0.022993 0.504474
0 0.520018 0.434211 0.0228988 0.0430584 0.501138
0 0.437292 0.42571 0.0131879 0.0222582 0.488551
0 0.446956 0.421076 0.0110143 0.0190528 0.468543
0 0.433475 0.423302 0.0163996 0.0292791 0.441289
0 0.551787 0.432815 0.0466476 0.0857435 0.406205
0 0.476408 0.423874 0.00923214 0.0175373 0.343216
0 0.478764 0.422519 0.011086 0.0201808 0.338239
0 0.476576 0.418744 0.010472 0.0206451 0.333715
0 0.432975 0.41251 0.0204923 0.0484441 0.323773
0 0.475019 0.421209 0.00972462 0.019322 0.315646
0 0.492023 0.42322 0.00986032 0.0263158 0.307659
0 0.441294 0.424631 0.0109861 0.0203868 0.30058
0 0.564354 0.434389 0.0445064 0.0856808 0.300277
0 0.432939 0.427552 0.0130283 0.0238885 0.294683
0 0.494137 0.427183 0.0111058 0.0270847 0.276071
0 0.498345 0.420787 0.0158845 0.0371023 0.275137
0 0.482104 0.423285 0.0108716 0.0239344 0.269079
0 0.448863 0.422773 0.00997438 0.0202554 0.267772
0 0.414441 0.436127 0.0138102 0.0354685 0.26251
0 0.472684 0.42297 0.00826063 0.0156798 0.260128
0 0.427114 0.429325 0.0125124 0.025708 0.258071
0 0.504986 0.42146 0.0214913 0.0453308 0.256544
