0 0.283886 0.686428 0.291562 0.263004 0.936358
0 0.534164 0.603972 0.0955484 0.113268 0.914931
0 0.483145 0.552786 0.0403579 0.0412194 0.904748
0 0.0831808 0.579081 0.153721 0.122102 0.901551
0 0.790535 0.751532 0.418931 0.488687 0.887298
0 0.436921 0.56336 0.0671757 0.0423194 0.886542
0 0.589019 0.572198 0.0622343 0.0900586 0.867959
0 0.0822138 0.846821 0.164428 0.306359 0.852998
0 0.230559 0.579509 0.115051 0.08247 0.836632
0 0.968789 0.676785 0.0622911 0.208092 0.718314
0 0.741255 0.492171 0.0122042 0.0182605 0.561933
0 0.629232 0.557552 0.0258517 0.0671544 0.540731
0 0.775547 0.499454 0.0124994 0.0173784 0.50864
0 0.730705 0.490147 0.0115783 0.0168282 0.467917
0 0.765994 0.489405 0.0112974 0.0157515 0.462524
0 0.5908 0.522215 0.0188128 0.0149414 0.445551
0 0.695342 0.438476 0.0253852 0.0178904 0.445513
0 0.716789 0.49665 0.0136523 0.0176093 0.445468
0 0.529232 0.543398 0.0315007 0.0195329 0.436848
0 0.759611 0.432538 0.0246837 0.0174881 0.426242
0 0.753763 0.490284 0.0105161 0.0149302 0.424688
0 0.552592 0.54057 0.0161518 0.0184343 0.408414
0 0.618404 0.560177 0.0170198 0.0514504 0.403359
0 0.731893 0.500476 0.0119133 0.0147819 0.39746
0 0.717923 0.435569 0.0223793 0.0153288 0.387107
0 0.731952 0.496239 0.0124478 0.0167625 0.368098
0 0.750248 0.49423 0.011471 0.0147827 0.362291
0 0.655195 0.520144 0.0234816 0.0207135 0.342069
0 0.712352 0.498011 0.0215962 0.0195457 0.327127
0 0.717991 0.440748 0.020353 0.0149061 0.324815
0 0.721125 0.437622 0.0245427 0.0142819 0.317849
0 0.726762 0.501058 0.0140804 0.015378 0.317191
0 0.633816 0.522746 0.0235899 0.0260418 0.315177
0 0.858581 0.503885 0.074358 0.0349231 0.311525
0 0.716514 0.50062 0.0124267 0.0144199 0.303538
0 0.615593 0.536136 0.0171727 0.0282847 0.300377
0 0.635328 0.517613 0.0246449 0.0209547 0.298839
0 0.787499 0.434118 0.0169586 0.015616 0.296622
0 0.737047 0.446362 0.017569 0.0139111 0.294425
0 0.822277 0.428224 0.0187132 0.0184199 0.29224
0 0.815055 0.429475 0.0247675 0.0182561 0.288876
0 0.740696 0.496757 0.0118252 0.015301 0.288532
0 0.613145 0.538674 0.0153401 0.02223 0.279427
0 0.755428 0.493055 0.0106253 0.014543 0.278844
0 0.83649 0.427882 0.0387075 0.021701 0.275621
0 0.641433 0.442598 0.0236407 0.0189648 0.268832
0 0.615351 0.544805 0.0144891 0.0250154 0.264871
0 0.699216 0.436494 0.0220738 0.0165453 0.261625
0 0.761237 0.437209 0.0247474 0.023829 0.261583
0 0.615387 0.554129 0.0157694 0.0394665 0.261286
0 0.00800419 0.63143 0.0133807 0.0519389 0.256953
0 0.613182 0.44922 0.0198358 0.0138446 0.252483
