0 0.483576 0.567347 0.0814473 0.107243 0.904697
0 0.756832 0.546122 0.114361 0.137468 0.900906
0 0.66383 0.552194 0.0238733 0.0474255 0.887044
0 0.545416 0.551118 0.0260772 0.0552087 0.862805
0 0.520098 0.555846 0.0352978 0.0901981 0.82501
0 0.646603 0.548546 0.0202397 0.0354826 0.818183
0 0.68888 0.557569 0.0252373 0.0697381 0.791569
0 0.676387 0.555086 0.0204834 0.0575421 0.765043
0 0.565613 0.545134 0.0164705 0.0395499 0.731965
0 0.575791 0.543308 0.0121654 0.0260878 0.683888
0 0.625362 0.535094 0.0210425 0.0374139 0.65002
0 0.541395 0.557169 0.0203527 0.0539325 0.636438
0 0.63606 0.54685 0.0134669 0.0313261 0.537146
0 0.590462 0.538701 0.0138322 0.0206729 0.440507
0 0.70243 0.548829 0.0248755 0.0958725 0.421141
0 0.579211 0.542374 0.0117078 0.0222772 0.332784
0 0.569788 0.54434 0.0130749 0.0320889 0.32756
0 0.710594 0.542234 0.038465 0.116418 0.326685
0 0.604691 0.530122 0.0136325 0.0258604 0.31103
0 0.928084 0.613279 0.143831 0.211742 0.306695
0 0.584282 0.540527 0.0122863 0.0225895 0.297268
0 0.887641 0.613604 0.0654818 0.173123 0.257529
0 0.0242483 0.324992 0.0483599 0.176887 0.256057
