0 0.154637 0.5607 0.0469728 0.0555591 0.910581
0 0.223173 0.563879 0.0448926 0.068485 0.889535
0 0.189849 0.552865 0.0306327 0.0421227 0.88559
0 0.262737 0.556954 0.0181288 0.0287209 0.866898
0 0.247234 0.560933 0.0168471 0.0367733 0.77354
0 0.284636 0.557502 0.0162112 0.0226851 0.718755
0 0.306279 0.54453 0.0216546 0.0413876 0.575843
0 0.272913 0.552473 0.0112223 0.021158 0.460951
0 0.275889 0.555283 0.010982 0.0195073 0.336972
0 0.296762 0.559247 0.010351 0.0180184 0.331553
0 0.289803 0.553537 0.0126693 0.0212465 0.256725
