0 0.491531 0.309623 0.033191 0.0502537 0.927063
0 0.349231 0.319266 0.0639865 0.0727694 0.921793
0 0.453082 0.312036 0.0510307 0.0727793 0.897631
0 0.535657 0.312759 0.0391881 0.0612971 0.880722
0 0.125114 0.366909 0.249912 0.307143 0.880488
0 0.560618 0.310827 0.0127819 0.018252 0.568026
0 0.650673 0.313013 0.0210661 0.0164015 0.459456
0 0.626921 0.306634 0.0138985 0.0157967 0.394986
0 0.775783 0.283705 0.0117203 0.0152131 0.362117
0 0.787834 0.278017 0.0102443 0.0135366 0.328161
0 0.770423 0.284491 0.0139457 0.0166454 0.322591
0 0.611502 0.309091 0.0121601 0.0135635 0.311235
0 0.774321 0.286184 0.0127643 0.0156433 0.297715
0 0.512474 0.305768 0.0152568 0.0276107 0.295871
0 0.648031 0.311567 0.0274341 0.0229339 0.295776
0 0.652418 0.313929 0.0147676 0.0136939 0.294332
0 0.755889 0.287469 0.0147176 0.0142993 0.294176
0 0.557669 0.310794 0.0097991 0.0156867 0.286852
0 0.766994 0.283799 0.0108376 0.0150063 0.284806
0 0.77318 0.283167 0.015033 0.0181464 0.266419
0 0.641457 0.311662 0.0150205 0.0165083 0.260384
0 0.581243 0.306442 0.014775 0.0176195 0.260357
0 0.759698 0.286011 0.013238 0.0141411 0.253147
0 0.571035 0.308034 0.00944786 0.0150171 0.252637
