0 0.586151 0.581024 0.061685 0.092412 0.923092
0 0.551865 0.571678 0.0233949 0.0503825 0.896451
0 0.423361 0.56765 0.0460423 0.0690796 0.880959
0 0.464721 0.549305 0.023766 0.0387977 0.874301
0 0.538786 0.561561 0.01985 0.0386158 0.84382
0 0.499795 0.555679 0.0151906 0.0243437 0.782578
0 0.457325 0.558834 0.0170887 0.0363152 0.772668
0 0.447053 0.565785 0.0179758 0.0463355 0.724234
0 0.479513 0.548856 0.0125941 0.0313897 0.691921
0 0.519403 0.558192 0.0135597 0.0233071 0.539216
0 0.527187 0.557425 0.0122464 0.0268285 0.521543
0 0.487393 0.553529 0.00956631 0.0219421 0.384577
0 0.483639 0.55134 0.013547 0.0287884 0.371329
0 0.530949 0.557427 0.0143207 0.0305154 0.364701
0 0.53476 0.558604 0.0159386 0.0339264 0.336081
0 0.523897 0.557246 0.0142084 0.0252508 0.326042
0 0.516814 0.554889 0.0133924 0.0289312 0.300309
0 0.514044 0.554674 0.0106992 0.021106 0.300169
0 0.4704 0.550748 0.0183436 0.0325585 0.291322
0 0.52208 0.550983 0.016728 0.0352488 0.288753
0 0.484463 0.553688 0.0103005 0.022712 0.273054
0 0.511196 0.549144 0.0155443 0.0322591 0.264279
