0 0.506897 0.564085 0.118347 0.101451 0.917894
0 0.333605 0.573074 0.204012 0.131577 0.916977
0 0.663365 0.552984 0.0822122 0.082427 0.912946
0 0.600498 0.559773 0.0916342 0.0838994 0.911082
0 0.973718 0.554362 0.0260269 0.0373598 0.903831
0 0.771275 0.568628 0.132764 0.120943 0.892353
0 0.117649 0.573478 0.234985 0.218266 0.883578
0 0.864275 0.530858 0.065436 0.0992601 0.879686
0 0.990853 0.559372 0.0182936 0.0522905 0.868194
0 0.70831 0.554233 0.0348526 0.0539424 0.790663
0 0.904573 0.546663 0.0224728 0.0387977 0.778766
0 0.922795 0.546764 0.0155291 0.031811 0.746003
0 0.933715 0.548775 0.0140509 0.0251166 0.742914
0 0.955463 0.547333 0.0149803 0.0237662 0.686156
0 0.944297 0.548806 0.0122072 0.021617 0.663973
0 0.825578 0.549351 0.0222593 0.0471468 0.60398
0 0.913643 0.545928 0.0192757 0.0375653 0.595936
0 0.939562 0.548259 0.0125803 0.0247837 0.387884
0 0.899289 0.547575 0.0156574 0.0350905 0.371497
0 0.949852 0.548113 0.0139542 0.0231183 0.351907
0 0.909155 0.544691 0.0195837 0.0373115 0.341044
0 0.930382 0.54809 0.0143085 0.0273124 0.326534
0 0.926768 0.54929 0.0119614 0.0267771 0.263287
0 0.917437 0.545298 0.0156511 0.0328754 0.259671
0 0.957971 0.543524 0.0107662 0.0172567 0.253346
