0 0.247915 0.594115 0.0534655 0.0677266 0.912694
0 0.473271 0.615116 0.0805727 0.0931591 0.911091
0 0.143967 0.629546 0.105523 0.114059 0.902029
0 0.290973 0.585037 0.0277263 0.039326 0.866213
0 0.453332 0.59181 0.0556128 0.0790463 0.802886
0 0.302775 0.577598 0.0270709 0.0399462 0.78261
0 0.394596 0.574009 0.0138196 0.0207414 0.734136
0 0.384079 0.573043 0.0106949 0.0184689 0.703649
0 0.326813 0.573524 0.0183797 0.0239975 0.682942
0 0.337952 0.572009 0.0101949 0.0195421 0.636618
0 0.0349794 0.623581 0.0697083 0.146331 0.597352
0 0.34542 0.570494 0.0103898 0.0167699 0.4886
0 0.34766 0.57153 0.00878806 0.0147593 0.396257
0 0.0939774 0.573064 0.0640092 0.0325848 0.387248
0 0.322542 0.575103 0.01327 0.0222848 0.382819
0 0.348684 0.569265 0.00810528 0.0154334 0.371272
0 0.341826 0.569734 0.0105763 0.018861 0.363699
0 0.334392 0.573613 0.0109097 0.0187522 0.361
0 0.113063 0.571122 0.0299274 0.0281311 0.350807
0 0.359556 0.566914 0.0109319 0.0168038 0.350689
0 0.316285 0.576413 0.0116846 0.0268046 0.322803
0 0.373339 0.570107 0.0092176 0.0153285 0.321762
0 0.37817 0.571071 0.00928717 0.016725 0.316628
0 0.375908 0.571953 0.00892339 0.0155977 0.302674
0 0.35178 0.569822 0.00893416 0.0149175 0.285359
0 0.0876043 0.582591 0.0794462 0.0531618 0.272103
0 0.386915 0.571652 0.0111039 0.0195857 0.26749
0 0.305581 0.58078 0.0189067 0.0337826 0.262579
0 0.371952 0.56846 0.0079165 0.0147871 0.259023
