0 0.462587 0.443629 0.0694672 0.0965415 0.91218
0 0.637061 0.434136 0.0384711 0.0748145 0.898472
0 0.503063 0.432273 0.0288923 0.0550705 0.883724
0 0.538577 0.407738 0.0194005 0.0305952 0.882898
0 0.681245 0.457037 0.085913 0.12206 0.882429
0 0.752203 0.439487 0.0894232 0.116669 0.865955
0 0.514624 0.425717 0.0194156 0.0433097 0.863959
0 0.526033 0.41994 0.0163058 0.0342929 0.817577
0 0.608918 0.420447 0.0158547 0.0328718 0.798678
0 0.232901 0.456123 0.116249 0.0799674 0.794697
0 0.602175 0.409341 0.0194582 0.0302078 0.744059
0 0.617219 0.429503 0.018062 0.049231 0.721157
0 0.555827 0.398149 0.0104746 0.0198612 0.637232
0 0.549135 0.404449 0.0114499 0.0235111 0.443072
0 0.589652 0.39767 0.0143537 0.0236686 0.429279
0 0.557785 0.395789 0.0102061 0.0193763 0.423288
0 0.586411 0.396733 0.0111818 0.0173543 0.389255
0 0.552792 0.398076 0.0100545 0.0202159 0.356266
0 0.545381 0.403622 0.0157823 0.02448 0.339156
0 0.598572 0.411221 0.0153247 0.0231517 0.338277
0 0.552868 0.403874 0.01079 0.0200714 0.334028
0 0.587152 0.400231 0.00952578 0.0174437 0.2877
0 0.562396 0.391893 0.0115706 0.0191796 0.28219
0 0.583947 0.397295 0.00949469 0.0164959 0.281669
0 0.542352 0.410056 0.0134399 0.0257819 0.280801
0 0.597197 0.404154 0.0170273 0.0243746 0.27711
0 0.580273 0.395785 0.00883522 0.0156701 0.266712
0 0.564731 0.399891 0.0102134 0.0174372 0.264531
0 0.589945 0.408467 0.0128479 0.0234134 0.255848
0 0.561039 0.402609 0.0106267 0.0186493 0.254927
0 0.529066 0.417457 0.0141215 0.0351771 0.250194
