0 0.358424 0.595107 0.0286334 0.0287937 0.679563
0 0.312735 0.592291 0.0185709 0.0221805 0.583962
0 0.339364 0.593911 0.0166584 0.0229587 0.545833
0 0.225756 0.585823 0.0135076 0.0184213 0.514687
0 0.275884 0.590831 0.0171052 0.020678 0.408844
0 0.209956 0.577988 0.0130957 0.0196187 0.400557
0 0.194458 0.592033 0.019477 0.0214991 0.379188
0 0.177369 0.584945 0.0143285 0.0230435 0.355477
0 0.343209 0.593077 0.0207998 0.0261339 0.324722
0 0.293192 0.590636 0.0190854 0.0238639 0.282321
0 0.469393 0.598122 0.0195471 0.0250209 0.26526
