0 0.508522 0.614225 0.216305 0.424389 0.86401
0 0.393523 0.660257 0.0256899 0.0387865 0.653924
0 0.351707 0.647596 0.108757 0.0821493 0.558489
0 0.349338 0.663235 0.0504432 0.0496504 0.50826
0 0.161177 0.65609 0.0368276 0.0321157 0.436579
0 0.819747 0.635388 0.0237492 0.0225132 0.375521
0 0.328792 0.647134 0.0619329 0.0785497 0.341286
0 0.188301 0.654038 0.019001 0.0286133 0.33715
0 0.758311 0.628119 0.0338094 0.0286245 0.326702
0 0.836489 0.630855 0.0319473 0.0298274 0.309408
0 0.713368 0.62702 0.0229641 0.0283171 0.307661
0 0.630367 0.636784 0.02027 0.0222037 0.304398
0 0.391331 0.643854 0.034314 0.0614105 0.29023
0 0.0870178 0.656513 0.0303467 0.0428251 0.287612
0 0.870583 0.635313 0.0176134 0.0190386 0.270607
0 0.882824 0.636711 0.0141012 0.0178131 0.269641
