0 0.364723 0.62922 0.503904 0.578667 0.869413
0 0.065212 0.379083 0.130424 0.758165 0.858437
0 0.859673 0.481614 0.0611143 0.0704142 0.497801
0 0.980942 0.499094 0.0381159 0.0513702 0.390437
0 0.876765 0.478899 0.0302195 0.0589454 0.356693
0 0.992175 0.503926 0.0156505 0.0519772 0.356347
0 0.888061 0.496865 0.0232653 0.054794 0.329399
0 0.904459 0.495383 0.0539515 0.055356 0.326782
0 0.781833 0.471642 0.0188292 0.0335286 0.312962
0 0.562667 0.47325 0.0336081 0.0336271 0.282789
0 0.970774 0.498115 0.0464937 0.0487186 0.269744
