0 0.286446 0.545768 0.058724 0.0753228 0.933601
0 0.629838 0.609522 0.121224 0.165159 0.917638
0 0.0843091 0.582269 0.16845 0.175619 0.905974
0 0.370665 0.557717 0.105874 0.12532 0.89532
0 0.810819 0.634026 0.314756 0.336942 0.885375
0 0.496051 0.547511 0.0448471 0.0625083 0.878668
0 0.466894 0.538735 0.0146922 0.0384342 0.870219
0 0.927339 0.805709 0.145091 0.378753 0.804511
0 0.315792 0.536506 0.0318851 0.0649175 0.796355
0 0.473422 0.5403 0.0165039 0.0465839 0.772229
0 0.426054 0.540515 0.0213464 0.0335698 0.768914
0 0.456363 0.537116 0.0120899 0.0280724 0.761437
0 0.448646 0.531924 0.0146712 0.0230306 0.684312
0 0.976243 0.570727 0.0475139 0.0731308 0.67715
0 0.0114374 0.546341 0.0227505 0.0506232 0.566824
0 0.452724 0.534756 0.0141966 0.0235738 0.374688
0 0.423695 0.518596 0.0223548 0.0297896 0.348205
0 0.439399 0.530961 0.00950232 0.0208791 0.312142
0 0.437267 0.528559 0.00935001 0.0188416 0.296518
0 0.479645 0.542363 0.02357 0.0534831 0.286117
0 0.0299684 0.600339 0.0597308 0.167291 0.280799
0 0.448306 0.534393 0.0097784 0.0250693 0.274475
0 0.0111147 0.535698 0.0222242 0.0271422 0.270243
0 0.442105 0.531046 0.0102406 0.0192403 0.255704
0 0.0150474 0.588029 0.0300948 0.152001 0.252339
