0 0.337049 0.497693 0.0211441 0.0359723 0.899993
0 0.0785323 0.500119 0.157065 0.136744 0.875182
0 0.296855 0.499235 0.0463154 0.0619956 0.868084
0 0.324192 0.499537 0.0187626 0.0454322 0.83884
0 0.460577 0.494279 0.0421321 0.0792435 0.772761
0 0.359594 0.492549 0.0173757 0.02949 0.690969
0 0.385416 0.492882 0.0138286 0.0195825 0.685851
0 0.366428 0.491785 0.0138216 0.0272864 0.640301
0 0.455522 0.464832 0.0451936 0.0862395 0.532703
0 0.349119 0.495975 0.0133194 0.0295746 0.460095
0 0.417275 0.487556 0.0122497 0.0148561 0.459702
0 0.98971 0.485206 0.0205347 0.0451613 0.432719
0 0.374623 0.491154 0.00963674 0.0199868 0.403346
0 0.372082 0.491004 0.0105241 0.022581 0.400397
0 0.983266 0.484743 0.0334684 0.0464394 0.330663
0 0.378412 0.491436 0.0115299 0.0204585 0.305161
0 0.429696 0.488233 0.0101319 0.020335 0.298819
0 0.435318 0.49257 0.00975141 0.0231308 0.285149
0 0.845576 0.484909 0.0457863 0.0528741 0.26024
0 0.775984 0.491978 0.0266192 0.0345679 0.255738
0 0.428143 0.48567 0.00928745 0.0189112 0.252438
