0 0.0963023 0.320232 0.125401 0.1375 0.928873
0 0.2068 0.315272 0.0697076 0.077257 0.916082
0 0.275638 0.324142 0.0675991 0.0832182 0.897506
0 0.0558896 0.40107 0.111779 0.360193 0.896235
0 0.316001 0.305281 0.0387197 0.0600499 0.876949
0 0.386044 0.353952 0.112703 0.187581 0.874935
0 0.310331 0.261421 0.0222491 0.0298004 0.654429
0 0.248644 0.298777 0.0314289 0.0508681 0.620163
0 0.201761 0.270608 0.0159613 0.0151292 0.585565
0 0.279121 0.273896 0.017802 0.0192563 0.543595
0 0.218807 0.271994 0.019403 0.0167247 0.535079
0 0.267211 0.269553 0.0128905 0.01831 0.514437
0 0.3263 0.290471 0.0210649 0.0372498 0.509863
0 0.330705 0.268443 0.0161333 0.0248055 0.504257
0 0.255835 0.269565 0.0156969 0.019844 0.49467
0 0.291948 0.258752 0.0130172 0.0191611 0.44949
0 0.463692 0.286031 0.0115919 0.0334115 0.428409
0 0.330867 0.261989 0.0156472 0.01703 0.426396
0 0.236163 0.271771 0.0168358 0.0173637 0.421194
0 0.345314 0.28024 0.0160996 0.0375284 0.407085
0 0.239917 0.294836 0.026566 0.0447586 0.387442
0 0.33081 0.289361 0.0175967 0.0409491 0.370005
0 0.237686 0.263982 0.0173827 0.0196917 0.338732
0 0.241849 0.255572 0.0139864 0.0170992 0.295682
0 0.358533 0.265264 0.0192794 0.0190591 0.285529
0 0.346125 0.255282 0.0125358 0.0171827 0.271828
0 0.329937 0.281853 0.0153922 0.0324597 0.266641
0 0.237619 0.268384 0.0164691 0.0177758 0.256111
0 0.187704 0.276373 0.0135068 0.01691 0.255033
0 0.361251 0.259725 0.0158901 0.0163288 0.251787
