0 0.289318 0.736538 0.080023 0.117176 0.944186
0 0.475652 0.771592 0.0476012 0.0728719 0.858041
0 0.42917 0.753025 0.0393789 0.0548075 0.857026
0 0.407913 0.731121 0.0232847 0.0326258 0.85569
0 0.508752 0.764979 0.0298989 0.0472958 0.81596
0 0.386654 0.71643 0.0208108 0.0259569 0.734354
0 0.362944 0.696778 0.0149632 0.0220722 0.700942
0 0.441148 0.716718 0.0131555 0.0196052 0.686453
0 0.452434 0.723251 0.0187695 0.0299242 0.652246
0 0.42337 0.712222 0.0139977 0.0205521 0.650362
0 0.0200947 0.812502 0.0401895 0.262391 0.648655
0 0.338338 0.699849 0.0147791 0.0195424 0.565714
0 0.385651 0.707631 0.0186963 0.0231474 0.540139
0 0.4761 0.726108 0.0196527 0.0216824 0.516766
0 0.324516 0.706418 0.0189929 0.0375702 0.516468
0 0.397599 0.699649 0.0129755 0.0155558 0.490388
0 0.413087 0.703815 0.0127655 0.0184187 0.470683
0 0.378352 0.696502 0.010061 0.0142646 0.458313
0 0.321908 0.700023 0.0209458 0.0359322 0.45443
0 0.37646 0.695032 0.0100953 0.0148126 0.410653
0 0.471977 0.724138 0.0188679 0.0225684 0.397892
0 0.420212 0.708224 0.0135688 0.0190735 0.385873
0 0.496019 0.739391 0.015831 0.0189885 0.376233
0 0.416448 0.704407 0.0125764 0.0172229 0.342095
0 0.402771 0.702988 0.01207 0.0152293 0.331253
0 0.350562 0.687029 0.00953579 0.013916 0.326166
0 0.352759 0.691825 0.0104667 0.0156482 0.325104
0 0.493275 0.736562 0.0168709 0.0204325 0.324029
0 0.88607 0.846181 0.043647 0.0386931 0.321045
0 0.318646 0.685003 0.0148857 0.013197 0.308745
0 0.333545 0.685316 0.0114567 0.0138533 0.301973
0 0.3407 0.692957 0.0118635 0.0167874 0.290711
0 0.379411 0.699055 0.0129482 0.01712 0.288837
0 0.321921 0.690216 0.0178072 0.0229645 0.278912
0 0.330523 0.68687 0.0104084 0.0153973 0.275747
0 0.44321 0.714758 0.0122418 0.017413 0.274788
0 0.409499 0.701257 0.010142 0.0146473 0.274291
0 0.343629 0.686653 0.0104485 0.0142641 0.271745
0 0.453415 0.715817 0.0171753 0.0193575 0.271321
0 0.327775 0.705596 0.0146932 0.0276023 0.268396
0 0.253093 0.695146 0.014355 0.0174432 0.268267
0 0.346989 0.689078 0.0106319 0.015136 0.26789
