0 0.449422 0.527438 0.122937 0.173166 0.896291
0 0.0897806 0.553554 0.17339 0.144191 0.883794
0 0.380136 0.484884 0.0413969 0.0679245 0.879071
0 0.049266 0.673748 0.0985319 0.414246 0.86979
0 0.270451 0.461499 0.187347 0.29095 0.864909
0 0.168778 0.522816 0.0259816 0.0800737 0.741851
0 0.434088 0.439586 0.0160665 0.0208861 0.571967
0 0.449018 0.438056 0.0126384 0.0175832 0.556077
0 0.40619 0.443918 0.0124176 0.0196282 0.335414
0 0.404075 0.467155 0.0149706 0.0302785 0.318322
0 0.458625 0.438684 0.0135428 0.0172969 0.30753
0 0.408781 0.435196 0.0121705 0.0206523 0.299233
0 0.433116 0.429022 0.0141121 0.0161053 0.266028
0 0.452317 0.437279 0.0129824 0.0174211 0.261292
0 0.415903 0.424964 0.0119553 0.0193656 0.256547
0 0.449262 0.43015 0.0110129 0.0162587 0.253562
