0 0.452323 0.428079 0.0295486 0.0370514 0.93295
0 0.589574 0.445709 0.0674073 0.0796261 0.906284
0 0.178027 0.39413 0.0410997 0.0461121 0.891202
0 0.361834 0.414395 0.0226586 0.0339676 0.874998
0 0.0268274 0.390539 0.0536549 0.0917245 0.874916
0 0.415922 0.423103 0.0414735 0.0625302 0.865989
0 0.863598 0.655906 0.272624 0.394898 0.864752
0 0.0789154 0.390969 0.0554468 0.0638896 0.857334
0 0.393329 0.414092 0.0207405 0.0384047 0.836329
0 0.139289 0.387333 0.0193581 0.0435059 0.824461
0 0.201729 0.391268 0.01176 0.0266978 0.576184
0 0.212748 0.388342 0.0136152 0.0285475 0.486609
0 0.0524827 0.367474 0.0229199 0.0345674 0.439927
0 0.374616 0.408651 0.0127882 0.0216593 0.374028
0 0.438989 0.420589 0.0115866 0.0291061 0.373137
0 0.0202605 0.329005 0.0405211 0.0465654 0.353871
0 0.256678 0.389879 0.0115172 0.0294444 0.337107
0 0.377257 0.407143 0.0117773 0.022062 0.286783
0 0.0272096 0.340519 0.0544192 0.0693354 0.274443
0 0.380891 0.407378 0.0112483 0.0221898 0.267045
0 0.132807 0.384201 0.0305043 0.0505405 0.264024
0 0.304456 0.389902 0.0150792 0.0294937 0.2588
0 0.348325 0.408308 0.0117402 0.0200019 0.255787
0 0.312253 0.392937 0.0124195 0.0288898 0.254197
