0 0.403128 0.559287 0.0222549 0.0468657 0.918694
0 0.492139 0.548136 0.0157208 0.0323422 0.915749
0 0.509507 0.554511 0.0331551 0.0503769 0.910437
0 0.545541 0.575856 0.0585829 0.0694655 0.909969
0 0.27216 0.618103 0.141386 0.153436 0.901364
0 0.342527 0.593305 0.0575631 0.0909264 0.868704
0 0.650173 0.609555 0.161966 0.208262 0.868545
0 0.429529 0.542003 0.019475 0.0283149 0.867022
0 0.375991 0.561758 0.0514053 0.0838135 0.837895
0 0.410815 0.549313 0.0257622 0.0447995 0.811979
0 0.357837 0.577751 0.0527916 0.0785014 0.808841
0 0.485439 0.538561 0.0163548 0.0265861 0.79743
0 0.441423 0.531126 0.0123953 0.0194017 0.608233
0 0.46095 0.532749 0.0105161 0.0137175 0.493405
0 0.438703 0.532102 0.0121921 0.0211151 0.475467
0 0.48042 0.535435 0.0134263 0.0220803 0.469158
0 0.471482 0.531208 0.0105817 0.0162582 0.394145
0 0.475187 0.533875 0.0106171 0.0183331 0.351929
0 0.454171 0.531955 0.00882034 0.0138538 0.34407
0 0.450082 0.533207 0.00907106 0.0140442 0.342691
0 0.478772 0.532112 0.0130937 0.0210614 0.342032
0 0.434729 0.537721 0.0139353 0.023329 0.33949
0 0.477297 0.535622 0.0113098 0.0198027 0.316492
