0 0.889284 0.544117 0.0581469 0.0477983 0.894848
0 0.323797 0.454829 0.0575354 0.03991 0.859165
0 0.719487 0.51225 0.0308592 0.0209376 0.794207
0 0.275089 0.449333 0.0334857 0.0290904 0.791898
0 0.694764 0.508614 0.0209852 0.0184253 0.732687
0 0.293235 0.453032 0.0328763 0.0299803 0.71663
0 0.116891 0.429861 0.0789834 0.0452615 0.671443
0 0.176175 0.431703 0.0521271 0.0410009 0.633322
0 0.365991 0.459662 0.0286983 0.0298333 0.589542
0 0.650171 0.501532 0.0389069 0.0216017 0.566669
0 0.00913391 0.412034 0.0182678 0.0346647 0.445884
0 0.458065 0.470553 0.0616926 0.0383998 0.402677
0 0.432815 0.471122 0.0240499 0.0243888 0.394216
0 0.445331 0.470162 0.0436786 0.0324248 0.371981
0 0.520474 0.486713 0.0238133 0.0169729 0.366631
0 0.219941 0.439049 0.0407227 0.0357691 0.360388
0 0.0517149 0.419227 0.0298843 0.02969 0.34215
0 0.789409 0.518967 0.0185221 0.0188734 0.33345
0 0.0434117 0.417684 0.0393091 0.0321201 0.302035
0 0.584122 0.492248 0.0215443 0.0185962 0.297534
0 0.532719 0.485944 0.0373011 0.022584 0.285087
0 0.00335562 0.413612 0.00668997 0.0336387 0.270334
0 0.627917 0.499866 0.0135045 0.0162292 0.269444
0 0.631646 0.499852 0.0156834 0.016547 0.26282
0 0.283499 0.45225 0.025353 0.027671 0.256833
