0 0.715108 0.618447 0.158206 0.172075 0.912804
0 0.628808 0.597655 0.0719342 0.108172 0.904387
0 0.890033 0.679598 0.219783 0.580833 0.904079
0 0.594832 0.588042 0.0339576 0.0834298 0.902956
0 0.483652 0.625708 0.186419 0.291811 0.894733
0 0.770709 0.557803 0.0924699 0.0984385 0.852433
0 0.187971 0.555509 0.0536036 0.0521301 0.842543
0 0.242834 0.562892 0.0346179 0.0358092 0.817511
0 0.332981 0.564817 0.0251499 0.0298233 0.753097
0 0.57902 0.583638 0.0228804 0.065249 0.679273
0 0.270693 0.565932 0.049293 0.0401766 0.678196
0 0.66693 0.541896 0.0314096 0.0206651 0.532842
0 0.379723 0.565896 0.0227388 0.0279402 0.428762
0 0.568529 0.565057 0.0160196 0.0330212 0.387671
0 0.358772 0.567352 0.0204745 0.0247064 0.375228
0 0.829574 0.541863 0.0374697 0.0458615 0.317181
0 0.636473 0.534937 0.035249 0.0254152 0.313342
0 0.353131 0.569696 0.0132456 0.0221856 0.2788
0 0.375666 0.56757 0.0154183 0.023253 0.266674
0 0.385192 0.566761 0.0137502 0.0222955 0.265049
