0 0.752915 0.689046 0.4837 0.617206 0.880076
0 0.217766 0.492279 0.105466 0.124037 0.876724
0 0.438198 0.477163 0.0140226 0.0375963 0.830407
0 0.397883 0.489458 0.0485419 0.0687288 0.825275
0 0.423892 0.480916 0.0214669 0.0527284 0.801069
0 0.330513 0.487406 0.0479721 0.0555959 0.799645
0 0.0177731 0.517259 0.0355462 0.220659 0.769227
0 0.481507 0.477425 0.0157451 0.0287335 0.747749
0 0.456892 0.474868 0.0184937 0.0285607 0.594597
0 0.372839 0.47804 0.0171562 0.03936 0.507783
0 0.399959 0.445178 0.0295983 0.0302489 0.49287
0 0.469923 0.476241 0.0109077 0.0247981 0.412604
0 0.432002 0.480645 0.0135946 0.0426785 0.375063
0 0.413508 0.48613 0.0279528 0.0608115 0.344985
0 0.446205 0.478229 0.0115554 0.0255883 0.343994
0 0.495618 0.480664 0.0123383 0.0225716 0.316236
0 0.440352 0.476459 0.012267 0.0308397 0.312983
0 0.443368 0.47745 0.0111167 0.0306271 0.301723
0 0.362792 0.48568 0.024436 0.0406637 0.292882
0 0.447965 0.473094 0.0131841 0.0267054 0.281065
0 0.545025 0.488244 0.0272794 0.0713594 0.270641
