0 0.587557 0.659187 0.0234619 0.0375456 0.917531
0 0.322287 0.640985 0.0483182 0.0586351 0.916113
0 0.613534 0.664545 0.0436343 0.058026 0.915467
0 0.529821 0.662722 0.047216 0.0665695 0.902259
0 0.416655 0.650258 0.0297226 0.0299164 0.897822
0 0.56971 0.65269 0.0196079 0.0297184 0.889324
0 0.443463 0.646759 0.0150148 0.0218248 0.830224
0 0.472056 0.647802 0.0116854 0.0167192 0.819538
0 0.355324 0.647341 0.0226151 0.0306666 0.703359
0 0.462226 0.646436 0.0109176 0.0147607 0.631175
0 0.555205 0.651603 0.0126683 0.0223128 0.626443
0 0.483273 0.647344 0.0107979 0.0146905 0.626321
0 0.490683 0.646204 0.00859289 0.012733 0.422778
0 0.508399 0.643352 0.010774 0.0177673 0.339595
0 0.429191 0.648828 0.0120051 0.0217901 0.335022
0 0.497782 0.646363 0.00925741 0.0122062 0.32128
0 0.55934 0.650711 0.0104734 0.0198568 0.320567
0 0.551846 0.649439 0.0102635 0.0193002 0.319778
0 0.485559 0.645796 0.0104895 0.014162 0.30436
0 0.507135 0.645902 0.00836802 0.0128762 0.287632
0 0.492811 0.645249 0.0102819 0.0136049 0.281035
