0 0.513412 0.589708 0.0834169 0.121854 0.900312
0 0.36297 0.58094 0.0558381 0.0767307 0.895407
0 0.828291 0.526338 0.253438 0.364304 0.888909
0 0.920469 0.659445 0.158358 0.418492 0.878928
0 0.416858 0.568915 0.0355561 0.0557673 0.873721
0 0.677725 0.584766 0.0603231 0.0924839 0.853868
0 0.439978 0.55853 0.0353957 0.0595498 0.853507
0 0.102753 0.621525 0.205505 0.27283 0.845828
0 0.39572 0.576042 0.0362927 0.0639091 0.83879
0 0.229882 0.588766 0.143843 0.175676 0.83556
0 0.312119 0.59052 0.0701464 0.100711 0.80952
0 0.592782 0.56818 0.0167794 0.0433217 0.765985
0 0.645092 0.578146 0.0318828 0.0699112 0.719827
0 0.629993 0.574084 0.026059 0.0617788 0.693316
0 0.609179 0.570397 0.0239 0.051973 0.673204
0 0.614907 0.570755 0.0258084 0.0549767 0.645609
0 0.577612 0.565554 0.0177209 0.0300256 0.60134
0 0.55312 0.556863 0.012175 0.0187276 0.537665
0 0.564193 0.55884 0.0122887 0.0250212 0.486414
0 0.555865 0.558812 0.0120687 0.0218094 0.313863
0 0.56808 0.559771 0.0150451 0.0260707 0.30162
0 0.57192 0.560278 0.0191898 0.0311885 0.291399
0 0.472551 0.556855 0.0244407 0.0413574 0.280144
0 0.584676 0.565412 0.0158316 0.0326619 0.278584
0 0.558692 0.559605 0.0106347 0.0199558 0.276404
0 0.560579 0.558744 0.0123763 0.0252599 0.256146
