0 0.642662 0.418639 0.133779 0.175885 0.928461
0 0.300913 0.39126 0.0302284 0.0392244 0.925018
0 0.265294 0.394178 0.0461836 0.0531811 0.924429
0 0.743797 0.479765 0.233826 0.23627 0.922803
0 0.155409 0.408601 0.0837549 0.072837 0.922653
0 0.444185 0.29207 0.251994 0.490777 0.878246
0 0.781262 0.333445 0.116679 0.079252 0.856031
0 0.584377 0.395477 0.0399993 0.108479 0.839101
0 0.721929 0.338608 0.0323557 0.0451027 0.516356
0 0.689528 0.341161 0.0589497 0.0375217 0.502017
0 0.317933 0.391853 0.0105679 0.0278327 0.376903
0 0.838943 0.310624 0.0348728 0.087477 0.316623
