0 0.510301 0.489031 0.0494134 0.0633589 0.932798
0 0.794575 0.512678 0.12326 0.103643 0.926788
0 0.587759 0.485324 0.0307387 0.0468906 0.920529
0 0.634172 0.493319 0.0421913 0.052833 0.919714
0 0.718458 0.505876 0.0703459 0.0731174 0.91958
0 0.669878 0.495854 0.0637217 0.0676727 0.914741
0 0.485149 0.480558 0.0209105 0.0418686 0.890532
0 0.902232 0.52949 0.161613 0.130839 0.886017
0 0.607227 0.489405 0.0350425 0.0489034 0.883632
0 0.433382 0.522214 0.108512 0.151779 0.870857
0 0.972053 0.547463 0.0558942 0.14559 0.852914
0 0.0391894 0.448996 0.077987 0.113696 0.812432
0 0.143978 0.467954 0.0385152 0.0373203 0.756245
0 0.474081 0.473514 0.0151542 0.0272185 0.707236
0 0.210176 0.478628 0.0357306 0.0323176 0.554423
0 0.191234 0.467475 0.0200534 0.0263304 0.534977
0 0.174436 0.466595 0.0175066 0.0178619 0.361867
0 0.0814909 0.465728 0.0102187 0.0265569 0.330474
0 0.412732 0.444938 0.014443 0.0129703 0.295119
0 0.122453 0.460584 0.0148634 0.0201528 0.288273
0 0.137465 0.472311 0.0254309 0.0277008 0.2841
0 0.471316 0.469915 0.0115148 0.021168 0.258225
0 0.393961 0.466777 0.0105039 0.0204771 0.254111
0 0.0798671 0.460415 0.0116422 0.0332179 0.253803
