0 0.647782 0.309099 0.157826 0.229832 0.92912
0 0.409641 0.343577 0.117077 0.185345 0.925651
0 0.0654104 0.319106 0.124187 0.127204 0.908455
0 0.846494 0.284833 0.307012 0.467775 0.899768
0 0.134346 0.313762 0.0487361 0.0569653 0.86682
0 0.190129 0.315993 0.0231895 0.0374833 0.716764
0 0.16398 0.313865 0.0321859 0.0496486 0.683505
0 0.245877 0.312822 0.0364351 0.045384 0.643113
0 0.307868 0.312254 0.0203141 0.0186927 0.544331
0 0.00787828 0.317567 0.0154296 0.0960478 0.516409
0 0.212247 0.309125 0.0284092 0.030466 0.454098
0 0.271994 0.310464 0.0209346 0.0212473 0.397975
0 0.350054 0.313724 0.0124096 0.0215692 0.383851
0 0.327849 0.311143 0.0152906 0.0162593 0.378807
0 0.287975 0.3119 0.0189439 0.0187791 0.326904
0 0.153763 0.308224 0.0319419 0.0454084 0.264976
