0 0.33409 0.579615 0.055888 0.0752143 0.903928
0 0.581871 0.620669 0.118484 0.169014 0.902661
0 0.389445 0.596439 0.075547 0.125182 0.901851
0 0.256187 0.583778 0.0988919 0.116345 0.897954
0 0.428377 0.567548 0.0206284 0.039428 0.873992
0 0.0331992 0.598845 0.0659169 0.108328 0.830058
0 0.0966384 0.547735 0.0459427 0.061176 0.826927
0 0.521902 0.613725 0.0319931 0.0819239 0.794414
0 0.460639 0.574373 0.0156549 0.0262241 0.782957
0 0.519416 0.58292 0.0359141 0.0480013 0.726498
0 0.309197 0.560131 0.0267139 0.047455 0.705118
0 0.484563 0.576471 0.0111624 0.0176392 0.683286
0 0.44683 0.577121 0.0171213 0.0206026 0.64494
0 0.497207 0.577289 0.0124118 0.0179954 0.633292
0 0.0235074 0.534494 0.0466873 0.044092 0.493172
0 0.474623 0.578975 0.0102182 0.018516 0.424512
0 0.481722 0.576811 0.010521 0.0184018 0.36381
0 0.478013 0.577464 0.0109077 0.0193737 0.362127
0 0.992761 0.710648 0.0140709 0.0865987 0.340032
0 0.034922 0.54696 0.0665668 0.0558621 0.336557
0 0.487714 0.576987 0.0100452 0.0184363 0.334769
0 0.471825 0.576039 0.0105369 0.0200345 0.333711
0 0.00962867 0.50638 0.019005 0.0291 0.33147
0 0.0205693 0.519454 0.0368195 0.0545364 0.330235
0 0.360285 0.550678 0.0173512 0.0285046 0.32443
0 0.493684 0.577368 0.0102868 0.0180296 0.323545
0 0.0752646 0.539366 0.0177082 0.038716 0.317672
0 0.502113 0.575992 0.0100882 0.0214274 0.294716
0 0.443669 0.574442 0.0130332 0.022094 0.289299
0 0.0257547 0.518281 0.0362754 0.034286 0.279032
0 0.491068 0.581259 0.0115602 0.0211109 0.267582
0 0.437047 0.572965 0.0107208 0.024924 0.265448
