0 0.823379 0.364569 0.160348 0.164733 0.902609
0 0.604099 0.347433 0.0403269 0.0594912 0.898995
0 0.928553 0.389758 0.142895 0.255822 0.8963
0 0.476001 0.358091 0.0667171 0.0974734 0.874301
0 0.555499 0.350095 0.0471695 0.064613 0.845439
0 0.324593 0.333444 0.0206669 0.0272629 0.836177
0 0.531086 0.34498 0.0179615 0.0400506 0.833179
0 0.582829 0.343394 0.0148421 0.0355937 0.751437
0 0.508773 0.336351 0.0151151 0.0383411 0.751186
0 0.345586 0.332853 0.0257317 0.0309738 0.71381
0 0.284912 0.335101 0.059172 0.0834703 0.679784
0 0.519862 0.336438 0.0118136 0.0257302 0.632137
0 0.444581 0.334068 0.0185094 0.0278347 0.579416
0 0.482738 0.309738 0.0310366 0.0161226 0.343321
0 0.631053 0.346553 0.0216413 0.0387736 0.341399
0 0.315576 0.329188 0.0168585 0.0273529 0.330674
0 0.0524387 0.25783 0.104877 0.0675717 0.318076
0 0.248844 0.325244 0.0199028 0.0299964 0.311702
0 0.578817 0.339614 0.0115995 0.0300556 0.302829
0 0.501641 0.340137 0.0169782 0.0432469 0.294928
0 0.312801 0.326475 0.0144243 0.0257271 0.287472
0 0.0216199 0.261654 0.0432397 0.0502801 0.281719
0 0.431141 0.336301 0.0158854 0.028873 0.269818
0 0.313348 0.331163 0.0111274 0.0241611 0.266096
0 0.521508 0.340688 0.0130569 0.0328091 0.265777
0 0.333402 0.332105 0.0233683 0.030239 0.260591
0 0.507449 0.324149 0.0146474 0.0295095 0.256374
