0 0.464814 0.247527 0.135542 0.211519 0.914562
0 0.13659 0.227903 0.0493038 0.0550073 0.891593
0 0.228913 0.204928 0.0231931 0.0334008 0.888878
0 0.0385963 0.255528 0.0755218 0.0808675 0.883883
0 0.620966 0.340441 0.308472 0.368808 0.875125
0 0.192394 0.21214 0.0357362 0.0383507 0.840174
0 0.305089 0.193398 0.0281428 0.0422866 0.836114
0 0.163074 0.218168 0.0217601 0.0338508 0.829961
0 0.42586 0.207832 0.0777072 0.13877 0.808432
0 0.801868 0.43218 0.396264 0.492349 0.804873
0 0.243343 0.203852 0.012959 0.0245422 0.72681
0 0.347385 0.197033 0.0299086 0.0531046 0.715041
0 0.275796 0.190451 0.0149105 0.023982 0.574436
0 0.257301 0.198328 0.0158096 0.0226418 0.521458
0 0.271566 0.193881 0.0166674 0.0255119 0.467214
0 0.00896433 0.257373 0.0179287 0.0620293 0.466653
0 0.0346951 0.20345 0.0693868 0.0934886 0.424446
0 0.058666 0.206834 0.115404 0.10183 0.414852
0 0.385963 0.184924 0.0219636 0.048902 0.394013
0 0.287288 0.188543 0.010655 0.0219687 0.380471
0 0.388852 0.17921 0.0152125 0.0434555 0.371486
0 0.076099 0.196628 0.0803684 0.0759008 0.354159
0 0.333816 0.188348 0.00971241 0.0216412 0.350892
0 0.320083 0.186462 0.0103943 0.0177619 0.342554
0 0.532172 0.149149 0.0338301 0.041431 0.333024
0 0.380553 0.184542 0.0196616 0.0452097 0.319444
0 0.253898 0.19985 0.0132918 0.0232672 0.313809
0 0.0925825 0.208384 0.0510209 0.0958659 0.29526
0 0.360391 0.194518 0.0543308 0.0582329 0.293555
0 0.281728 0.190575 0.0135036 0.0229784 0.293473
0 0.285035 0.188722 0.0110431 0.0188831 0.278936
0 0.262137 0.195644 0.0122244 0.0218388 0.277569
0 0.249763 0.198819 0.0127471 0.0241445 0.270931
0 0.523566 0.143603 0.0308406 0.0320946 0.257201
0 0.329072 0.186026 0.00988488 0.0167783 0.25325
