0 0.766611 0.504151 0.113379 0.140116 0.918062
0 0.196759 0.482024 0.100088 0.100254 0.916891
0 0.329485 0.465041 0.0532574 0.0676995 0.908718
0 0.0835275 0.511769 0.156477 0.119573 0.903669
0 0.274769 0.470047 0.0749984 0.082575 0.903012
0 0.406493 0.461602 0.0448702 0.0533735 0.902767
0 0.463129 0.48523 0.0997223 0.113839 0.889635
0 0.368143 0.464858 0.0373809 0.0516605 0.88685
0 0.727574 0.469114 0.086515 0.12773 0.871682
0 0.661309 0.453463 0.0245326 0.0470371 0.86477
0 0.571391 0.438512 0.0397185 0.0676202 0.829237
0 0.63911 0.441172 0.0167108 0.0261341 0.820729
0 0.52219 0.445879 0.0302557 0.0395528 0.799213
0 0.676021 0.462067 0.0257759 0.0604862 0.770214
0 0.596372 0.442079 0.0134509 0.0210756 0.714483
0 0.498709 0.447543 0.0231579 0.03696 0.686426
0 0.687964 0.469552 0.026389 0.0767939 0.658649
0 0.649491 0.44977 0.0134527 0.0335692 0.489628
0 0.629212 0.433932 0.0106196 0.0198122 0.445412
0 0.611934 0.428086 0.0125757 0.0170814 0.370054
0 0.607856 0.42821 0.0102949 0.0165444 0.366967
0 0.627406 0.430907 0.0103077 0.0173108 0.344422
0 0.616221 0.426288 0.0100488 0.0154833 0.343697
0 0.6446 0.445284 0.0134828 0.0288427 0.308812
0 0.624815 0.431402 0.00946293 0.0173764 0.305971
0 0.621708 0.428543 0.00989008 0.0156101 0.302764
0 0.636219 0.435333 0.0122219 0.0227012 0.302029
0 0.632716 0.438014 0.0113923 0.0217738 0.297803
0 0.609369 0.432336 0.0102921 0.0155896 0.274192
0 0.596544 0.438208 0.0120142 0.0173133 0.270882
0 0.628353 0.436771 0.00861378 0.0161648 0.269984
0 0.601599 0.432218 0.0105842 0.0178933 0.251606
