0 0.539813 0.563048 0.120518 0.228102 0.927579
0 0.412089 0.58905 0.0526823 0.0903553 0.921904
0 0.224782 0.568593 0.148446 0.245164 0.896155
0 0.464485 0.563698 0.0431346 0.0996579 0.894127
0 0.851723 0.494121 0.29576 0.948418 0.837428
0 0.340291 0.553542 0.0628181 0.130233 0.78566
0 0.383869 0.579212 0.0131931 0.0240012 0.592391
0 0.320209 0.587167 0.0466754 0.0780643 0.496272
0 0.372667 0.583459 0.012091 0.0430737 0.375625
0 0.0374143 0.547144 0.0748286 0.0468543 0.352409
0 0.440518 0.584037 0.0098732 0.0283008 0.323552
0 0.385134 0.568471 0.0156795 0.0334305 0.301046
