0 0.371007 0.540516 0.0667937 0.0926568 0.922681
0 0.51746 0.529939 0.0409022 0.0504985 0.922581
0 0.154406 0.526856 0.106366 0.10964 0.918402
0 0.560027 0.545998 0.0634847 0.0710556 0.910724
0 0.218128 0.487991 0.0277825 0.0310284 0.898305
0 0.485471 0.522709 0.0283051 0.0391081 0.890813
0 0.452462 0.509435 0.0226399 0.0285461 0.817798
0 0.241286 0.487339 0.0200936 0.0264375 0.798615
0 0.414575 0.506024 0.0204284 0.031947 0.773227
0 0.261556 0.490729 0.0213062 0.028147 0.679413
0 0.281398 0.486555 0.0166262 0.0232634 0.639811
0 0.299446 0.490356 0.0225702 0.0275687 0.628606
0 0.430547 0.501943 0.0108711 0.0198539 0.601546
0 0.31749 0.489022 0.0123925 0.0201257 0.570839
0 0.399496 0.499713 0.0129241 0.0234329 0.566292
0 0.396595 0.496019 0.0121416 0.0204522 0.54192
0 0.437967 0.505266 0.0113297 0.0221174 0.517123
0 0.441012 0.505787 0.0114924 0.0230867 0.429913
0 0.434959 0.50388 0.0113003 0.021391 0.408937
0 0.444423 0.507007 0.0117623 0.0249042 0.407561
0 0.427777 0.502336 0.00958538 0.0195402 0.393609
0 0.339405 0.480122 0.0132531 0.01859 0.390778
0 0.390144 0.489494 0.00977774 0.0149021 0.360467
0 0.393249 0.49357 0.0107244 0.0176807 0.355863
0 0.380399 0.485874 0.0116256 0.016138 0.32574
0 0.256877 0.490461 0.0149608 0.0252291 0.321778
0 0.323755 0.485667 0.0156614 0.0200758 0.314505
0 0.290926 0.486355 0.0173129 0.0258562 0.299135
0 0.303019 0.493785 0.0228458 0.0221278 0.293681
0 0.41557 0.487248 0.0167694 0.0292999 0.290013
0 0.320025 0.484343 0.0124187 0.0168013 0.286455
0 0.422987 0.491178 0.0148368 0.0277072 0.281788
0 0.323326 0.48329 0.0119396 0.0169145 0.271523
0 0.394554 0.491249 0.0101179 0.0151359 0.269301
0 0.276555 0.487514 0.0135993 0.0209817 0.262873
