0 0.508271 0.54477 0.136098 0.198537 0.921384
0 0.138122 0.611684 0.274668 0.222248 0.896479
0 0.595973 0.521384 0.042798 0.0624686 0.886502
0 0.843063 0.496884 0.299695 0.330597 0.879242
0 0.386729 0.543733 0.11658 0.0829761 0.85031
0 0.243695 0.541948 0.244003 0.174068 0.799518
0 0.0552052 0.669483 0.10964 0.231638 0.786973
0 0.657888 0.511804 0.0130754 0.0293767 0.750671
0 0.647727 0.509613 0.010969 0.0239785 0.713126
0 0.217792 0.575895 0.206764 0.153349 0.684088
0 0.639236 0.508439 0.0105284 0.0188955 0.438944
0 0.571687 0.508384 0.0181247 0.040076 0.428187
0 0.629598 0.508676 0.010224 0.016472 0.416685
0 0.652058 0.510584 0.0112235 0.0255881 0.390971
0 0.681044 0.522842 0.0395223 0.0660602 0.390103
0 0.620411 0.508914 0.0105433 0.0168732 0.3758
0 0.389074 0.497475 0.0714408 0.045569 0.348231
0 0.643373 0.507842 0.0106058 0.0213191 0.331626
0 0.631929 0.507613 0.00980968 0.0160633 0.320308
0 0.617211 0.508632 0.00945444 0.0170627 0.317318
0 0.292151 0.49786 0.0500533 0.0404088 0.311629
0 0.6337 0.509494 0.00959339 0.0165495 0.300726
0 0.392293 0.501257 0.0992594 0.0580848 0.300606
0 0.624374 0.509363 0.00959673 0.0154419 0.272414
0 0.427885 0.503845 0.0320369 0.0328964 0.262832
0 0.250508 0.581601 0.126902 0.150361 0.254764
0 0.615469 0.511423 0.0106129 0.0218764 0.250011
