0 0.631503 0.489709 0.149688 0.233114 0.931971
0 0.465634 0.437509 0.0780948 0.103421 0.918589
0 0.509023 0.394975 0.0385642 0.0602653 0.857594
0 0.566266 0.405843 0.0436713 0.081911 0.855674
0 0.530747 0.392856 0.0166041 0.039645 0.818091
0 0.312634 0.400374 0.0241119 0.0235012 0.725133
0 0.378519 0.38796 0.017608 0.025037 0.681298
0 0.328707 0.396474 0.0157348 0.0220998 0.652589
0 0.539767 0.38497 0.0119045 0.0220913 0.641461
0 0.407433 0.38824 0.0161772 0.0179447 0.630581
0 0.276251 0.397924 0.0226829 0.0243625 0.576829
0 0.215635 0.40895 0.0305476 0.027507 0.568597
0 0.188376 0.407881 0.0430927 0.0309067 0.553985
0 0.245015 0.401942 0.0237519 0.0281192 0.544557
0 0.231067 0.406262 0.0479484 0.0308472 0.517684
0 0.712003 0.366196 0.0327699 0.0264206 0.505081
0 0.293951 0.396926 0.0226971 0.0247843 0.465145
0 0.441989 0.378701 0.0261722 0.0374313 0.439415
0 0.89414 0.352806 0.0160686 0.0142737 0.412972
0 0.965119 0.345459 0.0168898 0.0164932 0.401966
0 0.341899 0.394943 0.0142313 0.0221181 0.398132
0 0.435002 0.38272 0.0207468 0.0287555 0.389329
0 0.938793 0.348086 0.0129431 0.0144073 0.378683
0 0.87942 0.3544 0.0161301 0.0140055 0.370749
0 0.424768 0.387215 0.0138812 0.018433 0.370231
0 0.951346 0.349021 0.0136673 0.0143907 0.369844
0 0.926819 0.34904 0.0147375 0.0150808 0.367268
0 0.909347 0.351304 0.0134569 0.014762 0.366861
0 0.753217 0.36434 0.0277592 0.0190272 0.359463
0 0.731255 0.367959 0.0215948 0.0192947 0.351078
0 0.991388 0.347941 0.01693 0.0209462 0.343932
0 0.86115 0.353109 0.0203505 0.0156092 0.335126
0 0.538719 0.373602 0.0157169 0.0376026 0.335069
0 0.528213 0.38062 0.015624 0.0392068 0.320347
0 0.307842 0.402282 0.0177592 0.021521 0.31586
0 0.773288 0.363995 0.018148 0.0174357 0.311888
0 0.969254 0.344222 0.0223907 0.0181858 0.305953
0 0.264966 0.399997 0.017584 0.0239409 0.296682
0 0.923854 0.350052 0.0124323 0.0141286 0.294196
0 0.381283 0.386515 0.0138918 0.0207876 0.284195
0 0.973558 0.344385 0.0131002 0.0155433 0.283155
0 0.542148 0.377598 0.0132727 0.0216783 0.282215
0 0.765709 0.361518 0.021387 0.0161172 0.277552
0 0.478753 0.377083 0.0126417 0.0183417 0.275511
0 0.874671 0.355872 0.0130356 0.0130849 0.273709
0 0.316964 0.398823 0.0189488 0.0215574 0.272526
0 0.468733 0.375723 0.0121896 0.0183095 0.271397
0 0.248741 0.403355 0.0166958 0.0238834 0.270527
0 0.404593 0.389781 0.0126867 0.0155289 0.268173
0 0.52921 0.379898 0.0120864 0.0232149 0.268049
0 0.901281 0.352031 0.013423 0.0138075 0.26607
0 0.947878 0.349042 0.0136438 0.0131746 0.26584
0 0.800376 0.358727 0.0158882 0.0160975 0.265754
0 0.930603 0.34891 0.0117428 0.0129851 0.264874
0 0.9344 0.348681 0.0127752 0.0139116 0.264527
0 0.477415 0.373408 0.0133782 0.0190848 0.264436
0 0.325473 0.397004 0.0145728 0.0200173 0.259913
0 0.956571 0.346381 0.0159748 0.015792 0.252659
0 0.0464642 0.407242 0.0180544 0.0129974 0.252273
0 0.613611 0.365191 0.0248617 0.0252942 0.251799
0 0.739963 0.366599 0.0143783 0.0166626 0.251659
