0 0.546154 0.528885 0.111896 0.172496 0.903844
0 0.329133 0.505088 0.0428072 0.0537574 0.880681
0 0.347926 0.489644 0.025589 0.048396 0.845889
0 0.394907 0.504762 0.0418905 0.0606796 0.816551
0 0.361303 0.47795 0.011146 0.0226968 0.656164
0 0.972658 0.468875 0.0546838 0.0870156 0.62193
0 0.370308 0.476588 0.0116246 0.0213196 0.554833
0 0.389117 0.469912 0.027113 0.0340474 0.548544
0 0.929355 0.489151 0.0449509 0.0285343 0.487352
0 0.422918 0.497488 0.0197433 0.0282042 0.483813
0 0.227704 0.461953 0.0218372 0.0212433 0.471502
0 0.158189 0.469118 0.0201795 0.0136229 0.44055
0 0.325969 0.473053 0.0152855 0.0148634 0.438541
0 0.19385 0.464556 0.0197614 0.0176349 0.427321
0 0.803436 0.487524 0.0473105 0.0187547 0.408368
0 0.649697 0.487912 0.0173719 0.0249532 0.400674
0 0.0188526 0.46477 0.0377052 0.044873 0.390798
0 0.209192 0.465271 0.0130979 0.0155872 0.386043
0 0.262574 0.473801 0.0139956 0.0156625 0.36906
0 0.634803 0.48491 0.0205412 0.02396 0.367381
0 0.288511 0.477035 0.0128962 0.0150119 0.364969
0 0.31253 0.475072 0.0125767 0.014693 0.351339
0 0.711219 0.502905 0.0162554 0.021235 0.348346
0 0.615542 0.480148 0.0204601 0.0213821 0.344645
0 0.143882 0.466155 0.0141146 0.0129776 0.340767
0 0.0617731 0.459972 0.0220216 0.0166311 0.340642
0 0.133143 0.465454 0.0128581 0.0121241 0.335838
0 0.936165 0.477414 0.0529512 0.0528402 0.333137
0 0.113928 0.465598 0.0212342 0.0154546 0.324699
0 0.0827175 0.465174 0.0127414 0.0110906 0.296326
0 0.697232 0.505694 0.0178398 0.0172112 0.289795
0 0.278683 0.475578 0.0129885 0.0139284 0.28479
0 0.436264 0.47479 0.027341 0.0275262 0.284591
0 0.0927678 0.465512 0.013484 0.0123886 0.28333
0 0.312101 0.480067 0.0148758 0.0215652 0.274834
0 0.198806 0.467369 0.0129866 0.0150367 0.270628
0 0.351213 0.489501 0.0191343 0.0354672 0.26172
0 0.186392 0.466102 0.00995433 0.0134255 0.261113
0 0.127169 0.463605 0.0134379 0.0126375 0.257219
0 0.196955 0.464593 0.0142643 0.015007 0.252595
0 0.0870391 0.465601 0.0131775 0.0110443 0.250603
