0 0.45177 0.380442 0.0393128 0.0513704 0.831006
0 0.816153 0.347065 0.0930491 0.0800487 0.725656
0 0.242455 0.384728 0.0393558 0.0264542 0.448876
0 0.0249483 0.435867 0.0498966 0.0745829 0.396736
0 0.0893522 0.41813 0.0480859 0.0574951 0.367225
0 0.433389 0.383435 0.01232 0.0389031 0.334761
0 0.934872 0.327095 0.0921671 0.0953023 0.334121
0 0.615779 0.325479 0.136342 0.112799 0.327584
0 0.038311 0.428274 0.0656005 0.070893 0.308662
0 0.873555 0.338202 0.031464 0.034245 0.306288
0 0.166688 0.406891 0.0348032 0.0561781 0.288691
0 0.646957 0.335156 0.0744673 0.0783081 0.287926
0 0.0727591 0.424869 0.0555994 0.0647251 0.275646
0 0.357394 0.371495 0.0177215 0.0198574 0.262286
