0 0.380177 0.621457 0.0599381 0.0903575 0.910141
0 0.550459 0.615771 0.0619507 0.0883408 0.89044
0 0.756139 0.63517 0.267846 0.311902 0.882148
0 0.410483 0.612196 0.0227191 0.0540604 0.874839
0 0.455137 0.61575 0.0285178 0.043012 0.856684
0 0.493291 0.611022 0.0265496 0.0409687 0.77341
0 0.436394 0.611566 0.0151998 0.0257692 0.739466
0 0.51427 0.609701 0.016033 0.0279148 0.620064
0 0.0325311 0.618017 0.0553408 0.0281606 0.486074
0 0.473712 0.610812 0.0147275 0.0262451 0.402816
0 0.535254 0.586394 0.0357712 0.0430623 0.362998
0 0.0444904 0.6139 0.0783006 0.0335158 0.331386
0 0.0713834 0.6163 0.0305484 0.0253701 0.275055
