0 0.712247 0.466845 0.154067 0.182653 0.940276
0 0.379714 0.438079 0.079335 0.167648 0.890233
0 0.199543 0.48454 0.366432 0.445735 0.889844
0 0.868111 0.549441 0.263778 0.387029 0.850565
0 0.544179 0.511813 0.178662 0.253692 0.794775
0 0.47379 0.454596 0.0575697 0.151797 0.56799
0 0.496993 0.454629 0.107247 0.158535 0.434066
0 0.0191889 0.454589 0.0380923 0.187615 0.402747
0 0.452365 0.414754 0.0143485 0.0272442 0.360765
0 0.0167189 0.407548 0.0334379 0.0504076 0.304928
0 0.619103 0.438664 0.051579 0.11878 0.293329
0 0.777831 0.404123 0.0264103 0.0433289 0.283794
0 0.0209328 0.394653 0.0417346 0.0684957 0.270189
0 0.601253 0.43798 0.0861746 0.124239 0.267791
