0 0.571275 0.463332 0.118907 0.166474 0.918541
0 0.336776 0.448615 0.102155 0.133134 0.905983
0 0.153573 0.345721 0.30704 0.36627 0.889454
0 0.451025 0.4296 0.0407176 0.0604675 0.881933
0 0.400657 0.414392 0.0167438 0.0360119 0.819357
0 0.383706 0.424688 0.0313091 0.0697167 0.79326
0 0.36446 0.364051 0.0648997 0.0591749 0.723357
0 0.472795 0.410871 0.0144699 0.0236079 0.700041
0 0.424739 0.409818 0.0141782 0.0218803 0.588304
0 0.411774 0.409177 0.011615 0.0202562 0.403751
0 0.451277 0.403978 0.0289321 0.0256907 0.392677
0 0.436016 0.39451 0.0125775 0.0225447 0.319775
0 0.456862 0.396709 0.0156857 0.0174111 0.307228
0 0.427808 0.410384 0.0124223 0.0206467 0.299645
0 0.447785 0.388148 0.0155268 0.017628 0.296786
0 0.459322 0.39027 0.0121533 0.0157893 0.268843
0 0.44786 0.393558 0.0152343 0.0168374 0.267923
0 0.430204 0.403831 0.0126998 0.0205702 0.265944
0 0.418236 0.407673 0.0114781 0.0201263 0.262548
0 0.457702 0.394214 0.0128008 0.0139664 0.261404
0 0.429376 0.395177 0.0148478 0.0255593 0.254794
