0 0.580788 0.328935 0.0593251 0.0984495 0.93238
0 0.308592 0.223822 0.15459 0.32689 0.900895
0 0.192788 0.349348 0.237122 0.232447 0.899507
0 0.484067 0.333832 0.158626 0.326389 0.897909
0 0.834419 0.385751 0.330967 0.611077 0.875131
0 0.621241 0.324405 0.0350437 0.0502377 0.819326
0 0.673811 0.323897 0.0548752 0.0821292 0.730162
0 0.553688 0.28213 0.0222478 0.0385384 0.493971
0 0.384753 0.298565 0.0131448 0.0711977 0.447891
0 0.620698 0.280458 0.0449815 0.0648282 0.401594
0 0.390997 0.296584 0.0158739 0.0640435 0.325951
0 0.413546 0.32001 0.0275281 0.124242 0.254873
