0 0.377271 0.451281 0.0544811 0.0607847 0.923742
0 0.445853 0.449302 0.0285131 0.0346059 0.915315
0 0.768546 0.549631 0.195753 0.201679 0.911041
0 0.609418 0.464562 0.0363287 0.0503844 0.895503
0 0.666469 0.475944 0.0972385 0.122474 0.889152
0 0.58063 0.455807 0.0153614 0.0287274 0.79481
0 0.688531 0.504657 0.0588523 0.0974631 0.784419
0 0.470054 0.450581 0.0132957 0.0272519 0.765676
0 0.484242 0.452661 0.0149283 0.022908 0.735512
0 0.595352 0.457676 0.0200554 0.0385708 0.703476
0 0.569568 0.4581 0.0120167 0.018768 0.606691
0 0.454401 0.450129 0.0195395 0.0318512 0.434304
0 0.4613 0.449197 0.0118105 0.0281447 0.409518
0 0.487924 0.452933 0.0120671 0.0219791 0.385227
0 0.525816 0.458485 0.0125395 0.0161012 0.383136
0 0.478768 0.452084 0.0127029 0.0235779 0.342659
0 0.475857 0.450534 0.0113027 0.0233692 0.313194
0 0.507763 0.45727 0.0197374 0.0174662 0.312784
0 0.584684 0.45576 0.0141854 0.0323495 0.306623
0 0.492636 0.453414 0.0107688 0.0192986 0.27921
0 0.498098 0.457898 0.0115375 0.0164519 0.276417
0 0.458008 0.447045 0.0132857 0.0261658 0.266151
0 0.513263 0.458214 0.0136362 0.0157371 0.262161
0 0.490197 0.453887 0.0109057 0.0161299 0.254279
