0 0.218675 0.433455 0.0306792 0.0422502 0.921844
0 0.525298 0.430857 0.0251211 0.0320262 0.921179
0 0.593146 0.445131 0.0613933 0.0708593 0.918738
0 0.67533 0.465203 0.0833162 0.109641 0.909148
0 0.0191984 0.45062 0.0383968 0.0792962 0.908424
0 0.881268 0.520565 0.236914 0.216125 0.901723
0 0.745943 0.484988 0.135818 0.143422 0.898657
0 0.100456 0.444989 0.0772346 0.0633536 0.894096
0 0.193412 0.434482 0.0315402 0.0464801 0.892873
0 0.159782 0.437176 0.0510025 0.0548642 0.891646
0 0.243338 0.429067 0.031236 0.0434706 0.887371
0 0.502668 0.423716 0.0134095 0.0262987 0.854633
0 0.512837 0.427223 0.0158977 0.0289886 0.852374
0 0.316014 0.424825 0.0174569 0.0286957 0.818753
0 0.481662 0.425122 0.0185509 0.0261361 0.814811
0 0.355745 0.423112 0.0198042 0.0283062 0.795482
0 0.45854 0.421127 0.0160861 0.025631 0.727198
0 0.472508 0.405713 0.0138287 0.0236657 0.694328
0 0.273761 0.429993 0.0151249 0.0314334 0.692427
0 0.332529 0.42158 0.0181263 0.0198381 0.616473
0 0.495917 0.421039 0.0114563 0.0233865 0.608059
0 0.45822 0.408936 0.0136282 0.0223623 0.564018
0 0.471759 0.393865 0.0124342 0.0231949 0.495452
0 0.986382 0.599387 0.0267286 0.202137 0.495446
0 0.491586 0.40948 0.0113104 0.0196169 0.452647
0 0.492307 0.413361 0.0109266 0.0189323 0.445547
0 0.507222 0.425426 0.0140154 0.0294044 0.418382
0 0.459033 0.397889 0.0115946 0.0170498 0.407422
0 0.389111 0.389906 0.011636 0.0167618 0.398494
0 0.339412 0.421044 0.0132535 0.0177933 0.385887
0 0.382362 0.398976 0.00962625 0.0161804 0.367364
0 0.459149 0.385963 0.0115284 0.016343 0.358816
0 0.500292 0.421493 0.0122952 0.0265176 0.347915
0 0.469753 0.378927 0.00920277 0.0124471 0.343752
0 0.458922 0.363907 0.00946503 0.0133501 0.34194
0 0.469498 0.383242 0.0100488 0.0128927 0.327616
0 0.328727 0.422349 0.0129081 0.0194587 0.327414
0 0.459346 0.366971 0.00931559 0.0115609 0.318171
0 0.472268 0.39839 0.0108733 0.016399 0.308496
0 0.470687 0.414987 0.0114569 0.0188377 0.29592
0 0.455477 0.382807 0.00860977 0.0106269 0.291798
0 0.384716 0.396702 0.00959597 0.0154807 0.279483
0 0.482611 0.396263 0.0106995 0.0156362 0.277666
0 0.35209 0.384744 0.0121435 0.0149222 0.273609
0 0.543987 0.42708 0.0140324 0.0167757 0.269386
0 0.259908 0.418089 0.0333622 0.0390364 0.269055
0 0.479859 0.386946 0.00909796 0.0128401 0.266903
0 0.454307 0.373744 0.00887127 0.0115689 0.257662
0 0.555004 0.425407 0.0159629 0.0164452 0.256323
0 0.381118 0.402735 0.0112028 0.0193946 0.251399
