0 0.808769 0.377925 0.0304222 0.0460498 0.804913
0 0.722479 0.383553 0.0486833 0.0473641 0.757584
0 0.783525 0.375909 0.013507 0.0248484 0.749985
0 0.82406 0.386124 0.034923 0.040489 0.74271
0 0.791735 0.377582 0.012461 0.0292016 0.686729
0 0.771819 0.374448 0.0142309 0.0211507 0.663957
0 0.750267 0.363987 0.0247736 0.0538542 0.567309
0 0.775924 0.374832 0.0134871 0.021902 0.391759
0 0.767668 0.375048 0.011004 0.0195935 0.391532
0 0.750853 0.375535 0.0221258 0.0339413 0.360047
0 0.787539 0.376045 0.0133904 0.0255898 0.292884
0 0.779259 0.374988 0.0129848 0.0242235 0.288723
