0 0.606283 0.647845 0.0585819 0.101152 0.944295
0 0.569755 0.635109 0.0539388 0.0724891 0.92413
0 0.677298 0.652137 0.124689 0.163086 0.915064
0 0.127088 0.63081 0.0831171 0.103839 0.902
0 0.465045 0.658394 0.127075 0.20459 0.900646
0 0.543691 0.628561 0.0345652 0.0605933 0.888181
0 0.829239 0.685462 0.277471 0.280469 0.886615
0 0.0342751 0.686824 0.0685502 0.23945 0.869514
0 0.0492773 0.631244 0.084062 0.129304 0.855159
0 0.322331 0.613078 0.0310763 0.0396851 0.846174
0 0.21077 0.629914 0.093988 0.139118 0.844104
0 0.389969 0.607314 0.0170029 0.0246748 0.750809
0 0.526771 0.624827 0.016231 0.0471659 0.722652
0 0.341947 0.611726 0.0123753 0.0297385 0.6867
0 0.377934 0.60768 0.011948 0.0228845 0.611382
0 0.403231 0.60537 0.0130623 0.0207174 0.529694
0 0.181854 0.589396 0.039695 0.0470951 0.495923
0 0.349397 0.610039 0.0118968 0.0279455 0.494658
0 0.411572 0.606835 0.015204 0.0215649 0.483453
0 0.374521 0.607614 0.0102805 0.0221561 0.327918
0 0.180958 0.60278 0.042167 0.0723421 0.313772
0 0.338647 0.611489 0.0112381 0.0299735 0.3118
0 0.412501 0.606393 0.00986633 0.0182451 0.296605
0 0.399746 0.605224 0.0138857 0.0207436 0.291102
0 0.382115 0.606959 0.0126778 0.0233624 0.268781
0 0.406399 0.604831 0.0133451 0.019932 0.261701
0 0.303225 0.602788 0.0158415 0.044646 0.261106
0 0.344274 0.611736 0.0124953 0.0244013 0.256952
0 0.397373 0.602845 0.011378 0.0238186 0.251153
