0 0.23412 0.338621 0.0628515 0.0675953 0.899968
0 0.689124 0.408312 0.171291 0.172322 0.894723
0 0.472704 0.339959 0.0423205 0.0664753 0.882545
0 0.439445 0.324681 0.0233173 0.0348326 0.817893
0 0.321082 0.33225 0.0333724 0.0370545 0.816864
0 0.53404 0.326313 0.0192293 0.0267205 0.812101
0 0.307042 0.322865 0.0223792 0.0352311 0.755942
0 0.49345 0.318825 0.011649 0.0212673 0.560848
0 0.414131 0.316806 0.0122903 0.0177954 0.552941
0 0.506003 0.319229 0.0118362 0.0164711 0.490847
0 0.346379 0.318052 0.0126613 0.0151531 0.452844
0 0.526079 0.319545 0.0137777 0.0201301 0.451437
0 0.453053 0.320437 0.00926695 0.0205992 0.411243
0 0.50911 0.31993 0.0134064 0.0169724 0.387247
0 0.513043 0.320692 0.010478 0.0157007 0.38695
0 0.504046 0.32131 0.0106887 0.0156787 0.373322
0 0.521574 0.320986 0.0111799 0.0178357 0.341281
0 0.394091 0.308126 0.0111235 0.0172976 0.336156
0 0.0214366 0.273997 0.0428732 0.0719842 0.323851
0 0.466458 0.299732 0.0143986 0.016428 0.322997
0 0.514841 0.319169 0.0104716 0.0158562 0.313815
0 0.524031 0.320616 0.0102351 0.0159542 0.30415
0 0.392224 0.306321 0.0107598 0.0182707 0.29913
0 0.496778 0.320359 0.0113935 0.0181964 0.288504
0 0.416834 0.315591 0.00896206 0.0137202 0.285155
0 0.335951 0.321344 0.0120664 0.0171944 0.282387
0 0.490323 0.318901 0.0103568 0.016937 0.266397
0 0.403161 0.300514 0.00962429 0.016484 0.257554
0 0.465888 0.303347 0.011837 0.0162307 0.256181
0 0.408035 0.309474 0.00911255 0.0144869 0.252573
