0 0.541187 0.577175 0.0559218 0.0790727 0.937673
0 0.585972 0.594848 0.0711787 0.110918 0.936231
0 0.259174 0.568296 0.0947987 0.129719 0.928917
0 0.683984 0.618885 0.195119 0.19982 0.921916
0 0.910521 0.460164 0.178688 0.879361 0.921307
0 0.459202 0.570261 0.109158 0.193705 0.906747
0 0.358556 0.56305 0.0397314 0.049999 0.887506
0 0.0910253 0.629636 0.182051 0.19771 0.873654
0 0.38755 0.558448 0.0160613 0.0376328 0.850738
0 0.396359 0.553677 0.0235879 0.0427811 0.801828
0 0.3809 0.560546 0.0143548 0.0403975 0.797043
0 0.408922 0.554273 0.010643 0.0327927 0.336994
0 0.400754 0.554575 0.0152683 0.0386224 0.283594
0 0.395868 0.557324 0.0138688 0.0370826 0.278491
0 0.407158 0.556483 0.00817118 0.0245226 0.26724
0 0.377635 0.558407 0.0143658 0.0368028 0.257272
