0 0.231699 0.523647 0.145625 0.18434 0.918847
0 0.877115 0.534481 0.230009 0.250367 0.88424
0 0.361603 0.491315 0.0359517 0.0705865 0.872873
0 0.311267 0.51191 0.0559522 0.0944156 0.845578
0 0.502272 0.503476 0.0302883 0.0458064 0.813235
0 0.591774 0.448922 0.159307 0.2664 0.762053
0 0.760364 0.513202 0.0533196 0.0723904 0.759027
0 0.384257 0.501246 0.0140773 0.0235677 0.744296
0 0.301434 0.52406 0.0331861 0.0917935 0.693434
0 0.458883 0.503123 0.0284673 0.0266295 0.638394
0 0.393754 0.497422 0.0108655 0.0214233 0.539041
0 0.45166 0.493532 0.0213948 0.0274465 0.495188
0 0.417683 0.500937 0.0242877 0.02346 0.417533
0 0.437677 0.485052 0.0111075 0.0233575 0.395666
0 0.411521 0.499561 0.0215263 0.0227744 0.388339
0 0.496478 0.483666 0.0332999 0.0464825 0.383074
0 0.389655 0.497913 0.0127729 0.0239485 0.326559
0 0.395826 0.4955 0.0101449 0.0205522 0.325661
0 0.450209 0.486676 0.0207981 0.0350622 0.325251
0 0.451412 0.500993 0.0181186 0.023641 0.32264
0 0.407662 0.500196 0.0149087 0.0201628 0.317994
0 0.487692 0.491855 0.0305296 0.0404968 0.314133
0 0.991115 0.525921 0.0177694 0.0527969 0.311245
0 0.420868 0.502449 0.0169968 0.0200229 0.283148
0 0.990233 0.558828 0.0195336 0.116474 0.264842
0 0.441654 0.489898 0.0126901 0.0209152 0.252216
