0 0.193358 0.384798 0.11264 0.0997735 0.891559
0 0.391098 0.338043 0.032872 0.0452553 0.820932
0 0.417458 0.336372 0.0226263 0.0357412 0.592781
0 0.453541 0.334242 0.0277429 0.0298041 0.550553
0 0.453217 0.327944 0.0337466 0.0418524 0.338161
0 0.595468 0.322863 0.0182279 0.0203865 0.325102
0 0.488466 0.329213 0.0244742 0.026381 0.314581
0 0.53375 0.331125 0.0151616 0.0200887 0.298463
0 0.450896 0.337079 0.0186039 0.0204071 0.293133
0 0.413237 0.338585 0.016484 0.0327045 0.27217
0 0.421168 0.338108 0.0150226 0.0305467 0.256925
0 0.515976 0.32837 0.0159769 0.0237905 0.255914
