0 0.468028 0.479667 0.0394966 0.0523003 0.944302
0 0.521085 0.471804 0.0284565 0.0431805 0.916456
0 0.346199 0.465851 0.0256467 0.0374674 0.91412
0 0.158468 0.386524 0.311056 0.391516 0.875953
0 0.373061 0.464249 0.0285554 0.0490616 0.853939
0 0.499863 0.465965 0.0203403 0.0318751 0.840203
0 0.410042 0.453267 0.0523532 0.0846264 0.803428
0 0.438374 0.461004 0.0142781 0.0370726 0.730054
0 0.484117 0.459217 0.00930691 0.01587 0.370473
0 0.447937 0.456709 0.0113153 0.0235012 0.367608
0 0.0091644 0.503689 0.0183288 0.110684 0.34811
0 0.480152 0.459396 0.0110347 0.0179877 0.306761
0 0.360125 0.460161 0.0109252 0.0266508 0.286321
0 0.451519 0.454277 0.0114685 0.0209293 0.275863
0 0.445233 0.455784 0.0111972 0.0232169 0.257398
0 0.310165 0.448383 0.0149209 0.0254645 0.256289
0 0.442213 0.455857 0.0116175 0.0262851 0.251592
