0 0.13943 0.800296 0.244543 0.20715 0.917819
0 0.337144 0.744204 0.0279002 0.0424981 0.90904
0 0.306114 0.745754 0.0435043 0.0517302 0.888894
0 0.501341 0.781525 0.0847047 0.121968 0.888654
0 0.613866 0.760433 0.043295 0.0556834 0.88329
0 0.718815 0.735969 0.156491 0.221187 0.883056
0 0.551661 0.759361 0.0267933 0.0388553 0.88304
0 0.574343 0.75394 0.0212975 0.031062 0.862261
0 0.357679 0.746139 0.0194047 0.0321291 0.829196
0 0.371799 0.743346 0.0216938 0.0328988 0.774684
0 0.414308 0.743614 0.0113387 0.020865 0.762395
0 0.028852 0.729646 0.0573542 0.0867118 0.761789
0 0.438159 0.748756 0.0257396 0.0356556 0.755515
0 0.589206 0.757436 0.0171649 0.0359663 0.74096
0 0.402614 0.744583 0.0176051 0.0227161 0.737745
0 0.0486094 0.726618 0.0622526 0.0691945 0.697892
0 0.465811 0.744216 0.0140134 0.0255256 0.673554
0 0.0802137 0.725083 0.0480982 0.040086 0.658619
0 0.250704 0.744808 0.0251167 0.0400665 0.595963
0 0.454467 0.740421 0.0116452 0.0201643 0.560539
0 0.263063 0.73367 0.0438648 0.0405428 0.557716
0 0.381213 0.744743 0.0133065 0.0287884 0.507076
0 0.420235 0.744559 0.0117838 0.0193997 0.487487
0 0.254363 0.739137 0.0328547 0.0426854 0.419652
0 0.423206 0.743856 0.0104708 0.0187005 0.390235
0 0.819526 0.761438 0.0565552 0.076867 0.375316
0 0.538829 0.74409 0.0128463 0.0208717 0.356451
0 0.456843 0.739015 0.0107777 0.0183026 0.320086
0 0.539803 0.749493 0.0117204 0.0248966 0.276707
0 0.563255 0.75193 0.0109508 0.0229672 0.262098
