0 0.380718 0.453597 0.0544283 0.071296 0.905831
0 0.228919 0.47482 0.308781 0.183663 0.880579
0 0.520307 0.447244 0.0247543 0.0395604 0.878664
0 0.543293 0.453348 0.0447616 0.0499186 0.871794
0 0.506971 0.440684 0.0279271 0.0430391 0.866723
0 0.104199 0.438545 0.208398 0.167446 0.823549
0 0.340685 0.435177 0.0254905 0.0302595 0.652874
0 0.453593 0.444357 0.0119687 0.0178206 0.620547
0 0.482512 0.445579 0.0121325 0.019271 0.594326
0 0.312726 0.433396 0.0306536 0.0279505 0.509126
0 0.470534 0.444547 0.00951996 0.0155039 0.456363
0 0.419802 0.442808 0.0108275 0.014798 0.437757
0 0.443775 0.441909 0.00939474 0.0136276 0.428589
0 0.488085 0.44709 0.0137616 0.0240463 0.403911
0 0.491664 0.446562 0.0105393 0.0227195 0.39679
0 0.473488 0.445207 0.00910168 0.0156514 0.382806
0 0.476471 0.446385 0.0103044 0.0171792 0.382171
0 0.433439 0.443051 0.00934963 0.0118488 0.352417
0 0.409725 0.440712 0.0111515 0.0173413 0.345217
0 0.465553 0.44282 0.00892715 0.0153456 0.344341
0 0.425452 0.443892 0.00886507 0.0124985 0.321152
0 0.422311 0.443969 0.0106267 0.0141517 0.310182
0 0.499765 0.443274 0.0176026 0.0325762 0.304794
0 0.472059 0.442067 0.00955019 0.0170336 0.3046
0 0.43662 0.442609 0.00945311 0.0118919 0.298827
0 0.439636 0.441903 0.0092905 0.0121045 0.292795
0 0.336069 0.4382 0.0209299 0.0244254 0.292735
0 0.48074 0.443941 0.0123598 0.0258801 0.288305
0 0.429027 0.442835 0.00844593 0.0119685 0.276844
0 0.427273 0.442624 0.00916243 0.0137619 0.27639
0 0.408079 0.438596 0.00920372 0.0163718 0.26867
0 0.423491 0.440896 0.0101704 0.0153688 0.255258
