0 0.149948 0.773998 0.018102 0.0232768 0.880542
0 0.0710645 0.777243 0.016659 0.0201582 0.786164
0 0.173919 0.767854 0.0140738 0.0186761 0.757782
0 0.239738 0.753806 0.0148877 0.0232383 0.713712
0 0.353327 0.750364 0.018627 0.0245553 0.703969
0 0.256259 0.75347 0.0175068 0.0290176 0.6277
0 0.226922 0.757093 0.0130542 0.018099 0.560444
0 0.568734 0.726069 0.0211822 0.0177005 0.544532
0 0.0601482 0.774861 0.0117217 0.0185069 0.432407
0 0.0343647 0.773259 0.0140829 0.0166304 0.364905
0 0.565606 0.725891 0.0143522 0.0145432 0.31212
0 0.121535 0.76742 0.0150202 0.0167387 0.306515
0 0.0212127 0.774607 0.0118144 0.0158654 0.301143
0 0.5073 0.725028 0.0504266 0.0241947 0.300233
0 0.399139 0.723945 0.0212939 0.0183351 0.299648
0 0.210782 0.755857 0.0114088 0.0134047 0.292917
0 0.247175 0.756288 0.0107413 0.0209108 0.270932
0 0.107431 0.765362 0.0150453 0.0156328 0.261155
0 0.037311 0.773185 0.0113317 0.0144697 0.259413
