0 0.410688 0.531327 0.0369039 0.051897 0.902729
0 0.276386 0.553448 0.0500877 0.0524851 0.876467
0 0.34475 0.551563 0.0491802 0.0504739 0.861193
0 0.919971 0.694594 0.159941 0.389121 0.855616
0 0.574073 0.527225 0.0285133 0.0464925 0.842951
0 0.378148 0.545323 0.0295902 0.0404783 0.822935
0 0.55647 0.519395 0.0131621 0.0244897 0.794604
0 0.87472 0.555973 0.14208 0.11317 0.79096
0 0.509578 0.508836 0.0109505 0.0145435 0.681145
0 0.300437 0.540264 0.0471713 0.0601847 0.661308
0 0.386446 0.540016 0.0187672 0.036476 0.534119
0 0.547947 0.511925 0.0102251 0.0161452 0.506388
0 0.4767 0.510038 0.0140157 0.0185618 0.505406
0 0.490342 0.508602 0.0142814 0.0144862 0.492812
0 0.359301 0.520734 0.0299576 0.0210519 0.481318
0 0.0517706 0.540921 0.103183 0.10748 0.474141
0 0.532314 0.508404 0.0160238 0.0171582 0.444817
0 0.519496 0.507554 0.00935192 0.0136717 0.428513
0 0.499861 0.51037 0.00915432 0.0142153 0.379055
0 0.332273 0.524719 0.020407 0.0192834 0.351349
0 0.528366 0.508094 0.0127494 0.0169668 0.322909
0 0.49735 0.508488 0.0107617 0.0146395 0.322155
0 0.506531 0.508257 0.010546 0.0146898 0.315646
0 0.375636 0.517133 0.0235546 0.0234236 0.303384
0 0.0164203 0.529491 0.032651 0.127622 0.294961
0 0.386985 0.52701 0.0170386 0.0237132 0.285031
0 0.986582 0.485058 0.0245531 0.0306793 0.284135
0 0.538833 0.509223 0.0109973 0.0152286 0.281049
0 0.548825 0.515713 0.0109519 0.0187144 0.280004
0 0.482584 0.51003 0.0132435 0.016263 0.277252
0 0.513785 0.509712 0.0100624 0.0152839 0.275679
0 0.525447 0.508177 0.00997601 0.0136834 0.272732
0 0.512348 0.507572 0.00862961 0.0130739 0.267555
0 0.473369 0.507454 0.0203046 0.026059 0.265389
0 0.449061 0.507972 0.0230445 0.0292736 0.264021
0 0.542741 0.510468 0.0100204 0.0147485 0.25982
