0 0.590895 0.444443 0.0413747 0.0559084 0.935382
0 0.548752 0.458313 0.059437 0.0721839 0.924767
0 0.243012 0.501775 0.16269 0.174542 0.912382
0 0.735781 0.533995 0.241246 0.238183 0.905337
0 0.453011 0.502228 0.130496 0.18055 0.885068
0 0.500606 0.431574 0.0274865 0.0455485 0.879858
0 0.329788 0.467529 0.0630764 0.0847105 0.872094
0 0.381072 0.451916 0.0437226 0.0579071 0.837912
0 0.398252 0.429246 0.0212558 0.0275294 0.525404
0 0.373429 0.424341 0.0232514 0.0203064 0.47817
0 0.342769 0.428835 0.0192685 0.0189312 0.423891
0 0.350689 0.430182 0.0215764 0.0218135 0.404264
0 0.373181 0.429703 0.0269693 0.0287308 0.383503
0 0.314542 0.426649 0.0259161 0.0144153 0.334875
0 0.345243 0.434331 0.0232299 0.0268975 0.308101
0 0.355021 0.42973 0.0149919 0.0203613 0.268873
0 0.358049 0.427669 0.0126785 0.0179136 0.253829
