0 0.510058 0.427983 0.0583682 0.0733224 0.936163
0 0.553086 0.411581 0.0304914 0.0410697 0.921608
0 0.421269 0.454309 0.118605 0.160245 0.914167
0 0.169264 0.56789 0.338528 0.348591 0.901364
0 0.857504 0.356035 0.284992 0.462067 0.879489
0 0.658517 0.400441 0.0360012 0.0609838 0.843213
0 0.674923 0.409918 0.0377953 0.0616397 0.81891
0 0.569051 0.406161 0.017599 0.0317105 0.81304
0 0.579149 0.399572 0.0178371 0.0328786 0.772565
0 0.629626 0.397449 0.010983 0.0207755 0.702842
0 0.619927 0.397889 0.0119881 0.0212087 0.674366
0 0.639284 0.398287 0.0127604 0.0338459 0.668199
0 0.55938 0.409001 0.0270864 0.0383158 0.605626
0 0.589906 0.397139 0.0099596 0.0185988 0.57214
0 0.696266 0.417041 0.0238004 0.0889238 0.513893
0 0.714111 0.409434 0.0415756 0.136946 0.412732
0 0.572804 0.403485 0.0176507 0.0334886 0.34587
0 0.607253 0.393933 0.0112734 0.015387 0.34491
0 0.627305 0.398291 0.0101991 0.0203203 0.318969
0 0.597074 0.394366 0.0097414 0.015087 0.313468
0 0.704361 0.411762 0.0316535 0.113315 0.300068
0 0.632862 0.398015 0.011546 0.0286318 0.268742
0 0.642823 0.402604 0.0136811 0.0353451 0.260929
0 0.585817 0.398398 0.0105525 0.0220115 0.259534
0 0.606854 0.389408 0.0137408 0.0225905 0.254096
