0 0.28678 0.443593 0.0467769 0.0723158 0.925789
0 0.469282 0.464439 0.0550488 0.065557 0.915558
0 0.202393 0.402634 0.0296418 0.0413057 0.831163
0 0.0507736 0.411986 0.0466215 0.0289347 0.826236
0 0.148662 0.413611 0.0423669 0.0264981 0.79932
0 0.308313 0.431556 0.0127772 0.033591 0.761961
0 0.322737 0.423265 0.0104884 0.012411 0.515968
0 0.247318 0.416977 0.0109106 0.0140101 0.441289
0 0.253007 0.409426 0.0127226 0.0196159 0.419888
0 0.335535 0.425633 0.0117236 0.0132638 0.416635
0 0.0896815 0.414177 0.0389706 0.0178957 0.395924
0 0.221172 0.41872 0.0154234 0.0143862 0.388394
0 0.267802 0.418382 0.0111517 0.0185262 0.361971
0 0.342963 0.42447 0.014515 0.0144713 0.335284
0 0.253314 0.414218 0.0114166 0.0137309 0.304474
0 0.320728 0.422319 0.0124339 0.0190031 0.29886
0 0.324956 0.423532 0.0106283 0.0150664 0.278452
0 0.310368 0.427669 0.0109057 0.0218892 0.27637
0 0.269641 0.416087 0.0125557 0.0194121 0.273318
0 0.333049 0.424092 0.0119717 0.0143365 0.262747
0 0.222682 0.421593 0.0149578 0.0182463 0.261596
0 0.33947 0.424672 0.014234 0.0144021 0.257571
0 0.0855718 0.411573 0.0280225 0.0159627 0.254301
