0 0.865113 0.542977 0.262389 0.207121 0.938035
0 0.515816 0.49693 0.109524 0.142855 0.925201
0 0.8903 0.687807 0.2194 0.359423 0.918869
0 0.652101 0.567291 0.222891 0.219451 0.910695
0 0.177043 0.440346 0.0337418 0.0335919 0.910298
0 0.22081 0.448013 0.0397881 0.0371884 0.889587
0 0.372697 0.57876 0.201775 0.282628 0.883877
0 0.462057 0.471514 0.0488038 0.0898773 0.87096
0 0.256264 0.448326 0.0339248 0.034612 0.867456
0 0.335441 0.440877 0.128667 0.0853034 0.733523
0 0.0984091 0.427561 0.0272806 0.0262187 0.724213
0 0.580268 0.474321 0.0390832 0.0472555 0.527824
0 0.42616 0.438639 0.030272 0.0211224 0.507274
0 0.370795 0.4312 0.0537028 0.0249005 0.504146
0 0.415662 0.423182 0.0375223 0.0348268 0.464539
0 0.420712 0.42929 0.0386215 0.0317929 0.437027
0 0.367397 0.436502 0.0601608 0.039641 0.348056
0 0.381221 0.427686 0.0755457 0.0290371 0.337612
0 0.0292831 0.415187 0.0129052 0.0165429 0.28044
0 0.0876253 0.425023 0.0133671 0.0221692 0.253528
