0 0.102757 0.573746 0.15603 0.164702 0.90908
0 0.191023 0.555975 0.049388 0.0563892 0.903979
0 0.378275 0.553269 0.0452459 0.0780234 0.903906
0 0.28453 0.549604 0.0563533 0.0626738 0.894433
0 0.448382 0.559246 0.0362244 0.0549177 0.873936
0 0.431666 0.543506 0.0198697 0.0425401 0.774178
0 0.401804 0.55077 0.0102219 0.0229385 0.704817
0 0.346148 0.539315 0.02166 0.019075 0.66707
0 0.469363 0.555141 0.0130673 0.0263799 0.624902
0 0.164301 0.537477 0.0198569 0.0198415 0.354515
0 0.428453 0.543591 0.0142835 0.0350284 0.28671
0 0.418797 0.54032 0.0100971 0.0183765 0.269402
0 0.15678 0.521252 0.0400086 0.0460371 0.266763
0 0.520854 0.557945 0.012768 0.0144614 0.263992
0 0.469061 0.555869 0.0106062 0.0186373 0.257086
0 0.415227 0.535018 0.0117736 0.0206377 0.252865
