0 0.589962 0.477249 0.119355 0.1696 0.881455
0 0.751622 0.535021 0.308123 0.298254 0.877549
0 0.462616 0.455481 0.0463117 0.0689053 0.873585
0 0.894713 0.689947 0.210077 0.510396 0.867115
0 0.468213 0.39481 0.0224047 0.0323842 0.73268
0 0.505792 0.397815 0.019737 0.028948 0.680152
0 0.526681 0.474978 0.0311225 0.0566915 0.648259
0 0.49788 0.347519 0.018048 0.0270108 0.61709
0 0.512074 0.421908 0.024404 0.0348894 0.613114
0 0.469133 0.334346 0.0148388 0.023145 0.538761
0 0.509661 0.402336 0.0216787 0.0306354 0.488546
0 0.530027 0.430197 0.0377814 0.0441377 0.445287
0 0.483919 0.333994 0.0183414 0.0280117 0.366006
0 0.532716 0.479375 0.0228954 0.0600728 0.321347
0 0.502466 0.367163 0.0194289 0.0265796 0.291886
0 0.508484 0.408697 0.0208583 0.0278815 0.283526
0 0.484012 0.327422 0.0208374 0.0352415 0.278224
0 0.45084 0.333689 0.0137781 0.020551 0.266249
0 0.466695 0.337725 0.016507 0.0217984 0.257603
0 0.50696 0.387543 0.0186959 0.0270367 0.25239
