0 0.530524 0.548893 0.0547799 0.0806429 0.912289
0 0.0360139 0.558772 0.0720279 0.0759169 0.890311
0 0.483924 0.54118 0.0222493 0.0323213 0.881453
0 0.109166 0.566684 0.0989513 0.0926987 0.878565
0 0.447107 0.536909 0.0186969 0.0277888 0.821086
0 0.207497 0.547723 0.0325775 0.0335069 0.763308
0 0.234182 0.540672 0.0308104 0.0349635 0.734843
0 0.350084 0.529316 0.0227837 0.0289237 0.686067
0 0.472467 0.534121 0.0128355 0.0258338 0.614348
0 0.162386 0.542583 0.0378603 0.0533722 0.446791
0 0.29899 0.533221 0.017603 0.0256402 0.428909
0 0.404079 0.533804 0.0120387 0.0181858 0.391207
0 0.303629 0.533797 0.0207457 0.0273916 0.386919
0 0.280862 0.531691 0.0194388 0.0256331 0.37138
0 0.425972 0.536315 0.0135963 0.0200126 0.340554
0 0.286308 0.53188 0.0267012 0.0290095 0.338881
0 0.584392 0.538957 0.0418167 0.067239 0.331339
0 0.467414 0.531683 0.0141751 0.0243713 0.319108
0 0.310305 0.531744 0.0190543 0.0282179 0.303782
0 0.496551 0.536781 0.0123642 0.0227542 0.283545
0 0.327967 0.524114 0.0207695 0.0355262 0.282933
0 0.46378 0.530852 0.0108621 0.0210371 0.269378
0 0.396125 0.531918 0.0162057 0.0193485 0.266243
0 0.0740578 0.541263 0.0219144 0.0267236 0.253665
0 0.58576 0.551194 0.037361 0.0474262 0.253331
