0 0.47188 0.367653 0.0294504 0.0419352 0.885642
0 0.377725 0.389097 0.0692206 0.0876975 0.8856
0 0.429191 0.366742 0.0291237 0.0412103 0.88151
0 0.320995 0.386136 0.0494556 0.0615172 0.857668
0 0.455019 0.359123 0.0134561 0.0238264 0.754353
0 0.259527 0.35245 0.0216661 0.0224508 0.602552
0 0.391445 0.342671 0.0366705 0.0470953 0.599446
0 0.344818 0.350733 0.0179277 0.0220003 0.388393
0 0.179759 0.349477 0.0228129 0.0198229 0.352646
0 0.312454 0.34852 0.0220082 0.0160717 0.344412
0 0.344886 0.364446 0.0173526 0.0292345 0.276166
0 0.384716 0.376881 0.0538475 0.0803311 0.270124
0 0.343513 0.345861 0.0162526 0.0168969 0.26422
0 0.291055 0.353945 0.0168699 0.015546 0.259895
0 0.481281 0.357716 0.0136184 0.0257 0.259152
