0 0.96931 0.685695 0.0611942 0.101245 0.923044
0 0.471658 0.657651 0.0479023 0.060327 0.90558
0 0.421426 0.652483 0.0284214 0.0368481 0.904747
0 0.444339 0.656298 0.0257462 0.0502818 0.899849
0 0.178647 0.629883 0.0839443 0.104325 0.861073
0 0.67913 0.67123 0.165751 0.104005 0.851608
0 0.416082 0.64874 0.0272193 0.0371279 0.816792
0 0.399109 0.645807 0.0125539 0.0297614 0.811966
0 0.283824 0.643825 0.0134799 0.0205687 0.763296
0 0.386454 0.642607 0.0178744 0.0264872 0.742105
0 0.310831 0.640809 0.0129182 0.0214542 0.734577
0 0.294748 0.643248 0.0104634 0.0171699 0.712939
0 0.264175 0.641585 0.0254959 0.0316445 0.641004
0 0.365556 0.644439 0.0142681 0.0180459 0.591756
0 0.375003 0.641161 0.0113403 0.0204085 0.479285
0 0.357092 0.64224 0.0134094 0.0182821 0.473579
0 0.298469 0.641524 0.00939245 0.0166972 0.420557
0 0.32771 0.642621 0.0113121 0.0147307 0.41237
0 0.60905 0.653175 0.0392828 0.0531801 0.404699
0 0.372329 0.64353 0.0107739 0.0176341 0.381567
0 0.362497 0.644273 0.0110529 0.0163759 0.368554
0 0.408538 0.647483 0.0143553 0.034186 0.341388
0 0.289665 0.643174 0.0109725 0.0182812 0.332189
0 0.361893 0.640627 0.0162273 0.023327 0.302725
0 0.350072 0.643997 0.00885906 0.013346 0.301544
0 0.35546 0.643741 0.00957069 0.0151367 0.299765
0 0.358228 0.635407 0.0174582 0.0285494 0.288733
0 0.394075 0.644897 0.0116665 0.0271303 0.284357
0 0.367862 0.642097 0.0104995 0.0191862 0.277392
0 0.61043 0.631808 0.030421 0.0193429 0.27564
0 0.35254 0.643471 0.0100417 0.0149812 0.262461
0 0.304591 0.640348 0.0115093 0.0194507 0.257038
0 0.301763 0.6395 0.0109427 0.0182614 0.255133
0 0.0165916 0.643628 0.0331832 0.0347973 0.252781
