0 0.490261 0.716165 0.0537568 0.0794517 0.892234
0 0.442797 0.75282 0.0861015 0.119953 0.873545
0 0.151526 0.818195 0.303051 0.359515 0.871158
0 0.33517 0.740264 0.10585 0.129319 0.8698
0 0.583203 0.806611 0.150177 0.215535 0.863063
0 0.737692 0.69448 0.124281 0.0900353 0.841187
0 0.817191 0.684332 0.062042 0.0676415 0.815097
0 0.240082 0.735094 0.0893705 0.114866 0.731103
0 0.643591 0.694252 0.0201195 0.0324426 0.715981
0 0.890487 0.682482 0.122167 0.0897566 0.676322
0 0.658197 0.694244 0.0185621 0.0423932 0.672522
0 0.60506 0.687668 0.0173819 0.0202954 0.671469
0 0.400888 0.726319 0.0391416 0.0736989 0.66134
0 0.385304 0.703864 0.0260304 0.0342628 0.648017
0 0.276447 0.72139 0.0283308 0.0494093 0.644295
0 0.516191 0.701175 0.0183829 0.0381217 0.638403
0 0.450329 0.689934 0.0269975 0.0148994 0.624675
0 0.629636 0.690007 0.0220031 0.0280728 0.621999
0 0.677366 0.697045 0.0408988 0.0633811 0.608368
0 0.54436 0.689368 0.0234033 0.0313322 0.564176
0 0.595861 0.685993 0.0115628 0.0181422 0.546109
0 0.536536 0.68833 0.0263522 0.0531345 0.535183
0 0.980417 0.644522 0.0391663 0.0326447 0.499474
0 0.559444 0.691418 0.0492082 0.0319221 0.488393
0 0.537411 0.676126 0.0247541 0.0323678 0.476221
0 0.548271 0.69734 0.0370878 0.0431786 0.454482
0 0.531424 0.696903 0.0252083 0.0509598 0.436206
0 0.358539 0.694662 0.0351354 0.0335025 0.430758
0 0.582082 0.685732 0.0190504 0.0194377 0.430151
0 0.275324 0.733935 0.0306987 0.0847789 0.378119
0 0.263261 0.70936 0.0213708 0.0248745 0.377903
0 0.67449 0.68435 0.0412854 0.0511531 0.347927
0 0.573954 0.688866 0.0317091 0.0281925 0.335495
0 0.611536 0.688795 0.0133631 0.0196298 0.321666
0 0.913142 0.649613 0.0885534 0.0317042 0.316237
0 0.938529 0.647971 0.0389099 0.0271912 0.312681
0 0.559226 0.69897 0.0559573 0.0393334 0.311912
0 0.512748 0.683999 0.0144056 0.017474 0.30105
0 0.563944 0.676022 0.0259714 0.023675 0.297367
0 0.0442941 0.640197 0.0885881 0.0497779 0.285754
0 0.559582 0.708665 0.0613805 0.0502467 0.282119
0 0.592885 0.688104 0.01543 0.0196262 0.279493
0 0.619168 0.689214 0.0159181 0.0234166 0.273272
0 0.601912 0.689606 0.0130404 0.020609 0.268564
0 0.509488 0.683286 0.0120967 0.0160602 0.264688
0 0.583183 0.680385 0.0210366 0.0253654 0.264106
0 0.599122 0.685923 0.0148951 0.021048 0.262644
0 0.827839 0.668073 0.0453669 0.040115 0.254313
0 0.62373 0.689129 0.01625 0.0238871 0.253795
0 0.428108 0.692221 0.0187296 0.0144029 0.250334
