0 0.187104 0.811235 0.0300924 0.0357174 0.910856
0 0.0236199 0.765263 0.0371027 0.0607661 0.882941
0 0.314093 0.864473 0.0285516 0.0446042 0.856156
0 0.35718 0.883307 0.031568 0.0462133 0.845849
0 0.513058 0.936528 0.03454 0.0423925 0.822887
0 0.491651 0.926901 0.0308544 0.0379044 0.813985
0 0.542834 0.95319 0.0620418 0.0610311 0.789456
0 0.2348 0.822845 0.0149791 0.0222921 0.780947
0 0.287556 0.851152 0.0195425 0.0274141 0.761392
0 0.468274 0.918901 0.0334005 0.0350318 0.726257
0 0.593181 0.979808 0.0447336 0.0348116 0.683731
0 0.426141 0.892213 0.0224606 0.0321448 0.66072
0 0.408149 0.887935 0.0132138 0.02146 0.607575
0 0.222988 0.81905 0.0144499 0.0189733 0.566196
0 0.394109 0.881439 0.0151625 0.0200111 0.557987
0 0.259855 0.828475 0.0129235 0.0192022 0.515042
0 0.30155 0.846554 0.0119122 0.0209824 0.456184
0 0.633977 0.986861 0.0411429 0.0262778 0.45395
0 0.648622 0.986043 0.0424252 0.0279142 0.398964
0 0.321131 0.847115 0.0197811 0.0352863 0.392819
0 0.657501 0.985023 0.0362247 0.0278115 0.380612
0 0.0071129 0.755279 0.0140157 0.0853836 0.379875
0 0.378962 0.878552 0.0149091 0.0203939 0.369821
0 0.277556 0.833839 0.0109372 0.0149183 0.367546
0 0.318062 0.844028 0.0202343 0.0264348 0.362744
0 0.342669 0.861063 0.0119215 0.0174967 0.356552
0 0.375894 0.875625 0.0136663 0.0183509 0.351173
0 0.0501743 0.738949 0.0769373 0.0674442 0.346275
0 0.4133 0.889885 0.0116899 0.0240736 0.338774
0 0.248235 0.825377 0.0126302 0.018976 0.338382
0 0.446626 0.90804 0.0218602 0.0329261 0.327382
0 0.383253 0.879117 0.0123758 0.0163771 0.321854
0 0.299338 0.844132 0.0113177 0.0188536 0.321714
0 0.345419 0.862245 0.0121801 0.0171387 0.318088
0 0.461149 0.917968 0.0199534 0.0308173 0.316156
0 0.20608 0.823667 0.0150521 0.025854 0.31384
0 0.276055 0.831681 0.0116839 0.0174844 0.307965
0 0.4169 0.889463 0.0144529 0.025639 0.295803
0 0.42057 0.89102 0.0140477 0.0258165 0.28879
0 0.270621 0.831201 0.00980592 0.013953 0.287705
0 0.27284 0.830782 0.0101872 0.0154592 0.286789
0 0.244724 0.823185 0.0115811 0.0188868 0.283974
0 0.454904 0.907968 0.0164147 0.0237742 0.280076
0 0.456814 0.913989 0.0161772 0.0277698 0.2712
0 0.240718 0.823796 0.0140254 0.0202747 0.267514
0 0.378107 0.87146 0.010909 0.0178533 0.26236
0 0.284499 0.837074 0.0126541 0.017855 0.255346
0 0.107626 0.775706 0.0260209 0.0299008 0.252682
0 0.716085 0.975198 0.0611966 0.0496046 0.252587
0 0.333848 0.853725 0.00969839 0.0183439 0.252434
