0 0.510323 0.318079 0.0361398 0.0513045 0.868629
0 0.492165 0.312087 0.0160476 0.030845 0.836251
0 0.480809 0.304673 0.0195228 0.0280002 0.805203
0 0.431633 0.286103 0.0107044 0.015406 0.775418
0 0.40644 0.289914 0.0153419 0.0217905 0.767341
0 0.0842881 0.244081 0.0329044 0.0451245 0.696817
0 0.335762 0.272557 0.0255332 0.0159868 0.671319
0 0.450433 0.287162 0.0110353 0.0163919 0.65933
0 0.284665 0.271057 0.0305733 0.0188692 0.640964
0 0.0329119 0.247711 0.0309246 0.0308524 0.636799
0 0.417256 0.282515 0.00987701 0.0144508 0.634335
0 0.00958727 0.244307 0.0191745 0.0278765 0.629536
0 0.312126 0.270986 0.0214279 0.0162677 0.629364
0 0.468703 0.291345 0.0108347 0.0172656 0.551652
0 0.0503046 0.249492 0.0355546 0.0300449 0.509406
0 0.473565 0.297438 0.0118811 0.0218813 0.374197
0 0.071968 0.239251 0.0523783 0.0487722 0.370816
0 0.252686 0.261256 0.0313233 0.0303227 0.370686
0 0.477201 0.302762 0.0160161 0.0241476 0.349909
0 0.462871 0.286676 0.00894051 0.0142157 0.330925
0 0.0567506 0.251534 0.0272113 0.0271752 0.320809
0 0.351427 0.273824 0.0138372 0.0133425 0.31984
0 0.300606 0.273223 0.018211 0.017641 0.317428
0 0.294849 0.273482 0.0245082 0.0205128 0.311753
0 0.470456 0.294351 0.0108559 0.0168956 0.306579
0 0.278996 0.269687 0.0207248 0.0173872 0.304657
0 0.0186629 0.233948 0.0205705 0.0206953 0.300594
0 0.347659 0.273212 0.0184113 0.01405 0.290357
0 0.443472 0.284273 0.00848894 0.012677 0.275719
0 0.461121 0.28672 0.007619 0.0122672 0.274712
0 0.329031 0.273669 0.0165966 0.0145031 0.268927
0 0.487616 0.307196 0.014871 0.0280394 0.260405
0 0.0257979 0.240905 0.0238566 0.0258245 0.26012
0 0.354433 0.274913 0.0124515 0.0129321 0.259775
0 0.476606 0.29725 0.0146466 0.0193393 0.258492
0 0.32392 0.271695 0.0169385 0.0142493 0.257143
