0 0.136542 0.729808 0.172356 0.179091 0.914585
0 0.762021 0.635908 0.208688 0.251558 0.909296
0 0.316484 0.663124 0.0808678 0.0936996 0.90862
0 0.636267 0.641333 0.0958337 0.136873 0.904072
0 0.515514 0.611767 0.0157601 0.0414417 0.89112
0 0.177279 0.642932 0.123259 0.141039 0.876341
0 0.587113 0.614238 0.06194 0.0820409 0.873806
0 0.0587301 0.674746 0.11746 0.291692 0.870105
0 0.392178 0.630773 0.0372028 0.0570233 0.855392
0 0.416127 0.622308 0.0226064 0.0350908 0.845307
0 0.432509 0.617638 0.0171539 0.0283434 0.845106
0 0.599877 0.624861 0.0478416 0.0834166 0.844443
0 0.54083 0.61072 0.0182075 0.0591329 0.825945
0 0.907876 0.691834 0.184247 0.360366 0.803648
0 0.530265 0.609359 0.0205417 0.052772 0.802662
0 0.26947 0.662962 0.0404789 0.0566671 0.792832
0 0.555894 0.611384 0.031414 0.0692747 0.783039
0 0.504969 0.611733 0.0135411 0.0304898 0.753865
0 0.487338 0.608714 0.00990276 0.0199753 0.727704
0 0.35314 0.636667 0.0188685 0.0351384 0.722138
0 0.496002 0.609078 0.0111854 0.0250473 0.716347
0 0.364834 0.633997 0.0150959 0.0307565 0.691383
0 0.443715 0.614851 0.0111654 0.021549 0.661837
0 0.468293 0.610515 0.0178855 0.020763 0.634183
0 0.458158 0.612317 0.0124516 0.0170168 0.412811
0 0.452854 0.61304 0.00968628 0.0170576 0.374327
0 0.370365 0.633739 0.0111385 0.0288564 0.373742
0 0.491967 0.608804 0.0111525 0.0220742 0.361908
0 0.449728 0.613398 0.00937662 0.0170096 0.347747
0 0.477757 0.609245 0.00854349 0.015694 0.341714
0 0.372924 0.629029 0.00835042 0.0218525 0.33979
0 0.485229 0.608701 0.00862389 0.0172365 0.338872
0 0.480629 0.6098 0.00843706 0.0166024 0.326156
0 0.498606 0.612138 0.011552 0.0262668 0.322474
0 0.490133 0.610654 0.00912218 0.0169593 0.320752
0 0.482747 0.609957 0.00814953 0.0154329 0.317259
0 0.476778 0.611738 0.00882559 0.0152096 0.313781
0 0.44694 0.614491 0.00976734 0.0201168 0.31305
0 0.469066 0.610051 0.0122064 0.016743 0.312783
0 0.373528 0.628784 0.0113003 0.0279763 0.286764
0 0.358897 0.635512 0.013379 0.0312273 0.270531
0 0.501622 0.60725 0.0130842 0.0379259 0.255493
