0 0.412257 0.410979 0.0328822 0.0422519 0.918719
0 0.567613 0.446871 0.0629412 0.0825487 0.915145
0 0.0838107 0.439112 0.167481 0.171202 0.910983
0 0.378232 0.406454 0.019055 0.0349518 0.878136
0 0.262819 0.43489 0.155892 0.19539 0.877826
0 0.340359 0.410018 0.0263531 0.0537159 0.859519
0 0.520628 0.408188 0.0328751 0.0514662 0.845009
0 0.185851 0.437868 0.0533561 0.101224 0.842292
0 0.358084 0.409027 0.0196587 0.0424067 0.830928
0 0.443948 0.398892 0.0184372 0.0253223 0.825864
0 0.367021 0.408081 0.0155348 0.0376402 0.825428
0 0.531468 0.418706 0.0361942 0.0564719 0.816699
0 0.495605 0.400554 0.0114355 0.0234419 0.789127
0 0.50791 0.407098 0.019972 0.0394684 0.781094
0 0.546401 0.431245 0.0454435 0.0695055 0.748261
0 0.391349 0.403824 0.0156791 0.0303465 0.742846
0 0.978229 0.811618 0.0435429 0.285049 0.737748
0 0.454466 0.3942 0.0103864 0.0200328 0.668424
0 0.431589 0.394259 0.0124713 0.0197364 0.612949
0 0.489257 0.39603 0.00955153 0.0196608 0.542326
0 0.462825 0.388019 0.00928383 0.0175476 0.521623
0 0.501137 0.405089 0.0131493 0.028282 0.452015
0 0.493399 0.399719 0.0102605 0.0206906 0.399318
0 0.39914 0.394827 0.0128691 0.0204303 0.382052
0 0.487169 0.393542 0.00824652 0.0160255 0.3468
0 0.503894 0.407307 0.0128622 0.0311839 0.343656
0 0.49141 0.398313 0.00999212 0.020314 0.33731
0 0.38261 0.405462 0.0161472 0.0317557 0.328785
0 0.498444 0.40182 0.012908 0.028143 0.325979
0 0.421399 0.387962 0.0122621 0.0164588 0.316229
0 0.362203 0.409446 0.0164429 0.0400206 0.302506
0 0.171273 0.402228 0.0272543 0.0272859 0.299882
0 0.39615 0.400261 0.0142834 0.0280746 0.28646
0 0.50386 0.401098 0.0147096 0.0317137 0.270994
0 0.386697 0.403722 0.0125136 0.0272493 0.262997
0 0.475253 0.389588 0.00695868 0.0144496 0.250461
