0 0.317408 0.609047 0.179834 0.209598 0.896365
0 0.111817 0.580621 0.163049 0.200594 0.892698
0 0.478106 0.575548 0.046784 0.0673538 0.867062
0 0.848989 0.71392 0.302022 0.411561 0.828917
0 0.0912144 0.499727 0.181448 0.201794 0.816609
0 0.420611 0.563661 0.0138977 0.0194807 0.631939
0 0.236415 0.538084 0.0890203 0.118987 0.622771
0 0.401377 0.564157 0.0180202 0.0240389 0.608239
0 0.432823 0.561025 0.0111173 0.0161253 0.527016
0 0.53878 0.565762 0.0274279 0.0248306 0.496179
0 0.441852 0.559535 0.00976362 0.0150843 0.480304
0 0.620978 0.570839 0.0640292 0.0426573 0.439617
0 0.457471 0.557899 0.0103148 0.0175551 0.380729
0 0.480431 0.559192 0.0384622 0.0439392 0.364631
0 0.481932 0.542183 0.0257114 0.0266917 0.359107
0 0.449088 0.559429 0.00990801 0.0148792 0.346317
0 0.63598 0.570024 0.0370702 0.0386563 0.345532
0 0.44563 0.560166 0.0100412 0.0155209 0.334972
0 0.447172 0.557169 0.0108731 0.0154655 0.318065
0 0.523653 0.563876 0.0155667 0.0229296 0.317965
0 0.439342 0.55911 0.00967646 0.0147809 0.305286
0 0.187095 0.554262 0.01938 0.0567454 0.302758
0 0.650297 0.569309 0.0233117 0.0398956 0.300743
0 0.454841 0.558647 0.0085104 0.014289 0.300496
0 0.222505 0.545807 0.0614227 0.100106 0.299374
0 0.451473 0.559342 0.00841608 0.0136878 0.286815
0 0.559265 0.567404 0.0226089 0.0239821 0.286635
0 0.545655 0.566502 0.025839 0.0250836 0.283023
0 0.452299 0.557196 0.0108838 0.0176949 0.256374
0 0.413063 0.564097 0.0110491 0.0167514 0.250883
