0 0.290381 0.524085 0.0450043 0.0463821 0.921509
0 0.485961 0.50733 0.0349277 0.0536808 0.887364
0 0.363594 0.512826 0.0443559 0.0524555 0.882534
0 0.532584 0.502933 0.0207968 0.0281672 0.849529
0 0.516298 0.497353 0.0114326 0.0167567 0.691399
0 0.250473 0.509045 0.0281344 0.0240419 0.660388
0 0.506088 0.496183 0.0099268 0.0163849 0.489431
0 0.271517 0.511933 0.0137486 0.016983 0.353689
0 0.331259 0.507728 0.0220528 0.0190006 0.341169
0 0.339722 0.506439 0.0169569 0.017357 0.334939
0 0.503826 0.497209 0.00918674 0.0148683 0.310089
0 0.388732 0.503358 0.0150659 0.0244486 0.301266
0 0.408429 0.50203 0.0183105 0.0222399 0.297171
0 0.418328 0.500533 0.0173333 0.0215593 0.292221
0 0.218345 0.510773 0.0286551 0.0287045 0.267915
0 0.384397 0.502202 0.0199198 0.0294615 0.26517
