0 0.483003 0.487917 0.0444975 0.0648131 0.888741
0 0.394012 0.460353 0.0316695 0.0367011 0.840939
0 0.437886 0.457655 0.0246517 0.0283515 0.785127
0 0.506468 0.464927 0.0218571 0.0333057 0.732572
0 0.543396 0.450745 0.0366379 0.0218847 0.514794
0 0.455627 0.452699 0.0184005 0.0238566 0.51197
0 0.268595 0.465082 0.0285977 0.0207681 0.449191
0 0.172204 0.476827 0.0251151 0.0239561 0.424683
0 0.375249 0.455155 0.0148022 0.0233888 0.397483
0 0.209628 0.470369 0.0161002 0.0158257 0.34462
0 0.00441703 0.474532 0.00863482 0.016274 0.319621
0 0.420287 0.448228 0.0189087 0.0326677 0.316071
0 0.0281454 0.47525 0.0209172 0.019321 0.277608
0 0.155322 0.464744 0.0143929 0.0179242 0.26535
0 0.472152 0.453222 0.0255999 0.0232415 0.263921
0 0.00706991 0.474943 0.0140374 0.0174508 0.263585
0 0.269705 0.461359 0.0222353 0.0143955 0.258889
0 0.0786956 0.469294 0.0155012 0.0133114 0.258469
0 0.317222 0.455881 0.0420775 0.0341044 0.255975
0 0.566179 0.456156 0.0159867 0.0153222 0.25168
0 0.299773 0.467567 0.0121937 0.0145906 0.250015
