0 0.512604 0.571618 0.0493647 0.0916918 0.935477
0 0.581814 0.588185 0.0524637 0.0698529 0.925006
0 0.311467 0.57809 0.0826636 0.0552416 0.913101
0 0.397123 0.560403 0.0771814 0.0659698 0.880459
0 0.0868268 0.582458 0.173654 0.127077 0.830671
0 0.44034 0.568722 0.018379 0.0347582 0.753205
0 0.455623 0.570554 0.0131414 0.0262039 0.707961
0 0.484954 0.5684 0.0144886 0.0297597 0.641918
0 0.468275 0.570164 0.0135158 0.0213713 0.301639
0 0.233465 0.583012 0.0420082 0.0462607 0.274104
0 0.462633 0.570564 0.0121127 0.0227181 0.265136
