0 0.775921 0.571448 0.164026 0.232493 0.910804
0 0.292193 0.608823 0.111115 0.229027 0.88455
0 0.158753 0.744896 0.317506 0.510208 0.869782
0 0.594744 0.577077 0.243434 0.32223 0.865035
0 0.431501 0.560389 0.0466688 0.0720774 0.851632
0 0.895496 0.617072 0.208933 0.365147 0.849412
0 0.357064 0.574396 0.0440789 0.123096 0.808064
0 0.405881 0.562203 0.0155302 0.0407305 0.768195
0 0.335584 0.585717 0.0439006 0.156287 0.743352
0 0.377846 0.564327 0.0164272 0.0437444 0.714276
0 0.458093 0.55909 0.0148149 0.036221 0.655836
0 0.383204 0.553508 0.0199221 0.0454276 0.606309
0 0.401636 0.543964 0.0165985 0.0320372 0.463586
0 0.471614 0.55243 0.0220917 0.0493849 0.447735
0 0.464412 0.555101 0.0192765 0.0421709 0.431259
0 0.375839 0.574204 0.0159431 0.0595088 0.332858
0 0.383152 0.545425 0.0174066 0.0321528 0.328303
0 0.401735 0.560308 0.0118971 0.0319941 0.326756
0 0.402804 0.53775 0.0176588 0.0237686 0.306833
0 0.401149 0.552273 0.0172326 0.0386846 0.304412
0 0.385255 0.5547 0.0147655 0.0366589 0.270018
0 0.477949 0.551435 0.0247746 0.0615543 0.251709
