0 0.380572 0.606 0.050074 0.0706421 0.9203
0 0.0870769 0.616491 0.084506 0.0771042 0.907039
0 0.140044 0.603081 0.0557624 0.0755547 0.906243
0 0.851508 0.675297 0.194673 0.170916 0.901177
0 0.739272 0.643911 0.125847 0.135062 0.897973
0 0.0190752 0.624464 0.038145 0.112237 0.813966
0 0.291234 0.600367 0.0166511 0.029508 0.788268
0 0.302303 0.598788 0.0153088 0.0281306 0.75209
0 0.0361249 0.604944 0.0590073 0.0684074 0.743054
0 0.551504 0.605397 0.0349181 0.0268753 0.709362
0 0.469138 0.603747 0.0219724 0.0334868 0.676509
0 0.0791281 0.576942 0.0521415 0.0298599 0.653995
0 0.510138 0.607267 0.0345632 0.0562044 0.630561
0 0.59554 0.616069 0.0411926 0.0546744 0.56684
0 0.199876 0.581145 0.0883467 0.114855 0.555092
0 0.261549 0.596518 0.0220171 0.0402374 0.50834
0 0.534365 0.60051 0.0182626 0.0215953 0.471305
0 0.562569 0.619912 0.0324562 0.0498698 0.346374
0 0.545004 0.608124 0.0364907 0.0362405 0.337328
0 0.407415 0.591515 0.0121043 0.023575 0.314278
0 0.0799676 0.584786 0.0570018 0.0450979 0.308305
0 0.270343 0.596139 0.0121086 0.0294757 0.293111
0 0.354087 0.59441 0.0125879 0.0242489 0.290098
0 0.255038 0.598123 0.027609 0.045805 0.278604
0 0.571221 0.624085 0.0376593 0.0539224 0.269277
0 0.473551 0.605567 0.0139572 0.0320421 0.268268
0 0.5304 0.600167 0.0138041 0.0218045 0.266949
0 0.356987 0.590425 0.0125809 0.0269413 0.266051
0 0.55091 0.615892 0.0383105 0.046304 0.263685
0 0.225199 0.605759 0.0156447 0.0506312 0.261179
0 0.525861 0.601245 0.0122406 0.0197408 0.260919
0 0.191537 0.600767 0.0699722 0.0748881 0.260743
0 0.333022 0.593662 0.0139571 0.0237357 0.258021
0 0.462477 0.602388 0.0131225 0.0294564 0.252202
