0 0.413156 0.460614 0.0385828 0.0418277 0.90317
0 0.372227 0.472385 0.046094 0.0450984 0.8981
0 0.653047 0.454471 0.0186066 0.028303 0.846306
0 0.692522 0.442845 0.0193541 0.0329008 0.839844
0 0.707639 0.461595 0.0187454 0.0254467 0.839783
0 0.777636 0.452999 0.0592874 0.08126 0.748981
0 0.50697 0.455028 0.0186842 0.0230655 0.602719
0 0.6246 0.447258 0.0112531 0.016285 0.570793
0 0.539203 0.452909 0.0158034 0.0226127 0.498961
0 0.590627 0.447394 0.0112098 0.0137273 0.397073
0 0.678944 0.447755 0.00997429 0.0173731 0.331119
0 0.676688 0.447813 0.00930967 0.0148261 0.330361
0 0.57133 0.44513 0.0121147 0.0166216 0.321877
0 0.678011 0.450936 0.00938625 0.0157264 0.317115
0 0.602354 0.446418 0.0103148 0.0141276 0.308481
0 0.68118 0.444926 0.00964737 0.0196533 0.301802
0 0.673787 0.446802 0.00929289 0.0140896 0.297613
0 0.613474 0.446894 0.010159 0.0145725 0.262974
0 0.632246 0.447468 0.00810566 0.0129656 0.2608
0 0.639931 0.447927 0.00883722 0.0138455 0.258625
0 0.596593 0.447851 0.0101616 0.0131989 0.255286
