0 0.173263 0.589019 0.152617 0.165505 0.926669
0 0.397218 0.594982 0.112606 0.158494 0.902689
0 0.737232 0.642741 0.337301 0.308209 0.901588
0 0.0717767 0.57466 0.0654428 0.0865295 0.891401
0 0.279682 0.563036 0.0312565 0.0422784 0.876132
0 0.343834 0.565799 0.0255805 0.0409419 0.87123
0 0.243562 0.568184 0.0249024 0.046354 0.790205
0 0.298779 0.549343 0.0300329 0.0538635 0.771846
0 0.528789 0.558545 0.0176657 0.0276755 0.768366
0 0.105571 0.572585 0.0384497 0.0902417 0.714237
0 0.320709 0.561211 0.0202923 0.0290383 0.679058
0 0.260209 0.565159 0.0148439 0.0301683 0.668198
0 0.543193 0.561695 0.0166172 0.028547 0.643833
0 0.561574 0.56134 0.0235619 0.032412 0.633912
0 0.0124551 0.583645 0.0249102 0.146695 0.556906
0 0.536971 0.560328 0.017024 0.0284797 0.55032
0 0.582873 0.560503 0.0227094 0.0341231 0.544408
0 0.590956 0.561316 0.0287371 0.0378089 0.477805
0 0.491208 0.555946 0.0150374 0.0213565 0.474822
0 0.504352 0.556871 0.0152411 0.0215447 0.399078
0 0.328353 0.558902 0.0143762 0.0258579 0.398755
0 0.487289 0.555937 0.01551 0.0216227 0.379438
0 0.471756 0.557673 0.0120513 0.0171705 0.376301
0 0.462546 0.559387 0.0115381 0.0166863 0.353936
0 0.850479 0.552842 0.112371 0.12453 0.344621
0 0.255888 0.5679 0.0138117 0.0319263 0.338213
0 0.549763 0.562415 0.0148313 0.0290075 0.328728
0 0.507967 0.557629 0.0173985 0.0239293 0.315841
0 0.565595 0.559004 0.0175785 0.0275275 0.300336
0 0.315161 0.562817 0.0158299 0.0260154 0.284831
0 0.579484 0.557958 0.0165125 0.0282116 0.280431
0 0.47501 0.558 0.011157 0.0180123 0.27968
0 0.0387378 0.574146 0.033506 0.04368 0.27909
0 0.468865 0.558369 0.011155 0.0170303 0.270879
0 0.494903 0.556698 0.0161637 0.0221917 0.26967
0 0.464665 0.55823 0.0104581 0.0160104 0.269357
0 0.301774 0.561387 0.0198171 0.0340169 0.255853
0 0.57386 0.560534 0.0168749 0.0329824 0.251199
