0 0.553882 0.288538 0.0760766 0.109725 0.916678
0 0.50308 0.268355 0.046484 0.0745171 0.894351
0 0.411304 0.315579 0.114052 0.16403 0.886426
0 0.813986 0.298851 0.372028 0.58586 0.819326
0 0.470203 0.269503 0.0240944 0.0430356 0.792443
0 0.289668 0.252762 0.019535 0.025053 0.671819
0 0.0841398 0.310234 0.0878603 0.0783993 0.569551
0 0.456155 0.263851 0.01616 0.0441919 0.514151
0 0.633833 0.278162 0.0468425 0.0840801 0.484552
0 0.430558 0.223111 0.031686 0.028497 0.480646
0 0.455058 0.256546 0.014667 0.0329733 0.466214
0 0.369224 0.252972 0.0115536 0.0189699 0.466192
0 0.459362 0.268467 0.020352 0.0466755 0.404176
0 0.453587 0.249886 0.0137625 0.0201158 0.331023
0 0.321837 0.249327 0.0156028 0.0162873 0.328226
0 0.334986 0.249704 0.0132024 0.0165244 0.271606
0 0.458227 0.256326 0.0156034 0.0295934 0.256163
