0 0.399794 0.520978 0.0341997 0.0384593 0.92632
0 0.468802 0.521837 0.0273458 0.0425973 0.867573
0 0.49151 0.534737 0.0371352 0.0537006 0.841147
0 0.558538 0.515899 0.011864 0.0164941 0.628715
0 0.539687 0.516646 0.012653 0.0163927 0.621895
0 0.517556 0.515682 0.0129736 0.0180133 0.561213
0 0.569568 0.514971 0.014112 0.0182344 0.448798
0 0.032119 0.467826 0.0464821 0.0235408 0.431872
0 0.483323 0.503395 0.013176 0.0136119 0.30451
0 0.580193 0.505578 0.0124924 0.0177148 0.291582
0 0.483319 0.506638 0.0147988 0.0150213 0.281886
0 0.136844 0.480892 0.0242581 0.0177907 0.275791
0 0.554093 0.515786 0.0107089 0.0144858 0.263553
0 0.551391 0.516444 0.0104827 0.0136549 0.251039
