0 0.693431 0.492709 0.351499 0.206939 0.919871
0 0.282748 0.480054 0.14878 0.167656 0.915195
0 0.352179 0.457492 0.0654682 0.109911 0.90783
0 0.43559 0.41593 0.0344111 0.0589756 0.904145
0 0.387211 0.442617 0.0640688 0.089329 0.885732
0 0.453154 0.408802 0.0179432 0.0421705 0.861046
0 0.548754 0.4166 0.0279248 0.0525565 0.853429
0 0.493955 0.414553 0.0331209 0.0528247 0.831575
0 0.574501 0.416189 0.0438593 0.0595874 0.829541
0 0.403311 0.428444 0.0584159 0.0825087 0.812896
0 0.518389 0.396519 0.0160264 0.0331224 0.785357
0 0.613781 0.417305 0.0589471 0.0645476 0.78369
0 0.528805 0.402856 0.017714 0.0480133 0.761017
0 0.464026 0.396662 0.0155808 0.0294405 0.735105
0 0.541511 0.406671 0.0341785 0.0558143 0.663584
0 0.0583171 0.408814 0.0237135 0.0271854 0.592923
0 0.754788 0.403768 0.0688175 0.0344618 0.518783
0 0.483658 0.379922 0.00982733 0.0146447 0.504459
0 0.506379 0.386184 0.0113082 0.0187252 0.479455
0 0.829672 0.415206 0.0893658 0.0891303 0.466989
0 0.493995 0.379298 0.0108015 0.0149419 0.416561
0 0.428896 0.421164 0.026344 0.0590449 0.378625
0 0.474277 0.378625 0.00919514 0.0173945 0.341524
0 0.513885 0.397067 0.00952368 0.0218231 0.341142
0 0.472918 0.375898 0.00944099 0.0123625 0.336249
0 0.465049 0.381158 0.0124269 0.0165239 0.32323
0 0.846157 0.413647 0.057785 0.0838682 0.31068
0 0.508086 0.388459 0.0103078 0.0212452 0.301495
0 0.100368 0.408648 0.0229682 0.0232814 0.293463
0 0.524206 0.402803 0.0137107 0.0334842 0.288979
0 0.509934 0.391595 0.0113091 0.0249186 0.284251
0 0.46829 0.3895 0.0106147 0.0204686 0.28375
0 0.513566 0.393526 0.0131792 0.0306332 0.282583
0 0.129536 0.403972 0.020734 0.0295169 0.282178
0 0.425264 0.428886 0.0232905 0.0622582 0.277553
0 0.465078 0.393083 0.0119867 0.0236777 0.272531
0 0.481151 0.379026 0.00993357 0.0157856 0.264774
0 0.467851 0.383952 0.011543 0.0162355 0.256313
0 0.457038 0.405413 0.0141066 0.0362039 0.252018
