0 0.178065 0.608923 0.156231 0.17928 0.921017
0 0.0571206 0.683377 0.114158 0.302881 0.906938
0 0.630387 0.500828 0.0523362 0.0728919 0.906149
0 0.37485 0.56783 0.0867584 0.104484 0.905085
0 0.468612 0.516637 0.0408432 0.0645888 0.892463
0 0.749461 0.447284 0.110122 0.157129 0.878312
0 0.939603 0.482029 0.120793 0.117748 0.871769
0 0.56359 0.553335 0.105231 0.148299 0.870615
0 0.407706 0.506428 0.0677696 0.100641 0.861816
0 0.320201 0.536651 0.0591567 0.0883363 0.856865
0 0.490413 0.513439 0.013112 0.0318181 0.673382
0 0.599798 0.500951 0.0154294 0.030014 0.549445
0 0.545402 0.487263 0.0485376 0.0380547 0.532585
0 0.502613 0.512284 0.0105626 0.0177114 0.437344
0 0.516955 0.512478 0.0101458 0.0188175 0.425489
0 0.497412 0.513016 0.00989866 0.0205846 0.389229
0 0.494914 0.512796 0.00977278 0.0240394 0.37022
0 0.444633 0.517178 0.0126739 0.0286302 0.341824
0 0.441867 0.518522 0.0112152 0.0259869 0.32988
0 0.500902 0.510055 0.0107473 0.0199877 0.320614
0 0.507803 0.510522 0.0100073 0.0186495 0.254866
0 0.597978 0.496782 0.0124868 0.0229638 0.254396
0 0.446989 0.515571 0.0102395 0.0275859 0.253193
