0 0.450439 0.449892 0.0428319 0.0679377 0.915643
0 0.27474 0.448945 0.0512297 0.056868 0.910196
0 0.143073 0.460962 0.107721 0.0951226 0.908831
0 0.202768 0.449669 0.0671232 0.0839028 0.890739
0 0.954891 0.504716 0.0902181 0.122353 0.762172
0 0.405821 0.433586 0.051561 0.0336953 0.714228
0 0.488148 0.430955 0.0142044 0.0325439 0.433542
0 0.368321 0.431746 0.0211888 0.0228017 0.430022
0 0.23971 0.451988 0.0277182 0.06593 0.390536
0 0.385348 0.430407 0.020688 0.0271573 0.359653
0 0.468509 0.427934 0.010577 0.0225279 0.328597
0 0.372406 0.43853 0.0253851 0.0336761 0.325134
0 0.47608 0.428394 0.00958757 0.021256 0.307924
0 0.508238 0.43549 0.0270838 0.0460907 0.283617
0 0.479032 0.427399 0.00945416 0.0208572 0.281744
0 0.414625 0.429127 0.0354306 0.0239321 0.267874
0 0.471895 0.428352 0.0103667 0.0200612 0.264427
0 0.48582 0.42847 0.0123518 0.0271223 0.260723
