0 0.536217 0.505622 0.0528831 0.134963 0.924394
0 0.792539 0.579016 0.414922 0.505511 0.915392
0 0.597561 0.507864 0.121121 0.246822 0.91019
0 0.438918 0.470567 0.0224273 0.0355026 0.889564
0 0.169615 0.543905 0.317474 0.459629 0.883791
0 0.410693 0.470305 0.0240289 0.0345951 0.882751
0 0.352532 0.476601 0.0288835 0.0573931 0.839528
0 0.375337 0.472153 0.0234541 0.0477346 0.837577
0 0.477124 0.470051 0.0442236 0.0734614 0.82795
0 0.392795 0.472964 0.0153402 0.0351186 0.822575
0 0.892213 0.76643 0.214953 0.461298 0.821555
0 0.514744 0.492222 0.0352122 0.0989102 0.783536
0 0.499551 0.484392 0.0267756 0.0811149 0.774586
0 0.366283 0.474739 0.0193394 0.0499524 0.745983
0 0.387886 0.473668 0.0139299 0.0372069 0.743219
0 0.017423 0.555882 0.0348459 0.23806 0.685251
0 0.33597 0.483151 0.0303228 0.0617028 0.619633
0 0.322181 0.490941 0.0269578 0.0592665 0.489065
0 0.456735 0.464356 0.0104925 0.0302914 0.414205
0 0.424535 0.464795 0.00923328 0.0203815 0.366569
0 0.396359 0.473839 0.0120859 0.0297233 0.361676
0 0.448278 0.456416 0.0121982 0.0222736 0.35041
0 0.427647 0.463742 0.0108631 0.0219333 0.346346
0 0.382738 0.473562 0.0164379 0.0401104 0.300026
0 0.458394 0.459047 0.00907192 0.0226546 0.283959
0 0.430484 0.464862 0.0117846 0.0235894 0.281639
0 0.457448 0.454659 0.00993614 0.016982 0.265473
