0 0.406752 0.630617 0.0549176 0.0858709 0.93067
0 0.466648 0.650369 0.114559 0.146213 0.903642
0 0.175339 0.607487 0.0356166 0.0461695 0.890387
0 0.797324 0.68217 0.405352 0.39454 0.88504
0 0.380673 0.619973 0.0463517 0.0712774 0.870545
0 0.0803799 0.625399 0.0485239 0.0404488 0.80594
0 0.369824 0.602758 0.0435534 0.0688373 0.780103
0 0.00850043 0.640725 0.0169026 0.0611659 0.72918
0 0.216325 0.608271 0.0205017 0.0296517 0.708147
0 0.314251 0.6013 0.0193045 0.0315564 0.448207
0 0.241228 0.613547 0.0124065 0.0165992 0.357907
0 0.303506 0.611508 0.0123714 0.0175206 0.348986
0 0.253353 0.613765 0.00959988 0.0124608 0.331493
0 0.344739 0.613663 0.0121567 0.0215613 0.317566
0 0.282778 0.612391 0.0189729 0.0148638 0.306083
0 0.24464 0.614364 0.0102093 0.0143016 0.303427
0 0.138937 0.612769 0.030321 0.032939 0.302899
0 0.219883 0.608345 0.0152146 0.0239736 0.298607
0 0.232332 0.612997 0.0123069 0.019303 0.297242
0 0.296135 0.611295 0.0108477 0.0149829 0.296439
0 0.262849 0.613342 0.0106984 0.0120422 0.292179
0 0.211871 0.610295 0.0177847 0.029068 0.283736
0 0.267183 0.613939 0.0106313 0.0121109 0.275503
0 0.255563 0.613831 0.00901031 0.0114112 0.274856
0 0.299559 0.608623 0.0118401 0.0210054 0.263538
0 0.346195 0.6097 0.0131984 0.0278563 0.253895
0 0.27499 0.612428 0.0130828 0.0137316 0.251079
