0 0.632363 0.438327 0.168661 0.118543 0.89836
0 0.860702 0.445446 0.120372 0.112285 0.89664
0 0.267373 0.453039 0.134015 0.111926 0.887492
0 0.957328 0.422952 0.0848642 0.105005 0.881213
0 0.09098 0.534692 0.181236 0.169098 0.869993
0 0.955174 0.51667 0.0894823 0.194827 0.822533
0 0.538658 0.401023 0.133923 0.0906633 0.771551
0 0.418672 0.408208 0.0238765 0.0212501 0.491592
0 0.460706 0.416893 0.0330781 0.0354017 0.480965
0 0.0121715 0.618395 0.0243027 0.117433 0.451939
0 0.469879 0.405843 0.0415051 0.0299795 0.439051
0 0.379293 0.422142 0.0396986 0.0360419 0.420787
0 0.464552 0.410659 0.0389392 0.0342795 0.416005
0 0.4649 0.414581 0.0518788 0.0444633 0.392068
0 0.383442 0.410282 0.02441 0.0127207 0.387666
0 0.893461 0.395476 0.0498924 0.0449337 0.373765
0 0.624079 0.372396 0.0392833 0.0432188 0.367822
0 0.416094 0.410425 0.0334809 0.025403 0.353691
0 0.403605 0.408641 0.0144626 0.0147542 0.349161
0 0.475441 0.401688 0.0384606 0.0275845 0.324323
0 0.0124503 0.654244 0.0244025 0.193078 0.31699
0 0.405873 0.410615 0.0172557 0.0174852 0.290972
0 0.409537 0.408125 0.0186242 0.0174101 0.279736
0 0.364481 0.421346 0.0316442 0.0348119 0.272848
0 0.380844 0.412777 0.0328755 0.0213764 0.261106
0 0.469602 0.39859 0.025845 0.0194283 0.258371
0 0.467038 0.402287 0.0266274 0.0198157 0.255199
0 0.186052 0.463892 0.0331306 0.0309257 0.252329
