0 0.292719 0.350367 0.0639331 0.090573 0.916166
0 0.574264 0.3709 0.089231 0.110485 0.90518
0 0.432449 0.348381 0.0555855 0.0873443 0.902288
0 0.535955 0.332905 0.0686614 0.126208 0.875876
0 0.355059 0.339729 0.0330702 0.0472317 0.856703
0 0.0392238 0.418686 0.0781987 0.183995 0.844576
0 0.401095 0.339168 0.0205515 0.0363905 0.82892
0 0.475265 0.316249 0.039208 0.082552 0.812851
0 0.240972 0.360403 0.0870251 0.110249 0.811568
0 0.375037 0.338394 0.0198236 0.0381405 0.804614
0 0.387614 0.337501 0.0135023 0.0291782 0.665921
0 0.499401 0.344666 0.0121187 0.0355711 0.505068
0 0.390931 0.335329 0.0122216 0.0246012 0.35248
0 0.758641 0.309221 0.16184 0.159947 0.313299
0 0.384647 0.337285 0.0114397 0.0312466 0.304915
0 0.4538 0.320204 0.0102632 0.0255019 0.257483
