0 0.468904 0.439056 0.0841212 0.145319 0.876324
0 0.33908 0.415419 0.0200664 0.0483714 0.800051
0 0.35343 0.409671 0.027441 0.0443515 0.793619
0 0.325707 0.416997 0.0211601 0.0552299 0.759643
0 0.42272 0.411045 0.0157644 0.0307109 0.65521
0 0.427047 0.414643 0.0149861 0.0308862 0.61613
0 0.370841 0.411725 0.0141416 0.0350857 0.591151
0 0.510691 0.49708 0.136295 0.189414 0.527966
0 0.431096 0.417058 0.01416 0.0396333 0.378979
0 0.346722 0.416803 0.015893 0.039475 0.376366
0 0.367743 0.410138 0.0148315 0.0400187 0.326942
0 0.355849 0.414248 0.014454 0.0384174 0.292952
0 0.373633 0.413203 0.0104588 0.0302967 0.288829
0 0.334079 0.417189 0.0169817 0.0486454 0.276821
0 0.418921 0.411713 0.0112291 0.0259355 0.266026
0 0.25565 0.434788 0.021002 0.0453096 0.257094
0 0.400802 0.405833 0.016079 0.0228695 0.252047
