0 0.468303 0.495229 0.0482553 0.0729046 0.942664
0 0.283797 0.471112 0.139644 0.202425 0.921206
0 0.423224 0.476748 0.0287998 0.0433495 0.907973
0 0.0408851 0.445191 0.019427 0.0213745 0.82795
0 0.0159655 0.41618 0.0192296 0.0227269 0.792159
0 0.074091 0.4643 0.0205751 0.0246087 0.781506
0 0.117559 0.435806 0.0136778 0.0164395 0.723552
0 0.0463497 0.421819 0.0148722 0.0180071 0.609381
0 0.0483872 0.417479 0.0169532 0.0177161 0.496027
0 0.0972012 0.476506 0.0177968 0.0213686 0.494788
0 0.0045223 0.4094 0.0090446 0.0155419 0.47477
0 0.0789334 0.416879 0.0143965 0.0145833 0.467783
0 0.105015 0.414989 0.0146686 0.0144479 0.463582
0 0.135972 0.454213 0.0133544 0.0193144 0.43068
0 0.0541004 0.413745 0.0120164 0.0158 0.399689
0 0.132141 0.416198 0.0107784 0.0141213 0.38521
0 0.0923477 0.418979 0.011838 0.0129123 0.37492
0 0.135827 0.459771 0.0138107 0.018387 0.357096
0 0.0418024 0.438723 0.0193391 0.0246238 0.339799
0 0.096859 0.416371 0.0130589 0.0132775 0.339774
0 0.0639178 0.410108 0.0108453 0.0135844 0.332725
0 0.128631 0.415755 0.0112146 0.0138613 0.329118
0 0.134811 0.438051 0.0114709 0.0154136 0.326905
0 0.132353 0.42083 0.0117256 0.0142405 0.322268
0 0.0859812 0.420057 0.0163975 0.0146272 0.316216
0 0.108097 0.417307 0.0125143 0.0123671 0.31513
0 0.060466 0.41063 0.010935 0.0145611 0.308969
0 0.00892152 0.408601 0.0114976 0.0154378 0.303018
0 0.0481121 0.412626 0.0156999 0.0163393 0.30252
0 0.142408 0.456653 0.0198333 0.0206348 0.299524
0 0.161637 0.428591 0.0136286 0.0165917 0.29478
0 0.0712509 0.417932 0.0111216 0.0119073 0.283331
0 0.0573833 0.410901 0.0116959 0.0157744 0.280299
0 0.100276 0.416065 0.0137957 0.0134901 0.279523
0 0.070869 0.413226 0.011854 0.0142515 0.273336
0 0.136229 0.422089 0.0122923 0.0163669 0.26555
0 0.0154868 0.418408 0.0116432 0.0141596 0.253736
0 0.134656 0.4469 0.0127824 0.0150445 0.25147
