0 0.4904 0.450756 0.0470418 0.0662588 0.908717
0 0.570553 0.444256 0.0504498 0.0670834 0.894999
0 0.849541 0.388449 0.300919 0.411871 0.893257
0 0.29197 0.427334 0.0270519 0.0288484 0.83198
0 0.533768 0.425854 0.0280808 0.0492793 0.759868
0 0.139699 0.437288 0.066283 0.0516527 0.669031
0 0.516172 0.428835 0.0116733 0.0243963 0.628331
0 0.554995 0.408479 0.0253771 0.0424393 0.468238
0 0.507862 0.428269 0.0107244 0.0227758 0.365817
0 0.519088 0.430532 0.0118317 0.0247272 0.260504
0 0.511727 0.43029 0.0110747 0.0201097 0.250382
