0 0.572738 0.494354 0.152284 0.257823 0.918701
0 0.767882 0.457547 0.0512486 0.0712538 0.911947
0 0.945954 0.522063 0.108093 0.137376 0.889367
0 0.701815 0.440256 0.0203083 0.0319722 0.889061
0 0.649657 0.450884 0.0331334 0.0746501 0.882662
0 0.432713 0.479331 0.140775 0.152008 0.882576
0 0.729791 0.448474 0.0197732 0.0510083 0.839123
0 0.745669 0.448791 0.0268463 0.0602732 0.837808
0 0.670532 0.440981 0.0207623 0.0360384 0.831129
0 0.714201 0.446631 0.0164726 0.03682 0.825458
0 0.95697 0.703637 0.0856932 0.41137 0.816079
0 0.181372 0.423322 0.0999841 0.0677005 0.75472
0 0.498736 0.435017 0.0229061 0.0370214 0.73764
0 0.723584 0.447774 0.0186396 0.0455811 0.684177
0 0.08499 0.415178 0.12826 0.100664 0.680118
0 0.694249 0.4387 0.0162734 0.0311754 0.606793
0 0.0356333 0.406694 0.07072 0.132871 0.472126
0 0.718561 0.44803 0.0156347 0.0414 0.42079
0 0.707991 0.444206 0.0146384 0.0316264 0.352009
0 0.68151 0.437592 0.00924215 0.0212889 0.346611
0 0.509095 0.424 0.0158903 0.0297904 0.33225
0 0.510113 0.417578 0.0147633 0.0200509 0.306873
0 0.686708 0.437719 0.0108377 0.0243607 0.294477
0 0.702086 0.443655 0.0145525 0.0248416 0.293668
0 0.100866 0.424719 0.0956416 0.0791202 0.283715
0 0.679139 0.437837 0.00953731 0.0194982 0.27875
0 0.679941 0.4311 0.0109467 0.0203218 0.274497
0 0.403597 0.426001 0.0427232 0.0460992 0.2679
0 0.711318 0.444363 0.0131817 0.0335093 0.254847
0 0.699163 0.442701 0.012487 0.0311902 0.250346
