0 0.253554 0.443638 0.178877 0.221219 0.928723
0 0.475564 0.436029 0.158259 0.226131 0.9197
0 0.721732 0.313534 0.286918 0.405775 0.896751
0 0.325289 0.388147 0.0808195 0.137249 0.896097
0 0.410093 0.364364 0.0257317 0.049843 0.851682
0 0.91572 0.371758 0.167461 0.493411 0.780114
0 0.393008 0.351048 0.0133261 0.0205512 0.685965
0 0.176386 0.360518 0.15429 0.0814231 0.566779
0 0.427653 0.331867 0.0180658 0.0201666 0.460379
0 0.379302 0.353049 0.0124894 0.0190067 0.37174
0 0.464363 0.319216 0.043707 0.0222878 0.317345
0 0.363803 0.361048 0.0180845 0.0305018 0.309825
0 0.384023 0.351575 0.010045 0.016453 0.2776
0 0.112177 0.379581 0.0273213 0.0209047 0.268451
0 0.37739 0.355646 0.0126057 0.0219511 0.267921
