0 0.393746 0.395232 0.0527886 0.0984778 0.941035
0 0.786818 0.454165 0.097146 0.0794757 0.930764
0 0.355065 0.389985 0.0455155 0.0680974 0.928066
0 0.0503089 0.348841 0.100472 0.280355 0.91961
0 0.249849 0.385516 0.0860383 0.097143 0.912469
0 0.45228 0.411882 0.105715 0.168146 0.912164
0 0.600721 0.480056 0.24688 0.335039 0.89211
0 0.320282 0.373648 0.0337812 0.0499034 0.891865
0 0.914302 0.467815 0.150804 0.137674 0.872472
0 0.284069 0.357985 0.0236714 0.034248 0.42497
0 0.33861 0.365453 0.0111921 0.0199768 0.294754
