0 0.376472 0.392088 0.0307657 0.0434174 0.943381
0 0.538833 0.397211 0.02949 0.0370285 0.9232
0 0.284457 0.403401 0.0488219 0.0554538 0.904005
0 0.0992848 0.371918 0.197713 0.365096 0.897345
0 0.21262 0.478121 0.136738 0.148331 0.883576
0 0.460928 0.394733 0.0316676 0.0490185 0.883035
0 0.639728 0.433506 0.0794148 0.0932721 0.879938
0 0.326491 0.383406 0.0389308 0.0408747 0.850773
0 0.523679 0.389163 0.0212742 0.0368539 0.841983
0 0.350498 0.379199 0.0145792 0.0238876 0.698941
0 0.226089 0.3954 0.0588501 0.0294957 0.692787
0 0.486691 0.378666 0.0124127 0.0212699 0.569647
0 0.497046 0.379441 0.013948 0.0226088 0.526023
0 0.257306 0.392482 0.0218179 0.0289293 0.432079
0 0.358431 0.378547 0.010344 0.01942 0.33795
0 0.206147 0.385017 0.0207022 0.0291465 0.330329
0 0.360562 0.378264 0.00929718 0.0176385 0.329464
0 0.298166 0.376278 0.0233961 0.0249118 0.278628
0 0.346433 0.37876 0.0131126 0.0262117 0.273426
0 0.354944 0.377747 0.0123899 0.021366 0.266678
