0 0.255852 0.428166 0.0919876 0.126758 0.91828
0 0.361076 0.422778 0.0892168 0.122667 0.908544
0 0.180072 0.46809 0.149377 0.159269 0.899377
0 0.309191 0.413231 0.0430676 0.0862388 0.893841
0 0.439165 0.393062 0.0241961 0.0360796 0.893475
0 0.405405 0.394263 0.0186959 0.0387061 0.828387
0 0.416862 0.388295 0.0139056 0.0297548 0.692458
0 0.52524 0.387035 0.0191239 0.0349628 0.546208
0 0.420197 0.389255 0.0117803 0.0275857 0.404973
0 0.424715 0.389179 0.0090807 0.0215586 0.403096
0 0.516463 0.38562 0.034261 0.036026 0.385393
0 0.426325 0.386923 0.00915651 0.0183853 0.372804
0 0.458901 0.392205 0.0103922 0.0131751 0.33659
