0 0.521407 0.459159 0.0428394 0.0583325 0.91749
0 0.576061 0.454396 0.0428842 0.0510049 0.903981
0 0.936101 0.588431 0.127278 0.414962 0.890019
0 0.444756 0.463915 0.047758 0.067984 0.884416
0 0.474243 0.446213 0.0186655 0.0265878 0.851849
0 0.462852 0.43587 0.0115723 0.0201728 0.473925
0 0.464529 0.432983 0.0108565 0.0173552 0.382647
0 0.458433 0.427208 0.00945473 0.0133564 0.338847
0 0.431571 0.424149 0.0104242 0.0131782 0.331624
0 0.386497 0.438225 0.0152093 0.016294 0.3167
0 0.43528 0.428016 0.014866 0.0140659 0.316452
0 0.461848 0.432611 0.0107258 0.0153841 0.294784
0 0.176195 0.452707 0.0439223 0.0190525 0.293061
0 0.382519 0.440783 0.0105013 0.0132758 0.28385
0 0.424161 0.438963 0.0120381 0.0217331 0.274577
0 0.398986 0.43748 0.00978193 0.0122984 0.269959
0 0.422769 0.430793 0.0101022 0.0150189 0.264865
0 0.444238 0.425813 0.0111614 0.0123193 0.260723
0 0.450912 0.427423 0.0104212 0.0134796 0.258139
0 0.411373 0.433003 0.0121339 0.0141291 0.255893
0 0.315552 0.443576 0.020387 0.0157167 0.255694
