0 0.675302 0.540872 0.159302 0.166841 0.908368
0 0.847319 0.605637 0.269189 0.368395 0.879376
0 0.543979 0.466405 0.093343 0.0697183 0.877045
0 0.404854 0.420047 0.0175393 0.0255127 0.812934
0 0.487026 0.435567 0.0440647 0.0423223 0.812188
0 0.494926 0.445088 0.0477294 0.0421188 0.804616
0 0.6409 0.504113 0.135112 0.132325 0.770524
0 0.462157 0.429332 0.0183311 0.0290678 0.697097
0 0.444961 0.428295 0.0184223 0.0214016 0.612565
0 0.972634 0.631685 0.0540337 0.480996 0.546153
0 0.450492 0.429412 0.0131765 0.0209859 0.383785
0 0.439755 0.406103 0.0134392 0.0188531 0.377114
0 0.437815 0.404792 0.0108075 0.0153081 0.358049
0 0.437437 0.400975 0.0114769 0.0156231 0.339424
0 0.440453 0.430603 0.0126273 0.0177678 0.334888
0 0.448017 0.422662 0.0142365 0.0193293 0.323827
0 0.604634 0.49745 0.0618163 0.121127 0.316634
0 0.455523 0.429571 0.015121 0.0249498 0.302306
0 0.439326 0.42433 0.0118081 0.015902 0.294404
0 0.45225 0.425224 0.0137935 0.023606 0.286477
0 0.460963 0.433397 0.0148632 0.0235618 0.282061
0 0.457144 0.425236 0.0162706 0.027111 0.279546
0 0.505887 0.450252 0.0428435 0.0422107 0.273069
0 0.444854 0.41189 0.0144248 0.0180271 0.271891
0 0.450071 0.418799 0.0117513 0.0199751 0.26723
0 0.408519 0.41238 0.0134532 0.0187844 0.265729
