0 0.36258 0.254381 0.0203018 0.0410109 0.914204
0 0.445578 0.255243 0.0349923 0.0618614 0.893123
0 0.557912 0.312943 0.118545 0.156276 0.884234
0 0.473251 0.269305 0.0483689 0.0799601 0.88365
0 0.205045 0.305002 0.12699 0.16835 0.874653
0 0.336778 0.262778 0.0284187 0.0627123 0.866352
0 0.271231 0.281635 0.0564805 0.109338 0.861675
0 0.305852 0.277223 0.0396355 0.0802596 0.82309
0 0.378247 0.247763 0.0148405 0.0268333 0.813069
0 0.504238 0.28847 0.0404654 0.0989656 0.811961
0 0.428974 0.250044 0.0129828 0.0290526 0.803451
0 0.31869 0.269348 0.0350686 0.0730726 0.763997
0 0.48303 0.282516 0.0360348 0.0787208 0.736148
0 0.349259 0.257896 0.0226933 0.0574796 0.699681
0 0.41907 0.247652 0.0112662 0.0182634 0.632979
0 0.383015 0.246887 0.0110831 0.0230788 0.472238
0 0.374763 0.249644 0.0139562 0.0290283 0.361776
0 0.431719 0.255815 0.0177299 0.0400705 0.347151
0 0.366472 0.251258 0.0182285 0.0348382 0.302662
0 0.517916 0.302685 0.0408713 0.126034 0.266298
