0 0.199546 0.275337 0.0271307 0.0320636 0.894337
0 0.522282 0.382478 0.107715 0.17726 0.887591
0 0.361895 0.321187 0.0229147 0.0387707 0.7794
0 0.155479 0.279533 0.0283298 0.0290524 0.768573
0 0.112282 0.457136 0.145265 0.0992076 0.760947
0 0.346317 0.328678 0.0358299 0.0403188 0.752378
0 0.180587 0.27046 0.0206612 0.0262483 0.693326
0 0.215609 0.262378 0.0140242 0.0189785 0.672837
0 0.601572 0.321223 0.0264356 0.037181 0.657461
0 0.227336 0.25183 0.0120779 0.017756 0.610905
0 0.0209336 0.470914 0.0418671 0.108524 0.591171
0 0.314223 0.27386 0.0184644 0.0256944 0.566686
0 0.318447 0.342434 0.0466391 0.042816 0.546265
0 0.333465 0.286642 0.0192236 0.0265878 0.503154
0 0.229013 0.41565 0.0867406 0.0746994 0.474699
0 0.374423 0.274104 0.0147603 0.0323498 0.434595
0 0.28655 0.379365 0.0611764 0.0828583 0.414411
0 0.507259 0.278058 0.0272203 0.0425132 0.411281
0 0.332857 0.291723 0.0164031 0.0235954 0.41109
0 0.202309 0.251639 0.0165034 0.0191481 0.405385
0 0.534172 0.288866 0.0173512 0.0209971 0.404652
0 0.510451 0.288297 0.0276752 0.0232068 0.403299
0 0.334851 0.278765 0.0206792 0.030307 0.382515
0 0.318731 0.365811 0.0579656 0.0749795 0.381359
0 0.229336 0.250077 0.0106833 0.0166031 0.373818
0 0.233605 0.249014 0.00992727 0.014385 0.368973
0 0.539333 0.289545 0.0242376 0.0212189 0.367285
0 0.237544 0.240383 0.00942106 0.0139637 0.353671
0 0.506512 0.295881 0.0338927 0.0312728 0.350441
0 0.426402 0.284006 0.0179896 0.0339255 0.335226
0 0.285152 0.392402 0.0543993 0.0553987 0.32919
0 0.243075 0.412342 0.0573988 0.0605158 0.326371
0 0.532183 0.274142 0.0199228 0.0401071 0.318577
0 0.620939 0.308669 0.0672738 0.075682 0.318449
0 0.223606 0.259234 0.0112937 0.0152867 0.306391
0 0.199055 0.254519 0.0191381 0.0210581 0.304618
0 0.0901523 0.269811 0.0100798 0.017931 0.298529
0 0.275081 0.397206 0.0341085 0.0453261 0.298507
0 0.201801 0.249159 0.0122632 0.0149125 0.290262
0 0.236853 0.244786 0.00914617 0.0132324 0.290067
0 0.447511 0.288622 0.0221283 0.0221559 0.283855
0 0.32816 0.251732 0.0143824 0.0169317 0.283763
0 0.349911 0.374507 0.0559143 0.0649234 0.280775
0 0.181436 0.26521 0.0184827 0.0223063 0.276851
0 0.238783 0.242526 0.00882406 0.0131092 0.275855
0 0.315471 0.305175 0.0260827 0.0341855 0.273681
0 0.264457 0.247703 0.0107831 0.0196221 0.27153
0 0.310236 0.254373 0.0174882 0.021387 0.266166
0 0.360888 0.267068 0.0206 0.0387003 0.260373
0 0.206624 0.422148 0.0908812 0.081878 0.253936
0 0.368479 0.265972 0.0280645 0.040295 0.252901
0 0.330694 0.367548 0.0862263 0.0897649 0.251815
0 0.509741 0.301261 0.0496691 0.0311716 0.250612
