0 0.841692 0.458613 0.206536 0.194976 0.928591
0 0.340549 0.447568 0.0906029 0.0967178 0.924035
0 0.390209 0.433809 0.0410523 0.0683514 0.913114
0 0.700808 0.413058 0.0913073 0.118482 0.906424
0 0.236605 0.467699 0.104123 0.160912 0.905355
0 0.651834 0.417923 0.030341 0.0653559 0.892281
0 0.0979294 0.417599 0.195859 0.587185 0.881874
0 0.416147 0.419646 0.0522129 0.0753915 0.878784
0 0.617469 0.404328 0.0296756 0.0487523 0.862221
0 0.637303 0.413606 0.0260998 0.0568195 0.837671
0 0.593259 0.397137 0.0208385 0.0292131 0.815322
0 0.623783 0.411876 0.0216033 0.0466921 0.812826
0 0.4676 0.397378 0.0414217 0.0706618 0.788899
0 0.501619 0.399244 0.0183447 0.0265103 0.748967
0 0.508215 0.396057 0.014936 0.0244798 0.689799
0 0.538681 0.389195 0.0120426 0.01548 0.640151
0 0.519431 0.392182 0.0116519 0.0177628 0.580288
0 0.578883 0.388362 0.0114887 0.020694 0.494816
0 0.567353 0.387723 0.0090827 0.0142451 0.43333
0 0.576693 0.389074 0.0104655 0.0171239 0.379657
0 0.531079 0.391169 0.00985079 0.014132 0.374675
0 0.528925 0.390803 0.0086484 0.0144552 0.363045
0 0.583436 0.391934 0.0120397 0.0228529 0.350022
0 0.569223 0.388822 0.00856838 0.0137655 0.337584
0 0.546679 0.388737 0.0085742 0.0121387 0.334945
0 0.526102 0.391646 0.00957661 0.01486 0.331733
0 0.515893 0.392416 0.0109895 0.0195357 0.313958
0 0.534849 0.390892 0.0103339 0.014975 0.312864
0 0.442573 0.410763 0.0137168 0.0294735 0.304196
0 0.52224 0.393265 0.00945158 0.0162908 0.291082
0 0.562497 0.385675 0.00760288 0.0111371 0.283558
0 0.512936 0.394598 0.0115862 0.0184063 0.27415
0 0.542347 0.388879 0.00967951 0.0136681 0.262607
0 0.57499 0.391095 0.0100429 0.0170746 0.250861
0 0.501883 0.396082 0.0137075 0.0223828 0.250329
