0 0.617713 0.672845 0.102812 0.131427 0.888136
0 0.133103 0.606351 0.109674 0.0602953 0.878758
0 0.464861 0.631558 0.101253 0.17945 0.875205
0 0.206756 0.604654 0.0666349 0.055433 0.873413
0 0.38299 0.608584 0.0411669 0.0537252 0.870796
0 0.0356089 0.643644 0.0712177 0.226279 0.862304
0 0.567981 0.622471 0.02341 0.0399033 0.854302
0 0.552624 0.621421 0.0145718 0.0325711 0.840748
0 0.40858 0.609939 0.0165673 0.0376307 0.825262
0 0.789469 0.638346 0.0623797 0.0579454 0.81211
0 0.540257 0.618673 0.0133543 0.0273368 0.773651
0 0.577867 0.626231 0.0222699 0.0383794 0.703815
0 0.519212 0.61231 0.0163116 0.0387661 0.663189
0 0.533045 0.612882 0.0148753 0.0257836 0.503976
0 0.57195 0.627178 0.0191373 0.0344157 0.391921
0 0.556358 0.620698 0.0162688 0.0365526 0.375124
0 0.544464 0.618958 0.013351 0.032253 0.342628
0 0.549539 0.61955 0.0133821 0.0322354 0.327461
0 0.413038 0.61125 0.0120788 0.0346805 0.326251
0 0.415975 0.609303 0.00966845 0.0318641 0.311835
0 0.0782793 0.630658 0.0279855 0.056093 0.310958
0 0.537025 0.621123 0.00981474 0.0216402 0.26417
0 0.914762 0.654197 0.0350986 0.0323519 0.262487
0 0.50653 0.517375 0.0245705 0.0135081 0.260772
0 0.882162 0.642473 0.0236225 0.0229862 0.260586
0 0.403482 0.612 0.012039 0.0354572 0.258113
