0 0.376261 0.475468 0.0681753 0.0963764 0.898128
0 0.49933 0.457356 0.0331081 0.0727332 0.849432
0 0.467376 0.470603 0.0123688 0.0219901 0.480092
0 0.450244 0.467052 0.024771 0.0292906 0.470935
0 0.410941 0.466106 0.0301084 0.0679306 0.442656
0 0.461467 0.469145 0.0124227 0.0226785 0.438639
0 0.474012 0.474198 0.00990744 0.0180106 0.406226
0 0.443203 0.466043 0.0251523 0.0317679 0.340088
0 0.456968 0.469079 0.0131649 0.0237725 0.326691
0 0.474512 0.467982 0.0120134 0.0226793 0.299601
0 0.470982 0.472882 0.010396 0.0195563 0.262413
0 0.47828 0.472583 0.00978947 0.0173871 0.259901
