0 0.51779 0.67718 0.0478867 0.0694631 0.901198
0 0.578823 0.682118 0.0943323 0.126943 0.89255
0 0.432437 0.676892 0.042336 0.0659131 0.89199
0 0.361954 0.691452 0.0477776 0.0629969 0.891934
0 0.270618 0.71123 0.124599 0.17351 0.890033
0 0.0412916 0.756778 0.0824389 0.09387 0.878521
0 0.191341 0.717657 0.0471816 0.0823308 0.858052
0 0.120915 0.747932 0.100889 0.097915 0.856413
0 0.403522 0.679121 0.0192969 0.0295517 0.846795
0 0.487746 0.666753 0.0328599 0.054814 0.796322
0 0.465092 0.671956 0.0156426 0.0325551 0.791843
0 0.327904 0.69195 0.0197227 0.0545154 0.684698
0 0.124167 0.701471 0.09274 0.0636117 0.654349
0 0.454742 0.669483 0.010935 0.0231244 0.605037
0 0.469368 0.673183 0.0132065 0.0336924 0.387331
0 0.00895215 0.748524 0.0178467 0.0692145 0.382866
0 0.385995 0.681451 0.0127494 0.0247231 0.376084
0 0.45711 0.671869 0.00974979 0.0235677 0.371344
0 0.185531 0.674819 0.070191 0.0582626 0.344616
0 0.460131 0.670278 0.0110084 0.0257957 0.339102
0 0.198082 0.668617 0.0480176 0.049715 0.317487
0 0.337019 0.68665 0.0149851 0.0360833 0.291578
0 0.169326 0.712185 0.0214021 0.0376823 0.278278
0 0.932401 0.600967 0.0326609 0.0438122 0.265385
0 0.412928 0.664901 0.0117198 0.0245573 0.254927
0 0.889396 0.609211 0.115175 0.0692083 0.251505
0 0.172914 0.70806 0.0175087 0.0295135 0.250197
