0 0.40826 0.770352 0.131025 0.205761 0.928147
0 0.297012 0.743945 0.0891037 0.109455 0.911524
0 0.222514 0.724895 0.0220229 0.0358731 0.897771
0 0.586118 0.793199 0.341793 0.402305 0.871552
0 0.245394 0.727767 0.0345779 0.051298 0.863212
0 0.203948 0.71942 0.0177051 0.0247379 0.59026
0 0.190943 0.715306 0.0146032 0.0210154 0.555676
0 0.184366 0.715322 0.0131071 0.0193075 0.362744
0 0.166081 0.714592 0.0133091 0.0199861 0.345758
0 0.198507 0.717532 0.013428 0.022305 0.322195
0 0.0493657 0.730404 0.0499294 0.0498208 0.288224
0 0.182045 0.714842 0.0101577 0.0168822 0.288217
0 0.209159 0.720315 0.0162605 0.0256558 0.273618
0 0.0297387 0.729188 0.0336485 0.0439831 0.270222
0 0.17979 0.71499 0.0125383 0.0191508 0.267307
