0 0.533457 0.65096 0.0530107 0.0745941 0.915629
0 0.398232 0.683977 0.0765887 0.1297 0.8993
0 0.451396 0.656303 0.037664 0.0572379 0.879779
0 0.503528 0.639669 0.0375095 0.0761726 0.871916
0 0.477415 0.640526 0.0244309 0.060525 0.819773
0 0.0175458 0.698092 0.0350917 0.0672184 0.597635
0 0.120669 0.664591 0.057951 0.0614098 0.579705
0 0.04765 0.698387 0.0321313 0.0359448 0.495833
0 0.260919 0.663342 0.016405 0.0202547 0.37641
0 0.311859 0.656221 0.0156137 0.017492 0.33888
0 0.481495 0.653654 0.014957 0.040782 0.316777
0 0.197066 0.672326 0.0216297 0.0170612 0.312999
0 0.160071 0.672863 0.0187726 0.0212097 0.312027
0 0.289929 0.658087 0.0169203 0.0153085 0.304456
0 0.478059 0.649271 0.016789 0.0452971 0.297303
0 0.0560342 0.678831 0.0638493 0.0750568 0.289194
0 0.221579 0.66776 0.0216281 0.0181825 0.28845
0 0.0560611 0.697537 0.0477344 0.0394411 0.287549
0 0.294254 0.658724 0.0172591 0.0156489 0.283403
0 0.241492 0.662588 0.0190871 0.0194416 0.280253
0 0.336286 0.654385 0.0132659 0.0176129 0.276358
0 0.30796 0.657927 0.0152212 0.0170798 0.2751
0 0.105737 0.675025 0.0288167 0.0390725 0.267646
0 0.432161 0.648583 0.0116211 0.0292506 0.253093
0 0.101645 0.680152 0.0223016 0.0335097 0.252584
