0 0.419717 0.723429 0.0701191 0.0589237 0.915178
0 0.510814 0.723896 0.0890221 0.057982 0.912516
0 0.770126 0.831346 0.459748 0.337308 0.896967
0 0.146093 0.737931 0.0333139 0.0761058 0.895024
0 0.0637584 0.767927 0.126772 0.139776 0.889448
0 0.273309 0.845881 0.222477 0.307771 0.882955
0 0.226261 0.687274 0.139696 0.232131 0.869345
0 0.627087 0.716853 0.0590879 0.0577054 0.828019
0 0.596659 0.711924 0.0394631 0.0450723 0.782201
0 0.473497 0.686169 0.0326585 0.0548613 0.772586
0 0.449729 0.711435 0.0279464 0.0400638 0.744853
0 0.385371 0.708246 0.0255458 0.0326277 0.663891
0 0.51199 0.688655 0.0252003 0.0162399 0.655188
0 0.568498 0.708407 0.0325971 0.0423048 0.598729
0 0.37125 0.707855 0.0211717 0.0291929 0.590761
0 0.494899 0.695523 0.0161948 0.0218387 0.556498
0 0.352601 0.718307 0.0173826 0.0319343 0.54904
0 0.542502 0.697469 0.0210935 0.0251217 0.533458
0 0.560313 0.697886 0.0224777 0.0265913 0.466272
0 0.527967 0.691024 0.015233 0.0134427 0.459975
0 0.43131 0.680882 0.0243537 0.0283766 0.443111
0 0.396186 0.706651 0.0297831 0.0323105 0.442502
0 0.378685 0.708655 0.0268066 0.0332472 0.437095
0 0.625413 0.688192 0.0242702 0.0216187 0.34494
0 0.542556 0.702463 0.0254589 0.034668 0.300674
0 0.556429 0.702506 0.0172657 0.0293991 0.294674
0 0.635093 0.70737 0.0439933 0.0423265 0.278865
0 0.556198 0.693635 0.0146604 0.0171173 0.276044
0 0.627242 0.684924 0.0191178 0.018364 0.271235
0 0.463376 0.706533 0.0117554 0.0280675 0.265408
0 0.348088 0.71644 0.0264697 0.041812 0.260561
0 0.360711 0.704215 0.0190567 0.0300045 0.256325
