0 0.501508 0.571791 0.180767 0.246687 0.930476
0 0.656124 0.520582 0.117117 0.135452 0.907364
0 0.809411 0.514788 0.0821615 0.0935667 0.90254
0 0.727031 0.498209 0.0927997 0.116824 0.899717
0 0.972665 0.722357 0.0543791 0.299274 0.887858
0 0.573106 0.489274 0.0530703 0.0718891 0.851998
0 0.935875 0.551974 0.127324 0.188748 0.843221
0 0.427671 0.443548 0.0255137 0.0424057 0.837595
0 0.449642 0.462881 0.0356847 0.0593416 0.778065
0 0.609439 0.47891 0.0300743 0.0436323 0.650593
0 0.317899 0.42324 0.0149416 0.0137738 0.627843
0 0.515875 0.448192 0.0274602 0.0179983 0.589419
0 0.4904 0.434238 0.0258683 0.0311895 0.584504
0 0.179273 0.425341 0.0233872 0.0113108 0.537259
0 0.892702 0.498318 0.0254709 0.0194873 0.525714
0 0.583215 0.460165 0.0276041 0.0257051 0.522679
0 0.521648 0.450257 0.037547 0.0219023 0.521303
0 0.262565 0.418472 0.0208004 0.0231515 0.516406
0 0.563993 0.427985 0.0467188 0.0504713 0.475625
0 0.32896 0.421263 0.0130352 0.0156647 0.470758
0 0.854173 0.49462 0.0151852 0.0170566 0.4619
0 0.348173 0.424263 0.0157647 0.017935 0.451954
0 0.298226 0.421688 0.018359 0.0199593 0.449923
0 0.2799 0.412993 0.0311766 0.0341756 0.44842
0 0.440095 0.419699 0.0217754 0.0243644 0.445342
0 0.871922 0.494459 0.0176725 0.0174678 0.417366
0 0.394474 0.424922 0.0102022 0.0114334 0.387821
0 0.47433 0.435334 0.0112137 0.0235004 0.384502
0 0.371016 0.424386 0.0117263 0.0119693 0.370295
0 0.383228 0.42505 0.0103651 0.0115109 0.358367
0 0.450471 0.450937 0.0324908 0.0406564 0.355893
0 0.581105 0.453992 0.0272332 0.0207204 0.35238
0 0.918344 0.50441 0.0179104 0.0207155 0.350388
0 0.557463 0.444241 0.0295657 0.0308078 0.347964
0 0.386659 0.425754 0.0114994 0.0120843 0.338114
0 0.640612 0.45546 0.0267477 0.0154295 0.329035
0 0.336098 0.423072 0.0107515 0.0136719 0.328443
0 0.496914 0.444685 0.0173051 0.0166316 0.323827
0 0.533572 0.444904 0.0171693 0.0203178 0.316711
0 0.574756 0.45246 0.0305212 0.0260598 0.31112
0 0.301591 0.421732 0.0121147 0.0167648 0.308319
0 0.402323 0.423784 0.00934122 0.0124471 0.294712
0 0.452184 0.430205 0.0197863 0.0178267 0.292375
0 0.532539 0.452602 0.0229285 0.0157515 0.291465
0 0.362616 0.425309 0.0116074 0.0128157 0.28754
0 0.604888 0.459192 0.0190785 0.0190676 0.287107
0 0.237984 0.419894 0.0235629 0.0216558 0.286818
0 0.528188 0.453784 0.0345783 0.0204337 0.281513
0 0.908113 0.500185 0.0147825 0.0164783 0.27979
0 0.398167 0.424315 0.0101635 0.0117778 0.277763
0 0.391179 0.424823 0.0105295 0.0115234 0.27566
0 0.912553 0.500406 0.0222845 0.0205293 0.274997
0 0.366138 0.424554 0.00999846 0.011989 0.274572
0 0.2811 0.425597 0.0168057 0.0140849 0.270743
0 0.332832 0.422068 0.0121342 0.0156762 0.264184
0 0.274788 0.409725 0.0457135 0.0412091 0.260399
0 0.286067 0.422882 0.017727 0.0187015 0.259473
0 0.536295 0.446434 0.0131233 0.0175205 0.25715
0 0.592527 0.461139 0.0199035 0.0198997 0.257078
0 0.378928 0.423736 0.0108606 0.0132455 0.255606
0 0.374261 0.424732 0.0101302 0.0107091 0.253255
0 0.0113527 0.410643 0.022166 0.0257989 0.252819
0 0.00641462 0.40549 0.0125858 0.0260951 0.251403
