0 0.360955 0.525118 0.0742205 0.108777 0.924218
0 0.48552 0.496281 0.0187803 0.0308389 0.904958
0 0.694102 0.486738 0.116473 0.0759249 0.881907
0 0.560475 0.49759 0.0373172 0.0533966 0.879396
0 0.530733 0.492927 0.0142989 0.0376214 0.818122
0 0.432659 0.502713 0.0199331 0.0483032 0.800345
0 0.463179 0.491967 0.0175533 0.0252594 0.765081
0 0.541198 0.494783 0.0206874 0.0464374 0.74657
0 0.400498 0.510072 0.0385536 0.0849194 0.683806
0 0.521053 0.490759 0.0107712 0.0280411 0.678532
0 0.979616 0.50046 0.0407686 0.130275 0.672668
0 0.549904 0.496195 0.0284024 0.0487969 0.670822
0 0.437733 0.502244 0.0173536 0.0438604 0.38822
0 0.525615 0.491433 0.0117099 0.0304467 0.3613
0 0.473979 0.489882 0.00881815 0.0183875 0.329435
0 0.447121 0.499628 0.0121237 0.0299023 0.252829
0 0.427045 0.5062 0.0193495 0.0560666 0.252697
