0 0.17085 0.590257 0.15882 0.205229 0.910686
0 0.0689996 0.724056 0.137643 0.270779 0.909858
0 0.568908 0.372555 0.0663604 0.101897 0.908215
0 0.327957 0.513375 0.106959 0.174134 0.881108
0 0.728887 0.344857 0.251497 0.363562 0.88018
0 0.456942 0.473203 0.173129 0.29515 0.872839
0 0.882092 0.38681 0.235462 0.512215 0.853131
0 0.531005 0.370505 0.0301022 0.0749778 0.737119
0 0.534163 0.377909 0.0192164 0.0702008 0.610752
0 0.511699 0.382259 0.0192645 0.0423782 0.478785
0 0.345187 0.447957 0.059654 0.0429577 0.307058
0 0.372852 0.437496 0.0168414 0.0276367 0.287995
