0 0.361951 0.453397 0.0883292 0.144059 0.926365
0 0.796059 0.517045 0.232777 0.205469 0.908027
0 0.526903 0.455048 0.123013 0.2323 0.905209
0 0.948081 0.584103 0.103794 0.262938 0.855467
0 0.452706 0.433313 0.0281838 0.0382278 0.839718
0 0.0957748 0.40685 0.158352 0.0972612 0.703844
0 0.593491 0.456336 0.0445569 0.117375 0.473941
0 0.224398 0.428653 0.0273069 0.0307721 0.465357
0 0.28515 0.429928 0.0334955 0.0250544 0.420448
0 0.286603 0.444646 0.0385762 0.0493274 0.402703
0 0.202485 0.430442 0.0402198 0.0336173 0.387979
0 0.309705 0.427953 0.0219008 0.0244295 0.375648
0 0.482368 0.409229 0.0114804 0.0181834 0.331214
0 0.156423 0.411074 0.0574576 0.0797255 0.302612
0 0.165053 0.422926 0.0439066 0.0504311 0.28157
0 0.246862 0.425202 0.0367451 0.0279629 0.275998
0 0.17189 0.428103 0.0319824 0.0400102 0.275872
0 0.0101921 0.431913 0.0203842 0.0455975 0.266922
0 0.253772 0.428991 0.036792 0.0360569 0.263562
0 0.466952 0.413597 0.0111128 0.0141042 0.250697
