0 0.0913942 0.403505 0.0348858 0.0650453 0.910944
0 0.260889 0.392758 0.0794608 0.0975888 0.905077
0 0.130464 0.39876 0.0797484 0.0747715 0.902741
0 0.345117 0.395718 0.0955367 0.130021 0.900544
0 0.571782 0.373769 0.0966743 0.153867 0.888537
0 0.462593 0.400064 0.0767238 0.110215 0.887691
0 0.195093 0.39714 0.0542265 0.0539449 0.873262
0 0.857181 0.45298 0.285638 0.704345 0.856575
0 0.401457 0.382043 0.0421424 0.0666343 0.855722
0 0.0386102 0.387593 0.0771399 0.1486 0.837499
0 0.522072 0.369648 0.025703 0.115458 0.665133
0 0.202994 0.364926 0.0418779 0.0281374 0.610899
0 0.169647 0.379837 0.0182566 0.025637 0.514187
0 0.423747 0.382792 0.0133536 0.0387853 0.454574
0 0.425827 0.383053 0.0110865 0.0321454 0.345393
0 0.223796 0.37501 0.0135875 0.0299303 0.288375
0 0.512181 0.34612 0.0460295 0.107906 0.263627
0 0.427505 0.379538 0.0106519 0.0229094 0.260767
