0 0.30882 0.46304 0.0722545 0.145971 0.941205
0 0.274588 0.453151 0.0451887 0.101542 0.926151
0 0.35688 0.455535 0.0741365 0.224116 0.90904
0 0.238825 0.450129 0.0599207 0.0815069 0.906712
0 0.176661 0.439123 0.0359643 0.073508 0.905135
0 0.21121 0.439089 0.0610337 0.0852899 0.900785
0 0.0186811 0.448307 0.0370583 0.0942554 0.897681
0 0.507301 0.497129 0.313396 0.456414 0.861481
0 0.0999714 0.433635 0.141956 0.0736284 0.714834
0 0.0652102 0.432305 0.0798324 0.0696135 0.301955
0 0.072105 0.404403 0.0516081 0.0165012 0.299888
0 0.887285 0.40417 0.207464 0.0574812 0.294375
0 0.959384 0.412306 0.0796656 0.04093 0.284703
0 0.151877 0.403669 0.024752 0.0134082 0.278268
