0 0.520454 0.437475 0.113365 0.141253 0.917003
0 0.693244 0.438937 0.0651063 0.0820324 0.913432
0 0.306779 0.498675 0.424254 0.306903 0.906586
0 0.61831 0.434958 0.0973001 0.11893 0.890743
0 0.774419 0.434682 0.0636139 0.0614399 0.88489
0 0.0627734 0.492937 0.125493 0.208049 0.85093
0 0.838679 0.416174 0.0501596 0.0580327 0.817061
0 0.953314 0.403057 0.0265459 0.033245 0.814746
0 0.810578 0.42822 0.0307869 0.0484701 0.756548
0 0.873935 0.417084 0.0314547 0.0402988 0.705708
0 0.899656 0.412816 0.0278763 0.0366019 0.703852
0 0.933193 0.407554 0.026321 0.029463 0.67524
0 0.91378 0.402174 0.03256 0.0387473 0.638697
0 0.978249 0.403566 0.0258869 0.0245968 0.631472
0 0.994661 0.403121 0.0106785 0.0208649 0.493476
0 0.865942 0.418455 0.0250444 0.0415658 0.346559
0 0.732821 0.413528 0.0430635 0.0363008 0.33445
0 0.987783 0.403963 0.0135006 0.0211422 0.268541
