0 0.573761 0.537359 0.0263528 0.0313178 0.917157
0 0.432751 0.537259 0.0873907 0.051365 0.881735
0 0.545766 0.533772 0.0269017 0.0354265 0.868915
0 0.665377 0.543344 0.0279016 0.0312476 0.864523
0 0.92158 0.556485 0.0444948 0.0251334 0.840707
0 0.16853 0.523121 0.100172 0.0707652 0.838688
0 0.0363506 0.521199 0.0727012 0.0661947 0.830267
0 0.392464 0.52856 0.0278218 0.0393765 0.827091
0 0.513766 0.533425 0.0263234 0.0319236 0.806186
0 0.603079 0.536976 0.0320919 0.0354758 0.794271
0 0.0688154 0.517014 0.0813928 0.0667684 0.78414
0 0.483919 0.531338 0.0244447 0.0343023 0.781197
0 0.297477 0.524889 0.0277211 0.03341 0.755931
0 0.357148 0.524779 0.037822 0.038039 0.721412
0 0.021243 0.525299 0.0424771 0.0650167 0.708822
0 0.644652 0.539509 0.0270636 0.0324175 0.696716
0 0.624208 0.536614 0.021499 0.0334232 0.671422
0 0.248624 0.523838 0.0397987 0.055768 0.669756
0 0.312941 0.521186 0.0225286 0.0335012 0.664074
0 0.532031 0.531553 0.0168755 0.031528 0.654086
0 0.112602 0.50848 0.0310223 0.0343418 0.638072
0 0.274514 0.522509 0.0292609 0.048249 0.631786
0 0.327138 0.523297 0.0297173 0.0371023 0.621589
0 0.2256 0.523968 0.0310649 0.0580953 0.568298
0 0.102879 0.514791 0.0374134 0.0469411 0.558384
0 0.450875 0.521987 0.0456957 0.0310362 0.557522
0 0.504306 0.525665 0.0197682 0.0296846 0.512469
0 0.445932 0.528742 0.0613635 0.0428731 0.44278
0 0.562263 0.524969 0.0166081 0.021708 0.432191
0 0.0848778 0.516033 0.0569877 0.0580829 0.401422
0 0.528628 0.528449 0.0117467 0.0278112 0.346975
0 0.115786 0.504505 0.0245521 0.0223109 0.339012
0 0.374233 0.519638 0.0163539 0.0250476 0.328346
0 0.586893 0.532654 0.0112448 0.0236869 0.31797
0 0.562682 0.520465 0.0183202 0.0158318 0.316575
0 0.504917 0.520257 0.0179636 0.0184167 0.304774
0 0.590727 0.533675 0.0127473 0.0250656 0.303789
0 0.482048 0.522172 0.020633 0.0230372 0.297843
0 0.500449 0.529197 0.015269 0.0300268 0.294396
0 0.311612 0.517965 0.0179057 0.0249934 0.28675
0 0.480037 0.5173 0.0172001 0.0157372 0.273161
0 0.594155 0.533096 0.0149341 0.0270618 0.269238
