0 0.757864 0.475925 0.207227 0.19785 0.930539
0 0.509392 0.45399 0.071696 0.109661 0.925923
0 0.571877 0.445368 0.0420753 0.0513158 0.869991
0 0.314243 0.397718 0.221105 0.395427 0.869229
0 0.921582 0.392835 0.156367 0.164534 0.854327
0 0.642222 0.442617 0.0440269 0.056976 0.853758
0 0.463645 0.450135 0.0272832 0.0420427 0.829628
0 0.444625 0.451038 0.0188515 0.0374123 0.792089
0 0.620599 0.44119 0.0255724 0.0527388 0.691227
0 0.522138 0.393226 0.0448218 0.0671346 0.683531
0 0.598637 0.419052 0.0446101 0.0804479 0.572166
0 0.543722 0.440272 0.0132326 0.0360385 0.53703
0 0.956931 0.421096 0.0861379 0.110176 0.446243
0 0.616837 0.44466 0.0164423 0.044822 0.369736
0 0.983463 0.404001 0.033073 0.0717351 0.308074
0 0.880659 0.419584 0.0771683 0.0995568 0.292441
0 0.546827 0.442898 0.0120702 0.0328256 0.275808
0 0.531016 0.419013 0.0347629 0.0651766 0.268056
