0 0.511365 0.288064 0.102301 0.173853 0.938969
0 0.482701 0.252253 0.0850673 0.157281 0.930955
0 0.349863 0.266455 0.0206454 0.0385511 0.918259
0 0.101746 0.333871 0.203492 0.242802 0.908492
0 0.295042 0.290261 0.0530813 0.0642085 0.89589
0 0.228802 0.298672 0.102482 0.134103 0.887616
0 0.658353 0.339827 0.282682 0.363866 0.883263
0 0.840773 0.321259 0.318361 0.642518 0.878404
0 0.326005 0.272576 0.0376503 0.0570652 0.850849
0 0.361731 0.262813 0.0140637 0.0337476 0.845776
0 0.39222 0.258366 0.0224857 0.03547 0.805888
0 0.0391735 0.390537 0.0783469 0.285309 0.804474
0 0.433933 0.266966 0.0228589 0.0886137 0.776003
0 0.417504 0.250121 0.0152178 0.0331049 0.759612
0 0.421789 0.252385 0.0158861 0.0435315 0.657411
0 0.405636 0.253258 0.0123339 0.0241815 0.648263
0 0.342479 0.271585 0.0162342 0.0423784 0.597135
0 0.429755 0.264702 0.0180903 0.0778609 0.525059
0 0.379257 0.256522 0.0101877 0.018894 0.470052
0 0.376622 0.25652 0.00978475 0.0215028 0.321038
0 0.424441 0.257652 0.0137404 0.0473682 0.314124
0 0.365116 0.262605 0.0111695 0.0273022 0.305195
0 0.368182 0.260779 0.0105091 0.0252838 0.304766
0 0.42709 0.251415 0.0138143 0.0456747 0.298571
0 0.41489 0.250359 0.0110476 0.0280673 0.295809
0 0.373203 0.258679 0.00980902 0.0211889 0.278346
0 0.370996 0.261114 0.00909157 0.0208133 0.275861
0 0.33459 0.274691 0.0193012 0.0452182 0.272039
0 0.352918 0.267612 0.0139704 0.0307859 0.265686
