0 0.708194 0.484789 0.141206 0.122649 0.844302
0 0.958069 0.52371 0.0837603 0.211288 0.793797
0 0.842009 0.432512 0.0587387 0.0605053 0.744948
0 0.894278 0.437612 0.049202 0.0372133 0.729803
0 0.552875 0.495458 0.0126954 0.0207018 0.680882
0 0.570818 0.491927 0.0162311 0.0247242 0.621444
0 0.354201 0.502503 0.0377046 0.0500961 0.421208
0 0.617908 0.481345 0.0316671 0.0330738 0.4185
0 0.542218 0.49433 0.0104526 0.0172384 0.362492
0 0.427022 0.496603 0.027688 0.0332762 0.3272
0 0.830389 0.397502 0.0288506 0.0253532 0.323672
0 0.0554257 0.566074 0.0307052 0.0223731 0.306301
0 0.859081 0.371079 0.0425037 0.049118 0.297714
0 0.0194816 0.568676 0.0382816 0.0279761 0.291508
0 0.862426 0.390015 0.0286547 0.0265055 0.289049
0 0.860903 0.383745 0.0313717 0.0328389 0.273384
