0 0.513677 0.492415 0.0264933 0.0397229 0.931877
0 0.370526 0.480027 0.030715 0.049929 0.927447
0 0.250651 0.520596 0.0702096 0.107191 0.920178
0 0.690393 0.540824 0.117759 0.133627 0.915411
0 0.351492 0.493027 0.0238327 0.0498361 0.911868
0 0.590194 0.517226 0.0626821 0.0816522 0.910822
0 0.321358 0.493407 0.0501761 0.0795503 0.908436
0 0.471841 0.493623 0.0327801 0.0470974 0.898931
0 0.300134 0.506681 0.0561719 0.0771362 0.897862
0 0.176907 0.53967 0.130302 0.149516 0.897091
0 0.0587137 0.524471 0.117427 0.34424 0.894225
0 0.499299 0.4849 0.0212001 0.0386488 0.873297
0 0.789703 0.589467 0.186551 0.171587 0.866698
0 0.927798 0.632419 0.144392 0.285638 0.864126
0 0.545669 0.506912 0.0255329 0.0491542 0.842477
0 0.537592 0.497597 0.0364734 0.054842 0.770941
0 0.389393 0.481927 0.0142926 0.0294834 0.721829
0 0.411174 0.472948 0.0100275 0.0191849 0.701315
0 0.405082 0.474321 0.0116432 0.0223501 0.671426
0 0.396952 0.478182 0.0136359 0.0255786 0.645188
0 0.558033 0.512477 0.0266818 0.0583177 0.59179
0 0.365965 0.491016 0.0196425 0.0430693 0.550082
0 0.433568 0.47669 0.0131705 0.0178097 0.528854
0 0.420504 0.473081 0.00863056 0.0141774 0.465703
0 0.456716 0.475003 0.0113 0.0159766 0.422199
0 0.446128 0.476065 0.0107227 0.0157001 0.40499
0 0.407737 0.474221 0.00990496 0.0195801 0.3997
0 0.400411 0.477884 0.0114721 0.0241906 0.37154
0 0.41844 0.473801 0.0079442 0.0148276 0.360141
0 0.839794 0.527575 0.131741 0.0785941 0.334585
0 0.48568 0.481222 0.0117492 0.02503 0.319307
0 0.393451 0.478753 0.0148685 0.0264216 0.30651
0 0.35791 0.493035 0.0205851 0.044074 0.288392
0 0.41577 0.475931 0.00833101 0.0159624 0.286609
0 0.451014 0.476095 0.00955486 0.0147693 0.26812
0 0.518815 0.498217 0.017518 0.0372387 0.258498
