0 0.425326 0.546916 0.163622 0.246338 0.933658
0 0.300246 0.478058 0.0310295 0.041104 0.890182
0 0.758179 0.513829 0.137108 0.131544 0.882689
0 0.357071 0.45717 0.0174616 0.0285288 0.822382
0 0.96092 0.538492 0.0776947 0.116078 0.797666
0 0.829679 0.488064 0.0268959 0.0450746 0.76116
0 0.870837 0.490882 0.0376583 0.041921 0.688706
0 0.85684 0.489536 0.0335321 0.0417574 0.653798
0 0.968362 0.47617 0.0632763 0.0749639 0.636054
0 0.604111 0.482728 0.0541064 0.0462238 0.550634
0 0.645109 0.486908 0.0631993 0.0449234 0.538708
0 0.522543 0.461462 0.0225266 0.0433473 0.522802
0 0.904013 0.488142 0.0339918 0.0476722 0.504708
0 0.886235 0.4898 0.0238497 0.0413576 0.480244
0 0.505015 0.46819 0.0140124 0.023745 0.443422
0 0.940021 0.469755 0.011581 0.0225282 0.43424
0 0.695437 0.480597 0.0387707 0.0412047 0.425136
0 0.5803 0.476781 0.0350641 0.0436498 0.415415
0 0.702079 0.477375 0.0282191 0.035031 0.385848
0 0.49313 0.472261 0.0141102 0.0454812 0.373567
0 0.910419 0.492257 0.0268192 0.0477066 0.301068
0 0.657077 0.482833 0.0381915 0.0339362 0.28323
0 0.854223 0.476266 0.0248428 0.0248132 0.253334
0 0.51375 0.464637 0.018012 0.029727 0.250665
