0 0.528154 0.625646 0.101095 0.218412 0.932689
0 0.816688 0.701688 0.0995396 0.12076 0.912841
0 0.72023 0.709112 0.126146 0.148309 0.898258
0 0.665754 0.66716 0.0494035 0.0686693 0.864586
0 0.626181 0.667142 0.042426 0.0497089 0.844705
0 0.600872 0.665429 0.0257273 0.0441074 0.830379
0 0.219052 0.658514 0.0204756 0.0277267 0.73641
0 0.588525 0.659794 0.0260253 0.0457074 0.702182
0 0.451123 0.65828 0.0181629 0.025277 0.663672
0 0.351666 0.6475 0.0145239 0.0222409 0.561709
0 0.316539 0.655358 0.0168172 0.0186586 0.507315
0 0.402329 0.643685 0.0153335 0.0212068 0.502838
0 0.748805 0.644388 0.0465932 0.0249276 0.466979
0 0.438179 0.651758 0.010894 0.0165337 0.420675
0 0.268672 0.654617 0.0152568 0.0181113 0.406376
0 0.336157 0.653692 0.015512 0.0210563 0.376266
0 0.465085 0.654054 0.0131679 0.0170732 0.357505
0 0.180656 0.658617 0.0418667 0.019793 0.34852
0 0.643741 0.650913 0.0180847 0.0227965 0.341624
0 0.170266 0.658782 0.0225859 0.0172512 0.316462
0 0.385811 0.641803 0.0117201 0.0218035 0.285786
0 0.422609 0.651271 0.0139482 0.0197522 0.267646
0 0.472929 0.650123 0.0165368 0.0274919 0.263394
0 0.272694 0.654902 0.0221301 0.0212348 0.258129
