0 0.263641 0.331766 0.184699 0.203644 0.929192
0 0.647859 0.32475 0.196162 0.263756 0.907305
0 0.49948 0.27547 0.0311683 0.0758049 0.897659
0 0.348018 0.303032 0.0737834 0.140975 0.877518
0 0.406098 0.267985 0.037189 0.0736343 0.865224
0 0.543436 0.303832 0.0587744 0.0961091 0.863645
0 0.822446 0.432027 0.355109 0.486885 0.857656
0 0.0686445 0.439709 0.137097 0.435788 0.85738
0 0.400532 0.280886 0.0294001 0.0852589 0.833169
0 0.362123 0.282462 0.0732747 0.118343 0.832839
0 0.431896 0.265147 0.0126727 0.0356734 0.832383
0 0.477802 0.268935 0.0159945 0.0350583 0.828578
0 0.530783 0.285018 0.0639334 0.096087 0.823144
0 0.468245 0.265863 0.0103601 0.0233241 0.773833
0 0.440672 0.262937 0.00903711 0.0205502 0.655647
0 0.434717 0.264729 0.01141 0.0305872 0.630474
0 0.427765 0.267483 0.0139557 0.041162 0.585067
0 0.4811 0.269991 0.0148765 0.0403116 0.541063
0 0.961808 0.615262 0.0763836 0.231095 0.50587
0 0.453078 0.261105 0.0122917 0.0186213 0.408457
0 0.438175 0.263388 0.0096777 0.0244793 0.408228
0 0.471054 0.266253 0.0107378 0.0267995 0.370718
0 0.46492 0.264604 0.00815973 0.0175581 0.369121
0 0.448062 0.260751 0.00974226 0.0178853 0.348948
0 0.475144 0.269609 0.0122246 0.0299998 0.34185
0 0.424244 0.267535 0.0130851 0.0432159 0.30434
0 0.460838 0.263194 0.00838537 0.0163738 0.301818
0 0.445923 0.262973 0.00981007 0.019431 0.299708
0 0.46488 0.261081 0.0100213 0.0205736 0.280511
0 0.455329 0.262925 0.0098506 0.0180573 0.255093
0 0.961225 0.543125 0.0775497 0.420268 0.251155
