0 0.322135 0.415166 0.0559228 0.0666653 0.933775
0 0.497594 0.418166 0.0503598 0.0644375 0.922859
0 0.394906 0.406682 0.0133355 0.028697 0.877922
0 0.462312 0.405245 0.0213979 0.0386532 0.874877
0 0.0409444 0.415796 0.0815937 0.0864007 0.871554
0 0.474056 0.411605 0.021481 0.0517929 0.86986
0 0.363228 0.4085 0.0314256 0.0411536 0.866342
0 0.919825 0.436615 0.135512 0.0911063 0.863954
0 0.384001 0.407511 0.0181062 0.0320384 0.832129
0 0.403374 0.402321 0.0115779 0.0206607 0.78255
0 0.451277 0.398687 0.0139405 0.0259062 0.707612
0 0.0123972 0.526977 0.0246451 0.203861 0.679946
0 0.414529 0.397494 0.0119574 0.0179789 0.634455
0 0.439714 0.393977 0.0108955 0.0159949 0.435428
0 0.239946 0.377276 0.0341771 0.0216075 0.394029
0 0.417009 0.396368 0.0126053 0.0172504 0.37899
0 0.422255 0.396757 0.00939055 0.015608 0.368785
0 0.201206 0.372519 0.0456773 0.0267571 0.338482
0 0.431894 0.393786 0.0104955 0.013579 0.30853
0 0.281615 0.386615 0.0265343 0.0227726 0.301582
0 0.458216 0.402148 0.016634 0.0311929 0.293893
0 0.44682 0.396144 0.0113909 0.0202586 0.277871
0 0.391988 0.406322 0.0127106 0.023862 0.269926
0 0.275849 0.385152 0.030842 0.0245614 0.264441
0 0.400726 0.402107 0.0116425 0.0236576 0.25936
0 0.434415 0.391618 0.00982094 0.0132821 0.255914
0 0.454345 0.400355 0.0150105 0.0320175 0.254787
