0 0.615619 0.528155 0.0147606 0.0222917 0.726815
0 0.973907 0.52096 0.0520609 0.0797535 0.704483
0 0.658221 0.520584 0.0185705 0.0182905 0.59667
0 0.625269 0.525106 0.0114984 0.018857 0.543418
0 0.671622 0.519284 0.0151075 0.0198135 0.517035
0 0.588613 0.523569 0.0141504 0.0170714 0.515492
0 0.637266 0.522343 0.0128005 0.0160255 0.487172
0 0.571776 0.526251 0.0163174 0.0176995 0.455346
0 0.59709 0.523911 0.0111075 0.0153146 0.38255
0 0.605451 0.522132 0.0105382 0.0162894 0.373499
0 0.0391096 0.628566 0.0782191 0.168533 0.366092
0 0.652659 0.521578 0.0138649 0.0164354 0.338246
0 0.577242 0.52429 0.0119338 0.0156796 0.317352
0 0.599903 0.523981 0.0111272 0.0159005 0.31477
0 0.607743 0.523528 0.0106519 0.0164347 0.303769
0 0.629862 0.524206 0.0120831 0.0164588 0.295085
0 0.583613 0.523894 0.0105812 0.0146405 0.280962
0 0.648703 0.520978 0.0102551 0.0132738 0.269322
0 0.837912 0.511383 0.0337048 0.0218513 0.268867
0 0.956904 0.503915 0.0261194 0.0330037 0.268197
