0 0.525696 0.30577 0.0797121 0.118479 0.915543
0 0.320395 0.269802 0.0254358 0.0364944 0.904825
0 0.293437 0.271562 0.0154835 0.0231354 0.757867
0 0.914514 0.27298 0.0797857 0.0331662 0.504208
0 0.71865 0.29307 0.0348451 0.0183737 0.501684
0 0.980016 0.262187 0.0399674 0.0310799 0.433318
0 0.746985 0.295056 0.029851 0.0190541 0.407501
0 0.864493 0.279057 0.0460419 0.0281548 0.404175
0 0.917876 0.28175 0.069927 0.0401591 0.386472
0 0.855298 0.281898 0.0297396 0.0284012 0.358891
0 0.982369 0.252631 0.0352623 0.0264626 0.358257
0 0.874363 0.274657 0.0261673 0.0202339 0.312745
0 0.750497 0.294901 0.0235847 0.0142666 0.299212
0 0.0209171 0.271677 0.0315227 0.0194418 0.287169
0 0.281631 0.272949 0.0113846 0.0178954 0.275233
0 0.733585 0.292672 0.0166491 0.0163103 0.272794
0 0.712858 0.294239 0.0227169 0.0167191 0.268696
0 0.97847 0.271435 0.0430602 0.0475661 0.257246
0 0.729144 0.29233 0.0232363 0.0174341 0.25047
0 0.873112 0.280139 0.0305874 0.0289708 0.25034
