0 0.433897 0.275151 0.0577401 0.087311 0.930856
0 0.485413 0.258763 0.0153317 0.0221019 0.781746
0 0.507503 0.25495 0.0136572 0.0217069 0.771226
0 0.461988 0.257378 0.0160409 0.0230169 0.692555
0 0.16359 0.278899 0.0128227 0.0153258 0.511958
0 0.0768225 0.290432 0.0150568 0.0149266 0.455359
0 0.0323099 0.291577 0.0197617 0.0269246 0.404724
0 0.171578 0.275269 0.0112706 0.0141633 0.275078
0 0.139467 0.275211 0.0180119 0.0202147 0.264931
0 0.170234 0.270951 0.0116698 0.0171973 0.262636
0 0.464279 0.257805 0.0115238 0.018078 0.25849
0 0.152108 0.254474 0.0111166 0.0138642 0.256977
