0 0.298458 0.567016 0.0656461 0.100541 0.930527
0 0.229102 0.592473 0.134242 0.153356 0.923449
0 0.357601 0.529418 0.0222764 0.0383394 0.906077
0 0.0910894 0.654634 0.182179 0.303481 0.874085
0 0.450739 0.527271 0.0383887 0.0688529 0.863116
0 0.34032 0.538496 0.0243678 0.0578003 0.85103
0 0.514352 0.530019 0.0963377 0.159326 0.841581
0 0.418188 0.521463 0.0146501 0.0315221 0.802402
0 0.429894 0.523983 0.01879 0.0541116 0.715449
0 0.319032 0.545625 0.0440985 0.0720478 0.677326
0 0.36498 0.525744 0.0177754 0.034247 0.64335
0 0.352231 0.536189 0.0165047 0.0404594 0.552801
0 0.404679 0.52086 0.0123758 0.01878 0.453495
0 0.369592 0.523851 0.0117859 0.0285194 0.411365
0 0.332386 0.541149 0.0293888 0.0618468 0.349846
0 0.376666 0.514041 0.012325 0.0209759 0.34669
0 0.372135 0.522513 0.00972466 0.023113 0.334197
0 0.374377 0.51971 0.00926685 0.0196938 0.328054
0 0.426753 0.52612 0.0144265 0.0461012 0.296251
0 0.364044 0.527322 0.0114963 0.0290582 0.260178
0 0.367652 0.526449 0.0107257 0.0273307 0.257388
0 0.401805 0.519759 0.0103327 0.0165644 0.250196
