0 0.0708533 0.661116 0.141114 0.27151 0.882289
0 0.403226 0.622257 0.101252 0.124659 0.879417
0 0.208322 0.580339 0.029893 0.0396359 0.824111
0 0.869112 0.524468 0.096323 0.0549501 0.794532
0 0.362967 0.586585 0.024778 0.0478243 0.775673
0 0.691753 0.543586 0.0547175 0.0540717 0.748362
0 0.448776 0.603276 0.0417249 0.0952237 0.739658
0 0.169563 0.562176 0.0247174 0.0284727 0.691986
0 0.189721 0.560866 0.0192866 0.0308818 0.676608
0 0.795889 0.529174 0.0578914 0.0341936 0.670919
0 0.142715 0.566357 0.0262391 0.0347421 0.659248
0 0.214652 0.542891 0.0161381 0.0232302 0.629611
0 0.227894 0.578022 0.0160334 0.0297599 0.61657
0 0.952536 0.481258 0.0949289 0.166279 0.544391
0 0.171415 0.552305 0.0194759 0.0208413 0.518355
0 0.134078 0.594525 0.0358542 0.0625576 0.517535
0 0.73982 0.539139 0.0517917 0.0724801 0.505312
0 0.210657 0.549161 0.0183187 0.0235435 0.498321
0 0.222578 0.539417 0.0132154 0.018278 0.489309
0 0.200801 0.547691 0.0139324 0.0194492 0.45081
0 0.657837 0.536618 0.037934 0.0447637 0.431123
0 0.60625 0.550127 0.0282763 0.0351573 0.418754
0 0.23458 0.536217 0.0141921 0.0165326 0.414361
0 0.131502 0.552548 0.0193139 0.0236399 0.4123
0 0.123864 0.561471 0.0172299 0.024263 0.38507
0 0.224046 0.536887 0.0107379 0.0166955 0.374421
0 0.528021 0.544679 0.0194221 0.0196767 0.373804
0 0.134283 0.549399 0.0188044 0.0199226 0.323782
0 0.615085 0.550664 0.0458923 0.0437954 0.304707
0 0.769303 0.52982 0.0221797 0.0262536 0.303052
0 0.60279 0.530643 0.038911 0.044241 0.294365
0 0.123369 0.556697 0.0153865 0.017598 0.293485
0 0.155042 0.559246 0.0145056 0.0240226 0.291569
0 0.658073 0.516942 0.0374888 0.0308099 0.291378
0 0.155212 0.554718 0.0126946 0.0169496 0.282582
0 0.65152 0.530894 0.0329021 0.0420264 0.272795
0 0.217709 0.53633 0.012125 0.017424 0.263242
0 0.208614 0.541886 0.0130566 0.0164413 0.26114
0 0.912628 0.533604 0.0589268 0.0456823 0.254485
0 0.121705 0.559257 0.0131738 0.0164988 0.25049
