0 0.336056 0.31392 0.0191274 0.0261795 0.887507
0 0.938591 0.309566 0.122653 0.218477 0.876074
0 0.512165 0.344732 0.284245 0.431647 0.850546
0 0.358486 0.314818 0.0129361 0.022665 0.665105
0 0.366174 0.31536 0.0113384 0.0282437 0.537426
0 0.347984 0.311396 0.0104984 0.0183697 0.45216
0 0.243292 0.302128 0.0311791 0.0368348 0.364259
0 0.310863 0.313171 0.0156373 0.0199682 0.327469
0 0.292113 0.314009 0.0184344 0.0182368 0.297812
0 0.351923 0.312539 0.0101585 0.0211057 0.26958
0 0.369149 0.311707 0.0124734 0.0449288 0.254791
0 0.287261 0.312636 0.0155464 0.0182144 0.252259
