0 0.14086 0.569795 0.103272 0.11497 0.94342
0 0.538577 0.547626 0.0881765 0.124627 0.907794
0 0.676755 0.625561 0.200505 0.25066 0.900197
0 0.0601336 0.595841 0.120267 0.164267 0.892294
0 0.420494 0.537251 0.0314016 0.0460051 0.883979
0 0.283693 0.540125 0.0460617 0.0626307 0.875984
0 0.84587 0.748563 0.307607 0.502873 0.862458
0 0.345132 0.534024 0.0511951 0.0678648 0.858123
0 0.477002 0.538771 0.0357966 0.0473238 0.837387
0 0.4471 0.533753 0.0115385 0.0287347 0.836882
0 0.467161 0.531543 0.0338436 0.0460434 0.792647
0 0.317946 0.535406 0.0203549 0.0451492 0.772547
0 0.391635 0.534178 0.0106918 0.0181629 0.739853
0 0.381747 0.53456 0.0128843 0.0211939 0.732063
0 0.402405 0.531792 0.0125584 0.0227975 0.673581
0 0.371071 0.535223 0.0116989 0.0288932 0.659484
0 0.307416 0.540146 0.0163211 0.0468231 0.580914
0 0.438771 0.53163 0.00920229 0.0215942 0.454786
0 0.453959 0.533565 0.013782 0.0376879 0.340905
0 0.443013 0.532746 0.0104718 0.0253059 0.335817
0 0.398962 0.532434 0.0101541 0.0195413 0.282721
0 0.377067 0.53563 0.0112755 0.0210619 0.281444
0 0.446527 0.532748 0.00962095 0.0175495 0.278113
0 0.449797 0.535064 0.0123678 0.0306568 0.25651
