0 0.163501 0.485996 0.0620479 0.0828835 0.921901
0 0.499304 0.479759 0.0788443 0.108043 0.918671
0 0.204009 0.47331 0.0487951 0.0763707 0.908929
0 0.463128 0.474279 0.0290398 0.0687319 0.899111
0 0.539777 0.506089 0.10275 0.114224 0.897999
0 0.432338 0.474472 0.0402046 0.0722366 0.89639
0 0.264521 0.464162 0.0299625 0.0515786 0.889655
0 0.235885 0.475146 0.0283749 0.0585675 0.887595
0 0.703105 0.576601 0.249982 0.24661 0.885502
0 0.0811873 0.568 0.162131 0.291658 0.883042
0 0.373253 0.487522 0.10005 0.163209 0.879192
0 0.298768 0.45818 0.0270082 0.0347782 0.802875
0 0.250471 0.470344 0.0250511 0.04987 0.62535
0 0.324178 0.455401 0.0128149 0.0219491 0.49908
0 0.314316 0.45661 0.00976219 0.0235592 0.294275
0 0.3107 0.456774 0.0105895 0.0265623 0.28227
0 0.307432 0.455936 0.0144208 0.0270289 0.26541
0 0.327835 0.457409 0.010427 0.0179898 0.260701
