0 0.219074 0.546311 0.0591398 0.0691249 0.925083
0 0.351811 0.540116 0.0432369 0.061191 0.911071
0 0.287305 0.542844 0.0476134 0.0656521 0.905161
0 0.315336 0.543147 0.0177282 0.041964 0.865377
0 0.2639 0.540843 0.0202413 0.04726 0.860688
0 0.381685 0.533541 0.0115623 0.0293527 0.757289
0 0.372012 0.534698 0.0138478 0.0400777 0.710197
0 0.545565 0.527694 0.0224957 0.021971 0.579968
0 0.376204 0.534397 0.0139513 0.0356466 0.416203
0 0.519126 0.532452 0.0128201 0.0176424 0.372013
0 0.566069 0.522323 0.0183257 0.0269453 0.335915
0 0.379023 0.534459 0.0115569 0.0321467 0.323278
0 0.547673 0.528566 0.0156309 0.0182358 0.285818
0 0.555303 0.524434 0.0241326 0.0279797 0.276473
0 0.490127 0.533749 0.022173 0.0188809 0.275607
0 0.530257 0.531016 0.0122445 0.01548 0.269568
0 0.541032 0.529442 0.016365 0.0180742 0.263847
