0 0.452269 0.392716 0.0353537 0.0475883 0.907068
0 0.261603 0.410277 0.025427 0.0326021 0.888586
0 0.196975 0.44569 0.0917279 0.0997965 0.873677
0 0.405188 0.399557 0.0389612 0.0552185 0.852336
0 0.108577 0.438609 0.0622009 0.0565345 0.844696
0 0.316752 0.406052 0.0199516 0.0266508 0.822039
0 0.234222 0.420437 0.0336017 0.0604034 0.812234
0 0.133979 0.431138 0.0398014 0.0444482 0.769497
0 0.0654498 0.44253 0.0769852 0.073386 0.767585
0 0.363689 0.393646 0.018929 0.0289949 0.761124
0 0.154163 0.422615 0.0258677 0.0259396 0.75298
0 0.33053 0.402153 0.0146858 0.0239163 0.724192
0 0.967135 0.270048 0.0630545 0.0587203 0.721485
0 0.784 0.336505 0.162491 0.107585 0.716666
0 0.964109 0.317213 0.0711626 0.188778 0.649828
0 0.382193 0.38631 0.0129233 0.0204056 0.556903
0 0.338536 0.400219 0.0132956 0.022045 0.542377
0 0.632311 0.352796 0.0469355 0.0506787 0.51007
0 0.671012 0.34473 0.0356292 0.0548006 0.489289
0 0.554888 0.366254 0.0406608 0.0520186 0.481491
0 0.334064 0.401002 0.0167928 0.0242469 0.460543
0 0.86984 0.2948 0.0601463 0.0478389 0.45217
0 0.894242 0.290934 0.0351984 0.0385013 0.408765
0 0.50572 0.371607 0.0217423 0.0362076 0.402405
0 0.919371 0.284541 0.0457245 0.0532585 0.387112
0 0.521401 0.371801 0.0420219 0.0447522 0.350512
0 0.646712 0.350131 0.0304265 0.044545 0.34274
0 0.373158 0.389843 0.0111748 0.0207016 0.341714
0 0.57846 0.357669 0.0851974 0.064457 0.336214
0 0.680022 0.34386 0.0425797 0.0617004 0.33405
0 0.843937 0.2928 0.036364 0.0313025 0.331983
0 0.348692 0.394808 0.0118275 0.0194034 0.325914
0 0.379293 0.386172 0.0122533 0.0184189 0.319765
0 0.425447 0.383892 0.0189121 0.0274719 0.318691
0 0.731274 0.306059 0.155876 0.136073 0.316572
0 0.623133 0.355181 0.0337386 0.0510249 0.281888
0 0.851823 0.29632 0.0395451 0.0397019 0.272099
0 0.289669 0.404927 0.015268 0.0224341 0.268718
0 0.342323 0.399147 0.0117306 0.0191321 0.268497
0 0.966783 0.222093 0.0664341 0.167476 0.267746
0 0.810117 0.293177 0.0440718 0.0312088 0.257982
0 0.0945763 0.44103 0.0542231 0.0599384 0.255363
