0 0.237694 0.4693 0.0422756 0.0480197 0.936191
0 0.507062 0.513763 0.0769371 0.0950563 0.930251
0 0.582696 0.509009 0.042977 0.0532966 0.897211
0 0.205911 0.440078 0.0462533 0.094602 0.896479
0 0.457216 0.490737 0.0379004 0.0538969 0.891992
0 0.390577 0.497525 0.0544186 0.0760262 0.891007
0 0.284775 0.466653 0.0401507 0.0470178 0.882786
0 0.956962 0.510365 0.0401075 0.0276345 0.827248
0 0.431117 0.463032 0.0323122 0.0720145 0.797775
0 0.030259 0.454619 0.060518 0.154816 0.736358
0 0.794678 0.492728 0.0368558 0.0300503 0.70377
0 0.312182 0.474626 0.0185578 0.0186623 0.659237
0 0.832262 0.498812 0.034343 0.0255193 0.627967
0 0.670812 0.487743 0.0188831 0.0169627 0.62774
0 0.762766 0.494288 0.0226338 0.0199059 0.603648
0 0.317847 0.473652 0.0171181 0.019211 0.556536
0 0.094226 0.423874 0.188452 0.181857 0.507039
0 0.735193 0.48622 0.0371771 0.029257 0.501584
0 0.346949 0.471763 0.0150063 0.016008 0.437181
0 0.366023 0.471333 0.0117021 0.0161982 0.434817
0 0.360067 0.469901 0.00924296 0.0139041 0.420677
0 0.41211 0.475441 0.011331 0.0254796 0.415553
0 0.36334 0.471632 0.0109252 0.0154148 0.400809
0 0.342489 0.472501 0.011572 0.0160358 0.389584
0 0.320771 0.474027 0.0124163 0.0163479 0.384009
0 0.987185 0.50419 0.0255955 0.0416575 0.354508
0 0.476593 0.476507 0.0166854 0.0306992 0.349967
0 0.0387486 0.396323 0.0764985 0.111169 0.337897
0 0.411604 0.468614 0.0112192 0.021768 0.332964
0 0.370839 0.470112 0.0122997 0.0163513 0.317843
0 0.349531 0.471262 0.0114429 0.0128742 0.304817
0 0.64714 0.482082 0.0176697 0.0197108 0.285104
0 0.30899 0.476222 0.0135609 0.017748 0.278836
0 0.868523 0.491521 0.0414572 0.0317781 0.27442
0 0.337944 0.470762 0.0181193 0.0214698 0.272825
0 0.910952 0.50079 0.0297909 0.0310722 0.269387
0 0.802874 0.493199 0.0216484 0.026423 0.261616
0 0.95 0.500861 0.0502462 0.0404519 0.256785
