0 0.229412 0.617777 0.182296 0.202924 0.925303
0 0.367091 0.556726 0.056334 0.11554 0.924222
0 0.30776 0.568411 0.117304 0.159987 0.922091
0 0.415475 0.540004 0.0373074 0.0505047 0.919635
0 0.80242 0.577486 0.121128 0.115109 0.889787
0 0.676203 0.566462 0.140336 0.157825 0.887166
0 0.109325 0.713871 0.216313 0.377556 0.876802
0 0.522128 0.467077 0.0944148 0.0998806 0.869568
0 0.905091 0.616174 0.189237 0.175684 0.867997
0 0.507438 0.664806 0.211407 0.316897 0.865933
0 0.591277 0.542906 0.0238175 0.0375765 0.852432
0 0.60638 0.54808 0.0246842 0.0429175 0.816434
0 0.461557 0.488112 0.0318656 0.0532734 0.735726
0 0.430193 0.52153 0.0227657 0.0300027 0.728142
0 0.988427 0.678451 0.0227018 0.163123 0.530773
0 0.868781 0.530736 0.0430435 0.029245 0.344247
0 0.578157 0.526042 0.0128058 0.0192552 0.302662
0 0.77368 0.524565 0.0591215 0.0393297 0.30127
0 0.943771 0.526044 0.0326008 0.016786 0.251666
