0 0.228379 0.524326 0.0551006 0.0551193 0.909938
0 0.390865 0.536878 0.0798403 0.11596 0.890062
0 0.194191 0.507782 0.0214112 0.0220891 0.757798
0 0.175815 0.511038 0.0188109 0.0246438 0.717179
0 0.154191 0.511363 0.0216457 0.0209788 0.65393
0 0.115617 0.513434 0.0194271 0.0154945 0.63956
0 0.132345 0.51071 0.0218784 0.0180556 0.596911
0 0.862657 0.461236 0.0312479 0.0313914 0.57814
0 0.0198989 0.529351 0.0373633 0.0195121 0.572457
0 0.80492 0.46227 0.0434461 0.0249724 0.559262
0 0.164085 0.511902 0.0342555 0.025266 0.511016
0 0.837737 0.46316 0.0213037 0.0222977 0.484776
0 0.27168 0.505812 0.0188296 0.0128733 0.427112
0 0.716791 0.465794 0.0132637 0.0182253 0.419548
0 0.0879754 0.513993 0.0404184 0.0226483 0.398322
0 0.278575 0.505343 0.0181317 0.0126355 0.378041
0 0.305053 0.501356 0.0105457 0.011909 0.36515
0 0.266182 0.506518 0.0137053 0.011358 0.346529
0 0.309007 0.501572 0.0116132 0.01187 0.338974
0 0.321036 0.500048 0.0115154 0.0117605 0.338759
0 0.282911 0.504718 0.0110466 0.0108795 0.330106
0 0.293818 0.503712 0.0122766 0.0122074 0.327632
0 0.275437 0.506117 0.0127378 0.0118284 0.324015
0 0.853961 0.459226 0.0478563 0.0326694 0.320914
0 0.260478 0.506148 0.0130917 0.0127118 0.319116
0 0.127984 0.510731 0.017774 0.016252 0.299996
0 0.316341 0.500722 0.01001 0.011697 0.29826
0 0.332264 0.497841 0.0116821 0.012709 0.296337
0 0.765968 0.461198 0.0125017 0.0135305 0.290078
0 0.714042 0.466747 0.0186457 0.0216717 0.287503
0 0.136781 0.509884 0.0186122 0.0168247 0.28485
0 0.743272 0.462951 0.0194658 0.013111 0.284584
0 0.285656 0.503529 0.0113719 0.011805 0.284018
0 0.687889 0.467936 0.0150133 0.0161221 0.281814
0 0.198233 0.503943 0.0148041 0.0179187 0.280528
0 0.737082 0.463277 0.0131971 0.0123884 0.277626
0 0.183043 0.509645 0.0142199 0.020744 0.274656
0 0.751863 0.462635 0.0129509 0.0117728 0.2744
0 0.146194 0.511172 0.018088 0.0175144 0.273988
0 0.773618 0.46135 0.0152691 0.0148573 0.267482
0 0.923679 0.481615 0.0252703 0.0219623 0.26516
0 0.2563 0.504309 0.0119047 0.0136278 0.264653
0 0.0679224 0.517351 0.0138184 0.018014 0.26379
0 0.684734 0.46433 0.0151017 0.0144886 0.259629
0 0.791855 0.462597 0.0180275 0.0188663 0.2566
