0 0.418116 0.458917 0.0736794 0.0964535 0.932394
0 0.480824 0.431306 0.019068 0.0410439 0.894365
0 0.582943 0.441068 0.0329689 0.0435486 0.868711
0 0.445815 0.441527 0.0430322 0.0744017 0.860299
0 0.469108 0.438335 0.019848 0.0546192 0.8341
0 0.559924 0.434767 0.020206 0.0303811 0.803367
0 0.540604 0.421822 0.0128286 0.0212221 0.798412
0 0.495048 0.425918 0.0131517 0.0289008 0.785313
0 0.549658 0.43034 0.0135904 0.0270145 0.569702
0 0.5138 0.397566 0.0101071 0.0162069 0.481123
0 0.546377 0.42499 0.0131202 0.0234523 0.39271
0 0.53379 0.400315 0.010371 0.0169557 0.386738
0 0.509632 0.398935 0.0107869 0.0180642 0.356316
0 0.537942 0.411107 0.0122067 0.0195672 0.356009
0 0.53592 0.406445 0.0100837 0.0176841 0.346131
0 0.491267 0.427344 0.0123502 0.0297206 0.314781
0 0.49774 0.421182 0.0102929 0.0253284 0.308828
0 0.495199 0.420458 0.0107376 0.0233537 0.305182
0 0.480198 0.428855 0.025268 0.0518973 0.303407
0 0.538239 0.416687 0.0107996 0.0177378 0.300061
0 0.502494 0.415201 0.0102121 0.0192332 0.291223
0 0.531653 0.399228 0.00963326 0.0150475 0.289146
0 0.529607 0.396398 0.00824709 0.0152234 0.282738
0 0.538175 0.41259 0.0089035 0.0158366 0.271318
0 0.0211765 0.43839 0.0421951 0.131284 0.27103
0 0.496452 0.414552 0.0107368 0.0195711 0.258691
