0 0.373044 0.416684 0.0907873 0.164596 0.937439
0 0.555315 0.380192 0.0735971 0.115284 0.91703
0 0.436482 0.367564 0.0767237 0.107674 0.916632
0 0.788077 0.41129 0.155374 0.173572 0.904967
0 0.671146 0.38181 0.0422734 0.0867315 0.898025
0 0.896866 0.481776 0.206268 0.237277 0.89622
0 0.628356 0.363465 0.0353061 0.0687339 0.875858
0 0.234106 0.444671 0.27027 0.319391 0.874241
0 0.712353 0.384193 0.0837247 0.131588 0.871416
0 0.46023 0.347091 0.0551454 0.101877 0.866768
0 0.108986 0.577429 0.217972 0.624894 0.859871
0 0.651282 0.370872 0.0439126 0.0780178 0.836401
0 0.598562 0.355671 0.0191634 0.0475174 0.818522
0 0.610673 0.360291 0.0227041 0.0577211 0.814983
0 0.494524 0.349913 0.0175745 0.0276016 0.802509
0 0.522927 0.344689 0.015499 0.0345659 0.716307
0 0.589034 0.348643 0.01689 0.0387082 0.673679
0 0.511191 0.343748 0.0107112 0.0219089 0.634598
0 0.505366 0.346552 0.0110574 0.0230225 0.614856
0 0.59455 0.355882 0.0156177 0.0453673 0.358953
0 0.620235 0.362548 0.0304693 0.0642539 0.341885
0 0.51362 0.339654 0.00984459 0.0193743 0.323037
0 0.502346 0.347083 0.0105846 0.0225564 0.299728
0 0.588193 0.339819 0.0167452 0.0219616 0.292736
0 0.515227 0.343401 0.0106183 0.0243039 0.271284
0 0.518559 0.347568 0.0121607 0.0292555 0.269226
0 0.518798 0.339758 0.0113401 0.0214432 0.265258
