0 0.103009 0.535134 0.206019 0.251827 0.916669
0 0.501275 0.530665 0.072382 0.10498 0.900858
0 0.676456 0.523196 0.158451 0.122875 0.899238
0 0.825765 0.560682 0.228474 0.189796 0.878689
0 0.261281 0.509958 0.133663 0.17304 0.834338
0 0.208258 0.535116 0.137225 0.187404 0.828611
0 0.0552649 0.581454 0.11053 0.241611 0.801985
0 0.350408 0.52635 0.0570967 0.0912569 0.7727
0 0.918166 0.573082 0.160967 0.261337 0.770237
0 0.592099 0.529947 0.0211185 0.0388753 0.687105
0 0.362533 0.514709 0.0678452 0.0771639 0.60314
0 0.448819 0.51286 0.0273968 0.0385013 0.579113
0 0.395744 0.508193 0.0416372 0.0542121 0.489002
0 0.466886 0.505507 0.0219055 0.0404863 0.478588
0 0.394546 0.49859 0.0366382 0.033365 0.44326
0 0.341683 0.536863 0.0375892 0.0706816 0.344353
0 0.439245 0.513784 0.0385314 0.0426319 0.288113
0 0.578656 0.49625 0.0448205 0.0329244 0.258622
0 0.549084 0.504596 0.0370217 0.0339069 0.253477
0 0.419695 0.511619 0.048434 0.049634 0.252745
