0 0.617529 0.594135 0.0949926 0.157972 0.928422
0 0.920506 0.639959 0.158987 0.258254 0.917286
0 0.311559 0.573976 0.0463761 0.0385769 0.91209
0 0.490776 0.642836 0.174872 0.286143 0.910637
0 0.347691 0.569249 0.0320012 0.0337585 0.878837
0 0.743787 0.646015 0.226628 0.275485 0.872869
0 0.389718 0.562741 0.0154973 0.0267743 0.839682
0 0.370584 0.566579 0.0203586 0.0299795 0.798543
0 0.409956 0.566048 0.0211614 0.0330471 0.703293
0 0.568095 0.575378 0.0277213 0.061751 0.698197
0 0.83644 0.499552 0.163025 0.160252 0.493555
0 0.381355 0.565877 0.0133574 0.0267943 0.415446
0 0.399093 0.562693 0.00996337 0.0239538 0.367215
0 0.384644 0.564428 0.0145356 0.0273587 0.34948
0 0.401167 0.56437 0.0107652 0.0267905 0.346355
0 0.396141 0.562303 0.0108891 0.0240163 0.343223
0 0.0547797 0.575598 0.109559 0.105349 0.322366
0 0.376279 0.5668 0.0162549 0.0273263 0.319591
0 0.666805 0.547503 0.0133279 0.0231188 0.312404
0 0.0055319 0.558066 0.0110638 0.0322315 0.29462
0 0.393812 0.564306 0.0115077 0.0228985 0.280081
0 0.405765 0.564167 0.0135522 0.0277445 0.258753
