0 0.442806 0.60405 0.0762359 0.113282 0.899085
0 0.259195 0.58777 0.0461615 0.0636807 0.876234
0 0.216664 0.612983 0.0723399 0.108724 0.875051
0 0.323227 0.580686 0.0247134 0.0591871 0.790944
0 0.470891 0.566767 0.0259909 0.0498247 0.670289
0 0.83384 0.553465 0.0673342 0.0244922 0.477932
0 0.972911 0.554466 0.0541789 0.0371112 0.42685
0 0.821669 0.552706 0.0432091 0.0215302 0.362532
0 0.281682 0.585551 0.0144023 0.0506202 0.357557
0 0.811273 0.55213 0.0269644 0.019566 0.307958
0 0.528673 0.563483 0.0248599 0.0256505 0.277395
