0 0.469914 0.508344 0.0749425 0.111526 0.917534
0 0.223468 0.465606 0.203799 0.215097 0.913417
0 0.60177 0.515452 0.0880976 0.115195 0.90905
0 0.546054 0.465047 0.0673397 0.145403 0.890877
0 0.935976 0.547774 0.128047 0.163716 0.884892
0 0.574442 0.502225 0.0568214 0.0946637 0.805601
0 0.509043 0.492103 0.0150861 0.0454486 0.750815
0 0.331697 0.505248 0.0255608 0.062519 0.697289
0 0.431394 0.49014 0.0142694 0.0268612 0.359444
0 0.50283 0.487981 0.011759 0.0336561 0.312355
0 0.50107 0.484256 0.00931044 0.0243796 0.307192
0 0.350393 0.493953 0.0320923 0.0504886 0.302672
0 0.370447 0.494413 0.0151289 0.0360691 0.296756
0 0.420786 0.491025 0.0168869 0.0292304 0.282107
0 0.436924 0.48525 0.0145423 0.0330017 0.281302
0 0.425053 0.491861 0.011045 0.0249468 0.250257
