0 0.241505 0.46419 0.0673625 0.0889815 0.950058
0 0.306209 0.471687 0.0816687 0.094042 0.925408
0 0.407396 0.471426 0.106206 0.177144 0.912498
0 0.473774 0.467152 0.0451441 0.0814985 0.908242
0 0.170494 0.469759 0.0821204 0.0830634 0.903923
0 0.890078 0.630264 0.219671 0.455681 0.881894
0 0.561035 0.465616 0.058448 0.0889082 0.762859
0 0.512563 0.459245 0.0194384 0.0501926 0.757838
0 0.346392 0.45185 0.0220091 0.030072 0.738919
0 0.0108984 0.49585 0.0217967 0.0997884 0.629662
0 0.529079 0.459101 0.0280234 0.0779199 0.424926
0 0.493534 0.452392 0.0124896 0.0311886 0.364671
0 0.498908 0.456632 0.0146917 0.0389428 0.363747
0 0.129993 0.473383 0.021543 0.0501061 0.304329
0 0.491589 0.446945 0.0108204 0.0220211 0.274319
