0 0.108526 0.469316 0.172408 0.117978 0.923037
0 0.392855 0.461091 0.049893 0.036014 0.904633
0 0.556635 0.442338 0.0572807 0.0646432 0.900379
0 0.714217 0.429667 0.0359442 0.0686078 0.896942
0 0.664984 0.440675 0.0594726 0.0848051 0.881716
0 0.622401 0.449516 0.0199053 0.0284731 0.830412
0 0.494131 0.454925 0.0329672 0.0302994 0.777403
0 0.467642 0.456487 0.0236555 0.024196 0.64569
0 0.441902 0.457423 0.0353918 0.0299186 0.594489
0 0.288155 0.469045 0.035091 0.0236326 0.456821
0 0.321198 0.455782 0.0209663 0.0180739 0.413204
0 0.521298 0.451445 0.0178434 0.022043 0.395483
0 0.336452 0.452401 0.0235569 0.019646 0.286237
0 0.242959 0.458797 0.0204106 0.0228482 0.286125
0 0.433443 0.457299 0.0177735 0.0272703 0.273973
0 0.6939 0.434489 0.0104177 0.0329317 0.270905
0 0.722181 0.432698 0.0226255 0.0476778 0.268122
0 0.311917 0.45413 0.0252651 0.0215164 0.266971
0 0.452579 0.451434 0.0142064 0.0195423 0.259741
0 0.632367 0.442938 0.0086813 0.0174121 0.259371
0 0.525622 0.45266 0.0114697 0.0228353 0.256679
0 0.50717 0.451267 0.0130375 0.0187498 0.256375
0 0.421716 0.448192 0.0157633 0.0201308 0.255115
0 0.355643 0.452218 0.0199438 0.0188711 0.252204
0 0.468957 0.450983 0.0170837 0.0177121 0.251924
