0 0.549873 0.686246 0.107415 0.135406 0.922653
0 0.225896 0.668847 0.0662621 0.0634588 0.917232
0 0.595573 0.658332 0.0461284 0.083788 0.911227
0 0.827153 0.770974 0.345693 0.456077 0.890613
0 0.36583 0.78615 0.33625 0.425571 0.860025
0 0.0605985 0.651947 0.12033 0.0927046 0.791972
0 0.706561 0.643557 0.0870747 0.126326 0.753918
0 0.491613 0.659205 0.022241 0.0515756 0.585178
0 0.152871 0.682847 0.054474 0.0318353 0.444111
0 0.445524 0.601426 0.0850336 0.0883357 0.285765
0 0.623983 0.666385 0.01669 0.0361108 0.263716
