0 0.775192 0.549483 0.155438 0.156519 0.922783
0 0.0283532 0.470249 0.0566082 0.064424 0.919376
0 0.505083 0.49426 0.0751082 0.121352 0.886577
0 0.613227 0.490597 0.0455521 0.0673189 0.885918
0 0.651257 0.508834 0.0499994 0.0829469 0.884149
0 0.70883 0.513783 0.100841 0.129255 0.869901
0 0.924572 0.567348 0.150856 0.381906 0.840123
0 0.580562 0.487816 0.0285681 0.0402561 0.831413
0 0.625629 0.503455 0.03895 0.0678589 0.824653
0 0.0678011 0.477501 0.0270743 0.0416887 0.80365
0 0.13653 0.479981 0.0348458 0.030984 0.787874
0 0.098944 0.479619 0.0367506 0.0365453 0.786574
0 0.261144 0.478879 0.0147594 0.0236935 0.767639
0 0.289261 0.468405 0.0440918 0.0466883 0.742691
0 0.359332 0.476693 0.0130707 0.0213577 0.733978
0 0.557407 0.488381 0.0120472 0.025795 0.727805
0 0.378472 0.475668 0.0175423 0.0240258 0.685923
0 0.398262 0.474566 0.0160846 0.0232444 0.677505
0 0.196874 0.478388 0.0301279 0.0277532 0.672083
0 0.541702 0.496724 0.0140891 0.0536224 0.634167
0 0.341946 0.478169 0.0168109 0.0212179 0.626157
0 0.563147 0.48815 0.012807 0.0294437 0.623423
0 0.41424 0.476269 0.0127566 0.0180223 0.616391
0 0.425542 0.477637 0.013702 0.02052 0.60195
0 0.327713 0.479441 0.0143988 0.0206933 0.591574
0 0.250352 0.477949 0.0138364 0.0246272 0.587793
0 0.34656 0.477787 0.0161498 0.0214774 0.584801
0 0.460214 0.472264 0.0165331 0.0244553 0.551488
0 0.440828 0.476133 0.0160133 0.0201163 0.419898
0 0.566273 0.487541 0.0117631 0.0288562 0.407955
0 0.220155 0.476425 0.013962 0.0254334 0.407641
0 0.551465 0.488263 0.0104492 0.0233702 0.391009
0 0.362074 0.47682 0.0104153 0.0195633 0.381629
0 0.313963 0.477874 0.0182274 0.0246794 0.371333
0 0.355659 0.477489 0.0140239 0.0216522 0.369936
0 0.456789 0.474171 0.0146425 0.0218555 0.350514
0 0.4448 0.475667 0.0128604 0.0211665 0.331001
0 0.554418 0.48711 0.010395 0.0280694 0.327013
0 0.453338 0.474922 0.0117291 0.0187583 0.318181
0 0.46847 0.479681 0.0121812 0.0366387 0.314813
0 0.141426 0.479688 0.0241939 0.0264511 0.303131
0 0.594015 0.492011 0.0358108 0.0551776 0.297483
0 0.40124 0.474506 0.0113421 0.0199561 0.283041
0 0.351461 0.478146 0.0140238 0.0217543 0.281295
0 0.369017 0.4766 0.0137222 0.0221798 0.272846
0 0.421955 0.476615 0.011354 0.017509 0.267745
0 0.46853 0.475255 0.00975189 0.025106 0.261843
0 0.465469 0.472427 0.0113108 0.024144 0.252546
0 0.543373 0.493391 0.0106595 0.0401128 0.250753
