0 0.526707 0.309335 0.0686116 0.115292 0.913379
0 0.486492 0.317061 0.0235318 0.0580262 0.90333
0 0.861106 0.31864 0.277789 0.278384 0.855594
0 0.694278 0.305984 0.117565 0.171126 0.709752
0 0.201226 0.293334 0.142588 0.128395 0.609204
0 0.00949878 0.339105 0.0187752 0.067285 0.407999
0 0.10329 0.319867 0.0323343 0.0527138 0.376428
0 0.126815 0.32432 0.0157989 0.0399358 0.37274
0 0.115945 0.321681 0.0329102 0.0472766 0.351966
0 0.337302 0.313567 0.0201816 0.0149197 0.319135
0 0.32247 0.306267 0.0142115 0.0229912 0.294302
0 0.246483 0.313654 0.0531969 0.0309789 0.277099
0 0.356944 0.310434 0.0170852 0.0180828 0.266126
0 0.0928442 0.318798 0.0392007 0.0606354 0.257022
