0 0.328244 0.583487 0.1361 0.204836 0.927943
0 0.419803 0.586644 0.035507 0.0427931 0.869604
0 0.506936 0.593263 0.0244754 0.0300032 0.80393
0 0.0180355 0.568286 0.036071 0.0574393 0.739618
0 0.241873 0.57455 0.0413676 0.0206828 0.674016
0 0.144063 0.577998 0.0675506 0.024665 0.663611
0 0.185019 0.57089 0.0471744 0.0285606 0.565447
0 0.446006 0.582324 0.0199707 0.0177563 0.419003
0 0.916827 0.598046 0.0670191 0.0586414 0.322635
0 0.44689 0.585082 0.0166068 0.0135844 0.273918
0 0.917189 0.587462 0.0619724 0.0396242 0.260003
