0 0.624988 0.39197 0.0691043 0.0297763 0.637381
0 0.496232 0.559784 0.0134101 0.0215413 0.619504
0 0.467824 0.564274 0.0114541 0.0159683 0.534782
0 0.48475 0.563643 0.00946455 0.0137402 0.52489
0 0.195331 0.587502 0.0384017 0.031169 0.427643
0 0.521246 0.558494 0.0102956 0.0143992 0.413009
0 0.476342 0.563952 0.00835209 0.0117411 0.335332
0 0.478265 0.564882 0.00843725 0.0121206 0.334389
0 0.530994 0.548538 0.0104165 0.015903 0.327195
0 0.515564 0.561097 0.0111205 0.0138719 0.326163
0 0.600726 0.394928 0.0267278 0.0236284 0.321619
0 0.318445 0.559477 0.0225656 0.0358675 0.320321
0 0.525022 0.552265 0.00950737 0.0154222 0.314119
0 0.470179 0.564808 0.0103077 0.0141062 0.311071
0 0.298282 0.572824 0.0166795 0.0218494 0.297902
0 0.319712 0.553529 0.0193409 0.021304 0.289046
0 0.561262 0.54569 0.00982695 0.0149794 0.277514
0 0.563547 0.54064 0.0133266 0.0172694 0.274201
0 0.56108 0.542134 0.0110692 0.0178613 0.274068
0 0.495574 0.564055 0.0112918 0.016125 0.273134
0 0.279367 0.571902 0.0214377 0.0353429 0.268753
0 0.459482 0.563925 0.00881882 0.0127187 0.267514
0 0.206568 0.588343 0.0626846 0.0397664 0.266088
0 0.633129 0.388876 0.0509223 0.0260364 0.258159
0 0.464338 0.563486 0.0103469 0.0147992 0.257729
