0 0.542296 0.414424 0.0799848 0.11595 0.924859
0 0.368727 0.394086 0.0263791 0.0385478 0.890338
0 0.731042 0.478527 0.342759 0.34773 0.881913
0 0.479655 0.390991 0.0311179 0.0446599 0.85796
0 0.385094 0.388536 0.0192858 0.0339652 0.821426
0 0.456267 0.383606 0.0114766 0.0245294 0.767936
0 0.463543 0.386433 0.0132178 0.0335073 0.743911
0 0.509795 0.407513 0.0250031 0.0765369 0.522723
0 0.179645 0.397222 0.19665 0.226673 0.507619
0 0.41097 0.385428 0.0141398 0.017541 0.442447
0 0.453709 0.383917 0.00974817 0.0216449 0.374554
0 0.428625 0.387169 0.0110595 0.0148409 0.308229
0 0.459339 0.384711 0.0103086 0.0267393 0.306446
0 0.442508 0.385458 0.0107557 0.016461 0.251788
