0 0.562342 0.434543 0.0287004 0.032369 0.910111
0 0.893658 0.479786 0.0693913 0.0851546 0.90143
0 0.738673 0.450473 0.0306707 0.0420312 0.900258
0 0.0509117 0.488879 0.073203 0.118165 0.888548
0 0.835976 0.458202 0.0327299 0.0473979 0.886798
0 0.925913 0.506455 0.0873287 0.097434 0.885814
0 0.411148 0.426366 0.0208158 0.0291 0.866396
0 0.809277 0.443621 0.0220472 0.0304103 0.842793
0 0.539668 0.431764 0.0207467 0.0233587 0.808879
0 0.592403 0.430091 0.0193668 0.0296446 0.796233
0 0.611238 0.430187 0.0139483 0.0247598 0.78467
0 0.768397 0.433192 0.0173077 0.0299579 0.755772
0 0.626145 0.430709 0.0151492 0.022021 0.739415
0 0.795808 0.436943 0.0135217 0.0221071 0.739409
0 0.666106 0.428558 0.0147428 0.0204373 0.730609
0 0.642829 0.42823 0.0165984 0.0241728 0.655286
0 0.516767 0.429786 0.0152646 0.0233675 0.641734
0 0.786465 0.432399 0.0112534 0.019047 0.627627
0 0.654158 0.427926 0.0138476 0.0216561 0.626241
0 0.862168 0.468527 0.0351316 0.065979 0.625702
0 0.75581 0.429415 0.0104892 0.0182982 0.55373
0 0.743097 0.428787 0.0156775 0.0174394 0.487688
0 0.431045 0.423282 0.0145998 0.0178165 0.457808
0 0.446213 0.419079 0.013603 0.0162279 0.355368
0 0.488635 0.420138 0.0159342 0.0181249 0.321135
0 0.783953 0.43083 0.00901422 0.0166426 0.316096
0 0.754046 0.426113 0.0101874 0.0174864 0.307838
0 0.428272 0.425894 0.011663 0.0169864 0.30705
0 0.74629 0.427716 0.0113992 0.0173072 0.29173
0 0.45088 0.420024 0.0168866 0.0162854 0.282359
0 0.780141 0.427053 0.00921774 0.0165777 0.281045
0 0.792674 0.432992 0.0133891 0.0208857 0.279535
0 0.670258 0.426684 0.0120992 0.0166746 0.274143
0 0.673561 0.427942 0.0109438 0.0167931 0.269663
0 0.758922 0.425105 0.0111118 0.0184362 0.269128
0 0.762097 0.429924 0.0124467 0.0209249 0.268086
0 0.620726 0.431322 0.0123447 0.0196816 0.264107
0 0.526085 0.429519 0.01134 0.0192778 0.260675
