0 0.197983 0.444877 0.073423 0.0674912 0.91871
0 0.245985 0.419995 0.0612226 0.0889252 0.914409
0 0.304872 0.4371 0.034248 0.0471859 0.891519
0 0.575395 0.432595 0.0504238 0.0760056 0.887627
0 0.821748 0.332319 0.352489 0.550792 0.887345
0 0.545438 0.41415 0.0408903 0.0823602 0.868191
0 0.497014 0.430171 0.0143722 0.0233173 0.7802
0 0.39256 0.349782 0.199748 0.448216 0.7311
0 0.515561 0.429399 0.0123051 0.01823 0.702958
0 0.504847 0.424024 0.00980082 0.0172123 0.488897
0 0.403062 0.480052 0.176999 0.18982 0.290792
