0 0.643031 0.415235 0.105434 0.200913 0.911417
0 0.436894 0.405004 0.0286677 0.0492727 0.898714
0 0.224425 0.437623 0.131631 0.152791 0.897517
0 0.819679 0.431137 0.100527 0.104732 0.890023
0 0.0336744 0.481017 0.0671527 0.189922 0.880468
0 0.57934 0.392532 0.0569209 0.117606 0.87445
0 0.401184 0.416524 0.0436476 0.066571 0.87365
0 0.352155 0.421465 0.0700931 0.0945775 0.871075
0 0.429749 0.415261 0.0196976 0.0451562 0.862345
0 0.469868 0.416405 0.0351214 0.0499944 0.842672
0 0.590498 0.425277 0.0237345 0.0788286 0.80026
0 0.545888 0.390858 0.0181801 0.0664422 0.780451
0 0.500477 0.388621 0.0177907 0.0223221 0.689734
0 0.449785 0.385786 0.0222763 0.0336665 0.688692
0 0.46077 0.376906 0.0225183 0.0317218 0.513381
0 0.508837 0.382234 0.0167937 0.0237001 0.350787
0 0.534191 0.389413 0.00822144 0.0208562 0.328932
0 0.682436 0.180095 0.0628406 0.0429365 0.311768
0 0.632139 0.186327 0.0341963 0.0192232 0.310728
0 0.474464 0.376526 0.0199085 0.0331965 0.299545
0 0.634983 0.123397 0.0275323 0.0170738 0.277953
0 0.485977 0.386244 0.0123544 0.0198617 0.275401
0 0.585877 0.170938 0.0619868 0.0453681 0.265676
