0 0.447938 0.549228 0.0288828 0.0573495 0.905667
0 0.794265 0.526455 0.0766948 0.0658122 0.901022
0 0.48311 0.563617 0.0592793 0.0861228 0.896072
0 0.375824 0.549283 0.0890809 0.151926 0.889301
0 0.683677 0.524191 0.106575 0.0613764 0.888882
0 0.211379 0.606546 0.231375 0.28802 0.882924
0 0.844336 0.740609 0.311328 0.48995 0.879219
0 0.42983 0.54727 0.0195037 0.0409276 0.807822
0 0.635484 0.518682 0.0733437 0.058322 0.607284
0 0.455285 0.557192 0.0209252 0.0592719 0.550461
0 0.588209 0.527302 0.0319576 0.0386405 0.512363
0 0.424179 0.545491 0.015121 0.0388155 0.475389
0 0.607162 0.520834 0.0505812 0.0523414 0.455642
0 0.936403 0.49645 0.0725508 0.0243744 0.442665
0 0.325466 0.55098 0.0201024 0.0473197 0.391518
0 0.917822 0.496263 0.109216 0.0292814 0.375674
0 0.319606 0.522807 0.0436502 0.094722 0.359662
0 0.319788 0.54943 0.0278311 0.0587041 0.296735
0 0.990152 0.496385 0.0194862 0.0212309 0.288374
0 0.420791 0.527854 0.0124236 0.0395937 0.286417
0 0.421361 0.535566 0.0115711 0.0289354 0.272547
0 0.601974 0.512335 0.0682602 0.066109 0.268061
0 0.421698 0.539609 0.00824604 0.0305589 0.257914
