0 0.213297 0.528147 0.116347 0.151337 0.926755
0 0.925606 0.477391 0.0829315 0.0677309 0.916134
0 0.138123 0.517955 0.0539912 0.075017 0.914445
0 0.324947 0.502559 0.027576 0.0526737 0.885335
0 0.0582575 0.520665 0.0378462 0.0428901 0.882666
0 0.975793 0.482861 0.0484132 0.0847039 0.874625
0 0.37938 0.504951 0.0439309 0.0727302 0.86694
0 0.297317 0.507627 0.047462 0.0693153 0.866303
0 0.0916269 0.516446 0.0519668 0.051246 0.85903
0 0.746123 0.49851 0.127394 0.0813088 0.839224
0 0.351633 0.494306 0.0217184 0.0404795 0.825285
0 0.341694 0.506608 0.0146914 0.0342267 0.7873
0 0.449087 0.501593 0.0287454 0.0371207 0.764447
0 0.640445 0.48944 0.0872784 0.0593274 0.696067
0 0.270128 0.503653 0.0209197 0.0463289 0.689533
0 0.481362 0.500087 0.0327771 0.0294769 0.632094
0 0.68921 0.492373 0.0838201 0.0650097 0.622172
0 0.414055 0.50418 0.0162234 0.0192078 0.619656
0 0.598825 0.485611 0.0599076 0.0502335 0.597925
0 0.00620295 0.520907 0.0124059 0.0766535 0.438544
0 0.609038 0.492029 0.0497119 0.0544925 0.430196
0 0.435427 0.502892 0.0107864 0.0249139 0.409041
0 0.867767 0.46618 0.0438799 0.0404068 0.395974
0 0.783342 0.467975 0.0531953 0.0357675 0.381454
0 0.386809 0.47366 0.0293002 0.0488113 0.366991
0 0.964126 0.451227 0.0260242 0.0197649 0.360837
0 0.0829872 0.485101 0.108801 0.0485545 0.345289
0 0.833822 0.458369 0.02824 0.019573 0.330864
0 0.402153 0.506193 0.00963469 0.0181971 0.323992
0 0.873704 0.474268 0.0389181 0.0503971 0.322094
0 0.788991 0.464774 0.0395351 0.0280236 0.312677
0 0.352676 0.499465 0.0150554 0.0335356 0.308283
0 0.706461 0.496111 0.0642253 0.0657418 0.304464
0 0.829743 0.479624 0.0549206 0.0523088 0.302935
0 0.407183 0.503517 0.0114714 0.0168528 0.302906
0 0.835853 0.462834 0.0348543 0.0277817 0.297035
0 0.387967 0.466187 0.0270833 0.0277735 0.292062
0 0.402692 0.502204 0.0093359 0.0172212 0.287955
0 0.77861 0.478679 0.0652503 0.053693 0.283678
0 0.865777 0.456119 0.0401289 0.0235904 0.271076
0 0.437796 0.502203 0.0109449 0.0228978 0.264903
0 0.432731 0.504208 0.0111521 0.0204054 0.264018
0 0.0208649 0.501998 0.0397995 0.0860087 0.256337
0 0.345902 0.505549 0.0128058 0.0295007 0.255429
0 0.667778 0.493678 0.0491259 0.0560925 0.254352
