0 0.63773 0.471682 0.0744889 0.13717 0.938392
0 0.326407 0.463613 0.117788 0.165644 0.92544
0 0.726575 0.502077 0.180459 0.228446 0.917064
0 0.225906 0.5202 0.18964 0.194998 0.915014
0 0.598179 0.454479 0.0577505 0.11038 0.914266
0 0.383213 0.453509 0.041811 0.0967997 0.913803
0 0.574675 0.44377 0.0362506 0.0885612 0.879983
0 0.425702 0.435204 0.0458711 0.0576504 0.87427
0 0.863421 0.62861 0.273157 0.366769 0.869609
0 0.105135 0.634503 0.210269 0.390909 0.852343
0 0.470077 0.41553 0.0126842 0.0284473 0.844959
0 0.458344 0.421901 0.0154414 0.036587 0.831801
0 0.556917 0.435166 0.0289785 0.0691856 0.800912
0 0.54022 0.427102 0.0206395 0.0475913 0.80084
0 0.532283 0.422406 0.016774 0.0387575 0.795706
0 0.443448 0.424934 0.0278175 0.0498723 0.775933
0 0.520968 0.417738 0.0123304 0.0260191 0.769688
0 0.480045 0.414754 0.0103523 0.0178307 0.628027
0 0.511008 0.41359 0.0100176 0.0174655 0.509434
0 0.51518 0.416514 0.0103494 0.0197483 0.479121
0 0.46632 0.417412 0.0133726 0.0309018 0.462443
0 0.517765 0.41654 0.0108075 0.0218664 0.444186
0 0.523842 0.417598 0.0140587 0.0304725 0.432639
0 0.528624 0.420318 0.0144793 0.0335415 0.426288
0 0.4777 0.416246 0.00923614 0.0186915 0.372138
0 0.481841 0.413039 0.0101108 0.0173569 0.347447
0 0.474854 0.416647 0.01019 0.0216909 0.344654
0 0.484956 0.412016 0.00900278 0.0148878 0.344128
0 0.487468 0.411112 0.00828476 0.0147558 0.341051
0 0.508507 0.4128 0.00825243 0.0156833 0.337596
0 0.490228 0.408932 0.00931082 0.0153459 0.324629
0 0.543134 0.432602 0.0171883 0.0453062 0.318158
0 0.508883 0.415383 0.010575 0.0192215 0.299898
0 0.471771 0.416374 0.0104661 0.0215473 0.276717
0 0.58292 0.448261 0.0415849 0.0954105 0.267429
0 0.505533 0.409198 0.00966167 0.0147054 0.265139
