0 0.504008 0.545423 0.149077 0.210109 0.912479
0 0.221688 0.514417 0.133207 0.156738 0.904581
0 0.431122 0.504803 0.0401248 0.0739744 0.895924
0 0.364899 0.514091 0.109593 0.157439 0.884284
0 0.112239 0.60812 0.224406 0.457668 0.851994
0 0.297458 0.502724 0.0386208 0.0681222 0.832305
0 0.589609 0.44974 0.0910942 0.212305 0.661239
0 0.664376 0.492615 0.0322994 0.0578829 0.644838
0 0.939398 0.502557 0.120796 0.151706 0.609031
0 0.833679 0.503657 0.0910393 0.0912742 0.573298
0 0.151576 0.494043 0.0504468 0.0486157 0.522311
0 0.860068 0.506829 0.0479424 0.0935355 0.410877
0 0.901574 0.50395 0.0580219 0.110708 0.369287
0 0.413389 0.477265 0.0142117 0.0226142 0.361255
0 0.880553 0.504513 0.0859846 0.103597 0.343996
0 0.799212 0.468791 0.049477 0.0427463 0.321413
0 0.642687 0.488157 0.0197062 0.0375397 0.317385
0 0.835222 0.483612 0.0940786 0.0553243 0.28897
0 0.297467 0.472654 0.0329097 0.0232834 0.279214
0 0.859048 0.486098 0.0443808 0.0510598 0.258496
0 0.801083 0.493418 0.0529324 0.0858566 0.252617
0 0.299048 0.480807 0.0348692 0.0390145 0.250489
