0 0.583571 0.426364 0.0425798 0.0491548 0.92543
0 0.271976 0.405321 0.042507 0.0289573 0.889783
0 0.3204 0.404108 0.0334288 0.0229331 0.885513
0 0.533297 0.419652 0.023496 0.0315837 0.884988
0 0.509614 0.416298 0.014915 0.0254657 0.882937
0 0.469586 0.420121 0.0348114 0.0552285 0.879373
0 0.354205 0.397171 0.0369564 0.0321732 0.876369
0 0.496483 0.419103 0.0192307 0.0276554 0.768579
0 0.0557366 0.366525 0.111473 0.109014 0.726173
0 0.37984 0.404267 0.0164589 0.0176612 0.690215
0 0.44393 0.412089 0.0128539 0.0186998 0.615948
0 0.394374 0.405638 0.0121145 0.015202 0.593226
0 0.413892 0.405439 0.012087 0.0171958 0.545915
0 0.425402 0.40835 0.0102493 0.0161864 0.426774
0 0.407459 0.405635 0.012059 0.0160061 0.404739
0 0.452381 0.406683 0.0110153 0.0198775 0.30864
0 0.450352 0.408249 0.0105351 0.018918 0.306333
0 0.405243 0.406548 0.0106969 0.0139426 0.283589
0 0.422413 0.408187 0.011399 0.016134 0.26963
0 0.439031 0.409388 0.0122178 0.0193185 0.25423
0 0.449034 0.411275 0.0101558 0.0188663 0.253306
