0 0.0749086 0.605558 0.075888 0.0725474 0.921758
0 0.19987 0.588234 0.0454558 0.0485628 0.920611
0 0.147354 0.605192 0.0653425 0.0593606 0.911775
0 0.267631 0.584522 0.0263151 0.0281418 0.865415
0 0.325313 0.596398 0.0499607 0.0568753 0.841328
0 0.385153 0.571179 0.0253551 0.035134 0.829281
0 0.426651 0.566288 0.0197475 0.0283122 0.828126
0 0.410745 0.56649 0.0142462 0.0220174 0.782441
0 0.302694 0.580877 0.0184144 0.0284888 0.677915
0 0.361135 0.568882 0.0155334 0.0208369 0.659531
0 0.235972 0.589247 0.0213845 0.0264974 0.629768
0 0.346363 0.5723 0.0148723 0.0194251 0.555173
0 0.328545 0.564652 0.0217218 0.016079 0.455559
0 0.00928282 0.587758 0.0178701 0.0437571 0.440307
0 0.442152 0.558486 0.00951796 0.0155463 0.408641
0 0.400678 0.564591 0.0106575 0.0192498 0.392548
0 0.396811 0.562184 0.0113814 0.0202255 0.38534
0 0.436334 0.562588 0.010056 0.0193064 0.326096
0 0.403185 0.563549 0.0113444 0.018969 0.312096
0 0.360525 0.565123 0.013674 0.0163691 0.308321
0 0.372308 0.564285 0.0111222 0.017711 0.3047
0 0.252057 0.58536 0.0143323 0.023321 0.303801
0 0.370548 0.567256 0.0104 0.0182042 0.284295
0 0.438492 0.560232 0.0102234 0.018541 0.282234
0 0.241235 0.589291 0.0183127 0.0240972 0.26223
