0 0.285525 0.521009 0.0949556 0.141678 0.931982
0 0.323105 0.488212 0.100622 0.132509 0.922943
0 0.158047 0.528873 0.237061 0.264386 0.89135
0 0.594365 0.429302 0.183683 0.356034 0.871936
0 0.406975 0.470786 0.0424343 0.0612111 0.866847
0 0.723414 0.488364 0.0804341 0.142769 0.863196
0 0.905689 0.556802 0.188276 0.318114 0.857143
0 0.0706816 0.634057 0.141363 0.351739 0.851134
0 0.493014 0.457072 0.0209368 0.0427277 0.843494
0 0.455405 0.449748 0.0136419 0.0348353 0.564721
0 0.435527 0.463472 0.0298077 0.0448541 0.552907
0 0.431448 0.451449 0.0412159 0.0667325 0.551319
0 0.477485 0.451991 0.0121077 0.0206192 0.518412
0 0.467384 0.451279 0.0103878 0.0196367 0.513944
0 0.458248 0.45142 0.0115821 0.0289976 0.380874
0 0.463437 0.452024 0.010379 0.0212741 0.349766
0 0.453542 0.4542 0.0125491 0.0312024 0.33163
0 0.450509 0.456241 0.0128429 0.0314316 0.321864
0 0.456497 0.455962 0.0108185 0.0247955 0.31492
0 0.46988 0.451814 0.0102823 0.0213674 0.285141
0 0.0218471 0.46991 0.0430705 0.0564823 0.271883
0 0.473408 0.449808 0.0102035 0.0214559 0.26977
