0 0.315642 0.623534 0.101611 0.137591 0.87999
0 0.43752 0.571782 0.0185671 0.02832 0.819698
0 0.45953 0.563635 0.0108312 0.0180083 0.714008
0 0.476739 0.564331 0.0125549 0.0173186 0.702656
0 0.449835 0.565577 0.0110152 0.0166141 0.530297
0 0.468467 0.559845 0.00862827 0.0152312 0.447487
0 0.464411 0.560784 0.00982161 0.0159364 0.380841
0 0.454204 0.564335 0.0100348 0.0170588 0.330664
0 0.369793 0.57753 0.0260885 0.0260212 0.327253
0 0.398466 0.571537 0.0155496 0.0184402 0.304472
0 0.447826 0.564068 0.011657 0.0199012 0.294506
0 0.42301 0.571748 0.0117034 0.017324 0.261575
