0 0.432446 0.340462 0.0309892 0.0446292 0.935531
0 0.387269 0.355902 0.0477096 0.0635725 0.923536
0 0.574416 0.336424 0.0412808 0.0671863 0.909859
0 0.323484 0.359028 0.0874212 0.13061 0.886334
0 0.634301 0.354266 0.102322 0.136521 0.882899
0 0.159677 0.567458 0.319354 0.490386 0.878693
0 0.85634 0.440333 0.287319 0.575788 0.853007
0 0.515404 0.33098 0.0317628 0.0502565 0.838411
0 0.55024 0.330815 0.0205005 0.044467 0.833023
0 0.451052 0.335551 0.018382 0.0350522 0.802103
0 0.483941 0.317533 0.0167033 0.0243409 0.730419
0 0.470518 0.319664 0.0153677 0.0232148 0.630613
0 0.457789 0.333067 0.0136418 0.0300985 0.613859
0 0.496774 0.317157 0.011164 0.0178777 0.579604
0 0.51086 0.299453 0.0218805 0.0287307 0.416831
0 0.532481 0.299708 0.0258789 0.0461324 0.411028
0 0.490675 0.317726 0.0131977 0.0218093 0.279291
0 0.494641 0.318377 0.0122086 0.0212884 0.276072
0 0.47485 0.319932 0.0137682 0.022494 0.264833
