0 0.233601 0.628281 0.052692 0.0670883 0.914642
0 0.820263 0.591787 0.168743 0.122509 0.902373
0 0.37579 0.632906 0.098419 0.152219 0.896035
0 0.286969 0.621911 0.0218317 0.0353163 0.895453
0 0.0276154 0.668104 0.0552308 0.10887 0.895384
0 0.444899 0.619906 0.0441634 0.0565535 0.886825
0 0.116927 0.636093 0.047267 0.0268077 0.834663
0 0.94073 0.599638 0.11854 0.111584 0.832788
0 0.186224 0.638381 0.0405029 0.0345303 0.819752
0 0.265459 0.623007 0.0251854 0.0515962 0.800066
0 0.308611 0.614992 0.0157654 0.0310596 0.75924
0 0.757719 0.593147 0.0842169 0.0917257 0.665457
0 0.325052 0.612417 0.015885 0.0321694 0.616931
0 0.299173 0.618618 0.0124415 0.0295987 0.512308
0 0.420808 0.606941 0.0145591 0.0356793 0.48109
0 0.0836063 0.639979 0.0315571 0.0259559 0.439698
0 0.327601 0.608405 0.0157895 0.029503 0.412939
0 0.329105 0.603106 0.0135346 0.023066 0.285707
0 0.420532 0.59101 0.0180386 0.0426727 0.285434
0 0.322226 0.615456 0.0129891 0.0270828 0.272659
0 0.311837 0.615289 0.0136123 0.0270935 0.250958
