0 0.587985 0.407908 0.0808356 0.108354 0.918856
0 0.339317 0.398304 0.0916521 0.117843 0.906403
0 0.404297 0.382619 0.0466294 0.0720023 0.896155
0 0.785309 0.436472 0.28493 0.337488 0.893299
0 0.153255 0.442812 0.28283 0.287836 0.890308
0 0.389857 0.394859 0.038392 0.0751173 0.888632
0 0.430307 0.378873 0.0225052 0.0458991 0.88206
0 0.908058 0.554115 0.183209 0.520233 0.877126
0 0.52415 0.383413 0.0227824 0.0452267 0.875222
0 0.0633897 0.504238 0.126425 0.431692 0.855756
0 0.545045 0.389498 0.0272391 0.0682224 0.828152
0 0.44155 0.375482 0.0154595 0.0370046 0.825437
0 0.52829 0.388568 0.0205602 0.0474526 0.789434
0 0.509896 0.374093 0.0151485 0.0315848 0.781134
0 0.452432 0.373299 0.0117764 0.0264455 0.754525
0 0.495438 0.372824 0.0105519 0.019674 0.617097
0 0.553514 0.394747 0.0288878 0.0797587 0.534382
0 0.471067 0.371718 0.0100702 0.0159856 0.494845
0 0.48129 0.371978 0.0105632 0.0156604 0.488077
0 0.460378 0.372274 0.00909605 0.0184413 0.460391
0 0.498822 0.372732 0.0095459 0.021187 0.425529
0 0.473528 0.371281 0.0111719 0.0162723 0.422557
0 0.501755 0.374036 0.0101401 0.0239456 0.405286
0 0.492462 0.372998 0.00962563 0.0176097 0.37035
0 0.455407 0.372559 0.00983133 0.0221252 0.366938
0 0.483501 0.372982 0.00807362 0.0140581 0.338254
0 0.50457 0.37453 0.0116579 0.0272508 0.324657
0 0.561139 0.396862 0.0374246 0.0840025 0.317066
0 0.462571 0.369082 0.0104808 0.0203505 0.30673
0 0.477855 0.372733 0.0100072 0.0154558 0.293285
0 0.46544 0.370199 0.00938921 0.0177261 0.282321
0 0.468776 0.371034 0.00821581 0.0158619 0.272515
0 0.519739 0.382801 0.0166094 0.039493 0.267033
0 0.512331 0.379265 0.0125248 0.0334958 0.262199
