0 0.10444 0.67028 0.158529 0.157672 0.919805
0 0.220401 0.650771 0.100283 0.122468 0.907455
0 0.632685 0.709877 0.123564 0.148864 0.901482
0 0.376117 0.639223 0.0504059 0.0762436 0.900085
0 0.866182 0.824231 0.267423 0.350774 0.880349
0 0.735251 0.669214 0.0963422 0.0788447 0.862448
0 0.0256865 0.79333 0.0513729 0.36424 0.824801
0 0.410712 0.636226 0.0300609 0.0519201 0.72813
0 0.446867 0.628594 0.0168212 0.0265437 0.625663
0 0.164253 0.607453 0.0299583 0.0315904 0.490402
0 0.496919 0.634889 0.0182378 0.0374117 0.463899
0 0.483386 0.619516 0.0245605 0.033384 0.454471
0 0.431564 0.621711 0.0131849 0.0173047 0.450916
0 0.47535 0.627329 0.0148133 0.0199939 0.418328
0 0.514725 0.638908 0.0322437 0.0440713 0.37616
0 0.489077 0.618006 0.0208366 0.0386185 0.356029
0 0.49447 0.640684 0.0205679 0.0413579 0.328121
0 0.487467 0.632675 0.0168281 0.0350023 0.307745
0 0.47634 0.616114 0.0209337 0.037272 0.28275
0 0.425447 0.624296 0.0113477 0.021018 0.273699
0 0.0596442 0.596021 0.0446257 0.0316006 0.273496
0 0.427999 0.620931 0.0119412 0.0180306 0.269682
0 0.420239 0.627933 0.0124771 0.0278529 0.26649
0 0.65809 0.648338 0.0296212 0.0242069 0.264073
0 0.819446 0.684949 0.0377895 0.0387987 0.257892
0 0.43664 0.621154 0.0123968 0.0179479 0.254795
