0 0.610411 0.54329 0.140235 0.153909 0.929905
0 0.512844 0.519478 0.0738548 0.0942201 0.917092
0 0.189762 0.553134 0.0358962 0.0495421 0.915345
0 0.281124 0.564995 0.162415 0.239021 0.912225
0 0.112275 0.563558 0.0411822 0.0479301 0.875291
0 0.460324 0.539842 0.038988 0.0517544 0.873422
0 0.0442696 0.58058 0.0885391 0.44556 0.852052
0 0.430086 0.552395 0.0125477 0.0250712 0.823486
0 0.149974 0.566464 0.0386943 0.0339428 0.797167
0 0.425025 0.553554 0.014901 0.0212067 0.747844
0 0.437706 0.547289 0.0137403 0.0316511 0.718815
0 0.436495 0.551074 0.0105049 0.0264767 0.406142
0 0.067923 0.529508 0.0563495 0.133847 0.375436
0 0.172356 0.558755 0.0109268 0.0280796 0.311758
0 0.0828937 0.545227 0.0260416 0.0918481 0.288081
