0 0.480392 0.372673 0.0355049 0.0599872 0.91032
0 0.607387 0.458066 0.138611 0.214295 0.907285
0 0.53704 0.419411 0.0588849 0.0983841 0.906966
0 0.286988 0.387554 0.0822981 0.10814 0.904775
0 0.519751 0.390436 0.0712229 0.096698 0.902199
0 0.381567 0.354881 0.0249975 0.0476045 0.875355
0 0.420316 0.362673 0.0355795 0.0536306 0.861598
0 0.345398 0.374876 0.036823 0.0651199 0.85148
0 0.3284 0.382057 0.0314622 0.0737286 0.835744
0 0.748632 0.536327 0.309834 0.362321 0.83345
0 0.454161 0.352061 0.0137483 0.0280977 0.809526
0 0.357534 0.359025 0.0386652 0.0640616 0.802191
0 0.466863 0.35914 0.0212054 0.04195 0.741257
0 0.394788 0.351099 0.012807 0.0335127 0.716957
0 0.446253 0.346187 0.0122214 0.0239221 0.576196
0 0.390005 0.352196 0.0181014 0.0411679 0.530399
0 0.40186 0.344439 0.0105936 0.0224862 0.450522
0 0.439337 0.34454 0.00862284 0.0176151 0.373418
0 0.397725 0.348544 0.011046 0.0281821 0.36141
0 0.450978 0.349285 0.0121764 0.0266936 0.305966
0 0.401902 0.351335 0.0103483 0.0251382 0.304401
0 0.436771 0.344809 0.00853519 0.0184374 0.29539
0 0.404643 0.341805 0.0105338 0.0177565 0.292535
0 0.458049 0.352254 0.0138859 0.0295073 0.28397
0 0.414256 0.355953 0.0256763 0.0431441 0.279462
0 0.445249 0.345195 0.00929451 0.0182443 0.27616
0 0.450661 0.346492 0.00911436 0.0180298 0.268285
0 0.460605 0.357701 0.0135402 0.0344879 0.267337
0 0.449524 0.349472 0.00988626 0.0203383 0.267206
