0 0.436523 0.538892 0.123706 0.132215 0.926271
0 0.176203 0.528902 0.0769885 0.098734 0.920702
0 0.305983 0.534584 0.068713 0.0751509 0.900701
0 0.567624 0.535876 0.217461 0.202144 0.888523
0 0.810845 0.57432 0.37831 0.283868 0.8721
0 0.224856 0.52147 0.0327269 0.0469159 0.851013
0 0.135265 0.504322 0.0185354 0.0285885 0.839233
0 0.0666197 0.494163 0.014958 0.0217707 0.752008
0 0.12319 0.49984 0.0180074 0.0282825 0.712303
0 0.094923 0.49495 0.014619 0.0192639 0.68485
0 0.00954263 0.497245 0.016228 0.0224784 0.562536
0 0.00543138 0.499548 0.0102231 0.0263463 0.502555
0 0.0549837 0.491202 0.00992928 0.0147954 0.459686
0 0.89927 0.481558 0.0689241 0.0284453 0.392113
0 0.0814888 0.49287 0.0102313 0.0149141 0.386076
0 0.00316919 0.502225 0.00633838 0.0280919 0.359578
0 0.967501 0.492514 0.0648094 0.0557402 0.349902
0 0.0190961 0.496386 0.0108884 0.0182561 0.343368
0 0.037239 0.490356 0.0121261 0.0136198 0.333757
0 0.0879842 0.494361 0.0104985 0.014957 0.330935
0 0.0140806 0.496572 0.0137291 0.0205043 0.329268
0 0.0212921 0.494422 0.00982938 0.0162525 0.327201
0 0.738589 0.456705 0.201323 0.0973031 0.307861
0 0.142774 0.505414 0.0137756 0.0278982 0.306087
0 0.0845243 0.4934 0.0100546 0.014985 0.305307
0 0.0789021 0.492571 0.0102233 0.0158242 0.30485
0 0.0916698 0.495569 0.0137243 0.0175808 0.300454
0 0.0170526 0.494239 0.0114994 0.0182171 0.279292
0 0.0760101 0.492459 0.00939251 0.0149443 0.277995
0 0.130459 0.502262 0.0148063 0.0260629 0.274052
0 0.146081 0.502248 0.016646 0.0339854 0.258349
0 0.0708361 0.493031 0.0130768 0.0185716 0.254912
0 0.67336 0.486414 0.0240657 0.0373476 0.251672
