0 0.580193 0.478815 0.0605414 0.0812709 0.904721
0 0.5246 0.457522 0.0279204 0.0566327 0.898545
0 0.646884 0.517543 0.114818 0.160521 0.882412
0 0.803491 0.559138 0.329823 0.389045 0.87398
0 0.413874 0.362508 0.14999 0.358237 0.865812
0 0.153899 0.434874 0.254625 0.154867 0.841566
0 0.486267 0.461383 0.02359 0.0611352 0.775188
0 0.542382 0.463414 0.0282126 0.0650518 0.739519
0 0.508596 0.453369 0.0166892 0.0372014 0.724693
0 0.966392 0.73446 0.0667376 0.369068 0.702395
0 0.554424 0.468404 0.0299366 0.0727612 0.489378
0 0.24674 0.433085 0.0693797 0.133952 0.417036
0 0.504236 0.451647 0.0128128 0.0328179 0.347357
0 0.496989 0.44692 0.00945044 0.0261385 0.309495
0 0.565821 0.468978 0.0508457 0.0807092 0.28293
0 0.51667 0.45843 0.0179653 0.0465569 0.262141
0 0.511998 0.456085 0.0151692 0.0379255 0.259714
0 0.50064 0.447689 0.0106224 0.0254201 0.252678
