0 0.775129 0.583548 0.0967584 0.14736 0.914179
0 0.247341 0.624699 0.233883 0.162969 0.891144
0 0.0692887 0.642656 0.138088 0.121506 0.852
0 0.958878 0.536128 0.0424662 0.0458835 0.823987
0 0.833813 0.542535 0.0321672 0.0432405 0.764201
0 0.940205 0.528773 0.0332851 0.047327 0.755366
0 0.851272 0.535309 0.0216486 0.0386102 0.673259
0 0.881681 0.536983 0.0200966 0.0271496 0.654602
0 0.893441 0.536893 0.0124773 0.0262811 0.628113
0 0.902637 0.536725 0.0144451 0.029186 0.625999
0 0.917411 0.53403 0.0191263 0.0355255 0.576596
0 0.867805 0.536639 0.0130508 0.0242481 0.543618
0 0.13823 0.601984 0.0492035 0.0334171 0.476326
0 0.898381 0.537151 0.0141657 0.0279817 0.363818
0 0.909589 0.536587 0.0158356 0.0316676 0.324686
0 0.820559 0.56548 0.0253874 0.0686318 0.300075
0 0.854053 0.539641 0.0160667 0.0287399 0.289299
0 0.92147 0.533701 0.0142401 0.034984 0.251473
