0 0.16493 0.492555 0.0776765 0.0670398 0.947499
0 0.228486 0.485156 0.0458148 0.0411523 0.916971
0 0.31802 0.486356 0.0448982 0.0490638 0.898454
0 0.391677 0.480654 0.0342832 0.0501127 0.877324
0 0.0302406 0.503115 0.0603377 0.153647 0.866422
0 0.371424 0.480169 0.0135397 0.0336985 0.777201
0 0.298919 0.479577 0.0256627 0.0420166 0.775562
0 0.430904 0.478419 0.0176701 0.0273665 0.749826
0 0.451859 0.478714 0.0139636 0.0197866 0.746596
0 0.363761 0.477391 0.0121524 0.0276979 0.726313
0 0.353021 0.479185 0.0167567 0.0229779 0.697059
0 0.412765 0.475099 0.0132146 0.0215254 0.646843
0 0.416537 0.474911 0.0120161 0.0207225 0.517963
0 0.441661 0.473705 0.0105168 0.0200685 0.481574
0 0.476558 0.474164 0.0101805 0.0143621 0.460706
0 0.204298 0.472866 0.0192103 0.0186093 0.456374
0 0.462754 0.475663 0.00961666 0.0138745 0.438878
0 0.42304 0.476751 0.0119097 0.0222516 0.418603
0 0.489405 0.470259 0.0110571 0.01379 0.378754
0 0.409038 0.47405 0.0112335 0.0218716 0.373935
0 0.218064 0.483504 0.036107 0.0368276 0.366697
0 0.420136 0.47753 0.0107328 0.0189546 0.36607
0 0.406955 0.473894 0.00971136 0.0193107 0.355187
0 0.473039 0.474931 0.00942564 0.0128389 0.296261
0 0.202742 0.477444 0.0211623 0.0270879 0.290512
0 0.368446 0.47723 0.013592 0.0287372 0.280304
0 0.204722 0.469784 0.0156869 0.0129698 0.280043
