0 0.600149 0.49912 0.0349226 0.0578262 0.966633
0 0.639067 0.515478 0.0705459 0.0933087 0.949625
0 0.341293 0.498352 0.0824582 0.0947923 0.92082
0 0.0397109 0.48991 0.0779832 0.0819004 0.899475
0 0.454647 0.481697 0.0321702 0.0447157 0.840858
0 0.419156 0.477821 0.0196108 0.034286 0.837768
0 0.388883 0.482713 0.0239135 0.0354748 0.83754
0 0.547879 0.522649 0.0796648 0.115795 0.83254
0 0.406328 0.480606 0.017625 0.0322278 0.82892
0 0.717367 0.482368 0.0695734 0.0475225 0.824507
0 0.314277 0.468757 0.0781955 0.118839 0.797292
0 0.584463 0.484204 0.0184061 0.0325863 0.794831
0 0.487083 0.474376 0.0160872 0.0222251 0.738443
0 0.431197 0.478097 0.0113484 0.0294891 0.706153
0 0.518108 0.474843 0.0142821 0.0257818 0.69759
0 0.00763539 0.482634 0.0150605 0.0683965 0.422847
0 0.567331 0.466668 0.0143803 0.0139867 0.416521
0 0.476746 0.475514 0.00939674 0.0176771 0.361299
0 0.503159 0.471248 0.0116704 0.0160412 0.348397
0 0.797799 0.479165 0.0606339 0.0474972 0.328413
0 0.132043 0.459788 0.02415 0.022924 0.325661
0 0.434149 0.475273 0.00956125 0.0225896 0.315095
0 0.563078 0.464802 0.0148571 0.0128621 0.313862
0 0.536601 0.463804 0.0194449 0.014583 0.312741
0 0.571162 0.469249 0.0131909 0.0169111 0.305291
0 0.566379 0.469244 0.0181438 0.0195892 0.303372
0 0.426079 0.478236 0.0114329 0.0283418 0.290847
0 0.499989 0.471684 0.0123475 0.0163927 0.284929
0 0.581433 0.474021 0.019031 0.0195134 0.273288
0 0.49644 0.472174 0.00981636 0.0147919 0.27101
0 0.472663 0.472547 0.0106855 0.0225035 0.266545
0 0.818984 0.480929 0.0270405 0.0498457 0.264672
0 0.786306 0.478552 0.0390273 0.0394884 0.263367
0 0.578144 0.478107 0.0140697 0.024666 0.259862
