0 0.321393 0.33525 0.0379404 0.0456014 0.865842
0 0.336154 0.319559 0.026903 0.0410617 0.795357
0 0.497591 0.379315 0.0524151 0.0669947 0.684194
0 0.484043 0.350203 0.0501033 0.0724251 0.655122
0 0.3493 0.30952 0.0190865 0.0334251 0.621089
0 0.353008 0.288678 0.021748 0.0307337 0.569386
0 0.448097 0.296385 0.0261345 0.0312919 0.517845
0 0.873767 0.476916 0.252465 0.499087 0.509495
0 0.477261 0.314757 0.0288657 0.0265264 0.485863
0 0.329029 0.284969 0.0145215 0.0188874 0.468861
0 0.456177 0.350727 0.0175461 0.0468769 0.414671
0 0.352395 0.296002 0.021992 0.031588 0.399183
0 0.354256 0.282105 0.0199755 0.0254424 0.374245
0 0.476605 0.328996 0.0368402 0.0498103 0.368649
0 0.329241 0.289772 0.0146461 0.0175942 0.316801
0 0.347179 0.282756 0.0207653 0.0227585 0.307305
0 0.342093 0.282951 0.0158089 0.0183628 0.305554
0 0.332738 0.288691 0.0195018 0.0215852 0.295502
0 0.34525 0.315891 0.0198089 0.0348732 0.292648
0 0.3449 0.290576 0.0202205 0.022482 0.28998
0 0.426377 0.284147 0.0158369 0.0251191 0.288246
0 0.34908 0.318078 0.012727 0.0312339 0.262293
0 0.451363 0.333068 0.0230243 0.0492982 0.256648
