0 0.629547 0.549008 0.0626894 0.0976203 0.932324
0 0.687356 0.575256 0.102807 0.135334 0.913331
0 0.391348 0.540631 0.0503911 0.0804925 0.911071
0 0.319604 0.552786 0.0704665 0.110067 0.908381
0 0.100962 0.58775 0.201868 0.197248 0.906772
0 0.242071 0.562397 0.104344 0.143259 0.90022
0 0.367631 0.551532 0.0409561 0.0760603 0.896411
0 0.594286 0.544507 0.025201 0.068298 0.890571
0 0.876973 0.634054 0.246053 0.350495 0.879016
0 0.477819 0.53288 0.043486 0.074923 0.867257
0 0.42828 0.544492 0.0188547 0.0519943 0.841783
0 0.54269 0.545268 0.0232392 0.0332916 0.824037
0 0.578619 0.544406 0.016852 0.0432495 0.814742
0 0.504974 0.538964 0.0159005 0.0322349 0.753545
0 0.532179 0.537988 0.0178971 0.0343397 0.737035
0 0.423528 0.544741 0.0193014 0.0533895 0.732429
0 0.418356 0.54551 0.0165075 0.056171 0.728376
0 0.520349 0.537255 0.00961542 0.0164664 0.601919
0 0.452964 0.54222 0.0132843 0.028921 0.494703
0 0.559499 0.539999 0.0130522 0.0215954 0.407459
0 0.573435 0.543941 0.0144366 0.0364973 0.357161
0 0.570941 0.54451 0.0117453 0.0316277 0.333843
0 0.515984 0.537467 0.00977173 0.0191616 0.321855
0 0.58395 0.546059 0.0186919 0.0575295 0.318905
0 0.565247 0.542204 0.011352 0.0242518 0.311635
0 0.529461 0.539741 0.0129788 0.0278086 0.311628
0 0.56191 0.542159 0.0102931 0.0228165 0.274319
