0 0.329923 0.56089 0.0503434 0.0613685 0.923492
0 0.176038 0.600867 0.133157 0.12111 0.907348
0 0.277555 0.575833 0.0736403 0.0789154 0.903216
0 0.472213 0.573493 0.0789123 0.113281 0.902586
0 0.0584752 0.63451 0.11684 0.195015 0.89245
0 0.549008 0.532549 0.0189119 0.0349475 0.886532
0 0.408054 0.542209 0.0174263 0.0287906 0.872518
0 0.383482 0.548949 0.0285451 0.0383979 0.865887
0 0.572119 0.53792 0.0300529 0.0450017 0.839335
0 0.425213 0.539532 0.0178842 0.0259349 0.797964
0 0.537716 0.53232 0.0128448 0.0287837 0.776464
0 0.555648 0.535432 0.0153662 0.0359421 0.773382
0 0.527738 0.531551 0.0120902 0.0219321 0.771425
0 0.438804 0.54057 0.0116472 0.0233161 0.659422
0 0.506213 0.533364 0.0164179 0.0301909 0.597356
0 0.397767 0.545507 0.0143042 0.0310043 0.414277
0 0.582575 0.549484 0.0199788 0.0384906 0.329979
0 0.599067 0.550522 0.0310124 0.0473445 0.300538
0 0.532444 0.531462 0.0102033 0.0199863 0.296199
0 0.542173 0.53241 0.0133278 0.0300115 0.286114
0 0.805386 0.501883 0.0252699 0.0496255 0.283682
0 0.401437 0.543724 0.012025 0.0245678 0.277177
0 0.671482 0.570023 0.0738804 0.0832506 0.274938
0 0.515367 0.528389 0.0112455 0.0231632 0.26279
