0 0.0401606 0.477397 0.0803211 0.0905467 0.913921
0 0.104197 0.487135 0.116368 0.0938339 0.897108
0 0.290401 0.461547 0.0511292 0.063965 0.894061
0 0.235526 0.472946 0.0411353 0.0574139 0.888712
0 0.506177 0.446429 0.018719 0.0225179 0.88449
0 0.193718 0.476989 0.0663331 0.0631499 0.882666
0 0.446037 0.483441 0.0555246 0.0756702 0.872155
0 0.324504 0.455832 0.0316547 0.050913 0.860837
0 0.39579 0.454219 0.022526 0.0243334 0.851802
0 0.370665 0.452934 0.0299177 0.0349255 0.834383
0 0.428671 0.445895 0.0227427 0.0297775 0.75048
0 0.347621 0.459745 0.0202654 0.0309052 0.746077
0 0.536197 0.435011 0.0119496 0.018289 0.650474
0 0.462439 0.435618 0.0319403 0.0821923 0.410555
0 0.538177 0.434636 0.0089694 0.0141725 0.345795
0 0.00709464 0.500686 0.0139683 0.113665 0.337293
0 0.0867276 0.438983 0.0226862 0.0204944 0.280289
0 0.522405 0.438101 0.011218 0.0170402 0.267163
0 0.530476 0.43292 0.00978041 0.0160477 0.265266
0 0.521894 0.430193 0.0133623 0.0176442 0.261276
0 0.527476 0.434564 0.0114327 0.0153987 0.255196
0 0.515581 0.427673 0.00980063 0.0138082 0.253291
