0 0.429628 0.449257 0.0326864 0.0378481 0.928609
0 0.204481 0.441415 0.0389147 0.0601712 0.882264
0 0.403968 0.450735 0.0189461 0.0312546 0.8585
0 0.869796 0.542236 0.26006 0.52782 0.854117
0 0.129764 0.468805 0.03734 0.0412114 0.590323
0 0.149354 0.450824 0.0144676 0.0201633 0.588169
0 0.173247 0.44303 0.0269153 0.0314989 0.557058
0 0.548376 0.445924 0.024756 0.0288484 0.553985
0 0.625029 0.450484 0.0413696 0.0478455 0.54709
0 0.528322 0.446384 0.0187938 0.0238429 0.530867
0 0.508106 0.444358 0.0155946 0.0214308 0.509844
0 0.522762 0.446734 0.0185861 0.0237944 0.492032
0 0.566229 0.448408 0.0199955 0.0228021 0.459575
0 0.00705707 0.474925 0.0141141 0.0405207 0.445263
0 0.244697 0.448947 0.0172755 0.0191277 0.436098
0 0.58697 0.446971 0.0213836 0.0201821 0.408271
0 0.484386 0.44485 0.0242509 0.021047 0.387918
0 0.541542 0.445171 0.0191916 0.0289651 0.380639
0 0.55461 0.446244 0.0229475 0.0277856 0.35546
0 0.305584 0.447441 0.0166211 0.0284865 0.328475
0 0.449822 0.44619 0.0155642 0.0206455 0.31521
0 0.22893 0.447961 0.0147461 0.0181025 0.297877
0 0.532026 0.448834 0.0185503 0.0283171 0.288555
0 0.00618384 0.468388 0.0123111 0.02884 0.287748
0 0.535962 0.445354 0.0159309 0.0232032 0.266711
0 0.582802 0.445356 0.0269779 0.0243176 0.265848
0 0.313662 0.450165 0.0247669 0.0280435 0.265306
0 0.0560324 0.464942 0.0163538 0.0218608 0.262471
0 0.590861 0.451569 0.0241337 0.0250203 0.26025
0 0.512845 0.445021 0.0150194 0.0204512 0.259331
0 0.504338 0.445368 0.0182812 0.023616 0.258649
0 0.101867 0.457178 0.0246357 0.0342194 0.25693
0 0.0360966 0.464411 0.0249391 0.0259847 0.256908
