0 0.829675 0.55454 0.337904 0.352362 0.902068
0 0.302658 0.466297 0.0366497 0.0615819 0.902044
0 0.124197 0.54269 0.248394 0.284112 0.891413
0 0.277639 0.471815 0.0346559 0.0692893 0.88697
0 0.603607 0.49018 0.105806 0.137482 0.881814
0 0.405779 0.455588 0.0335304 0.0451128 0.847458
0 0.324838 0.462084 0.0282264 0.0527103 0.837939
0 0.947517 0.745478 0.104965 0.417932 0.836195
0 0.500363 0.455081 0.0189113 0.0331246 0.82244
0 0.245757 0.468759 0.0409186 0.0908993 0.819685
0 0.555139 0.472529 0.0513385 0.104951 0.7529
0 0.53132 0.468638 0.0310997 0.0747743 0.724384
0 0.367656 0.455236 0.0289341 0.0364375 0.720756
0 0.484435 0.451819 0.0168211 0.0282932 0.658212
0 0.513809 0.460717 0.0247339 0.0617557 0.570296
0 0.460468 0.442743 0.0167052 0.022742 0.49504
0 0.173067 0.429008 0.112815 0.0825261 0.486366
0 0.523354 0.46108 0.0365415 0.0696311 0.473105
0 0.420872 0.449406 0.0159491 0.0320882 0.47105
0 0.447109 0.444232 0.0117438 0.0169525 0.469648
0 0.432076 0.451187 0.0163732 0.0247872 0.39652
0 0.387422 0.45003 0.0143587 0.0299472 0.367012
0 0.474739 0.447895 0.0100633 0.020477 0.327769
0 0.376033 0.454484 0.0208626 0.0325368 0.286005
0 0.492108 0.452933 0.0169254 0.030197 0.281834
0 0.450309 0.4432 0.0124024 0.0177372 0.279783
0 0.384792 0.452818 0.0128932 0.0294347 0.267646
0 0.508747 0.461766 0.0160141 0.0449646 0.251442
