0 0.368612 0.558186 0.0859477 0.0974675 0.910852
0 0.270838 0.591496 0.147228 0.165074 0.90495
0 0.547295 0.537648 0.0266914 0.0363051 0.888206
0 0.459262 0.535061 0.0268086 0.0359729 0.880762
0 0.15498 0.547666 0.122865 0.085522 0.871716
0 0.411818 0.54408 0.0489612 0.076247 0.862368
0 0.537393 0.528107 0.0218014 0.0367822 0.823711
0 0.434921 0.538329 0.0308206 0.0680506 0.750616
0 0.481858 0.527786 0.0133409 0.0205889 0.722097
0 0.523377 0.527905 0.010796 0.0233402 0.646137
0 0.506369 0.525975 0.0111549 0.0174978 0.562708
0 0.465182 0.53322 0.0239407 0.0334329 0.508308
0 0.516222 0.525407 0.00900002 0.0172306 0.507325
0 0.322779 0.526784 0.027295 0.0288776 0.493171
0 0.493873 0.525755 0.00881987 0.015025 0.466255
0 0.472507 0.531276 0.0129727 0.0260612 0.441627
0 0.486396 0.526877 0.010393 0.0185694 0.37968
0 0.518411 0.525853 0.009937 0.0198008 0.360661
0 0.490237 0.524693 0.00982285 0.01887 0.290381
0 0.528395 0.527666 0.0123123 0.0287426 0.286568
0 0.476895 0.528466 0.012193 0.0257146 0.28654
0 0.613595 0.534966 0.0517376 0.0340425 0.281338
0 0.495586 0.523917 0.00897331 0.0154093 0.268608
0 0.521743 0.53062 0.00962496 0.02107 0.26586
0 0.510026 0.522946 0.0097374 0.0174282 0.255846
