0 0.23966 0.498179 0.373048 0.462294 0.907235
0 0.636811 0.404052 0.138614 0.234176 0.896323
0 0.0670416 0.442014 0.133752 0.148912 0.886031
0 0.824088 0.337208 0.351532 0.578674 0.878075
0 0.554219 0.377577 0.0492596 0.0690431 0.863315
0 0.486762 0.425018 0.09197 0.132165 0.863
0 0.413192 0.387194 0.0500788 0.0693398 0.823222
0 0.438803 0.354897 0.0491311 0.0855249 0.817405
0 0.525624 0.367719 0.0214724 0.0479563 0.77038
0 0.378886 0.37781 0.0321321 0.0516919 0.716699
0 0.183402 0.364457 0.0744547 0.0825801 0.698262
0 0.48945 0.350917 0.0455264 0.023614 0.636378
0 0.0130769 0.570438 0.0260979 0.210939 0.601707
0 0.518555 0.342174 0.0215172 0.0336088 0.510448
0 0.353062 0.373826 0.0325017 0.0314538 0.465051
0 0.51644 0.337788 0.0191291 0.0242545 0.369208
0 0.551027 0.336308 0.0186355 0.0179482 0.361592
0 0.883998 0.132001 0.106207 0.0680881 0.338128
0 0.466536 0.350645 0.0103847 0.021942 0.335534
0 0.583035 0.369944 0.0181116 0.0424528 0.32815
0 0.395038 0.357347 0.0145323 0.0194733 0.293365
0 0.518434 0.345688 0.0172438 0.0248505 0.278242
0 0.518247 0.352136 0.0182981 0.0250748 0.267798
0 0.553189 0.340459 0.0252452 0.0216081 0.264995
0 0.328142 0.357258 0.0280251 0.0236903 0.264406
0 0.606913 0.334526 0.0251553 0.0230011 0.264251
0 0.353409 0.370339 0.0245333 0.0238281 0.252003
