0 0.153744 0.588654 0.251954 0.233212 0.924691
0 0.5625 0.565049 0 0.201705 0.920475
0 0.333828 0.503995 0.0675106 0.106472 0.915175
0 0.273916 0.533375 0.0932287 0.123128 0.895864
0 0.517742 0.625153 0.390883 0.557297 0.893717
0 0.902577 0.649002 0.194533 0.392739 0.838691
0 0.0243955 0.795173 0.0490365 0.317287 0.809117
0 0.675627 0.486871 0.0327466 0.0669 0.70557
0 0.35486 0.461167 0.0348195 0.0287898 0.396647
0 0.251229 0.465598 0.0687864 0.0265732 0.317054
0 0.236651 0.46767 0.0412006 0.0244061 0.311216
0 0.263409 0.46571 0.0504561 0.0201965 0.30924
0 0.185868 0.465238 0.0649605 0.0264164 0.281568
0 0.224785 0.468258 0.0493271 0.0250537 0.273388
