0 0.201458 0.617022 0.0876361 0.10564 0.914662
0 0.287083 0.558425 0.0529225 0.072829 0.911267
0 0.558174 0.602337 0.0976913 0.13313 0.878822
0 0.386553 0.520048 0.0219323 0.028253 0.858681
0 0.48925 0.53391 0.0405527 0.0510403 0.844277
0 0.337169 0.532724 0.0274367 0.0326943 0.831848
0 0.315434 0.551069 0.0165292 0.0447927 0.759623
0 0.464532 0.510897 0.0279643 0.0427648 0.712503
0 0.531569 0.569114 0.0575175 0.0818373 0.691549
0 0.354343 0.530257 0.0109976 0.0202991 0.414469
0 0.513697 0.507887 0.0224796 0.041715 0.391498
