0 0.225834 0.671619 0.0756513 0.0928752 0.910858
0 0.848234 0.700666 0.303218 0.248506 0.893731
0 0.620699 0.708094 0.149633 0.176159 0.887477
0 0.0739532 0.655392 0.147805 0.284533 0.872854
0 0.284679 0.673461 0.0540718 0.0997589 0.86554
0 0.412234 0.683764 0.286581 0.24591 0.858463
0 0.187469 0.668011 0.0284628 0.0655624 0.827289
0 0.695185 0.700487 0.0532798 0.120239 0.574762
0 0.659859 0.635396 0.0443265 0.0298655 0.454216
0 0.550983 0.625729 0.0696583 0.117778 0.446216
0 0.139086 0.658432 0.0291709 0.0357966 0.350378
0 0.115369 0.649409 0.0448674 0.0699227 0.328866
0 0.694974 0.66582 0.0495659 0.0526332 0.298031
0 0.653821 0.639919 0.0637025 0.043689 0.288201
