0 0.462787 0.346793 0.0657854 0.137804 0.937174
0 0.413212 0.365903 0.0985174 0.236869 0.916532
0 0.660387 0.3396 0.0444899 0.0726493 0.907762
0 0.842338 0.273187 0.266936 0.407054 0.906216
0 0.596925 0.330706 0.0277699 0.0402268 0.899635
0 0.202096 0.331032 0.404192 0.662064 0.896487
0 0.698989 0.344246 0.0456565 0.148545 0.885071
0 0.904619 0.434769 0.189618 0.369268 0.871573
0 0.565575 0.32714 0.0332125 0.0321309 0.868265
0 0.492132 0.330268 0.0546216 0.118236 0.865253
0 0.632476 0.332599 0.0314771 0.0534624 0.851702
0 0.67282 0.353036 0.0290146 0.0698183 0.850336
0 0.536574 0.324041 0.0242249 0.0599781 0.755924
0 0.518511 0.324449 0.0257504 0.0921324 0.712893
0 0.615796 0.329732 0.016937 0.03723 0.670676
0 0.552749 0.325431 0.0143842 0.0271123 0.259524
0 0.549309 0.325266 0.012964 0.0322342 0.255002
0 0.548516 0.318737 0.013714 0.0271264 0.253197
