0 0.71167 0.61448 0.169756 0.179259 0.907151
0 0.0634269 0.586704 0.126618 0.267512 0.885128
0 0.167652 0.566342 0.103246 0.158914 0.882369
0 0.874108 0.708046 0.251592 0.295939 0.877934
0 0.282817 0.544585 0.0539931 0.0842185 0.877646
0 0.315959 0.539441 0.0406183 0.0652739 0.875587
0 0.32939 0.523075 0.0514695 0.0793491 0.868041
0 0.241672 0.55429 0.070866 0.108428 0.86753
0 0.414663 0.518478 0.014629 0.0247196 0.845698
0 0.442741 0.515968 0.0117996 0.01945 0.720432
0 0.513036 0.527336 0.0278495 0.0402042 0.711342
0 0.428658 0.514893 0.0120847 0.0185057 0.704646
0 0.46297 0.518453 0.0198163 0.0325767 0.600065
0 0.49703 0.5253 0.013192 0.0316142 0.573056
0 0.394693 0.523119 0.0298958 0.0341224 0.538925
0 0.424886 0.515788 0.0108921 0.0197611 0.51615
0 0.487395 0.522037 0.0133462 0.0254089 0.493933
0 0.478077 0.519838 0.0127648 0.0227181 0.48638
0 0.434101 0.514079 0.00885811 0.0166836 0.42869
0 0.48385 0.522508 0.0140362 0.024678 0.409
0 0.638916 0.542524 0.0489634 0.0473297 0.406865
0 0.449879 0.514512 0.00907717 0.0156104 0.40435
0 0.475276 0.518451 0.0104202 0.0193441 0.300894
0 0.408144 0.520221 0.0117935 0.0245894 0.289082
0 0.626316 0.542953 0.0330403 0.0374135 0.288889
0 0.493087 0.524463 0.0129273 0.0283869 0.283767
0 0.402979 0.521603 0.0176498 0.0302673 0.283249
0 0.466563 0.520998 0.01524 0.0270632 0.281492
0 0.587155 0.535571 0.0299459 0.0356739 0.280819
0 0.475929 0.523997 0.0109508 0.0205458 0.279588
0 0.432692 0.516811 0.00905905 0.0161482 0.268864
0 0.451935 0.513321 0.00912685 0.0175466 0.263714
0 0.421304 0.514769 0.0117124 0.0219818 0.261874
0 0.252117 0.554933 0.0473722 0.0954737 0.260513
0 0.225181 0.503731 0.045199 0.0241879 0.259024
0 0.472752 0.517386 0.010245 0.0178563 0.254828
