0 0.538053 0.798459 0.0536595 0.0643155 0.934337
0 0.420642 0.793495 0.0284982 0.0409604 0.916689
0 0.456952 0.795244 0.0594847 0.0784653 0.910884
0 0.366398 0.790304 0.0279175 0.0352554 0.877125
0 0.598327 0.78866 0.036201 0.0254734 0.573184
0 0.963313 0.811893 0.0733743 0.0487766 0.526026
0 0.482326 0.772031 0.0294429 0.039458 0.37664
0 0.0539378 0.785512 0.0137098 0.0188293 0.373151
0 0.119336 0.773004 0.0137769 0.0186562 0.320218
0 0.0566049 0.784837 0.0208338 0.0218704 0.292586
0 0.0687599 0.784649 0.0228685 0.0211505 0.290945
0 0.0229185 0.768263 0.045449 0.0821272 0.26611
0 0.0738705 0.784384 0.015808 0.018277 0.252082
