0 0.746882 0.385147 0.0364525 0.0591676 0.898134
0 0.770341 0.394506 0.0530095 0.0614814 0.851385
0 0.393042 0.501242 0.217238 0.335932 0.834384
0 0.713905 0.384367 0.0136351 0.0279217 0.798625
0 0.704919 0.381524 0.011479 0.0224007 0.690016
0 0.724044 0.385436 0.0142401 0.0348657 0.637457
0 0.727575 0.386524 0.0123264 0.0384956 0.328285
0 0.81908 0.377979 0.0214846 0.0293928 0.32714
0 0.948615 0.372188 0.0364628 0.0526415 0.308455
0 0.719901 0.386229 0.0124917 0.0330621 0.27484
0 0.833528 0.37795 0.0495699 0.0321943 0.263742
0 0.748918 0.392027 0.0212547 0.0529119 0.257661
