0 0.829083 0.534308 0.231821 0.206456 0.927294
0 0.326533 0.422743 0.0665002 0.101163 0.919972
0 0.631066 0.449502 0.0945415 0.130941 0.896464
0 0.41269 0.426075 0.0328626 0.0421538 0.883195
0 0.527986 0.430627 0.0440307 0.0630741 0.866241
0 0.505829 0.418135 0.0147789 0.0343743 0.794285
0 0.427733 0.421036 0.0208116 0.0388199 0.717807
0 0.150614 0.386073 0.0357588 0.0288891 0.704026
0 0.719208 0.444465 0.0334037 0.0648295 0.691631
0 0.440607 0.409557 0.0156894 0.0219944 0.685155
0 0.375531 0.4144 0.0436321 0.0347341 0.620161
0 0.457298 0.406451 0.00894747 0.0147369 0.573298
0 0.498622 0.414078 0.0110249 0.0247526 0.561948
0 0.483491 0.407555 0.00976505 0.014192 0.52364
0 0.495756 0.40937 0.00908022 0.0186769 0.513222
0 0.0487055 0.388659 0.027967 0.0306312 0.482174
0 0.46628 0.406761 0.00904894 0.0130286 0.443521
0 0.449381 0.408235 0.0106033 0.0180957 0.434585
0 0.501593 0.417826 0.0120139 0.0291911 0.39355
0 0.459311 0.407402 0.00832071 0.0141032 0.384778
0 0.494217 0.408496 0.00824823 0.014653 0.355477
0 0.453106 0.407681 0.00939798 0.0160226 0.351657
0 0.0880054 0.382199 0.0176746 0.019753 0.339306
0 0.0240385 0.361889 0.0192211 0.0327596 0.337946
0 0.456205 0.408907 0.0101242 0.0166838 0.336626
0 0.461132 0.405341 0.00897856 0.0141697 0.314463
0 0.0651746 0.38102 0.0132856 0.0194526 0.312418
0 0.493875 0.413288 0.0119954 0.0219908 0.280223
0 0.446887 0.411781 0.011544 0.01934 0.278485
0 0.444608 0.409995 0.0129718 0.0210831 0.274436
0 0.471758 0.406422 0.00725632 0.0120507 0.26489
0 0.207775 0.380172 0.0221136 0.0174383 0.260503
0 0.435097 0.409881 0.0150833 0.0190901 0.254306
0 0.0245874 0.369751 0.0218075 0.0218547 0.253962
