0 0.300442 0.416551 0.0726975 0.0903954 0.924561
0 0.262719 0.43591 0.0879824 0.102505 0.92419
0 0.354869 0.406562 0.0402241 0.0633814 0.916063
0 0.466968 0.4261 0.0739405 0.105882 0.915927
0 0.376384 0.40205 0.0248364 0.0500565 0.846787
0 0.415912 0.395548 0.0176886 0.0262977 0.831587
0 0.925305 0.412329 0.105035 0.1463 0.818287
0 0.334711 0.412753 0.0340328 0.0705946 0.7947
0 0.398352 0.398277 0.0236493 0.0394163 0.760067
0 0.42963 0.393419 0.0117322 0.019791 0.660972
0 0.388248 0.400484 0.0190907 0.043837 0.602203
0 0.459964 0.373466 0.0321034 0.02685 0.575601
0 0.439524 0.389785 0.0142801 0.0207416 0.525143
0 0.426802 0.394259 0.0112515 0.0211075 0.414809
0 0.404068 0.398103 0.0149313 0.0325004 0.410918
0 0.435111 0.392497 0.0109503 0.0195743 0.36022
0 0.424602 0.396043 0.0104939 0.0205873 0.355992
0 0.409445 0.396918 0.0143105 0.0259482 0.35328
0 0.461507 0.367986 0.0271115 0.0171463 0.343644
0 0.439139 0.3945 0.0112981 0.0211984 0.317256
0 0.421731 0.394579 0.0147302 0.02344 0.307412
0 0.459724 0.380042 0.0371432 0.0409975 0.271932
0 0.456813 0.373691 0.0239047 0.0198432 0.271086
