0 0.638377 0.596653 0.0718192 0.0987471 0.9119
0 0.351988 0.66245 0.105027 0.170983 0.910487
0 0.122047 0.745343 0.243528 0.274111 0.885194
0 0.512478 0.570276 0.0383122 0.0864421 0.87019
0 0.585194 0.592358 0.0432208 0.0665968 0.856308
0 0.278609 0.643352 0.0954655 0.151593 0.826251
0 0.468699 0.608723 0.050125 0.0787162 0.817178
0 0.429602 0.601451 0.0249113 0.0456265 0.805023
0 0.399556 0.596144 0.043627 0.0909429 0.787503
0 0.561935 0.578539 0.0350318 0.0600047 0.785833
0 0.538941 0.57944 0.0180423 0.0469013 0.649215
0 0.565613 0.586075 0.0206703 0.0524536 0.58484
0 0.474912 0.568159 0.0310392 0.0501716 0.471611
0 0.437642 0.599277 0.0184801 0.0400116 0.424488
0 0.450426 0.588655 0.0176456 0.0359863 0.40997
0 0.332733 0.562436 0.0719381 0.0503862 0.319672
0 0.349422 0.578548 0.0270399 0.0167096 0.299387
0 0.429076 0.577726 0.0286924 0.0575451 0.28071
0 0.453093 0.583354 0.0160233 0.0244139 0.265161
0 0.442544 0.597725 0.0118404 0.0374259 0.262654
