0 0.471234 0.623386 0.0829133 0.130427 0.903954
0 0.561199 0.613144 0.0281762 0.0480694 0.89529
0 0.134204 0.607572 0.0357488 0.040976 0.884726
0 0.0884451 0.613261 0.0704763 0.0609723 0.87801
0 0.584904 0.617026 0.045839 0.0574009 0.849541
0 0.0435949 0.608184 0.051975 0.0612052 0.84461
0 0.553695 0.604849 0.0346719 0.0545603 0.83678
0 0.42966 0.602966 0.0220321 0.0423208 0.832647
0 0.529734 0.602116 0.0221324 0.035517 0.77329
0 0.164721 0.604547 0.0330667 0.0324002 0.684537
0 0.0115537 0.62113 0.0229461 0.105605 0.65727
0 0.31014 0.593647 0.0223309 0.0295732 0.653383
0 0.233016 0.596418 0.0259866 0.026845 0.548297
0 0.338492 0.594059 0.0227594 0.0285863 0.53973
0 0.194303 0.597525 0.0244251 0.0304016 0.524445
0 0.214637 0.602506 0.0302327 0.0335943 0.521802
0 0.410551 0.595854 0.0155407 0.018246 0.435275
0 0.239538 0.599189 0.035669 0.032744 0.430455
0 0.169764 0.616399 0.0415036 0.0477464 0.411923
0 0.247521 0.5952 0.0261406 0.0252029 0.399594
0 0.369606 0.593334 0.0299218 0.02379 0.399317
0 0.390826 0.592796 0.0206357 0.0189711 0.390042
0 0.509012 0.594311 0.0155487 0.0318061 0.312136
0 0.237957 0.60589 0.0431736 0.0456309 0.291654
0 0.189424 0.608531 0.0320317 0.0441091 0.289445
0 0.250803 0.593583 0.0179158 0.020999 0.271155
0 0.36755 0.590467 0.0209004 0.0191237 0.264323
0 0.200973 0.6019 0.0170176 0.0260317 0.256218
