0 0.22977 0.462384 0.0995457 0.154826 0.906016
0 0.312095 0.465341 0.0718149 0.0861633 0.90592
0 0.929135 0.376902 0.141202 0.446154 0.792334
0 0.182327 0.442069 0.0160678 0.0515308 0.545085
0 0.0598618 0.355658 0.119381 0.164811 0.509175
0 0.0658828 0.275321 0.128087 0.328596 0.422357
0 0.104451 0.41218 0.0491723 0.0516427 0.396163
0 0.17513 0.43659 0.0157024 0.0363293 0.380489
0 0.119324 0.424464 0.0200373 0.0291779 0.338083
0 0.278165 0.437339 0.0177874 0.0389891 0.301822
0 0.0936109 0.408434 0.0592537 0.0534651 0.29972
