0 0.802463 0.661324 0.0593291 0.0758528 0.923063
0 0.843013 0.681135 0.0923624 0.088946 0.910314
0 0.767314 0.652825 0.047848 0.0680934 0.892997
0 0.695121 0.636801 0.02862 0.036814 0.854391
0 0.144611 0.634874 0.0698649 0.05339 0.8437
0 0.740927 0.652206 0.0238308 0.0520209 0.838385
0 0.0642702 0.64502 0.0912423 0.0700651 0.825101
0 0.688016 0.630623 0.0239376 0.0348073 0.811151
0 0.638478 0.620012 0.0147221 0.024735 0.801897
0 0.659719 0.62296 0.0127295 0.0229731 0.795463
0 0.670323 0.62609 0.0174466 0.0271398 0.781703
0 0.517897 0.618553 0.0376414 0.0275577 0.52953
0 0.429565 0.62724 0.029242 0.0407655 0.428947
0 0.650214 0.616376 0.0102775 0.0180191 0.394735
0 0.653781 0.618517 0.0113984 0.0194965 0.385775
0 0.656517 0.618368 0.0110168 0.0221737 0.304386
0 0.296519 0.656844 0.0248456 0.0351634 0.30255
0 0.881766 0.641427 0.0378839 0.0387711 0.299864
0 0.662107 0.620861 0.0123793 0.0246733 0.292424
0 0.66159 0.615952 0.0102292 0.0184687 0.274038
0 0.727365 0.637895 0.0196294 0.0358905 0.258191
0 0.324187 0.634811 0.0335529 0.0384203 0.254221
0 0.731288 0.641563 0.0197023 0.0371016 0.250865
0 0.523144 0.613713 0.0248497 0.0236418 0.250263
