0 0.620127 0.503712 0.0585586 0.102647 0.945855
0 0.769014 0.506522 0.21525 0.274691 0.94141
0 0.523775 0.501483 0.0676663 0.107652 0.920154
0 0.464846 0.489796 0.0403596 0.0581216 0.917114
0 0.290351 0.486112 0.170639 0.177485 0.913262
0 0.652063 0.510512 0.0573531 0.131626 0.906554
0 0.573535 0.498571 0.0212598 0.0446081 0.89898
0 0.378676 0.483454 0.121857 0.168228 0.897447
0 0.591659 0.49767 0.0313665 0.0691591 0.885833
0 0.147799 0.576276 0.295599 0.345042 0.874335
0 0.839495 0.590429 0.0872614 0.26953 0.819106
0 0.563998 0.491296 0.0197784 0.0365448 0.810917
0 0.485364 0.489409 0.0161603 0.0403727 0.694287
0 0.490851 0.48818 0.0117273 0.0326816 0.333015
0 0.493104 0.486931 0.0103497 0.0290921 0.321795
0 0.557187 0.482103 0.00964861 0.0212421 0.258865
