0 0.227336 0.204953 0.0416 0.0519119 0.906721
0 0.290107 0.208821 0.0204215 0.0277328 0.869366
0 0.486077 0.232633 0.0179719 0.0377635 0.837246
0 0.408719 0.292649 0.103925 0.14712 0.834071
0 0.323206 0.204613 0.0399072 0.0656041 0.828057
0 0.526187 0.255685 0.0882644 0.121957 0.816589
0 0.474949 0.228696 0.0177043 0.030835 0.813419
0 0.45379 0.230261 0.0253989 0.0392827 0.780692
0 0.699794 0.286124 0.124912 0.133992 0.697164
0 0.352541 0.210969 0.0181397 0.025411 0.672105
0 0.0886929 0.214384 0.0402899 0.0362543 0.584255
0 0.430654 0.206022 0.0225389 0.032116 0.526025
0 0.393073 0.169785 0.0568553 0.128799 0.445046
0 0.464732 0.221061 0.0127854 0.0252348 0.390148
0 0.462636 0.224823 0.0155742 0.0304069 0.34131
0 0.300554 0.210772 0.0089088 0.0190119 0.306173
0 0.629702 0.269902 0.071564 0.111113 0.295757
