0 0.518271 0.410444 0.0505118 0.076767 0.883372
0 0.436962 0.415347 0.0285665 0.0666757 0.880515
0 0.549775 0.407055 0.0261428 0.046263 0.872361
0 0.718113 0.430919 0.247066 0.318863 0.867675
0 0.452027 0.41372 0.0186741 0.0426483 0.856532
0 0.473186 0.403911 0.0167236 0.0262619 0.852822
0 0.283795 0.459366 0.177125 0.245594 0.845515
0 0.131448 0.564051 0.262497 0.34926 0.835217
0 0.397269 0.42777 0.0783505 0.0965827 0.774821
0 0.570351 0.398458 0.0199085 0.0260095 0.655617
0 0.461318 0.408466 0.0170758 0.0341022 0.557128
0 0.559409 0.387167 0.0179229 0.0226454 0.515899
0 0.486431 0.391265 0.0140205 0.0255241 0.40924
0 0.536444 0.373329 0.0190553 0.0219835 0.350666
0 0.479477 0.399665 0.0121892 0.0217616 0.338862
0 0.47699 0.402145 0.0133333 0.0237264 0.328557
0 0.428888 0.419716 0.0267541 0.0694784 0.324345
0 0.490386 0.39308 0.0127199 0.0235438 0.321482
0 0.492079 0.386432 0.0145514 0.029531 0.315633
0 0.469683 0.405978 0.0132957 0.02825 0.292218
0 0.466566 0.405922 0.0128325 0.0267983 0.275692
0 0.48918 0.397261 0.0107215 0.0174908 0.271265
0 0.483505 0.395129 0.0124445 0.0229677 0.269568
0 0.532284 0.374692 0.0180294 0.023155 0.260085
0 0.853658 0.327738 0.0405273 0.0270906 0.253563
