0 0.149985 0.432975 0.111082 0.1242 0.929772
0 0.327403 0.410976 0.0398944 0.0542703 0.892951
0 0.342152 0.393072 0.0267899 0.0470228 0.862005
0 0.364152 0.386568 0.0111185 0.0204017 0.792851
0 0.220708 0.389432 0.0310268 0.0281733 0.762594
0 0.0187505 0.381434 0.0375011 0.102757 0.732887
0 0.259229 0.388302 0.0158564 0.0191388 0.706953
0 0.24116 0.389171 0.0172978 0.0191128 0.700072
0 0.296469 0.379299 0.0158032 0.026709 0.682485
0 0.282788 0.388102 0.0124253 0.0159256 0.631118
0 0.195265 0.394036 0.0210383 0.0221281 0.601946
0 0.382327 0.384622 0.0115869 0.0187627 0.534606
0 0.356909 0.388671 0.00961637 0.0248715 0.422878
0 0.248796 0.389004 0.0128988 0.0177231 0.394996
0 0.253122 0.32355 0.0269255 0.0174528 0.391194
0 0.37529 0.381452 0.00882873 0.0174021 0.368701
0 0.377654 0.385187 0.00873842 0.0153553 0.357691
0 0.321165 0.359236 0.0210176 0.0307217 0.353474
0 0.319142 0.384605 0.0196214 0.018945 0.328812
0 0.372387 0.383174 0.00932064 0.0182766 0.325227
0 0.0857838 0.370453 0.0668462 0.0753018 0.318145
0 0.274231 0.389381 0.0155663 0.0156491 0.305156
0 0.3682 0.38471 0.00958409 0.0172674 0.293192
0 0.346649 0.390448 0.0204484 0.0370716 0.27764
0 0.254441 0.330005 0.0270728 0.0209354 0.259323
0 0.351814 0.389283 0.0139686 0.0353482 0.258423
0 0.375383 0.38522 0.00800614 0.0141001 0.256969
0 0.379523 0.382446 0.0102146 0.0169681 0.255506
