0 0.117586 0.619412 0.0871188 0.0897554 0.924907
0 0.0495528 0.608651 0.0386638 0.0645445 0.856301
0 0.0186551 0.593683 0.0373101 0.0594313 0.827691
0 0.0722996 0.61295 0.0433936 0.0755747 0.822747
0 0.0320929 0.605473 0.0283886 0.0520577 0.747634
0 0.0225737 0.60262 0.0314962 0.0511234 0.585878
0 0.878185 0.51676 0.0440012 0.0661253 0.51626
0 0.818468 0.557825 0.0955569 0.0801807 0.374358
0 0.196537 0.59887 0.0297126 0.0280055 0.370191
0 0.82824 0.492007 0.038319 0.0420953 0.340108
0 0.00355375 0.589782 0.00710751 0.0392931 0.337819
0 0.0830285 0.573575 0.0256979 0.0197988 0.317232
0 0.792307 0.519244 0.0442795 0.041409 0.314607
0 0.00257907 0.595655 0.00515813 0.0439253 0.3032
0 0.787416 0.512883 0.043603 0.0355162 0.281907
0 0.00864062 0.597243 0.0164191 0.0465563 0.276498
0 0.00334685 0.58284 0.0066937 0.0278412 0.268928
0 0.760366 0.52296 0.0341891 0.0354853 0.265845
0 0.831215 0.509913 0.0410341 0.0278666 0.259519
0 0.795447 0.491233 0.0420877 0.042727 0.256562
0 0.763204 0.512271 0.030672 0.027595 0.254253
