0 0.649951 0.504947 0.0581285 0.0944767 0.935811
0 0.375678 0.495076 0.0290496 0.0340015 0.91227
0 0.300935 0.504229 0.04023 0.0408871 0.900662
0 0.326081 0.50035 0.0251754 0.0350008 0.883636
0 0.715825 0.522919 0.130648 0.137892 0.875959
0 0.520532 0.485832 0.0321 0.0474698 0.870427
0 0.915543 0.610678 0.168832 0.326543 0.869077
0 0.559736 0.490362 0.0303035 0.0383631 0.833197
0 0.342438 0.49976 0.0181864 0.0301103 0.789678
0 0.0224764 0.518984 0.044618 0.0614597 0.698412
0 0.35614 0.497206 0.016136 0.0254303 0.67414
0 0.488491 0.487676 0.0108866 0.0140391 0.674054
0 0.426237 0.490272 0.017473 0.0205863 0.670496
0 0.440152 0.488997 0.0121189 0.0176329 0.652375
0 0.541255 0.489231 0.0122608 0.0257046 0.599775
0 0.393223 0.489149 0.0154832 0.0240406 0.590245
0 0.45192 0.48857 0.011897 0.0162638 0.574038
0 0.478047 0.48757 0.00931931 0.0116538 0.470189
0 0.499532 0.486173 0.0112694 0.0163822 0.464808
0 0.493122 0.48754 0.0110212 0.0153198 0.451539
0 0.406467 0.48867 0.0146145 0.0210142 0.419144
0 0.466782 0.487034 0.00978279 0.0129072 0.39362
0 0.449804 0.490449 0.0110835 0.0157679 0.389591
0 0.00749419 0.551538 0.0149884 0.084914 0.387447
0 0.538438 0.487658 0.010284 0.0231706 0.378947
0 0.461332 0.486878 0.0103711 0.0144601 0.369014
0 0.586661 0.472413 0.0294932 0.0329046 0.354149
0 0.42302 0.491724 0.014381 0.0182814 0.351466
0 0.455545 0.488215 0.0105931 0.0151593 0.333064
0 0.432586 0.490023 0.0108138 0.0166061 0.315681
0 0.5455 0.489564 0.0116586 0.0258526 0.315326
0 0.43672 0.489308 0.0119401 0.0177823 0.314131
0 0.447463 0.488897 0.0115204 0.0164954 0.307011
0 0.962596 0.410762 0.0746506 0.110294 0.30587
0 0.474852 0.488562 0.0104267 0.0131314 0.284784
0 0.594655 0.47308 0.0466608 0.0367403 0.260947
0 0.496472 0.487265 0.00996456 0.0142266 0.254479
