0 0.0404742 0.572601 0.0798031 0.153795 0.897354
0 0.441258 0.552901 0.0473447 0.0613803 0.896442
0 0.10926 0.542679 0.0713068 0.0639287 0.851029
0 0.370638 0.545627 0.0469585 0.0656782 0.828409
0 0.329944 0.535812 0.0228981 0.0328434 0.795713
0 0.341672 0.531621 0.015082 0.029677 0.759886
0 0.0815181 0.531935 0.044852 0.0673206 0.559844
0 0.416535 0.504156 0.0442642 0.0921132 0.542627
0 0.0309999 0.504073 0.0613664 0.066807 0.536443
0 0.188767 0.534176 0.020415 0.0341654 0.45078
0 0.29787 0.530676 0.013147 0.0190854 0.445149
0 0.317188 0.52568 0.0136756 0.0232225 0.445011
0 0.286277 0.532004 0.0131413 0.0198763 0.400222
0 0.00906873 0.695036 0.0181375 0.234391 0.388833
0 0.209229 0.532018 0.0518412 0.0428745 0.366145
0 0.274076 0.535907 0.0160054 0.0226442 0.330622
0 0.351402 0.52392 0.0122337 0.0216978 0.322781
0 0.349022 0.527434 0.00995603 0.0231683 0.320861
0 0.378268 0.521343 0.0233733 0.0317881 0.314089
0 0.393296 0.517817 0.0137914 0.0448191 0.297768
0 0.219828 0.531906 0.0316271 0.0363797 0.295431
0 0.378705 0.515218 0.0213089 0.022604 0.282579
0 0.302089 0.530163 0.0116019 0.0171914 0.273854
