0 0.572899 0.397972 0.0670273 0.117991 0.920232
0 0.912913 0.376605 0.0886755 0.162751 0.917739
0 0.482203 0.415 0.148449 0.1759 0.915223
0 0.868352 0.34627 0.0545296 0.0813996 0.907717
0 0.956998 0.405783 0.086005 0.255923 0.901618
0 0.285215 0.489003 0.306535 0.266063 0.89017
0 0.783523 0.344287 0.0724447 0.113926 0.884798
0 0.664012 0.363478 0.0573786 0.0752455 0.876005
0 0.844814 0.336175 0.0238943 0.0582245 0.815648
0 0.739024 0.336604 0.0234845 0.0420975 0.80466
0 0.68708 0.348566 0.0575183 0.0671036 0.794755
0 0.836705 0.323718 0.0260082 0.0477666 0.759378
0 0.818128 0.332348 0.0183784 0.0570418 0.718549
0 0.747492 0.343092 0.0154404 0.0439914 0.615324
0 0.699532 0.349089 0.0307146 0.0569921 0.450551
0 0.706167 0.34964 0.0216243 0.0523085 0.380118
0 0.727789 0.330908 0.0229239 0.038925 0.379575
0 0.733813 0.331331 0.030945 0.0444746 0.340669
