0 0.966576 0.575824 0.0665222 0.0708127 0.915756
0 0.713805 0.553262 0.030227 0.0433684 0.894293
0 0.902612 0.563964 0.0429317 0.0453191 0.879648
0 0.810799 0.558081 0.0454107 0.0502823 0.87492
0 0.857736 0.55865 0.0446072 0.0525976 0.858988
0 0.680201 0.544282 0.0404072 0.0324188 0.829301
0 0.45873 0.543293 0.0122228 0.0191399 0.720295
0 0.756186 0.558061 0.030395 0.0412187 0.678232
0 0.447922 0.537653 0.0117882 0.0180344 0.577421
0 0.596591 0.538078 0.0199183 0.0227915 0.449748
0 0.882812 0.557264 0.0196228 0.0373793 0.389133
0 0.927899 0.557004 0.0263548 0.0298247 0.386109
0 0.586165 0.536576 0.0182164 0.0238731 0.383687
0 0.498638 0.546201 0.0230616 0.0257706 0.367123
0 0.490488 0.535682 0.0152492 0.0155156 0.338216
0 0.590478 0.536836 0.0266951 0.028314 0.292922
0 0.599388 0.53847 0.0139154 0.0184177 0.277024
0 0.633213 0.541127 0.0459519 0.0346258 0.27382
0 0.787211 0.551813 0.0202871 0.0334134 0.269851
0 0.883206 0.550728 0.0162481 0.0254406 0.26784
