0 0.538088 0.577573 0.0574762 0.120099 0.870645
0 0.42663 0.586308 0.0170325 0.023593 0.821454
0 0.395993 0.587653 0.0174908 0.0253955 0.79123
0 0.907642 0.827054 0.184715 0.345893 0.783073
0 0.472446 0.586119 0.0180785 0.0263514 0.749209
0 0.353495 0.592564 0.0138191 0.024823 0.71688
0 0.499736 0.590187 0.0162168 0.0284053 0.713096
0 0.343747 0.594642 0.0188652 0.0265828 0.710908
0 0.364384 0.590256 0.0159773 0.0251305 0.693821
0 0.379079 0.579037 0.0236014 0.0394462 0.68759
0 0.506195 0.595003 0.0131011 0.030975 0.68499
0 0.950445 0.613844 0.0981691 0.126731 0.631116
0 0.488235 0.589763 0.0108765 0.0226646 0.39422
0 0.412091 0.588523 0.0121202 0.0169461 0.386569
0 0.327695 0.597563 0.0181581 0.0264191 0.381406
0 0.0206096 0.61243 0.0411473 0.135775 0.368436
0 0.378377 0.584902 0.0189946 0.0282186 0.344826
0 0.359679 0.591519 0.0139391 0.0241109 0.327476
0 0.157739 0.601155 0.0771592 0.0459927 0.324411
0 0.175941 0.595857 0.0431851 0.03694 0.322202
0 0.49037 0.586435 0.0105967 0.0206302 0.312041
0 0.486245 0.58791 0.00906963 0.0193841 0.299136
0 0.434434 0.585655 0.0106193 0.0181895 0.293916
0 0.322881 0.597351 0.0218756 0.0272022 0.289708
0 0.135895 0.602943 0.0505102 0.0428818 0.2668
0 0.373523 0.585054 0.0159808 0.0286001 0.263497
0 0.123922 0.605572 0.0565118 0.0460085 0.263427
0 0.448548 0.586435 0.0161774 0.0206938 0.257054
0 0.495861 0.589159 0.0134645 0.0233643 0.252172
0 0.4817 0.587417 0.0122904 0.0209127 0.250699
