0 0.609682 0.427279 0.0233623 0.0452699 0.934171
0 0.582395 0.429893 0.0418213 0.0756249 0.930569
0 0.751996 0.457983 0.0835357 0.125254 0.928687
0 0.686034 0.436156 0.0276923 0.0424396 0.927533
0 0.786565 0.485611 0.0683945 0.131046 0.926784
0 0.537722 0.457295 0.0878894 0.127712 0.926378
0 0.461397 0.421429 0.050693 0.0874927 0.902443
0 0.394426 0.438796 0.0521999 0.0576189 0.896899
0 0.894719 0.499461 0.209794 0.246801 0.895212
0 0.173033 0.440025 0.0530175 0.0564545 0.87861
0 0.348402 0.439927 0.0468993 0.0537635 0.868616
0 0.646442 0.447993 0.0464007 0.0675274 0.863306
0 0.705114 0.445671 0.0308091 0.0451352 0.808566
0 0.0657082 0.503884 0.131416 0.230363 0.766207
0 0.675032 0.426543 0.0212649 0.0404231 0.704705
0 0.427363 0.436707 0.0224436 0.0270026 0.694947
0 0.324478 0.437926 0.020637 0.0330821 0.685095
0 0.309629 0.432882 0.0158528 0.0265332 0.514666
0 0.635725 0.417866 0.0228134 0.0298781 0.402389
0 0.644366 0.438143 0.0381262 0.0517414 0.31133
0 0.126937 0.443611 0.0255532 0.0356489 0.305246
0 0.623059 0.417348 0.00998507 0.0195491 0.301735
0 0.637541 0.413 0.0186576 0.0201867 0.297578
0 0.629078 0.416048 0.0126214 0.0208442 0.296798
0 0.63872 0.410766 0.0151996 0.014551 0.296056
0 0.624221 0.422167 0.0105392 0.0223952 0.276956
0 0.495418 0.428978 0.0126453 0.0265425 0.273312
0 0.626819 0.427183 0.0119829 0.0254305 0.269606
0 0.134044 0.440462 0.034002 0.0421504 0.264701
0 0.128874 0.434623 0.0457854 0.0513223 0.25733
0 0.11977 0.440441 0.035418 0.0483863 0.257064
0 0.619973 0.418797 0.00989513 0.0229345 0.255311
0 0.28471 0.418005 0.0211229 0.0374819 0.255162
