0 0.135495 0.445835 0.125647 0.114947 0.900822
0 0.790992 0.458697 0.418016 0.376558 0.899444
0 0.335448 0.413415 0.0642732 0.0979999 0.896806
0 0.424464 0.451687 0.111666 0.159201 0.892639
0 0.289864 0.398616 0.0443418 0.0784329 0.847206
0 0.0698804 0.412042 0.0721935 0.0658778 0.839231
0 0.476028 0.387035 0.0315728 0.060132 0.809112
0 0.389524 0.37993 0.033387 0.0600372 0.721384
0 0.0288318 0.410975 0.0452083 0.0646868 0.65209
0 0.368692 0.402126 0.0163433 0.040478 0.497813
0 0.432528 0.364815 0.0264673 0.0258648 0.469194
0 0.0433577 0.378588 0.0423731 0.0239404 0.265272
