0 0.565133 0.458854 0.0560324 0.108307 0.939483
0 0.647266 0.451228 0.139494 0.214005 0.907939
0 0.552643 0.43912 0.0691137 0.109277 0.888121
0 0.804633 0.496277 0.304593 0.348366 0.874509
0 0.226923 0.337819 0.0548743 0.043122 0.862647
0 0.362461 0.331447 0.0210848 0.0311249 0.855281
0 0.47675 0.396095 0.0570379 0.103116 0.816168
0 0.926205 0.5519 0.147439 0.431482 0.809301
0 0.339834 0.33164 0.021057 0.0218571 0.809052
0 0.308252 0.331694 0.0197187 0.0229329 0.633756
0 0.448002 0.400355 0.00891848 0.0361896 0.533416
0 0.376272 0.331133 0.0116255 0.0239883 0.503037
0 0.52261 0.440569 0.0186156 0.0736009 0.451588
0 0.335682 0.332521 0.0151414 0.0193854 0.300165
0 0.287335 0.345226 0.0225917 0.0262858 0.27751
0 0.445207 0.390549 0.011278 0.0285521 0.270875
0 0.445626 0.394475 0.00869427 0.0246184 0.264995
