0 0.187626 0.680807 0.151664 0.168563 0.926719
0 0.540652 0.644365 0.0560179 0.0823064 0.922256
0 0.502493 0.637722 0.041952 0.0603704 0.902947
0 0.360485 0.689914 0.211185 0.234201 0.900705
0 0.955367 0.649964 0.081094 0.0802667 0.89687
0 0.45748 0.637467 0.0412656 0.075946 0.894623
0 0.730277 0.67432 0.362678 0.343229 0.876395
0 0.269834 0.640469 0.0567014 0.0864855 0.790501
0 0.849566 0.635576 0.141708 0.169855 0.742607
0 0.0360554 0.655182 0.0721108 0.261676 0.717302
0 0.91934 0.596626 0.0303848 0.0478965 0.454375
0 0.239416 0.60877 0.0215935 0.0249313 0.43001
0 0.111516 0.637799 0.0389016 0.0395448 0.396748
0 0.994085 0.650044 0.0115017 0.088475 0.384403
0 0.919081 0.622131 0.0211769 0.0451279 0.370052
0 0.474573 0.60871 0.0414015 0.0806334 0.288532
0 0.995745 0.641786 0.00850945 0.0643122 0.264566
