0 0.461738 0.411525 0.0523462 0.0717287 0.903215
0 0.281336 0.500222 0.261577 0.285671 0.901919
0 0.535147 0.403126 0.0409505 0.0573079 0.861086
0 0.976086 0.38219 0.0478289 0.134799 0.841629
0 0.474099 0.377128 0.0509898 0.0887517 0.709133
0 0.016086 0.391861 0.0321518 0.027381 0.615674
0 0.0559898 0.387945 0.03522 0.0218787 0.609646
0 0.142727 0.386933 0.0277817 0.0186228 0.578872
0 0.586596 0.390714 0.0278918 0.0250939 0.555543
0 0.561231 0.390222 0.0185187 0.0235375 0.537333
0 0.650677 0.387247 0.0260715 0.0344752 0.516881
0 0.628142 0.389672 0.0310948 0.0296277 0.486581
0 0.11467 0.3871 0.0206451 0.0172636 0.443482
0 0.183995 0.390788 0.0284012 0.0196905 0.431549
0 0.593652 0.389008 0.0240635 0.0245616 0.431528
0 0.531183 0.388889 0.0339226 0.0471264 0.4035
0 0.120893 0.387614 0.0208656 0.0176797 0.38757
0 0.0929146 0.391131 0.018932 0.0163901 0.38397
0 0.600069 0.388327 0.0255041 0.0258972 0.376879
0 0.172407 0.38698 0.0175502 0.0154665 0.350702
0 0.00954688 0.391759 0.0190938 0.0261044 0.348374
0 0.178882 0.388032 0.0269746 0.0181115 0.306103
0 0.196314 0.38507 0.0166719 0.0235445 0.299135
0 0.576825 0.391792 0.0152595 0.0225783 0.289886
0 0.00471416 0.392148 0.00942831 0.0272007 0.284839
0 0.0596206 0.386314 0.0260977 0.016175 0.282992
0 0.50679 0.393518 0.0123579 0.0180355 0.282161
0 0.109405 0.387781 0.0156188 0.0162477 0.28188
0 0.599143 0.389887 0.0173916 0.0213038 0.273015
0 0.582172 0.392562 0.0197468 0.0222346 0.268255
0 0.104627 0.389673 0.0220695 0.0180864 0.266467
0 0.153866 0.383221 0.014929 0.017092 0.257983
0 0.499151 0.395087 0.00957012 0.0192167 0.256569
0 0.566623 0.391391 0.0137694 0.0205805 0.253776
0 0.12409 0.386373 0.0150653 0.0146272 0.251111
0 0.595858 0.387827 0.0172121 0.0199109 0.250226
