0 0.731996 0.594841 0.136639 0.119562 0.903821
0 0.514454 0.597413 0.120453 0.133885 0.902831
0 0.62207 0.589258 0.130155 0.139952 0.881481
0 0.0799461 0.557992 0.0875453 0.0924364 0.862051
0 0.24041 0.739091 0.48082 0.518149 0.849093
0 0.042283 0.607155 0.0839206 0.149458 0.792136
0 0.899598 0.679516 0.200804 0.321601 0.783907
0 0.423133 0.594914 0.0780189 0.134492 0.759828
0 0.921894 0.784651 0.155972 0.425587 0.6791
0 0.815786 0.56059 0.113398 0.0939826 0.672495
0 0.447913 0.561233 0.0352916 0.0486928 0.590607
0 0.662553 0.53716 0.0542319 0.0456028 0.50249
0 0.0203468 0.531773 0.0289061 0.0209664 0.457055
0 0.0469489 0.523905 0.0395895 0.0346012 0.432323
0 0.0989249 0.584205 0.0489057 0.0835354 0.369378
0 0.131494 0.522469 0.0223366 0.0313744 0.351222
0 0.860848 0.676814 0.123473 0.303226 0.345144
0 0.927956 0.692281 0.144088 0.261556 0.305421
0 0.874414 0.527101 0.0212591 0.0235879 0.281157
0 0.896123 0.523947 0.0183495 0.0202438 0.279021
