0 0.658547 0.59346 0.15832 0.176639 0.923823
0 0.746771 0.581964 0.100043 0.149685 0.89666
0 0.424043 0.543663 0.0537145 0.0426383 0.814057
0 0.463841 0.540854 0.0280042 0.0340927 0.80358
0 0.572244 0.553181 0.0297301 0.0437097 0.754321
0 0.515743 0.54831 0.03319 0.0271276 0.718813
0 0.542095 0.550137 0.0295371 0.0279341 0.648114
0 0.47461 0.539723 0.0191686 0.0317729 0.529706
0 0.443522 0.542661 0.0283876 0.0368847 0.51126
0 0.497652 0.5454 0.0198751 0.0249488 0.38829
0 0.596176 0.539994 0.0251553 0.0429933 0.336482
0 0.553838 0.552438 0.0127923 0.0250139 0.298027
0 0.53541 0.550221 0.0211289 0.0251938 0.277428
0 0.529577 0.550829 0.0177753 0.026327 0.269654
0 0.541673 0.550663 0.0192461 0.0252187 0.266425
0 0.50926 0.546867 0.0266121 0.0275542 0.261355
