0 0.844271 0.586836 0.311321 0.298338 0.705542
0 0.757709 0.545976 0.250825 0.22261 0.634858
0 0.0694489 0.488053 0.138898 0.198006 0.505434
0 0.682805 0.525534 0.14657 0.160638 0.50472
0 0.192168 0.46104 0.0916488 0.105694 0.492693
0 0.50057 0.482693 0.103303 0.0943054 0.476963
0 0.566921 0.502885 0.144785 0.124482 0.474909
0 0.0928636 0.455384 0.184803 0.197736 0.446735
0 0.614154 0.522435 0.130428 0.147467 0.431932
0 0.269336 0.456826 0.0687914 0.0752241 0.418354
0 0.0380321 0.489358 0.0760641 0.193053 0.378933
0 0.0993842 0.488444 0.0823014 0.152599 0.346569
0 0.539611 0.493185 0.112273 0.105799 0.345766
0 0.42309 0.460506 0.0385341 0.0502284 0.330335
0 0.440956 0.447744 0.0689575 0.0823229 0.327604
0 0.473385 0.45534 0.0743752 0.0860382 0.316056
0 0.33787 0.44283 0.0435626 0.0581674 0.308804
0 0.315679 0.444541 0.0497883 0.0624257 0.303605
0 0.372238 0.443978 0.0598335 0.0587284 0.300031
0 0.161075 0.47046 0.0631222 0.111103 0.298882
0 0.142955 0.47815 0.0766299 0.136456 0.298156
0 0.288722 0.453485 0.0394237 0.0590825 0.293754
0 0.4645 0.467308 0.0622821 0.0659178 0.293034
0 0.431362 0.45992 0.0449569 0.0570528 0.292313
0 0.122889 0.475264 0.108518 0.155735 0.278528
0 0.479928 0.472566 0.0757886 0.0865401 0.274974
0 0.326315 0.445374 0.0403487 0.0540987 0.262148
0 0.422188 0.450621 0.0531416 0.0689087 0.259159
0 0.301518 0.449634 0.0437729 0.0608427 0.250465
