0 0.560397 0.510931 0.0829687 0.111328 0.919915
0 0.71543 0.522364 0.181652 0.252185 0.913885
0 0.0443018 0.580273 0.0882614 0.125294 0.896443
0 0.8656 0.495365 0.2688 0.471496 0.889911
0 0.250372 0.534443 0.0557461 0.0627548 0.886719
0 0.42656 0.515823 0.0432866 0.0710793 0.876699
0 0.466817 0.510463 0.0139739 0.0317741 0.86109
0 0.293824 0.529324 0.0289734 0.0476359 0.84971
0 0.317199 0.528049 0.0247255 0.0359636 0.844155
0 0.496631 0.510144 0.0313809 0.0521457 0.841886
0 0.360941 0.519881 0.0170296 0.0236223 0.824548
0 0.343453 0.523682 0.0248736 0.0286557 0.798497
0 0.281426 0.53638 0.0188118 0.0469238 0.784297
0 0.51522 0.513882 0.0275578 0.0585091 0.75765
0 0.458002 0.509046 0.0105272 0.0249861 0.746805
0 0.367869 0.518302 0.0140829 0.022289 0.732141
0 0.477618 0.51202 0.0159516 0.0376165 0.726438
0 0.380635 0.51505 0.0109183 0.0201294 0.68704
0 0.390683 0.515541 0.0110585 0.0159993 0.610219
0 0.506549 0.51497 0.0200778 0.0516017 0.585246
0 0.162186 0.525344 0.0261081 0.0261944 0.53449
0 0.403281 0.512921 0.0100693 0.0165266 0.482018
0 0.371579 0.517478 0.011383 0.0208115 0.463473
0 0.449005 0.506072 0.00972691 0.0192145 0.460443
0 0.473533 0.512648 0.0145613 0.0352117 0.460215
0 0.461366 0.509429 0.0116037 0.0286374 0.438084
0 0.130678 0.524435 0.0323452 0.0217511 0.427155
0 0.455871 0.509185 0.00960751 0.021787 0.415429
0 0.214929 0.519441 0.0243128 0.0205563 0.403501
0 0.132489 0.52022 0.0264664 0.0214657 0.381396
0 0.376293 0.516389 0.0119971 0.0215447 0.366176
0 0.453482 0.509595 0.0099268 0.022099 0.352177
0 0.356623 0.521159 0.0120468 0.0216207 0.319792
0 0.0829187 0.523306 0.039015 0.039553 0.313058
0 0.210609 0.522715 0.0340618 0.0265732 0.309611
0 0.168113 0.527681 0.0358686 0.0293137 0.307107
0 0.44778 0.508847 0.00826397 0.0182695 0.290923
0 0.401104 0.514889 0.00941324 0.0142524 0.286045
0 0.0896532 0.530466 0.0243695 0.0360987 0.277552
0 0.388007 0.515348 0.0111851 0.0165958 0.273084
0 0.464249 0.512335 0.0116591 0.0274836 0.259585
0 0.132214 0.518075 0.018763 0.0181444 0.259178
