0 0.561633 0.532789 0.0345635 0.0470634 0.895207
0 0.720582 0.581279 0.157165 0.164507 0.890631
0 0.530259 0.528914 0.0194212 0.0294671 0.844272
0 0.606508 0.527132 0.0285053 0.0273319 0.625287
0 0.544047 0.527144 0.0113574 0.0210832 0.609559
0 0.49881 0.52939 0.0115163 0.0187463 0.307295
0 0.604532 0.519569 0.0207703 0.0175852 0.30135
0 0.785189 0.369038 0.0401683 0.0213523 0.28191
0 0.660661 0.502854 0.0205836 0.0183621 0.263048
0 0.586928 0.480552 0.0122231 0.0172326 0.251408
0 0.653105 0.539239 0.0160492 0.022299 0.250064
