0 0.497896 0.491296 0.0358282 0.0619931 0.810594
0 0.646146 0.47658 0.0532739 0.114277 0.754692
0 0.444427 0.50656 0.0139013 0.0212028 0.618098
0 0.459086 0.506252 0.0115836 0.0202967 0.563977
0 0.472582 0.50413 0.0144035 0.0285575 0.541247
0 0.433188 0.508124 0.010932 0.0180062 0.395663
0 0.462284 0.506357 0.0118168 0.0227312 0.354071
0 0.454705 0.507676 0.00972013 0.0189124 0.33678
0 0.46559 0.506889 0.0109718 0.0208645 0.321189
0 0.414089 0.500689 0.0192299 0.031534 0.304811
0 0.475493 0.505844 0.0115857 0.022781 0.286598
0 0.475565 0.499781 0.0148409 0.0353602 0.272929
0 0.468861 0.501575 0.0111994 0.0268192 0.268069
0 0.640293 0.489742 0.0404585 0.0834615 0.265097
0 0.429821 0.506234 0.0111243 0.0201998 0.262959
0 0.427929 0.508408 0.0104027 0.0178614 0.262798
0 0.448656 0.506069 0.0103979 0.018191 0.25721
0 0.436502 0.507795 0.0110813 0.018053 0.255987
