0 0.676211 0.527394 0.0831931 0.120723 0.911072
0 0.596295 0.548823 0.0916583 0.123519 0.888292
0 0.845704 0.586381 0.308591 0.362359 0.88522
0 0.13568 0.515284 0.270653 0.373595 0.873448
0 0.384479 0.546288 0.044532 0.0555647 0.853754
0 0.709499 0.53406 0.0578845 0.145697 0.659302
0 0.275507 0.559668 0.0291524 0.0577164 0.585372
0 0.296704 0.552591 0.0384271 0.0639709 0.490963
0 0.351112 0.556882 0.024729 0.0363924 0.418202
0 0.303712 0.562973 0.0259555 0.0416238 0.374883
0 0.546826 0.522809 0.0407121 0.0742683 0.332039
0 0.551458 0.532471 0.0285613 0.0567037 0.280989
0 0.55869 0.531837 0.0201851 0.0557273 0.274945
