0 0.486843 0.494109 0.0354977 0.0524083 0.910861
0 0.284738 0.499684 0.0955833 0.110253 0.89684
0 0.414956 0.502888 0.0432097 0.0602412 0.887987
0 0.125698 0.631941 0.251395 0.473226 0.873949
0 0.440489 0.492453 0.0176002 0.0346041 0.857169
0 0.366924 0.494676 0.0226441 0.0291014 0.844527
0 0.452057 0.482379 0.0136701 0.0225167 0.841819
0 0.467696 0.48704 0.0153113 0.0315211 0.775049
0 0.38073 0.486324 0.0190513 0.0310872 0.774622
0 0.331349 0.494049 0.0235201 0.0522478 0.708531
0 0.188514 0.475683 0.0253785 0.0239838 0.548373
0 0.395941 0.47932 0.0125841 0.0205205 0.49499
0 0.446991 0.486036 0.0153547 0.0276599 0.401863
0 0.365718 0.475852 0.0161024 0.0174737 0.38695
0 0.433402 0.484121 0.0133243 0.0269842 0.357718
0 0.16668 0.467933 0.0224289 0.0327786 0.327438
0 0.218073 0.483795 0.0145286 0.0179008 0.31828
0 0.431492 0.482194 0.011509 0.021264 0.301736
0 0.186378 0.47394 0.0192609 0.0187917 0.291746
0 0.194002 0.478361 0.03062 0.0228875 0.283772
0 0.43267 0.476544 0.0107549 0.0129027 0.259286
0 0.476157 0.490013 0.0225471 0.0410348 0.256094
0 0.430851 0.488734 0.0140668 0.0308224 0.254684
