0 0.506188 0.426083 0.0876544 0.0648483 0.878301
0 0.225021 0.399579 0.194834 0.0995122 0.850241
0 0.415771 0.411077 0.144676 0.0958086 0.837249
0 0.247011 0.328732 0.384581 0.208897 0.793581
0 0.974872 0.45813 0.0469603 0.0323469 0.637751
0 0.881131 0.450722 0.0469654 0.0321409 0.494195
0 0.151946 0.369187 0.040782 0.0346274 0.468427
0 0.985988 0.467772 0.024774 0.053756 0.419833
0 0.656342 0.431389 0.0364629 0.0353224 0.378449
0 0.699646 0.431336 0.0612651 0.0542687 0.335027
0 0.993609 0.472069 0.0127812 0.0644931 0.318043
0 0.679772 0.417919 0.0833036 0.0713642 0.304597
0 0.0938881 0.36011 0.0793069 0.098125 0.297893
0 0.661255 0.418294 0.0425665 0.0624176 0.285891
0 0.937492 0.454899 0.0314848 0.0249268 0.27749
