0 0.231162 0.44055 0.0482268 0.0808841 0.913928
0 0.456542 0.490578 0.145263 0.213538 0.902758
0 0.352665 0.423805 0.0584285 0.108653 0.893854
0 0.296822 0.440277 0.103433 0.140401 0.885833
0 0.099995 0.531036 0.19999 0.314907 0.863963
0 0.218908 0.371332 0.114185 0.17317 0.854413
0 0.389969 0.427316 0.0293108 0.0551771 0.820534
0 0.157255 0.438869 0.0931196 0.115002 0.760357
0 0.379336 0.412929 0.015981 0.0368495 0.369341
0 0.403661 0.405881 0.0131321 0.0219421 0.328897
0 0.378077 0.399967 0.0123251 0.0192783 0.261051
