0 0.46923 0.58544 0.030021 0.0451087 0.931819
0 0.500637 0.585039 0.0243996 0.0358673 0.928924
0 0.567408 0.618846 0.112693 0.137295 0.898944
0 0.394964 0.583151 0.0218937 0.033146 0.883422
0 0.648646 0.623798 0.07145 0.0969048 0.8826
0 0.354665 0.598377 0.0501435 0.0734207 0.876103
0 0.520463 0.589802 0.0235221 0.0522717 0.841301
0 0.37987 0.59185 0.0229562 0.0468238 0.835293
0 0.406173 0.578738 0.0122327 0.0265098 0.789562
0 0.444917 0.578416 0.0130291 0.0194516 0.685834
0 0.429998 0.57042 0.0119478 0.0243842 0.599301
0 0.410425 0.577942 0.0113394 0.0245822 0.542878
0 0.48721 0.582267 0.0126142 0.028399 0.519182
0 0.41823 0.575188 0.0101882 0.0189455 0.441738
0 0.453391 0.577304 0.0108988 0.0204247 0.417231
0 0.416286 0.576655 0.00906277 0.0178245 0.367674
0 0.451292 0.579716 0.0119393 0.0197815 0.366566
0 0.490136 0.580726 0.0136497 0.0284765 0.280375
0 0.436072 0.575045 0.0107837 0.0194366 0.276715
0 0.422825 0.573425 0.00937328 0.0195243 0.272131
0 0.483767 0.580293 0.0112281 0.0272771 0.253284
