0 0.935523 0.444454 0.0614407 0.0526137 0.893474
0 0.422742 0.409294 0.0381444 0.0531926 0.86627
0 0.47054 0.389706 0.0210062 0.0268802 0.859657
0 0.447717 0.390328 0.0223956 0.0301868 0.821187
0 0.384265 0.384618 0.0158746 0.0221356 0.716455
0 0.0409885 0.355673 0.0774876 0.0337506 0.703102
0 0.264906 0.375651 0.0130522 0.0179035 0.695232
0 0.238662 0.370165 0.0149575 0.0200721 0.638305
0 0.981807 0.457478 0.036386 0.038297 0.545007
0 0.426207 0.380398 0.0166122 0.0162526 0.522071
0 0.395724 0.385229 0.0109653 0.0161645 0.513034
0 0.36139 0.387211 0.0130789 0.0171816 0.492876
0 0.177246 0.368363 0.0126008 0.0135474 0.487846
0 0.131725 0.366803 0.0222868 0.0145003 0.483197
0 0.225212 0.367159 0.0111689 0.0144096 0.472096
0 0.412266 0.383271 0.0138504 0.0165588 0.461605
0 0.276246 0.36942 0.0113135 0.0175713 0.455123
0 0.0877205 0.365644 0.0182898 0.0145103 0.445779
0 0.372062 0.386101 0.0105005 0.0165517 0.436079
0 0.189506 0.369095 0.0122308 0.0127257 0.397306
0 0.199448 0.368536 0.00967944 0.0133672 0.392886
0 0.210618 0.36802 0.0109814 0.0133325 0.372633
0 0.165306 0.367962 0.0146833 0.0136276 0.365264
0 0.15042 0.367968 0.01661 0.0158502 0.358417
0 0.541203 0.389219 0.0276454 0.0185813 0.336227
0 0.37383 0.383167 0.012056 0.0186868 0.317132
0 0.207428 0.36644 0.0113278 0.0122082 0.314756
0 0.137259 0.365592 0.0225636 0.0156903 0.313171
0 0.143546 0.367466 0.0140095 0.0127965 0.306297
0 0.629763 0.394487 0.0160848 0.0149963 0.299086
0 0.192203 0.367922 0.0123672 0.0121412 0.295998
0 0.226437 0.369406 0.0105419 0.0131695 0.294422
0 0.564768 0.388058 0.0154694 0.0155328 0.292449
0 0.54778 0.387015 0.0171689 0.0169366 0.289221
0 0.220492 0.365289 0.0110579 0.0140437 0.288258
0 0.253497 0.368141 0.0109655 0.0154819 0.283207
0 0.320178 0.364903 0.0126499 0.0172289 0.282329
0 0.261728 0.372341 0.0119118 0.0157749 0.279461
0 0.202357 0.366733 0.0102104 0.0129057 0.279368
0 0.194831 0.366839 0.0106781 0.0128231 0.278726
0 0.158504 0.36702 0.0136297 0.0131812 0.27771
0 0.403565 0.383846 0.0115852 0.0151937 0.273481
0 0.227329 0.365021 0.01157 0.0144641 0.273057
0 0.223652 0.365086 0.011 0.0127465 0.272889
0 0.212237 0.364784 0.0110363 0.0143078 0.270452
0 0.22355 0.369998 0.0125489 0.0133228 0.263599
0 0.130142 0.363511 0.022005 0.0162484 0.26267
0 0.36449 0.386114 0.0135883 0.0176137 0.251736
0 0.531099 0.392373 0.0181322 0.0157979 0.251695
