0 0.189611 0.614597 0.0608561 0.0784175 0.927531
0 0.22801 0.594535 0.0495598 0.0646371 0.91558
0 0.124262 0.642763 0.111499 0.112725 0.907606
0 0.517343 0.568779 0.0435202 0.0592523 0.901281
0 0.292345 0.619102 0.0743579 0.0976405 0.900597
0 0.947249 0.593939 0.105342 0.132237 0.900503
0 0.555037 0.605565 0.0710592 0.0930969 0.898041
0 0.255808 0.579502 0.0387054 0.0582908 0.892273
0 0.475851 0.532635 0.0184531 0.03225 0.87439
0 0.337373 0.534844 0.0217936 0.0337028 0.85714
0 0.316834 0.547606 0.0323884 0.042215 0.855523
0 0.286404 0.551314 0.0365255 0.04503 0.854169
0 0.496251 0.545834 0.0344765 0.0494839 0.85025
0 0.531996 0.58302 0.0445374 0.066084 0.833806
0 0.465351 0.525861 0.0158084 0.0257044 0.816829
0 0.456108 0.521857 0.0136779 0.0225857 0.733302
0 0.367982 0.531231 0.0148706 0.0224245 0.728511
0 0.39609 0.490343 0.0109743 0.0185925 0.690103
0 0.376988 0.519978 0.0117255 0.0187914 0.645336
0 0.351425 0.533255 0.0110981 0.0233604 0.597312
0 0.440049 0.493592 0.0122908 0.0178468 0.534732
0 0.385491 0.512623 0.0102448 0.0151949 0.488223
0 0.370044 0.527866 0.0145609 0.0224323 0.432842
0 0.472015 0.530749 0.0159334 0.0301359 0.427329
0 0.452572 0.496495 0.0127862 0.0180298 0.407287
0 0.38881 0.501249 0.00990596 0.0168121 0.406877
0 0.479606 0.535676 0.0174149 0.0352902 0.389547
0 0.452963 0.508514 0.0125602 0.0188722 0.386641
0 0.385384 0.500286 0.010353 0.0163511 0.383253
0 0.385206 0.50528 0.0107801 0.0156233 0.376186
0 0.455544 0.514717 0.0122294 0.0229711 0.353177
0 0.39576 0.494165 0.00990133 0.0152657 0.332014
0 0.460475 0.517576 0.0129549 0.0242583 0.322434
0 0.442173 0.497933 0.0135977 0.0189485 0.321833
0 0.435432 0.459362 0.0140141 0.0185662 0.321298
0 0.452949 0.520058 0.010664 0.0186751 0.309741
0 0.38306 0.507767 0.0107614 0.0181478 0.307667
0 0.449596 0.498122 0.013137 0.0204742 0.274598
0 0.391318 0.50234 0.00969005 0.0141717 0.265422
0 0.390946 0.49423 0.0113284 0.0170117 0.260001
0 0.381232 0.511043 0.00983238 0.0175427 0.256535
