0 0.433035 0.604292 0.112129 0.168124 0.927614
0 0.663389 0.648058 0.187144 0.233635 0.923579
0 0.574847 0.59782 0.041206 0.080367 0.923077
0 0.803557 0.612314 0.102952 0.111406 0.900445
0 0.491997 0.594386 0.0331732 0.0885396 0.881166
0 0.11356 0.607177 0.227119 0.360043 0.878112
0 0.53323 0.593477 0.0231664 0.0365787 0.830353
0 0.936225 0.671917 0.12685 0.256275 0.828742
0 0.943096 0.58185 0.112225 0.112649 0.668335
0 0.520453 0.587203 0.01098 0.0256656 0.590384
0 0.509987 0.589278 0.0148645 0.0301971 0.534991
0 0.553744 0.588481 0.0121728 0.0234443 0.469481
0 0.506548 0.591158 0.012209 0.0328332 0.337113
0 0.545165 0.584954 0.00941839 0.0176412 0.318641
0 0.515759 0.586559 0.0123957 0.0251836 0.305421
0 0.512577 0.586352 0.0126459 0.025538 0.284341
0 0.884636 0.606003 0.0373974 0.0418076 0.282571
0 0.518635 0.584537 0.011726 0.0224328 0.259232
0 0.550092 0.591761 0.0123306 0.0261398 0.257787
