0 0.550955 0.469852 0.11618 0.188589 0.927328
0 0.247304 0.462453 0.0751934 0.0467248 0.889952
0 0.0692926 0.496525 0.138585 0.195154 0.846955
0 0.445981 0.444626 0.0153099 0.0232459 0.742704
0 0.457636 0.441633 0.0110982 0.0199068 0.711686
0 0.431254 0.449478 0.0197096 0.0268451 0.679805
0 0.464129 0.439212 0.0132771 0.0207904 0.631311
0 0.490466 0.439211 0.0158504 0.0208555 0.631303
0 0.483396 0.435425 0.0145253 0.0232229 0.512352
0 0.482729 0.429498 0.0130048 0.0230287 0.491853
0 0.201556 0.45499 0.0313401 0.0278776 0.434185
0 0.466707 0.43692 0.0146135 0.023643 0.393077
0 0.437377 0.447662 0.0204986 0.0255141 0.363247
0 0.450919 0.443745 0.0123077 0.022728 0.357941
0 0.442644 0.445894 0.0155886 0.0238274 0.342126
0 0.211407 0.45233 0.0263377 0.023214 0.340743
0 0.460085 0.439107 0.0119221 0.023182 0.340359
0 0.47321 0.438431 0.0114655 0.0220939 0.339754
0 0.47953 0.436705 0.0113618 0.0204968 0.337319
0 0.214208 0.456623 0.0330284 0.031682 0.332762
0 0.377218 0.453604 0.0296778 0.0316267 0.326427
0 0.470203 0.436153 0.0124208 0.020704 0.277989
0 0.498096 0.434681 0.0114939 0.0192485 0.270232
0 0.474918 0.435104 0.0113888 0.0204466 0.268911
0 0.137499 0.452465 0.055066 0.0506939 0.267729
0 0.206671 0.466211 0.0454401 0.0488047 0.252129
