0 0.650678 0.461793 0.0594711 0.0838359 0.907697
0 0.483284 0.467073 0.0576237 0.0819195 0.859775
0 0.381037 0.479643 0.0703216 0.0846468 0.855649
0 0.606712 0.456294 0.0208685 0.0546509 0.806715
0 0.620578 0.456819 0.0244329 0.070875 0.795363
0 0.535144 0.448041 0.020462 0.0407318 0.717939
0 0.422632 0.474131 0.0253744 0.0666467 0.684642
0 0.977055 0.449078 0.0458907 0.126668 0.665164
0 0.437156 0.47432 0.0190122 0.0514954 0.58153
0 0.567785 0.453736 0.0361072 0.0383185 0.560502
0 0.594955 0.457636 0.018463 0.041982 0.517585
0 0.577618 0.452741 0.0429474 0.0402256 0.512804
0 0.590606 0.454201 0.0232163 0.0421572 0.494287
0 0.453707 0.467189 0.0139945 0.0469533 0.485913
0 0.516782 0.454542 0.0147033 0.0274946 0.473412
0 0.600248 0.459178 0.0147222 0.0425752 0.340574
0 0.55711 0.454339 0.018648 0.0334824 0.263624
