0 0.277408 0.795104 0.128892 0.221882 0.923832
0 0.0529701 0.849749 0.10592 0.296316 0.918957
0 0.379224 0.782336 0.0700564 0.0893746 0.917258
0 0.941538 0.702104 0.116923 0.163411 0.877022
0 0.353515 0.760737 0.0442536 0.080708 0.840649
0 0.142216 0.798602 0.0322595 0.0473299 0.840412
0 0.204998 0.789107 0.0206405 0.0298313 0.706531
0 0.170713 0.795795 0.0142905 0.0236593 0.646252
0 0.101107 0.824171 0.0406012 0.116241 0.629685
0 0.160717 0.799216 0.0139521 0.0304123 0.587957
0 0.119161 0.808011 0.0195776 0.0516581 0.503077
0 0.179981 0.793853 0.0149823 0.0233956 0.366421
0 0.21685 0.783461 0.0130236 0.030454 0.333695
0 0.174529 0.79523 0.0130603 0.0230642 0.325722
0 0.164333 0.798306 0.0139312 0.0276944 0.306798
0 0.204404 0.777244 0.0199417 0.0346385 0.276367
0 0.104184 0.811467 0.0325619 0.0839086 0.262903
