0 0.708988 0.636463 0.191144 0.277038 0.89996
0 0.445288 0.606938 0.238535 0.376088 0.871926
0 0.850665 0.716707 0.297797 0.551455 0.869555
0 0.211057 0.548222 0.108891 0.0670141 0.825657
0 0.0250941 0.531541 0.0499497 0.0635966 0.818676
0 0.0824956 0.5433 0.0850826 0.0616728 0.736983
0 0.0169629 0.5643 0.0339258 0.0734936 0.733279
0 0.60791 0.562393 0.0530047 0.0404215 0.518171
0 0.574962 0.563146 0.0248026 0.0413406 0.387242
0 0.61662 0.555462 0.060953 0.0449292 0.336169
0 0.0550818 0.529435 0.0263765 0.0263818 0.287391
0 0.57692 0.553861 0.0361792 0.0578593 0.284591
0 0.626108 0.549726 0.0483191 0.0401213 0.27291
0 0.166723 0.547722 0.0466468 0.0510301 0.253053
0 0.112459 0.54346 0.0994907 0.0599425 0.25268
