0 0.610961 0.702615 0.206369 0.258277 0.910444
0 0.756328 0.695153 0.137449 0.199772 0.903138
0 0.408892 0.678694 0.0905806 0.145995 0.883084
0 0.974678 0.701761 0.0504065 0.131367 0.830651
0 0.51473 0.680446 0.0309635 0.0971883 0.826225
0 0.493518 0.662239 0.032729 0.0497136 0.813737
0 0.589961 0.569159 0.112032 0.110997 0.736585
0 0.450308 0.659893 0.0202632 0.0860896 0.732808
0 0.489418 0.621123 0.042557 0.0949675 0.727831
0 0.475225 0.655138 0.0175516 0.0366916 0.625448
0 0.464042 0.65264 0.0111002 0.0282652 0.539644
0 0.502651 0.672285 0.0295042 0.0711417 0.377611
0 0.461348 0.65034 0.0104179 0.0339991 0.352585
0 0.428293 0.597315 0.0323119 0.0307748 0.321029
0 0.462965 0.644781 0.0127435 0.0399194 0.278491
