0 0.692212 0.562832 0.102856 0.0694282 0.909149
0 0.595519 0.561288 0.0916129 0.0648419 0.885555
0 0.507648 0.566972 0.0649158 0.0441501 0.854204
0 0.931118 0.572064 0.100385 0.0601027 0.76157
0 0.311831 0.559259 0.0517543 0.04036 0.633432
0 0.0661623 0.544861 0.0448515 0.0402796 0.556067
0 0.0990397 0.548693 0.030607 0.0390844 0.469354
0 0.645095 0.550434 0.0350441 0.0508341 0.442361
0 0.272639 0.555979 0.0226045 0.0373423 0.417185
0 0.113804 0.546714 0.0252116 0.036754 0.369904
0 0.669972 0.529384 0.0256694 0.0215797 0.351765
0 0.991985 0.5743 0.0160309 0.0528224 0.347543
0 0.694398 0.5233 0.0286215 0.0193381 0.325378
0 0.543529 0.56838 0.0228024 0.034962 0.316409
0 0.28995 0.557419 0.0240842 0.0331526 0.312301
0 0.0205481 0.549315 0.0407289 0.0547997 0.297195
0 0.643342 0.530201 0.0322683 0.0253428 0.291565
0 0.702351 0.524578 0.0435052 0.0236855 0.28273
0 0.687751 0.522916 0.0426516 0.0220883 0.251662
0 0.67053 0.52519 0.0195555 0.0164832 0.251131
