0 0.498987 0.481363 0.0392879 0.0647632 0.882352
0 0.529437 0.434667 0.016961 0.0308509 0.714561
0 0.532511 0.456369 0.017422 0.0249415 0.693937
0 0.548982 0.439335 0.0140253 0.0242681 0.548111
0 0.955255 0.430397 0.0178532 0.0208305 0.502261
0 0.549231 0.43069 0.0155976 0.0327426 0.49079
0 0.516709 0.432253 0.011133 0.0189526 0.433276
0 0.880053 0.421823 0.0114517 0.0161772 0.422691
0 0.801044 0.422771 0.0328615 0.0466158 0.405676
0 0.940398 0.426835 0.0135601 0.0186274 0.404671
0 0.778341 0.435966 0.0255627 0.0350405 0.392983
0 0.929276 0.427086 0.0156784 0.0191686 0.385857
0 0.986619 0.436778 0.0197975 0.0232876 0.381195
0 0.994004 0.439543 0.0119522 0.0238988 0.378343
0 0.862233 0.43892 0.016659 0.0238576 0.378083
0 0.871445 0.423531 0.0122089 0.0166892 0.366107
0 0.879299 0.453865 0.0288845 0.0458427 0.35963
0 0.881316 0.417402 0.0117346 0.0172599 0.33643
0 0.564895 0.435886 0.0134139 0.0191496 0.329574
0 0.9706 0.437292 0.0151455 0.0165458 0.320278
0 0.790364 0.430069 0.0476769 0.0486042 0.305568
0 0.880701 0.425644 0.0132034 0.0191057 0.298263
0 0.983706 0.433962 0.0158876 0.0204405 0.289875
0 0.890896 0.415938 0.012491 0.0146225 0.284684
0 0.944508 0.427539 0.0132782 0.01983 0.275122
0 0.710373 0.446494 0.0335403 0.0503023 0.263721
0 0.864081 0.43319 0.0139524 0.0188828 0.263425
0 0.926345 0.424671 0.0123703 0.0165532 0.261041
