0 0.0470869 0.596813 0.0422564 0.0333998 0.904999
0 0.268903 0.576022 0.0283154 0.0374454 0.892209
0 0.354693 0.567056 0.0235667 0.0356303 0.889843
0 0.378886 0.561053 0.017445 0.0257073 0.884804
0 0.330379 0.565771 0.016785 0.0264481 0.811798
0 0.303511 0.571684 0.0145699 0.0205051 0.778683
0 0.121108 0.587245 0.0407909 0.0274797 0.760693
0 0.200686 0.580746 0.021687 0.0168803 0.700389
0 0.285184 0.569266 0.0117133 0.0189394 0.593752
0 0.319037 0.565771 0.0112855 0.0204512 0.583243
0 0.234799 0.574511 0.0141361 0.0180701 0.555945
0 0.165499 0.582673 0.0138463 0.0177292 0.489315
0 0.153361 0.585058 0.0250924 0.0181432 0.468421
0 0.247664 0.575008 0.0149864 0.0177465 0.408728
0 0.185625 0.58313 0.0113407 0.0118264 0.402177
0 0.283035 0.571546 0.0111784 0.0200679 0.3244
0 0.203611 0.580862 0.0154168 0.0138204 0.310182
0 0.159699 0.583472 0.0233232 0.0190991 0.279034
0 0.367873 0.556914 0.0082622 0.0149611 0.274961
0 0.151281 0.587674 0.0190876 0.0146735 0.273303
0 0.374271 0.559913 0.0126198 0.0211136 0.263341
0 0.295277 0.569477 0.0108936 0.0169779 0.260037
0 0.175755 0.583613 0.0130645 0.0120646 0.257848
0 0.230813 0.575033 0.0118552 0.0149197 0.255481
