0 0.229 0.521419 0.0567373 0.0748888 0.90613
0 0.0651004 0.544197 0.130201 0.159025 0.891563
0 0.362808 0.527126 0.0758153 0.122266 0.871319
0 0.315326 0.515617 0.0285857 0.0477739 0.857088
0 0.282305 0.530167 0.054326 0.064689 0.84694
0 0.405579 0.496839 0.017662 0.0257295 0.838919
0 0.417468 0.493081 0.0129016 0.0208733 0.66632
0 0.256958 0.512644 0.013964 0.0275818 0.532338
0 0.395108 0.490682 0.0119741 0.0224248 0.470984
0 0.426497 0.483744 0.0111555 0.0209756 0.432684
0 0.410744 0.494242 0.0173372 0.0251517 0.365327
0 0.421608 0.491406 0.0106359 0.020046 0.364709
0 0.313633 0.496818 0.0238898 0.0275518 0.343743
0 0.424304 0.487798 0.011313 0.0212841 0.324842
0 0.400282 0.493641 0.014083 0.0231082 0.292556
0 0.418953 0.488515 0.0109332 0.020106 0.275563
0 0.427725 0.487105 0.0104014 0.0197698 0.253093
0 0.312623 0.488576 0.0210715 0.0199753 0.252073
