0 0.897391 0.385799 0.105219 0.103275 0.925595
0 0.18166 0.448281 0.0768537 0.040683 0.839315
0 0.666683 0.368345 0.0370915 0.0219494 0.526097
0 0.614943 0.376416 0.0376617 0.0305296 0.47154
0 0.571248 0.391924 0.0494942 0.0329286 0.329203
0 0.232275 0.430529 0.0341426 0.0339601 0.325809
0 0.269113 0.423276 0.0684939 0.0427711 0.306977
0 0.290538 0.418452 0.0284705 0.025351 0.295541
0 0.320277 0.414288 0.0187293 0.020343 0.2782
0 0.625345 0.375752 0.0436009 0.0318688 0.274353
0 0.0754369 0.454101 0.0269513 0.0295005 0.262799
