0 0.268096 0.390394 0.0547308 0.085831 0.928245
0 0.299945 0.38816 0.0265187 0.0590195 0.925945
0 0.211007 0.411794 0.0954301 0.12978 0.923402
0 0.472137 0.396833 0.0672954 0.0978241 0.914355
0 0.431624 0.395026 0.0374499 0.068121 0.90982
0 0.408962 0.395921 0.0219215 0.0437497 0.902137
0 0.383434 0.387893 0.0176599 0.0279541 0.88231
0 0.0899585 0.474009 0.179917 0.311161 0.879919
0 0.742466 0.441824 0.346908 0.362985 0.870028
0 0.39757 0.393268 0.0153022 0.0360206 0.852698
0 0.351109 0.387052 0.0325023 0.0472044 0.846609
0 0.321561 0.388948 0.0198742 0.0275725 0.772684
0 0.57449 0.366827 0.0642932 0.0277766 0.530541
0 0.371332 0.388288 0.0105863 0.0215461 0.363561
0 0.332703 0.387976 0.00855641 0.0209805 0.356806
0 0.334563 0.387688 0.0110182 0.0242713 0.304942
0 0.334354 0.386578 0.00830741 0.0179608 0.304519
0 0.330347 0.388415 0.0105087 0.0227568 0.283744
