0 0.706184 0.371092 0.149738 0.198896 0.928874
0 0.567548 0.330637 0.0210952 0.0323692 0.899059
0 0.486851 0.333101 0.0241446 0.0311776 0.872794
0 0.860147 0.481603 0.279707 0.397136 0.862414
0 0.511284 0.333577 0.0203681 0.0283568 0.847552
0 0.543553 0.333508 0.0259538 0.0372016 0.839318
0 0.409528 0.325609 0.037007 0.03538 0.612901
0 0.0263734 0.264199 0.0527467 0.0676269 0.391903
0 0.534117 0.32961 0.0114191 0.0267612 0.352311
0 0.554232 0.326981 0.0114083 0.0252167 0.341722
0 0.536699 0.330424 0.0163017 0.0307476 0.337249
0 0.499066 0.330822 0.0106368 0.0218461 0.287998
