0 0.648681 0.491916 0.0612272 0.0877528 0.932796
0 0.312096 0.506611 0.0836934 0.0892965 0.923166
0 0.736858 0.507652 0.135257 0.159516 0.922252
0 0.390389 0.506148 0.0855374 0.100825 0.920381
0 0.160117 0.522035 0.185906 0.165706 0.913472
0 0.54777 0.50889 0.0847421 0.119375 0.90173
0 0.496583 0.484841 0.0394234 0.0584066 0.866981
0 0.616917 0.488092 0.0255061 0.0623016 0.865322
0 0.911727 0.614935 0.176307 0.317632 0.859134
0 0.446059 0.489268 0.0341212 0.0465775 0.814646
0 0.596417 0.487324 0.0242884 0.043347 0.79816
0 0.474233 0.483118 0.0152494 0.0334822 0.624925
0 0.461131 0.486092 0.0163836 0.0415831 0.600275
0 0.0546834 0.490244 0.108869 0.0923075 0.590109
0 0.583723 0.474375 0.0145251 0.0250826 0.390836
0 0.592483 0.482692 0.0244784 0.0383396 0.341649
0 0.51655 0.466607 0.0104643 0.0223509 0.329641
0 0.361596 0.477517 0.0241451 0.0292521 0.315756
0 0.584762 0.454999 0.0232421 0.045825 0.301059
0 0.468944 0.482799 0.0132794 0.0342812 0.271519
0 0.602734 0.490264 0.0162644 0.0415732 0.264884
0 0.475547 0.482028 0.0104443 0.0283751 0.254088
0 0.582965 0.482452 0.0123998 0.0308285 0.253466
