0 0.445637 0.538141 0.0636788 0.085438 0.918633
0 0.632358 0.541946 0.0669744 0.0932902 0.89621
0 0.476665 0.516369 0.0337198 0.0523207 0.89097
0 0.580082 0.504834 0.0254583 0.0330304 0.835623
0 0.492746 0.501376 0.0234737 0.0367767 0.828498
0 0.50463 0.493448 0.0137175 0.0277108 0.768162
0 0.568424 0.493269 0.023923 0.0348914 0.757223
0 0.599446 0.535787 0.0211163 0.0573875 0.738619
0 0.536807 0.479318 0.0102033 0.0160895 0.465429
0 0.509556 0.488787 0.0122375 0.0243056 0.458757
0 0.0311274 0.544034 0.0619075 0.138959 0.421977
0 0.507286 0.492002 0.0115986 0.0240136 0.398654
0 0.528648 0.481564 0.0113652 0.015959 0.394395
0 0.554464 0.485586 0.0112542 0.0183205 0.389895
0 0.548499 0.483236 0.0137911 0.0197623 0.374254
0 0.51239 0.487154 0.0111508 0.0230655 0.347908
0 0.551061 0.485026 0.0130398 0.0206911 0.340895
0 0.54116 0.476988 0.00974503 0.015773 0.339727
0 0.532444 0.480444 0.0115837 0.0156835 0.33895
0 0.500734 0.496412 0.0153931 0.0301734 0.328036
0 0.553819 0.48895 0.0137012 0.0235097 0.31328
0 0.470401 0.530044 0.0220737 0.0581836 0.312517
0 0.525263 0.484339 0.0109277 0.0171755 0.308616
0 0.539055 0.47794 0.00951653 0.0163968 0.307486
0 0.496776 0.497543 0.0195921 0.0354986 0.300789
0 0.513649 0.482514 0.0124853 0.0226785 0.282399
0 0.565146 0.49388 0.017055 0.0270966 0.281216
0 0.517006 0.487909 0.0103966 0.0177631 0.268996
0 0.548451 0.487684 0.0101236 0.0176259 0.268492
0 0.530385 0.483314 0.00899134 0.0155592 0.262694
