0 0.196783 0.453594 0.172766 0.167253 0.902833
0 0.099189 0.419269 0.120586 0.155691 0.894962
0 0.449623 0.414009 0.0554526 0.0794157 0.890315
0 0.396099 0.384746 0.0172466 0.0231315 0.861356
0 0.0210374 0.389439 0.0416848 0.0323091 0.610689
0 0.426456 0.385566 0.0131468 0.0224509 0.510045
0 0.491351 0.379821 0.0118745 0.0167955 0.469438
0 0.456061 0.372391 0.0232023 0.0161138 0.46635
0 0.475495 0.383774 0.0117457 0.0182955 0.423811
0 0.45862 0.383644 0.0299745 0.0335709 0.32459
0 0.327897 0.378988 0.0192367 0.0152647 0.289885
0 0.040278 0.395904 0.0172432 0.018571 0.283182
0 0.36877 0.377119 0.0125867 0.0129072 0.278892
0 0.343796 0.37347 0.0147729 0.0186252 0.269814
