0 0.139253 0.521705 0.0754396 0.0825829 0.93194
0 0.0686394 0.528689 0.0937946 0.0990233 0.920376
0 0.203472 0.512543 0.0651955 0.0734621 0.904355
0 0.791854 0.436972 0.416292 0.865714 0.88273
0 0.330485 0.504966 0.0311699 0.0406279 0.878403
0 0.284748 0.507862 0.035813 0.0511746 0.87019
0 0.260132 0.513124 0.0514067 0.0517266 0.837049
0 0.36659 0.50607 0.0158522 0.0261332 0.818063
0 0.306598 0.510343 0.0196795 0.0407203 0.814495
0 0.471647 0.509247 0.0229155 0.0355123 0.807744
0 0.350777 0.506496 0.0173191 0.0313002 0.781983
0 0.0139062 0.519491 0.0278123 0.146183 0.78057
0 0.404167 0.505478 0.0215086 0.029649 0.770014
0 0.460081 0.505411 0.0124992 0.0238191 0.686579
0 0.418834 0.491535 0.0106997 0.0160097 0.575584
0 0.496247 0.503424 0.0157312 0.0268451 0.575445
0 0.436812 0.482558 0.0104886 0.0175664 0.558651
0 0.429174 0.486122 0.00902834 0.014631 0.485319
0 0.414296 0.49423 0.0105811 0.0171416 0.468072
0 0.462881 0.480636 0.0148346 0.0221815 0.437353
0 0.379019 0.504127 0.0110869 0.0170492 0.428417
0 0.485771 0.497684 0.0102463 0.0175825 0.418873
0 0.446813 0.472105 0.00900307 0.0140937 0.410477
0 0.357759 0.507028 0.0122734 0.0275325 0.404658
0 0.422675 0.490867 0.00885105 0.0143138 0.397356
0 0.438018 0.485282 0.00931807 0.0139348 0.388899
0 0.448407 0.475023 0.00851612 0.0126533 0.347312
0 0.458128 0.502885 0.011874 0.0229831 0.342533
0 0.425471 0.486923 0.010242 0.0163083 0.340455
0 0.460402 0.475042 0.0137981 0.0149946 0.318703
0 0.438465 0.477055 0.00875664 0.0140466 0.311302
0 0.43111 0.48033 0.00968943 0.0158022 0.278918
0 0.480463 0.487164 0.0108999 0.0144479 0.278749
0 0.444546 0.477824 0.00959835 0.014935 0.27651
0 0.376911 0.50495 0.0117607 0.0203342 0.272248
0 0.456663 0.475323 0.00949402 0.0117616 0.270223
0 0.484165 0.494419 0.0104612 0.0162091 0.253862
0 0.478168 0.491602 0.00876799 0.0146139 0.250867
