0 0.595011 0.916325 0.236236 0.16623 0.909014
0 0.173247 0.953352 0.107668 0.0932955 0.887826
0 0.499326 0.903492 0.0580838 0.105859 0.879693
0 0.289569 0.939022 0.0977275 0.121955 0.873584
0 0.402843 0.918705 0.0868271 0.14596 0.864901
0 0.234657 0.948369 0.0330806 0.0761834 0.85733
0 0.0499916 0.976124 0.0996657 0.047753 0.855704
0 0.455284 0.875308 0.0305151 0.0548552 0.853182
0 0.34863 0.892357 0.022617 0.0446413 0.838776
0 0.333309 0.900921 0.0289204 0.0489015 0.83517
0 0.485376 0.883279 0.0446663 0.0803287 0.829541
0 0.146332 0.932457 0.13831 0.131958 0.759091
0 0.437784 0.873271 0.0109789 0.0268463 0.5042
0 0.0123926 0.959997 0.0241428 0.0246589 0.441543
0 0.359662 0.884821 0.017092 0.0380493 0.440076
0 0.357424 0.87876 0.0251319 0.0458471 0.313779
0 0.434955 0.870147 0.0120382 0.0230042 0.292831
0 0.225634 0.920505 0.0214622 0.0227887 0.29215
0 0.361945 0.889346 0.0117956 0.02711 0.290894
0 0.357066 0.892819 0.0149374 0.033424 0.276067
0 0.184794 0.89476 0.0783298 0.0531586 0.272302
0 0.218368 0.921668 0.0188871 0.0254766 0.268458
0 0.0715218 0.941096 0.0241338 0.0336027 0.256489
0 0.0123525 0.968392 0.0243825 0.035567 0.253413
