0 0.499432 0.861896 0.0286997 0.0457333 0.898154
0 0.0983448 0.961589 0.0978786 0.0768228 0.884798
0 0.530296 0.865261 0.0435897 0.0602787 0.875722
0 0.204834 0.929234 0.0637113 0.0793632 0.863828
0 0.247888 0.91923 0.0381308 0.0465268 0.843348
0 0.912652 0.741815 0.174576 0.154662 0.833945
0 0.429407 0.869143 0.0231486 0.032623 0.822566
0 0.71313 0.799443 0.0843164 0.0760866 0.790218
0 0.468924 0.865633 0.0235673 0.0400638 0.786187
0 0.161694 0.936863 0.0389555 0.0683899 0.776415
0 0.796554 0.796088 0.0550919 0.0597017 0.735902
0 0.764258 0.798299 0.0262796 0.0508002 0.676247
0 0.301809 0.889629 0.069341 0.0888574 0.577839
0 0.474889 0.86331 0.0252957 0.0417606 0.570193
0 0.25756 0.889463 0.0177916 0.0218667 0.569458
0 0.460356 0.862621 0.0145054 0.0322411 0.543115
0 0.481651 0.860095 0.0174698 0.0403688 0.541596
0 0.131887 0.935197 0.0320491 0.0449965 0.534131
0 0.0391358 0.954175 0.0445192 0.0471166 0.497419
0 0.227169 0.896464 0.0157598 0.0189879 0.478915
0 0.0204824 0.975789 0.0238134 0.0484228 0.456363
0 0.446688 0.858134 0.0113802 0.0204069 0.429786
0 0.416886 0.868103 0.0117375 0.0226145 0.421758
0 0.632329 0.825016 0.0202157 0.0297418 0.418727
0 0.130872 0.925343 0.0279842 0.0305183 0.399499
0 0.343895 0.882498 0.0156446 0.0286168 0.39481
0 0.585377 0.756199 0.0255093 0.0166828 0.394544
0 0.102804 0.919642 0.0333826 0.0230157 0.370738
0 0.649379 0.822389 0.0285797 0.0316888 0.364986
0 0.0699336 0.928727 0.0262916 0.0205278 0.364155
0 0.556828 0.842136 0.017464 0.0291987 0.355162
0 0.607181 0.826954 0.0210233 0.0290036 0.355089
0 0.228868 0.893173 0.017239 0.0190562 0.350285
0 0.464085 0.863324 0.0175674 0.036043 0.340459
0 0.675242 0.81685 0.0251338 0.0404899 0.335691
0 0.573745 0.835164 0.0264746 0.0331504 0.320868
0 0.321634 0.883557 0.0314719 0.0688822 0.319183
0 0.285162 0.896105 0.0362686 0.0777954 0.316808
0 0.567969 0.838116 0.0317476 0.0376399 0.316701
0 0.0514995 0.961204 0.0441269 0.0574471 0.315524
0 0.587403 0.83272 0.0189292 0.027781 0.315116
0 0.060979 0.9557 0.0307321 0.0467643 0.31184
0 0.0606196 0.937452 0.0343322 0.0316647 0.309427
0 0.126882 0.909493 0.0197476 0.0186071 0.30892
0 0.0983621 0.916967 0.0246409 0.0180193 0.306769
0 0.0198429 0.9453 0.0186095 0.0259869 0.302782
0 0.0765574 0.92431 0.0192402 0.0184162 0.298981
0 0.0648892 0.928238 0.021954 0.0168121 0.269534
0 0.019139 0.949223 0.0125648 0.0228268 0.268675
0 0.377905 0.866672 0.0355036 0.0501022 0.264367
0 0.541219 0.834328 0.0190342 0.0242905 0.261733
0 0.351138 0.881693 0.0286449 0.0399712 0.260102
0 0.109178 0.921927 0.0370245 0.0254813 0.259163
0 0.550733 0.84209 0.0145442 0.0260161 0.256212
0 0.891194 0.781968 0.119882 0.0730579 0.254961
0 0.536809 0.855577 0.0303148 0.043928 0.25413
0 0.424614 0.869641 0.0174953 0.0283576 0.251306
