0 0.185419 0.591725 0.158074 0.183829 0.921591
0 0.346165 0.601049 0.148726 0.235844 0.918353
0 0.0832519 0.674005 0.166504 0.410537 0.872153
0 0.562503 0.566946 0.0810545 0.0602192 0.845709
0 0.897954 0.629174 0.203703 0.385446 0.840915
0 0.265475 0.544254 0.0299848 0.0433175 0.642943
0 0.629755 0.573367 0.070137 0.0634855 0.585706
0 0.844886 0.572656 0.245349 0.274373 0.540513
0 0.274602 0.546968 0.0220565 0.0360518 0.398542
0 0.693716 0.564258 0.0236154 0.0386541 0.346307
0 0.796365 0.57609 0.143977 0.26057 0.338354
