0 0.0740351 0.596405 0.147369 0.167511 0.930557
0 0.749039 0.63833 0.192498 0.207959 0.917503
0 0.396844 0.597914 0.0626536 0.0891864 0.906711
0 0.558535 0.567018 0.0898382 0.150753 0.902821
0 0.321081 0.588029 0.0640502 0.0962814 0.894367
0 0.430669 0.570033 0.0190159 0.0311366 0.856199
0 0.358772 0.574635 0.0223707 0.0335922 0.797021
0 0.626479 0.590448 0.0314088 0.0428123 0.604589
0 0.455293 0.571177 0.0134412 0.0218519 0.597673
0 0.163641 0.587684 0.0655437 0.0544954 0.590564
0 0.4643 0.571592 0.0152184 0.0210978 0.476634
0 0.44536 0.567685 0.00911217 0.0160126 0.45619
0 0.0139423 0.610966 0.0278496 0.203129 0.426318
0 0.459825 0.571336 0.017598 0.0224058 0.33335
0 0.203996 0.579037 0.0269554 0.0377684 0.310129
0 0.452109 0.570701 0.0107111 0.0187951 0.305221
0 0.636367 0.590458 0.0510406 0.0469487 0.292753
0 0.450116 0.567851 0.0110721 0.0199136 0.290278
0 0.468252 0.572088 0.011709 0.0189645 0.280429
0 0.482339 0.577482 0.0139096 0.0195935 0.277776
0 0.606928 0.592047 0.0165465 0.0532974 0.272411
0 0.458346 0.570149 0.0113071 0.0210527 0.26691
0 0.442069 0.566807 0.00916033 0.0168079 0.255816
0 0.372357 0.567199 0.0114854 0.0233653 0.255672
0 0.446895 0.569453 0.00985155 0.0178402 0.254052
