0 0.467504 0.5232 0.0818383 0.110442 0.924474
0 0.414163 0.511926 0.0668285 0.0815589 0.923322
0 0.727012 0.575531 0.268157 0.207248 0.919887
0 0.55714 0.526805 0.156867 0.167193 0.915989
0 0.376373 0.500865 0.0549558 0.0718943 0.905572
0 0.35127 0.48796 0.0560029 0.080062 0.891228
0 0.0361797 0.52602 0.0719641 0.148417 0.870616
0 0.903495 0.622433 0.19301 0.307205 0.861076
0 0.0833354 0.525854 0.0349101 0.082332 0.844229
0 0.0961104 0.511947 0.0527277 0.0833842 0.831369
0 0.320076 0.490052 0.0203222 0.0551783 0.821987
0 0.123295 0.50577 0.0296434 0.0719798 0.804146
0 0.140851 0.505703 0.022026 0.0522614 0.754477
0 0.304625 0.494985 0.0198971 0.0424121 0.749282
0 0.200831 0.50815 0.0217411 0.0306093 0.724704
0 0.153003 0.505575 0.0168521 0.0432326 0.704415
0 0.293664 0.499324 0.0173726 0.0344735 0.694128
0 0.283903 0.504052 0.0142122 0.0263826 0.647431
0 0.261785 0.507902 0.0229924 0.0227949 0.627898
0 0.165892 0.50989 0.01624 0.0287918 0.615029
0 0.181637 0.510971 0.0151809 0.0217877 0.53936
0 0.21503 0.50947 0.0104259 0.0199051 0.505596
0 0.287691 0.50275 0.0150759 0.0280392 0.468365
0 0.241614 0.509371 0.0139448 0.0179606 0.406342
0 0.278449 0.506081 0.0116539 0.0240701 0.369579
0 0.227312 0.510509 0.0117831 0.0163415 0.363835
0 0.177038 0.512196 0.0123985 0.0210926 0.337251
0 0.224213 0.512045 0.0104219 0.0155613 0.3353
0 0.219559 0.510422 0.010544 0.0168111 0.299351
0 0.222472 0.509015 0.0109914 0.0170636 0.291918
0 0.158312 0.507366 0.0146975 0.0377077 0.287827
0 0.249269 0.511859 0.010765 0.0159456 0.285759
0 0.24622 0.508316 0.012507 0.017936 0.281874
