0 0.566861 0.417269 0.0561145 0.0943246 0.90264
0 0.664314 0.419656 0.087939 0.102175 0.896084
0 0.346743 0.441911 0.405976 0.647973 0.865976
0 0.850289 0.537655 0.299423 0.367238 0.859264
0 0.0947804 0.386676 0.0674531 0.0421872 0.799292
0 0.622903 0.40151 0.0286326 0.0281204 0.790329
0 0.726952 0.402732 0.02633 0.0299104 0.678328
0 0.709602 0.399929 0.0163871 0.0255144 0.512335
0 0.0103554 0.383974 0.0207108 0.024825 0.435547
0 0.0160714 0.38199 0.0313871 0.0263033 0.411718
0 0.0491242 0.385081 0.0239723 0.0200548 0.384378
0 0.0363771 0.385668 0.0417459 0.0245802 0.367331
0 0.135411 0.392543 0.0210761 0.0274538 0.3361
0 0.140711 0.389245 0.0351746 0.032008 0.305531
0 0.150992 0.392058 0.0193978 0.0207542 0.298806
0 0.548376 0.358802 0.0222326 0.0283652 0.285106
