0 0.264022 0.698275 0.0793876 0.0929964 0.926357
0 0.735711 0.76283 0.157414 0.197619 0.921094
0 0.328431 0.68977 0.0477528 0.0533737 0.907065
0 0.356183 0.682882 0.0305449 0.0463099 0.906567
0 0.578638 0.675397 0.0466758 0.0679104 0.901526
0 0.116938 0.751676 0.134432 0.122469 0.894539
0 0.509452 0.674535 0.043384 0.0665905 0.894445
0 0.372007 0.674165 0.028222 0.0482056 0.87728
0 0.483637 0.646313 0.0243166 0.0587392 0.871718
0 0.555454 0.648844 0.0354454 0.0671729 0.828951
0 0.414907 0.666316 0.0245272 0.0366275 0.823723
0 0.432502 0.668344 0.0147551 0.0262655 0.792695
0 0.445413 0.665518 0.015932 0.0247011 0.708029
0 0.530291 0.65074 0.0108393 0.0221541 0.439457
0 0.537538 0.648921 0.0104466 0.0303947 0.433254
0 0.532656 0.650566 0.00988455 0.0253386 0.341664
0 0.528384 0.6528 0.0100113 0.0196186 0.319877
0 0.458755 0.653823 0.0142149 0.0225338 0.267481
