0 0.362503 0.565621 0.182512 0.265371 0.919967
0 0.62214 0.545572 0.0722505 0.0901906 0.915819
0 0.0980988 0.556288 0.0885468 0.0974238 0.902327
0 0.537022 0.507437 0.0869472 0.181455 0.901229
0 0.252428 0.530523 0.0556115 0.0634011 0.899612
0 0.589317 0.534628 0.0277684 0.0696167 0.860592
0 0.0293217 0.545492 0.0586434 0.159129 0.846985
0 0.467858 0.505782 0.0180394 0.034225 0.677931
0 0.452357 0.521827 0.0200075 0.0452216 0.543936
0 0.476063 0.506458 0.0160694 0.0319419 0.527461
0 0.494183 0.512867 0.0113853 0.0246221 0.517037
0 0.66238 0.52377 0.0305143 0.041196 0.50954
0 0.972453 0.5214 0.0527843 0.0486413 0.483562
0 0.490565 0.512318 0.0106539 0.0236688 0.448454
0 0.478918 0.507039 0.0118547 0.0264662 0.388902
0 0.18375 0.508315 0.0271606 0.0206711 0.367046
0 0.971938 0.538548 0.054768 0.0843362 0.342477
0 0.481787 0.509716 0.011762 0.0269051 0.328019
0 0.0707905 0.506946 0.0349736 0.0184926 0.327857
0 0.192919 0.507009 0.0429758 0.0257955 0.288773
