0 0.609061 0.528324 0.063407 0.0884352 0.940956
0 0.256929 0.539874 0.0423443 0.0598445 0.933501
0 0.198892 0.544323 0.0873108 0.0872769 0.922111
0 0.351852 0.553562 0.143985 0.164216 0.910989
0 0.414798 0.487142 0.086107 0.122437 0.900537
0 0.844538 0.600235 0.310923 0.562084 0.890553
0 0.463119 0.497215 0.018297 0.0381326 0.890337
0 0.49007 0.521419 0.0498569 0.0653056 0.878441
0 0.51925 0.486424 0.0188972 0.0288796 0.822611
0 0.543124 0.486635 0.0175316 0.0284103 0.781618
0 0.576374 0.49723 0.0198388 0.0429835 0.763511
0 0.589214 0.506435 0.0329598 0.05741 0.730418
0 0.352174 0.460197 0.0511439 0.0355777 0.453665
0 0.473548 0.488302 0.0131639 0.0225405 0.438186
0 0.563946 0.490852 0.0115296 0.0237317 0.421457
0 0.499848 0.490034 0.0187799 0.0197798 0.400006
0 0.557097 0.489268 0.010115 0.0183294 0.378431
0 0.495541 0.49229 0.0213718 0.0187391 0.353524
0 0.280269 0.53581 0.0187218 0.0475425 0.348632
0 0.561694 0.491001 0.0107029 0.020595 0.330619
0 0.572817 0.498246 0.0139289 0.0382643 0.313908
0 0.553704 0.487252 0.00997219 0.0193436 0.290926
0 0.567571 0.492958 0.0131969 0.0280524 0.28992
0 0.475767 0.485018 0.0123572 0.0186156 0.272463
0 0.528111 0.484129 0.00928774 0.0210575 0.253979
