0 0.38735 0.598556 0.0669171 0.0883425 0.910437
0 0.512523 0.64933 0.182574 0.223426 0.908127
0 0.143678 0.578679 0.0642548 0.075494 0.89957
0 0.186685 0.569405 0.0381807 0.0604841 0.87958
0 0.349863 0.582698 0.0437241 0.0703545 0.872207
0 0.17868 0.57586 0.0302442 0.0569372 0.869962
0 0.32069 0.572554 0.0162534 0.0354289 0.845695
0 0.229915 0.56959 0.0200802 0.0365643 0.832242
0 0.278815 0.569668 0.0236295 0.0374552 0.809164
0 0.329353 0.577076 0.0171101 0.0445933 0.807661
0 0.207109 0.567269 0.0241931 0.054813 0.789725
0 0.222991 0.57103 0.0156475 0.0384511 0.747871
0 0.261206 0.567977 0.0122588 0.0215279 0.694238
0 0.313221 0.571756 0.0126767 0.0294057 0.677366
0 0.307853 0.570865 0.0111519 0.0220762 0.661606
0 0.24637 0.569036 0.0137473 0.0298384 0.646551
0 0.257153 0.568483 0.0113642 0.0217363 0.574336
0 0.0199985 0.584159 0.039997 0.205245 0.565455
0 0.294194 0.568787 0.00850291 0.0153826 0.419418
0 0.26414 0.568221 0.00976353 0.0193914 0.409463
0 0.304347 0.569739 0.00906181 0.0192149 0.394963
0 0.333204 0.578088 0.0221518 0.0505234 0.386118
0 0.251542 0.570167 0.0108186 0.0251733 0.385716
0 0.302435 0.569537 0.00839415 0.0172908 0.37045
0 0.242185 0.569364 0.0118746 0.0321682 0.350345
0 0.296137 0.567617 0.00979557 0.0186493 0.339289
0 0.299564 0.569913 0.00819979 0.0153149 0.333157
0 0.309308 0.570613 0.0119897 0.0294037 0.292825
0 0.31661 0.572772 0.012383 0.0328008 0.276722
0 0.265609 0.567261 0.00800028 0.0160775 0.274469
