0 0.540227 0.427757 0.0281251 0.0357093 0.935067
0 0.0260841 0.477586 0.0440043 0.0465276 0.928856
0 0.375037 0.441817 0.0306838 0.0538549 0.905402
0 0.313931 0.448588 0.0297152 0.044378 0.90225
0 0.421208 0.467372 0.076474 0.121207 0.9008
0 0.222 0.442579 0.0319868 0.0356004 0.854062
0 0.245389 0.442668 0.0198549 0.0268431 0.843785
0 0.352092 0.440054 0.0170795 0.026466 0.842077
0 0.164642 0.454913 0.0458211 0.0388224 0.839999
0 0.195653 0.450046 0.0229133 0.0299137 0.835768
0 0.101065 0.464393 0.0565057 0.0486711 0.8265
0 0.0621793 0.47691 0.0321867 0.0359234 0.819425
0 0.333429 0.43664 0.0150568 0.0232876 0.758736
0 0.295222 0.434933 0.0147538 0.0270008 0.710116
0 0.127136 0.458526 0.019016 0.0345386 0.604046
0 0.345384 0.420768 0.0179502 0.0339788 0.577106
0 0.280265 0.435849 0.0142216 0.0198836 0.497621
0 0.276914 0.436788 0.0128635 0.0190706 0.370484
0 0.0703106 0.473812 0.0433899 0.0386525 0.36728
0 0.330382 0.434793 0.01339 0.0204347 0.291888
0 0.205435 0.444057 0.0116844 0.020706 0.276022
0 0.344716 0.428829 0.0156883 0.0253799 0.264583
