0 0.68458 0.508614 0.0712014 0.166025 0.931559
0 0.361455 0.521238 0.0673401 0.0887911 0.925493
0 0.20929 0.557613 0.110322 0.161134 0.913306
0 0.537023 0.497053 0.0855962 0.156696 0.91091
0 0.0887685 0.590668 0.177393 0.258256 0.903036
0 0.399651 0.512678 0.0310248 0.0627555 0.897685
0 0.288077 0.536484 0.0874665 0.125508 0.89753
0 0.647729 0.499192 0.0634507 0.138173 0.897131
0 0.825907 0.520257 0.29102 0.304321 0.868518
0 0.598852 0.488986 0.0374249 0.0536563 0.787017
0 0.459522 0.48539 0.0792801 0.0677712 0.771988
0 0.580256 0.475651 0.012628 0.0227346 0.382846
0 0.520853 0.423598 0.0449635 0.0419271 0.332881
