0 0.490392 0.528669 0.0743938 0.0934085 0.900385
0 0.933356 0.438876 0.0983427 0.0621802 0.856021
0 0.625084 0.4971 0.0283242 0.0499247 0.688819
0 0.672849 0.507232 0.0160077 0.0215997 0.497291
0 0.586264 0.49461 0.0532276 0.0995521 0.445023
0 0.640226 0.495122 0.0134455 0.0451501 0.443383
0 0.657584 0.496284 0.0228658 0.0355228 0.425473
0 0.669038 0.502449 0.0203994 0.0260786 0.276412
0 0.649383 0.499665 0.0127235 0.0285156 0.261124
0 0.642414 0.503744 0.0109581 0.0277393 0.25433
0 0.65573 0.501544 0.0189225 0.0259116 0.25378
0 0.691329 0.509593 0.0151616 0.022393 0.253586
