0 0.411753 0.161937 0.0449374 0.0688452 0.88248
0 0.0639739 0.193031 0.127509 0.191791 0.881152
0 0.6991 0.138814 0.10019 0.0941149 0.875053
0 0.191006 0.199085 0.132851 0.14318 0.83656
0 0.381753 0.153544 0.0227698 0.0317653 0.720977
0 0.432856 0.154407 0.0136293 0.0357568 0.68279
0 0.47002 0.14973 0.018048 0.0251894 0.607654
0 0.452406 0.147483 0.0236952 0.0303252 0.543225
0 0.975474 0.150647 0.0490529 0.086559 0.468269
0 0.269593 0.195433 0.0560747 0.10366 0.426758
0 0.463947 0.14838 0.0260885 0.030205 0.419523
0 0.922172 0.137641 0.0690998 0.0610196 0.407352
0 0.474577 0.150255 0.018397 0.0237111 0.370752
0 0.982434 0.12767 0.0351326 0.0409404 0.323673
0 0.937618 0.139437 0.0432322 0.0572807 0.317352
0 0.903121 0.136769 0.0863197 0.0589836 0.285383
0 0.960637 0.12296 0.0661835 0.0411504 0.268355
0 0.4541 0.152507 0.0158468 0.0215472 0.267455
0 0.435164 0.150405 0.0135134 0.0313011 0.258135
