0 0.175364 0.395535 0.0269312 0.0268343 0.90433
0 0.0402947 0.403236 0.0649504 0.0512795 0.904302
0 0.360727 0.41576 0.151943 0.0885954 0.894103
0 0.805714 0.403944 0.145806 0.0891261 0.886358
0 0.436678 0.396038 0.0447129 0.076198 0.781781
0 0.456984 0.361813 0.0525176 0.126726 0.774605
0 0.429062 0.408526 0.0465134 0.0713611 0.768081
0 0.259106 0.387976 0.0186243 0.022024 0.692081
0 0.5205 0.388775 0.0167174 0.0227415 0.615929
0 0.00609021 0.402303 0.0121792 0.0424316 0.593754
0 0.496291 0.38835 0.0122934 0.020625 0.585042
0 0.0938633 0.398355 0.0278392 0.0319433 0.531455
0 0.147111 0.394109 0.0199447 0.0243464 0.520528
0 0.388769 0.371187 0.0348159 0.0212229 0.50828
0 0.485961 0.387245 0.00876722 0.0203174 0.499314
0 0.211756 0.390369 0.0210077 0.0232749 0.45914
0 0.482306 0.390257 0.00828085 0.0263682 0.456594
0 0.480034 0.392581 0.00966549 0.0289912 0.354534
0 0.194494 0.392075 0.0162177 0.0219201 0.353159
0 0.11901 0.396451 0.0262779 0.0280401 0.338472
0 0.232473 0.39044 0.0170038 0.0227929 0.334354
0 0.143988 0.395956 0.0138006 0.0200065 0.329026
0 0.505074 0.383545 0.0140758 0.0248088 0.328348
0 0.615199 0.376446 0.0191953 0.0200894 0.32053
0 0.0122444 0.400244 0.0234173 0.0404353 0.319652
0 0.312378 0.387519 0.0203952 0.0258618 0.306176
0 0.362731 0.364881 0.0242032 0.0242279 0.277017
0 0.217218 0.390438 0.0132562 0.0199149 0.272473
0 0.0979366 0.398226 0.0178964 0.029001 0.267879
0 0.203771 0.392104 0.0153843 0.0211005 0.261536
0 0.00364102 0.399161 0.00728205 0.0366621 0.260687
0 0.0172761 0.395147 0.0283601 0.0340524 0.254265
