0 0.365173 0.591968 0.0811209 0.199537 0.906474
0 0.403174 0.58067 0.0434511 0.123236 0.891416
0 0.573725 0.547654 0.0410288 0.0701506 0.878492
0 0.190031 0.644889 0.371451 0.441931 0.872406
0 0.548646 0.547122 0.0285117 0.0509464 0.865106
0 0.0385681 0.827969 0.0767536 0.332421 0.857685
0 0.874524 0.628875 0.250951 0.320216 0.846693
0 0.440683 0.564234 0.0486166 0.068771 0.789945
0 0.631054 0.571644 0.0814876 0.09726 0.762033
0 0.53252 0.545576 0.0142298 0.0339086 0.68831
0 0.423753 0.576224 0.0289818 0.0776365 0.683569
0 0.612286 0.548463 0.0640076 0.0725893 0.624156
0 0.463578 0.55051 0.0186262 0.0330878 0.577063
0 0.529379 0.543765 0.0150975 0.0268828 0.568938
0 0.436898 0.549781 0.0443959 0.0487871 0.557589
0 0.51325 0.54427 0.0150387 0.0183397 0.489569
0 0.468905 0.550007 0.0144678 0.0290358 0.468447
0 0.472681 0.552047 0.0100155 0.0222914 0.294316
0 0.460009 0.553832 0.0147689 0.0339793 0.290557
0 0.47445 0.549321 0.0104737 0.0214988 0.282407
0 0.524112 0.543936 0.0111315 0.0209854 0.280645
0 0.479354 0.548792 0.0126633 0.0185445 0.257053
