0 0.28961 0.677625 0.271899 0.283449 0.902912
0 0.404392 0.569254 0.0347269 0.0497587 0.875429
0 0.587361 0.585433 0.0844132 0.125068 0.865958
0 0.725348 0.634115 0.271313 0.343642 0.851396
0 0.457306 0.558647 0.0251359 0.0382682 0.851103
0 0.0255061 0.844142 0.0510122 0.310474 0.780985
0 0.431871 0.540112 0.0139499 0.0239983 0.673276
0 0.408958 0.534568 0.0145663 0.0195984 0.510019
0 0.415228 0.533518 0.0147614 0.0224335 0.485195
0 0.395244 0.530383 0.0109813 0.0166936 0.462416
0 0.387516 0.543122 0.0110479 0.0228165 0.44111
0 0.175101 0.54946 0.0328451 0.0353468 0.424404
0 0.421366 0.549976 0.0136807 0.0257648 0.386017
0 0.386457 0.530168 0.010828 0.0169556 0.360307
0 0.634857 0.560117 0.0246216 0.0294101 0.325721
0 0.40382 0.531796 0.0119176 0.0175702 0.318543
0 0.172358 0.55756 0.038102 0.0516936 0.318318
0 0.190783 0.584868 0.0639149 0.0879445 0.306957
0 0.399217 0.531002 0.0113255 0.0158357 0.289681
0 0.447369 0.536284 0.014249 0.0244741 0.281441
0 0.385678 0.525708 0.00920281 0.0142551 0.279146
0 0.163255 0.560236 0.0509819 0.0596697 0.278375
0 0.368829 0.526569 0.0110836 0.0152739 0.264417
0 0.411159 0.531971 0.011764 0.018062 0.261025
0 0.420526 0.534468 0.0127323 0.0177302 0.256685
