0 0.395894 0.450964 0.0125822 0.0255005 0.849449
0 0.383068 0.452386 0.0210174 0.0295904 0.824549
0 0.11754 0.450094 0.189219 0.191259 0.816929
0 0.451183 0.454743 0.0157315 0.023774 0.78523
0 0.404966 0.449914 0.0122849 0.0257012 0.729074
0 0.464547 0.457502 0.0113577 0.0161246 0.671485
0 0.31356 0.435505 0.0290923 0.0194236 0.615246
0 0.434831 0.455741 0.0139414 0.018467 0.597329
0 0.419841 0.45117 0.013021 0.0209296 0.584145
0 0.269811 0.428783 0.0208024 0.0259969 0.581498
0 0.24644 0.421887 0.0259615 0.0356881 0.518197
0 0.289198 0.432809 0.0199242 0.0209034 0.456146
0 0.438337 0.454508 0.0117846 0.0186922 0.398114
0 0.347871 0.44125 0.0117759 0.0137653 0.382196
0 0.43027 0.455561 0.0111253 0.0170202 0.367604
0 0.335931 0.439656 0.013014 0.0144346 0.356626
0 0.324815 0.436681 0.0189452 0.0164542 0.285404
0 0.292569 0.432678 0.0169699 0.0178597 0.281638
0 0.333175 0.439447 0.0107065 0.0127029 0.280802
0 0.342323 0.438819 0.0132454 0.017215 0.278464
0 0.327294 0.438671 0.0125884 0.0142419 0.274547
0 0.320827 0.435587 0.0153874 0.0147307 0.270792
0 0.309276 0.436995 0.0199395 0.0168435 0.267399
0 0.431892 0.452986 0.0113033 0.0184947 0.266178
0 0.399798 0.449569 0.0112108 0.0213687 0.259052
0 0.345961 0.439514 0.0128944 0.0154928 0.258174
0 0.542766 0.453828 0.0268497 0.0285979 0.257092
0 0.425952 0.452663 0.00982141 0.01706 0.255684
