0 0.765712 0.380147 0.13083 0.144468 0.907665
0 0.641939 0.398377 0.134159 0.1868 0.899082
0 0.97113 0.349976 0.0577086 0.0957984 0.894011
0 0.382693 0.472108 0.504565 0.526028 0.852362
0 0.889035 0.370697 0.124245 0.0931746 0.849824
0 0.063818 0.416416 0.127636 0.177561 0.844682
0 0.939398 0.298298 0.121065 0.111586 0.768888
0 0.686579 0.305976 0.145576 0.0806307 0.485465
0 0.716551 0.338075 0.0506593 0.0626851 0.317409
0 0.0887755 0.397552 0.0915546 0.0922936 0.312274
0 0.734238 0.342149 0.0823734 0.0714862 0.286217
