0 0.391866 0.442819 0.0572706 0.0824266 0.926161
0 0.311115 0.463537 0.121404 0.136582 0.924133
0 0.813584 0.410364 0.107862 0.101591 0.918058
0 0.509367 0.420207 0.0393596 0.0819839 0.89261
0 0.462992 0.444001 0.0890392 0.126331 0.884928
0 0.674984 0.398269 0.0231416 0.0484512 0.881726
0 0.651755 0.400735 0.0283949 0.0388373 0.875301
0 0.630935 0.404222 0.0155794 0.0325012 0.859357
0 0.617365 0.407577 0.0123273 0.0270174 0.832724
0 0.766088 0.395063 0.0758882 0.0969564 0.82496
0 0.553931 0.415224 0.0161137 0.0222549 0.823853
0 0.727525 0.362684 0.0845057 0.139955 0.793322
0 0.577006 0.410908 0.0206638 0.0286597 0.788484
0 0.527627 0.41277 0.0296522 0.0702923 0.712441
0 0.607849 0.409462 0.0116716 0.024264 0.706611
0 0.425296 0.426066 0.0247842 0.0534641 0.603239
0 0.54185 0.415 0.0122904 0.0318821 0.585344
0 0.598219 0.410289 0.0127477 0.0227351 0.584078
0 0.683089 0.401574 0.0163597 0.0488927 0.533609
0 0.425454 0.413089 0.026544 0.0471819 0.438426
0 0.61312 0.408767 0.011083 0.0249547 0.407333
0 0.625331 0.405528 0.0131402 0.0310976 0.391447
0 0.563984 0.414437 0.0108425 0.0178304 0.360069
0 0.635049 0.403899 0.0141038 0.0334057 0.351365
0 0.622348 0.405705 0.0117345 0.0278353 0.333265
0 0.592398 0.409672 0.00954075 0.020282 0.309745
0 0.558293 0.414797 0.0137132 0.0200475 0.301668
0 0.424642 0.403069 0.0274994 0.0326021 0.287555
0 0.602306 0.409745 0.0110626 0.020803 0.283408
0 0.426764 0.396991 0.0245169 0.0196659 0.268636
0 0.538202 0.422401 0.0134964 0.042013 0.267757
0 0.544405 0.413461 0.0114636 0.0326938 0.264937
