0 0.326896 0.592642 0.0537139 0.0917777 0.937356
0 0.374258 0.610757 0.0885632 0.125374 0.914097
0 0.440348 0.646945 0.151628 0.166941 0.906097
0 0.063361 0.578642 0.0331523 0.04075 0.884229
0 0.283633 0.573157 0.0349853 0.0562376 0.881018
0 0.0918922 0.5703 0.029339 0.0367259 0.87595
0 0.138105 0.560535 0.0164122 0.0238887 0.873122
0 0.123419 0.566291 0.0222642 0.0265244 0.867338
0 0.298476 0.588971 0.0337167 0.0643383 0.851499
0 0.253245 0.560413 0.0208081 0.0285948 0.848677
0 0.243518 0.551116 0.013983 0.0226306 0.840967
0 0.152697 0.55592 0.011959 0.0204561 0.73078
0 0.171392 0.551559 0.0104221 0.0145374 0.540311
0 0.161451 0.553316 0.0101854 0.01646 0.461274
0 0.180296 0.549862 0.0101827 0.0153022 0.453517
0 0.233696 0.545102 0.00909872 0.0178692 0.447075
0 0.147738 0.557674 0.0126158 0.0215685 0.442119
0 0.0240906 0.582505 0.0479111 0.332561 0.437741
0 0.0237147 0.644562 0.0474295 0.197051 0.370308
0 0.229595 0.542233 0.00892324 0.0160936 0.360279
0 0.0164724 0.577366 0.0329449 0.0209005 0.340584
0 0.0380728 0.577264 0.0220493 0.0347714 0.337386
0 0.240286 0.54858 0.0113857 0.0195899 0.337261
0 0.215301 0.541222 0.0136973 0.0180471 0.334931
0 0.156183 0.55267 0.0121703 0.0195358 0.332991
0 0.183671 0.546625 0.0103277 0.0147146 0.307488
0 0.209127 0.542056 0.0125661 0.0173269 0.306666
0 0.213526 0.544363 0.0121037 0.0154551 0.303435
0 0.175917 0.548441 0.0111338 0.0156186 0.30001
0 0.189644 0.544593 0.0118104 0.0158256 0.294237
0 0.163461 0.551003 0.0127983 0.0211253 0.283178
0 0.191498 0.542433 0.0125655 0.0166589 0.282508
0 0.221011 0.541892 0.0110294 0.0158457 0.28026
0 0.168996 0.549567 0.0110559 0.0159171 0.278846
0 0.20718 0.543902 0.00957108 0.0143419 0.271802
0 0.238316 0.546135 0.0113684 0.0168845 0.265216
0 0.134813 0.561911 0.0128476 0.0201519 0.262887
0 0.236803 0.542821 0.011253 0.0201728 0.258186
0 0.236303 0.547727 0.0106844 0.0185337 0.257573
0 0.218298 0.541192 0.0098938 0.0153152 0.254362
