0 0.12933 0.543601 0.188516 0.221096 0.936147
0 0.471048 0.508514 0.0281988 0.0453896 0.892174
0 0.301935 0.470274 0.104429 0.196141 0.870961
0 0.368335 0.508127 0.0368365 0.0648049 0.864062
0 0.393741 0.509091 0.024935 0.0428721 0.852626
0 0.0246779 0.532899 0.0493558 0.175751 0.834082
0 0.420895 0.492441 0.0164812 0.0249854 0.564439
0 0.410183 0.504 0.0190437 0.0339449 0.5614
0 0.242917 0.511288 0.0241233 0.0369 0.516873
0 0.218226 0.505234 0.0454446 0.0525855 0.500609
0 0.44765 0.494406 0.0164649 0.0232663 0.492245
0 0.532005 0.495807 0.0414051 0.0448586 0.477466
0 0.521773 0.509201 0.0138049 0.0185055 0.475245
0 0.449169 0.501494 0.0180054 0.0291472 0.428588
0 0.487916 0.504773 0.0133801 0.0228836 0.403366
0 0.242524 0.495063 0.0218531 0.0328364 0.396355
0 0.435366 0.506264 0.0183109 0.0258355 0.346134
0 0.23666 0.502748 0.0340352 0.0438037 0.346032
0 0.237349 0.514067 0.0341489 0.0443003 0.329032
0 0.451008 0.506729 0.013044 0.023516 0.292956
0 0.487782 0.508386 0.0108881 0.0182515 0.291497
0 0.242815 0.488933 0.0200522 0.0230267 0.269256
0 0.230834 0.511167 0.0216338 0.0334764 0.256656
0 0.208469 0.50085 0.0299901 0.0451024 0.25621
0 0.247319 0.511045 0.0136704 0.0294656 0.254378
