0 0.273582 0.494428 0.0680001 0.0996163 0.94409
0 0.490476 0.484176 0.0687798 0.0904319 0.924668
0 0.212674 0.528383 0.118414 0.128243 0.906704
0 0.813282 0.563215 0.373435 0.326388 0.905566
0 0.621349 0.487416 0.173605 0.250605 0.904761
0 0.421504 0.473047 0.0243677 0.0421582 0.894896
0 0.308772 0.487438 0.0277342 0.066588 0.877759
0 0.329587 0.482635 0.0188573 0.0443036 0.874304
0 0.0785723 0.557311 0.15709 0.397267 0.862816
0 0.400807 0.471062 0.0175684 0.0285521 0.80961
0 0.432733 0.476357 0.0174612 0.04985 0.786822
0 0.344739 0.475366 0.0153707 0.0312819 0.772385
0 0.319103 0.484515 0.0193588 0.0543216 0.754802
0 0.957788 0.698594 0.0837402 0.324547 0.753213
0 0.452292 0.475535 0.0350146 0.0672985 0.744118
0 0.454482 0.4868 0.0226449 0.0608346 0.652171
0 0.354751 0.471838 0.0137641 0.023568 0.621241
0 0.361056 0.470562 0.0140882 0.0224055 0.559371
0 0.378439 0.470899 0.0155546 0.0188672 0.4329
0 0.386507 0.47165 0.0107894 0.0171068 0.394617
0 0.349759 0.473836 0.0130181 0.0269821 0.388973
0 0.409655 0.472302 0.0102353 0.0266474 0.334083
0 0.443861 0.481031 0.0190516 0.0530197 0.288934
0 0.389566 0.471306 0.00984292 0.0185991 0.28707
0 0.382329 0.471601 0.0130292 0.017401 0.286531
0 0.37524 0.47199 0.0120525 0.0179019 0.283167
0 0.33798 0.478669 0.0132046 0.0402886 0.260432
