0 0.466032 0.649721 0.020468 0.0335483 0.911751
0 0.514112 0.666739 0.0448457 0.0613368 0.898923
0 0.457133 0.643584 0.0156624 0.0291041 0.854583
0 0.52831 0.678886 0.0513328 0.0650614 0.848891
0 0.486139 0.661987 0.0274265 0.0404455 0.837694
0 0.469547 0.654804 0.0187576 0.0335829 0.831246
0 0.736373 0.634351 0.0532441 0.03513 0.812333
0 0.969424 0.648693 0.0597477 0.0553506 0.780774
0 0.424642 0.630302 0.0112533 0.0172635 0.652242
0 0.797108 0.639161 0.0474789 0.0333944 0.629434
0 0.680315 0.633112 0.0239157 0.0212886 0.614078
0 0.648645 0.631885 0.0409328 0.0245962 0.604854
0 0.702042 0.632877 0.0282971 0.0241918 0.588877
0 0.829438 0.637954 0.0267595 0.0239794 0.562424
0 0.852702 0.641934 0.057486 0.0373245 0.538436
0 0.770749 0.638068 0.0333949 0.031821 0.507922
0 0.805167 0.640676 0.0335042 0.0286385 0.50259
0 0.982271 0.65185 0.0354578 0.0602203 0.498424
0 0.555611 0.640996 0.013276 0.0130659 0.48283
0 0.588084 0.639389 0.0243337 0.0140661 0.467128
0 0.837603 0.64259 0.0403795 0.0310708 0.456636
0 0.663014 0.633258 0.0303077 0.0241384 0.43701
0 0.893133 0.643308 0.0219393 0.0339296 0.435878
0 0.632482 0.633498 0.0170398 0.0187815 0.433757
0 0.716478 0.634606 0.0380667 0.0285739 0.386259
0 0.828881 0.632565 0.0259745 0.0196277 0.381695
0 0.909049 0.647064 0.0538975 0.0404589 0.36871
0 0.877871 0.645417 0.0532291 0.0395442 0.367185
0 0.862348 0.63164 0.040456 0.0236281 0.365587
0 0.454995 0.640221 0.0117911 0.0242762 0.346354
0 0.643257 0.632457 0.0263854 0.0221085 0.323639
0 0.676004 0.634216 0.0172751 0.0202944 0.319026
0 0.583417 0.639584 0.0150819 0.012507 0.313452
0 0.686212 0.632563 0.0210642 0.0206016 0.31289
0 0.664255 0.6303 0.0171356 0.0196603 0.311183
0 0.458817 0.649412 0.012316 0.0283741 0.309043
0 0.972288 0.637573 0.0554237 0.035662 0.297875
0 0.919929 0.648728 0.0322781 0.0375137 0.291953
0 0.594635 0.640193 0.0127304 0.0106291 0.284329
0 0.693426 0.63476 0.0310205 0.0234673 0.283415
0 0.985719 0.623278 0.0285619 0.0334403 0.282526
0 0.89481 0.636004 0.0185406 0.021932 0.271639
0 0.704103 0.631703 0.0208064 0.0189141 0.269117
0 0.449556 0.635744 0.0119137 0.0210432 0.263666
0 0.98666 0.612271 0.0266796 0.0349509 0.256801
0 0.671205 0.631415 0.0161369 0.0191618 0.253946
0 0.710613 0.633715 0.0239639 0.0234268 0.252776
