0 0.226558 0.476146 0.191418 0.191264 0.928334
0 0.570344 0.392669 0.104679 0.188059 0.904025
0 0.459405 0.421667 0.0782412 0.131949 0.903548
0 0.317793 0.399126 0.0291329 0.0554533 0.902663
0 0.341224 0.412441 0.0334076 0.0400206 0.869555
0 0.369564 0.406739 0.0280098 0.0365518 0.863219
0 0.501518 0.41 0.0171309 0.0341119 0.847862
0 0.284171 0.403218 0.0549979 0.0642554 0.84042
0 0.165835 0.425566 0.0963232 0.116869 0.810522
0 0.401304 0.406153 0.0147264 0.0210985 0.763569
0 0.389971 0.405459 0.0133209 0.0204707 0.722156
0 0.837052 0.417934 0.0648338 0.0707097 0.717664
0 0.0637152 0.419776 0.0387797 0.0433363 0.690638
0 0.0253674 0.418764 0.043405 0.0472944 0.655199
0 0.107207 0.416071 0.0230467 0.0336004 0.626557
0 0.781875 0.417317 0.0500731 0.0483899 0.619628
0 0.0897862 0.417383 0.027056 0.0356898 0.613934
0 0.130434 0.402138 0.0318167 0.0500687 0.604687
0 0.676297 0.41179 0.0319858 0.0373386 0.600048
0 0.728303 0.412932 0.035601 0.0453644 0.593876
0 0.419617 0.403128 0.011944 0.0184131 0.592515
0 0.928042 0.433647 0.0890367 0.0765267 0.584332
0 0.645184 0.409649 0.0300878 0.0354513 0.520781
0 0.704422 0.411627 0.032183 0.0424305 0.520657
0 0.629494 0.408792 0.0171908 0.0346625 0.508587
0 0.757574 0.41249 0.0496449 0.0524283 0.451404
0 0.00969738 0.426253 0.0193948 0.0434835 0.366126
0 0.951013 0.43272 0.0764784 0.0751585 0.36079
0 0.760439 0.40076 0.0456946 0.0339339 0.358559
0 0.412429 0.404575 0.0113983 0.0167679 0.358419
0 0.395258 0.406499 0.0154996 0.0219447 0.347892
0 0.805027 0.396453 0.0240618 0.0221022 0.320141
0 0.65228 0.405738 0.0296252 0.0358924 0.314334
0 0.421448 0.401395 0.00951452 0.0169386 0.305706
0 0.988664 0.421822 0.0226716 0.0494839 0.294607
0 0.983774 0.435945 0.0322784 0.0721039 0.294429
0 0.183435 0.378273 0.0591964 0.02231 0.288216
0 0.782668 0.39596 0.0446786 0.0283759 0.27581
0 0.773569 0.417355 0.0793247 0.0629539 0.269624
0 0.111759 0.413411 0.0157242 0.0286587 0.269057
0 0.421454 0.406053 0.0114207 0.0212772 0.264291
0 0.00613767 0.430262 0.0122528 0.041805 0.263821
0 0.0590724 0.409354 0.0274659 0.0241311 0.260664
0 0.423416 0.398249 0.00953312 0.0177204 0.260266
0 0.903227 0.434587 0.0921368 0.0724772 0.260211
0 0.386053 0.40686 0.0116693 0.0195421 0.25481
0 0.98726 0.406309 0.0254795 0.0419179 0.250054
