0 0.200943 0.473263 0.0817806 0.0503109 0.909479
0 0.358989 0.469528 0.0647654 0.0473792 0.904667
0 0.810394 0.483231 0.0539645 0.062707 0.896649
0 0.464219 0.468019 0.0499718 0.0432978 0.895132
0 0.415931 0.467933 0.0468614 0.0439099 0.893031
0 0.778435 0.486255 0.0242932 0.0442034 0.873468
0 0.294366 0.474971 0.0649367 0.041036 0.854252
0 0.613593 0.474193 0.0235929 0.0266127 0.735578
0 0.501244 0.471852 0.0283483 0.0318826 0.699813
0 0.113836 0.449335 0.028604 0.034227 0.56257
0 0.559462 0.471163 0.0209529 0.027114 0.541918
0 0.0702414 0.453696 0.0251085 0.0328132 0.503045
0 0.163796 0.451996 0.0345605 0.042726 0.486481
0 0.148506 0.452825 0.0618643 0.0439662 0.447878
0 0.842105 0.484852 0.0186651 0.0384511 0.433932
0 0.102259 0.449647 0.0242155 0.0330524 0.41465
0 0.580087 0.469971 0.0331844 0.0306847 0.395738
0 0.521435 0.470996 0.0447185 0.0369134 0.354673
0 0.0909049 0.452519 0.0325611 0.0352978 0.333985
0 0.381166 0.459744 0.0244692 0.0290341 0.327146
0 0.381504 0.453191 0.0257157 0.0200841 0.326804
0 0.740099 0.470813 0.025995 0.0307154 0.326328
0 0.448505 0.438413 0.0907338 0.0509547 0.315866
0 0.556458 0.473995 0.0153266 0.0219255 0.299873
0 0.325113 0.467 0.0239375 0.0299864 0.258447
0 0.0793466 0.451508 0.0467029 0.0407761 0.256813
