0 0.232571 0.488103 0.0446445 0.0366798 0.943828
0 0.141168 0.491 0.0532781 0.0475745 0.936121
0 0.0396152 0.499504 0.0792304 0.0598153 0.916798
0 0.636967 0.487777 0.0367695 0.0479609 0.905227
0 0.563002 0.488283 0.0390176 0.0575207 0.896922
0 0.909744 0.538036 0.1288 0.112298 0.890709
0 0.262224 0.48576 0.0251924 0.0283171 0.872348
0 0.280528 0.485099 0.0214837 0.0235733 0.860777
0 0.53378 0.48565 0.0195536 0.0268492 0.85583
0 0.502652 0.484604 0.0196859 0.0277896 0.813761
0 0.336974 0.483322 0.0202713 0.018732 0.801273
0 0.210416 0.487973 0.0210149 0.030476 0.796623
0 0.374851 0.480821 0.0184963 0.0207913 0.793044
0 0.310303 0.482781 0.0292706 0.0263106 0.751667
0 0.359648 0.480814 0.0150628 0.0191047 0.740254
0 0.386963 0.477928 0.0129212 0.0173416 0.66867
0 0.517381 0.47973 0.0114777 0.0188928 0.560523
0 0.40724 0.4793 0.0135506 0.0151159 0.546059
0 0.454468 0.481775 0.0149382 0.0196808 0.531504
0 0.439719 0.476079 0.0118165 0.0151016 0.484215
0 0.196579 0.491753 0.0129954 0.0195996 0.450348
0 0.397697 0.479419 0.0117151 0.0133347 0.370677
0 0.415798 0.477436 0.0105348 0.0142027 0.337368
0 0.523893 0.482599 0.00969629 0.0193656 0.337223
0 0.410328 0.478692 0.0117219 0.0139028 0.333794
0 0.55943 0.454608 0.0233863 0.0273463 0.331011
0 0.42551 0.479986 0.0190589 0.0170347 0.329602
0 0.42811 0.478057 0.0144357 0.0146345 0.325739
0 0.452206 0.481551 0.0119806 0.0161701 0.308048
0 0.433755 0.4775 0.00906477 0.0121436 0.30755
0 0.443135 0.474646 0.0107492 0.0149723 0.299321
0 0.430654 0.478018 0.0106013 0.0126733 0.289438
0 0.521877 0.478428 0.0113535 0.0194434 0.286285
0 0.322547 0.48607 0.012784 0.0167213 0.281369
0 0.39946 0.476924 0.0119849 0.0160326 0.278795
0 0.514904 0.477952 0.0096118 0.0162974 0.270052
0 0.319331 0.486879 0.0164909 0.0171543 0.266329
0 0.491437 0.475676 0.00999584 0.0163557 0.254549
0 0.44506 0.476136 0.0113777 0.0156492 0.25234
