0 0.56676 0.520644 0.0770741 0.0934711 0.916156
0 0.0724654 0.520037 0.144931 0.119762 0.91392
0 0.464318 0.498224 0.0322547 0.0453488 0.867345
0 0.127658 0.48308 0.104128 0.122314 0.862977
0 0.629737 0.494718 0.0439049 0.0448008 0.838065
0 0.365837 0.485729 0.0226022 0.0292165 0.831792
0 0.397076 0.483023 0.0196346 0.0293337 0.789107
0 0.411664 0.477088 0.0112212 0.0173482 0.533929
0 0.48161 0.478732 0.0148546 0.0271254 0.51457
0 0.0123797 0.510283 0.0247594 0.131441 0.472676
0 0.433941 0.475826 0.0108221 0.0157808 0.430316
0 0.341977 0.479979 0.0158766 0.0193915 0.376758
0 0.0495896 0.428858 0.0974625 0.150854 0.362347
0 0.19654 0.492436 0.0266311 0.0350737 0.355999
0 0.421687 0.477559 0.00991907 0.0146088 0.352665
0 0.441102 0.473708 0.00958452 0.0145577 0.349253
0 0.451574 0.475271 0.010582 0.0158103 0.349125
0 0.0114889 0.489721 0.0229152 0.0836463 0.340286
0 0.430913 0.475942 0.0105742 0.0157159 0.32498
0 0.413989 0.476212 0.010146 0.0162042 0.324188
0 0.424393 0.477447 0.0104008 0.015391 0.324043
0 0.419499 0.476578 0.0106752 0.015253 0.318977
0 0.603061 0.495168 0.019553 0.0311701 0.301983
0 0.494805 0.489059 0.0126698 0.0171224 0.293821
0 0.480618 0.484534 0.0138391 0.0216841 0.277189
0 0.448644 0.475001 0.00967216 0.0152534 0.272722
0 0.468905 0.473065 0.0120573 0.0163016 0.272642
0 0.408849 0.477926 0.0109055 0.0186183 0.266006
