0 0.634782 0.480318 0.0714713 0.105266 0.923566
0 0.537382 0.498236 0.0896814 0.1546 0.922837
0 0.600639 0.4576 0.0238855 0.0567664 0.846515
0 0.584949 0.430097 0.0295762 0.060977 0.683398
0 0.587971 0.443789 0.0237457 0.0470849 0.641374
0 0.486866 0.433544 0.0314561 0.110492 0.574982
0 0.587511 0.452114 0.0171911 0.0378301 0.362592
0 0.502051 0.429952 0.0154937 0.0538583 0.343821
0 0.764344 0.461886 0.0180237 0.0472041 0.305358
0 0.594066 0.458314 0.0150317 0.0433092 0.273199
0 0.52351 0.409368 0.037262 0.0396523 0.273117
