0 0.265846 0.611047 0.132073 0.175532 0.907708
0 0.364156 0.563835 0.0598309 0.0762999 0.907048
0 0.438341 0.510922 0.0596286 0.142014 0.88795
0 0.934231 0.499902 0.131115 0.257165 0.865406
0 0.515936 0.526143 0.01925 0.0287769 0.852476
0 0.484196 0.533326 0.017574 0.0275297 0.812805
0 0.469537 0.527127 0.00841379 0.0180739 0.388927
0 0.505221 0.523865 0.00917912 0.018032 0.372041
0 0.500517 0.521854 0.00826664 0.014634 0.359431
0 0.4719 0.524652 0.00893641 0.0156274 0.316224
0 0.502319 0.522236 0.0091691 0.0179459 0.256962
0 0.329322 0.568447 0.0186346 0.0365818 0.256196
0 0.499593 0.518627 0.00822468 0.0136451 0.253263
