0 0.40084 0.565512 0.0659703 0.0944909 0.899529
0 0.273692 0.574542 0.119825 0.124934 0.895276
0 0.565377 0.526852 0.023842 0.0429635 0.854769
0 0.0594289 0.601385 0.118858 0.314193 0.825455
0 0.548969 0.537409 0.0194121 0.0280501 0.806075
0 0.589319 0.53476 0.0143369 0.0213069 0.639728
0 0.581082 0.533859 0.0115867 0.0198346 0.515161
0 0.191182 0.528019 0.0666099 0.0634484 0.42385
0 0.327089 0.552289 0.0268822 0.0638758 0.37827
0 0.120835 0.573975 0.0299658 0.1759 0.309246
0 0.121888 0.596614 0.0266515 0.111765 0.302533
0 0.632205 0.535958 0.0145531 0.0304398 0.299014
0 0.171542 0.537252 0.0410464 0.0461187 0.273197
0 0.483976 0.527213 0.0238361 0.0345003 0.272057
0 0.180891 0.536261 0.0525131 0.0526177 0.269284
0 0.314854 0.550994 0.0524491 0.076778 0.268341
0 0.332686 0.544811 0.0222165 0.0437581 0.261515
0 0.468844 0.533272 0.0203119 0.0285311 0.260582
0 0.570718 0.526709 0.0224041 0.0383772 0.259547
