0 0.587382 0.450433 0.0492621 0.0860101 0.909518
0 0.349861 0.469026 0.106724 0.102816 0.907626
0 0.442178 0.490802 0.0944799 0.133615 0.895387
0 0.209985 0.459112 0.137477 0.0956602 0.85532
0 0.553815 0.452593 0.0228055 0.0364568 0.84952
0 0.499265 0.462473 0.0245234 0.0339871 0.751226
0 0.0419957 0.429967 0.0834721 0.131225 0.648722
0 0.519781 0.456963 0.0140236 0.0235775 0.609272
0 0.987555 0.454063 0.0248898 0.0667094 0.58307
0 0.528298 0.449871 0.0119389 0.0216171 0.456144
0 0.538439 0.449115 0.0131228 0.0239597 0.405502
0 0.514448 0.458996 0.012943 0.024164 0.334324
0 0.524982 0.451536 0.0124216 0.0218297 0.304602
0 0.605646 0.414126 0.0400081 0.0655314 0.304146
0 0.563499 0.428706 0.0135367 0.0231472 0.283278
0 0.522643 0.456712 0.0104972 0.0199158 0.268629
0 0.533639 0.448631 0.0102242 0.019132 0.259978
