0 0.15031 0.259646 0.0714645 0.0921292 0.922378
0 0.239693 0.220117 0.031922 0.0443381 0.908442
0 0.191639 0.294514 0.0957505 0.115576 0.908189
0 0.263049 0.213171 0.02094 0.0299014 0.886387
0 0.287213 0.217706 0.0275591 0.0420036 0.87231
0 0.408699 0.230219 0.0468923 0.0645899 0.869379
0 0.673614 0.512995 0.281708 0.308149 0.816178
0 0.387625 0.214192 0.0170954 0.0317896 0.80172
0 0.0895148 0.231097 0.0725329 0.060312 0.79703
0 0.19814 0.223058 0.0364333 0.0363243 0.767541
0 0.308686 0.214539 0.0155139 0.0179444 0.697199
0 0.350517 0.213651 0.013781 0.0163723 0.464742
0 0.324345 0.216023 0.011584 0.0152479 0.452438
0 0.218238 0.225016 0.0157782 0.0307287 0.31481
0 0.0293902 0.243993 0.0587803 0.0691427 0.288408
0 0.039514 0.245391 0.0489489 0.0562525 0.2606
0 0.354249 0.214909 0.0113735 0.0138037 0.256479
