0 0.0713739 0.353893 0.0585163 0.0935905 0.925144
0 0.136347 0.373085 0.13704 0.140637 0.92061
0 0.300834 0.349268 0.0413161 0.0567265 0.914572
0 0.42239 0.387359 0.0760429 0.101517 0.912396
0 0.201699 0.341371 0.034317 0.0461636 0.884593
0 0.265879 0.336872 0.0313354 0.047958 0.873468
0 0.349603 0.340967 0.0173433 0.0374778 0.854838
0 0.224174 0.340644 0.0235654 0.0395887 0.83107
0 0.388754 0.37209 0.0372817 0.0751168 0.82414
0 0.038374 0.349886 0.046226 0.0703633 0.82234
0 0.375392 0.359206 0.031317 0.0571123 0.779245
0 0.364208 0.346961 0.0282022 0.0504006 0.766972
0 0.244061 0.331672 0.0159153 0.0237648 0.660317
0 0.341 0.334556 0.0145572 0.0307602 0.606784
0 0.333845 0.330811 0.0131522 0.026216 0.540304
0 0.318412 0.342003 0.016333 0.0390279 0.526408
0 0.285171 0.3271 0.0167615 0.0299614 0.524067
0 0.357171 0.348645 0.0177094 0.038994 0.414459
0 0.367037 0.327932 0.028021 0.0379741 0.393587
0 0.330442 0.326202 0.0149877 0.0272728 0.377863
0 0.325788 0.328957 0.0112942 0.0246311 0.34891
0 0.328349 0.33056 0.0126616 0.0287383 0.343428
0 0.33654 0.334541 0.0131074 0.0299079 0.318242
0 0.233923 0.330982 0.0121632 0.0216791 0.307783
0 0.322422 0.338556 0.0131619 0.0338647 0.303477
0 0.284368 0.319328 0.0195685 0.0361388 0.289386
0 0.318291 0.331324 0.0141693 0.0256573 0.281817
0 0.317275 0.334621 0.0188496 0.0371591 0.280749
0 0.330908 0.33257 0.0120251 0.0270348 0.278628
0 0.325712 0.321145 0.0112716 0.0175117 0.271415
0 0.345805 0.340559 0.0137024 0.0305647 0.270536
0 0.332568 0.321921 0.0145271 0.020218 0.257455
