0 0.352036 0.445577 0.0833339 0.117677 0.926083
0 0.715319 0.401215 0.0482414 0.0492801 0.923543
0 0.687637 0.39715 0.0264636 0.0402273 0.900606
0 0.680783 0.391744 0.0297942 0.044617 0.881235
0 0.63205 0.385212 0.0292683 0.0490224 0.871355
0 0.663943 0.390196 0.0185575 0.0397217 0.849223
0 0.468989 0.469009 0.189053 0.337398 0.841228
0 0.584018 0.391079 0.0251806 0.0396313 0.830783
0 0.652911 0.391862 0.0132627 0.0319002 0.749403
0 0.383467 0.37719 0.029412 0.0348607 0.513226
0 0.61089 0.385665 0.0127957 0.0201782 0.507311
0 0.981603 0.352296 0.0365211 0.339646 0.491012
0 0.567708 0.383007 0.00942411 0.020025 0.441349
0 0.598767 0.385333 0.0115727 0.0210666 0.404243
0 0.546073 0.384071 0.0112375 0.0305552 0.38586
0 0.558369 0.380043 0.0128289 0.0183094 0.380883
0 0.562184 0.383152 0.0164661 0.0248064 0.370384
0 0.648771 0.387253 0.0119481 0.0269121 0.353307
0 0.614858 0.384897 0.0103932 0.0192854 0.345663
0 0.545201 0.386175 0.014268 0.0438239 0.331869
0 0.607662 0.385521 0.010897 0.018495 0.31289
0 0.602334 0.384844 0.0105796 0.0190457 0.307246
0 0.569966 0.386241 0.00966759 0.0205699 0.298934
0 0.660395 0.393253 0.0140199 0.0350135 0.278824
0 0.55826 0.399131 0.0238707 0.0491516 0.259409
0 0.550139 0.380857 0.0116352 0.0195587 0.257557
