0 0.665288 0.588964 0.156513 0.227512 0.919911
0 0.904029 0.630627 0.191943 0.150122 0.912234
0 0.208507 0.591469 0.0963695 0.0883565 0.903021
0 0.498924 0.591853 0.0501341 0.0824019 0.861446
0 0.358809 0.586166 0.0611437 0.0517953 0.853511
0 0.560675 0.573571 0.0222539 0.0336953 0.834728
0 0.447934 0.568016 0.0187715 0.0271913 0.791038
0 0.543874 0.561739 0.0151338 0.0224528 0.720752
0 0.463468 0.569258 0.0180674 0.0259193 0.625684
0 0.522984 0.574138 0.0162832 0.0309457 0.608773
0 0.529065 0.559042 0.0115169 0.0180366 0.476414
0 0.477274 0.562949 0.0147131 0.0237937 0.474959
0 0.979634 0.620561 0.0407322 0.0885834 0.423464
0 0.578132 0.557342 0.0129972 0.0252014 0.377022
0 0.380096 0.579649 0.021316 0.0400052 0.367187
0 0.589624 0.558331 0.0146495 0.0286316 0.339345
0 0.524488 0.568806 0.0154101 0.0273234 0.295373
0 0.575253 0.559352 0.0115208 0.0229557 0.259803
0 0.499381 0.56247 0.035276 0.02684 0.251826
