0 0.935222 0.68887 0.0177826 0.0361504 0.912618
0 0.58561 0.713243 0.0817618 0.111135 0.908858
0 0.684088 0.719176 0.0914434 0.110689 0.898294
0 0.739018 0.70019 0.0173408 0.0478707 0.882762
0 0.882522 0.688381 0.0390161 0.0540037 0.866848
0 0.634619 0.713517 0.0262955 0.0662001 0.85533
0 0.958547 0.688752 0.0253735 0.0437644 0.841872
0 0.90817 0.680663 0.0236553 0.0341005 0.824483
0 0.777679 0.712838 0.0662104 0.0873752 0.823102
0 0.918393 0.689257 0.0238516 0.0289193 0.82064
0 0.983067 0.692065 0.0323744 0.0479272 0.788935
0 0.829869 0.674948 0.0347488 0.046009 0.736117
0 0.697581 0.677467 0.0734644 0.114234 0.734559
0 0.649209 0.68324 0.0216372 0.0242282 0.686978
0 0.953046 0.684425 0.0300144 0.0475452 0.579742
0 0.854884 0.681967 0.0163128 0.0220032 0.579404
0 0.78355 0.678833 0.045878 0.0419449 0.566867
0 0.994067 0.704779 0.0118657 0.0564075 0.541721
0 0.80929 0.682933 0.0134624 0.0261193 0.441015
0 0.899562 0.683061 0.0373642 0.0435259 0.408063
0 0.781227 0.695103 0.0584078 0.0676276 0.406137
0 0.75476 0.666115 0.0185884 0.0299918 0.398345
0 0.851353 0.683759 0.012524 0.0209028 0.353457
0 0.860017 0.683106 0.0135485 0.0239933 0.341674
0 0.991288 0.701639 0.0152672 0.053191 0.339221
0 0.864355 0.676291 0.0136536 0.0290524 0.33376
0 0.748985 0.687238 0.013644 0.0317508 0.331695
0 0.750712 0.67696 0.0182914 0.0326263 0.33156
0 0.94519 0.689245 0.0169529 0.0385301 0.325069
0 0.863092 0.682314 0.0114101 0.0223933 0.307835
0 0.969105 0.690232 0.0194235 0.0427017 0.285779
0 0.913908 0.685005 0.0248468 0.0304771 0.285451
0 0.747895 0.693737 0.0143728 0.0352626 0.272047
0 0.809381 0.677406 0.0126497 0.0203461 0.269712
