0 0.337636 0.555984 0.065658 0.092906 0.935974
0 0.435148 0.548558 0.0436875 0.065605 0.915917
0 0.68594 0.465511 0.0513494 0.0357179 0.757973
0 0.406284 0.539212 0.015062 0.0216298 0.749873
0 0.933003 0.368626 0.115039 0.0680169 0.736153
0 0.645112 0.477712 0.0284956 0.0334405 0.715713
0 0.376288 0.537225 0.0123281 0.0175312 0.633974
0 0.744925 0.443859 0.0678718 0.0392361 0.606391
0 0.165081 0.544292 0.0577658 0.0552929 0.586453
0 0.569281 0.502156 0.0412745 0.0267195 0.566659
0 0.815086 0.414751 0.0807598 0.0556617 0.512233
0 0.222843 0.542213 0.0259834 0.0417875 0.483459
0 0.415445 0.53344 0.0113095 0.0230411 0.477113
0 0.582167 0.498756 0.0245621 0.0278105 0.440305
0 0.538166 0.507862 0.0137247 0.0254038 0.396932
0 0.387798 0.536555 0.0106609 0.0147088 0.382017
0 0.203188 0.544575 0.0262905 0.0401484 0.345234
0 0.802252 0.416594 0.0571491 0.04616 0.3131
0 0.985351 0.335881 0.0292978 0.0449932 0.294353
0 0.556251 0.50693 0.0160877 0.020393 0.284271
0 0.56108 0.504717 0.0256147 0.0224113 0.279816
0 0.364492 0.536197 0.0111153 0.0197812 0.25128
0 0.584179 0.497573 0.0171425 0.0229328 0.250907
0 0.24143 0.546545 0.0146189 0.0275565 0.250329
