0 0.2117 0.481192 0.0624865 0.0617454 0.923335
0 0.298712 0.463825 0.0345572 0.0447242 0.891669
0 0.489505 0.46835 0.0198257 0.0349221 0.891055
0 0.245229 0.473202 0.0386724 0.0564987 0.874593
0 0.343912 0.464978 0.0362684 0.047974 0.864362
0 0.519123 0.48918 0.0381081 0.0469355 0.854405
0 0.0295303 0.507874 0.0590607 0.115494 0.848989
0 0.507945 0.478122 0.0342134 0.0427346 0.838965
0 0.318427 0.461374 0.0157853 0.0371029 0.79525
0 0.398954 0.451111 0.0142849 0.0245614 0.772796
0 0.47768 0.462052 0.0149685 0.0291767 0.762202
0 0.371548 0.450795 0.0120982 0.0222502 0.69421
0 0.386842 0.441998 0.0157964 0.0304123 0.685811
0 0.432334 0.445496 0.00988226 0.013473 0.685223
0 0.471847 0.457361 0.0133801 0.0243496 0.604118
0 0.467416 0.454253 0.0110877 0.0204391 0.55304
0 0.36091 0.452976 0.0140894 0.0260245 0.527702
0 0.457678 0.449274 0.00892429 0.0155701 0.507261
0 0.483406 0.466139 0.0164541 0.0306093 0.417407
0 0.380281 0.445029 0.0131031 0.0245056 0.379623
0 0.404775 0.448344 0.0112432 0.0181651 0.375909
0 0.459588 0.450453 0.00868063 0.0161753 0.373045
0 0.493624 0.471373 0.0177977 0.0383082 0.355723
0 0.366323 0.452561 0.0125794 0.0236676 0.354574
0 0.323278 0.459605 0.0122078 0.0334515 0.344885
0 0.464484 0.452657 0.00973825 0.0175463 0.343647
0 0.498097 0.475696 0.0204223 0.0392783 0.319646
0 0.470929 0.463538 0.0113784 0.0231323 0.264291
0 0.358122 0.454762 0.0111333 0.0235764 0.26079
0 0.462868 0.449331 0.00992298 0.0181941 0.259973
