0 0.229548 0.603836 0.0698632 0.132607 0.90664
0 0.479054 0.60664 0.0810806 0.0695857 0.899141
0 0.374156 0.588299 0.0616105 0.0674171 0.896759
0 0.817844 0.761984 0.363562 0.414081 0.887969
0 0.110433 0.635134 0.220867 0.248799 0.886062
0 0.333135 0.58955 0.0312997 0.048258 0.882882
0 0.587858 0.623517 0.159527 0.185897 0.882737
0 0.284005 0.585825 0.0310762 0.0414634 0.858653
0 0.257721 0.583619 0.0343369 0.0931498 0.696448
0 0.97831 0.883561 0.042786 0.223804 0.613145
0 0.31255 0.586204 0.0243461 0.0298118 0.543307
0 0.0156254 0.557252 0.0306992 0.0521083 0.351933
0 0.682254 0.624026 0.0293544 0.0410405 0.337002
0 0.675432 0.605868 0.0475154 0.0664234 0.315615
