0 0.114712 0.581001 0.0852509 0.0727659 0.944123
0 0.206008 0.584127 0.0655929 0.0599333 0.911579
0 0.282131 0.588947 0.0619451 0.0632979 0.905807
0 0.247076 0.584475 0.0304717 0.047838 0.842777
0 0.323442 0.582885 0.0295679 0.0382404 0.799721
0 0.47892 0.592324 0.0254779 0.0180781 0.69571
0 0.343117 0.581213 0.0196855 0.035713 0.60427
0 0.640612 0.602113 0.0201395 0.0195363 0.379081
0 0.565293 0.592522 0.0131499 0.0191898 0.359649
0 0.405058 0.573777 0.0135815 0.017689 0.359448
0 0.579116 0.594644 0.0111987 0.0170663 0.345978
0 0.622324 0.603162 0.0152349 0.0209527 0.31203
0 0.800173 0.616803 0.0223434 0.0221012 0.308811
0 0.396155 0.573778 0.0174212 0.0178562 0.301932
0 0.551452 0.592928 0.0203919 0.0220674 0.297751
0 0.377916 0.572057 0.0166614 0.0182746 0.296942
0 0.390313 0.57469 0.013873 0.0167041 0.274226
0 0.78041 0.615218 0.0182529 0.0193609 0.261923
0 0.531527 0.589703 0.0147152 0.0199548 0.259309
0 0.401315 0.574073 0.0198304 0.0196148 0.253644
