0 0.152847 0.491815 0.0748278 0.0772802 0.937889
0 0.0846103 0.483012 0.0661873 0.0609938 0.934641
0 0.226724 0.488544 0.0345746 0.0425897 0.914815
0 0.297872 0.489939 0.0209964 0.0368507 0.907131
0 0.364681 0.525671 0.0919492 0.156306 0.879822
0 0.268663 0.492141 0.0462802 0.0661073 0.877444
0 0.20734 0.480233 0.0225008 0.0373483 0.843117
0 0.311519 0.485276 0.0140582 0.0277488 0.718375
0 0.0125628 0.465052 0.0251256 0.0192254 0.686714
0 0.639719 0.503487 0.0314664 0.0221476 0.58289
0 0.188336 0.472065 0.0159881 0.0196825 0.56071
0 0.112946 0.466661 0.0226653 0.0271778 0.521591
0 0.242911 0.476659 0.0112733 0.0231218 0.411187
0 0.320723 0.486371 0.0102336 0.0221098 0.318196
0 0.322959 0.487085 0.0111999 0.0244897 0.306417
0 0.667615 0.482899 0.0173728 0.013609 0.285943
0 0.24461 0.482542 0.0118298 0.0316732 0.272958
0 0.244395 0.47479 0.0105491 0.0174703 0.25851
0 0.702594 0.487418 0.0218727 0.0207255 0.257043
