0 0.68163 0.479258 0.143508 0.0897139 0.924313
0 0.275471 0.467206 0.0551107 0.0681074 0.919911
0 0.374455 0.458099 0.0487802 0.0783432 0.909097
0 0.417458 0.460919 0.0323977 0.0423832 0.908215
0 0.342297 0.459505 0.0230348 0.0368079 0.895543
0 0.96787 0.422127 0.0642599 0.0724809 0.73298
0 0.907285 0.435391 0.0669497 0.052241 0.636571
0 0.399703 0.450815 0.0109637 0.0268587 0.376129
0 0.402492 0.44819 0.0109748 0.0206916 0.306109
0 0.444571 0.442531 0.0100086 0.0151733 0.289217
0 0.403781 0.452985 0.0140209 0.0289502 0.283485
0 0.438975 0.440282 0.011107 0.0153375 0.268782
