0 0.584311 0.43993 0.0239821 0.0376724 0.799659
0 0.431043 0.442 0.0310993 0.0195079 0.774822
0 0.384485 0.442874 0.0368084 0.0293549 0.757881
0 0.408417 0.441869 0.0162646 0.0202301 0.547115
0 0.565672 0.44317 0.0181889 0.0268929 0.491425
0 0.497516 0.440291 0.0188577 0.0204451 0.479386
0 0.554468 0.441743 0.0131199 0.0261025 0.469431
0 0.474712 0.438083 0.0180087 0.0204336 0.409567
0 0.470035 0.4397 0.0188915 0.0203379 0.279584
0 0.472353 0.439814 0.0122353 0.0165668 0.267475
0 0.478527 0.436251 0.0226771 0.0238088 0.264629
0 0.332469 0.436742 0.0242522 0.024969 0.253445
