0 0.134272 0.483603 0.0804776 0.0839791 0.900326
0 0.726139 0.510626 0.146262 0.162597 0.886986
0 0.286024 0.467889 0.0559163 0.0526555 0.856675
0 0.889893 0.610883 0.220213 0.357322 0.845686
0 0.639086 0.448576 0.0567823 0.0355662 0.830469
0 0.0812192 0.479176 0.044846 0.053045 0.825399
0 0.820826 0.462916 0.079983 0.0619451 0.817716
0 0.61532 0.443893 0.0393188 0.0336087 0.738132
0 0.532954 0.546443 0.145638 0.319119 0.699773
0 0.00577694 0.490658 0.0115528 0.0437032 0.646261
0 0.248171 0.438316 0.0264809 0.02489 0.527798
0 0.653495 0.450704 0.041452 0.0354709 0.491721
0 0.603878 0.44159 0.0300107 0.0319775 0.485521
0 0.696263 0.443235 0.060275 0.0435499 0.433837
0 0.88853 0.346814 0.130232 0.226231 0.430392
0 0.586265 0.436143 0.0216902 0.0288205 0.427777
0 0.811067 0.428464 0.0497541 0.0390669 0.42007
0 0.783797 0.436797 0.0309855 0.0343462 0.386076
0 0.203188 0.434901 0.0212108 0.0232457 0.347515
0 0.813373 0.421722 0.040664 0.0357517 0.34679
0 0.810911 0.456302 0.056739 0.0516934 0.313631
0 0.755379 0.433266 0.0339309 0.0230192 0.307024
0 0.623291 0.438742 0.0434476 0.0356801 0.307006
0 0.601896 0.445088 0.0182446 0.0289832 0.283933
0 0.0396383 0.438917 0.014769 0.01703 0.25106
