0 0.377953 0.475514 0.104041 0.195958 0.912744
0 0.503601 0.458625 0.0683772 0.100489 0.897499
0 0.059026 0.465148 0.0417865 0.06202 0.87749
0 0.459085 0.429846 0.0458957 0.0843948 0.871793
0 0.322785 0.44759 0.0156026 0.0534838 0.596621
0 0.0260473 0.47923 0.0358261 0.0466153 0.555396
0 0.404648 0.408479 0.0652819 0.140919 0.504192
0 0.142363 0.464805 0.0444947 0.0392644 0.350831
0 0.135199 0.458928 0.043772 0.0476239 0.341301
0 0.42886 0.45057 0.0142341 0.0468704 0.318651
0 0.204676 0.443242 0.0948672 0.0751631 0.30188
0 0.545529 0.450127 0.0286532 0.0408037 0.254206
0 0.322407 0.463406 0.0124651 0.0250836 0.251231
