0 0.38034 0.391036 0.0785085 0.0912591 0.929149
0 0.444446 0.364375 0.0483084 0.0698649 0.914723
0 0.474632 0.356829 0.0283827 0.049381 0.907534
0 0.0832848 0.515211 0.166276 0.279043 0.906792
0 0.24916 0.442318 0.173566 0.180025 0.885281
0 0.427067 0.376512 0.0474175 0.070481 0.866193
0 0.491685 0.356806 0.0157134 0.0331853 0.824464
0 0.505545 0.354209 0.0138789 0.0260215 0.697994
0 0.508686 0.353354 0.0118354 0.026079 0.534357
0 0.326211 0.370019 0.037079 0.0561215 0.389113
0 0.500337 0.355954 0.0128129 0.0288216 0.365729
0 0.599718 0.338287 0.0267913 0.0339278 0.355537
0 0.343012 0.358823 0.0247019 0.0435755 0.33039
0 0.496517 0.356976 0.0135571 0.0313592 0.328799
0 0.510867 0.354974 0.010292 0.0237707 0.312312
0 0.339517 0.372043 0.0184596 0.0368703 0.301658
0 0.268623 0.362349 0.140813 0.0852138 0.277761
0 0.333646 0.374471 0.0273192 0.0440321 0.273317
0 0.504177 0.356296 0.0103705 0.0202605 0.252852
0 0.527014 0.352046 0.0102675 0.0195223 0.251816
