0 0.445873 0.371234 0.063477 0.0973904 0.935176
0 0.722785 0.390638 0.0951713 0.106578 0.932202
0 0.871217 0.41611 0.203291 0.188603 0.926934
0 0.38869 0.397927 0.0746394 0.086863 0.906288
0 0.658204 0.372238 0.0487404 0.078556 0.894284
0 0.672986 0.382743 0.0503322 0.0798654 0.888317
0 0.62963 0.364305 0.0392511 0.0647261 0.871448
0 0.352045 0.387604 0.0380437 0.0543969 0.860071
0 0.592852 0.371692 0.0408608 0.0594477 0.836794
0 0.2501 0.376937 0.151098 0.162354 0.81928
0 0.070766 0.368975 0.140961 0.123317 0.809904
0 0.572586 0.354632 0.0151253 0.0261992 0.757539
0 0.488357 0.35239 0.0157819 0.0240458 0.73864
0 0.51677 0.346898 0.0156932 0.0192281 0.714884
0 0.550101 0.354283 0.0165953 0.0283908 0.677721
0 0.633417 0.37543 0.0227057 0.0559726 0.664438
0 0.562668 0.350498 0.0125383 0.0258726 0.571147
0 0.405327 0.345476 0.0251498 0.0258094 0.478842
0 0.503116 0.341744 0.0123828 0.0174771 0.459739
0 0.159735 0.387495 0.0476249 0.0654212 0.439787
0 0.365649 0.358249 0.0273269 0.0149928 0.435265
0 0.542943 0.340563 0.0201838 0.0228892 0.383017
0 0.506509 0.345166 0.0142892 0.0193978 0.354398
0 0.475412 0.354523 0.0116646 0.0240994 0.340667
0 0.340938 0.366795 0.0216297 0.0286107 0.312719
0 0.607734 0.351294 0.0118646 0.0185152 0.309224
0 0.566586 0.351959 0.0136542 0.0254252 0.276398
