0 0.55057 0.52047 0.0512316 0.0699812 0.919712
0 0.508837 0.509349 0.014292 0.0270109 0.885952
0 0.521495 0.512362 0.0225699 0.0400096 0.88258
0 0.500928 0.501887 0.0110463 0.021052 0.585112
0 0.465203 0.508403 0.0136174 0.0206892 0.579902
0 0.504953 0.505955 0.0133638 0.0252704 0.485005
0 0.468964 0.495771 0.0116108 0.0171058 0.430712
0 0.477953 0.488863 0.0101073 0.0148519 0.352355
0 0.471632 0.494571 0.0113295 0.0166253 0.341564
0 0.467875 0.499444 0.0119637 0.0181371 0.341352
0 0.499785 0.496917 0.0102577 0.0155692 0.337209
0 0.487497 0.489201 0.00859203 0.0136965 0.330849
0 0.474668 0.490632 0.00899429 0.0144126 0.328408
0 0.473901 0.49351 0.00816736 0.0135729 0.308292
0 0.492412 0.493112 0.0090272 0.0141763 0.295886
0 0.497721 0.499616 0.01009 0.0160322 0.287218
0 0.507513 0.504778 0.0106773 0.0191642 0.277491
0 0.484306 0.489941 0.00925884 0.0130829 0.274468
