0 0.240191 0.633674 0.0269673 0.044165 0.946242
0 0.194558 0.642813 0.0532413 0.0556775 0.901315
0 0.153992 0.630003 0.0469326 0.0626282 0.89425
0 0.0162517 0.625105 0.0325034 0.068152 0.878294
0 0.215318 0.634265 0.0373393 0.0567276 0.877624
0 0.0787305 0.639903 0.115384 0.13437 0.876489
0 0.258841 0.632726 0.0183352 0.0336132 0.81657
0 0.336336 0.637703 0.0203671 0.0279309 0.803153
0 0.317108 0.634448 0.0187535 0.0282869 0.747057
0 0.26513 0.631571 0.0144763 0.0282096 0.698155
0 0.286057 0.632473 0.0178744 0.0235652 0.691973
0 0.304141 0.634445 0.0141427 0.0239466 0.639241
0 0.270926 0.630925 0.011637 0.0214235 0.587601
0 0.130838 0.61842 0.01663 0.0303772 0.470501
0 0.350826 0.632611 0.0125589 0.0183617 0.377044
0 0.273256 0.629057 0.0100394 0.0205766 0.340965
0 0.298053 0.633922 0.00943084 0.0187169 0.326897
0 0.29572 0.629945 0.0112352 0.0204976 0.314262
0 0.300733 0.631604 0.0115379 0.0221768 0.284428
0 0.268037 0.629156 0.0112014 0.0217772 0.264498
0 0.347798 0.633878 0.0127483 0.020302 0.261718
