0 0.246784 0.560218 0.0720294 0.0786916 0.920844
0 0.0904266 0.609849 0.180853 0.259038 0.908933
0 0.418063 0.61241 0.120503 0.164201 0.884463
0 0.327186 0.556572 0.0684231 0.0838976 0.880959
0 0.374891 0.54475 0.0357903 0.0537725 0.849554
0 0.282045 0.552869 0.0251992 0.0431763 0.652384
0 0.467821 0.545857 0.0173025 0.0500775 0.581628
0 0.436673 0.533901 0.0548307 0.0514993 0.516039
0 0.399147 0.527866 0.0175539 0.0164707 0.451054
0 0.355958 0.529157 0.0132991 0.0209915 0.370862
0 0.292299 0.556496 0.0129224 0.0423971 0.336505
0 0.435668 0.522534 0.0522618 0.0293557 0.31289
