0 0.582392 0.627105 0.0316601 0.0455804 0.929153
0 0.525129 0.631554 0.0507906 0.0872289 0.922484
0 0.729195 0.645802 0.0422264 0.0457216 0.916327
0 0.614379 0.631004 0.0252804 0.0325823 0.914927
0 0.794694 0.653803 0.0422885 0.04262 0.905588
0 0.46741 0.626772 0.0375319 0.0519574 0.895766
0 0.890662 0.759925 0.218677 0.297134 0.878831
0 0.670423 0.634984 0.0218959 0.0290387 0.872434
0 0.0316421 0.848993 0.0632842 0.292287 0.835446
0 0.49697 0.615384 0.0186459 0.0351774 0.833999
0 0.697539 0.638279 0.0164359 0.0245163 0.749988
0 0.713432 0.636211 0.0225078 0.0367954 0.721695
0 0.245558 0.618562 0.0273693 0.0224894 0.699603
0 0.551626 0.614875 0.0126628 0.0255831 0.606901
0 0.330442 0.617226 0.028862 0.0149901 0.461147
0 0.635834 0.624581 0.012458 0.0148894 0.408764
0 0.485358 0.616578 0.00990696 0.0220545 0.40515
0 0.355852 0.610227 0.0192061 0.0199217 0.376436
0 0.6939 0.637152 0.0170239 0.0220364 0.344558
0 0.683021 0.625435 0.0212514 0.0372648 0.343515
0 0.59919 0.620651 0.00930223 0.0162301 0.338802
0 0.710591 0.639476 0.0155621 0.0293828 0.333032
0 0.625589 0.623631 0.00862236 0.0159904 0.318619
0 0.440842 0.612845 0.0160614 0.0129523 0.3008
0 0.686511 0.633727 0.0189196 0.0262721 0.290128
0 0.567926 0.612622 0.00968752 0.0173913 0.28799
0 0.565838 0.612208 0.011098 0.0200994 0.287823
0 0.686127 0.634495 0.0123441 0.019144 0.28528
0 0.599454 0.626162 0.00980959 0.0198959 0.273985
0 0.341225 0.615054 0.0129327 0.0128031 0.268715
0 0.442886 0.612772 0.0109087 0.0101096 0.268676
0 0.356734 0.60951 0.0140289 0.0159644 0.268474
0 0.62763 0.624249 0.00869141 0.015164 0.264617
0 0.638168 0.625916 0.0108565 0.0141663 0.256928
0 0.63076 0.623339 0.0109769 0.0151506 0.253862
0 0.601247 0.624413 0.0101113 0.018271 0.253251
