0 0.36729 0.582072 0.059827 0.0765767 0.933393
0 0.567039 0.571083 0.0558393 0.0662415 0.931444
0 0.462742 0.61621 0.140942 0.204235 0.914734
0 0.205279 0.595886 0.0889167 0.0971744 0.898611
0 0.790713 0.458634 0.407647 0.564762 0.894284
0 0.116453 0.692664 0.232906 0.311598 0.886936
0 0.276185 0.563167 0.0346499 0.0335385 0.793678
0 0.320515 0.541907 0.0634536 0.0992393 0.615277
0 0.393575 0.563192 0.0209355 0.040852 0.603316
0 0.360934 0.5414 0.023828 0.0158683 0.479905
0 0.316388 0.565177 0.0496893 0.0576557 0.459175
0 0.518625 0.555015 0.0158622 0.0380161 0.452564
0 0.234267 0.569744 0.017646 0.0234553 0.316636
0 0.392505 0.552422 0.0197586 0.0293771 0.305268
0 0.40554 0.543326 0.0139662 0.0268575 0.293171
0 0.268972 0.564955 0.0296859 0.0288327 0.288426
0 0.405161 0.555477 0.0114676 0.0240448 0.274952
0 0.243658 0.570593 0.0228032 0.0217623 0.270816
0 0.0112155 0.550551 0.022431 0.0463852 0.266834
