0 0.322313 0.711532 0.084589 0.114101 0.921467
0 0.115731 0.718035 0.0711349 0.0733093 0.914641
0 0.646516 0.718112 0.185346 0.197141 0.892749
0 0.84055 0.816075 0.318296 0.366862 0.867143
0 0.461488 0.75651 0.224684 0.348724 0.858885
0 0.0562605 0.877876 0.112521 0.242556 0.749029
0 0.0350452 0.733577 0.069558 0.0659537 0.667567
0 0.201986 0.698687 0.0482021 0.058706 0.571954
0 0.279241 0.690257 0.0271541 0.0424349 0.370945
0 0.0344469 0.711656 0.0688938 0.0664346 0.298447
0 0.254212 0.694317 0.0273273 0.0370963 0.278897
0 0.0169636 0.737675 0.030272 0.0614544 0.262449
0 0.366278 0.67369 0.0150453 0.0327744 0.254061
