0 0.519272 0.483173 0.0879887 0.116645 0.910361
0 0.233734 0.480086 0.096451 0.110969 0.908237
0 0.387889 0.427328 0.0328303 0.0434933 0.900411
0 0.589944 0.456649 0.0566984 0.0737432 0.899868
0 0.334372 0.478535 0.120866 0.172206 0.888543
0 0.453277 0.423609 0.0273336 0.0400489 0.868547
0 0.55856 0.429229 0.0279243 0.0410663 0.855242
0 0.42155 0.419335 0.0146205 0.0285638 0.838936
0 0.954267 0.462011 0.0914371 0.179073 0.831891
0 0.405253 0.420376 0.0234303 0.0406047 0.810002
0 0.29124 0.454444 0.0355773 0.0543722 0.782556
0 0.547556 0.414762 0.0290256 0.0305333 0.763411
0 0.429888 0.416928 0.0120148 0.0259781 0.753898
0 0.479425 0.406972 0.0136933 0.023181 0.731796
0 0.498867 0.418037 0.0247195 0.0295263 0.614859
0 0.532442 0.409156 0.0185753 0.0299827 0.60183
0 0.516014 0.407448 0.0117863 0.018787 0.585165
0 0.499802 0.410891 0.0208989 0.0218113 0.548043
0 0.36044 0.417484 0.0167577 0.0241689 0.450131
0 0.335337 0.414715 0.0558344 0.0388633 0.434111
0 0.436289 0.41528 0.0107606 0.0232802 0.418189
0 0.501333 0.405785 0.0145861 0.0152334 0.417624
0 0.467677 0.409876 0.00993433 0.0187141 0.413974
0 0.432819 0.415172 0.0112352 0.0237832 0.378795
0 0.418122 0.420385 0.0138067 0.0312166 0.37629
0 0.424691 0.417386 0.0131083 0.0295802 0.351436
0 0.563704 0.441799 0.0239297 0.0493161 0.33444
0 0.525638 0.409702 0.0118485 0.0208749 0.311131
0 0.443488 0.411696 0.01152 0.0220157 0.30319
0 0.573652 0.44477 0.0353691 0.0533776 0.294359
0 0.440402 0.411287 0.0103945 0.0193936 0.294119
0 0.477326 0.404736 0.0120242 0.018634 0.290531
0 0.325846 0.420604 0.0406322 0.0316784 0.288704
0 0.384182 0.435851 0.0292709 0.0416187 0.286924
0 0.382568 0.466217 0.0293198 0.0679013 0.284547
0 0.434483 0.411921 0.0109264 0.020451 0.281465
0 0.494628 0.406167 0.0108183 0.0139913 0.281457
0 0.517208 0.420226 0.0231265 0.0301961 0.281342
0 0.529011 0.409327 0.0132734 0.0242913 0.27884
0 0.486963 0.405094 0.00891008 0.0168474 0.276851
0 0.519145 0.408433 0.011022 0.0200638 0.270746
0 0.455785 0.408781 0.0105153 0.0177151 0.254049
0 0.318304 0.421025 0.0270601 0.0286624 0.251337
