0 0.628671 0.554485 0.0526925 0.104043 0.957745
0 0.603516 0.546315 0.0427903 0.0813156 0.920666
0 0.440468 0.531569 0.0283024 0.0619548 0.916412
0 0.326998 0.557374 0.0406143 0.0693007 0.915285
0 0.701521 0.555509 0.135012 0.181572 0.914991
0 0.460492 0.529163 0.0249754 0.0427894 0.912971
0 0.404852 0.543123 0.0694074 0.0960076 0.899832
0 0.832232 0.610339 0.279752 0.25796 0.896565
0 0.278371 0.568444 0.0900702 0.0932858 0.883381
0 0.0985865 0.716607 0.19713 0.479158 0.877027
0 0.586019 0.538457 0.039173 0.0701616 0.873783
0 0.556935 0.528009 0.0336119 0.0460515 0.870677
0 0.528136 0.524632 0.0134443 0.0271922 0.749254
0 0.219249 0.536634 0.075635 0.0562759 0.723897
0 0.473944 0.524617 0.0135758 0.0270474 0.718128
0 0.485021 0.522814 0.0107166 0.0171392 0.706798
0 0.505314 0.521314 0.0133448 0.0192317 0.665957
0 0.546112 0.523391 0.0262769 0.0472061 0.655843
0 0.516911 0.52142 0.00945702 0.0174316 0.580238
0 0.52529 0.525261 0.0118156 0.0251263 0.426693
0 0.496969 0.521135 0.00906591 0.0143906 0.386026
0 0.520437 0.523221 0.00969667 0.0186747 0.364426
0 0.523148 0.521833 0.0106214 0.0227283 0.320011
0 0.495305 0.522266 0.00783901 0.013029 0.313343
0 0.374116 0.536469 0.0127313 0.0432317 0.309517
0 0.539391 0.525457 0.0169149 0.0398827 0.305609
0 0.535395 0.523998 0.0152887 0.0349174 0.295818
0 0.260602 0.520935 0.0434128 0.0238692 0.292875
0 0.481372 0.52307 0.00986052 0.0197247 0.283189
0 0.531753 0.525504 0.0125289 0.0293045 0.255637
