0 0.183142 0.648741 0.0498642 0.0387327 0.905438
0 0.370405 0.640041 0.019736 0.0295802 0.838643
0 0.405463 0.638762 0.0182154 0.030019 0.828551
0 0.316488 0.638902 0.019345 0.0196255 0.747758
0 0.383891 0.630275 0.0143354 0.0232627 0.654739
0 0.388457 0.62907 0.0124386 0.0200073 0.38066
0 0.382673 0.633364 0.0112145 0.0184519 0.37889
0 0.422015 0.623503 0.01639 0.0253869 0.358312
0 0.422164 0.629505 0.0138143 0.0208087 0.336408
0 0.397248 0.627948 0.0104757 0.0177736 0.305211
0 0.358592 0.637585 0.0137368 0.0204146 0.30427
0 0.439371 0.623768 0.0179677 0.0228032 0.278517
