0 0.544102 0.754914 0.0996716 0.16594 0.93458
0 0.500592 0.738714 0.0444354 0.107665 0.919964
0 0.638948 0.799015 0.182102 0.301579 0.909994
0 0.821699 0.703659 0.356601 0.589643 0.863477
0 0.0290106 0.784957 0.0580211 0.248017 0.853294
0 0.31233 0.700971 0.034517 0.0419027 0.686607
0 0.453803 0.696178 0.0152439 0.0250034 0.562829
0 0.415617 0.694139 0.0190298 0.0231125 0.540552
0 0.393801 0.69451 0.0152869 0.0233821 0.509129
0 0.476464 0.738517 0.031625 0.0690087 0.451925
0 0.294508 0.702389 0.0208799 0.0329466 0.372467
0 0.434849 0.694151 0.0139557 0.0214296 0.37127
0 0.377604 0.688392 0.0212783 0.0346656 0.325236
0 0.357068 0.692341 0.0249006 0.0319604 0.292107
0 0.423781 0.696035 0.0116447 0.0201274 0.282077
0 0.409368 0.694521 0.0123264 0.0203918 0.264818
0 0.484754 0.732731 0.0213152 0.0699436 0.262562
0 0.420675 0.695073 0.014329 0.0221692 0.257483
0 0.351197 0.694878 0.0239169 0.0286775 0.25651
0 0.471468 0.748045 0.0234691 0.0500748 0.25451
