0 0.096312 0.577064 0.0667743 0.0868718 0.904389
0 0.298535 0.560751 0.0896269 0.112413 0.898301
0 0.0539995 0.562588 0.0356293 0.0539892 0.875933
0 0.414199 0.581708 0.0887703 0.0563695 0.853204
0 0.136326 0.567183 0.0216095 0.0309847 0.845774
0 0.430773 0.559847 0.112203 0.0942832 0.515924
0 0.449888 0.567116 0.0696795 0.0791531 0.444763
0 0.356864 0.574914 0.0334691 0.047162 0.411714
0 0.806972 0.610728 0.0470116 0.0247599 0.402675
0 0.328759 0.514152 0.0960985 0.101704 0.387789
0 0.356437 0.562316 0.0352981 0.0624173 0.361581
0 0.58593 0.558945 0.0546647 0.0581338 0.357509
0 0.0736711 0.541285 0.0141823 0.0205166 0.348386
0 0.0741796 0.535046 0.0148466 0.0181342 0.33248
0 0.354812 0.545106 0.0285264 0.032694 0.301561
0 0.246453 0.556498 0.0293573 0.0432327 0.283686
0 0.0359539 0.523951 0.01293 0.0155821 0.276614
0 0.176978 0.553067 0.0439722 0.039022 0.276128
0 0.518876 0.565736 0.0592768 0.0389537 0.269536
0 0.494538 0.570249 0.0202423 0.033649 0.267015
0 0.0508942 0.525117 0.0111632 0.0141741 0.259763
0 0.187658 0.558403 0.0234486 0.0311762 0.254177
0 0.567689 0.565168 0.020662 0.0418391 0.253626
