0 0.776406 0.682604 0.154567 0.105866 0.917285
0 0.138599 0.786791 0.276103 0.300057 0.901647
0 0.450861 0.706746 0.0556204 0.0850696 0.897722
0 0.403729 0.713736 0.0409621 0.0670225 0.897721
0 0.366495 0.724402 0.0241144 0.0436522 0.892208
0 0.334555 0.720125 0.0502124 0.0612193 0.884894
0 0.286173 0.726708 0.0430752 0.0526106 0.880869
0 0.894792 0.679905 0.166195 0.180204 0.878769
0 0.380552 0.719989 0.0120028 0.02513 0.634349
0 0.309752 0.715842 0.0131551 0.0281789 0.498812
0 0.0338589 0.693945 0.0677177 0.183947 0.371267
0 0.424408 0.696764 0.0127821 0.0298274 0.339635
0 0.258667 0.705881 0.0200312 0.0306076 0.337593
