0 0.196255 0.405108 0.118885 0.119357 0.908816
0 0.402515 0.391291 0.0249759 0.0343006 0.904149
0 0.450552 0.390971 0.0193484 0.0310211 0.822983
0 0.462982 0.385218 0.0102236 0.016154 0.537283
0 0.419773 0.383869 0.0160974 0.0230904 0.44777
0 0.473767 0.404123 0.0126194 0.0295119 0.412594
0 0.477496 0.382636 0.011343 0.0174474 0.333799
0 0.251056 0.362332 0.0189664 0.0152308 0.329065
0 0.475168 0.386025 0.0104254 0.0167574 0.317602
0 0.0869439 0.318449 0.10442 0.0724909 0.306699
0 0.234135 0.360001 0.0178461 0.0175973 0.29733
0 0.473314 0.397211 0.0112875 0.0250219 0.270514
0 0.420499 0.385256 0.0113722 0.0182585 0.262691
0 0.473043 0.38429 0.00946903 0.0148105 0.256844
