0 0.440272 0.364208 0.0307 0.0477253 0.925733
0 0.888624 0.317925 0.200397 0.172221 0.912651
0 0.1373 0.391962 0.201199 0.137398 0.897013
0 0.281044 0.377088 0.0364101 0.0471469 0.8685
0 0.320385 0.369045 0.0188711 0.0346988 0.833994
0 0.305724 0.37279 0.0260409 0.0376326 0.831607
0 0.332554 0.368515 0.0146411 0.0286513 0.76133
0 0.369043 0.362411 0.0117908 0.0207133 0.729434
0 0.357989 0.364027 0.0152744 0.0239098 0.727048
0 0.343752 0.367087 0.0159255 0.0260786 0.71253
0 0.611489 0.360127 0.0691632 0.100554 0.668907
0 0.373177 0.363067 0.0118179 0.0181413 0.637935
0 0.396093 0.358894 0.00921056 0.0141059 0.606221
0 0.382577 0.362398 0.0111727 0.0163708 0.533707
0 0.387187 0.361607 0.0106285 0.0158619 0.46902
0 0.404053 0.355041 0.00907574 0.0141452 0.46727
0 0.415808 0.351556 0.0098877 0.0138889 0.401669
0 0.365924 0.362543 0.0114523 0.0209988 0.38884
0 0.399133 0.357496 0.00983505 0.0153203 0.364602
0 0.41369 0.350986 0.00850363 0.0137297 0.346136
0 0.352469 0.366582 0.0130235 0.0224857 0.345316
0 0.377764 0.362567 0.00946331 0.0160126 0.340426
0 0.406409 0.354684 0.00818739 0.0127143 0.337001
0 0.424209 0.35495 0.00927715 0.0179745 0.32085
0 0.347983 0.367876 0.0125683 0.023753 0.316521
0 0.676764 0.350906 0.19488 0.129663 0.301196
0 0.339283 0.366891 0.0152165 0.0264413 0.295019
0 0.374575 0.36057 0.0101931 0.0172368 0.289445
0 0.420432 0.352019 0.00855045 0.0140311 0.284579
0 0.424753 0.350235 0.00930443 0.0172411 0.267035
0 0.411261 0.353564 0.00860662 0.0137795 0.26053
