0 0.482787 0.498206 0.0242329 0.0427753 0.886191
0 0.505482 0.502067 0.0429395 0.0482761 0.881925
0 0.453033 0.493607 0.0232182 0.0337243 0.880719
0 0.46959 0.496789 0.0212268 0.0406625 0.856544
0 0.411609 0.48855 0.0165436 0.0223446 0.820466
0 0.433442 0.492822 0.0183213 0.0290298 0.711358
0 0.391729 0.484617 0.0108414 0.0182983 0.618144
0 0.380149 0.482604 0.0118653 0.0168009 0.541854
0 0.281399 0.487289 0.0172307 0.0261288 0.536838
0 0.268352 0.490243 0.0196326 0.0312213 0.495708
0 0.991969 0.530543 0.0160615 0.0938839 0.476706
0 0.399186 0.487162 0.0109718 0.0200204 0.469672
0 0.335837 0.482994 0.012798 0.0171921 0.452615
0 0.304018 0.485147 0.0158646 0.0218974 0.447529
0 0.318397 0.484711 0.0146528 0.0197167 0.424569
0 0.0476278 0.509087 0.0952556 0.0987932 0.423227
0 0.120869 0.492758 0.070825 0.0876216 0.415869
0 0.356385 0.479533 0.0128222 0.0165025 0.398048
0 0.297689 0.48589 0.020905 0.0249615 0.385336
0 0.314596 0.484874 0.015828 0.0211663 0.384456
0 0.44014 0.493329 0.0136713 0.0305801 0.378527
0 0.37055 0.481715 0.00887833 0.0135669 0.374396
0 0.429524 0.493222 0.0143156 0.0260466 0.372761
0 0.136695 0.479748 0.103311 0.105001 0.372297
0 0.396065 0.485286 0.0112876 0.02049 0.35987
0 0.340239 0.481766 0.0127857 0.0166789 0.351938
0 0.376319 0.482538 0.0109649 0.0155935 0.34285
0 0.203504 0.487419 0.0395373 0.0641885 0.321949
0 0.38361 0.484083 0.010356 0.0168705 0.314374
0 0.100882 0.5069 0.0548104 0.0835885 0.31051
0 0.242038 0.481764 0.0323464 0.0617944 0.306787
0 0.38716 0.483787 0.0106549 0.0170173 0.303456
0 0.867997 0.511097 0.087517 0.0921004 0.295434
0 0.34299 0.481235 0.0102811 0.0145359 0.295369
0 0.135194 0.494319 0.0454104 0.0876131 0.287087
0 0.40276 0.489797 0.0120544 0.0224731 0.286351
0 0.273592 0.48999 0.0155759 0.0270089 0.285876
0 0.447335 0.493659 0.0190369 0.0304131 0.281707
0 0.276976 0.489273 0.0152191 0.025008 0.274868
0 0.322452 0.484743 0.0139792 0.01936 0.274333
0 0.263564 0.486749 0.0240052 0.0425027 0.270455
0 0.32603 0.484324 0.0121096 0.0169866 0.267965
0 0.419993 0.491556 0.0129781 0.0272546 0.258768
0 0.293127 0.487442 0.0157729 0.0221349 0.25365
