0 0.512064 0.483458 0.0471944 0.0758781 0.940085
0 0.484921 0.479783 0.0327287 0.067345 0.912048
0 0.575696 0.499835 0.0924856 0.101064 0.91087
0 0.075933 0.546484 0.0651637 0.0747821 0.909406
0 0.247488 0.562936 0.168508 0.183713 0.900727
0 0.526879 0.494951 0.0450602 0.0779221 0.900049
0 0.461705 0.479835 0.0279199 0.0475342 0.897694
0 0.0292182 0.560203 0.0584247 0.0977263 0.889342
0 0.427632 0.471682 0.0200214 0.0275964 0.866464
0 0.342606 0.478493 0.0211177 0.0307092 0.807099
0 0.9551 0.607345 0.0897992 0.330308 0.792356
0 0.355039 0.473691 0.010601 0.0215305 0.693384
0 0.394059 0.469585 0.012048 0.0173525 0.673519
0 0.368353 0.473061 0.0178374 0.0199287 0.62335
0 0.328944 0.475222 0.0110863 0.020639 0.622104
0 0.30697 0.481082 0.0183666 0.0267146 0.600112
0 0.4063 0.469186 0.0100601 0.0166438 0.572945
0 0.318548 0.477553 0.0121148 0.0203005 0.528966
0 0.413359 0.469161 0.0113539 0.0189914 0.500039
0 0.416693 0.469212 0.00996685 0.0190504 0.376477
0 0.404071 0.468187 0.00884497 0.0148916 0.351517
0 0.362771 0.473785 0.0120564 0.0194283 0.335034
0 0.308626 0.477701 0.0137797 0.0202883 0.333802
0 0.266055 0.463024 0.0466765 0.0293842 0.321263
0 0.410532 0.4679 0.0101799 0.0183153 0.307714
0 0.401543 0.466351 0.0102521 0.0195916 0.306148
0 0.407683 0.466671 0.0111116 0.0200112 0.305069
0 0.326021 0.475043 0.0117005 0.0194361 0.289598
0 0.45448 0.479856 0.0168137 0.0417014 0.280044
0 0.467714 0.482317 0.0184566 0.0486871 0.27849
0 0.419194 0.469079 0.0150923 0.0237254 0.274281
