0 0.833103 0.744618 0.229552 0.209083 0.909405
0 0.568792 0.71188 0.0682766 0.107727 0.908065
0 0.492354 0.738851 0.113395 0.185533 0.904419
0 0.434436 0.704029 0.0204039 0.0251848 0.504498
0 0.0574248 0.737023 0.114275 0.117722 0.428652
0 0.629787 0.709024 0.0192486 0.0168179 0.30518
0 0.624705 0.709869 0.0129527 0.0157742 0.298015
0 0.53759 0.679653 0.0128371 0.0259379 0.291245
0 0.179193 0.680026 0.0156889 0.0165593 0.285399
0 0.647756 0.711402 0.0175737 0.0216705 0.283273
0 0.24515 0.682535 0.0353605 0.0173706 0.273957
0 0.635451 0.708959 0.0124868 0.014614 0.263961
