0 0.1406 0.668959 0.0683122 0.059756 0.916082
0 0.0500913 0.680555 0.066969 0.0546677 0.905692
0 0.404434 0.650577 0.055721 0.0798342 0.899563
0 0.218902 0.659875 0.0373641 0.0391678 0.870874
0 0.934147 0.76973 0.130544 0.300571 0.856417
0 0.254569 0.659862 0.0239831 0.0255325 0.827073
0 0.477278 0.644735 0.0177536 0.0236274 0.810119
0 0.453888 0.642942 0.0160195 0.0243769 0.798819
0 0.511496 0.644968 0.0210605 0.0294083 0.786859
0 0.434181 0.643357 0.0136317 0.0246562 0.721666
0 0.183455 0.662629 0.0330436 0.0467116 0.659806
0 0.371291 0.645425 0.01411 0.0174588 0.589848
0 0.274808 0.657823 0.0202632 0.0237013 0.571935
0 0.353674 0.64787 0.0155283 0.0202218 0.555705
0 0.500041 0.643515 0.0126079 0.0246511 0.541366
0 0.297002 0.652157 0.0265351 0.0323439 0.539984
0 0.30223 0.643252 0.0372712 0.0501326 0.528267
0 0.542893 0.641373 0.0196115 0.0240897 0.480136
0 0.536316 0.64253 0.0222563 0.0245809 0.471612
0 0.526775 0.640829 0.0164598 0.0236779 0.45469
0 0.441307 0.637651 0.0109793 0.0227704 0.452396
0 0.335324 0.644717 0.0144286 0.0251177 0.382959
0 0.832523 0.63576 0.0554583 0.0586097 0.381491
0 0.503832 0.630813 0.0213021 0.0345412 0.370498
0 0.48007 0.633214 0.0143347 0.0193873 0.336995
0 0.911896 0.625203 0.0438131 0.0672092 0.334669
0 0.488687 0.625029 0.00991974 0.0170425 0.330412
0 0.441326 0.631613 0.0111109 0.020576 0.323609
0 0.488149 0.629942 0.0101558 0.0161521 0.306611
0 0.884649 0.62877 0.0982218 0.0704271 0.305795
0 0.349815 0.629945 0.0267198 0.051101 0.291593
0 0.911638 0.599324 0.030237 0.0205912 0.287521
0 0.547296 0.6398 0.0121117 0.0210064 0.284442
0 0.112781 0.67117 0.0209769 0.0467455 0.279147
0 0.846679 0.635171 0.030549 0.0521356 0.275699
0 0.330739 0.637307 0.0183684 0.0338674 0.268143
0 0.492654 0.627052 0.0102069 0.0163491 0.259919
0 0.490318 0.63126 0.00998335 0.0155245 0.259533
0 0.527309 0.635855 0.0196346 0.030378 0.254976
