0 0.405691 0.369019 0.0363909 0.0831482 0.895848
0 0.532037 0.381844 0.0309861 0.047565 0.887408
0 0.43536 0.376281 0.0270468 0.0381029 0.709683
0 0.461177 0.372159 0.0200939 0.0254339 0.66717
0 0.472576 0.370932 0.01289 0.0224843 0.573072
0 0.482044 0.372251 0.0110752 0.0182243 0.54385
0 0.497853 0.374103 0.0133243 0.0165202 0.537623
0 0.513162 0.3733 0.0114987 0.0192403 0.368187
0 0.553837 0.367231 0.0196291 0.0301982 0.337955
0 0.447789 0.375792 0.0117784 0.0288337 0.331377
0 0.553453 0.35963 0.0237388 0.043197 0.329268
0 0.501636 0.375576 0.0133843 0.0165629 0.276838
0 0.503558 0.373806 0.0102469 0.0152919 0.274249
