0 0.41173 0.584863 0.0284571 0.0359777 0.412644
0 0.387593 0.590201 0.0246831 0.0390617 0.408254
0 0.290231 0.579896 0.0295538 0.0374076 0.392493
0 0.356342 0.582156 0.0241216 0.0344623 0.390389
0 0.345913 0.583686 0.0386374 0.0408305 0.377442
0 0.238658 0.582292 0.0335434 0.0389718 0.376213
0 0.317014 0.603417 0.0686536 0.0857274 0.362653
0 0.269334 0.580401 0.0285228 0.0411981 0.346351
0 0.246372 0.579923 0.0503838 0.0473034 0.338757
0 0.337346 0.585729 0.0275121 0.0374797 0.335683
0 0.421659 0.582436 0.0300612 0.0412181 0.33113
0 0.279496 0.580977 0.0413022 0.0464533 0.305489
0 0.362667 0.58567 0.0290147 0.0424455 0.289098
0 0.419005 0.576268 0.0406399 0.0562222 0.276457
0 0.403889 0.572757 0.0265472 0.0457765 0.27244
