0 0.257283 0.486801 0.249197 0.328905 0.87193
0 0.470161 0.446009 0.0355313 0.0464464 0.5047
0 0.492253 0.437543 0.0210969 0.0363778 0.452806
0 0.926171 0.403867 0.0277372 0.0340232 0.380393
0 0.511584 0.435814 0.0193724 0.0296314 0.373285
0 0.724196 0.440202 0.0324671 0.0315228 0.368738
0 0.562841 0.426552 0.0223312 0.0287847 0.358396
0 0.942405 0.396906 0.0554947 0.0454841 0.353556
0 0.53876 0.43367 0.0212308 0.0332028 0.348377
0 0.762297 0.436968 0.0347369 0.0348546 0.338564
0 0.807604 0.43723 0.0363703 0.0455241 0.335938
0 0.791484 0.437062 0.0295404 0.039594 0.316433
0 0.5129 0.428505 0.0212446 0.0339532 0.30551
0 0.606109 0.425253 0.0197803 0.0277515 0.295016
0 0.585541 0.426544 0.0205686 0.0310237 0.279646
0 0.731708 0.438932 0.0336715 0.0326333 0.267319
0 0.565198 0.431595 0.0190294 0.0229836 0.256781
0 0.453228 0.442113 0.0256707 0.0424711 0.255347
0 0.619782 0.425646 0.0298771 0.0316652 0.252153
