0 0.0114425 0.635358 0.0228373 0.0908866 0.539741
0 0.333456 0.613624 0.0311098 0.0459003 0.491226
0 0.185574 0.61477 0.0485428 0.0482783 0.429365
0 0.364142 0.60745 0.0287674 0.0402652 0.417422
0 0.382514 0.610472 0.0323199 0.0424505 0.401655
0 0.283242 0.625327 0.0466143 0.053285 0.366529
0 0.310875 0.623229 0.0321191 0.0490085 0.365715
0 0.480625 0.618626 0.0547984 0.0700699 0.320893
0 0.291248 0.602125 0.0715603 0.104694 0.287516
0 0.493501 0.628368 0.0245998 0.0375788 0.280097
0 0.289386 0.621761 0.0648852 0.0696192 0.279504
0 0.412027 0.601446 0.0312056 0.0469045 0.272527
