0 0.0859737 0.565442 0.16638 0.149909 0.623339
0 0.380211 0.524108 0.0285757 0.0384454 0.49879
0 0.308982 0.525803 0.0337949 0.040459 0.48998
0 0.300236 0.526646 0.0309859 0.0410712 0.455022
0 0.28986 0.525691 0.0328642 0.0446927 0.424183
0 0.254437 0.526185 0.0419309 0.0511527 0.42359
0 0.500447 0.535061 0.0392871 0.0495495 0.413709
0 0.273571 0.524432 0.0410586 0.0515952 0.41242
0 0.239504 0.528615 0.0339246 0.0459234 0.401925
0 0.336187 0.524735 0.0301779 0.0411109 0.389889
0 0.32758 0.525843 0.0292222 0.0394223 0.382233
0 0.454798 0.529061 0.0268952 0.0458255 0.365898
0 0.481502 0.530356 0.029339 0.0486008 0.361762
0 0.887695 0.542747 0.168223 0.150375 0.34485
0 0.475087 0.527363 0.025299 0.0453512 0.34417
0 0.414203 0.519454 0.0235901 0.0302307 0.335592
0 0.212203 0.523092 0.0370001 0.0499863 0.327092
0 0.223956 0.527287 0.0512857 0.0530435 0.325737
0 0.321232 0.528289 0.0289516 0.0390227 0.31814
0 0.207686 0.537603 0.040881 0.0451864 0.317651
0 0.755272 0.536989 0.0876808 0.0869049 0.300814
0 0.350382 0.527907 0.0284676 0.0429888 0.290965
0 0.435838 0.520335 0.0185747 0.0310869 0.285111
0 0.488994 0.529611 0.0427812 0.0558918 0.284742
0 0.776696 0.53869 0.0486277 0.0766183 0.283804
0 0.198477 0.531733 0.0544308 0.0638899 0.276878
