0 0.14832 0.488606 0.296475 0.483703 0.864009
0 0.473925 0.441371 0.034634 0.0398765 0.594504
0 0.509314 0.44053 0.0305167 0.0472102 0.53645
0 0.844228 0.522966 0.310805 0.325538 0.485103
0 0.529246 0.446342 0.0368844 0.0571052 0.431725
0 0.562236 0.450498 0.0419274 0.0663808 0.41842
0 0.588514 0.468337 0.0465933 0.0777696 0.408714
0 0.444312 0.439101 0.0208915 0.0363018 0.407351
0 0.48822 0.439664 0.0261031 0.0397639 0.405139
0 0.379777 0.44073 0.0368418 0.0492243 0.399375
0 0.387303 0.438577 0.0256646 0.0405119 0.383904
0 0.697141 0.480686 0.128222 0.209226 0.383699
0 0.312004 0.455273 0.0618474 0.080475 0.36675
0 0.336816 0.44879 0.0500209 0.0701989 0.364857
0 0.368073 0.442384 0.038188 0.0583922 0.357961
0 0.598126 0.467171 0.0543298 0.0954091 0.322849
0 0.578668 0.457314 0.0501493 0.0823078 0.322778
0 0.359549 0.445062 0.0356445 0.0595973 0.319679
0 0.298903 0.460718 0.0383038 0.070325 0.311783
0 0.643668 0.465373 0.0872666 0.163594 0.310001
0 0.547488 0.44499 0.044633 0.0714898 0.294943
0 0.538122 0.450699 0.0468117 0.0633206 0.291556
0 0.671107 0.480692 0.0957892 0.190274 0.28545
0 0.619116 0.47347 0.0644561 0.122743 0.270917
0 0.287999 0.453093 0.0545096 0.0982081 0.266321
