0 0.506102 0.37408 0.0362936 0.0428865 0.634694
0 0.632476 0.38312 0.0281896 0.0385408 0.443296
0 0.278406 0.369794 0.041758 0.0398721 0.427051
0 0.163003 0.374229 0.0428544 0.0391842 0.421659
0 0.557667 0.380591 0.0574818 0.0602195 0.418319
0 0.321887 0.365901 0.0281387 0.0299533 0.41551
0 0.948418 0.35224 0.0473082 0.042315 0.384145
0 0.235221 0.369805 0.0329681 0.0339728 0.379249
0 0.5785 0.382924 0.0273609 0.0401544 0.374145
0 0.53966 0.381859 0.0295141 0.0431805 0.359147
0 0.662166 0.37914 0.028363 0.0393672 0.354717
0 0.481217 0.36126 0.022862 0.0307073 0.340393
0 0.355483 0.365347 0.034702 0.0321442 0.327867
0 0.420225 0.361208 0.0324135 0.0314207 0.326782
0 0.546187 0.383273 0.0407496 0.0498837 0.325882
0 0.568349 0.382707 0.0456715 0.0517707 0.325323
0 0.648341 0.383201 0.054223 0.0598757 0.324011
0 0.364123 0.366145 0.0438009 0.0345498 0.310408
0 0.202481 0.372048 0.0339505 0.0342902 0.295952
0 0.609187 0.362992 0.0223596 0.0325346 0.283157
0 0.0172909 0.387363 0.0345818 0.0535511 0.275693
0 0.617104 0.362158 0.0283728 0.0366036 0.269191
0 0.444203 0.35869 0.0251772 0.0277735 0.268183
0 0.435603 0.394965 0.0407704 0.0454702 0.262074
0 0.628823 0.365516 0.02527 0.0360224 0.259252
0 0.414866 0.358354 0.0429825 0.0410533 0.257833
0 0.577217 0.376792 0.0330094 0.0571135 0.25201
