0 0.435444 0.457739 0.324454 0.346401 0.792686
0 0.898442 0.461306 0.168484 0.232744 0.624254
0 0.665219 0.429872 0.0745536 0.0900509 0.506562
0 0.788624 0.434781 0.0773652 0.128474 0.36176
0 0.029441 0.396554 0.0588819 0.0598753 0.33348
0 0.0126291 0.405717 0.0252582 0.0477856 0.33143
0 0.719417 0.43089 0.0458044 0.0565762 0.326563
0 0.737718 0.427305 0.0346132 0.0535166 0.315692
0 0.108754 0.442031 0.0521538 0.0673116 0.30845
0 0.0841837 0.39208 0.0473631 0.0458523 0.290765
0 0.615395 0.428999 0.0306845 0.0754545 0.289639
0 0.0582013 0.394383 0.0366853 0.0435237 0.285058
0 0.710217 0.431109 0.0295245 0.04954 0.282531
0 0.989959 0.425924 0.0197701 0.100586 0.272807
0 0.0643823 0.392049 0.0292814 0.0371636 0.268047
0 0.981909 0.426285 0.0361824 0.110565 0.266973
0 0.114067 0.38715 0.0329974 0.0491287 0.263786
0 0.724456 0.423116 0.0572921 0.0774095 0.262178
0 0.102152 0.388514 0.0539567 0.0519146 0.253669
0 0.749619 0.425168 0.0566072 0.0798598 0.252877
0 0.0677573 0.429067 0.133993 0.106706 0.251235
