0 0.788209 0.533744 0.304043 0.347901 0.823989
0 0.914034 0.606751 0.170991 0.470259 0.712683
0 0.185792 0.542411 0.187496 0.23933 0.510937
0 0.606172 0.493922 0.0918947 0.123208 0.483556
0 0.0743709 0.616016 0.14854 0.333228 0.470832
0 0.522787 0.482769 0.0449832 0.0644897 0.393608
0 0.551621 0.495232 0.036356 0.0646157 0.36592
0 0.497376 0.46693 0.0222249 0.043641 0.339895
0 0.455342 0.464512 0.038369 0.0426444 0.332977
0 0.514673 0.476393 0.038297 0.060309 0.309092
0 0.519013 0.467294 0.0508212 0.0870299 0.30094
0 0.510707 0.458639 0.044306 0.071421 0.296045
0 0.294379 0.482827 0.121282 0.177851 0.275931
0 0.606985 0.508832 0.0789601 0.0855888 0.255439
