0 0.315261 0.591256 0.165219 0.230552 0.876125
0 0.495834 0.569161 0.0685731 0.0868557 0.686329
0 0.150829 0.539409 0.0486688 0.0452847 0.414005
0 0.389785 0.53699 0.0601807 0.0872396 0.33861
0 0.456073 0.518817 0.0323319 0.0490796 0.307931
0 0.451891 0.53391 0.026618 0.0342495 0.307599
0 0.523201 0.529866 0.0268109 0.0443717 0.307299
0 0.489773 0.522055 0.0258672 0.0412345 0.300739
0 0.446235 0.517124 0.0454895 0.0527591 0.296425
0 0.396725 0.541748 0.0425697 0.0664934 0.280216
0 0.419945 0.522721 0.0253371 0.0350696 0.279218
0 0.0620598 0.548789 0.0179286 0.0344586 0.258322
0 0.211127 0.530505 0.028927 0.0444066 0.254254
