0 0.66295 0.570781 0.0794715 0.0947259 0.69895
0 0.582943 0.546709 0.0251729 0.0324024 0.412782
0 0.73318 0.558651 0.0362406 0.0438678 0.392925
0 0.709394 0.56299 0.0305271 0.043711 0.370995
0 0.527475 0.562918 0.04595 0.0446162 0.35108
0 0.469165 0.572943 0.0538111 0.0518889 0.351053
0 0.55837 0.548878 0.0234761 0.0311879 0.346861
0 0.604769 0.550452 0.0210738 0.0341754 0.331264
0 0.540545 0.559277 0.0269035 0.0350184 0.327648
0 0.0257992 0.603691 0.0515984 0.0635537 0.316671
0 0.765229 0.566076 0.0330719 0.0538659 0.316102
0 0.742121 0.558355 0.063863 0.0661421 0.302576
0 0.508166 0.567159 0.0245257 0.0408123 0.302158
0 0.564999 0.544828 0.0238877 0.033326 0.290711
0 0.610196 0.551485 0.0285392 0.0370075 0.265978
0 0.0314522 0.591317 0.0629044 0.0912426 0.260083
