0 0.374885 0.42956 0.0671539 0.110067 0.553738
0 0.687687 0.446358 0.172475 0.190337 0.526015
0 0.879337 0.516498 0.241325 0.358215 0.499185
0 0.479345 0.41425 0.0302121 0.0493327 0.496295
0 0.190321 0.430595 0.0357674 0.0465234 0.455936
0 0.50307 0.418459 0.0348134 0.0570394 0.442294
0 0.487484 0.41518 0.0383657 0.0531114 0.439564
0 0.453825 0.409259 0.0250291 0.0440823 0.429629
0 0.242039 0.417692 0.0403569 0.0493395 0.418643
0 0.425245 0.407905 0.0270104 0.0418381 0.405837
0 0.335093 0.420596 0.0247013 0.0404 0.40124
0 0.54733 0.42592 0.0557541 0.0903225 0.394412
0 0.173003 0.43191 0.0401227 0.0520928 0.375979
0 0.145281 0.436066 0.0567304 0.0648946 0.373507
0 0.209179 0.424627 0.0382423 0.0505873 0.365562
0 0.532791 0.425882 0.0369018 0.0691323 0.353495
0 0.268236 0.411092 0.028401 0.0400157 0.34684
0 0.0774438 0.442735 0.0915801 0.0791314 0.343933
0 0.0245052 0.45798 0.0490103 0.0852973 0.336122
0 0.613074 0.429824 0.0931575 0.153878 0.325416
0 0.297285 0.401497 0.033575 0.04504 0.321409
0 0.158062 0.434855 0.053652 0.0601842 0.318375
0 0.407382 0.416494 0.0193926 0.0532984 0.316154
0 0.418918 0.404876 0.0215724 0.0439358 0.312965
0 0.510171 0.42245 0.0403867 0.0663951 0.307835
0 0.109768 0.444112 0.0413672 0.0596383 0.307501
0 0.56387 0.427583 0.0556089 0.0975052 0.302015
0 0.0486245 0.446799 0.0938056 0.109547 0.299709
0 0.132526 0.439826 0.0701732 0.0732997 0.287948
0 0.232971 0.421024 0.0513369 0.0554501 0.268651
0 0.84876 0.484399 0.185672 0.255486 0.265664
0 0.220627 0.420125 0.0360092 0.0505419 0.26417
0 0.429891 0.413259 0.0251532 0.0406508 0.263612
0 0.256959 0.415301 0.0286772 0.0429528 0.263215
0 0.583272 0.429518 0.0484308 0.110694 0.25873
0 0.598225 0.42855 0.0725943 0.130545 0.253129
