0 0.184493 0.671738 0.367998 0.656024 0.830556
0 0.434678 0.658494 0.304698 0.271809 0.506082
0 0.628603 0.589638 0.0474235 0.0553012 0.329868
0 0.402652 0.592302 0.0328009 0.0436786 0.284323
0 0.424634 0.587701 0.0325268 0.0462004 0.282478
0 0.645186 0.591047 0.0506491 0.0558151 0.268955
0 0.322729 0.685619 0.102407 0.228775 0.261304
0 0.362728 0.603886 0.0315711 0.0473551 0.258725
0 0.342116 0.603111 0.0600313 0.059633 0.257675
0 0.386298 0.594347 0.0496522 0.0537852 0.255404
0 0.585138 0.596865 0.0333694 0.0593326 0.255059
0 0.592815 0.592869 0.0453435 0.0630439 0.254376
