0 0.106605 0.401432 0.21321 0.281464 0.849803
0 0.760247 0.533661 0.363776 0.421098 0.795473
0 0.918792 0.668133 0.16235 0.295407 0.742846
0 0.343467 0.397467 0.0356299 0.0480243 0.451948
0 0.372656 0.392057 0.0321577 0.0415149 0.430404
0 0.311894 0.401383 0.0366167 0.0593603 0.418338
0 0.420645 0.387814 0.0220881 0.0294673 0.394525
0 0.350451 0.396753 0.0289903 0.0431937 0.393988
0 0.292102 0.405962 0.036041 0.0622401 0.392292
0 0.586645 0.469014 0.112962 0.211153 0.37236
0 0.236888 0.410388 0.0695968 0.131144 0.369135
0 0.330693 0.400426 0.0443388 0.0575129 0.337019
0 0.457218 0.394354 0.0229046 0.0468087 0.335085
0 0.264793 0.412587 0.0542199 0.0953217 0.328155
0 0.521657 0.446778 0.062267 0.123217 0.32739
0 0.277827 0.408978 0.0475785 0.0791796 0.319313
0 0.250207 0.412874 0.0511694 0.101474 0.31808
0 0.222414 0.414576 0.0471205 0.124896 0.315889
0 0.302848 0.401028 0.043673 0.0654534 0.301985
0 0.437442 0.389346 0.0199065 0.0317524 0.301147
0 0.395226 0.38899 0.0196899 0.0331241 0.299794
0 0.447632 0.390832 0.0224792 0.0377897 0.296576
0 0.28853 0.399442 0.050064 0.0831587 0.284644
0 0.323205 0.393776 0.0515113 0.0715051 0.263778
0 0.469109 0.403946 0.0334595 0.0661209 0.261044
0 0.565087 0.480516 0.0755582 0.166977 0.256253
0 0.202916 0.391439 0.0759149 0.181565 0.254706
