0 0.741598 0.490654 0.273012 0.252966 0.815916
0 0.182195 0.38597 0.0551607 0.0492844 0.498416
0 0.489151 0.394987 0.0411069 0.0667221 0.494921
0 0.221363 0.38469 0.0347 0.0432812 0.439133
0 0.439712 0.391567 0.025722 0.0417596 0.43117
0 0.299217 0.386946 0.0330276 0.0413608 0.42158
0 0.432195 0.388145 0.0362511 0.0480418 0.41941
0 0.460103 0.390162 0.0225853 0.044761 0.413207
0 0.415143 0.384026 0.0250108 0.0433972 0.404083
0 0.171032 0.381984 0.076212 0.0584968 0.398893
0 0.465937 0.393375 0.0255476 0.0485697 0.395753
0 0.145506 0.377574 0.0329425 0.0490974 0.393112
0 0.340568 0.381521 0.0299961 0.0411275 0.391703
0 0.541289 0.41363 0.0661337 0.0949777 0.349267
0 0.332018 0.381367 0.0386254 0.0448025 0.349076
0 0.128136 0.380855 0.0586843 0.0528598 0.344701
0 0.351432 0.378721 0.0386316 0.0471102 0.344135
0 0.115692 0.385904 0.0338074 0.039728 0.325944
0 0.532279 0.419845 0.0517937 0.0695323 0.320529
0 0.320707 0.383598 0.0303032 0.0400301 0.318424
0 0.374538 0.379594 0.0331476 0.0416082 0.311639
0 0.506095 0.406736 0.0345126 0.0551607 0.308316
0 0.382049 0.38078 0.0299239 0.0373279 0.307441
0 0.519157 0.416922 0.035847 0.0589773 0.288111
0 0.545562 0.429482 0.0591324 0.0658069 0.280558
0 0.513516 0.410818 0.0329091 0.0560545 0.278239
0 0.500033 0.396089 0.0555579 0.0749805 0.262545
0 0.47308 0.399144 0.0273125 0.0524607 0.25838
0 0.215584 0.378699 0.0460974 0.054224 0.250769
