0 0.676949 0.506932 0.103623 0.139337 0.561583
0 0.376605 0.440539 0.0265722 0.0362033 0.459991
0 0.437015 0.441732 0.0422526 0.041667 0.445473
0 0.488572 0.447397 0.0247654 0.035002 0.376354
0 0.51121 0.453182 0.0306699 0.0412379 0.366874
0 0.421506 0.440434 0.0230818 0.0305803 0.359379
0 0.3169 0.439515 0.0405374 0.0662489 0.346341
0 0.343189 0.435914 0.035916 0.0570218 0.346168
0 0.267135 0.449663 0.0634171 0.0889569 0.333555
0 0.302704 0.439864 0.0591864 0.0835915 0.32689
0 0.400232 0.430084 0.0238337 0.0340658 0.324396
0 0.550647 0.458301 0.0448174 0.0742655 0.318236
0 0.534029 0.456099 0.032532 0.0534914 0.311456
0 0.482321 0.446346 0.0256959 0.0347605 0.306354
0 0.199622 0.458766 0.0833183 0.106303 0.301655
0 0.540062 0.450305 0.0341275 0.0557358 0.286757
0 0.576222 0.468976 0.067473 0.101795 0.283471
0 0.279524 0.449414 0.0412057 0.0664746 0.283109
0 0.594544 0.474406 0.0755519 0.120078 0.277897
0 0.33482 0.434726 0.0458171 0.0649111 0.27522
0 0.252422 0.456554 0.0469048 0.0776767 0.273792
0 0.581322 0.466697 0.0501803 0.0731754 0.265762
0 0.290893 0.446639 0.0419713 0.0670144 0.26051
0 0.473152 0.445533 0.0222051 0.0319948 0.250702
0 0.568683 0.465704 0.046304 0.0769074 0.250399
