0 0.103516 0.592265 0.207032 0.447575 0.870199
0 0.43648 0.560313 0.0279628 0.0403098 0.553576
0 0.455077 0.555317 0.0246679 0.0345306 0.453118
0 0.368076 0.557494 0.030699 0.0372023 0.435684
0 0.333875 0.56318 0.0263314 0.0332518 0.418643
0 0.221561 0.576073 0.0355766 0.0457921 0.416078
0 0.306628 0.565385 0.040765 0.0494507 0.409941
0 0.373548 0.560786 0.0412127 0.0482463 0.374103
0 0.466819 0.554576 0.0233554 0.0302906 0.356597
0 0.410477 0.557556 0.0221673 0.0304053 0.321265
0 0.458131 0.551341 0.031804 0.0450134 0.301982
0 0.479289 0.556084 0.0166921 0.0260106 0.287604
0 0.465206 0.549259 0.0383721 0.0517734 0.279415
0 0.501415 0.555105 0.0242906 0.039604 0.268645
0 0.284697 0.562922 0.0416 0.0522429 0.265751
