0 0.560693 0.542837 0.097554 0.140233 0.778887
0 0.960636 0.620626 0.0787283 0.232163 0.709714
0 0.894022 0.581702 0.127818 0.150519 0.607134
0 0.41063 0.49756 0.0300768 0.0549344 0.495994
0 0.216004 0.529101 0.0967465 0.117488 0.485127
0 0.466198 0.495183 0.0329006 0.0457652 0.442398
0 0.43415 0.495314 0.0294543 0.0506934 0.42588
0 0.2989 0.514589 0.0857944 0.104977 0.392352
0 0.815979 0.558285 0.0686047 0.114338 0.372037
0 0.678436 0.518816 0.046253 0.065292 0.369741
0 0.708785 0.520766 0.0512527 0.0769969 0.351116
0 0.321392 0.502116 0.0745873 0.0993115 0.343791
0 0.371559 0.502281 0.0459685 0.0761739 0.320552
0 0.0882782 0.544458 0.176556 0.192908 0.31631
0 0.691811 0.518911 0.0731398 0.0779902 0.312171
0 0.342749 0.497021 0.058062 0.105629 0.306783
0 0.243181 0.524892 0.110959 0.10796 0.284774
0 0.396785 0.497821 0.0445334 0.0661982 0.28272
0 0.200141 0.538615 0.0631183 0.107986 0.276737
0 0.501993 0.501051 0.0267605 0.0343258 0.275393
0 0.765808 0.534283 0.0787923 0.108246 0.271919
0 0.717627 0.526292 0.0404805 0.0764491 0.271577
0 0.277919 0.52899 0.0485591 0.0804199 0.267289
0 0.333786 0.511696 0.0459587 0.0836288 0.264976
0 0.0876099 0.478439 0.17522 0.349663 0.262675
0 0.668763 0.519592 0.0306642 0.0562695 0.25552
0 0.259977 0.52735 0.0788084 0.0904563 0.253857
