0 0.124054 0.529868 0.247945 0.356633 0.81252
0 0.894252 0.514425 0.211495 0.261658 0.679687
0 0.756805 0.479492 0.100533 0.141635 0.571355
0 0.280523 0.451246 0.0944684 0.127036 0.467883
0 0.448389 0.443235 0.0403736 0.0438407 0.40254
0 0.47941 0.447817 0.0218844 0.0311571 0.391682
0 0.395243 0.452362 0.0341773 0.0382446 0.375432
0 0.525223 0.440274 0.0263226 0.0375722 0.371585
0 0.599501 0.451405 0.0330333 0.0459639 0.369726
0 0.545546 0.43976 0.0245035 0.0312588 0.350724
0 0.403115 0.448169 0.0484814 0.0472215 0.332099
0 0.373367 0.453297 0.0499122 0.0420844 0.326907
0 0.551146 0.440624 0.0297527 0.0355572 0.317777
0 0.486677 0.443326 0.0265679 0.0328071 0.315609
0 0.419661 0.448573 0.0299284 0.0397873 0.31418
0 0.588727 0.449065 0.0438951 0.0504959 0.304749
0 0.561294 0.439489 0.028017 0.0359136 0.298913
0 0.568282 0.438547 0.0264257 0.036605 0.284077
0 0.539048 0.436217 0.0299481 0.0398675 0.262617
0 0.300981 0.458571 0.056137 0.102832 0.258142
0 0.215664 0.447418 0.0883206 0.151306 0.250006
