0 0.638915 0.491164 0.0577483 0.0732259 0.627784
0 0.482633 0.452012 0.0268416 0.0416887 0.444471
0 0.315882 0.442918 0.0535524 0.0611138 0.422228
0 0.509755 0.453826 0.0282366 0.035926 0.409306
0 0.583255 0.447256 0.0283643 0.0388072 0.387711
0 0.451835 0.448579 0.022255 0.0343016 0.382934
0 0.105416 0.441805 0.122386 0.101958 0.382024
0 0.472372 0.454466 0.0424941 0.0507551 0.365749
0 0.462517 0.449943 0.0251034 0.0360913 0.361053
0 0.237276 0.438401 0.0624382 0.0645243 0.36028
0 0.434846 0.443842 0.0332027 0.0402613 0.348938
0 0.28599 0.435998 0.0548959 0.063323 0.343099
0 0.207973 0.435522 0.0519148 0.0574924 0.33733
0 0.272743 0.432155 0.0335633 0.0565542 0.333321
0 0.249968 0.439283 0.0429148 0.0563809 0.298418
0 0.559428 0.42337 0.0228688 0.0355855 0.295941
0 0.0850371 0.452196 0.0801301 0.0664814 0.293886
0 0.260208 0.434817 0.0548726 0.0641852 0.291025
0 0.303402 0.441996 0.0341957 0.0490272 0.287465
0 0.640837 0.465045 0.0811133 0.123523 0.286078
0 0.598962 0.452288 0.0318045 0.0510327 0.274636
0 0.218581 0.438127 0.0828546 0.074745 0.273845
0 0.297942 0.439867 0.053432 0.067592 0.273623
0 0.545401 0.441245 0.0222239 0.0350911 0.268802
0 0.603597 0.46101 0.0329938 0.0557534 0.267097
0 0.548509 0.429007 0.0253821 0.0401269 0.258479
0 0.200328 0.443997 0.0816327 0.0758596 0.258205
0 0.610545 0.468097 0.0317615 0.0554906 0.254044
