0 0.0765888 0.355546 0.0464763 0.045107 0.515074
0 0.839953 0.359041 0.0318811 0.0427655 0.495133
0 0.775164 0.359183 0.0526868 0.0463777 0.464207
0 0.660963 0.343693 0.027581 0.0347885 0.408944
0 0.19723 0.35135 0.0444849 0.0496234 0.395724
0 0.117618 0.347145 0.0438922 0.0498162 0.390993
0 0.108838 0.351308 0.0299682 0.0426946 0.38799
0 0.605886 0.355093 0.0461305 0.039694 0.387446
0 0.137804 0.346702 0.0373371 0.0478524 0.383954
0 0.151575 0.346009 0.0528772 0.0536053 0.381764
0 0.407889 0.340534 0.0461412 0.0468439 0.380248
0 0.187094 0.349482 0.0612067 0.0563766 0.364836
0 0.725076 0.360179 0.0748549 0.0508579 0.364201
0 0.302824 0.339679 0.0277888 0.0320692 0.332036
0 0.343722 0.343856 0.0453836 0.039384 0.331841
0 0.164129 0.345517 0.0411087 0.0511221 0.3212
0 0.269843 0.335055 0.0385766 0.0453565 0.320719
0 0.296399 0.338378 0.0316454 0.0364663 0.317839
0 0.635926 0.345713 0.0414942 0.0403453 0.31668
0 0.358422 0.342817 0.0247501 0.0315075 0.308771
0 0.39746 0.337424 0.0296874 0.0401146 0.304606
0 0.419083 0.342589 0.0286111 0.041086 0.300913
0 0.813139 0.359957 0.0392052 0.040014 0.29674
0 0.683402 0.341832 0.020279 0.0287187 0.295649
0 0.426646 0.344254 0.0352181 0.0419291 0.283603
0 0.586293 0.354966 0.0375334 0.040534 0.264147
0 0.689263 0.349577 0.0289464 0.0387785 0.261582
0 0.43415 0.346702 0.0359276 0.041659 0.261488
0 0.31382 0.343255 0.0439318 0.0393741 0.259783
0 0.624839 0.344395 0.0339201 0.0394382 0.253628
