0 0.336483 0.49198 0.0294356 0.0493444 0.569386
0 0.45323 0.506796 0.0446427 0.059869 0.560173
0 0.307119 0.49651 0.0362009 0.0544496 0.532242
0 0.391413 0.487969 0.0245131 0.0337896 0.425915
0 0.231628 0.508058 0.0592614 0.0840758 0.404383
0 0.360396 0.488522 0.0225751 0.0357469 0.402069
0 0.296036 0.495993 0.0425718 0.0600228 0.38595
0 0.270644 0.504609 0.0436403 0.0648419 0.371778
0 0.279687 0.500585 0.0372229 0.0601166 0.370653
0 0.419722 0.495688 0.0293029 0.0464259 0.340578
0 0.396962 0.48839 0.0271938 0.0379874 0.322037
0 0.00928963 0.547554 0.0184128 0.0811659 0.311426
0 0.124153 0.536227 0.080352 0.0871855 0.295934
0 0.223865 0.521075 0.0377935 0.0500044 0.276898
0 0.348437 0.493747 0.0217224 0.0402657 0.268382
0 0.247768 0.506172 0.0381572 0.0659783 0.26141
0 0.179457 0.52824 0.0487881 0.0654168 0.2589
