0 0.106352 0.613514 0.212208 0.410066 0.861565
0 0.353282 0.581921 0.0397282 0.0476423 0.812543
0 0.457079 0.609934 0.0945966 0.14586 0.643414
0 0.392428 0.583656 0.0257541 0.0335275 0.489866
0 0.315811 0.543094 0.0260131 0.0328074 0.428523
0 0.406858 0.583475 0.0243391 0.0345284 0.403546
0 0.282107 0.539496 0.0265687 0.031614 0.372411
0 0.33537 0.543175 0.0248123 0.0334742 0.370044
0 0.250751 0.537964 0.0259749 0.0350537 0.356522
0 0.272285 0.578254 0.0320337 0.0394219 0.347024
0 0.315462 0.579331 0.0368031 0.0411711 0.346152
0 0.412107 0.582591 0.0183739 0.0310038 0.324578
0 0.298242 0.578608 0.0662604 0.0503866 0.322051
0 0.280068 0.553443 0.0320524 0.0376616 0.289697
0 0.510078 0.591027 0.0243979 0.0446001 0.26714
0 0.367706 0.553036 0.0389328 0.0380736 0.26293
0 0.246871 0.577029 0.067616 0.0590195 0.261293
