0 0.563815 0.519821 0.162473 0.209796 0.834208
0 0.223293 0.552397 0.0306339 0.0341617 0.63822
0 0.387674 0.519244 0.0236493 0.0328937 0.601004
0 0.0323239 0.565584 0.0645384 0.116195 0.544848
0 0.434899 0.51928 0.0276544 0.0315638 0.54082
0 0.279017 0.531841 0.02401 0.0331487 0.531205
0 0.470213 0.517359 0.0339464 0.0404015 0.496181
0 0.406122 0.520814 0.0189705 0.0279748 0.475906
0 0.352165 0.52258 0.0327895 0.0352882 0.465706
0 0.427546 0.520645 0.0246614 0.0314714 0.44592
0 0.34155 0.522941 0.0313922 0.0357524 0.355992
0 0.230981 0.550758 0.0399885 0.0375341 0.347495
0 0.24901 0.545902 0.0280891 0.0352441 0.254545
