0 0.137407 0.787906 0.274813 0.370616 0.828648
0 0.525799 0.623769 0.0261895 0.0427626 0.573363
0 0.510468 0.618979 0.0195315 0.0330788 0.481862
0 0.484062 0.613992 0.021289 0.0311573 0.407137
0 0.549104 0.630622 0.0278149 0.0589637 0.401871
0 0.53622 0.625523 0.0282854 0.0507968 0.373786
0 0.425356 0.62088 0.0281952 0.0357444 0.348012
0 0.628595 0.651173 0.110043 0.149479 0.339827
0 0.402609 0.62353 0.0293222 0.0360904 0.32993
0 0.560143 0.634093 0.0386424 0.0729808 0.298292
0 0.393688 0.622619 0.0307765 0.0437636 0.297354
0 0.572713 0.631808 0.0392548 0.0782774 0.291715
0 0.420716 0.616233 0.0379653 0.0447527 0.266341
0 0.321424 0.63024 0.0363723 0.0702203 0.265402
0 0.325004 0.64002 0.0285842 0.04703 0.252747
