0 0.158155 0.686027 0.315715 0.390914 0.845982
0 0.577548 0.499628 0.026511 0.0350357 0.55773
0 0.524703 0.496735 0.0262527 0.0342865 0.515042
0 0.457049 0.494796 0.0342509 0.0350477 0.438739
0 0.448636 0.495361 0.0233551 0.0309828 0.385595
0 0.241852 0.497644 0.0452474 0.0460726 0.366889
0 0.621136 0.501727 0.0241783 0.0359014 0.366486
0 0.28652 0.491914 0.0437575 0.0433261 0.364301
0 0.549055 0.498623 0.0265661 0.0334803 0.36078
0 0.68527 0.533431 0.1246 0.165675 0.360404
0 0.340459 0.507597 0.0531701 0.0588245 0.351404
0 0.489633 0.490771 0.0239129 0.0321859 0.349909
0 0.335005 0.49427 0.0453895 0.0532998 0.328133
0 0.637483 0.508973 0.0305445 0.0485614 0.319501
0 0.323525 0.488974 0.0279113 0.0361818 0.319501
0 0.693735 0.527804 0.0432339 0.0541256 0.3093
0 0.644539 0.528412 0.047867 0.0885954 0.305435
0 0.269714 0.495468 0.0570196 0.0551 0.296285
0 0.299624 0.491697 0.0318244 0.0399177 0.292254
0 0.410519 0.49287 0.0371271 0.0413488 0.280382
0 0.285298 0.511723 0.0554363 0.0686403 0.276973
0 0.432894 0.494022 0.0276581 0.0344038 0.276553
0 0.643386 0.511253 0.0401116 0.0587282 0.269251
0 0.295109 0.499056 0.0435184 0.0556322 0.26777
0 0.442103 0.495493 0.0335691 0.0373591 0.254311
0 0.236412 0.491206 0.0551628 0.0641846 0.250716
