0 0.586334 0.63122 0.0681936 0.0964444 0.811091
0 0.490215 0.60677 0.0348074 0.0410855 0.512601
0 0.39847 0.583717 0.033266 0.0442374 0.417936
0 0.544452 0.614718 0.0294406 0.0439017 0.413193
0 0.669338 0.610553 0.0356952 0.0522814 0.400473
0 0.632246 0.625192 0.0316721 0.0559369 0.396259
0 0.518405 0.609683 0.0220642 0.0365007 0.383144
0 0.238345 0.591659 0.0686254 0.0447545 0.361683
0 0.535537 0.613542 0.0391339 0.0444556 0.35468
0 0.890843 0.661354 0.0700478 0.0700994 0.352904
0 0.753407 0.631432 0.0299813 0.038574 0.344253
0 0.681984 0.605949 0.0306795 0.0448975 0.336544
0 0.831683 0.649352 0.0430656 0.0526588 0.334495
0 0.428664 0.587079 0.0292598 0.0352239 0.326533
0 0.900546 0.664682 0.0531694 0.0549455 0.317873
0 0.367547 0.586907 0.0273027 0.0316145 0.316245
0 0.229115 0.592566 0.0509604 0.0365977 0.302757
0 0.847316 0.653599 0.0540253 0.0624318 0.300562
0 0.693129 0.60271 0.0258014 0.0373625 0.300235
0 0.860131 0.657233 0.0428207 0.0609317 0.283705
0 0.990191 0.68011 0.019619 0.0677762 0.283623
0 0.824202 0.6465 0.0338434 0.0450734 0.280792
0 0.753579 0.624387 0.0362603 0.0583279 0.280585
0 0.344543 0.582338 0.0272198 0.0305322 0.27602
0 0.717083 0.600013 0.0361089 0.0405351 0.270672
0 0.701179 0.600765 0.028816 0.03698 0.267277
0 0.66194 0.605121 0.0462305 0.0700538 0.26365
0 0.728901 0.600234 0.0201165 0.0343743 0.261658
0 0.985664 0.673589 0.0284327 0.0965868 0.254519
0 0.169412 0.604122 0.0299969 0.0365063 0.253994
0 0.691682 0.627823 0.0855139 0.101496 0.25259
