0 0.0689039 0.870931 0.137775 0.211265 0.858228
0 0.565934 0.82015 0.089964 0.127306 0.809117
0 0.850724 0.850048 0.29823 0.296871 0.760677
0 0.361374 0.803063 0.0288212 0.0461063 0.569693
0 0.336215 0.813863 0.028679 0.0426376 0.506243
0 0.431374 0.815821 0.0229844 0.026945 0.501018
0 0.489992 0.803575 0.0284474 0.0369288 0.498568
0 0.516982 0.809709 0.0312988 0.0782537 0.466679
0 0.312481 0.813407 0.0297918 0.0500877 0.441812
0 0.25863 0.830125 0.0793702 0.0980359 0.422788
0 0.388038 0.809642 0.0240681 0.0328964 0.395424
0 0.299678 0.814512 0.0379036 0.0569777 0.329631
0 0.458027 0.815473 0.0263592 0.0308139 0.323841
0 0.463131 0.818028 0.0247309 0.0311557 0.316309
0 0.29205 0.819373 0.0320158 0.0591086 0.302866
0 0.264385 0.83919 0.0588929 0.0742652 0.278247
0 0.956842 0.849653 0.0863154 0.292718 0.271584
0 0.281682 0.827559 0.0420763 0.0742888 0.264297
0 0.343025 0.811362 0.0211451 0.0389615 0.251668
0 0.39529 0.811099 0.0288796 0.0330717 0.25032
