0 0.801696 0.516503 0.0334779 0.0502068 0.479701
0 0.413005 0.540644 0.10126 0.084621 0.433923
0 0.794979 0.517036 0.0296903 0.0455126 0.424671
0 0.77498 0.51533 0.0290339 0.0437324 0.379551
0 0.848672 0.519833 0.0625452 0.11342 0.355507
0 0.787367 0.516751 0.0303274 0.0445579 0.330072
0 0.834442 0.519536 0.0405031 0.0828869 0.315777
0 0.675845 0.504171 0.0287617 0.0438215 0.289176
0 0.808924 0.510946 0.0368035 0.0674547 0.283857
0 0.652109 0.514 0.0399712 0.0568354 0.278087
0 0.859892 0.507129 0.0853651 0.155062 0.271466
0 0.855244 0.541942 0.0553795 0.0967717 0.259446
