0 0.229432 0.526685 0.121199 0.141268 0.575383
0 0.512289 0.482939 0.0405128 0.0471914 0.478813
0 0.131857 0.574974 0.188487 0.190973 0.476521
0 0.40669 0.495391 0.0236033 0.0358385 0.463283
0 0.447369 0.480983 0.023532 0.0373732 0.43386
0 0.353852 0.498982 0.0341527 0.053275 0.400664
0 0.333862 0.50396 0.0376369 0.0669111 0.366535
0 0.284818 0.498193 0.0791979 0.12424 0.36594
0 0.180311 0.545275 0.0987011 0.135818 0.365577
0 0.463536 0.480383 0.0187707 0.0332779 0.357466
0 0.288487 0.520098 0.0545643 0.085783 0.319118
0 0.320654 0.509438 0.0357945 0.0640889 0.318811
0 0.305833 0.514009 0.0504168 0.0789912 0.312645
0 0.428831 0.483771 0.0199297 0.0357681 0.306472
0 0.382361 0.491126 0.0294729 0.0465914 0.298035
0 0.481897 0.482177 0.0220294 0.0343711 0.291315
0 0.277833 0.526199 0.0543862 0.0912723 0.289637
0 0.0425651 0.611676 0.0847616 0.307533 0.276974
0 0.406526 0.496944 0.0188344 0.0261052 0.270288
0 0.42883 0.47633 0.0183976 0.0300952 0.268884
0 0.25178 0.537592 0.0774751 0.110349 0.266321
