0 0.439461 0.60464 0.117364 0.16523 0.793995
0 0.301302 0.58673 0.0835437 0.0925425 0.617589
0 0.565792 0.601376 0.0319524 0.041972 0.574059
0 0.546707 0.594796 0.0231227 0.0398226 0.541908
0 0.366659 0.575926 0.0372256 0.0493264 0.480104
0 0.532543 0.589383 0.0193665 0.0355392 0.386323
0 0.507176 0.586575 0.0190598 0.0360879 0.357887
0 0.37489 0.567691 0.0406858 0.0566471 0.324056
0 0.527782 0.583985 0.0198223 0.0368496 0.309543
0 0.491242 0.59304 0.0245793 0.0593399 0.299966
0 0.588568 0.598422 0.0340322 0.0472156 0.283933
0 0.602221 0.600251 0.054005 0.060523 0.25833
