0 0.794818 0.520028 0.286043 0.301629 0.823779
0 0.520589 0.487292 0.0403831 0.0576669 0.547579
0 0.479784 0.484088 0.0296852 0.0410478 0.491195
0 0.63867 0.507368 0.0980045 0.174122 0.458677
0 0.440713 0.477668 0.0241936 0.0329775 0.426937
0 0.455184 0.47649 0.0208219 0.0319358 0.394759
0 0.434595 0.477869 0.0278898 0.0354453 0.38882
0 0.496981 0.478759 0.0224276 0.0463818 0.374759
0 0.20702 0.500017 0.0664883 0.0681936 0.343734
0 0.558139 0.48804 0.0434991 0.0735509 0.327675
0 0.603861 0.489843 0.0701324 0.128931 0.323167
0 0.287036 0.4894 0.0372118 0.0446125 0.319886
0 0.420592 0.481304 0.0227004 0.0359367 0.292643
0 0.591514 0.494159 0.0443124 0.11307 0.286039
0 0.275131 0.49378 0.0283262 0.0417801 0.272689
0 0.193219 0.510672 0.0367462 0.0401045 0.261471
0 0.497416 0.484212 0.016107 0.0332453 0.256495
0 0.298877 0.487501 0.0470831 0.0491085 0.252854
