0 0.32851 0.423737 0.0486779 0.0524682 0.553735
0 0.553854 0.430624 0.0983785 0.127151 0.484345
0 0.455202 0.401046 0.0316321 0.0341261 0.461753
0 0.0230026 0.38543 0.0399128 0.0357832 0.439288
0 0.0604928 0.38288 0.0302922 0.0295481 0.427832
0 0.0865555 0.379162 0.0309675 0.0338123 0.414423
0 0.291286 0.420412 0.0346562 0.0441177 0.374568
0 0.53228 0.420877 0.0393852 0.0445468 0.330168
0 0.576922 0.437486 0.0521056 0.0795232 0.320182
0 0.53549 0.443269 0.0584771 0.092001 0.319892
0 0.254823 0.426768 0.0414178 0.0416719 0.311266
0 0.482902 0.387196 0.0255714 0.0300105 0.310783
0 0.362431 0.391353 0.0435198 0.0439124 0.291552
0 0.561694 0.439503 0.0807527 0.0927338 0.287033
0 0.519013 0.387131 0.023715 0.0325292 0.279451
0 0.403819 0.399897 0.0389418 0.0354177 0.262988
0 0.505906 0.390454 0.0241036 0.0326679 0.257707
0 0.2263 0.382591 0.0356024 0.0360991 0.251365
