0 0.868925 0.359014 0.262015 0.700818 0.782097
0 0.353326 0.223232 0.0284391 0.0359978 0.493501
0 0.393444 0.214071 0.0272152 0.0387742 0.486909
0 0.418527 0.216991 0.0210289 0.0339804 0.431946
0 0.431792 0.216348 0.0261968 0.0354915 0.425114
0 0.247227 0.233833 0.0393454 0.036737 0.417222
0 0.485028 0.201702 0.0217069 0.0318798 0.353699
0 0.457234 0.197432 0.0237206 0.0281462 0.34696
0 0.0926726 0.248332 0.0829914 0.0795347 0.318539
0 0.48041 0.199392 0.0230876 0.0330677 0.31205
0 0.510091 0.203753 0.0301414 0.036635 0.261771
0 0.323072 0.225922 0.0268736 0.0307528 0.25659
