0 0.144959 0.669776 0.28916 0.56719 0.800888
0 0.638081 0.666496 0.0947101 0.15893 0.642778
0 0.549444 0.671231 0.0392433 0.0661077 0.403773
0 0.43946 0.668707 0.0277426 0.0411933 0.367094
0 0.561069 0.672041 0.0383632 0.0671892 0.357909
0 0.580457 0.673872 0.0325029 0.0706082 0.347026
0 0.460381 0.666121 0.0359357 0.047777 0.341878
0 0.486995 0.663859 0.0358076 0.050532 0.336185
0 0.513432 0.668049 0.0434037 0.054775 0.296711
0 0.418755 0.686852 0.032745 0.0371701 0.294626
0 0.542211 0.675099 0.0324998 0.0561378 0.294308
0 0.496972 0.668631 0.0235955 0.039838 0.293928
0 0.34885 0.678532 0.0514628 0.0663812 0.289371
0 0.362622 0.680031 0.0399203 0.0552249 0.288912
0 0.416106 0.676067 0.0394113 0.0577398 0.279907
0 0.516804 0.676438 0.0563395 0.0654607 0.254839
