0 0.467452 0.52223 0.0902921 0.126581 0.856349
0 0.825127 0.569537 0.213087 0.168965 0.801984
0 0.408815 0.491008 0.032783 0.0388838 0.668177
0 0.376408 0.495414 0.0259673 0.037108 0.574225
0 0.581513 0.503586 0.0258458 0.0391873 0.54637
0 0.350286 0.495588 0.0283923 0.0427168 0.51799
0 0.605338 0.508426 0.0306965 0.042031 0.495795
0 0.589333 0.506314 0.0275411 0.0395662 0.491822
0 0.518046 0.497191 0.022204 0.036772 0.463985
0 0.303914 0.499118 0.0445279 0.0575918 0.46245
0 0.53052 0.500114 0.0298854 0.0350076 0.437693
0 0.334775 0.496665 0.0294994 0.0485502 0.433697
0 0.0826916 0.522479 0.14682 0.125451 0.419424
0 0.256226 0.509134 0.0579412 0.0626007 0.411818
0 0.342554 0.495279 0.0364779 0.0487971 0.400459
0 0.313412 0.498918 0.0358482 0.0529914 0.392029
0 0.192699 0.510565 0.079104 0.0921634 0.373421
0 0.954058 0.632849 0.091884 0.222475 0.334369
0 0.618503 0.514372 0.0379593 0.0490548 0.328823
0 0.293375 0.500681 0.0363356 0.0533654 0.308193
0 0.42831 0.487533 0.0180028 0.0301666 0.296912
0 0.570748 0.504141 0.0281953 0.0423336 0.278914
0 0.562227 0.502934 0.0287066 0.0423045 0.263234
