0 0.515408 0.547126 0.165056 0.241944 0.865809
0 0.860541 0.507768 0.278691 0.295385 0.603905
0 0.113945 0.448553 0.0325909 0.0391578 0.536086
0 0.640563 0.508447 0.0361521 0.0435003 0.468155
0 0.143942 0.446429 0.0245592 0.0340315 0.408983
0 0.334565 0.504103 0.0727082 0.102876 0.40858
0 0.187692 0.503581 0.152479 0.0727132 0.404018
0 0.611669 0.506954 0.0275659 0.0464849 0.397877
0 0.0446412 0.509443 0.0874015 0.0902701 0.349668
0 0.413522 0.478469 0.036763 0.0488395 0.346238
0 0.605814 0.50523 0.0379383 0.0560206 0.299708
0 0.0548682 0.507291 0.0686716 0.0573947 0.296039
0 0.413071 0.48821 0.0446283 0.0741235 0.293626
0 0.378879 0.47544 0.0435834 0.0710919 0.28178
0 0.292212 0.469973 0.0228425 0.0350778 0.280904
0 0.0307713 0.511296 0.0614185 0.132194 0.277646
0 0.186631 0.503292 0.10786 0.0594623 0.267224
0 0.695479 0.516562 0.0430011 0.0441018 0.257155
