0 0.328896 0.536548 0.314862 0.522712 0.734965
0 0.729308 0.505417 0.0429833 0.0410505 0.417285
0 0.642366 0.508852 0.0521485 0.0487473 0.396681
0 0.816506 0.539822 0.0948345 0.0888173 0.344835
0 0.666044 0.51209 0.0694114 0.0525752 0.341359
0 0.980958 0.520305 0.0380836 0.0973794 0.334295
0 0.925348 0.521376 0.0844908 0.101177 0.332459
0 0.682465 0.513056 0.0439931 0.0482676 0.330148
0 0.736721 0.510145 0.0532667 0.0472231 0.328269
0 0.716601 0.507203 0.0432553 0.044469 0.287284
0 0.932153 0.498426 0.0622848 0.0508308 0.278621
0 0.859653 0.521187 0.0811213 0.0757553 0.277887
0 0.982893 0.494291 0.0337236 0.0474408 0.261871
0 0.893493 0.519097 0.140578 0.105135 0.25613
0 0.539032 0.486236 0.0295339 0.0279054 0.252828
