0 0.668219 0.435168 0.278607 0.360262 0.846403
0 0.362899 0.387603 0.0987659 0.143379 0.742
0 0.894658 0.406708 0.209017 0.23503 0.709232
0 0.9754 0.455818 0.0492001 0.284698 0.392761
0 0.234498 0.358487 0.0456838 0.0559331 0.355105
0 0.296488 0.363405 0.0419319 0.0465259 0.348702
0 0.258536 0.357276 0.0653204 0.0729384 0.345017
0 0.189191 0.351097 0.0509047 0.071398 0.341893
0 0.276297 0.366165 0.0386234 0.0481201 0.341619
0 0.305163 0.360898 0.0316161 0.0433865 0.33619
0 0.20185 0.35721 0.0427282 0.0569082 0.302578
0 0.223771 0.358456 0.066003 0.0710617 0.287341
0 0.098147 0.365669 0.0409554 0.0529388 0.283977
0 0.126431 0.357224 0.0983591 0.0847822 0.282856
0 0.102466 0.360418 0.0517911 0.0705948 0.259261
0 0.443223 0.332664 0.0318336 0.0369501 0.256816
0 0.287949 0.366604 0.0372178 0.0478643 0.250705
