0 0.19103 0.503796 0.268696 0.280876 0.808508
0 0.581778 0.401081 0.0567963 0.0731717 0.740036
0 0.419079 0.410097 0.0428937 0.0527849 0.575135
0 0.522151 0.368991 0.0278097 0.0369317 0.481309
0 0.45874 0.400197 0.0312225 0.0431393 0.456389
0 0.340332 0.40977 0.0411796 0.0518385 0.454308
0 0.466943 0.403336 0.0337661 0.0440982 0.440515
0 0.477307 0.381342 0.020326 0.0370573 0.41509
0 0.50172 0.374104 0.0195578 0.0328196 0.413476
0 0.406311 0.403559 0.032377 0.0457747 0.408276
0 0.45408 0.384836 0.0239856 0.0384316 0.387267
0 0.398249 0.39458 0.0304148 0.0407172 0.370444
0 0.515269 0.369757 0.0298852 0.0400213 0.357634
0 0.543507 0.391041 0.0287629 0.0558341 0.348341
0 0.329485 0.409189 0.0528518 0.0615465 0.3318
0 0.378714 0.399154 0.0347548 0.0450572 0.32554
0 0.0247202 0.427604 0.0471702 0.0579658 0.320515
0 0.3702 0.402052 0.0314913 0.0431329 0.316291
0 0.303965 0.397097 0.0425728 0.0621038 0.311223
0 0.548614 0.382335 0.0293916 0.0496353 0.292369
0 0.316526 0.40359 0.030149 0.0513167 0.280887
0 0.551303 0.382986 0.039883 0.0627769 0.274708
0 0.390866 0.39223 0.0310924 0.0457243 0.263923
0 0.526067 0.363787 0.0301697 0.0414044 0.262474
0 0.518557 0.37449 0.0181089 0.027715 0.26199
0 0.420286 0.380456 0.0315742 0.0358948 0.260509
0 0.314929 0.406579 0.0419446 0.0659239 0.260299
0 0.373365 0.392134 0.0365627 0.0549788 0.257935
0 0.436819 0.378027 0.0248857 0.0334581 0.2531
