0 0.0577333 0.55346 0.115467 0.356334 0.690377
0 0.541455 0.475577 0.0222862 0.0355275 0.467005
0 0.51405 0.471973 0.0279213 0.0401238 0.439341
0 0.596702 0.468455 0.0923482 0.174845 0.437026
0 0.828783 0.547597 0.113231 0.15266 0.422551
0 0.494959 0.472966 0.0201978 0.0319136 0.395745
0 0.478317 0.46983 0.0266041 0.0363083 0.330865
0 0.417184 0.461741 0.0364768 0.0384031 0.322874
0 0.442943 0.468965 0.0495854 0.0411884 0.312963
0 0.457789 0.471875 0.0257477 0.0324371 0.307377
0 0.429637 0.464483 0.026375 0.0299627 0.302733
0 0.798511 0.541081 0.168928 0.16204 0.30063
0 0.921619 0.603532 0.156762 0.25268 0.291647
0 0.407897 0.465825 0.0278943 0.0369427 0.285748
0 0.72341 0.504049 0.122999 0.16415 0.281932
0 0.984292 0.580581 0.0313988 0.0859165 0.272149
0 0.541201 0.467916 0.0270745 0.0516274 0.269142
0 0.485005 0.471588 0.0345663 0.0399755 0.267554
0 0.928832 0.564032 0.13965 0.164091 0.259198
0 0.439645 0.460233 0.044012 0.041871 0.250805
