0 0.909285 0.561205 0.181191 0.286732 0.879947
0 0.771956 0.519545 0.155632 0.171386 0.636438
0 0.502537 0.487357 0.0315194 0.0352605 0.602753
0 0.0566221 0.501438 0.112981 0.122039 0.600067
0 0.254875 0.494814 0.047914 0.0540992 0.544391
0 0.679404 0.502408 0.0828469 0.117602 0.507671
0 0.553746 0.48706 0.0310824 0.0472051 0.466849
0 0.533337 0.487882 0.0235629 0.0368039 0.46342
0 0.539751 0.485966 0.031486 0.0425842 0.454252
0 0.57054 0.488802 0.0307057 0.0495989 0.448608
0 0.593371 0.494763 0.03594 0.0606537 0.442808
0 0.327927 0.493071 0.0380323 0.0428513 0.440974
0 0.581654 0.489719 0.0353244 0.054798 0.399089
0 0.633734 0.501477 0.0520218 0.0868369 0.398262
0 0.60254 0.495873 0.0421371 0.0650187 0.383018
0 0.547023 0.48418 0.0353347 0.047916 0.361883
0 0.139503 0.502874 0.0489872 0.0581558 0.361189
0 0.62188 0.498589 0.044419 0.0783444 0.354634
0 0.296658 0.496531 0.0258241 0.0371268 0.35107
0 0.171897 0.497363 0.0418095 0.0555145 0.343099
0 0.213065 0.492182 0.0365735 0.051344 0.321872
0 0.151311 0.498608 0.0696338 0.0677923 0.311054
0 0.646849 0.503156 0.0403464 0.0860604 0.286016
0 0.678474 0.506722 0.0527841 0.103116 0.273971
0 0.658163 0.503915 0.0582065 0.0972356 0.264595
0 0.313862 0.500983 0.0624415 0.0655033 0.262916
0 0.224255 0.489753 0.035376 0.0484575 0.261561
0 0.203218 0.493134 0.0448478 0.0569797 0.261142
0 0.444731 0.482295 0.0276433 0.0369312 0.251421
