0 0.16074 0.795557 0.320702 0.399423 0.879594
0 0.374702 0.654743 0.100025 0.0891759 0.557436
0 0.600005 0.702183 0.0925536 0.130626 0.452878
0 0.619535 0.688064 0.134358 0.180681 0.331214
0 0.491284 0.649696 0.0584094 0.0650465 0.325936
0 0.857419 0.610983 0.0516464 0.0487623 0.32059
0 0.671692 0.658013 0.0925666 0.107961 0.301572
0 0.654737 0.658709 0.0731113 0.0948144 0.281838
0 0.505757 0.645633 0.0847879 0.0710658 0.280819
0 0.535222 0.650405 0.0354059 0.0439753 0.279053
0 0.80181 0.619911 0.0736224 0.0669998 0.271442
