0 0.482051 0.831397 0.0871376 0.116508 0.701806
0 0.228053 0.824575 0.0862607 0.115874 0.546535
0 0.332499 0.797508 0.0272676 0.0469616 0.542024
0 0.415692 0.80229 0.0283204 0.0601939 0.528233
0 0.295403 0.806501 0.0298084 0.060645 0.518252
0 0.317212 0.802703 0.0247586 0.0449397 0.49673
0 0.342077 0.798696 0.0245779 0.0386519 0.494739
0 0.400402 0.800904 0.0198317 0.0431183 0.494383
0 0.3624 0.7969 0.0306091 0.0350321 0.481754
0 0.95069 0.883348 0.0986207 0.128435 0.469416
0 0.431224 0.81095 0.0352654 0.0752236 0.453514
0 0.40595 0.801756 0.0248121 0.0517966 0.431182
0 0.287239 0.808197 0.0323813 0.0658875 0.422375
0 0.309271 0.80402 0.0269466 0.0514991 0.418209
0 0.274033 0.812568 0.0362173 0.0780596 0.406282
0 0.422342 0.805161 0.0331562 0.0678563 0.38982
0 0.326143 0.796098 0.0324405 0.0526505 0.373795
0 0.390704 0.797878 0.021247 0.0343196 0.371942
0 0.37229 0.797133 0.0264008 0.0340707 0.347146
0 0.25937 0.81841 0.0454003 0.0823151 0.335565
0 0.442618 0.814278 0.0438189 0.0897274 0.325233
0 0.349249 0.801183 0.0155354 0.0283469 0.27487
