0 0.812456 0.865598 0.374005 0.266847 0.858343
0 0.47072 0.852742 0.235916 0.24904 0.605251
0 0.347839 0.827916 0.10874 0.152684 0.576267
0 0.144274 0.756601 0.0279891 0.0352624 0.42498
0 0.191378 0.796305 0.0434069 0.0509749 0.408568
0 0.0139369 0.777573 0.0278739 0.0595661 0.406552
0 0.18378 0.779779 0.0630758 0.0802116 0.336779
0 0.0790183 0.753057 0.0533761 0.0701238 0.325796
0 0.275997 0.787521 0.0850013 0.183919 0.305767
0 0.0961396 0.762616 0.0349324 0.0396635 0.300984
0 0.0893065 0.768268 0.0269984 0.0331043 0.299636
0 0.167055 0.765788 0.0286131 0.0488291 0.296331
0 0.151616 0.753036 0.0454563 0.0447513 0.271897
0 0.133758 0.780696 0.0493259 0.0660972 0.269005
0 0.165796 0.782891 0.0338238 0.0621038 0.260364
0 0.271189 0.818905 0.0666311 0.119139 0.250102
