0 0.595176 0.496922 0.0289394 0.0356149 0.671376
0 0.676129 0.51114 0.0306174 0.0414661 0.546827
0 0.623827 0.500056 0.0303132 0.0388753 0.491654
0 0.716348 0.517747 0.0565166 0.0668732 0.482484
0 0.528849 0.495729 0.0266039 0.0340961 0.474895
0 0.64813 0.503998 0.0299355 0.0378148 0.438949
0 0.92312 0.568532 0.15376 0.153379 0.357351
0 0.681689 0.510134 0.041885 0.0518675 0.304125
0 0.604352 0.496324 0.0477337 0.043758 0.292509
0 0.885399 0.54959 0.0817928 0.0970817 0.285264
0 0.955888 0.585426 0.0882242 0.1446 0.256254
0 0.702474 0.513548 0.055725 0.062734 0.250516
