0 0.574776 0.590789 0.0637292 0.088274 0.878522
0 0.500419 0.568523 0.0252954 0.0413345 0.488411
0 0.521703 0.574572 0.0367088 0.0561334 0.485008
0 0.248194 0.593983 0.0817509 0.0892629 0.45862
0 0.306609 0.591679 0.0421225 0.0662172 0.360064
0 0.386761 0.565566 0.0240428 0.0366006 0.3566
0 0.362678 0.563395 0.0367514 0.0511239 0.355373
0 0.480611 0.559877 0.0213652 0.0294707 0.354339
0 0.367494 0.557981 0.0491918 0.0666217 0.328302
0 0.463346 0.554853 0.0219514 0.0307105 0.321552
0 0.239343 0.602355 0.0623731 0.0690596 0.310177
0 0.858841 0.61552 0.0646069 0.0866419 0.303428
0 0.372183 0.562343 0.0376133 0.0519023 0.301218
0 0.280179 0.598074 0.0355865 0.0625575 0.298923
0 0.294979 0.595438 0.054712 0.0692925 0.295282
0 0.346266 0.565129 0.0339136 0.0534317 0.289906
0 0.337348 0.573298 0.0472972 0.0715198 0.258245
0 0.532949 0.579735 0.0363509 0.0607278 0.252735
0 0.39813 0.56423 0.0265574 0.0362827 0.252308
