0 0.503913 0.635836 0.146497 0.221971 0.862353
0 0.705465 0.562152 0.180296 0.278515 0.696984
0 0.418133 0.612215 0.0554302 0.0880497 0.453591
0 0.605363 0.584951 0.0321538 0.0655362 0.327715
0 0.582529 0.585351 0.0273543 0.0496477 0.297625
0 0.307557 0.607062 0.0535363 0.0528 0.283704
0 0.595138 0.581337 0.0540181 0.0819611 0.265231
0 0.429206 0.618924 0.0369795 0.0742808 0.26496
0 0.317259 0.622574 0.0713572 0.0817562 0.26186
0 0.587023 0.592161 0.0316648 0.0532788 0.258979
0 0.634726 0.5851 0.0436917 0.108222 0.256436
