0 0.300298 0.462853 0.0953415 0.120924 0.661321
0 0.565588 0.483354 0.0876549 0.124728 0.645397
0 0.730013 0.453628 0.0376773 0.0408488 0.443664
0 0.52251 0.462134 0.0321532 0.0616569 0.380118
0 0.113085 0.456296 0.0853744 0.0602853 0.37383
0 0.382848 0.472697 0.0353472 0.0589303 0.322487
0 0.488605 0.464073 0.0623695 0.0677997 0.322325
0 0.0378878 0.45453 0.0757756 0.0777798 0.316033
0 0.0925397 0.459093 0.0472398 0.0457601 0.311804
0 0.77956 0.444699 0.0403885 0.0439865 0.306275
0 0.40913 0.463299 0.120531 0.129689 0.290079
0 0.682427 0.436288 0.0348671 0.0264677 0.281403
0 0.454505 0.457691 0.0309543 0.0476481 0.274205
0 0.765707 0.444551 0.0266304 0.0387451 0.250953
