0 0.0975317 0.644737 0.194698 0.558466 0.84654
0 0.521804 0.499143 0.0966995 0.139323 0.788036
0 0.672468 0.519844 0.166078 0.197294 0.521537
0 0.845751 0.591767 0.308497 0.310132 0.437943
0 0.218376 0.556319 0.184812 0.216021 0.365634
0 0.283557 0.463344 0.0542207 0.0684782 0.324384
0 0.0215451 0.778345 0.042658 0.292119 0.267062
0 0.449472 0.472382 0.0586531 0.0735241 0.26363
0 0.436694 0.464907 0.0730454 0.0844888 0.258492
0 0.281436 0.446665 0.0488291 0.0416819 0.258095
0 0.606978 0.498282 0.0764421 0.138009 0.256138
