0 0.613733 0.682065 0.0220813 0.0327384 0.57958
0 0.66621 0.699006 0.030856 0.0393129 0.511364
0 0.342777 0.703256 0.0975354 0.102495 0.504236
0 0.69701 0.703935 0.0296713 0.0420078 0.477702
0 0.582837 0.681076 0.0270473 0.0382095 0.474591
0 0.554667 0.681737 0.0225248 0.0341549 0.441442
0 0.638393 0.688961 0.0206258 0.0292884 0.416691
0 0.508068 0.678137 0.0325562 0.0353216 0.281814
0 0.638224 0.6948 0.0249394 0.0399368 0.269349
0 0.446874 0.685083 0.043563 0.0514506 0.256096
0 0.403685 0.690925 0.0716354 0.0636732 0.25127
