0 0.263686 0.468192 0.0559525 0.0584342 0.632245
0 0.463833 0.467265 0.0219946 0.0293722 0.555213
0 0.313652 0.46669 0.0423698 0.0468014 0.488162
0 0.435537 0.470982 0.0331835 0.0479867 0.424252
0 0.601321 0.465117 0.0278347 0.0330648 0.407716
0 0.369731 0.461837 0.0476418 0.0460186 0.403558
0 0.42915 0.462934 0.0260705 0.0384347 0.317494
0 0.337967 0.464539 0.0485208 0.0473465 0.300609
0 0.383668 0.460436 0.0278581 0.0388182 0.283185
0 0.404199 0.462966 0.0307431 0.0391686 0.281286
0 0.61644 0.463527 0.0591375 0.0484799 0.280219
0 0.353801 0.464844 0.0264194 0.0388106 0.271701
0 0.498407 0.447135 0.0270559 0.0503342 0.265759
0 0.304183 0.469246 0.0306784 0.0455076 0.257608
