0 0.41712 0.415498 0.11005 0.181835 0.850772
0 0.528506 0.383395 0.0305132 0.0361728 0.48299
0 0.629486 0.382553 0.070277 0.0781038 0.474895
0 0.56923 0.381559 0.0268295 0.0440947 0.460144
0 0.498491 0.383873 0.0294004 0.037292 0.416182
0 0.552971 0.382891 0.0218046 0.0348073 0.408633
0 0.481477 0.382568 0.0267359 0.0382007 0.405562
0 0.581562 0.382272 0.0397866 0.0538181 0.39723
0 0.547372 0.384866 0.022739 0.0351579 0.340516
0 0.597087 0.385039 0.0370255 0.0564031 0.335616
0 0.560057 0.383315 0.0256566 0.040349 0.313845
0 0.489951 0.375266 0.0460664 0.0577628 0.274241
0 0.502262 0.373243 0.0269389 0.0505259 0.254871
