0 0.710746 0.716695 0.105972 0.139415 0.818557
0 0.299864 0.719176 0.106945 0.114888 0.595132
0 0.526784 0.673039 0.0267936 0.0353088 0.565029
0 0.567705 0.683269 0.0291054 0.0502397 0.552772
0 0.551907 0.677567 0.0248931 0.0456302 0.534067
0 0.455018 0.678351 0.0270258 0.0377989 0.525673
0 0.431193 0.686601 0.0254484 0.0413861 0.465682
0 0.422799 0.687785 0.0326385 0.0466459 0.458614
0 0.586114 0.688709 0.0303347 0.0578005 0.446157
0 0.574774 0.684407 0.0327867 0.0556527 0.427436
0 0.396588 0.695776 0.041209 0.0544506 0.410669
0 0.604179 0.692309 0.0384586 0.0681752 0.408785
0 0.41033 0.69027 0.0374006 0.0517912 0.394616
0 0.631261 0.692965 0.0457935 0.100661 0.348921
0 0.643305 0.687609 0.0656584 0.133807 0.327417
0 0.477552 0.672115 0.0227242 0.0327028 0.32185
0 0.504991 0.671949 0.0213316 0.0314597 0.310561
0 0.366812 0.697692 0.0504902 0.065595 0.300114
0 0.49724 0.671518 0.0252747 0.0314418 0.28942
0 0.624298 0.697067 0.036357 0.0822425 0.286169
0 0.379468 0.694041 0.0657849 0.0703939 0.282723
0 0.519636 0.67216 0.0301269 0.0376585 0.281112
0 0.337436 0.709216 0.0585619 0.0969245 0.272297
0 0.48234 0.669347 0.0248192 0.0354009 0.267557
0 0.627993 0.681094 0.0657697 0.11873 0.265671
0 0.468657 0.674917 0.0166889 0.0308562 0.261732
