0 0.808149 0.711218 0.383701 0.576088 0.631534
0 0.293382 0.799886 0.0736854 0.101919 0.35487
0 0.153565 0.824893 0.0669235 0.0630778 0.351774
0 0.140123 0.835046 0.0436436 0.0444934 0.336831
0 0.0293734 0.828021 0.0563079 0.0570285 0.332931
0 0.529876 0.786819 0.220144 0.222503 0.331955
0 0.374022 0.807658 0.0770865 0.118899 0.329671
0 0.31037 0.808709 0.0546466 0.0869697 0.321147
0 0.257934 0.807857 0.0552845 0.0755669 0.307275
0 0.419766 0.792655 0.0869816 0.166625 0.305523
0 0.478988 0.789441 0.132218 0.191545 0.300803
0 0.274276 0.811146 0.0440086 0.0724162 0.299204
0 0.242747 0.808763 0.0453073 0.0666636 0.291488
0 0.165784 0.826021 0.0489339 0.0519784 0.291265
0 0.70954 0.737387 0.205937 0.343177 0.288565
0 0.32511 0.80771 0.076732 0.101608 0.287507
0 0.216786 0.814319 0.0580515 0.0660434 0.28588
0 0.361361 0.81872 0.0561625 0.0915588 0.270982
0 0.562728 0.794122 0.144666 0.201804 0.268115
0 0.0138023 0.848307 0.0276046 0.0435194 0.266965
0 0.205546 0.806593 0.0706913 0.0884886 0.266733
0 0.233385 0.81207 0.0435838 0.0605001 0.26564
0 0.288036 0.812913 0.0566421 0.0757955 0.263893
0 0.177725 0.826724 0.0319875 0.0471247 0.258347
0 0.190767 0.819201 0.0537919 0.0615094 0.251464
