0 0.46047 0.426577 0.0206624 0.0338684 0.622512
0 0.352854 0.425773 0.0303678 0.0373559 0.448219
0 0.369016 0.425662 0.0309023 0.034151 0.374815
0 0.27005 0.436385 0.0581202 0.0525206 0.363465
0 0.256429 0.441054 0.0313398 0.0390856 0.358011
0 0.377718 0.426827 0.0207863 0.0309248 0.357799
0 0.406124 0.424622 0.0204 0.0298113 0.354414
0 0.39109 0.426776 0.0252424 0.031939 0.35125
0 0.445667 0.424317 0.0167655 0.0272227 0.346087
0 0.561643 0.420102 0.0286611 0.0347944 0.288536
0 0.315261 0.427038 0.0370727 0.0459442 0.256063
0 0.545794 0.415561 0.0606171 0.0532611 0.254713
0 0.554352 0.418893 0.0442778 0.0419646 0.252745
