0 0.625437 0.556191 0.17827 0.21221 0.914925
0 0.100547 0.564377 0.200795 0.31094 0.863668
0 0.299778 0.514696 0.0850246 0.112821 0.642384
0 0.410799 0.525928 0.0802593 0.102093 0.507642
0 0.360709 0.507276 0.0292499 0.0486148 0.391794
0 0.466943 0.501453 0.0398444 0.0504717 0.38282
0 0.353428 0.50686 0.0371042 0.0576855 0.359345
0 0.458362 0.498234 0.0293276 0.0449856 0.332748
0 0.346537 0.512424 0.0352091 0.0680457 0.301243
0 0.449104 0.490105 0.0204585 0.033372 0.29602
0 0.52543 0.547877 0.0282855 0.0414661 0.28291
0 0.337937 0.51132 0.0398417 0.0775075 0.273193
0 0.450497 0.498793 0.0234397 0.0462279 0.266169
0 0.239882 0.516587 0.0352041 0.0431831 0.265502
