0 0.168708 0.719649 0.2336 0.276799 0.879278
0 0.4724 0.791827 0.243814 0.332839 0.789961
0 0.319428 0.703283 0.0922699 0.126322 0.494117
0 0.895425 0.794638 0.208739 0.402181 0.379938
0 0.81735 0.793909 0.3653 0.412182 0.329334
0 0.863065 0.692035 0.117366 0.190822 0.299557
0 0.898629 0.611397 0.201377 0.368739 0.28097
0 0.370283 0.68127 0.03571 0.071205 0.277404
0 0.908566 0.69809 0.182835 0.217362 0.27449
0 0.364653 0.690238 0.037368 0.0762619 0.262182
0 0.363599 0.677124 0.0521008 0.100432 0.262029
0 0.619917 0.720419 0.115074 0.16645 0.251358
