0 0.560045 0.452009 0.110056 0.139665 0.810189
0 0.464525 0.436703 0.0361357 0.0745821 0.455558
0 0.443367 0.428473 0.0253693 0.0554555 0.453376
0 0.426994 0.417576 0.01926 0.0334627 0.440064
0 0.39259 0.42233 0.0179174 0.0262334 0.414462
0 0.49467 0.450936 0.0406068 0.0804447 0.382648
0 0.450119 0.430523 0.032071 0.0619481 0.369944
0 0.207256 0.442206 0.0787855 0.0769916 0.355807
0 0.267639 0.438234 0.0341432 0.0459766 0.351923
0 0.303819 0.423687 0.0398904 0.0590473 0.350853
0 0.231435 0.439291 0.047517 0.0652337 0.345844
0 0.285002 0.428625 0.0601278 0.0647032 0.339784
0 0.477963 0.439055 0.0427844 0.0853355 0.337326
0 0.335382 0.423112 0.0384621 0.0543725 0.333831
0 0.490703 0.436878 0.0543299 0.106019 0.326318
0 0.195016 0.448014 0.0549286 0.0622135 0.320646
0 0.370417 0.41191 0.0232041 0.0347834 0.263879
0 0.247368 0.435452 0.070731 0.0680635 0.261572
0 0.0620019 0.460037 0.124004 0.193176 0.255563
