0 0.921684 0.552951 0.156632 0.235547 0.908387
0 0.409932 0.566604 0.165804 0.233144 0.798299
0 0.483619 0.471165 0.0258638 0.0357405 0.545262
0 0.519254 0.48102 0.0310177 0.0443917 0.47168
0 0.542866 0.479859 0.0329189 0.0513668 0.45986
0 0.550223 0.48108 0.0307024 0.0502067 0.436431
0 0.306026 0.497305 0.0600839 0.0665187 0.424983
0 0.579213 0.48614 0.0355746 0.052986 0.419782
0 0.569293 0.484708 0.0404275 0.0534234 0.396976
0 0.611098 0.489326 0.0533622 0.0755056 0.335915
0 0.45309 0.468131 0.0262954 0.0399601 0.287768
0 0.464602 0.469193 0.0224135 0.03478 0.279791
0 0.605853 0.478895 0.0721271 0.0976612 0.255051
