0 0.938176 0.438566 0.123647 0.516134 0.529365
0 0.547688 0.407341 0.0268248 0.0365548 0.52549
0 0.666581 0.427667 0.0719003 0.0790677 0.489721
0 0.297569 0.434441 0.0409637 0.0452711 0.48455
0 0.228939 0.447964 0.0598196 0.0491696 0.468045
0 0.359406 0.42216 0.0391209 0.0448339 0.456873
0 0.3326 0.427389 0.0314857 0.039309 0.449447
0 0.317948 0.430585 0.0452427 0.0434197 0.399924
0 0.53668 0.407968 0.0310174 0.0392415 0.382048
0 0.528568 0.407924 0.0231066 0.0333557 0.37864
0 0.373517 0.415235 0.0406815 0.0515522 0.311371
0 0.652996 0.425716 0.0457623 0.0665534 0.309555
0 0.266135 0.440466 0.0436525 0.0457399 0.307481
0 0.563424 0.399807 0.0157898 0.0236589 0.30073
0 0.597667 0.394602 0.0250967 0.0259839 0.296639
0 0.138713 0.458 0.0481258 0.0546575 0.292785
0 0.525221 0.409829 0.0162934 0.0268368 0.286353
0 0.282699 0.436792 0.0509297 0.0502864 0.284202
0 0.56028 0.40026 0.0194672 0.0292628 0.271376
0 0.120034 0.461084 0.0820767 0.0751816 0.269022
0 0.251821 0.440984 0.0608487 0.0530797 0.254907
