0 0.241377 0.586225 0.0341878 0.0415168 0.552825
0 0.397156 0.59135 0.0274079 0.0414927 0.511526
0 0.368687 0.586225 0.0196528 0.0308595 0.480176
0 0.381153 0.581691 0.0174465 0.0307518 0.450943
0 0.352019 0.586852 0.0255728 0.031761 0.436337
0 0.283155 0.577666 0.0537997 0.0688625 0.433267
0 0.415582 0.578521 0.0202007 0.0294607 0.396375
0 0.294244 0.575687 0.0747818 0.0816777 0.332487
0 0.426126 0.577298 0.0279587 0.030702 0.328959
0 0.356856 0.585497 0.0343998 0.0389673 0.308596
0 0.33924 0.586423 0.0266343 0.0308566 0.29792
0 0.402054 0.574259 0.0425387 0.0672695 0.282209
0 0.329569 0.591487 0.0246961 0.0341788 0.276381
0 0.319721 0.59435 0.0330141 0.0409994 0.26126
0 0.239414 0.583537 0.0316209 0.0369241 0.453637
0 0.290455 0.580469 0.0305123 0.038558 0.445571
0 0.407229 0.583755 0.025736 0.0367555 0.435742
0 0.345007 0.584138 0.0388153 0.0409489 0.433585
0 0.35611 0.58186 0.0230965 0.0340734 0.427843
0 0.387954 0.58975 0.0252007 0.0400775 0.423204
0 0.419182 0.585214 0.028011 0.0358185 0.422267
0 0.268094 0.580231 0.0284236 0.0432465 0.397572
0 0.336792 0.585683 0.0271357 0.0375073 0.377955
0 0.281071 0.580955 0.0452572 0.0485118 0.345137
0 0.253235 0.5818 0.0471697 0.0508369 0.306268
0 0.407314 0.575502 0.0331968 0.0526326 0.302852
0 0.425578 0.580814 0.0314713 0.048092 0.296589
0 0.378947 0.589018 0.0394526 0.0482156 0.280088
0 0.313737 0.597068 0.0639426 0.081611 0.258462
0 0.23941 0.583569 0.0315589 0.0367596 0.456237
0 0.290443 0.580492 0.0304794 0.0384516 0.446102
0 0.407392 0.583703 0.0260818 0.0368927 0.436381
0 0.345 0.584129 0.0387348 0.0409536 0.434642
0 0.356133 0.581855 0.0231203 0.0340485 0.428634
0 0.419217 0.585153 0.0282807 0.0360345 0.423267
0 0.38796 0.589738 0.0251964 0.0399874 0.423071
0 0.268085 0.580255 0.0283056 0.0430562 0.398859
0 0.336879 0.585622 0.0272713 0.0375622 0.377825
0 0.281108 0.581019 0.0451264 0.0482598 0.344877
0 0.407326 0.575433 0.0331638 0.0525233 0.305055
0 0.253732 0.581852 0.0462827 0.0503699 0.304425
0 0.425542 0.580695 0.0315333 0.0481593 0.302274
0 0.378525 0.588931 0.0394112 0.0480698 0.280219
0 0.313722 0.597199 0.0638239 0.0815521 0.260708
0 0.23941 0.583569 0.0315589 0.0367596 0.456237
0 0.290443 0.580492 0.0304794 0.0384518 0.446103
0 0.407392 0.583703 0.0260818 0.0368927 0.436381
0 0.345 0.584129 0.0387348 0.0409536 0.434642
0 0.356133 0.581855 0.0231203 0.0340485 0.428634
0 0.419217 0.585153 0.0282807 0.0360345 0.423267
0 0.38796 0.589738 0.0251964 0.0399874 0.423071
0 0.268085 0.580255 0.0283056 0.0430561 0.398859
0 0.336879 0.585622 0.0272713 0.0375622 0.377825
0 0.281108 0.581019 0.0451264 0.0482598 0.344877
0 0.407326 0.575433 0.0331638 0.0525233 0.305055
0 0.253732 0.581852 0.0462827 0.0503699 0.304424
0 0.425542 0.580695 0.0315333 0.0481593 0.302274
0 0.378525 0.588931 0.0394113 0.0480698 0.280219
0 0.313722 0.597199 0.0638239 0.0815521 0.260708
