0 0.0736323 0.458182 0.147066 0.390329 0.853138
0 0.293479 0.436317 0.0880911 0.12623 0.829922
0 0.871258 0.546534 0.256584 0.29981 0.749983
0 0.41724 0.421259 0.0522362 0.0617681 0.651592
0 0.635722 0.453491 0.0959492 0.130238 0.613238
0 0.377267 0.405927 0.0271108 0.0388411 0.394576
0 0.339411 0.418468 0.0307802 0.0688941 0.3508
0 0.190344 0.403807 0.0367632 0.0484719 0.341716
0 0.387884 0.408405 0.0259598 0.041999 0.318539
0 0.161745 0.398433 0.0310726 0.0445507 0.317771
0 0.368005 0.40384 0.0372633 0.0466766 0.316801
0 0.348659 0.403382 0.0250652 0.0499123 0.305803
0 0.185003 0.400002 0.0509033 0.0668142 0.299555
0 0.35363 0.402266 0.0264778 0.0428087 0.298996
0 0.230869 0.39749 0.0326512 0.0509696 0.297735
0 0.156691 0.414034 0.0593924 0.10092 0.293625
0 0.151728 0.406228 0.0394338 0.0540624 0.292539
0 0.174945 0.414788 0.0729783 0.0947432 0.278453
0 0.332526 0.414262 0.0420816 0.0828084 0.269619
0 0.574617 0.445704 0.058486 0.0796388 0.268717
