0 0.859504 0.594658 0.22833 0.302615 0.816177
0 0.590386 0.596342 0.0269082 0.0450868 0.689139
0 0.436429 0.539857 0.0233103 0.0297699 0.575827
0 0.63184 0.608339 0.0430633 0.0588977 0.551141
0 0.606037 0.602015 0.0261522 0.0507004 0.478066
0 0.354049 0.544113 0.0375241 0.0414166 0.444601
0 0.0909993 0.522776 0.068997 0.0566752 0.431074
0 0.0379828 0.511167 0.0359962 0.0416723 0.429546
0 0.162179 0.530395 0.05739 0.0498355 0.424354
0 0.569648 0.563689 0.0347723 0.0504445 0.422185
0 0.533961 0.546674 0.0224777 0.0336616 0.417316
0 0.0709516 0.523898 0.032794 0.0412774 0.37783
0 0.363632 0.541904 0.0277119 0.0390498 0.355133
0 0.47596 0.555782 0.0201787 0.0349504 0.348625
0 0.231718 0.544455 0.0251962 0.0317978 0.342217
0 0.121015 0.532304 0.0301836 0.0395715 0.329003
0 0.343002 0.542983 0.0277501 0.0376351 0.315893
0 0.201011 0.541706 0.0426002 0.0362286 0.308747
0 0.455509 0.534133 0.0191515 0.0278666 0.300515
0 0.702366 0.633207 0.058256 0.0780919 0.286887
0 0.106763 0.523796 0.0482782 0.0536253 0.286822
0 0.724835 0.63938 0.0562696 0.0901435 0.286058
0 0.244273 0.537396 0.0485136 0.0440575 0.275757
0 0.388307 0.526596 0.0223129 0.0393507 0.27567
0 0.208125 0.518203 0.0343173 0.0394653 0.268035
0 0.0565842 0.518128 0.036497 0.0440618 0.267004
0 0.686708 0.628792 0.056076 0.0731461 0.255272
