0 0.0846259 0.487022 0.168596 0.19389 0.801841
0 0.876433 0.51482 0.247133 0.251182 0.459323
0 0.455226 0.481779 0.0308261 0.0543698 0.421297
0 0.639653 0.496799 0.0595037 0.0878464 0.357916
0 0.926482 0.576143 0.147037 0.197177 0.340484
0 0.730216 0.495805 0.0913235 0.127222 0.339561
0 0.417702 0.474368 0.0331097 0.0341877 0.336716
0 0.681643 0.496798 0.0333009 0.0836951 0.330221
0 0.708096 0.493692 0.0760391 0.113203 0.308865
0 0.182143 0.47701 0.168917 0.14601 0.304545
0 0.465012 0.477566 0.0487117 0.0664152 0.300347
0 0.25967 0.495419 0.0848122 0.0876741 0.299088
0 0.24283 0.48156 0.118028 0.120422 0.291551
0 0.835015 0.540047 0.162673 0.189798 0.283335
0 0.66987 0.495621 0.0481049 0.086635 0.27951
0 0.652019 0.492881 0.0822898 0.10616 0.278556
0 0.342047 0.462547 0.117049 0.10449 0.276896
0 0.208508 0.481968 0.113931 0.127228 0.271581
0 0.365932 0.511632 0.0402229 0.0411185 0.260104
0 0.733827 0.521174 0.064998 0.0803506 0.258501
0 0.562984 0.449917 0.180654 0.235465 0.250853
