0 0.132202 0.52155 0.264404 0.28616 0.857997
0 0.886512 0.601737 0.226076 0.454396 0.803878
0 0.724339 0.498152 0.202132 0.225881 0.628429
0 0.445447 0.429259 0.0279971 0.0425976 0.481319
0 0.418095 0.434982 0.0307521 0.0486588 0.434847
0 0.426892 0.43196 0.031833 0.0504735 0.41606
0 0.516361 0.441533 0.039576 0.055227 0.414567
0 0.492999 0.437899 0.0266442 0.0460015 0.392144
0 0.291117 0.478276 0.115014 0.167079 0.384271
0 0.393781 0.440251 0.0320402 0.0521176 0.381568
0 0.528645 0.443358 0.0380643 0.0601764 0.363056
0 0.406406 0.436309 0.0360658 0.0503394 0.359945
0 0.473831 0.436855 0.0285352 0.0369066 0.359229
0 0.369778 0.445028 0.0438272 0.0797985 0.351969
0 0.382328 0.444139 0.0430845 0.0626253 0.350744
0 0.501026 0.439262 0.03209 0.0493495 0.345449
0 0.613511 0.472487 0.0840129 0.159102 0.342254
0 0.576366 0.444323 0.0727777 0.131638 0.334921
0 0.549758 0.45242 0.0395515 0.076501 0.325557
0 0.346327 0.45506 0.0631146 0.117365 0.309245
0 0.594684 0.451951 0.0977571 0.155112 0.303654
0 0.571427 0.460925 0.0554956 0.104784 0.293108
0 0.558298 0.456014 0.042871 0.0871885 0.283114
0 0.341237 0.454588 0.0453862 0.0916889 0.2606
0 0.33129 0.457447 0.071594 0.129071 0.258611
0 0.63505 0.478888 0.107905 0.17021 0.254647
0 0.396909 0.44277 0.0433936 0.0667908 0.253456
0 0.364198 0.455433 0.0598665 0.105518 0.252395
0 0.402848 0.425405 0.0452374 0.0749895 0.250996
