0 0.465861 0.48403 0.0801607 0.133341 0.727174
0 0.837293 0.545151 0.311197 0.327612 0.57531
0 0.202116 0.52312 0.171145 0.215906 0.554822
0 0.570784 0.476286 0.0553928 0.104118 0.451524
0 0.655032 0.497729 0.126115 0.180802 0.414314
0 0.926377 0.625272 0.146822 0.457521 0.38472
0 0.300152 0.486065 0.0953846 0.147757 0.355317
0 0.603714 0.494628 0.057401 0.134777 0.351172
0 0.530501 0.467712 0.035217 0.0734329 0.350506
0 0.34877 0.487881 0.0435059 0.100053 0.335751
0 0.538839 0.469259 0.0297523 0.0742025 0.332802
0 0.340964 0.482442 0.0599684 0.123128 0.330012
0 0.404895 0.464741 0.0360805 0.0531908 0.322004
0 0.561562 0.478067 0.0389673 0.0896488 0.321718
0 0.316976 0.490297 0.0687233 0.122801 0.316045
0 0.553088 0.470357 0.033502 0.0868018 0.314295
0 0.657186 0.523515 0.0784031 0.133241 0.287497
0 0.395058 0.460147 0.0484873 0.063157 0.284696
0 0.592313 0.485991 0.0549064 0.118704 0.281146
0 0.42379 0.462205 0.0236794 0.0500517 0.27106
0 0.321108 0.47507 0.100432 0.150428 0.270846
0 0.620804 0.489837 0.0938701 0.15941 0.257635
0 0.504084 0.480314 0.0276349 0.0701314 0.253138
0 0.272789 0.492484 0.126769 0.179182 0.252122
