0 0.893529 0.579968 0.212548 0.468422 0.749713
0 0.173833 0.503694 0.125525 0.132325 0.665767
0 0.648058 0.486087 0.112488 0.137659 0.564546
0 0.485626 0.458144 0.0288096 0.0383035 0.530922
0 0.530504 0.463031 0.0271224 0.0482822 0.52988
0 0.426381 0.454404 0.0232938 0.0318576 0.513858
0 0.562531 0.467905 0.0429928 0.0695755 0.488891
0 0.420296 0.45395 0.0252158 0.0347522 0.446793
0 0.361544 0.468811 0.03493 0.0482178 0.442214
0 0.394835 0.460895 0.0293002 0.0409851 0.435448
0 0.310579 0.474691 0.0538852 0.0816204 0.414764
0 0.406734 0.454724 0.0302924 0.0426565 0.400557
0 0.341743 0.474375 0.0359847 0.0562388 0.400333
0 0.328333 0.472696 0.0387261 0.0682695 0.358472
0 0.25949 0.488988 0.0594672 0.0905638 0.355888
0 0.294772 0.481519 0.0428896 0.0736591 0.355511
0 0.35137 0.471727 0.0400949 0.0546872 0.35242
0 0.553991 0.465433 0.0361179 0.0618896 0.344516
0 0.577616 0.469491 0.0433016 0.0826358 0.330221
0 0.589504 0.474906 0.0394012 0.0912276 0.320807
0 0.435845 0.452103 0.0232709 0.0329866 0.306125
0 0.503049 0.454032 0.0240335 0.0400331 0.30545
0 0.287585 0.479308 0.0630535 0.0911197 0.301638
0 0.00913887 0.556616 0.0182777 0.154198 0.297113
0 0.413318 0.4514 0.0267473 0.0433863 0.286765
0 0.598056 0.473958 0.0524553 0.10522 0.285171
0 0.394343 0.453895 0.0377908 0.0556656 0.272532
0 0.274504 0.485345 0.0561535 0.0829325 0.271113
