0 0.896586 0.722549 0.206827 0.295957 0.741579
0 0.560726 0.633426 0.0400847 0.0485202 0.570288
0 0.519735 0.633687 0.0396735 0.0458098 0.570064
0 0.590285 0.644147 0.0290652 0.0391876 0.510993
0 0.639876 0.64916 0.0310863 0.0570555 0.457688
0 0.472992 0.639587 0.0344234 0.0437981 0.433592
0 0.660259 0.657179 0.0299075 0.0584298 0.417943
0 0.443935 0.637592 0.0361621 0.0507765 0.413211
0 0.0158732 0.723984 0.0315835 0.277621 0.410419
0 0.682683 0.664356 0.0380691 0.0770026 0.400006
0 0.107196 0.668849 0.189907 0.226112 0.393206
0 0.455255 0.639941 0.0377152 0.0474601 0.393196
0 0.40481 0.635097 0.036384 0.0563292 0.390066
0 0.674114 0.663356 0.0378752 0.071305 0.375014
0 0.541148 0.633268 0.0329309 0.0452508 0.374602
0 0.766472 0.662514 0.140797 0.167064 0.372538
0 0.695332 0.65943 0.0403623 0.0970903 0.325598
0 0.48627 0.637186 0.0277504 0.0431661 0.324475
0 0.387132 0.63205 0.0598249 0.0707255 0.31983
0 0.646644 0.645362 0.0400778 0.0706389 0.313961
0 0.375755 0.631577 0.036731 0.0538062 0.304563
0 0.529928 0.635871 0.0280969 0.0428175 0.295842
0 0.613833 0.644322 0.0405153 0.0594123 0.280125
0 0.683626 0.655666 0.0526125 0.0984728 0.274349
0 0.658615 0.649262 0.0396743 0.0787477 0.269174
0 0.626529 0.648951 0.0369638 0.06319 0.267168
0 0.454804 0.634069 0.0522618 0.0610882 0.261554
0 0.70915 0.660845 0.0557233 0.119051 0.25123
