0 0.418896 0.52034 0.0366712 0.045921 0.566488
0 0.413077 0.515213 0.0302229 0.0426122 0.531489
0 0.520813 0.562684 0.0609412 0.0708586 0.487909
0 0.320475 0.506838 0.0307329 0.0424162 0.486497
0 0.405654 0.496194 0.0213446 0.0345745 0.485752
0 0.287487 0.52933 0.0374383 0.0537589 0.480535
0 0.304153 0.519292 0.0254983 0.0437349 0.418697
0 0.230906 0.558519 0.0806872 0.105975 0.397557
0 0.221224 0.586104 0.0579407 0.0750076 0.394387
0 0.27888 0.533969 0.0374528 0.0579057 0.394007
0 0.440797 0.509805 0.0241717 0.0392921 0.392203
0 0.470846 0.526277 0.0343641 0.0535216 0.386644
0 0.456337 0.513557 0.0240503 0.0463398 0.360273
0 0.257478 0.549238 0.036624 0.0767971 0.358315
0 0.34212 0.496226 0.0234068 0.0366869 0.328411
0 0.354941 0.492294 0.0233385 0.0331446 0.325575
0 0.459423 0.520344 0.0244585 0.0452277 0.324564
0 0.436055 0.50514 0.0311721 0.0480182 0.315651
0 0.271553 0.532427 0.049265 0.0738098 0.279832
0 0.486734 0.545657 0.029097 0.050952 0.276104
0 0.408135 0.487039 0.0265611 0.0473068 0.273211
0 0.20553 0.588129 0.0851606 0.0963921 0.264284
0 0.349965 0.496191 0.0304214 0.0381183 0.261959
0 0.312413 0.514105 0.0299984 0.0441732 0.261281
0 0.295036 0.512196 0.0405504 0.0681671 0.253688
0 0.437475 0.492713 0.0329682 0.0505646 0.252143
