0 0.629824 0.377132 0.0713687 0.0977837 0.60389
0 0.876613 0.38098 0.246774 0.261068 0.408727
0 0.712661 0.397763 0.110087 0.120293 0.397566
0 0.50629 0.353221 0.0214375 0.0359073 0.3813
0 0.457595 0.356696 0.0252728 0.032682 0.372241
0 0.517576 0.352721 0.0383878 0.0437536 0.356879
0 0.548436 0.357238 0.0287217 0.0419401 0.34821
0 0.572152 0.36865 0.0310442 0.0493111 0.307683
0 0.565658 0.365097 0.0313645 0.046214 0.294392
0 0.555127 0.357946 0.0299009 0.0475423 0.292491
0 0.540111 0.352381 0.024871 0.0408844 0.290725
0 0.50573 0.360227 0.0162607 0.0242403 0.284098
0 0.582088 0.375048 0.0396554 0.0686505 0.283728
