0 0.243152 0.452575 0.117636 0.138475 0.506519
0 0.471717 0.465333 0.0737164 0.0860151 0.367451
0 0.70678 0.428933 0.0286427 0.0424588 0.354633
0 0.717487 0.423174 0.0470234 0.0571387 0.353051
0 0.486343 0.451218 0.0469432 0.0654551 0.316587
0 0.760379 0.421832 0.128839 0.0814668 0.309699
0 0.490017 0.40598 0.0490355 0.0624717 0.297804
0 0.517206 0.460059 0.0501292 0.0615272 0.278649
0 0.523028 0.40066 0.0206438 0.031153 0.278459
0 0.436287 0.460344 0.0458174 0.0615358 0.274716
0 0.35548 0.472099 0.0351396 0.0406274 0.270203
0 0.424784 0.463313 0.0288422 0.0454336 0.268125
0 0.488333 0.428684 0.047372 0.0665165 0.260708
0 0.411529 0.456746 0.0433613 0.0570964 0.257918
0 0.528168 0.460676 0.0357671 0.0477347 0.25038
