0 0.906647 0.699152 0.18657 0.299737 0.508392
0 0.608366 0.627114 0.0305202 0.053575 0.499822
0 0.455873 0.609914 0.027608 0.0588038 0.497259
0 0.40384 0.612458 0.0963061 0.124039 0.483851
0 0.593983 0.621316 0.0241731 0.0478746 0.451524
0 0.508602 0.610945 0.0345599 0.0430993 0.449902
0 0.546797 0.612906 0.026932 0.0389591 0.431186
0 0.494299 0.605517 0.0343824 0.0498968 0.426239
0 0.796323 0.654018 0.1867 0.208106 0.421749
0 0.500913 0.610892 0.0272854 0.0413235 0.414208
0 0.746201 0.648918 0.0911236 0.18331 0.396061
0 0.629714 0.629043 0.0333489 0.0622662 0.391806
0 0.519007 0.611093 0.0266381 0.0397629 0.383775
0 0.599601 0.625906 0.0298435 0.0521362 0.370306
0 0.619495 0.629071 0.0325835 0.0559408 0.367737
0 0.323637 0.58184 0.0363544 0.0469291 0.359588
0 0.656395 0.630869 0.0710816 0.0930691 0.341578
0 0.478827 0.603605 0.0291541 0.0491442 0.34082
0 0.353014 0.584435 0.0246647 0.0403486 0.322887
0 0.830034 0.666648 0.136473 0.212625 0.295874
0 0.259916 0.591628 0.0303854 0.0532374 0.294675
0 0.644812 0.63006 0.0537553 0.0772651 0.292172
0 0.3696 0.605124 0.0308028 0.0703079 0.283278
0 0.671054 0.637754 0.0585239 0.0878688 0.279146
0 0.486071 0.601054 0.0416342 0.0565258 0.273797
0 0.953559 0.712051 0.092882 0.298154 0.257033
