0 0.614552 0.491986 0.100657 0.138149 0.686013
0 0.502925 0.42637 0.0310805 0.041028 0.483776
0 0.390355 0.43471 0.021295 0.0356135 0.469862
0 0.492981 0.423298 0.0226924 0.0364556 0.453954
0 0.418523 0.430881 0.0230615 0.0324056 0.448477
0 0.537019 0.454921 0.0356001 0.0509079 0.417859
0 0.431593 0.428363 0.0216974 0.0286745 0.41379
0 0.30267 0.459201 0.0463285 0.0611516 0.412206
0 0.547889 0.454801 0.0455377 0.0612003 0.409916
0 0.335933 0.4514 0.0383436 0.0525224 0.400639
0 0.368206 0.4345 0.0335795 0.050552 0.388609
0 0.177814 0.49938 0.12008 0.11257 0.379984
0 0.531004 0.455554 0.0285604 0.0438193 0.361304
0 0.316666 0.454485 0.0703019 0.0697301 0.359807
0 0.489647 0.419711 0.018475 0.0329459 0.338143
0 0.557158 0.456996 0.0372767 0.0613371 0.336846
0 0.197553 0.481628 0.158841 0.143385 0.332912
0 0.437175 0.426561 0.020975 0.0286133 0.328152
0 0.355656 0.440781 0.036403 0.0506246 0.323791
0 0.457596 0.417707 0.0263025 0.0352071 0.318494
0 0.502978 0.418961 0.0384915 0.0565352 0.261117
