0 0.470347 0.41228 0.0392461 0.0397876 0.708036
0 0.889282 0.406819 0.0330696 0.0496285 0.51733
0 0.860128 0.413673 0.0350462 0.049105 0.503735
0 0.835643 0.432553 0.0394211 0.0456524 0.456437
0 0.93597 0.404235 0.0592939 0.0659376 0.373328
0 0.804672 0.420729 0.0955887 0.115646 0.343103
0 0.78493 0.432021 0.0460262 0.0494995 0.330546
0 0.229365 0.406586 0.0393017 0.0440537 0.304907
0 0.329955 0.402718 0.0451184 0.0477125 0.299229
0 0.945162 0.408812 0.0424707 0.0517303 0.298739
0 0.91719 0.40485 0.0297323 0.051208 0.281442
0 0.170614 0.410647 0.0272635 0.0342117 0.272449
0 0.195789 0.410336 0.0274382 0.0364651 0.272357
0 0.135059 0.400732 0.0492887 0.0428165 0.271063
0 0.140795 0.404194 0.0356059 0.0343101 0.263177
0 0.2701 0.404456 0.0444096 0.0455348 0.260871
