0 0.295392 0.239543 0.0679266 0.0729355 0.688231
0 0.528903 0.252416 0.055751 0.0759763 0.618383
0 0.390415 0.221378 0.0238441 0.0371262 0.531327
0 0.35979 0.224089 0.0349046 0.0420684 0.492421
0 0.0203426 0.274264 0.0406853 0.206291 0.459117
0 0.40364 0.221725 0.0188136 0.0310605 0.441065
0 0.34998 0.22532 0.0331411 0.0439691 0.417504
0 0.422582 0.225144 0.0236145 0.0330411 0.414767
0 0.464046 0.226235 0.0191065 0.0319404 0.414098
0 0.480424 0.218255 0.0210913 0.0374201 0.411404
0 0.497958 0.230098 0.0243139 0.0449103 0.411197
0 0.335654 0.229643 0.0287498 0.0480765 0.386784
0 0.178951 0.244101 0.0721052 0.0750558 0.38221
0 0.212528 0.237118 0.0568205 0.0747764 0.379875
0 0.414231 0.222342 0.0271149 0.0351974 0.341375
0 0.247701 0.237394 0.0380785 0.0608174 0.324972
0 0.447431 0.222553 0.0195327 0.027903 0.323107
0 0.428431 0.224563 0.0291916 0.0363631 0.297042
0 0.502767 0.226069 0.0333198 0.0620076 0.29279
0 0.164619 0.251117 0.0510757 0.0608601 0.270815
0 0.517357 0.231272 0.0587604 0.0912882 0.259684
