0 0.0913209 0.572697 0.137477 0.132058 0.67841
0 0.210163 0.526246 0.111647 0.135205 0.511314
0 0.31902 0.518772 0.0446278 0.0733541 0.392995
0 0.0119457 0.585537 0.0238914 0.142184 0.368797
0 0.342696 0.515282 0.0401674 0.0675135 0.366723
0 0.412372 0.493975 0.0936527 0.125031 0.363868
0 0.283898 0.523048 0.0476457 0.0799471 0.36318
0 0.569222 0.493037 0.026634 0.0380732 0.359875
0 0.621805 0.497753 0.048864 0.0584128 0.358948
0 0.434374 0.49822 0.0387074 0.0514296 0.342293
0 0.351539 0.515036 0.0353525 0.0646551 0.328753
0 0.33233 0.517391 0.0542981 0.0750831 0.317543
0 0.298916 0.521466 0.0712636 0.0833359 0.310808
0 0.231884 0.527352 0.072057 0.0977993 0.309258
0 0.392171 0.497417 0.0550389 0.0722076 0.293602
0 0.622429 0.490311 0.0605023 0.0787957 0.285934
0 0.3627 0.505397 0.0386912 0.0691169 0.2825
0 0.609645 0.49414 0.0334272 0.0501872 0.270617
0 0.184473 0.550233 0.0623504 0.0896501 0.266779
0 0.369571 0.499385 0.0375164 0.06066 0.266064
0 0.582134 0.487756 0.0322813 0.0543854 0.262929
0 0.573344 0.484444 0.0323372 0.0543201 0.261519
0 0.469053 0.473269 0.0241374 0.0383146 0.255529
