0 0.0695086 0.479105 0.138867 0.200529 0.878499
0 0.62444 0.476017 0.110202 0.146025 0.774687
0 0.381373 0.470053 0.0943084 0.141778 0.770972
0 0.312545 0.427933 0.0721011 0.102248 0.4958
0 0.447088 0.425575 0.0600656 0.0689857 0.413286
0 0.455323 0.422199 0.0381863 0.0523163 0.37804
0 0.42965 0.426853 0.0293726 0.0514715 0.350667
0 0.569802 0.425376 0.0320009 0.0471029 0.344441
0 0.227057 0.43045 0.0686664 0.0748381 0.338769
0 0.232315 0.438828 0.0897317 0.0993035 0.328284
0 0.420962 0.42981 0.0399401 0.0605938 0.318856
0 0.526075 0.420158 0.0271412 0.040853 0.312187
0 0.575723 0.417601 0.0384417 0.058753 0.30441
0 0.469168 0.422389 0.0269985 0.0434528 0.29996
0 0.496387 0.417724 0.0393502 0.0479558 0.296127
0 0.436534 0.432986 0.047328 0.0687288 0.286817
0 0.255961 0.426405 0.0435112 0.0637161 0.266994
0 0.421437 0.394733 0.0300793 0.0502753 0.256332
