0 0.773758 0.558338 0.154403 0.17814 0.864363
0 0.976708 0.536242 0.0461899 0.136931 0.771347
0 0.90143 0.513066 0.0732647 0.0713464 0.718391
0 0.123088 0.547642 0.234381 0.127014 0.551985
0 0.706551 0.473841 0.0311353 0.0381424 0.442425
0 0.495811 0.514161 0.0776707 0.0739487 0.408209
0 0.956516 0.503596 0.0187162 0.0381009 0.359474
0 0.91314 0.507575 0.0526316 0.0620987 0.353436
0 0.976875 0.509848 0.0449846 0.0847553 0.352715
0 0.923837 0.503548 0.0366781 0.0594281 0.327206
0 0.965014 0.496654 0.0333927 0.0519806 0.296173
0 0.644556 0.491411 0.068467 0.0615338 0.277977
0 0.515961 0.512594 0.0403502 0.0520647 0.273401
0 0.359754 0.524372 0.1801 0.117687 0.265491
0 0.480606 0.516835 0.109599 0.0884415 0.255333
