0 0.878985 0.752987 0.241974 0.478898 0.868673
0 0.530049 0.579217 0.0535624 0.0580744 0.636577
0 0.190381 0.63445 0.218595 0.250476 0.465041
0 0.418002 0.573669 0.0370746 0.0519077 0.442807
0 0.507825 0.556495 0.0269443 0.0347202 0.436567
0 0.477973 0.551917 0.0184866 0.031075 0.407306
0 0.43393 0.55894 0.0235672 0.0386875 0.40448
0 0.439676 0.552593 0.0195593 0.0322106 0.402593
0 0.424906 0.571012 0.0298865 0.0461775 0.386546
0 0.616659 0.634651 0.0596968 0.0862691 0.368581
0 0.330393 0.615717 0.0627497 0.139004 0.342822
0 0.300186 0.625869 0.0820762 0.168358 0.311543
0 0.44281 0.547206 0.0196905 0.031346 0.311156
0 0.685772 0.647017 0.0996826 0.131695 0.299969
0 0.493838 0.54276 0.0156096 0.0277734 0.297507
0 0.347421 0.612242 0.0680499 0.135826 0.296142
0 0.452118 0.548338 0.017321 0.030279 0.292206
0 0.589122 0.605266 0.0335908 0.0392871 0.271409
0 0.587998 0.618207 0.0384523 0.0658332 0.260688
0 0.407495 0.576585 0.0396365 0.0574307 0.252784
0 0.500804 0.556648 0.0143428 0.0309874 0.251089
