0 0.966616 0.592649 0.0667337 0.0823468 0.688305
0 0.28763 0.563261 0.0326259 0.0309982 0.552329
0 0.476971 0.572295 0.0329885 0.0489492 0.45783
0 0.311689 0.554097 0.0252678 0.0290126 0.442116
0 0.3708 0.541116 0.0205272 0.0327064 0.420132
0 0.510088 0.570105 0.0373805 0.0477878 0.418043
0 0.488371 0.570937 0.047088 0.0501231 0.399886
0 0.501572 0.569589 0.0294272 0.0438553 0.377505
0 0.124131 0.573264 0.0787676 0.062364 0.35766
0 0.523731 0.57065 0.0359935 0.0527405 0.341242
0 0.532821 0.570529 0.0371505 0.0535639 0.313564
0 0.125775 0.556117 0.0832439 0.100993 0.302274
0 0.554552 0.556949 0.0202726 0.0331879 0.286355
