0 0.597446 0.459991 0.226231 0.259963 0.77632
0 0.905619 0.537586 0.188762 0.456866 0.615243
0 0.460988 0.47461 0.0799981 0.13101 0.543172
0 0.243633 0.47953 0.0277826 0.038138 0.533036
0 0.412692 0.486931 0.0440512 0.0854085 0.487547
0 0.29446 0.478931 0.023943 0.0361699 0.457722
0 0.199022 0.4847 0.0261698 0.0346971 0.440286
0 0.308977 0.478657 0.0255762 0.0387117 0.435429
0 0.180864 0.488526 0.0263056 0.0385223 0.421664
0 0.277104 0.485544 0.0246355 0.0339057 0.418995
0 0.271698 0.484523 0.0222057 0.0349893 0.409491
0 0.334907 0.479198 0.028162 0.0461828 0.397316
0 0.204916 0.483986 0.0223792 0.0337426 0.392705
0 0.348052 0.480983 0.0470921 0.0532359 0.382578
0 0.366498 0.483049 0.0326483 0.0576728 0.362382
0 0.21943 0.483168 0.0199025 0.0320155 0.345925
0 0.386639 0.481582 0.0385015 0.0762324 0.342352
0 0.374299 0.482783 0.0376797 0.0647505 0.337605
0 0.326753 0.474061 0.0322895 0.0520138 0.334227
0 0.158254 0.495294 0.0308968 0.0401482 0.327979
0 0.166047 0.490359 0.0341941 0.0438212 0.313448
0 0.129714 0.504208 0.0305835 0.0420285 0.298975
0 0.0141307 0.53691 0.0281486 0.110159 0.293213
0 0.0380795 0.527186 0.05798 0.0761722 0.291562
0 0.396614 0.478751 0.0561909 0.0877335 0.279868
0 0.467167 0.483107 0.0611248 0.0950565 0.269768
0 0.14345 0.494693 0.0480913 0.0548903 0.26014
0 0.207037 0.485292 0.0164999 0.0272537 0.250938
