0 0.145502 0.611358 0.227582 0.197353 0.825531
0 0.426382 0.542437 0.0602676 0.070421 0.722475
0 0.637045 0.532662 0.0334948 0.0381738 0.608597
0 0.478843 0.536562 0.0426329 0.0541528 0.576669
0 0.811351 0.625105 0.258143 0.304291 0.557812
0 0.517296 0.527567 0.0340956 0.0449687 0.556327
0 0.470421 0.538962 0.0338551 0.0518205 0.500571
0 0.5581 0.524254 0.0317496 0.0461027 0.467723
0 0.666142 0.534667 0.0210145 0.0348997 0.460648
0 0.862816 0.567625 0.154605 0.203781 0.434284
0 0.609545 0.532749 0.0217432 0.0315462 0.417378
0 0.690171 0.538903 0.0289053 0.0436301 0.405671
0 0.585526 0.529718 0.0243728 0.0364755 0.370875
0 0.527608 0.524551 0.0243231 0.0424503 0.348134
0 0.987877 0.698188 0.0242317 0.2348 0.337991
0 0.486773 0.533257 0.0337034 0.054067 0.33137
0 0.497787 0.5345 0.0253898 0.0471712 0.275956
0 0.700506 0.537562 0.04178 0.0544876 0.269276
0 0.685825 0.534344 0.0432354 0.057086 0.262168
0 0.458395 0.536114 0.0326374 0.0601544 0.256637
