0 0.0326826 0.652492 0.065307 0.37875 0.67424
0 0.907819 0.695671 0.183976 0.479298 0.556393
0 0.529806 0.560697 0.0258949 0.0469021 0.556353
0 0.546706 0.555949 0.0238379 0.0451063 0.535886
0 0.505372 0.565978 0.0341216 0.0526488 0.523626
0 0.610154 0.553832 0.0242133 0.0444314 0.505896
0 0.659985 0.581958 0.0593147 0.0775126 0.484736
0 0.357233 0.599774 0.101929 0.146143 0.480855
0 0.628844 0.566767 0.0304376 0.0575887 0.47826
0 0.187961 0.633079 0.266487 0.244037 0.432754
0 0.242434 0.62043 0.158954 0.222011 0.43008
0 0.796054 0.645731 0.186133 0.256365 0.42751
0 0.471765 0.577906 0.0411611 0.0555956 0.419829
0 0.479217 0.570542 0.0576023 0.0701526 0.40905
0 0.599279 0.548208 0.0214532 0.0368035 0.3925
0 0.605947 0.549073 0.0248713 0.0436908 0.371338
0 0.552019 0.553248 0.0220246 0.0450921 0.303716
0 0.624561 0.55747 0.0327914 0.0595698 0.293369
0 0.636213 0.574231 0.035552 0.0654066 0.285584
0 0.681749 0.582602 0.066271 0.082841 0.27418
0 0.7629 0.646319 0.12289 0.233975 0.264339
0 0.273184 0.617079 0.0983026 0.195202 0.262711
0 0.146865 0.655937 0.185293 0.205231 0.2627
0 0.569959 0.547198 0.025338 0.0354562 0.258857
