0 0.185677 0.715454 0.370817 0.3448 0.896732
0 0.66317 0.773012 0.342288 0.446629 0.865535
0 0.604172 0.475504 0.118961 0.195678 0.7954
0 0.465885 0.636053 0.05814 0.0674474 0.394411
0 0.828665 0.614894 0.0259939 0.0378564 0.394292
0 0.509768 0.630471 0.0277471 0.0465829 0.390446
0 0.388364 0.6755 0.0853495 0.121875 0.381684
0 0.819987 0.613084 0.041306 0.0436059 0.37494
0 0.479944 0.6312 0.0341297 0.0554903 0.336983
0 0.803734 0.608196 0.0332742 0.0375385 0.336929
0 0.45476 0.640105 0.0428226 0.0674554 0.31929
0 0.793037 0.608775 0.0343052 0.0391518 0.314831
0 0.378031 0.653124 0.114567 0.168067 0.287465
0 0.921241 0.624553 0.0437101 0.0373315 0.275475
0 0.514167 0.622405 0.0370283 0.0650787 0.265163
