0 0.540347 0.586692 0.0302949 0.0410092 0.504936
0 0.500607 0.59544 0.0360988 0.0454588 0.498142
0 0.590488 0.590708 0.038101 0.0490355 0.440407
0 0.580207 0.588515 0.031349 0.0447105 0.414954
0 0.516979 0.591216 0.0298725 0.0433495 0.404059
0 0.598313 0.59124 0.0266654 0.0466485 0.396793
0 0.648679 0.610157 0.0334331 0.0486743 0.393827
0 0.682127 0.619263 0.0394141 0.0449285 0.367298
0 0.620818 0.586354 0.0260391 0.0408846 0.335987
0 0.430332 0.616227 0.0851094 0.100089 0.318417
0 0.475961 0.598562 0.0397309 0.057409 0.314563
0 0.551795 0.584311 0.0282545 0.0430557 0.283994
0 0.679241 0.628327 0.0507676 0.0754294 0.259152
0 0.614785 0.58304 0.0289994 0.0463767 0.258892
0 0.669601 0.628425 0.0746937 0.0950266 0.256395
0 0.609583 0.591883 0.0341679 0.0489609 0.255303
