0 0.547939 0.564961 0.0880302 0.163544 0.388422
0 0.279383 0.584303 0.0220785 0.0377328 0.376446
0 0.544583 0.592841 0.0752374 0.106237 0.375566
0 0.30936 0.592286 0.0448007 0.0515937 0.373136
0 0.47184 0.582636 0.0255633 0.0316094 0.351619
0 0.492799 0.581124 0.0203481 0.0367059 0.345302
0 0.455159 0.583714 0.0337279 0.0318485 0.33661
0 0.479056 0.582767 0.0300045 0.0353146 0.329115
0 0.409868 0.596612 0.0290893 0.0325207 0.313149
0 0.486644 0.580017 0.0314456 0.0422033 0.294243
0 0.41072 0.584791 0.0436779 0.0523736 0.290589
0 0.426855 0.591173 0.0209434 0.0273358 0.265097
0 0.420566 0.588644 0.0335405 0.0372162 0.264128
0 0.497117 0.581276 0.0247311 0.0433016 0.25685
