0 0.114045 0.373258 0.228089 0.746515 0.765446
0 0.890096 0.612456 0.219809 0.19384 0.711444
0 0.719086 0.568283 0.16159 0.151958 0.702599
0 0.397163 0.516596 0.0263345 0.0439419 0.526645
0 0.294861 0.502157 0.0258442 0.0350867 0.515877
0 0.362447 0.510129 0.0295056 0.0368439 0.515355
0 0.322317 0.5058 0.0254982 0.0310486 0.503452
0 0.378243 0.513509 0.0235429 0.0370836 0.479282
0 0.422338 0.522521 0.0362469 0.0501875 0.450605
0 0.512417 0.54643 0.0674315 0.0706682 0.402834
0 0.462467 0.530841 0.0364748 0.0550866 0.383793
0 0.257313 0.50128 0.0234729 0.0358348 0.360623
0 0.359232 0.501929 0.0273559 0.0480164 0.342278
0 0.340066 0.508499 0.0184943 0.0273119 0.340884
0 0.24869 0.501552 0.0312523 0.0436189 0.293066
0 0.243228 0.506601 0.0350457 0.0546768 0.285173
0 0.356916 0.513505 0.0194016 0.0266252 0.26788
0 0.483018 0.536708 0.0386958 0.0593102 0.264321
0 0.235553 0.520728 0.0468295 0.0996884 0.263886
0 0.491924 0.540464 0.032744 0.0576318 0.260105
