0 0.737214 0.563494 0.135481 0.178057 0.714215
0 0.418526 0.533265 0.0517387 0.0693995 0.675351
0 0.520686 0.512481 0.0488799 0.0666619 0.528985
0 0.457724 0.521053 0.035786 0.0557522 0.509875
0 0.564356 0.504615 0.0300544 0.0392849 0.496038
0 0.601861 0.525155 0.0379361 0.0634667 0.494999
0 0.472724 0.511949 0.029877 0.0491369 0.468333
0 0.449798 0.5251 0.0300883 0.0549328 0.462342
0 0.593531 0.52154 0.0329041 0.0580404 0.411808
0 0.629839 0.532875 0.0383827 0.0785892 0.398885
0 0.574557 0.508072 0.0287813 0.0447557 0.367225
0 0.479821 0.510073 0.0280215 0.0455407 0.367068
0 0.662543 0.544517 0.0606875 0.124458 0.366006
0 0.648594 0.533587 0.0622049 0.111463 0.343599
0 0.563819 0.516359 0.0360713 0.0591873 0.317335
0 0.488758 0.508985 0.022328 0.0428714 0.316532
0 0.508809 0.508904 0.0305591 0.0474245 0.312119
0 0.463608 0.513815 0.0362932 0.0618991 0.279447
0 0.548483 0.504386 0.0193233 0.0373133 0.271597
0 0.497679 0.50742 0.0267258 0.0449444 0.256513
0 0.528697 0.518324 0.0371564 0.0625171 0.253127
