0 0.951888 0.430247 0.0962236 0.107353 0.832336
0 0.578217 0.456353 0.0829692 0.100304 0.702788
0 0.361073 0.455927 0.0272378 0.0376292 0.665564
0 0.47973 0.425536 0.0243127 0.0339581 0.518624
0 0.513164 0.433824 0.0268892 0.0562866 0.504848
0 0.531379 0.444154 0.0335658 0.0689802 0.482735
0 0.41586 0.437045 0.0193581 0.0291144 0.4526
0 0.383457 0.447683 0.0197459 0.0296085 0.427448
0 0.539919 0.453226 0.0336384 0.0702962 0.386893
0 0.538906 0.442588 0.0443758 0.087323 0.285818
0 0.547535 0.452785 0.0415649 0.0785341 0.259247
