0 0.823947 0.672299 0.349992 0.297768 0.853749
0 0.42792 0.564435 0.064499 0.079944 0.622242
0 0.519447 0.582191 0.080705 0.118599 0.524761
0 0.342187 0.569165 0.0216598 0.0311618 0.475655
0 0.181123 0.578347 0.0469977 0.0442086 0.400928
0 0.307046 0.559529 0.0260463 0.0309335 0.393169
0 0.140631 0.585547 0.0256849 0.0368585 0.390907
0 0.612642 0.595868 0.150928 0.202663 0.364882
0 0.164446 0.583382 0.0254453 0.0362139 0.357117
0 0.380884 0.572896 0.0299232 0.0478105 0.354934
0 0.115203 0.586189 0.0346396 0.0405082 0.344646
0 0.378811 0.556666 0.0330339 0.0728955 0.337106
0 0.263777 0.558804 0.0277658 0.0318861 0.336822
0 0.396438 0.558704 0.0308876 0.0691362 0.320711
0 0.276885 0.554604 0.0293875 0.0321023 0.308479
0 0.12347 0.584217 0.0552155 0.0511195 0.300643
0 0.00856991 0.606855 0.0169736 0.111834 0.291096
0 0.373449 0.570979 0.038037 0.0500526 0.282085
0 0.206407 0.550804 0.0253091 0.0374307 0.265002
0 0.107966 0.585744 0.0382627 0.0474542 0.25112
