0 0.519173 0.509067 0.104593 0.161248 0.868851
0 0.44638 0.461249 0.0598487 0.0797611 0.719783
0 0.403583 0.444726 0.0286395 0.043885 0.426099
0 0.144318 0.491738 0.06269 0.059531 0.406332
0 0.158479 0.49107 0.089964 0.0718819 0.385417
0 0.976759 0.469993 0.046482 0.149914 0.376253
0 0.574038 0.447126 0.0358014 0.0542857 0.37444
0 0.306271 0.453013 0.0253008 0.0381829 0.346555
0 0.279966 0.459806 0.0281242 0.0371379 0.332867
0 0.487471 0.43642 0.0309361 0.0398643 0.297934
0 0.192627 0.480853 0.0369887 0.0466131 0.294933
0 0.205981 0.477259 0.0493884 0.0496887 0.293849
0 0.370884 0.446237 0.0311625 0.0445002 0.292595
0 0.0415893 0.458227 0.0825696 0.157479 0.285344
0 0.582995 0.444573 0.0325604 0.04725 0.28096
0 0.250337 0.458199 0.0366736 0.0506426 0.276891
0 0.334821 0.445708 0.0742385 0.0573669 0.269168
0 0.609356 0.437942 0.0300374 0.0403308 0.25546
