0 0.792318 0.596412 0.272422 0.224737 0.872651
0 0.512639 0.514102 0.0431665 0.0510422 0.700131
0 0.473522 0.511524 0.0265312 0.0387078 0.500952
0 0.47951 0.510272 0.0236007 0.0366587 0.488177
0 0.423493 0.525315 0.0651231 0.0978277 0.467197
0 0.293055 0.48848 0.0227765 0.0275362 0.465129
0 0.461758 0.515895 0.0234906 0.0413666 0.456904
0 0.311482 0.486106 0.0214427 0.0291007 0.398907
0 0.28172 0.491723 0.0211603 0.0279068 0.394668
0 0.355341 0.497905 0.0353322 0.0440391 0.388835
0 0.340774 0.497706 0.034715 0.0407491 0.370771
0 0.380948 0.48917 0.0249385 0.0326602 0.369582
0 0.25859 0.492869 0.0257462 0.0350143 0.35552
0 0.488655 0.510179 0.0212917 0.0370248 0.354591
0 0.454135 0.512237 0.0296033 0.0534446 0.308302
0 0.386916 0.498336 0.023886 0.0426098 0.266988
0 0.448064 0.498158 0.0242076 0.0418689 0.266758
0 0.570544 0.515517 0.0649691 0.0623883 0.254346
