0 0.956464 0.584728 0.0867872 0.148819 0.437682
0 0.193099 0.477879 0.10799 0.111473 0.434551
0 0.312071 0.473689 0.0288405 0.0461536 0.433255
0 0.28755 0.480024 0.0306572 0.0452745 0.418029
0 0.181965 0.49067 0.0836246 0.0799143 0.344946
0 0.26123 0.475906 0.0457322 0.0647051 0.337996
0 0.341601 0.466543 0.0343689 0.0429637 0.326923
0 0.27667 0.478286 0.0429999 0.0557541 0.309988
0 0.24569 0.475934 0.0376915 0.0645866 0.300991
0 0.472255 0.498213 0.0565882 0.0519502 0.297477
0 0.345623 0.458166 0.041798 0.0579593 0.260206
0 0.235149 0.473777 0.0466728 0.0775179 0.251262
