0 0.325879 0.411559 0.0319535 0.0447278 0.47783
0 0.293477 0.4146 0.0363187 0.0471988 0.440865
0 0.0883425 0.434445 0.0580995 0.0633882 0.432508
0 0.407726 0.398708 0.0164942 0.0232539 0.43056
0 0.241943 0.450273 0.0761394 0.0682687 0.428027
0 0.446425 0.410229 0.0271852 0.0355882 0.41618
0 0.159978 0.437581 0.0587614 0.0769792 0.392572
0 0.364427 0.397335 0.016795 0.02558 0.376448
0 0.358089 0.396233 0.0221278 0.0299098 0.362487
0 0.34922 0.400856 0.0203753 0.0329647 0.358697
0 0.0533451 0.435237 0.0574542 0.058548 0.34078
0 0.227967 0.4549 0.0452722 0.0542809 0.318388
0 0.0434823 0.437261 0.0387658 0.0479343 0.317494
0 0.22761 0.420735 0.042577 0.0493059 0.297558
0 0.069975 0.432481 0.0854644 0.0719699 0.289514
0 0.264673 0.42153 0.0426161 0.0494442 0.286314
0 0.268614 0.438637 0.0412815 0.0633238 0.283145
0 0.349024 0.414243 0.0212775 0.0334437 0.281103
0 0.172992 0.436175 0.0860306 0.0877224 0.27782
0 0.262645 0.446665 0.0408844 0.0641174 0.256089
0 0.373932 0.397694 0.0158051 0.0221595 0.256046
0 0.29027 0.432776 0.0395936 0.0590183 0.252856
0 0.235127 0.427562 0.0569989 0.0604024 0.252031
0 0.21749 0.437178 0.0702809 0.0820691 0.251621
