0 0.460931 0.495688 0.0311314 0.0381053 0.462462
0 0.447532 0.491883 0.0255727 0.0377019 0.407738
0 0.682653 0.458228 0.0540013 0.0651986 0.340318
0 0.453507 0.493966 0.0334158 0.0422116 0.337619
0 0.480787 0.489149 0.0261336 0.0372687 0.332103
0 0.790675 0.454412 0.0614742 0.0541477 0.293853
0 0.697668 0.455586 0.0486491 0.0623494 0.291569
0 0.867868 0.419712 0.0430387 0.0424993 0.289288
0 0.780391 0.43432 0.0525852 0.0454825 0.265324
0 0.576822 0.489236 0.0846335 0.10401 0.264435
0 0.550516 0.503007 0.0331794 0.0410638 0.263127
0 0.640943 0.462943 0.0366231 0.0598512 0.261908
0 0.594518 0.494592 0.0402313 0.0439192 0.258323
0 0.642109 0.441148 0.028451 0.0367715 0.257225
0 0.479149 0.48504 0.0371443 0.0507061 0.256858
0 0.737767 0.447514 0.0389946 0.0529578 0.256838
0 0.848355 0.421517 0.0478436 0.0445567 0.256804
0 0.769397 0.430842 0.0417295 0.0450951 0.253996
0 0.737353 0.459946 0.0450948 0.0624624 0.253902
