0 0.496523 0.442291 0.0409151 0.0499724 0.398561
0 0.468093 0.447432 0.0292205 0.0388977 0.372156
0 0.503117 0.440366 0.0294708 0.0422711 0.370968
0 0.440244 0.441383 0.0255729 0.0359745 0.338774
0 0.409831 0.436463 0.037449 0.0455541 0.329605
0 0.531005 0.444942 0.0336637 0.0526715 0.32882
0 0.602491 0.480524 0.072793 0.10131 0.312419
0 0.253275 0.433375 0.0898724 0.0987751 0.293892
0 0.484558 0.441256 0.036991 0.0508033 0.28584
0 0.472513 0.441735 0.0346819 0.0507536 0.274082
0 0.28994 0.429141 0.073162 0.0921419 0.259567
