0 0.33171 0.380018 0.117204 0.186732 0.768693
0 0.465701 0.394721 0.0288115 0.0448176 0.404183
0 0.416948 0.387412 0.0590247 0.0795364 0.396097
0 0.500693 0.389693 0.0291559 0.0441208 0.368002
0 0.189437 0.393493 0.0405192 0.0521486 0.333969
0 0.219256 0.388824 0.0479085 0.0548318 0.327609
0 0.470866 0.388386 0.0429945 0.0639926 0.305507
0 0.167972 0.397125 0.0462528 0.0575974 0.305167
0 0.10804 0.398409 0.0857515 0.0798421 0.296119
0 0.145965 0.39465 0.0742439 0.0734294 0.278974
0 0.228917 0.389203 0.0349932 0.0479194 0.265493
0 0.199724 0.392533 0.0377765 0.0495256 0.259652
