0 0.638222 0.447933 0.0406053 0.0420554 0.703208
0 0.584382 0.445347 0.0404274 0.0476045 0.686165
0 0.677002 0.452511 0.0271774 0.0417009 0.5641
0 0.708797 0.44834 0.0263538 0.0407355 0.556072
0 0.735496 0.449784 0.0257344 0.0390949 0.477503
0 0.761688 0.448258 0.0297902 0.0370555 0.406453
0 0.946663 0.402411 0.0566246 0.0520489 0.295036
0 0.0631037 0.441909 0.0329773 0.0356828 0.280591
0 0.193006 0.410697 0.0739366 0.0649575 0.269365
0 0.179504 0.407887 0.0486596 0.0520962 0.260533
0 0.0839568 0.425754 0.0771564 0.0607563 0.260038
0 0.112669 0.418962 0.0259184 0.0364039 0.256898
0 0.779847 0.442259 0.0239938 0.0402225 0.256541
0 0.215339 0.4096 0.0301739 0.0460724 0.252345
