0 0.850469 0.621321 0.299062 0.362414 0.87858
0 0.143579 0.616236 0.286867 0.397289 0.876538
0 0.5315 0.605584 0.253872 0.360122 0.871487
0 0.599971 0.419037 0.0402341 0.0390501 0.543409
0 0.433713 0.409665 0.0326332 0.0369985 0.511253
0 0.468504 0.404922 0.0277824 0.0326989 0.427446
0 0.631758 0.410392 0.0240343 0.0342682 0.386091
0 0.551098 0.404664 0.0290693 0.0371056 0.380936
0 0.493462 0.406549 0.0234878 0.0294342 0.37077
0 0.474986 0.404055 0.023772 0.0324224 0.367547
0 0.568449 0.417054 0.02533 0.0304632 0.366
0 0.553863 0.414232 0.0328226 0.0336972 0.365762
0 0.569729 0.404865 0.0237274 0.0324312 0.329646
0 0.544151 0.402606 0.0323545 0.0407671 0.328702
0 0.637137 0.411224 0.0282701 0.0409943 0.32217
0 0.402747 0.409193 0.0375362 0.0489329 0.309573
0 0.520152 0.407523 0.0276602 0.0346049 0.296201
0 0.576704 0.408903 0.0238414 0.0339184 0.29222
0 0.49779 0.410532 0.0315861 0.0352454 0.287429
0 0.555706 0.399851 0.0295719 0.0368986 0.273738
0 0.605304 0.419122 0.0264578 0.0340993 0.250231
