0 0.579759 0.755427 0.290261 0.386511 0.858178
0 0.806706 0.637925 0.187107 0.166439 0.454107
0 0.386339 0.616171 0.0928309 0.144917 0.442741
0 0.30126 0.610929 0.0912589 0.117172 0.414978
0 0.438971 0.580171 0.0522153 0.0916753 0.366463
0 0.288202 0.549095 0.0374301 0.0421056 0.349415
0 0.946644 0.655071 0.106711 0.136998 0.327582
0 0.427665 0.577485 0.0750792 0.120275 0.306116
0 0.474497 0.586781 0.0343506 0.0712928 0.295749
0 0.965982 0.659506 0.0680367 0.132982 0.293146
0 0.469407 0.567816 0.0308131 0.0651667 0.267401
0 0.450579 0.579882 0.0347589 0.0707825 0.251536
