0 0.494559 0.512883 0.0574407 0.0867025 0.749888
0 0.410625 0.517918 0.0610737 0.0742979 0.64949
0 0.789934 0.500957 0.0462086 0.0383665 0.418976
0 0.450276 0.507345 0.025212 0.0464674 0.409737
0 0.837805 0.500167 0.042989 0.0467392 0.348128
0 0.800966 0.500326 0.0324952 0.0370438 0.330388
0 0.780908 0.502434 0.0312721 0.0335705 0.328256
0 0.85478 0.502918 0.0417843 0.0435828 0.312701
0 0.887219 0.501293 0.0425289 0.0493851 0.304681
0 0.826864 0.500047 0.0271906 0.0409066 0.301172
0 0.426451 0.516015 0.0316187 0.0591917 0.29892
0 0.452594 0.517891 0.029357 0.0577382 0.295275
0 0.74226 0.483443 0.045579 0.0494207 0.269313
0 0.459827 0.507963 0.0240879 0.0451781 0.26654
