0 0.628992 0.448978 0.0215335 0.0360723 0.583242
0 0.659949 0.460249 0.0325679 0.0362562 0.531039
0 0.611698 0.452705 0.0260474 0.0367516 0.459861
0 0.575354 0.45415 0.0217426 0.0308931 0.391984
0 0.58186 0.453925 0.0335251 0.0367157 0.378234
0 0.859837 0.454971 0.0405363 0.0462899 0.377706
0 0.685078 0.455879 0.0210617 0.03076 0.360269
0 0.591243 0.453534 0.0261549 0.0376831 0.353055
0 0.556991 0.449998 0.0350728 0.0463906 0.321786
0 0.896935 0.453289 0.0978895 0.0661421 0.262889
0 0.701747 0.457545 0.0187522 0.0324848 0.258998
