0 0.307303 0.644508 0.49762 0.542772 0.853959
0 0.844278 0.705577 0.309599 0.56716 0.780597
0 0.0723622 0.523172 0.0915783 0.151599 0.457041
0 0.72909 0.514593 0.109426 0.115089 0.358618
0 0.64086 0.507385 0.0769417 0.0749164 0.326888
0 0.551653 0.493042 0.0531941 0.0765072 0.320631
0 0.509072 0.497582 0.0497956 0.121419 0.301287
0 0.525336 0.494681 0.0790973 0.109851 0.269891
0 0.015843 0.478917 0.031686 0.0810708 0.262924
0 0.64114 0.475501 0.0670697 0.0457041 0.26265
0 0.546476 0.509129 0.0404571 0.0660962 0.259149
0 0.0240189 0.484857 0.03287 0.0577944 0.253317
0 0.551576 0.475742 0.0519656 0.0480162 0.251617
