0 0.652916 0.525847 0.147557 0.200607 0.864587
0 0.162713 0.380712 0.325427 0.761425 0.814084
0 0.904479 0.70816 0.190573 0.508554 0.693601
0 0.546229 0.481077 0.0297524 0.0401832 0.512906
0 0.49823 0.492575 0.0623708 0.0843765 0.49732
0 0.445078 0.487513 0.0341984 0.0468399 0.45554
0 0.435768 0.487052 0.0465854 0.0532154 0.431124
0 0.538149 0.482996 0.0316193 0.0401749 0.411635
0 0.390613 0.489618 0.0451979 0.0607722 0.359954
0 0.42029 0.487298 0.0300816 0.0491418 0.338547
0 0.360847 0.487677 0.0440104 0.0527941 0.306829
0 0.339314 0.48719 0.0446541 0.0917696 0.281653
0 0.526494 0.484048 0.0258154 0.0388723 0.276093
0 0.707981 0.451606 0.203897 0.240463 0.275716
0 0.467515 0.482177 0.0205224 0.0392954 0.272159
0 0.34812 0.483608 0.0370234 0.0536845 0.262719
0 0.553271 0.478787 0.0273892 0.0408891 0.256974
0 0.758869 0.491309 0.103393 0.153431 0.25677
0 0.366483 0.471844 0.0644617 0.101667 0.250991
