0 0.757989 0.579962 0.19625 0.211692 0.861089
0 0.626539 0.539408 0.066751 0.0890589 0.664804
0 0.915899 0.442433 0.167994 0.884865 0.569182
0 0.369749 0.514393 0.0472905 0.0565489 0.443967
0 0.314896 0.525938 0.061431 0.0686418 0.437299
0 0.544726 0.526383 0.028241 0.0413868 0.435219
0 0.577751 0.530304 0.035498 0.0532762 0.41558
0 0.514687 0.517006 0.0299261 0.0445306 0.407943
0 0.411189 0.512696 0.0304724 0.0439674 0.406296
0 0.537842 0.520966 0.0309801 0.0470337 0.381613
0 0.553137 0.526584 0.03535 0.0466729 0.381442
0 0.509867 0.521023 0.0240107 0.0364504 0.363032
0 0.477244 0.515387 0.0383122 0.051081 0.362768
0 0.380297 0.514924 0.0333194 0.0498198 0.360827
0 0.3323 0.518706 0.0396592 0.0567298 0.349841
0 0.431386 0.511426 0.0226091 0.037668 0.348848
0 0.3031 0.528659 0.0388296 0.0614509 0.319414
0 0.448306 0.511161 0.0241058 0.0426227 0.311677
0 0.474992 0.525317 0.0294363 0.0368632 0.31145
0 0.587066 0.525032 0.0500972 0.0749866 0.300079
0 0.34773 0.517896 0.0450762 0.0589132 0.29222
0 0.489442 0.52602 0.0258009 0.033483 0.279839
0 0.452607 0.516431 0.0227365 0.0404914 0.261549
