0 0.89164 0.722371 0.216293 0.546176 0.871039
0 0.145999 0.614546 0.291998 0.295371 0.859271
0 0.760878 0.637689 0.190061 0.238719 0.815175
0 0.643091 0.573754 0.0844544 0.106865 0.592526
0 0.329923 0.57673 0.0955297 0.128009 0.589222
0 0.423384 0.543023 0.0581359 0.0865089 0.572006
0 0.502142 0.537254 0.0262965 0.0315386 0.545128
0 0.470397 0.535027 0.0195736 0.0309753 0.463051
0 0.557772 0.539649 0.0307478 0.0483359 0.449139
0 0.381061 0.56124 0.0508485 0.0934508 0.428181
0 0.593511 0.548794 0.0481257 0.0801478 0.414206
0 0.524468 0.536994 0.0216461 0.0293393 0.354924
0 0.581196 0.54478 0.0288088 0.0701018 0.344533
0 0.604334 0.550265 0.0514094 0.0875671 0.311902
0 0.452735 0.541107 0.0195452 0.0539069 0.292192
0 0.467668 0.527301 0.0262067 0.0450092 0.273962
0 0.638499 0.578858 0.0643255 0.0837597 0.253188
