0 0.257098 0.494025 0.24911 0.323549 0.896301
0 0.398266 0.448131 0.0314875 0.0371312 0.483382
0 0.385843 0.446517 0.0416888 0.0392858 0.418521
0 0.614383 0.441772 0.0244983 0.0258236 0.355128
0 0.520931 0.434279 0.0331368 0.0294237 0.341476
0 0.580441 0.43513 0.0261126 0.025953 0.341356
0 0.463467 0.442063 0.0383011 0.0339047 0.334062
0 0.591001 0.436902 0.0241617 0.0254147 0.312939
0 0.568648 0.43202 0.0284868 0.0277173 0.305151
0 0.514676 0.435386 0.0255259 0.0266974 0.296076
0 0.493985 0.434833 0.0293131 0.0314453 0.262369
0 0.562183 0.433867 0.0232795 0.0266423 0.262347
0 0.62737 0.433899 0.0306775 0.0309391 0.258357
0 0.544352 0.427692 0.0214925 0.0299739 0.255509
0 0.611666 0.436487 0.0314035 0.0339345 0.25156
0 0.441922 0.441113 0.0379491 0.0359649 0.251068
0 0.257729 0.488347 0.250622 0.324183 0.877368
0 0.465448 0.442615 0.0433837 0.0486613 0.454617
0 0.555923 0.422634 0.013153 0.0301945 0.41534
0 0.605178 0.424313 0.0199937 0.0277786 0.394625
0 0.926051 0.4041 0.0271927 0.0329183 0.374851
0 0.585179 0.421127 0.0202871 0.0286853 0.371065
0 0.619888 0.423243 0.0286718 0.0316272 0.353056
0 0.723739 0.439027 0.0330584 0.031555 0.352518
0 0.538651 0.425228 0.0216666 0.0320467 0.349399
0 0.515748 0.418167 0.0237716 0.0378102 0.344658
0 0.785178 0.437119 0.0405026 0.0405027 0.343996
0 0.942311 0.396584 0.0547564 0.0444734 0.334368
0 0.762267 0.436339 0.0339726 0.0361426 0.328917
0 0.812588 0.434218 0.0275373 0.0408535 0.325954
0 0.804518 0.43591 0.0415319 0.0424401 0.32507
0 0.625669 0.423542 0.0198549 0.0289477 0.322679
0 0.491488 0.430639 0.0228462 0.0373899 0.321533
0 0.752828 0.43518 0.0283979 0.0350711 0.25269
0 0.257557 0.488397 0.25078 0.324531 0.878833
0 0.465444 0.442556 0.0434191 0.0489819 0.456998
0 0.555872 0.422575 0.0132559 0.0305147 0.423632
0 0.588888 0.424269 0.0527755 0.0280567 0.401379
0 0.585214 0.421071 0.0204689 0.0289958 0.379108
0 0.926067 0.404074 0.0272791 0.0329809 0.379017
0 0.619866 0.423164 0.0288021 0.0318834 0.361634
0 0.536813 0.424027 0.024426 0.0338609 0.356066
0 0.723761 0.43903 0.033112 0.0317061 0.355573
0 0.785373 0.437078 0.0401897 0.0406087 0.350581
0 0.515767 0.418304 0.0239671 0.0380405 0.350235
0 0.942285 0.396576 0.0548059 0.0444897 0.340495
0 0.76235 0.436333 0.0340677 0.0362584 0.336103
0 0.812451 0.434279 0.0278769 0.0409929 0.331581
0 0.80414 0.435976 0.0420986 0.0426042 0.331358
0 0.625668 0.423468 0.020044 0.0292136 0.329611
0 0.491488 0.430537 0.0229935 0.0377508 0.324857
0 0.752814 0.435172 0.0284292 0.0350859 0.2577
0 0.526991 0.417327 0.0396902 0.0451809 0.253187
0 0.257557 0.488397 0.25078 0.324531 0.878833
0 0.465444 0.442556 0.0434191 0.0489819 0.456998
0 0.561674 0.422575 0.0248594 0.0305147 0.423632
0 0.605184 0.424269 0.0201834 0.0280567 0.401379
0 0.585214 0.421071 0.0204689 0.0289958 0.379108
0 0.926067 0.404074 0.0272791 0.0329809 0.379017
0 0.619866 0.423164 0.0288021 0.0318834 0.361634
0 0.536813 0.424027 0.024426 0.0338609 0.356066
0 0.723761 0.43903 0.033112 0.0317061 0.355573
0 0.785373 0.437078 0.0401896 0.0406087 0.350581
0 0.515767 0.418304 0.0239671 0.0380405 0.350235
0 0.942285 0.396576 0.0548059 0.0444897 0.340495
0 0.76235 0.436333 0.0340677 0.0362584 0.336103
0 0.812451 0.434279 0.0278769 0.0409929 0.331581
0 0.80414 0.435976 0.0420986 0.0426042 0.331358
0 0.625668 0.423468 0.020044 0.0292136 0.32961
0 0.491488 0.430537 0.0229935 0.0377508 0.324857
0 0.752814 0.435172 0.0284292 0.0350859 0.2577
0 0.526991 0.417327 0.0396902 0.0451809 0.253187
