0 0.0862663 0.531807 0.171535 0.333048 0.754256
0 0.356995 0.482113 0.0357436 0.0495855 0.477471
0 0.255967 0.505687 0.0805061 0.105752 0.450298
0 0.484953 0.505736 0.0704621 0.0933594 0.384513
0 0.282886 0.451802 0.0263819 0.0373259 0.331881
0 0.446102 0.491926 0.0375487 0.0562905 0.32405
0 0.319398 0.456001 0.0216866 0.0313736 0.309492
0 0.459436 0.49592 0.044353 0.0610697 0.305383
0 0.436322 0.486522 0.0330269 0.0553719 0.281993
0 0.428208 0.478663 0.0491361 0.0721873 0.274752
0 0.0463599 0.424284 0.0922215 0.121414 0.266006
0 0.408024 0.477359 0.0303179 0.0542518 0.261795
0 0.31303 0.453025 0.0303557 0.0379895 0.260047
0 0.302142 0.450712 0.0222615 0.0363914 0.259905
0 0.273799 0.502813 0.10977 0.122146 0.2574
0 0.150217 0.474926 0.0830448 0.127729 0.251412
