0 0.924083 0.777833 0.151263 0.427193 0.691531
0 0.651307 0.545831 0.128265 0.130616 0.669381
0 0.382547 0.550194 0.0225027 0.0336419 0.518856
0 0.288695 0.562469 0.0375634 0.0418693 0.477085
0 0.437109 0.543927 0.0331119 0.0432543 0.460162
0 0.35183 0.546413 0.02265 0.0293533 0.443954
0 0.329401 0.552282 0.0224263 0.0332253 0.428558
0 0.469958 0.545124 0.0338646 0.0504183 0.42828
0 0.500973 0.542375 0.0335485 0.0449039 0.421236
0 0.414687 0.538474 0.02077 0.0323488 0.38599
0 0.389099 0.542425 0.0234042 0.0354368 0.359813
0 0.446568 0.545495 0.033717 0.0460376 0.346384
0 0.302916 0.558713 0.0390609 0.0451536 0.319414
0 0.366411 0.541354 0.0203101 0.0293949 0.30102
0 0.206526 0.571523 0.026642 0.0349392 0.294208
0 0.878336 0.446481 0.24233 0.305685 0.27514
0 0.718455 0.520378 0.0408922 0.0873023 0.265191
0 0.466307 0.535856 0.0474745 0.0795249 0.255757
