0 0.885107 0.721832 0.229729 0.432953 0.867412
0 0.13738 0.658199 0.274042 0.424414 0.729141
0 0.742391 0.625601 0.187187 0.211281 0.661661
0 0.483976 0.577694 0.0774755 0.111838 0.660543
0 0.437628 0.563266 0.0277624 0.047945 0.419978
0 0.644319 0.587213 0.0998368 0.151858 0.358076
0 0.279428 0.617292 0.128624 0.19308 0.346698
0 0.309646 0.616713 0.0738043 0.170191 0.343747
0 0.623238 0.599207 0.0572253 0.115595 0.338664
0 0.556198 0.566476 0.0489114 0.0730501 0.337626
0 0.0883569 0.726317 0.17605 0.300212 0.318255
0 0.528361 0.568808 0.0200481 0.0493774 0.26948
0 0.546008 0.564944 0.0350459 0.0561496 0.264054
0 0.702116 0.618893 0.121699 0.191264 0.261391
0 0.441802 0.557176 0.0379956 0.0680289 0.256561
0 0.666842 0.597542 0.081726 0.161481 0.255078
0 0.567095 0.572997 0.0506259 0.0751082 0.254201
