0 0.79313 0.443303 0.234324 0.266346 0.888872
0 0.353025 0.424903 0.0593429 0.0758557 0.649455
0 0.435595 0.413621 0.0342667 0.0472624 0.445852
0 0.397356 0.421092 0.0354613 0.052517 0.440572
0 0.514056 0.408826 0.045771 0.0843879 0.397897
0 0.432154 0.418056 0.0449206 0.0606374 0.394672
0 0.459438 0.430896 0.0328213 0.0530869 0.394163
0 0.48136 0.408473 0.023501 0.0387468 0.376541
0 0.650342 0.426343 0.0417695 0.0513765 0.333977
0 0.462583 0.413658 0.0266564 0.0515791 0.322833
0 0.411236 0.440716 0.0231676 0.0397327 0.31219
0 0.432972 0.42725 0.0606731 0.069929 0.277878
