0 0.131646 0.64584 0.192383 0.208552 0.714763
0 0.305786 0.648195 0.0365718 0.0574675 0.483239
0 0.334108 0.634314 0.0439373 0.0611428 0.470004
0 0.291 0.650888 0.0399425 0.0601991 0.436522
0 0.446624 0.627005 0.0353808 0.0408573 0.429758
0 0.277898 0.652594 0.0375502 0.0644213 0.41325
0 0.247494 0.658151 0.0465547 0.0737856 0.404466
0 0.430444 0.623674 0.0209313 0.0352292 0.38742
0 0.259079 0.653163 0.0598129 0.0743981 0.381635
0 0.366874 0.633453 0.0289072 0.0436166 0.374076
0 0.37503 0.626022 0.0343398 0.0503618 0.338007
0 0.48585 0.634581 0.0333836 0.04306 0.316662
0 0.456217 0.626523 0.0295875 0.0387521 0.278452
0 0.38674 0.622884 0.0350777 0.0487725 0.265804
0 0.322329 0.641354 0.0376326 0.0620577 0.256808
0 0.43896 0.620305 0.0362361 0.0461512 0.256363
