0 0.373721 0.488074 0.0951554 0.11208 0.50821
0 0.536931 0.462206 0.0339592 0.0502672 0.476514
0 0.470258 0.463994 0.0303151 0.0434263 0.449504
0 0.433038 0.461482 0.0427614 0.062792 0.4351
0 0.473285 0.45748 0.0413673 0.0581962 0.402087
0 0.463211 0.4615 0.0282279 0.0486901 0.399344
0 0.523871 0.459726 0.0248935 0.0437937 0.393789
0 0.484116 0.459872 0.036232 0.0489714 0.373695
0 0.549361 0.469104 0.0330449 0.0540927 0.341086
0 0.590809 0.495303 0.0737526 0.0924717 0.33955
0 0.558479 0.478177 0.0404514 0.0650014 0.314069
0 0.588637 0.481173 0.093322 0.132168 0.310868
0 0.286145 0.492213 0.0707472 0.0867794 0.30738
0 0.00979845 0.50896 0.0195969 0.065303 0.291824
0 0.502096 0.455988 0.0256012 0.0436888 0.289291
0 0.234058 0.494362 0.0981196 0.102973 0.2703
0 0.307385 0.483726 0.0345437 0.058951 0.263693
