0 0.56338 0.70392 0.338534 0.525498 0.863724
0 0.238404 0.634583 0.0960694 0.105466 0.475016
0 0.380611 0.610526 0.0289376 0.0479319 0.450829
0 0.356254 0.613959 0.0392623 0.0587799 0.445497
0 0.345833 0.615595 0.0330472 0.0608626 0.42305
0 0.314943 0.626393 0.0479306 0.0724854 0.41537
0 0.389649 0.608164 0.0240468 0.0448936 0.386544
0 0.297799 0.627917 0.0540495 0.0821857 0.362318
0 0.404567 0.601841 0.0210049 0.0510035 0.331969
0 0.329324 0.622076 0.0293644 0.0620494 0.310289
0 0.0230951 0.691169 0.0461901 0.151478 0.291041
0 0.227604 0.643481 0.0691937 0.0878004 0.279836
0 0.344989 0.609246 0.0479724 0.0751651 0.25273
