0 0.195716 0.561744 0.148662 0.193225 0.747133
0 0.363569 0.551677 0.0631975 0.0913418 0.468354
0 0.397452 0.550884 0.0345835 0.0647922 0.441361
0 0.427386 0.545694 0.0295333 0.0458223 0.441166
0 0.324026 0.538434 0.0218502 0.0376131 0.40101
0 0.293173 0.525983 0.0512078 0.0825629 0.383463
0 0.389948 0.558542 0.0310574 0.061725 0.328546
0 0.272971 0.554822 0.0460368 0.109172 0.307829
0 0.306904 0.53635 0.0276667 0.0450994 0.290503
0 0.284059 0.550228 0.0367425 0.0790943 0.289372
0 0.277486 0.559776 0.0377924 0.0788167 0.278174
0 0.322727 0.532338 0.027555 0.0518029 0.272211
0 0.288987 0.544186 0.0329056 0.0558351 0.268702
