0 0.107411 0.527945 0.214662 0.45804 0.857072
0 0.283515 0.482108 0.131488 0.163377 0.73125
0 0.379078 0.453432 0.0226844 0.0345918 0.497627
0 0.856417 0.556689 0.287167 0.338884 0.429196
0 0.42037 0.451919 0.0214071 0.030758 0.423627
0 0.352947 0.453642 0.0201366 0.0320438 0.414924
0 0.681941 0.506337 0.158972 0.184482 0.409361
0 0.403637 0.449673 0.0214161 0.0339852 0.398441
0 0.458112 0.455072 0.0375307 0.0485755 0.381041
0 0.542849 0.460209 0.0837099 0.11519 0.379794
0 0.474295 0.452786 0.0385427 0.057094 0.358876
0 0.445708 0.454912 0.0312899 0.0470045 0.352163
0 0.595761 0.479557 0.0894244 0.122813 0.348619
0 0.41574 0.449435 0.0287357 0.0388451 0.310699
0 0.466211 0.457641 0.0350934 0.0509956 0.308365
0 0.582234 0.486099 0.0637004 0.101723 0.304129
0 0.484652 0.454121 0.0391091 0.0622587 0.291552
0 0.653993 0.495132 0.105344 0.159661 0.288011
0 0.511122 0.462808 0.0302139 0.0746875 0.287985
0 0.812436 0.553925 0.205647 0.258792 0.285697
0 0.524347 0.463076 0.0531363 0.0986191 0.270874
0 0.331555 0.450814 0.0246082 0.0435505 0.265981
0 0.564901 0.466812 0.0926855 0.128226 0.254608
