0 0.885651 0.722379 0.228395 0.408924 0.875521
0 0.728454 0.612203 0.197374 0.206129 0.752202
0 0.500407 0.533307 0.0396276 0.0481193 0.696625
0 0.611663 0.578572 0.0904515 0.132772 0.611021
0 0.462446 0.515186 0.0260799 0.0375085 0.57386
0 0.440333 0.507149 0.0217618 0.0306583 0.568589
0 0.332159 0.509204 0.0342625 0.045541 0.523705
0 0.0806621 0.533819 0.160581 0.188877 0.496637
0 0.413831 0.504169 0.0195657 0.0286704 0.494847
0 0.366033 0.502928 0.0265547 0.0407459 0.465047
0 0.3955 0.501969 0.0224089 0.0335553 0.44235
0 0.181156 0.52524 0.0741884 0.128029 0.434166
0 0.304122 0.51548 0.0347795 0.0498652 0.415787
0 0.470928 0.516717 0.0309959 0.0436269 0.373826
0 0.435807 0.505789 0.0159802 0.0263312 0.301606
0 0.0265752 0.559325 0.0531505 0.203392 0.296433
0 0.322502 0.512237 0.0428792 0.0522385 0.292681
0 0.444101 0.509515 0.0175051 0.0279256 0.281818
0 0.448494 0.512683 0.0153512 0.0276313 0.255528
0 0.0434294 0.551638 0.0868587 0.189013 0.250901
