0 0.866132 0.490224 0.266922 0.620703 0.842822
0 0.22904 0.538286 0.152895 0.265222 0.752069
0 0.515267 0.509391 0.0863535 0.124989 0.686889
0 0.684638 0.548392 0.212427 0.280647 0.55886
0 0.0792108 0.529153 0.158193 0.377985 0.546615
0 0.392221 0.515933 0.0349203 0.0525721 0.483665
0 0.363883 0.512169 0.0269259 0.0437631 0.45659
0 0.424211 0.508906 0.0301184 0.0493915 0.444708
0 0.304414 0.537617 0.0416614 0.103045 0.410075
0 0.337523 0.519488 0.0313312 0.0469947 0.372004
0 0.445629 0.504459 0.0273697 0.0500127 0.366838
0 0.45703 0.508583 0.0384446 0.0747499 0.364944
0 0.320364 0.518556 0.0267679 0.054194 0.320069
0 0.427799 0.494625 0.0298848 0.055571 0.283727
0 0.334203 0.511676 0.0423801 0.0669178 0.279592
0 0.426078 0.474235 0.0241793 0.0336007 0.274562
0 0.467023 0.510881 0.0423349 0.0918187 0.268778
0 0.0414928 0.571128 0.0829856 0.286499 0.253315
0 0.417178 0.512537 0.0367352 0.0574017 0.250052
