0 0.957977 0.588046 0.0840465 0.193767 0.770657
0 0.568257 0.420972 0.0263161 0.0390554 0.576653
0 0.581724 0.422322 0.0274459 0.0387078 0.524385
0 0.547115 0.42056 0.0195639 0.0318597 0.523097
0 0.360944 0.42067 0.0329691 0.0375819 0.500654
0 0.605991 0.426491 0.0284077 0.0446574 0.47441
0 0.50376 0.413719 0.0206069 0.032706 0.439909
0 0.322192 0.426361 0.0394996 0.0367165 0.423865
0 0.432968 0.410626 0.0267966 0.0343757 0.405984
0 0.0334538 0.475334 0.0669077 0.18984 0.402345
0 0.391575 0.415891 0.0268228 0.0352512 0.39999
0 0.63163 0.433159 0.0388723 0.0585059 0.384787
0 0.407844 0.41394 0.0278174 0.0340488 0.377394
0 0.41634 0.41294 0.0302831 0.0349021 0.375415
0 0.684631 0.450749 0.0588037 0.0724852 0.373762
0 0.483268 0.411422 0.0229918 0.0327721 0.356379
0 0.651832 0.440741 0.0437816 0.062627 0.355796
0 0.458641 0.405313 0.021321 0.0302041 0.343895
0 0.534456 0.414336 0.015499 0.0248535 0.335515
0 0.660601 0.44526 0.0392581 0.0596002 0.312672
0 0.590341 0.419731 0.0304543 0.0443208 0.28782
0 0.708759 0.453183 0.0828902 0.0901354 0.287811
0 0.530191 0.409773 0.0174436 0.0265242 0.286082
0 0.523157 0.406998 0.0172741 0.0255937 0.270207
0 0.504812 0.418111 0.0162892 0.0262577 0.253507
