0 0.341027 0.505386 0.0712925 0.0810398 0.583685
0 0.5876 0.481514 0.0335879 0.0437844 0.560602
0 0.557193 0.4708 0.0236685 0.0356564 0.474493
0 0.49353 0.467396 0.0297022 0.0358412 0.464842
0 0.565769 0.472148 0.0227871 0.0367084 0.434404
0 0.534327 0.466477 0.0236813 0.0383887 0.431366
0 0.479079 0.469239 0.0232437 0.0312459 0.429398
0 0.456113 0.468224 0.0247322 0.030825 0.422753
0 0.463133 0.468527 0.0306114 0.032417 0.392487
0 0.104667 0.532965 0.0952009 0.103079 0.383791
0 0.0297323 0.562355 0.0594645 0.125925 0.352171
0 0.43435 0.469299 0.0226387 0.0319628 0.309696
0 0.560095 0.463475 0.0301453 0.0503199 0.307559
0 0.0166974 0.567488 0.0325121 0.123641 0.301797
0 0.506961 0.466047 0.0181133 0.0289359 0.264785
0 0.484655 0.469889 0.0339444 0.0402289 0.264581
0 0.403502 0.466188 0.0296854 0.0399241 0.263202
0 0.457479 0.461945 0.0299132 0.0423325 0.259851
0 0.550826 0.471578 0.0165834 0.0295324 0.253542
