0 0.432637 0.539231 0.0529803 0.0658512 0.601779
0 0.568344 0.49917 0.0468501 0.0481822 0.541716
0 0.0617679 0.627901 0.0818975 0.066224 0.51885
0 0.501516 0.490612 0.0248524 0.0338874 0.439838
0 0.494763 0.491494 0.0323283 0.038475 0.33223
0 0.511184 0.489386 0.0215954 0.031233 0.326307
0 0.0668427 0.618761 0.0971269 0.0931958 0.289058
0 0.555318 0.498748 0.0289238 0.0401106 0.284963
0 0.506041 0.492866 0.0165562 0.0264272 0.278556
0 0.498558 0.47321 0.0410742 0.0648141 0.278355
0 0.685775 0.453337 0.0468531 0.0958798 0.255705
0 0.513563 0.468431 0.0266778 0.0405887 0.250498
