0 0.904045 0.165037 0.19191 0.195177 0.849199
0 0.247905 0.184422 0.0254704 0.0357517 0.569045
0 0.196573 0.205303 0.07517 0.0968806 0.489892
0 0.738844 0.173681 0.143827 0.118862 0.447943
0 0.289472 0.173168 0.0192657 0.0322151 0.438064
0 0.592949 0.173178 0.125886 0.14026 0.429879
0 0.303833 0.174608 0.0252553 0.0367992 0.383043
0 0.271443 0.171128 0.0199103 0.0343808 0.354684
0 0.240598 0.185567 0.0333885 0.0413436 0.305424
0 0.415734 0.172125 0.0500184 0.0574172 0.294955
0 0.198985 0.159978 0.0843805 0.18779 0.262532
0 0.231499 0.187186 0.0237243 0.0382125 0.261917
0 0.426932 0.146528 0.0268636 0.0380679 0.255933
