0 0.894124 0.655071 0.211121 0.42741 0.746634
0 0.792104 0.511138 0.201497 0.289264 0.546483
0 0.0604692 0.513059 0.120597 0.31092 0.475563
0 0.49776 0.431229 0.0213846 0.0303218 0.463904
0 0.417912 0.433051 0.0321022 0.0487196 0.452617
0 0.560009 0.440611 0.0268055 0.0523536 0.442951
0 0.679312 0.477028 0.101552 0.195213 0.419709
0 0.36287 0.451221 0.0362962 0.0671651 0.407724
0 0.388065 0.439265 0.0347747 0.0584405 0.406811
0 0.586315 0.448452 0.0368918 0.079155 0.394914
0 0.473339 0.432817 0.0148816 0.0243998 0.392285
0 0.578434 0.444525 0.0342503 0.0700599 0.384066
0 0.566453 0.441345 0.0361384 0.0609087 0.376357
0 0.44122 0.43226 0.0206994 0.034315 0.375491
0 0.610753 0.451905 0.0464009 0.111644 0.364396
0 0.595429 0.451163 0.0388053 0.0881975 0.339258
0 0.624753 0.455366 0.0578456 0.13111 0.335246
0 0.532617 0.433515 0.0303328 0.0406084 0.328076
0 0.526808 0.423619 0.0257494 0.0456299 0.324965
0 0.525842 0.437037 0.0216125 0.0302238 0.322349
0 0.657188 0.46706 0.0683312 0.163539 0.320981
0 0.377888 0.442216 0.0444997 0.0656486 0.300897
0 0.547236 0.436095 0.0253754 0.0418874 0.297682
0 0.412064 0.418349 0.0475571 0.0830219 0.271356
0 0.642618 0.464192 0.060257 0.144661 0.265382
0 0.211103 0.431903 0.279382 0.26399 0.262606
0 0.58986 0.438045 0.0508078 0.104532 0.261668
0 0.525389 0.413452 0.0257126 0.0398787 0.259467
0 0.576061 0.431895 0.0532423 0.0925808 0.25172
