0 0.124267 0.558734 0.0600068 0.0642414 0.510378
0 0.220587 0.538939 0.0244309 0.0419191 0.494988
0 0.2423 0.531738 0.0270216 0.042588 0.448637
0 0.193021 0.539511 0.0371444 0.0631958 0.438121
0 0.161624 0.545641 0.0440541 0.0647237 0.392606
0 0.358753 0.500289 0.0357398 0.0380063 0.265873
0 0.25541 0.529431 0.035981 0.0428708 0.264799
0 0.486904 0.501628 0.0492369 0.0624922 0.26251
0 0.136302 0.551874 0.0801311 0.075451 0.259394
0 0.177531 0.540647 0.052342 0.0712158 0.255774
0 0.281532 0.52638 0.0412184 0.0367815 0.25481
