0 0.653685 0.541758 0.191836 0.195845 0.865109
0 0.138278 0.545932 0.168588 0.198137 0.864103
0 0.475187 0.482869 0.0387039 0.0521557 0.617992
0 0.555314 0.521288 0.0510768 0.115865 0.502355
0 0.521942 0.509196 0.0511785 0.0976581 0.451412
0 0.351021 0.495609 0.0471798 0.0569758 0.429069
0 0.382812 0.481837 0.0259289 0.039571 0.414854
0 0.513143 0.510145 0.0334803 0.0807714 0.275632
0 0.402877 0.471581 0.0203942 0.0327827 0.272759
0 0.568032 0.519586 0.0679003 0.134249 0.268987
0 0.532618 0.519829 0.033255 0.0896981 0.260199
0 0.536939 0.509734 0.0641324 0.113858 0.259322
