0 0.882405 0.798383 0.23507 0.398746 0.839011
0 0.102997 0.670795 0.205994 0.397967 0.72634
0 0.48094 0.562505 0.0416677 0.0681659 0.494094
0 0.664622 0.650131 0.210243 0.219452 0.490244
0 0.558765 0.597182 0.10466 0.155925 0.484622
0 0.389075 0.536034 0.0319206 0.0497374 0.432554
0 0.462387 0.537277 0.0301472 0.0486516 0.415534
0 0.220849 0.596089 0.116098 0.169328 0.395669
0 0.473504 0.56225 0.0353501 0.0593786 0.389273
0 0.466323 0.545158 0.0288631 0.0508358 0.380266
0 0.425089 0.530668 0.0293234 0.0451006 0.360494
0 0.410921 0.527795 0.0219402 0.0402571 0.351796
0 0.509243 0.57753 0.0354627 0.0843991 0.349893
0 0.404717 0.532167 0.0224443 0.0438394 0.332277
0 0.364433 0.53688 0.031679 0.0541855 0.323231
0 0.492897 0.563542 0.0514069 0.0866269 0.30964
0 0.446889 0.529313 0.0184253 0.034394 0.308229
0 0.426617 0.517566 0.0229119 0.0337441 0.305576
0 0.46397 0.556567 0.0267478 0.0553931 0.290732
0 0.500324 0.572234 0.0403178 0.0783142 0.28385
0 0.354377 0.537549 0.0393337 0.0599698 0.283
0 0.347428 0.548868 0.0482803 0.0863544 0.253299
