0 0.465271 0.579449 0.0292613 0.036702 0.469858
0 0.344351 0.574339 0.0212261 0.0365541 0.403299
0 0.370332 0.571153 0.0218522 0.0331219 0.393726
0 0.308839 0.579753 0.0269063 0.0315967 0.378246
0 0.290557 0.577295 0.0635589 0.0478287 0.377464
0 0.274075 0.580476 0.033435 0.0353199 0.308559
0 0.441988 0.568983 0.0234168 0.0356138 0.29737
0 0.354953 0.572524 0.0397127 0.0441718 0.296079
0 0.436641 0.564695 0.0327597 0.0423757 0.27634
0 0.414067 0.568049 0.0253816 0.0355662 0.266311
0 0.378745 0.570399 0.0383581 0.0427582 0.25294
