0 0.108894 0.584582 0.217584 0.42822 0.851055
0 0.856597 0.593937 0.286114 0.541286 0.792594
0 0.501685 0.531206 0.0326477 0.0425998 0.532731
0 0.47374 0.532277 0.0273657 0.0369676 0.522809
0 0.449892 0.538015 0.0217727 0.0321898 0.493402
0 0.269966 0.544802 0.114745 0.148547 0.487572
0 0.363521 0.523855 0.0332215 0.0641045 0.469818
0 0.384664 0.523135 0.0311245 0.0525324 0.463911
0 0.373122 0.523327 0.0337814 0.0591276 0.454693
0 0.415796 0.53129 0.0280661 0.0338813 0.412213
0 0.433218 0.53268 0.0202751 0.0288756 0.408559
0 0.351198 0.527373 0.0370304 0.0664485 0.404155
0 0.428052 0.532879 0.0269812 0.0324103 0.403099
0 0.642548 0.537209 0.116731 0.164165 0.397917
0 0.408261 0.530531 0.0296541 0.0361828 0.395987
0 0.533396 0.533208 0.0343428 0.0580193 0.377245
0 0.571364 0.535074 0.0493572 0.0935796 0.355388
0 0.552718 0.533707 0.0386252 0.0727444 0.342071
0 0.335411 0.529364 0.0409093 0.0808904 0.323581
0 0.587453 0.538376 0.0441721 0.0991316 0.315365
0 0.327012 0.536057 0.0436328 0.0975372 0.300186
0 0.422242 0.526082 0.0393052 0.0445862 0.29923
0 0.670204 0.539802 0.131159 0.181883 0.274625
0 0.310566 0.535723 0.0683371 0.120507 0.269897
0 0.600218 0.5305 0.0653791 0.127927 0.269039
0 0.345388 0.522823 0.0469349 0.0888194 0.262602
