0 0.918133 0.619491 0.163735 0.288285 0.867364
0 0.681301 0.591307 0.255309 0.323739 0.808189
0 0.20717 0.578338 0.210349 0.245724 0.786168
0 0.0871334 0.623256 0.174188 0.550374 0.662859
0 0.498975 0.527935 0.0622488 0.0855445 0.591177
0 0.338846 0.541687 0.0974791 0.13557 0.490556
0 0.456312 0.521313 0.028221 0.0442971 0.463757
0 0.535162 0.52583 0.0277281 0.0418564 0.410424
0 0.563656 0.539155 0.02967 0.0458903 0.396284
0 0.395716 0.506387 0.0381369 0.068526 0.343744
0 0.385567 0.507639 0.0476567 0.0739992 0.342399
0 0.570395 0.540908 0.0344298 0.0523565 0.341006
0 0.436937 0.513368 0.027019 0.0504683 0.338653
0 0.417769 0.509363 0.0278621 0.0515145 0.334504
0 0.374242 0.515008 0.0430635 0.0735416 0.331436
0 0.404252 0.512406 0.05368 0.089615 0.324956
0 0.409067 0.506394 0.0364857 0.061234 0.321628
0 0.508259 0.511791 0.0337329 0.0459524 0.313881
0 0.368379 0.510606 0.061777 0.086736 0.311222
0 0.454856 0.51086 0.0365667 0.0659449 0.300032
0 0.579785 0.549078 0.0416618 0.0742793 0.296848
0 0.433101 0.502996 0.02333 0.0413988 0.296362
0 0.416081 0.520746 0.0405503 0.0826438 0.291846
0 0.3982 0.524004 0.0807184 0.115447 0.287332
0 0.545769 0.527628 0.0332745 0.049428 0.274818
0 0.585761 0.545682 0.0311833 0.0615724 0.270085
0 0.320943 0.534303 0.0627658 0.119539 0.255919
0 0.356632 0.508572 0.0941153 0.105371 0.25514
0 0.514292 0.515005 0.0263128 0.0430067 0.253627
0 0.349612 0.532223 0.0725815 0.10246 0.251893
