0 0.409917 0.639985 0.396999 0.72003 0.880102
0 0.782304 0.754518 0.22817 0.308732 0.782677
0 0.823101 0.557142 0.0233974 0.0319772 0.619206
0 0.805606 0.562956 0.026333 0.0305735 0.53426
0 0.66032 0.608594 0.0614249 0.132619 0.387159
0 0.0813541 0.722648 0.150777 0.153099 0.360785
0 0.673623 0.64018 0.060249 0.0754834 0.322869
0 0.780667 0.569416 0.0339503 0.0366894 0.30112
0 0.848804 0.547311 0.0306791 0.0354801 0.277361
0 0.723312 0.554052 0.0280353 0.0334958 0.268567
0 0.73053 0.553246 0.0395097 0.0362754 0.262877
