0 0.751703 0.574599 0.494127 0.331297 0.690488
0 0.893982 0.604338 0.211529 0.360692 0.649013
0 0.410074 0.533312 0.0775933 0.135136 0.47524
0 0.359558 0.514049 0.0617631 0.10725 0.42572
0 0.281042 0.49832 0.05243 0.0476681 0.386448
0 0.465396 0.543033 0.073734 0.17184 0.361073
0 0.427191 0.538954 0.0535411 0.132324 0.357752
0 0.272428 0.496278 0.0755135 0.0634318 0.350239
0 0.242732 0.500919 0.0236347 0.0377177 0.331473
0 0.33164 0.511837 0.0365971 0.060104 0.311654
0 0.545458 0.549226 0.171414 0.237222 0.309486
0 0.343553 0.521944 0.0327453 0.0772924 0.308779
0 0.325023 0.511757 0.0288665 0.04875 0.302581
0 0.370926 0.518716 0.0443468 0.101528 0.301118
0 0.256558 0.497471 0.0497915 0.0495061 0.297212
0 0.485923 0.54219 0.11173 0.194758 0.254757
