0 0.507525 0.550122 0.0997133 0.140923 0.778947
0 0.389522 0.537762 0.0424507 0.0463967 0.591826
0 0.271354 0.525584 0.0202562 0.0271973 0.492673
0 0.22714 0.533438 0.0274482 0.0319044 0.458515
0 0.42905 0.546759 0.0305418 0.0493663 0.436705
0 0.296495 0.522797 0.0231438 0.0380337 0.405458
0 0.34449 0.525398 0.0370932 0.0399192 0.390843
0 0.305298 0.523509 0.0390743 0.0450412 0.388829
0 0.134802 0.538552 0.0298594 0.030464 0.384416
0 0.318286 0.522722 0.0189981 0.0314919 0.38285
0 0.397503 0.540572 0.0331962 0.0400108 0.378185
0 0.447967 0.561131 0.034232 0.0688839 0.375935
0 0.324347 0.523697 0.025894 0.0363027 0.365023
0 0.378679 0.534433 0.0294241 0.0431235 0.36378
0 0.456769 0.559295 0.0479808 0.0844233 0.333689
0 0.35209 0.52608 0.0260906 0.0357307 0.325511
0 0.0776919 0.540379 0.0389389 0.0352529 0.32308
0 0.195749 0.53139 0.0241283 0.0311093 0.297449
0 0.107854 0.539058 0.026013 0.0297463 0.282969
0 0.441203 0.556708 0.0319773 0.0624145 0.282186
0 0.319395 0.52705 0.0252586 0.0393055 0.253762
