0 0.0132772 0.470639 0.0262671 0.0436449 0.554992
0 0.280137 0.499179 0.0628244 0.0860353 0.527496
0 0.219219 0.478656 0.0288338 0.0345062 0.481678
0 0.923388 0.603343 0.153224 0.213187 0.471921
0 0.162477 0.477211 0.0262188 0.03115 0.460964
0 0.504279 0.497904 0.0337498 0.0450127 0.460511
0 0.187712 0.478756 0.0270769 0.030415 0.455319
0 0.424818 0.493191 0.0804788 0.131941 0.449762
0 0.552708 0.502709 0.038336 0.0479519 0.433007
0 0.482697 0.49738 0.0317402 0.0456016 0.424073
0 0.532638 0.499827 0.0312332 0.0450211 0.420372
0 0.366148 0.49443 0.0437496 0.0703023 0.418392
0 0.327425 0.485962 0.0354028 0.0492515 0.41111
0 0.49289 0.497761 0.0365009 0.0465619 0.405911
0 0.511929 0.498031 0.0279235 0.0442551 0.39096
0 0.239638 0.47565 0.0265403 0.0361643 0.365389
0 0.133188 0.463562 0.0301888 0.0321503 0.355442
0 0.355263 0.497258 0.0388163 0.0645177 0.346899
0 0.326575 0.497074 0.0413106 0.0726008 0.3128
0 0.0209633 0.468254 0.0419265 0.0479801 0.296538
0 0.344496 0.500402 0.0529322 0.0747872 0.295617
0 0.594481 0.511502 0.0426336 0.0483417 0.292433
0 0.375928 0.487924 0.0284839 0.0632239 0.276231
0 0.463651 0.492721 0.0264714 0.0529039 0.270266
0 0.0741151 0.457496 0.0295777 0.0320167 0.268049
0 0.22309 0.474353 0.0394212 0.0454334 0.263276
0 0.0346503 0.466069 0.0554964 0.0455672 0.256026
