0 0.0791077 0.55505 0.158069 0.466499 0.855682
0 0.347103 0.503531 0.0696354 0.0939212 0.588993
0 0.354171 0.487514 0.0843779 0.129639 0.567733
0 0.284977 0.475884 0.0290375 0.036132 0.493247
0 0.392581 0.470591 0.0278443 0.0389786 0.412828
0 0.474351 0.474105 0.0261629 0.0321396 0.403041
0 0.311502 0.473014 0.0223971 0.0362583 0.397808
0 0.31994 0.470098 0.0288828 0.0425734 0.302992
0 0.283678 0.463291 0.0431157 0.0670258 0.302884
0 0.259689 0.47778 0.0221633 0.0434657 0.297703
0 0.481345 0.47349 0.0359181 0.035281 0.265646
0 0.213768 0.486633 0.0367641 0.0442137 0.262341
