0 0.713504 0.72123 0.116024 0.114211 0.585337
0 0.560777 0.703068 0.0387061 0.0540188 0.365901
0 0.62444 0.707995 0.055176 0.0724496 0.346235
0 0.596736 0.701789 0.0422274 0.066039 0.327904
0 0.24295 0.735334 0.117219 0.120032 0.325257
0 0.60439 0.706224 0.0357357 0.0591153 0.320976
0 0.370794 0.720592 0.0430308 0.0531574 0.313231
0 0.553945 0.699237 0.0491579 0.068543 0.302796
0 0.646033 0.710481 0.0501182 0.0769038 0.29303
0 0.636313 0.712643 0.0418198 0.0670207 0.292217
0 0.61243 0.706212 0.0467809 0.0676224 0.28558
0 0.338669 0.722315 0.063333 0.0757072 0.268752
0 0.56199 0.69138 0.0612851 0.0920778 0.266422
0 0.22548 0.749949 0.081743 0.0853441 0.26345
0 0.411873 0.707777 0.0373688 0.0552845 0.263405
0 0.427641 0.705225 0.0648891 0.076964 0.261125
0 0.325996 0.727421 0.0588562 0.0721797 0.257869
0 0.34642 0.723344 0.0452029 0.0621428 0.257465
