0 0.595982 0.321728 0.036029 0.0394734 0.467329
0 0.760666 0.328751 0.126647 0.125235 0.445812
0 0.580109 0.319885 0.0276708 0.0379209 0.429527
0 0.568702 0.320676 0.03463 0.0404599 0.424786
0 0.507588 0.33014 0.0744862 0.0845376 0.339421
0 0.521997 0.326377 0.0489188 0.0686317 0.33119
0 0.487455 0.324137 0.0323692 0.0434953 0.317608
0 0.546942 0.317148 0.0239359 0.0379682 0.313166
0 0.636442 0.312199 0.0738486 0.0610019 0.295362
0 0.27583 0.30427 0.0845613 0.0680322 0.278116
0 0.496657 0.333594 0.0519304 0.0708268 0.27587
0 0.535159 0.32561 0.0300571 0.0506463 0.271514
0 0.505216 0.325921 0.0435047 0.053782 0.268123
0 0.604136 0.322267 0.0296537 0.0384221 0.26341
0 0.964246 0.378853 0.0713224 0.185521 0.253223
0 0.541954 0.315887 0.0262639 0.0454224 0.251422
0 0.679685 0.324473 0.0224123 0.0494395 0.250547
