0 0.678741 0.225182 0.0367172 0.0409915 0.594685
0 0.302259 0.255585 0.03332 0.0384336 0.58538
0 0.234862 0.255578 0.0316202 0.0306642 0.554686
0 0.436846 0.25319 0.0257076 0.0311433 0.480673
0 0.411257 0.247871 0.0252524 0.0281952 0.477002
0 0.264206 0.257205 0.0234551 0.0271655 0.465513
0 0.154494 0.259742 0.0441923 0.0359495 0.437962
0 0.362083 0.258586 0.0219419 0.0290313 0.40731
0 0.477034 0.249464 0.0236023 0.0266754 0.384403
0 0.488619 0.249084 0.0267381 0.0275298 0.38412
0 0.718652 0.229982 0.0338964 0.0338909 0.372103
0 0.754881 0.231397 0.0390981 0.0386178 0.360616
0 0.904213 0.220156 0.0554607 0.0477936 0.347343
0 0.57109 0.249374 0.0325219 0.0413242 0.327541
0 0.535899 0.243845 0.0363726 0.0434664 0.323945
0 0.796921 0.235053 0.0413996 0.0431903 0.315397
0 0.842061 0.227136 0.0540968 0.0541101 0.305432
0 0.269965 0.255797 0.0322547 0.0315781 0.304325
0 0.893096 0.21907 0.0431116 0.0449699 0.301544
0 0.523284 0.24894 0.0224259 0.0316789 0.294329
0 0.182431 0.256738 0.0357563 0.0357197 0.286251
0 0.943788 0.228057 0.037023 0.0399603 0.285475
0 0.453903 0.251944 0.0197755 0.0250649 0.262101
0 0.49565 0.248515 0.0244375 0.0282435 0.256622
0 0.354764 0.257077 0.0363061 0.0374772 0.255834
0 0.58007 0.244873 0.0413879 0.0512396 0.251224
