0 0.554867 0.437796 0.157057 0.221462 0.868412
0 0.137776 0.537464 0.275455 0.391056 0.812563
0 0.87294 0.448275 0.225456 0.23181 0.792123
0 0.442267 0.396413 0.0262633 0.0492667 0.652154
0 0.946004 0.478012 0.107985 0.292478 0.632198
0 0.262766 0.42282 0.207997 0.25652 0.574346
0 0.42095 0.403635 0.0350756 0.0601059 0.551523
0 0.453654 0.392219 0.0209919 0.0411268 0.51964
0 0.413051 0.406252 0.0362222 0.0636381 0.505525
0 0.724542 0.422704 0.120877 0.142627 0.474807
0 0.403881 0.407757 0.0342349 0.0718392 0.429421
0 0.649983 0.415752 0.0454945 0.0882278 0.41125
0 0.358605 0.416025 0.0636617 0.145212 0.410803
0 0.37903 0.406468 0.0484892 0.109668 0.384537
0 0.395886 0.40787 0.0377062 0.0837697 0.368122
0 0.639947 0.413598 0.0352839 0.0809385 0.350808
0 0.48662 0.389712 0.0180017 0.0396291 0.312552
0 0.465735 0.385941 0.0239014 0.042179 0.303628
0 0.30531 0.425701 0.117814 0.242529 0.300619
0 0.365184 0.42863 0.0456755 0.115569 0.293793
0 0.698173 0.418847 0.0768921 0.126523 0.284272
0 0.665138 0.418249 0.0549699 0.100499 0.265889
0 0.457532 0.393654 0.0149691 0.0326904 0.25828
