0 0.355029 0.43333 0.0292115 0.0337455 0.602031
0 0.268959 0.442074 0.0345386 0.0422087 0.592477
0 0.388905 0.431703 0.0314141 0.0327871 0.512848
0 0.459347 0.444239 0.026649 0.033707 0.493367
0 0.484069 0.433666 0.027473 0.0398524 0.455815
0 0.806072 0.428694 0.039555 0.0386395 0.42113
0 0.379071 0.434289 0.0218143 0.0298728 0.415547
0 0.871445 0.435483 0.0596254 0.0492262 0.40965
0 0.546544 0.439736 0.031416 0.0391457 0.408324
0 0.855221 0.437479 0.0336126 0.0365148 0.404454
0 0.295849 0.431302 0.0218426 0.0275655 0.398328
0 0.433335 0.440544 0.0205973 0.0333657 0.369481
0 0.39736 0.429682 0.0214815 0.0316274 0.363885
0 0.20395 0.433311 0.0344796 0.0374047 0.3411
0 0.227113 0.429295 0.0317425 0.0344974 0.314647
0 0.419858 0.434749 0.0270192 0.0381166 0.313418
0 0.508215 0.42889 0.0218054 0.0321013 0.309068
0 0.474099 0.436227 0.0400996 0.0456475 0.308156
0 0.426711 0.434006 0.0283558 0.0378857 0.306095
0 0.218482 0.43103 0.0456216 0.0402583 0.302246
0 0.0111072 0.444742 0.0218583 0.0323666 0.283591
0 0.542088 0.431386 0.0289501 0.0364711 0.28317
0 0.589249 0.431543 0.0377998 0.0422484 0.272144
0 0.0130338 0.433779 0.0260485 0.0437819 0.269746
0 0.313853 0.426942 0.0310739 0.0304649 0.261601
0 0.0154608 0.444398 0.0309215 0.0449027 0.258853
0 0.194311 0.432635 0.0366187 0.0403083 0.257533
0 0.437477 0.436765 0.0299554 0.0433168 0.254059
0 0.15148 0.425886 0.0397168 0.0498271 0.253159
0 0.797915 0.425099 0.0449212 0.0436176 0.25199
