0 0.464387 0.720044 0.224488 0.306625 0.863894
0 0.712208 0.690273 0.222621 0.225886 0.71157
0 0.30073 0.579232 0.087946 0.0941506 0.595345
0 0.151676 0.604645 0.0655389 0.0647561 0.554686
0 0.24334 0.594962 0.0333679 0.0488809 0.439542
0 0.186301 0.602309 0.0331171 0.0484316 0.34209
0 0.201826 0.589453 0.0541535 0.0676163 0.340938
0 0.373122 0.58891 0.0248081 0.030671 0.329129
0 0.211688 0.591863 0.0404731 0.0603231 0.320515
0 0.134084 0.605324 0.0322589 0.0562824 0.303271
0 0.166077 0.600632 0.0428176 0.0605609 0.293709
0 0.922692 0.621868 0.15303 0.128895 0.288335
0 0.991249 0.625249 0.0175012 0.048693 0.276183
0 0.353196 0.580743 0.0259429 0.0479921 0.274391
