0 0.213765 0.496092 0.115396 0.100997 0.338939
0 0.359191 0.485165 0.0308262 0.0409334 0.331592
0 0.391355 0.473812 0.0291436 0.0364875 0.32911
0 0.539865 0.479629 0.0383775 0.0518156 0.329042
0 0.445256 0.472274 0.0247464 0.0303401 0.326453
0 0.321591 0.486757 0.0513133 0.0656245 0.29617
0 0.453968 0.472881 0.0266644 0.0329281 0.287441
0 0.413989 0.473631 0.021853 0.0271589 0.279725
0 0.383211 0.478367 0.0268667 0.0333574 0.275495
0 0.492762 0.476185 0.0232178 0.0339554 0.271009
0 0.233496 0.506215 0.0770605 0.0765966 0.260846
