0 0.492989 0.421576 0.0284898 0.040713 0.602233
0 0.802996 0.460616 0.238526 0.22976 0.526065
0 0.534451 0.427747 0.0289507 0.0489911 0.526017
0 0.514188 0.424763 0.0255481 0.0431971 0.502499
0 0.520684 0.425659 0.0300264 0.0462004 0.496334
0 0.556864 0.431793 0.0382498 0.0596697 0.460426
0 0.543474 0.429231 0.0327827 0.0551431 0.459023
0 0.934708 0.517954 0.130431 0.245071 0.424093
0 0.406966 0.405794 0.0241434 0.0382158 0.421279
0 0.579606 0.436812 0.0463661 0.0731749 0.421075
0 0.476359 0.41887 0.0181 0.0335717 0.402759
0 0.611316 0.449734 0.0525263 0.0832294 0.400546
0 0.361459 0.413067 0.0476471 0.0538169 0.399909
0 0.57045 0.43677 0.0388837 0.0655311 0.370832
0 0.35002 0.414882 0.0285004 0.0387963 0.367039
0 0.65769 0.452818 0.0614333 0.117722 0.334818
0 0.626951 0.449973 0.0634975 0.0970091 0.327061
0 0.68168 0.45221 0.0868686 0.149626 0.325479
0 0.593168 0.441394 0.0552771 0.088957 0.323048
0 0.377205 0.411087 0.029148 0.0435008 0.306237
0 0.322022 0.409679 0.0253726 0.0411194 0.291111
0 0.358595 0.412069 0.0618334 0.0727914 0.290886
0 0.44178 0.398543 0.0219277 0.0296446 0.290527
0 0.434914 0.39777 0.0181776 0.0262163 0.289281
0 0.458646 0.403418 0.0220251 0.0300008 0.276852
0 0.767566 0.471158 0.168682 0.194351 0.26347
0 0.703161 0.460834 0.110858 0.163118 0.262927
