0 0.537523 0.548676 0.0263454 0.0349731 0.434188
0 0.393863 0.540629 0.0348271 0.0381334 0.415162
0 0.531678 0.546903 0.0372394 0.0436974 0.409451
0 0.491781 0.54516 0.0208422 0.030964 0.4064
0 0.472304 0.546501 0.024373 0.0314752 0.401581
0 0.514199 0.547659 0.0241534 0.0339001 0.396341
0 0.651488 0.513356 0.0761879 0.0468859 0.378447
0 0.358847 0.533872 0.0230081 0.0317854 0.324863
0 0.329518 0.533685 0.0225426 0.0335834 0.300561
0 0.630258 0.517015 0.0561572 0.0437756 0.294935
0 0.527736 0.543379 0.0504735 0.0567424 0.281417
0 0.45854 0.548077 0.0350721 0.0377401 0.281225
0 0.344338 0.53252 0.0460125 0.0418171 0.274445
0 0.610945 0.519309 0.0348558 0.0438738 0.273741
0 0.307221 0.538322 0.0295415 0.0375014 0.256059
0 0.44139 0.551806 0.0323724 0.0362725 0.250595
