0 0.759926 0.410726 0.25111 0.288462 0.847256
0 0.491544 0.399449 0.0802837 0.126861 0.694151
0 0.543423 0.358298 0.0325806 0.0624856 0.401062
0 0.536358 0.369707 0.0308886 0.051955 0.351834
0 0.249919 0.371093 0.0524269 0.0459754 0.328519
0 0.176757 0.371573 0.106085 0.0756729 0.287086
0 0.488256 0.352489 0.0310728 0.0360038 0.283207
0 0.521991 0.367519 0.0393439 0.0636049 0.282717
0 0.554505 0.366677 0.046207 0.0608583 0.280188
0 0.241744 0.376327 0.0366885 0.0377633 0.274447
0 0.562464 0.360625 0.0422757 0.0599489 0.267912
0 0.574532 0.358527 0.0254263 0.0467918 0.258794
