0 0.709528 0.500059 0.355913 0.345116 0.841145
0 0.151689 0.40377 0.220326 0.263917 0.796999
0 0.407391 0.404842 0.116031 0.204088 0.708143
0 0.28824 0.388311 0.0783441 0.0992396 0.546728
0 0.470593 0.396133 0.0377486 0.0878372 0.423664
0 0.503694 0.392822 0.0804081 0.098978 0.357178
0 0.029446 0.393615 0.058892 0.158691 0.316275
0 0.539883 0.400087 0.0393437 0.0567061 0.293662
0 0.329014 0.373611 0.0256039 0.0470683 0.289248
0 0.341304 0.37967 0.0292146 0.0686496 0.281058
0 0.347778 0.385936 0.0246574 0.0662659 0.274305
0 0.502332 0.388487 0.0465401 0.0768963 0.26385
