0 0.203993 0.445814 0.233437 0.250171 0.810244
0 0.713521 0.417571 0.140752 0.185768 0.772573
0 0.878759 0.465374 0.242436 0.35934 0.718602
0 0.39528 0.406123 0.0306462 0.0398997 0.568913
0 0.506877 0.396861 0.0238522 0.0471285 0.452226
0 0.534045 0.40792 0.0352975 0.0467602 0.439012
0 0.42008 0.401928 0.0174339 0.0267175 0.386296
0 0.572336 0.421153 0.045695 0.0661162 0.384065
0 0.560572 0.414921 0.0375729 0.0563226 0.362886
0 0.60341 0.424564 0.0446567 0.0892215 0.360353
0 0.546589 0.408106 0.0420913 0.0565798 0.347415
0 0.591219 0.423749 0.0367908 0.0729509 0.34616
0 0.636508 0.417014 0.0673315 0.147747 0.344753
0 0.448767 0.401773 0.0178823 0.0271693 0.334735
0 0.533802 0.399318 0.0473604 0.0634793 0.319965
0 0.437398 0.401049 0.0364384 0.033048 0.31154
0 0.323482 0.412912 0.0271382 0.0555466 0.297211
0 0.330526 0.397702 0.0318387 0.0417767 0.291796
0 0.46837 0.39849 0.0457699 0.0465508 0.289951
0 0.618076 0.421028 0.0517131 0.113004 0.274599
0 0.402465 0.398009 0.0460424 0.0520525 0.266948
0 0.0305491 0.46395 0.0610981 0.166635 0.256898
