0 0.569889 0.483209 0.162072 0.263695 0.8858
0 0.395798 0.484499 0.0657892 0.0731052 0.59872
0 0.239533 0.474675 0.0493054 0.0537055 0.534395
0 0.190104 0.47864 0.0559693 0.0598336 0.508278
0 0.125335 0.480776 0.0782014 0.0702199 0.464466
0 0.440899 0.470208 0.0334078 0.0521332 0.458898
0 0.489174 0.467397 0.0258882 0.0496687 0.436698
0 0.655283 0.438025 0.0319345 0.0614846 0.409824
0 0.364532 0.478688 0.0234429 0.0395006 0.30882
0 0.492964 0.453133 0.0346672 0.0851047 0.305064
0 0.113784 0.484336 0.0529657 0.0588464 0.279777
0 0.802736 0.402252 0.0661984 0.0550418 0.266303
