0 0.904125 0.54805 0.19124 0.479304 0.871243
0 0.529992 0.480112 0.15239 0.230549 0.866239
0 0.598286 0.381916 0.0442078 0.0542384 0.460262
0 0.510511 0.35234 0.0247746 0.0285294 0.345158
0 0.536298 0.353007 0.0248762 0.0278388 0.304031
0 0.579323 0.372065 0.0234386 0.0367196 0.303531
0 0.608545 0.381173 0.0324348 0.0487606 0.286595
0 0.503241 0.353052 0.0366277 0.0333769 0.27995
0 0.432602 0.390756 0.038449 0.0469783 0.279733
0 0.548152 0.353774 0.0316281 0.0318856 0.26477
0 0.573304 0.363733 0.0250845 0.0369249 0.251251
