0 0.826239 0.493641 0.344655 0.428627 0.882943
0 0.120195 0.377367 0.24039 0.754735 0.582091
0 0.5086 0.404124 0.0295488 0.0417389 0.358881
0 0.882044 0.384133 0.235407 0.352128 0.33945
0 0.539847 0.412344 0.0241905 0.0333047 0.315871
0 0.864243 0.339001 0.207544 0.187311 0.277987
0 0.493818 0.40277 0.0353326 0.0495721 0.27691
0 0.466799 0.400791 0.0448906 0.0629866 0.267846
0 0.655385 0.401964 0.0440835 0.0642008 0.264276
0 0.532461 0.406755 0.0377433 0.0511739 0.262527
0 0.605394 0.382849 0.0328894 0.0465181 0.26169
0 0.665064 0.405036 0.0380176 0.05899 0.259342
0 0.52568 0.367464 0.0213058 0.0280053 0.256215
0 0.484933 0.403473 0.0366412 0.0475159 0.254496
0 0.595472 0.429803 0.0495356 0.0503918 0.254271
0 0.504338 0.398123 0.0400813 0.0577933 0.250912
