0 0.108441 0.386328 0.0492722 0.0561973 0.594034
0 0.437528 0.367713 0.0326186 0.0418844 0.48429
0 0.815237 0.361928 0.114097 0.113086 0.440964
0 0.657765 0.375004 0.0283378 0.048627 0.404422
0 0.607154 0.385245 0.0812934 0.130062 0.357611
0 0.626691 0.379704 0.0433575 0.0598896 0.355833
0 0.5711 0.36766 0.0281423 0.0456351 0.344585
0 0.578531 0.366999 0.0411849 0.0505581 0.341194
0 0.644177 0.376482 0.0455922 0.0568302 0.318804
0 0.718194 0.355257 0.0460451 0.0818668 0.28676
0 0.61057 0.376587 0.0476853 0.0585161 0.261712
0 0.504715 0.360868 0.0466571 0.046562 0.250165
