0 0.88595 0.923107 0.227879 0.150498 0.489928
0 0.0691279 0.880767 0.138256 0.167003 0.418022
0 0.407813 0.846208 0.0340808 0.0419476 0.414678
0 0.53394 0.859332 0.0468534 0.0664059 0.362287
0 0.44058 0.833501 0.0267383 0.0369044 0.3454
0 0.593511 0.876688 0.0594113 0.074226 0.343031
0 0.362666 0.837459 0.0281185 0.0361999 0.33576
0 0.52185 0.854781 0.0556692 0.0774268 0.332252
0 0.329679 0.844927 0.0455893 0.0414798 0.325959
0 0.455319 0.834881 0.0379584 0.0427272 0.319905
0 0.610272 0.880544 0.0662965 0.0715474 0.309308
0 0.340585 0.846512 0.0249762 0.0345373 0.300801
0 0.561361 0.868419 0.0372623 0.0655557 0.298488
0 0.158562 0.870542 0.0919378 0.117133 0.297422
0 0.548275 0.860051 0.0457799 0.0709022 0.281602
0 0.58725 0.872458 0.0879236 0.106212 0.265507
0 0.393947 0.840914 0.0395681 0.0407227 0.262878
0 0.575425 0.874445 0.0451789 0.0708452 0.262186
0 0.464413 0.835881 0.027382 0.040635 0.252742
