0 0.408538 0.416555 0.379224 0.833111 0.860272
0 0.98371 0.517399 0.032581 0.043949 0.450367
0 0.632356 0.572071 0.0337182 0.0399412 0.422523
0 0.717147 0.565386 0.0612007 0.0520888 0.413315
0 0.730934 0.563882 0.0364312 0.0444516 0.405018
0 0.700531 0.566637 0.0399046 0.0505293 0.372454
0 0.664589 0.569211 0.0368306 0.0417596 0.369081
0 0.0974913 0.577929 0.0317317 0.0425737 0.333069
0 0.229772 0.600286 0.0304919 0.108526 0.32652
0 0.061851 0.596187 0.033707 0.0472882 0.295729
0 0.652423 0.549898 0.0625057 0.0769238 0.292532
0 0.77644 0.561309 0.0578207 0.0494122 0.289665
0 0.081919 0.573798 0.0623757 0.0586131 0.257667
