0 0.909212 0.677469 0.181102 0.423913 0.860084
0 0.751356 0.60574 0.220323 0.241165 0.76059
0 0.272314 0.487223 0.0316931 0.0384628 0.556604
0 0.627821 0.553982 0.118014 0.147715 0.501422
0 0.29782 0.47911 0.0268725 0.0366472 0.494555
0 0.240103 0.495313 0.0306848 0.0376236 0.471787
0 0.405872 0.484175 0.0237976 0.031429 0.433799
0 0.265449 0.489196 0.0254221 0.0364322 0.40042
0 0.431966 0.481619 0.0234765 0.0338001 0.397134
0 0.557468 0.548955 0.0541427 0.108036 0.38394
0 0.366479 0.482845 0.0266634 0.0313366 0.360561
0 0.461171 0.4968 0.0344312 0.04771 0.324029
0 0.322714 0.477496 0.0273016 0.0364785 0.318926
0 0.579427 0.552506 0.069904 0.125326 0.307925
0 0.333011 0.477423 0.0353608 0.0393573 0.295106
0 0.390328 0.483698 0.0197904 0.0301848 0.289516
0 0.346725 0.476324 0.021675 0.0367798 0.270151
