0 0.472487 0.737664 0.0457835 0.0605799 0.52156
0 0.513873 0.736099 0.0285197 0.0348039 0.484089
0 0.439323 0.728193 0.0224574 0.0320433 0.423965
0 0.55329 0.746625 0.0323561 0.0412915 0.399114
0 0.524691 0.735348 0.0226707 0.0337399 0.383461
0 0.46407 0.732518 0.029429 0.0431751 0.366956
0 0.415721 0.732398 0.0303548 0.0573581 0.356308
0 0.385271 0.725499 0.0511207 0.074607 0.352387
0 0.349563 0.730821 0.061449 0.0901132 0.341867
0 0.486442 0.721785 0.0189939 0.0280306 0.32999
0 0.142396 0.716569 0.0641468 0.0566722 0.315373
0 0.506067 0.727003 0.0217393 0.0381727 0.282472
0 0.514613 0.729404 0.0360799 0.0475466 0.278543
0 0.432499 0.738882 0.0366617 0.0534297 0.27716
0 0.99096 0.816114 0.0178259 0.218999 0.272522
0 0.123182 0.724315 0.0263498 0.0399392 0.267648
0 0.160045 0.713008 0.0375289 0.0454334 0.262948
0 0.508766 0.736499 0.0217072 0.029941 0.254876
0 0.529764 0.742183 0.0252539 0.0396125 0.253606
