0 0.292721 0.557373 0.0577926 0.0590593 0.597195
0 0.562134 0.565055 0.023568 0.0374827 0.451314
0 0.534808 0.567407 0.0293678 0.0428316 0.440447
0 0.442277 0.561034 0.0454418 0.0528139 0.440289
0 0.494694 0.559693 0.0229944 0.0373728 0.39742
0 0.589025 0.559804 0.0262259 0.0397417 0.385742
0 0.45356 0.56669 0.0269898 0.038501 0.38221
0 0.534216 0.555388 0.0315843 0.0467453 0.380998
0 0.42902 0.555338 0.0251379 0.0425766 0.36923
0 0.500309 0.55483 0.0303018 0.0450338 0.367777
0 0.52887 0.55765 0.023598 0.0386442 0.362151
0 0.34227 0.565917 0.0317938 0.0399643 0.343437
0 0.583716 0.561036 0.0371351 0.0473731 0.331439
0 0.483498 0.571133 0.0394561 0.0614738 0.321737
0 0.502504 0.566111 0.0360822 0.0534429 0.305354
0 0.486304 0.562893 0.0304441 0.0453654 0.301337
0 0.529234 0.548444 0.0251412 0.0399472 0.273277
0 0.303112 0.560902 0.0396215 0.0472588 0.256412
