0 0.596872 0.501107 0.189907 0.299846 0.849208
0 0.0872913 0.502929 0.174571 0.394975 0.715688
0 0.337992 0.552383 0.0504485 0.069606 0.539607
0 0.237384 0.580149 0.12554 0.143576 0.504521
0 0.347107 0.551139 0.033786 0.0630524 0.455844
0 0.390535 0.554748 0.0217583 0.028565 0.417449
0 0.405202 0.550384 0.0161758 0.0330187 0.400555
0 0.325446 0.558409 0.0335395 0.065192 0.39174
0 0.423058 0.551098 0.0176508 0.0249201 0.38279
0 0.270288 0.569853 0.0862641 0.120404 0.347443
0 0.369522 0.553294 0.0221444 0.0432648 0.341948
0 0.386763 0.546366 0.0291352 0.0448466 0.305907
0 0.439982 0.547967 0.0166623 0.0213508 0.288753
0 0.457961 0.54737 0.0165582 0.0228841 0.273267
0 0.486732 0.545445 0.0252223 0.0313187 0.265211
0 0.405468 0.55598 0.013601 0.023996 0.257683
