0 0.351182 0.628283 0.249478 0.312307 0.822569
0 0.864365 0.603994 0.271053 0.275879 0.815517
0 0.154199 0.577117 0.188825 0.207732 0.764038
0 0.559263 0.5425 0.122201 0.175103 0.752516
0 0.674583 0.549329 0.0802715 0.119055 0.451396
0 0.631596 0.541502 0.0284148 0.078969 0.307512
0 0.480186 0.532179 0.0397068 0.0710888 0.303858
0 0.473635 0.546152 0.0348621 0.0713036 0.294158
0 0.685587 0.532172 0.103801 0.155841 0.284646
0 0.738841 0.559209 0.0514025 0.0930293 0.270577
0 0.466731 0.532939 0.0434333 0.0747453 0.257968
