0 0.0944355 0.603838 0.188871 0.382736 0.776262
0 0.427907 0.513306 0.0263353 0.0352264 0.540518
0 0.468594 0.515276 0.0431073 0.0599901 0.535021
0 0.360806 0.50764 0.0328986 0.0626044 0.506136
0 0.345649 0.515509 0.033182 0.0718087 0.44831
0 0.399223 0.499414 0.0244992 0.0333801 0.416492
0 0.241329 0.543263 0.113844 0.151802 0.408038
0 0.314929 0.519212 0.0494555 0.107956 0.397682
0 0.300698 0.523063 0.0699954 0.119642 0.375496
0 0.785131 0.608689 0.274531 0.232543 0.359637
0 0.336056 0.51868 0.036751 0.079293 0.349999
0 0.658209 0.588848 0.145094 0.184117 0.342499
0 0.425863 0.506689 0.0318081 0.0468743 0.330386
0 0.381615 0.501907 0.0242658 0.0428001 0.3087
0 0.285253 0.536217 0.0647903 0.118671 0.296781
0 0.216484 0.541164 0.135987 0.177541 0.270772
0 0.269971 0.546918 0.063872 0.109723 0.267587
0 0.72864 0.59834 0.17077 0.211074 0.251839
