0 0.334838 0.639103 0.20742 0.242441 0.874569
0 0.45784 0.559408 0.0346507 0.0571867 0.460256
0 0.42851 0.564025 0.0385045 0.0560916 0.430486
0 0.497832 0.541393 0.0318963 0.0389888 0.421507
0 0.520556 0.539361 0.0275057 0.0312905 0.401598
0 0.441926 0.562602 0.0608748 0.0653678 0.385336
0 0.619168 0.531783 0.0398255 0.0384867 0.361995
0 0.680117 0.522385 0.0305306 0.0330058 0.307605
0 0.670939 0.523414 0.0476664 0.0422434 0.299772
0 0.513033 0.538992 0.0384264 0.0404399 0.289406
0 0.407666 0.55108 0.0215749 0.0355386 0.281091
0 0.468328 0.545352 0.0236701 0.0427339 0.279004
0 0.548046 0.536493 0.0306696 0.0375604 0.276642
0 0.978695 0.489285 0.0426103 0.0572913 0.272842
0 0.837749 0.502878 0.067697 0.0533073 0.270702
0 0.440007 0.554146 0.0745892 0.0945975 0.262319
0 0.820503 0.501296 0.0518915 0.0440725 0.258795
