0 0.539781 0.591176 0.122273 0.197892 0.806378
0 0.912757 0.735991 0.174002 0.463015 0.754503
0 0.197495 0.563358 0.052303 0.0489246 0.48682
0 0.212981 0.558065 0.0242842 0.0345013 0.436269
0 0.390597 0.546078 0.0446552 0.0528971 0.411126
0 0.606271 0.528601 0.0293421 0.0426958 0.345178
0 0.0889739 0.570741 0.0587614 0.0665398 0.337188
0 0.0427639 0.58958 0.0855277 0.112999 0.331012
0 0.601893 0.524655 0.0393854 0.0570906 0.293799
0 0.474844 0.561531 0.0469591 0.0830309 0.286861
0 0.466539 0.557634 0.028756 0.0445055 0.286606
0 0.102957 0.571612 0.0336042 0.0511922 0.285259
0 0.400006 0.543683 0.0596708 0.0657662 0.269909
0 0.0667048 0.583048 0.0916552 0.0952884 0.262258
