0 0.832815 0.664018 0.33437 0.669029 0.881269
0 0.393092 0.489043 0.0905012 0.173576 0.716187
0 0.222837 0.550002 0.0980285 0.129576 0.703141
0 0.0281124 0.599143 0.0562247 0.196632 0.543947
0 0.087038 0.555805 0.157881 0.14798 0.441781
0 0.124224 0.477534 0.05104 0.0457921 0.292225
0 0.282229 0.482301 0.0289572 0.0546829 0.291375
0 0.137607 0.540656 0.0758205 0.123935 0.291044
0 0.318576 0.476172 0.0568308 0.0730208 0.281419
0 0.342909 0.491683 0.0253726 0.0578832 0.266477
0 0.336642 0.492305 0.0275728 0.047698 0.250887
