0 0.562134 0.476462 0.0330375 0.0406355 0.620425
0 0.686282 0.523352 0.101146 0.132262 0.488165
0 0.618052 0.496849 0.0495326 0.0813173 0.379805
0 0.609073 0.488896 0.0441255 0.0825236 0.362874
0 0.522135 0.465421 0.0192058 0.0309084 0.348652
0 0.628507 0.501222 0.0493431 0.0860874 0.340549
0 0.497484 0.460972 0.0177139 0.0281242 0.319807
0 0.475806 0.449074 0.0255957 0.0383328 0.300446
0 0.700702 0.538715 0.0714992 0.0993517 0.296843
0 0.653345 0.513217 0.0471945 0.0990548 0.288453
0 0.639386 0.501046 0.0634441 0.10292 0.258802
