0 0.520742 0.61554 0.0709969 0.0914849 0.689834
0 0.389532 0.572578 0.0232366 0.0409403 0.491447
0 0.0786909 0.604218 0.0683819 0.0600445 0.43014
0 0.360369 0.592871 0.0386111 0.0570041 0.40803
0 0.451464 0.561322 0.0256433 0.0417747 0.400688
0 0.478567 0.584723 0.0254837 0.0513623 0.3747
0 0.373441 0.584024 0.0312355 0.0505473 0.356364
0 0.401315 0.562078 0.0227231 0.0357798 0.348429
0 0.36628 0.585397 0.0391562 0.0594808 0.340829
0 0.4871 0.588098 0.0319759 0.0565935 0.319402
0 0.351176 0.598075 0.0459183 0.064741 0.294347
0 0.495303 0.583346 0.0423597 0.0756888 0.281013
0 0.953502 0.660499 0.0928408 0.0901193 0.272388
0 0.339701 0.60336 0.0460104 0.0697271 0.262569
0 0.433343 0.555178 0.0187951 0.0312673 0.262101
0 0.47046 0.570535 0.0268676 0.0471064 0.258462
0 0.414686 0.550672 0.0226955 0.0402515 0.253746
0 0.889377 0.65436 0.143132 0.0997932 0.251676
