0 0.797824 0.454657 0.256408 0.337243 0.854609
0 0.574096 0.515313 0.201927 0.27902 0.853823
0 0.103786 0.523682 0.204445 0.198117 0.80167
0 0.470597 0.408083 0.0272383 0.0567998 0.4105
0 0.938739 0.455838 0.064275 0.131859 0.37091
0 0.445142 0.39199 0.0243591 0.0373625 0.363896
0 0.45216 0.392011 0.0225921 0.0362496 0.362947
0 0.424574 0.410851 0.0315231 0.0574602 0.35591
0 0.497619 0.428642 0.0524356 0.101977 0.300485
0 0.416389 0.410565 0.0417304 0.0652512 0.299551
0 0.439677 0.408674 0.041768 0.0631166 0.2926
0 0.472764 0.421959 0.0304201 0.0846781 0.276265
0 0.937301 0.371892 0.107718 0.28587 0.269739
0 0.973518 0.446534 0.0526476 0.0866757 0.264663
0 0.404524 0.413699 0.0489212 0.0804813 0.261324
0 0.500062 0.403544 0.0477553 0.070575 0.259372
