0 0.447824 0.452285 0.146942 0.200211 0.744607
0 0.231624 0.416587 0.0308143 0.0403863 0.497601
0 0.196184 0.416824 0.0343328 0.0461233 0.479696
0 0.180351 0.41712 0.0405733 0.0465476 0.433966
0 0.0861253 0.440988 0.0846056 0.105387 0.387256
0 0.0989361 0.444985 0.0586636 0.0896222 0.347114
0 0.155244 0.417753 0.0391702 0.0437354 0.340201
0 0.130182 0.424733 0.0296999 0.0495409 0.321428
0 0.290873 0.402355 0.035253 0.0387404 0.31871
0 0.370041 0.43634 0.0321848 0.0753703 0.297181
0 0.122119 0.426324 0.033285 0.0533298 0.268795
0 0.255169 0.400551 0.0241741 0.0385783 0.256893
