0 0.506985 0.402798 0.0220777 0.0317556 0.466463
0 0.955568 0.428198 0.0888637 0.0948808 0.412054
0 0.52889 0.401566 0.0160031 0.0250885 0.388514
0 0.472121 0.409482 0.0271784 0.0336266 0.369172
0 0.744934 0.422343 0.060076 0.0406101 0.365991
0 0.736908 0.37576 0.0832046 0.128198 0.346911
0 0.636768 0.419666 0.0302998 0.0391134 0.327859
0 0.548505 0.398172 0.0195138 0.0297753 0.321451
0 0.725781 0.417323 0.0363887 0.034368 0.313194
0 0.447781 0.410761 0.0224957 0.0326699 0.302876
0 0.847336 0.434082 0.0765972 0.0646705 0.302669
0 0.79526 0.434951 0.0506988 0.0408322 0.296984
0 0.9413 0.433717 0.0624083 0.0720622 0.294077
0 0.414388 0.406575 0.0309263 0.0365272 0.270189
0 0.376478 0.398577 0.0309774 0.0418889 0.260432
0 0.566121 0.405726 0.0204254 0.0257239 0.252231
