0 0.106126 0.433506 0.0347011 0.0367093 0.540671
0 0.323331 0.454142 0.0321437 0.0489707 0.494863
0 0.539778 0.470336 0.0301319 0.0474262 0.466256
0 0.16153 0.432986 0.026742 0.0344306 0.454766
0 0.250084 0.435447 0.0304781 0.0404343 0.447106
0 0.432075 0.452142 0.0893395 0.173232 0.443308
0 0.192376 0.434683 0.029862 0.0348331 0.439491
0 0.49579 0.469863 0.0427095 0.0690535 0.436193
0 0.136856 0.432972 0.0284653 0.0351335 0.432526
0 0.288703 0.449297 0.0382565 0.0470569 0.431518
0 0.380157 0.452734 0.0248347 0.0390569 0.41295
0 0.214627 0.439151 0.0331854 0.0397834 0.3957
0 0.0102604 0.433348 0.0205209 0.0313098 0.389745
0 0.0260525 0.434438 0.0389849 0.0374388 0.367426
0 0.274852 0.44417 0.0313014 0.0462855 0.346824
0 0.430014 0.485384 0.0840044 0.106806 0.339602
0 0.471164 0.475869 0.0290297 0.0575912 0.328707
0 0.497584 0.45475 0.0304776 0.043778 0.328103
0 0.295661 0.453802 0.0293847 0.0407686 0.32389
0 0.35769 0.453088 0.0355538 0.0422421 0.31773
0 0.034706 0.434766 0.0312589 0.0352395 0.301544
0 0.531595 0.466957 0.0458561 0.0643256 0.298753
0 0.279432 0.438727 0.0272068 0.0432327 0.276851
0 0.246829 0.444354 0.0395898 0.0556224 0.260957
