0 0.401688 0.490734 0.0980485 0.121214 0.795579
0 0.855017 0.444923 0.134701 0.124732 0.523526
0 0.934638 0.384216 0.050058 0.0461495 0.476308
0 0.983912 0.377364 0.032177 0.040489 0.424233
0 0.731791 0.42462 0.0374779 0.0501088 0.419132
0 0.873417 0.445078 0.0978346 0.0814702 0.384028
0 0.681046 0.420561 0.0524047 0.058227 0.344477
0 0.52538 0.429662 0.0314288 0.0461402 0.299977
0 0.637665 0.404817 0.0311752 0.0420602 0.291978
0 0.668776 0.419407 0.0298318 0.0456789 0.283968
0 0.533654 0.426148 0.0475177 0.054238 0.271594
0 0.770959 0.383346 0.0406359 0.0447435 0.265825
0 0.645792 0.407097 0.0380758 0.0520976 0.263295
0 0.705731 0.384241 0.031048 0.0385995 0.259422
0 0.810812 0.378424 0.0340792 0.0382324 0.257526
0 0.700252 0.401019 0.0373188 0.0510437 0.253729
0 0.778926 0.381655 0.0300074 0.0396425 0.253203
