0 0.253752 0.450845 0.213334 0.278231 0.884121
0 0.023043 0.409101 0.046086 0.282362 0.483264
0 0.398009 0.34347 0.0326735 0.0448196 0.473644
0 0.631164 0.321908 0.0459039 0.0431382 0.443813
0 0.366162 0.345134 0.0283011 0.0409198 0.430605
0 0.430887 0.310154 0.0433786 0.0914416 0.374805
0 0.489765 0.422276 0.0512456 0.0727481 0.36093
0 0.434933 0.351269 0.0274922 0.0463799 0.34789
0 0.464363 0.345404 0.0314611 0.0445765 0.344568
0 0.391162 0.345506 0.024925 0.0402961 0.338971
0 0.486817 0.358966 0.0692726 0.0783103 0.336736
0 0.343874 0.355191 0.0335841 0.0681368 0.307979
0 0.505849 0.359633 0.035009 0.0558523 0.28786
0 0.168214 0.354966 0.0332774 0.050404 0.274174
0 0.435109 0.397536 0.0315129 0.0584727 0.270093
0 0.195242 0.351312 0.0798049 0.0790026 0.255513
0 0.46197 0.356168 0.0373683 0.0608609 0.250914
0 0.421741 0.347666 0.0288576 0.0444672 0.250215
