0 0.908248 0.497959 0.183072 0.285661 0.82484
0 0.0572262 0.664931 0.114452 0.166289 0.677192
0 0.617601 0.483706 0.0382587 0.0435133 0.496808
0 0.536866 0.502228 0.0730584 0.113566 0.453773
0 0.802744 0.505468 0.0822109 0.152397 0.432094
0 0.655785 0.496574 0.0318749 0.0606601 0.392792
0 0.256783 0.589383 0.0626011 0.0666982 0.383084
0 0.73704 0.50352 0.0678033 0.0991016 0.373916
0 0.682354 0.50339 0.0612325 0.0785456 0.360264
0 0.174631 0.614585 0.0553813 0.0807368 0.333273
0 0.1562 0.620188 0.0844971 0.0971107 0.329247
0 0.583711 0.483327 0.0234647 0.0366691 0.310961
0 0.701416 0.504233 0.0586212 0.0818341 0.294036
0 0.717729 0.505918 0.0528963 0.0852037 0.274703
0 0.130305 0.628768 0.0772168 0.105048 0.272901
0 0.323504 0.561094 0.0705671 0.0763772 0.272304
0 0.210477 0.60494 0.0641053 0.0762299 0.26881
0 0.192472 0.610558 0.0567106 0.0743912 0.262048
0 0.650109 0.487992 0.0323818 0.0583164 0.260329
