0 0.774323 0.453213 0.240671 0.35008 0.796415
0 0.265285 0.542547 0.192071 0.166914 0.544358
0 0.437488 0.497251 0.034014 0.0430749 0.436358
0 0.623502 0.496906 0.0267433 0.0393234 0.424832
0 0.503961 0.50154 0.0403416 0.0404344 0.416617
0 0.575168 0.499319 0.0211275 0.0307912 0.40614
0 0.492472 0.501546 0.0338986 0.0397575 0.395965
0 0.59497 0.497671 0.0236391 0.0313736 0.380477
0 0.569012 0.49919 0.0298733 0.0344377 0.354099
0 0.473181 0.497958 0.0302137 0.0389815 0.338325
0 0.0153612 0.487367 0.030708 0.047887 0.309256
0 0.611607 0.487868 0.0512033 0.0579885 0.303801
0 0.545866 0.498627 0.0279034 0.0384366 0.287399
0 0.521356 0.500677 0.0275453 0.0379342 0.27381
0 0.035487 0.488691 0.0656418 0.0535453 0.261433
0 0.544109 0.507992 0.027145 0.0358275 0.25553
