0 0.308753 0.839705 0.0479941 0.0577138 0.613119
0 0.872826 0.910634 0.254349 0.178733 0.453556
0 0.370521 0.824849 0.0321898 0.0414144 0.430558
0 0.420436 0.823528 0.0214673 0.0314365 0.419223
0 0.0845225 0.853685 0.168948 0.282427 0.415039
0 0.189214 0.825924 0.0658991 0.0958062 0.413322
0 0.396026 0.833147 0.0303782 0.0447167 0.393319
0 0.269017 0.837647 0.0327065 0.0427636 0.365542
0 0.340652 0.831465 0.0284911 0.0535695 0.35096
0 0.238704 0.834106 0.0332962 0.0475384 0.334366
0 0.479163 0.84049 0.0351718 0.0342078 0.310562
0 0.359615 0.831766 0.0409153 0.0548882 0.308943
0 0.690199 0.929417 0.171506 0.140412 0.305153
0 0.275164 0.83004 0.040704 0.0584252 0.30185
0 0.426197 0.823984 0.029153 0.0395572 0.282043
0 0.231203 0.83285 0.0416919 0.0540524 0.271811
0 0.28072 0.814046 0.0410135 0.0555805 0.267335
0 0.533567 0.872007 0.0359942 0.0359231 0.259709
0 0.173222 0.824623 0.0656119 0.0910034 0.253177
0 0.0399768 0.830116 0.0799535 0.117872 0.252062
