0 0.535381 0.502089 0.0260462 0.0385383 0.471344
0 0.172808 0.499589 0.0985185 0.100012 0.443798
0 0.563649 0.508993 0.0398562 0.0463218 0.413591
0 0.554336 0.50662 0.0305137 0.0428757 0.404174
0 0.520483 0.497717 0.0259704 0.0339778 0.39397
0 0.600345 0.519353 0.0647174 0.0589305 0.376876
0 0.613535 0.524498 0.038241 0.0482451 0.360827
0 0.916196 0.503996 0.0900715 0.0758952 0.319425
0 0.574911 0.512684 0.0301728 0.0441006 0.318861
0 0.274492 0.505763 0.0347456 0.0531336 0.295032
0 0.4407 0.487456 0.0234165 0.0320504 0.2862
0 0.294164 0.49594 0.0298088 0.0452155 0.280773
0 0.308342 0.495256 0.032864 0.0431844 0.278596
0 0.336013 0.490799 0.027908 0.037402 0.274023
0 0.286063 0.495971 0.0343378 0.0483287 0.265229
0 0.416845 0.488923 0.0197544 0.0271925 0.258019
0 0.485197 0.48992 0.0197608 0.0326402 0.255077
