0 0.770499 0.572 0.45808 0.481094 0.851822
0 0.0638539 0.485413 0.127386 0.214746 0.681981
0 0.457745 0.484603 0.0306807 0.0488627 0.573993
0 0.434313 0.4767 0.031567 0.0487991 0.549558
0 0.129494 0.444493 0.139372 0.185527 0.547384
0 0.337357 0.466835 0.0543622 0.0592497 0.515861
0 0.214981 0.4695 0.0421828 0.0892032 0.441727
0 0.534686 0.50079 0.0882255 0.201424 0.415658
0 0.249829 0.470486 0.0389224 0.0533783 0.400282
0 0.481544 0.500667 0.0337535 0.0784693 0.343135
0 0.503542 0.476336 0.0772218 0.130725 0.320305
0 0.240764 0.469329 0.0451769 0.0621646 0.301998
0 0.521854 0.522846 0.0594768 0.144889 0.301575
0 0.221136 0.473843 0.0328793 0.0689204 0.291142
0 0.352551 0.464188 0.0822385 0.0690503 0.289816
0 0.276069 0.462998 0.0477309 0.0613007 0.264116
0 0.435425 0.469874 0.0404477 0.0654892 0.263116
0 0.28986 0.457257 0.0472604 0.0683572 0.252356
