0 0.383252 0.519994 0.0776097 0.117573 0.782266
0 0.662759 0.521933 0.108176 0.144673 0.472123
0 0.575831 0.531416 0.0661194 0.0916207 0.370062
0 0.423205 0.502404 0.0279775 0.0702408 0.363094
0 0.569643 0.537871 0.0518502 0.0680523 0.30546
0 0.538607 0.53935 0.0425776 0.0629489 0.300981
0 0.527115 0.542025 0.038142 0.0553118 0.298314
0 0.558148 0.538279 0.0647959 0.0817169 0.283324
0 0.414893 0.503863 0.0422837 0.080298 0.277903
0 0.508315 0.541472 0.0464128 0.0597037 0.272387
0 0.553924 0.538449 0.0412318 0.0600154 0.269912
0 0.518078 0.536343 0.0644698 0.078782 0.263623
0 0.595247 0.533734 0.045711 0.0818146 0.255326
0 0.676365 0.542401 0.0794232 0.097072 0.253605
