0 0.943349 0.645632 0.113301 0.147584 0.352957
0 0.547609 0.595024 0.0553199 0.0658875 0.305145
0 0.359625 0.599965 0.0302727 0.0359921 0.296168
0 0.432428 0.597524 0.0362785 0.0385096 0.29524
0 0.576715 0.60258 0.0564191 0.0647775 0.294464
0 0.539174 0.596724 0.042277 0.0544327 0.293335
0 0.884589 0.611487 0.145392 0.104596 0.288334
0 0.394754 0.594393 0.0306601 0.0386615 0.281398
0 0.377978 0.597373 0.0348453 0.0383796 0.276255
0 0.556824 0.601347 0.0442266 0.0579422 0.274517
0 0.58907 0.601709 0.044448 0.0629869 0.269802
0 0.744779 0.639153 0.125379 0.108427 0.268796
0 0.349638 0.599088 0.0417415 0.0410251 0.26602
0 0.619867 0.625066 0.0392838 0.0609148 0.265521
0 0.724333 0.619474 0.175681 0.148925 0.26224
0 0.521463 0.58731 0.064674 0.0713782 0.261381
0 0.482922 0.589024 0.0601921 0.062786 0.257851
0 0.117695 0.588471 0.146004 0.143233 0.254324
