0 0.0184125 0.519215 0.036825 0.0996297 0.446893
0 0.149201 0.48262 0.0459008 0.0663891 0.415111
0 0.987741 0.446417 0.0244751 0.0579203 0.393788
0 0.877394 0.452653 0.07918 0.0674118 0.351804
0 0.116001 0.440777 0.0273869 0.0368688 0.335844
0 0.0463303 0.447498 0.0342284 0.0539817 0.335727
0 0.954535 0.452426 0.0393272 0.0572376 0.329861
0 0.941527 0.449324 0.0606897 0.0662057 0.317813
0 0.0386895 0.449815 0.0420291 0.0621799 0.316223
0 0.706513 0.466031 0.100474 0.074117 0.311474
0 0.850107 0.454726 0.0356472 0.0421624 0.309882
0 0.92626 0.455937 0.0393255 0.055748 0.302448
0 0.902887 0.457603 0.0814224 0.0698278 0.277437
0 0.6548 0.43313 0.0315207 0.0493179 0.27726
0 0.859001 0.452533 0.0448336 0.05042 0.264243
0 0.0163151 0.443317 0.03237 0.0746886 0.261887
0 0.0849074 0.445022 0.0390406 0.0413505 0.260506
0 0.771476 0.463212 0.0360453 0.0521654 0.260045
0 0.123898 0.440056 0.0253542 0.0387494 0.25813
