0 0.808264 0.654023 0.383096 0.490991 0.861593
0 0.598625 0.616615 0.154123 0.202168 0.829569
0 0.250858 0.592077 0.0287408 0.0445223 0.520531
0 0.275403 0.590538 0.0250947 0.0362703 0.500086
0 0.406387 0.586619 0.0314977 0.0414451 0.497785
0 0.042538 0.642153 0.085076 0.162155 0.483996
0 0.371597 0.585272 0.0374241 0.0410382 0.466955
0 0.302128 0.590431 0.0293974 0.0396929 0.461031
0 0.432413 0.587391 0.031829 0.0510061 0.456863
0 0.217145 0.598591 0.0366256 0.0575487 0.442115
0 0.514323 0.594731 0.0877977 0.150286 0.435137
0 0.229898 0.598525 0.0316677 0.0517846 0.398361
0 0.456895 0.591731 0.0406367 0.0788428 0.380927
0 0.199892 0.600365 0.0376882 0.0640355 0.377008
0 0.169567 0.602643 0.0633379 0.0761364 0.349351
0 0.113749 0.610071 0.0776122 0.109219 0.345635
0 0.466546 0.587093 0.0516322 0.109657 0.312226
0 0.447317 0.587756 0.0333466 0.0669127 0.307581
0 0.498248 0.595535 0.0657065 0.134042 0.306322
0 0.481249 0.594258 0.0499209 0.114156 0.294413
0 0.439401 0.582727 0.034018 0.0646115 0.280997
0 0.186538 0.600695 0.0446823 0.0669011 0.277679
0 0.158387 0.607584 0.050268 0.0732485 0.276818
0 0.413036 0.589332 0.0298338 0.0441469 0.274907
