0 0.202774 0.593975 0.131418 0.17217 0.825751
0 0.0761744 0.624409 0.151784 0.250936 0.803836
0 0.443563 0.555796 0.0480012 0.0642212 0.476426
0 0.319115 0.57378 0.0481174 0.0765135 0.435442
0 0.389795 0.555053 0.0432962 0.0659171 0.409473
0 0.362781 0.562774 0.059146 0.0739368 0.396377
0 0.381565 0.560134 0.040406 0.063608 0.349771
0 0.476681 0.540324 0.0192595 0.0293996 0.330739
0 0.399614 0.556744 0.0311358 0.0559328 0.322334
0 0.495961 0.533501 0.027219 0.0379927 0.316348
0 0.347019 0.561815 0.0494033 0.0720974 0.313299
0 0.536988 0.524814 0.0282607 0.0478121 0.29034
0 0.501649 0.529122 0.0246327 0.0412223 0.288116
0 0.488634 0.526903 0.0371668 0.0503825 0.275119
0 0.414524 0.54869 0.0334518 0.065624 0.274169
0 0.464938 0.533869 0.0361996 0.0497537 0.270232
0 0.374432 0.556711 0.0655501 0.0839323 0.255975
0 0.333218 0.569725 0.0574248 0.0763024 0.253626
