0 0.962134 0.73173 0.0757327 0.196675 0.818234
0 0.875663 0.681719 0.161857 0.155986 0.744643
0 0.612283 0.616674 0.0278722 0.0319121 0.553888
0 0.584504 0.611396 0.0212825 0.034157 0.533725
0 0.531095 0.614123 0.0256974 0.0409417 0.5279
0 0.760843 0.623814 0.0912698 0.103602 0.498555
0 0.663312 0.630199 0.0402468 0.0602827 0.488656
0 0.640883 0.613922 0.0197118 0.0295151 0.418156
0 0.568816 0.613523 0.0165551 0.0323261 0.396229
0 0.70143 0.627118 0.0306474 0.0615384 0.30886
0 0.580196 0.614434 0.0244104 0.0392719 0.29883
0 0.557581 0.612741 0.0302685 0.0401523 0.290898
0 0.713254 0.633032 0.043061 0.0752258 0.284253
0 0.676722 0.63461 0.0563073 0.070099 0.27561
0 0.653762 0.617343 0.0306265 0.0400996 0.25381
