0 0.121164 0.753044 0.242329 0.330755 0.821467
0 0.355396 0.69848 0.187488 0.13968 0.699604
0 0.208685 0.704449 0.133468 0.167248 0.368733
0 0.468397 0.680606 0.0608313 0.0859672 0.342477
0 0.423223 0.682039 0.0915737 0.105509 0.340181
0 0.482414 0.681425 0.0380575 0.0736803 0.324607
0 0.442087 0.683843 0.0603268 0.0899519 0.313778
0 0.560296 0.664245 0.0331194 0.0398354 0.293549
0 0.517265 0.674348 0.04152 0.0606735 0.284758
0 0.503608 0.67878 0.0606788 0.07513 0.266236
0 0.549778 0.665521 0.0467776 0.0526847 0.255618
