0 0.913607 0.594667 0.172455 0.279699 0.852333
0 0.741394 0.530243 0.142427 0.152077 0.681464
0 0.537446 0.544598 0.0392917 0.0416448 0.612039
0 0.319571 0.53719 0.0281767 0.0419486 0.465475
0 0.597623 0.530768 0.0308285 0.0555674 0.462857
0 0.293347 0.538076 0.0353773 0.0467363 0.450847
0 0.622657 0.537573 0.0332947 0.054297 0.426705
0 0.156148 0.53609 0.0930287 0.100199 0.426557
0 0.254836 0.533107 0.0576608 0.0649038 0.410865
0 0.459235 0.54377 0.0410233 0.0358359 0.388737
0 0.356068 0.542811 0.0318118 0.0407684 0.376711
0 0.573349 0.534667 0.025497 0.0406596 0.371509
0 0.329418 0.536426 0.0357905 0.0446521 0.366545
0 0.655316 0.536383 0.0444007 0.080178 0.363375
0 0.336793 0.537754 0.0330473 0.040534 0.36134
0 0.632917 0.532956 0.0476144 0.0696537 0.349946
0 0.347054 0.540981 0.04438 0.044094 0.346612
0 0.265116 0.535238 0.0436421 0.0546709 0.324369
0 0.0367764 0.553782 0.0735528 0.174454 0.310644
0 0.278549 0.531803 0.057853 0.0637707 0.293557
0 0.241519 0.538425 0.0413577 0.0540483 0.277337
0 0.365961 0.540645 0.0340137 0.0407491 0.27312
0 0.665695 0.53096 0.0641461 0.104982 0.262358
0 0.228532 0.532541 0.0661554 0.0778644 0.257727
