0 0.896362 0.374241 0.206819 0.585705 0.680293
0 0.516643 0.495507 0.0306981 0.0414427 0.580774
0 0.398686 0.481464 0.0261392 0.0350462 0.412774
0 0.494163 0.488243 0.0253823 0.033621 0.384688
0 0.457761 0.480145 0.0379514 0.0460364 0.377571
0 0.354301 0.479609 0.0370023 0.0448739 0.366981
0 0.388527 0.480264 0.0458862 0.0429454 0.365468
0 0.373321 0.480446 0.0341118 0.0378042 0.348514
0 0.472481 0.484689 0.0266804 0.0357457 0.339223
0 0.364704 0.479382 0.0429171 0.0439156 0.312647
0 0.0108309 0.500079 0.0216618 0.0635495 0.298168
0 0.517366 0.487948 0.0374715 0.0560952 0.283525
0 0.699444 0.447566 0.175196 0.109593 0.273152
0 0.448638 0.478358 0.0349747 0.0475716 0.268905
0 0.0162005 0.492519 0.032401 0.0752148 0.261743
0 0.0274269 0.492524 0.0548538 0.073859 0.256212
