0 0.260126 0.488534 0.126122 0.18571 0.794121
0 0.691364 0.527321 0.16515 0.180045 0.720185
0 0.390345 0.454101 0.0343302 0.0648012 0.478658
0 0.332939 0.485181 0.0539925 0.121533 0.456019
0 0.362358 0.470051 0.0393407 0.0847583 0.416238
0 0.415697 0.45388 0.027408 0.0493881 0.40117
0 0.439217 0.456575 0.0257419 0.0414402 0.378023
0 0.353533 0.466914 0.0540514 0.0995811 0.347146
0 0.462453 0.451615 0.0239068 0.0330039 0.31213
0 0.341887 0.480622 0.0428409 0.102594 0.290551
0 0.382614 0.45262 0.0410047 0.077162 0.279911
0 0.495747 0.46997 0.0355367 0.0493228 0.272284
