0 0.431846 0.552189 0.0716309 0.171725 0.698541
0 0.360925 0.581018 0.0327092 0.0394545 0.51335
0 0.329282 0.580663 0.0238369 0.0375746 0.49094
0 0.10202 0.595655 0.0300078 0.0420932 0.47155
0 0.141292 0.592891 0.0353423 0.0407664 0.43065
0 0.0714383 0.59547 0.0275516 0.0419062 0.426009
0 0.386541 0.579893 0.0202477 0.0341804 0.376364
0 0.00835582 0.605873 0.0167116 0.042442 0.363483
0 0.304196 0.579895 0.0197604 0.037655 0.360019
0 0.0313595 0.600447 0.0620593 0.052956 0.327847
0 0.110312 0.594975 0.0254433 0.0426656 0.309249
0 0.378979 0.582137 0.0309705 0.0385796 0.271376
