0 0.140684 0.506366 0.281368 0.197697 0.901169
0 0.510419 0.53937 0.139289 0.201747 0.746224
0 0.382408 0.505295 0.0761446 0.096475 0.462844
0 0.572198 0.497635 0.0320271 0.0599643 0.401866
0 0.605947 0.505593 0.0317926 0.0447291 0.361869
0 0.587633 0.502073 0.0576571 0.0736769 0.348327
0 0.436191 0.488146 0.0363125 0.0620478 0.304766
0 0.304236 0.497207 0.0470922 0.0591671 0.302417
0 0.342252 0.488552 0.0302237 0.0548511 0.280592
0 0.445793 0.495225 0.0295906 0.0645842 0.273645
0 0.427917 0.487556 0.0372479 0.056014 0.268238
0 0.595392 0.509201 0.040698 0.064611 0.254899
0 0.45398 0.498144 0.0427344 0.0782427 0.252734
0 0.429159 0.498405 0.045232 0.0787457 0.25211
