0 0.344463 0.585529 0.0283601 0.0397222 0.45523
0 0.463076 0.592725 0.0313169 0.039985 0.407371
0 0.414714 0.590388 0.0484914 0.0499517 0.403004
0 0.375456 0.589997 0.0269534 0.0390696 0.399019
0 0.38733 0.590221 0.0495299 0.0524021 0.386715
0 0.429031 0.590288 0.026605 0.0422022 0.354294
0 0.251984 0.58912 0.0722678 0.0921833 0.339164
0 0.449638 0.582774 0.056212 0.0625527 0.309738
0 0.297904 0.588575 0.0308633 0.0362818 0.305633
0 0.317994 0.58253 0.0240978 0.0398997 0.279037
0 0.435387 0.585386 0.0346299 0.0519436 0.253482
