0 0.437487 0.444238 0.0301496 0.0444962 0.576709
0 0.292994 0.440764 0.0344363 0.0401408 0.494221
0 0.254351 0.433038 0.03928 0.0476546 0.474622
0 0.03116 0.467689 0.0623201 0.305092 0.472524
0 0.409708 0.445497 0.0247835 0.0402047 0.467284
0 0.375171 0.446447 0.0267202 0.0410968 0.419221
0 0.210495 0.437165 0.0393391 0.0489039 0.41587
0 0.28058 0.440977 0.0237303 0.0381353 0.411123
0 0.401528 0.442821 0.0309354 0.0460414 0.397804
0 0.301048 0.440612 0.0238687 0.0374941 0.352244
0 0.242689 0.431614 0.0341678 0.0437881 0.312303
0 0.23548 0.43439 0.0333848 0.0446235 0.303678
0 0.46799 0.450053 0.0196488 0.0309587 0.298195
0 0.193463 0.439619 0.0268168 0.0505381 0.295397
0 0.180538 0.437638 0.0339077 0.0640081 0.257288
