0 0.322107 0.321001 0.047557 0.0430852 0.49196
0 0.275936 0.321654 0.0413466 0.0382698 0.479243
0 0.382691 0.32793 0.0327814 0.0404705 0.427606
0 0.421211 0.321303 0.0437296 0.0472444 0.395166
0 0.197401 0.316899 0.0514684 0.0520451 0.390308
0 0.429628 0.323588 0.0279895 0.0369585 0.344309
0 0.23627 0.323392 0.0368402 0.0380649 0.33546
0 0.981915 0.423979 0.0361693 0.0419932 0.32708
0 0.226358 0.320627 0.0427056 0.0450205 0.286333
0 0.408326 0.321005 0.0682451 0.0598156 0.282264
0 0.148588 0.315312 0.0493038 0.0480657 0.280941
0 0.108055 0.314533 0.0577884 0.0578481 0.273975
0 0.256105 0.31764 0.0695149 0.0512385 0.27289
0 0.0954341 0.32219 0.0481875 0.0481993 0.251948
