0 0.829385 0.443142 0.341046 0.357748 0.834121
0 0.225449 0.361489 0.159232 0.179341 0.492413
0 0.4275 0.316182 0.0333489 0.0482274 0.424211
0 0.46379 0.30977 0.0226015 0.0402017 0.401547
0 0.335275 0.339145 0.0818178 0.111718 0.400172
0 0.43994 0.313442 0.0314317 0.0472705 0.374119
0 0.404075 0.31585 0.0444019 0.0589067 0.334148
0 0.355065 0.337938 0.119312 0.126557 0.317427
0 0.517736 0.340684 0.0490917 0.0534483 0.304648
0 0.485639 0.318145 0.0250056 0.0371361 0.301211
0 0.377083 0.341683 0.0822224 0.116178 0.292423
0 0.0142169 0.373007 0.0283833 0.126956 0.277849
0 0.3614 0.366984 0.0507165 0.0598094 0.27341
0 0.397914 0.341501 0.0444051 0.0977188 0.256265
0 0.51136 0.334001 0.0658728 0.0736237 0.250682
