0 0.463575 0.413547 0.0579869 0.0425925 0.380863
0 0.787244 0.44729 0.0408875 0.0429923 0.36346
0 0.368988 0.382976 0.0799879 0.05509 0.362258
0 0.834117 0.448846 0.0484022 0.0441026 0.344296
0 0.538779 0.423618 0.036448 0.0365177 0.344289
0 0.822257 0.447762 0.0274595 0.0356188 0.320883
0 0.770553 0.447825 0.0266361 0.0396907 0.320603
0 0.944923 0.472894 0.0701244 0.0675012 0.313485
0 0.257934 0.378157 0.0239368 0.0345745 0.313452
0 0.75592 0.447013 0.0471539 0.0446837 0.308595
0 0.176303 0.379345 0.0487088 0.0545256 0.305297
0 0.48117 0.413499 0.0312007 0.036893 0.3028
0 0.744629 0.44687 0.0264146 0.0399843 0.302297
0 0.12154 0.366648 0.022762 0.0365022 0.301303
0 0.799626 0.447347 0.030136 0.0412208 0.300502
0 0.511817 0.420719 0.0334257 0.0357966 0.298088
0 0.899296 0.48109 0.057955 0.0555873 0.293281
0 0.924514 0.466083 0.112743 0.0966336 0.280734
0 0.848351 0.450018 0.0312738 0.03927 0.276702
0 0.452555 0.415169 0.0392737 0.0398899 0.267135
0 0.888911 0.480788 0.0486238 0.0483019 0.261736
0 0.807436 0.448634 0.043548 0.0456034 0.258931
0 0.0317487 0.369064 0.0374275 0.0390698 0.258546
0 0.237978 0.373397 0.0585941 0.057765 0.256643
0 0.267231 0.377204 0.040617 0.0414698 0.253044
