0 0.0976945 0.533881 0.195389 0.148938 0.803967
0 0.859663 0.504752 0.126469 0.115442 0.495478
0 0.494562 0.486452 0.0596676 0.087097 0.427309
0 0.65676 0.484673 0.0270084 0.0341405 0.412549
0 0.5701 0.490853 0.0539071 0.0622715 0.345852
0 0.613232 0.479928 0.0315017 0.0408651 0.344133
0 0.74215 0.485378 0.0507413 0.0536774 0.332312
0 0.661895 0.471649 0.0264573 0.037353 0.295699
0 0.56874 0.469814 0.0595555 0.109985 0.289896
0 0.650484 0.482514 0.037721 0.0390264 0.286782
0 0.704157 0.475072 0.0405972 0.04954 0.251208
