0 0.591363 0.567334 0.112729 0.164403 0.79714
0 0.909164 0.556792 0.18155 0.272457 0.686588
0 0.732756 0.524423 0.0890533 0.118909 0.515532
0 0.480081 0.519566 0.023508 0.0329458 0.479492
0 0.451656 0.523537 0.0270841 0.034407 0.466302
0 0.66981 0.519454 0.0387642 0.0555037 0.423605
0 0.503746 0.517385 0.0206391 0.0396378 0.412749
0 0.237292 0.571021 0.0487797 0.0487661 0.411412
0 0.521191 0.515158 0.0384121 0.0641763 0.40317
0 0.385783 0.530067 0.0309977 0.0416097 0.402318
0 0.43009 0.525005 0.0270478 0.04107 0.394416
0 0.421699 0.525028 0.0408479 0.0475255 0.388834
0 0.274552 0.562505 0.0331104 0.0348133 0.3841
0 0.408177 0.523533 0.0596031 0.0560304 0.375184
0 0.412511 0.51883 0.0320567 0.0478326 0.371478
0 0.797237 0.532154 0.0919585 0.141578 0.36537
0 0.548768 0.512244 0.0259418 0.0375612 0.354007
0 0.394114 0.524275 0.045143 0.0498891 0.342051
0 0.226843 0.572575 0.0432723 0.0508085 0.341946
0 0.648044 0.510916 0.0298067 0.0518212 0.307868
0 0.655554 0.516714 0.039395 0.058951 0.301949
0 0.704421 0.518722 0.0396349 0.095695 0.299202
0 0.67722 0.513474 0.0453874 0.0730942 0.276606
0 0.740692 0.52584 0.0565716 0.109657 0.267218
0 0.378453 0.53349 0.041359 0.0481154 0.265586
0 0.827578 0.543651 0.124459 0.161157 0.26165
0 0.662245 0.52828 0.0587332 0.0855864 0.257334
0 0.688378 0.52292 0.0630544 0.110351 0.251884
