0 0.485373 0.692008 0.199657 0.26878 0.912784
0 0.727347 0.638246 0.0817813 0.0589962 0.634365
0 0.647907 0.641384 0.0648829 0.0614553 0.557562
0 0.305594 0.624964 0.168858 0.10996 0.546867
0 0.828038 0.654062 0.129829 0.101776 0.447726
0 0.797234 0.651277 0.0679586 0.0983983 0.422461
0 0.58263 0.639675 0.0354895 0.0531025 0.378641
0 0.633574 0.633782 0.0824478 0.0699161 0.358208
0 0.606597 0.638116 0.0373282 0.0542416 0.337292
0 0.592714 0.62923 0.0547845 0.0737664 0.317011
0 0.874212 0.65917 0.051178 0.0856861 0.297173
0 0.691331 0.644221 0.0301574 0.0444612 0.293772
0 0.896016 0.662214 0.025428 0.0609012 0.267737
0 0.124237 0.736451 0.246781 0.506642 0.262146
0 0.892636 0.599961 0.0294834 0.0676648 0.255357
0 0.123927 0.516853 0.247149 0.966294 0.250048
