0 0.338402 0.453946 0.0301603 0.0343004 0.41175
0 0.292547 0.47653 0.0651286 0.0760262 0.386595
0 0.350463 0.467798 0.0561845 0.0697498 0.355633
0 0.40745 0.449147 0.0270143 0.036761 0.355379
0 0.38434 0.451535 0.0281927 0.0423645 0.334413
0 0.344808 0.45667 0.043375 0.0471336 0.333882
0 0.174498 0.448654 0.0527791 0.0463352 0.281634
0 0.333485 0.47163 0.0549425 0.0707002 0.279684
0 0.44424 0.448975 0.0494889 0.0741759 0.26421
0 0.157977 0.45009 0.0351084 0.0473913 0.26236
0 0.375193 0.45191 0.0295722 0.0447939 0.259552
0 0.313615 0.454396 0.0279027 0.0336405 0.256288
0 0.256433 0.454551 0.038199 0.048871 0.253258
