0 0.54714 0.409991 0.0377015 0.0419113 0.398529
0 0.371597 0.3685 0.0261818 0.0409729 0.382485
0 0.378236 0.370282 0.0327928 0.0443997 0.372534
0 0.410859 0.38487 0.0394982 0.0415087 0.366848
0 0.311339 0.376015 0.0367353 0.0407798 0.361965
0 0.491229 0.384483 0.0256835 0.036017 0.356417
0 0.285551 0.375847 0.0433547 0.0438995 0.354729
0 0.348503 0.373922 0.0259658 0.0336382 0.354458
0 0.529499 0.398961 0.0259978 0.0353806 0.349293
0 0.413541 0.375479 0.0386607 0.0474553 0.328591
0 0.49684 0.384165 0.0342764 0.0433916 0.327542
0 0.391345 0.373395 0.0239473 0.0412998 0.323721
0 0.535714 0.40238 0.0361844 0.0426093 0.317414
0 0.510219 0.385387 0.032013 0.0434808 0.305358
0 0.36372 0.368133 0.0319422 0.042376 0.305129
0 0.342526 0.372249 0.0355084 0.0411419 0.29605
0 0.355259 0.37224 0.0378497 0.0454995 0.284408
0 0.42098 0.362841 0.0261374 0.0343092 0.276417
0 0.305044 0.372727 0.0481701 0.0518714 0.27262
0 0.52135 0.391996 0.0302284 0.0400097 0.270767
0 0.464172 0.376828 0.023149 0.038029 0.264429
