0 0.380134 0.533741 0.0567874 0.0986368 0.495832
0 0.486078 0.522697 0.0383442 0.0534116 0.490057
0 0.291996 0.552254 0.104148 0.119502 0.485093
0 0.519022 0.524626 0.0233691 0.0340794 0.480223
0 0.549885 0.532771 0.0291965 0.0421089 0.471982
0 0.411572 0.525367 0.0313809 0.0747375 0.467673
0 0.524438 0.52637 0.0215033 0.0330647 0.443816
0 0.563663 0.535768 0.0444776 0.0486732 0.386286
0 0.438494 0.519422 0.0292797 0.0606388 0.381761
0 0.513862 0.523886 0.0200105 0.0337089 0.335922
0 0.385582 0.541635 0.0442894 0.0756065 0.277434
0 0.351557 0.542621 0.0387707 0.0847308 0.275924
0 0.445863 0.520969 0.0346045 0.0563583 0.269021
